9098879	2016-02-02T00:30:00Z	2cellos	Durham Performing Arts Center	North Carolina Raleigh-Durham|685	27701
snapshot_11_16_2015_0_0.json	1447650000.0	61	555	81
snapshot_11_17_2015_12_0.json	1447779600.0	61	555	81
snapshot_11_17_2015_6_0.json	1447758000.0	61	555	81
snapshot_11_18_2015_0_0.json	1447822800.0	61	555	79
snapshot_11_18_2015_18_0.json	1447887600.0	61	555	75
snapshot_11_18_2015_6_0.json	1447844400.0	61	555	81
snapshot_11_19_2015_0_0.json	1447909200.0	61	555	75
snapshot_11_19_2015_18_0.json	1447974000.0	61	555	75
snapshot_11_19_2015_6_0.json	1447930800.0	61	555	75
snapshot_11_20_2015_12_0.json	1448038800.0	61	555	75
snapshot_11_21_2015_12_0.json	1448125200.0	61	555	67
snapshot_11_22_2015_18_0.json	1448233200.0	61	485	67
snapshot_11_22_2015_6_0.json	1448190000.0	61	485	69
snapshot_11_23_2015_0_0.json	1448254800.0	61	485	67
snapshot_11_23_2015_12_0.json	1448298000.0	61	485	67
snapshot_11_23_2015_18_0.json	1448319600.0	61	485	65
snapshot_11_23_2015_6_0.json	1448276400.0	61	485	67
snapshot_11_24_2015_0_0.json	1448341200.0	61	485	65
snapshot_11_24_2015_0_0.json	1448341200.0	61	485	65
snapshot_11_24_2015_12_0.json	1448384400.0	61	485	65
snapshot_11_24_2015_18_0.json	1448406000.0	61	485	65
snapshot_11_24_2015_6_0.json	1448362800.0	61	485	65
snapshot_11_25_2015_12_0.json	1448470800.0	61	485	65
snapshot_11_25_2015_18_0.json	1448492400.0	61	485	75
snapshot_11_26_2015_0_0.json	1448514000.0	61	485	75
snapshot_11_27_2015_18_0.json	1448665200.0	61	485	71
snapshot_11_28_2015_0_0.json	1448686800.0	61	485	71
snapshot_11_28_2015_12_0.json	1448730000.0	61	485	69
snapshot_11_28_2015_18_0.json	1448751600.0	61	485	69
snapshot_11_28_2015_6_0.json	1448708400.0	61	485	69
snapshot_11_28_2015_6_0.json	1448708400.0	61	485	69
snapshot_11_29_2015_0_0.json	1448773200.0	61	485	69
snapshot_11_29_2015_12_0.json	1448816400.0	61	485	69
snapshot_11_29_2015_18_0.json	1448838000.0	61	485	69
snapshot_11_29_2015_6_0.json	1448794800.0	61	485	69
snapshot_11_30_2015_0_0.json	1448859600.0	61	485	69
snapshot_11_30_2015_12_0.json	1448902800.0	61	485	67
snapshot_11_30_2015_18_0.json	1448924400.0	61	485	65
snapshot_12_1_2015_0_0.json	1448946000.0	55.09	485	65
snapshot_12_1_2015_0_0.json	1448946000.0	55.09	485	65
snapshot_12_1_2015_12_0.json	1448989200.0	55.09	485	75
snapshot_12_1_2015_18_0.json	1449010800.0	55.09	485	75
snapshot_12_1_2015_18_0.json	1449010800.0	55.09	485	75
snapshot_12_1_2015_6_0.json	1448967600.0	55.09	485	75
snapshot_12_2_2015_12_0.json	1449075600.0	55.09	485	71
snapshot_12_2_2015_18_0.json	1449097200.0	55.09	485	71
snapshot_12_2_2015_6_0.json	1449054000.0	55.09	485	71
snapshot_12_3_2015_18_0.json	1449183600.0	55.09	485	70
snapshot_12_4_2015_0_0.json	1449205200.0	55.09	485	68
snapshot_12_4_2015_12_0.json	1449248400.0	55.09	485	68
snapshot_12_4_2015_18_0.json	1449270000.0	55.09	485	66
snapshot_12_4_2015_6_0.json	1449226800.0	55.09	485	68
snapshot_12_5_2015_12_0.json	1449334800.0	55.09	485	65
snapshot_12_5_2015_12_0.json	1449334800.0	55.09	485	65
snapshot_12_5_2015_18_0.json	1449356400.0	63.34	485	64
snapshot_12_5_2015_6_0.json	1449313200.0	55.09	485	65
9098879	2016-02-02T00:30:00Z	2cellos	Durham Performing Arts Center	North Carolina Raleigh-Durham|685	27701
snapshot_11_16_2015_0_0.json	1447650000.0	61	555	81
snapshot_11_17_2015_12_0.json	1447779600.0	61	555	81
snapshot_11_17_2015_6_0.json	1447758000.0	61	555	81
snapshot_11_18_2015_0_0.json	1447822800.0	61	555	79
snapshot_11_18_2015_18_0.json	1447887600.0	61	555	75
snapshot_11_18_2015_6_0.json	1447844400.0	61	555	81
snapshot_11_19_2015_0_0.json	1447909200.0	61	555	75
snapshot_11_19_2015_18_0.json	1447974000.0	61	555	75
snapshot_11_19_2015_6_0.json	1447930800.0	61	555	75
snapshot_11_20_2015_12_0.json	1448038800.0	61	555	75
snapshot_11_21_2015_12_0.json	1448125200.0	61	555	67
snapshot_11_22_2015_18_0.json	1448233200.0	61	485	67
snapshot_11_22_2015_6_0.json	1448190000.0	61	485	69
snapshot_11_23_2015_0_0.json	1448254800.0	61	485	67
snapshot_11_23_2015_12_0.json	1448298000.0	61	485	67
snapshot_11_23_2015_18_0.json	1448319600.0	61	485	65
snapshot_11_23_2015_6_0.json	1448276400.0	61	485	67
snapshot_11_24_2015_0_0.json	1448341200.0	61	485	65
snapshot_11_24_2015_0_0.json	1448341200.0	61	485	65
snapshot_11_24_2015_12_0.json	1448384400.0	61	485	65
snapshot_11_24_2015_18_0.json	1448406000.0	61	485	65
snapshot_11_24_2015_6_0.json	1448362800.0	61	485	65
snapshot_11_25_2015_12_0.json	1448470800.0	61	485	65
snapshot_11_25_2015_18_0.json	1448492400.0	61	485	75
snapshot_11_26_2015_0_0.json	1448514000.0	61	485	75
snapshot_11_27_2015_18_0.json	1448665200.0	61	485	71
snapshot_11_28_2015_0_0.json	1448686800.0	61	485	71
snapshot_11_28_2015_12_0.json	1448730000.0	61	485	69
snapshot_11_28_2015_18_0.json	1448751600.0	61	485	69
snapshot_11_28_2015_6_0.json	1448708400.0	61	485	69
snapshot_11_28_2015_6_0.json	1448708400.0	61	485	69
snapshot_11_29_2015_0_0.json	1448773200.0	61	485	69
snapshot_11_29_2015_12_0.json	1448816400.0	61	485	69
snapshot_11_29_2015_18_0.json	1448838000.0	61	485	69
snapshot_11_29_2015_6_0.json	1448794800.0	61	485	69
snapshot_11_30_2015_0_0.json	1448859600.0	61	485	69
snapshot_11_30_2015_12_0.json	1448902800.0	61	485	67
snapshot_11_30_2015_18_0.json	1448924400.0	61	485	65
snapshot_12_1_2015_0_0.json	1448946000.0	55.09	485	65
snapshot_12_1_2015_0_0.json	1448946000.0	55.09	485	65
snapshot_12_1_2015_12_0.json	1448989200.0	55.09	485	75
snapshot_12_1_2015_18_0.json	1449010800.0	55.09	485	75
snapshot_12_1_2015_18_0.json	1449010800.0	55.09	485	75
snapshot_12_1_2015_6_0.json	1448967600.0	55.09	485	75
snapshot_12_2_2015_12_0.json	1449075600.0	55.09	485	71
snapshot_12_2_2015_18_0.json	1449097200.0	55.09	485	71
snapshot_12_2_2015_6_0.json	1449054000.0	55.09	485	71
snapshot_12_3_2015_18_0.json	1449183600.0	55.09	485	70
snapshot_12_4_2015_0_0.json	1449205200.0	55.09	485	68
snapshot_12_4_2015_12_0.json	1449248400.0	55.09	485	68
snapshot_12_4_2015_18_0.json	1449270000.0	55.09	485	66
snapshot_12_4_2015_6_0.json	1449226800.0	55.09	485	68
snapshot_12_5_2015_12_0.json	1449334800.0	55.09	485	65
snapshot_12_5_2015_12_0.json	1449334800.0	55.09	485	65
snapshot_12_5_2015_18_0.json	1449356400.0	63.34	485	64
snapshot_12_5_2015_6_0.json	1449313200.0	55.09	485	65
9098879	2016-02-02T00:30:00Z	2cellos	Durham Performing Arts Center	North Carolina Raleigh-Durham|685	27701
snapshot_11_16_2015_0_0.json	1447650000.0	61	555	81
snapshot_11_17_2015_12_0.json	1447779600.0	61	555	81
snapshot_11_17_2015_6_0.json	1447758000.0	61	555	81
snapshot_11_18_2015_0_0.json	1447822800.0	61	555	79
snapshot_11_18_2015_18_0.json	1447887600.0	61	555	75
snapshot_11_18_2015_6_0.json	1447844400.0	61	555	81
snapshot_11_19_2015_0_0.json	1447909200.0	61	555	75
snapshot_11_19_2015_18_0.json	1447974000.0	61	555	75
snapshot_11_19_2015_6_0.json	1447930800.0	61	555	75
snapshot_11_20_2015_12_0.json	1448038800.0	61	555	75
snapshot_11_21_2015_12_0.json	1448125200.0	61	555	67
snapshot_11_22_2015_18_0.json	1448233200.0	61	485	67
snapshot_11_22_2015_6_0.json	1448190000.0	61	485	69
snapshot_11_23_2015_0_0.json	1448254800.0	61	485	67
snapshot_11_23_2015_12_0.json	1448298000.0	61	485	67
snapshot_11_23_2015_18_0.json	1448319600.0	61	485	65
snapshot_11_23_2015_6_0.json	1448276400.0	61	485	67
snapshot_11_24_2015_0_0.json	1448341200.0	61	485	65
snapshot_11_24_2015_0_0.json	1448341200.0	61	485	65
snapshot_11_24_2015_12_0.json	1448384400.0	61	485	65
snapshot_11_24_2015_18_0.json	1448406000.0	61	485	65
snapshot_11_24_2015_6_0.json	1448362800.0	61	485	65
snapshot_11_25_2015_12_0.json	1448470800.0	61	485	65
snapshot_11_25_2015_18_0.json	1448492400.0	61	485	75
snapshot_11_26_2015_0_0.json	1448514000.0	61	485	75
snapshot_11_27_2015_18_0.json	1448665200.0	61	485	71
snapshot_11_28_2015_0_0.json	1448686800.0	61	485	71
snapshot_11_28_2015_12_0.json	1448730000.0	61	485	69
snapshot_11_28_2015_18_0.json	1448751600.0	61	485	69
snapshot_11_28_2015_6_0.json	1448708400.0	61	485	69
snapshot_11_28_2015_6_0.json	1448708400.0	61	485	69
snapshot_11_29_2015_0_0.json	1448773200.0	61	485	69
snapshot_11_29_2015_12_0.json	1448816400.0	61	485	69
snapshot_11_29_2015_18_0.json	144889098879	2016-02-02T00:30:00Z	2cellos	Durham Performing Arts Center	North Carolina Raleigh-Durham|685	27701
snapshot_11_16_2015_0_0.json	1447650000.0	61	555	81
snapshot_11_17_2015_12_0.json	1447779600.0	61	555	81
snapshot_11_17_2015_6_0.json	1447758000.0	61	555	81
snapshot_11_18_2015_0_0.json	1447822800.0	61	555	79
snapshot_11_18_2015_18_0.json	1447887600.0	61	555	75
snapshot_11_18_2015_6_0.json	1447844400.0	61	555	81
snapshot_11_19_2015_0_0.json	1447909200.0	61	555	75
snapshot_11_19_2015_18_0.json	1447974000.0	61	555	75
snapshot_11_19_2015_6_0.json	1447930800.0	61	555	75
snapshot_11_20_2015_12_0.json	1448038800.0	61	555	75
snapshot_11_21_2015_12_0.json	1448125200.0	61	555	67
snapshot_11_22_2015_18_0.json	1448233200.0	61	485	67
snapshot_11_22_2015_6_0.json	1448190000.0	61	485	69
snapshot_11_23_2015_0_0.json	1448254800.0	61	485	67
snapshot_11_23_2015_12_0.json	1448298000.0	61	485	67
snapshot_11_23_2015_18_0.json	1448319600.0	61	485	65
snapshot_11_23_2015_6_0.json	1448276400.0	61	485	67
snapshot_11_24_2015_0_0.json	1448341200.0	61	485	65
snapshot_11_24_2015_0_0.json	1448341200.0	61	485	65
snapshot_11_24_2015_12_0.json	1448384400.0	61	485	65
snapshot_11_24_2015_18_0.json	1448406000.0	61	485	65
snapshot_11_24_2015_6_0.json	1448362800.0	61	485	65
snapshot_11_25_2015_12_0.json	1448470800.0	61	485	65
snapshot_11_25_2015_18_0.json	1448492400.0	61	485	75
snapshot_11_26_2015_0_0.json	1448514000.0	61	485	75
snapshot_11_27_2015_18_0.json	1448665200.0	61	485	71
snapshot_11_28_2015_0_0.json	1448686800.0	61	485	71
snapshot_11_28_2015_12_0.json	1448730000.0	61	485	69
snapshot_11_28_2015_18_0.json	1448751600.0	61	485	69
snapshot_11_28_2015_6_0.json	1448708400.0	61	485	69
snapshot_11_28_2015_6_0.json	1448708400.0	61	485	69
snapshot_11_29_2015_0_0.json	1448773200.0	61	485	69
snapshot_11_29_2015_12_0.json	1448816400.0	61	485	69
snapshot_11_29_2015_18_0.json	1448838000.0	61	485	69
snapshot_11_29_2015_6_0.json	1448794800.0	61	485	69
snapshot_11_30_2015_0_0.json	1448859600.0	61	485	69
snapshot_11_30_2015_12_0.json	1448902800.0	61	485	67
snapshot_11_30_2015_18_0.json	1448924400.0	61	485	65
snapshot_12_1_2015_0_0.json	1448946000.0	55.09	485	65
snapshot_12_1_2015_0_0.json	1448946000.0	55.09	485	65
snapshot_12_1_2015_12_0.json	1448989200.0	55.09	485	75
snapshot_12_1_2015_18_0.json	1449010800.0	55.09	485	75
snapshot_12_1_2015_18_0.json	1449010800.0	55.09	485	75
snapshot_12_1_2015_6_0.json	1448967600.0	55.09	485	75
snapshot_12_2_2015_12_0.json	1449075600.0	55.09	485	71
snapshot_12_2_2015_18_0.json	1449097200.0	55.09	485	71
snapshot_12_2_2015_6_0.json	1449054000.0	55.09	485	71
snapshot_12_3_2015_18_0.json	1449183600.0	55.09	485	70
snapshot_12_4_2015_0_0.json	1449205200.0	55.09	485	68
snapshot_12_4_2015_12_0.json	1449248400.0	55.09	485	68
snapshot_12_4_2015_18_0.json	1449270000.0	55.09	485	66
snapshot_12_4_2015_6_0.json	1449226800.0	55.09	485	68
snapshot_12_5_2015_12_0.json	1449334800.0	55.09	485	65
snapshot_12_5_2015_12_0.json	1449334800.0	55.09	485	65
snapshot_12_5_2015_18_0.json	1449356400.0	63.34	485	64
snapshot_12_5_2015_6_0.json	1449313200.0	55.09	485	65
9098879	2016-02-02T00:30:00Z	2cellos	Durham Performing Arts Center	North Carolina Raleigh-Durham|685	27701
snapshot_11_16_2015_0_0.json	1447650000.0	61	555	81
snapshot_11_17_2015_12_0.json	1447779600.0	61	555	81
snapshot_11_17_2015_6_0.json	1447758000.0	61	555	81
snapshot_11_18_2015_0_0.json	1447822800.0	61	555	79
snapshot_11_18_2015_18_0.json	1447887600.0	61	555	75
snapshot_11_18_2015_6_0.json	1447844400.0	61	555	81
snapshot_11_19_2015_0_0.json	1447909200.0	61	555	75
snapshot_11_19_2015_18_0.json	1447974000.0	61	555	75
snapshot_11_19_2015_6_0.json	1447930800.0	61	555	75
snapshot_11_20_2015_12_0.json	1448038800.0	61	555	75
snapshot_11_21_2015_12_0.json	1448125200.0	61	555	67
snapshot_11_22_2015_18_0.json	1448233200.0	61	485	67
snapshot_11_22_2015_6_0.json	1448190000.0	61	485	69
snapshot_11_23_2015_0_0.json	1448254800.0	61	485	67
snapshot_11_23_2015_12_0.json	1448298000.0	61	485	67
snapshot_11_23_2015_18_0.json	1448319600.0	61	485	65
snapshot_11_23_2015_6_0.json	1448276400.0	61	485	67
snapshot_11_24_2015_0_0.json	1448341200.0	61	485	65
snapshot_11_24_2015_0_0.json	1448341200.0	61	485	65
snapshot_11_24_2015_12_0.json	1448384400.0	61	485	65
snapshot_11_24_2015_18_0.json	1448406000.0	61	485	65
snapshot_11_24_2015_6_0.json	1448362800.0	61	485	65
snapshot_11_25_2015_12_0.json	1448470800.0	61	485	65
snapshot_11_25_2015_18_0.json	1448492400.0	61	485	75
snapshot_11_26_2015_0_0.json	1448514000.0	61	485	75
snapshot_11_27_2015_18_0.json	1448665200.0	61	485	71
snapshot_11_28_2015_0_0.json	1448686800.0	61	485	71
snapshot_11_28_2015_12_0.json	1448730000.0	61	485	69
snapshot_11_28_2015_18_0.json	1448751600.0	61	485	69
snapshot_11_28_2015_6_0.json	1448708400.0	61	485	69
snapshot_11_28_2015_6_0.json	1448708400.0	61	485	69
snapshot_11_29_2015_0_0.json	1448773200.0	61	485	69
snapshot_11_29_2015_12_0.json	1448816400.0	61	485	69
snapshot_11_29_2015_18_0.json	1448838000.0	61	485	69
snapshot_11_29_2015_6_0.json	1448794800.0	61	485	69
snapshot_11_30_2015_0_0.json	1448859600.0	61	485	69
snapshot_11_30_2015_12_0.json	1448902800.0	61	485	67
snapshot_11_30_2015_18_0.json	1448924400.0	61	485	65
snapshot_12_1_2015_0_0.json	1448946000.0	55.09	485	65
snapshot_12_1_2015_0_0.json	1448946000.0	55.09	485	65
snapshot_12_1_2015_12_0.json	1448989200.0	55.09	485	75
snapshot_12_1_2015_18_0.json	1449010800.0	55.09	485	75
snapshot_12_1_2015_18_0.json	1449010800.0	55.09	485	75
snapshot_12_1_2015_6_0.json	1448967600.0	55.09	485	75
snapshot_12_2_2015_12_0.json	1449075600.0	55.09	485	71
snapshot_12_2_2015_18_0.json	1449097200.0	55.09	485	71
snapshot_12_2_2015_6_0.json	1449054000.0	55.09	485	71
snapshot_12_3_2015_18_0.json	1449183600.0	55.09	485	70
snapshot_12_4_2015_0_0.json	1449205200.0	55.09	485	68
snapshot_12_4_2015_12_0.json	1449248400.0	55.09	485	68
snapshot_12_4_2015_18_0.json	1449270000.0	55.09	485	66
snapshot_12_4_2015_6_0.json	1449226800.0	55.09	485	68
snapshot_12_5_2015_12_0.json	1449334800.0	55.09	485	65
snapshot_12_5_2015_12_0.json	1449334800.0	55.09	485	65
snapshot_12_5_2015_18_0.json	1449356400.0	63.34	485	64
snapshot_12_5_2015_6_0.json	1449313200.0	55.09	485	65
9098879	2016-02-02T00:30:00Z	2cellos	Durham Performing Arts Center	North Carolina Raleigh-Durham|685	27701
snapshot_11_16_2015_0_0.json	1447650000.0	61	555	81
snapshot_11_17_2015_12_0.json	1447779600.0	61	555	81
snapshot_11_17_2015_6_0.json	1447758000.0	61	555	81
snapshot_11_18_2015_0_0.json	1447822800.0	61	555	79
snapshot_11_18_2015_18_0.json	1447887600.0	61	555	75
snapshot_11_18_2015_6_0.json	1447844400.0	61	555	81
snapshot_11_19_2015_0_0.json	1447909200.0	61	555	75
snapshot_11_19_2015_18_0.json	1447974000.0	61	555	75
snapshot_11_19_2015_6_0.json	1447930800.0	61	555	75
snapshot_11_20_2015_12_0.json	1448038800.0	61	555	75
snapshot_11_21_2015_12_0.json	1448125200.0	61	555	67
snapshot_11_22_2015_18_0.json	1448233200.0	61	485	67
snapshot_11_22_2015_6_0.json	1448190000.0	61	485	69
snapshot_11_23_2015_0_0.json	1448254800.0	61	485	67
snapshot_11_23_2015_12_0.json	1448298000.0	61	485	67
snapshot_11_23_2015_18_0.json	1448319600.0	61	485	65
snapshot_11_23_2015_6_0.json	1448276400.0	61	485	67
snapshot_11_24_2015_0_0.json	1448341200.0	61	485	65
snapshot_11_24_2015_0_0.json	1448341200.0	61	485	65
snapshot_11_24_2015_12_0.json	1448384400.0	61	485	65
snapshot_11_24_2015_18_0.json	1448406000.0	61	485	65
snapshot_11_24_2015_6_0.json	1448362800.0	61	485	65
snapshot_11_25_2015_12_0.json	1448470800.0	61	485	65
snapshot_11_25_2015_18_0.json	1448492400.0	61	485	75
snapshot_11_26_2015_0_0.json	1448514000.0	61	485	75
snapshot_11_27_2015_18_0.json	1448665200.0	61	485	71
snapshot_11_28_2015_0_0.json	1448686800.0	61	485	71
snapshot_11_28_2015_12_0.json	1448730000.0	61	485	69
snapshot_11_28_2015_18_0.json	1448751600.0	61	485	69
snapshot_11_28_2015_6_0.json	1448708400.0	61	485	69
snapshot_11_28_2015_6_0.json	1448708400.0	61	485	69
snapshot_11_29_2015_0_0.json	1448773200.0	61	485	69
snapshot_11_29_2015_12_0.json	1448816400.0	61	485	69
snapshot_11_29_2015_18_0.json	14488
