9120015	2015-11-23T21:01:00Z	PARKING PASSES ONLY South Florida vs North Carolina State	PNC Arena Parking Lots	North Carolina Raleigh-Durham|685	27607
snapshot_11_16_2015_0_0.json	1447650000.0	70.24	55.55	1
snapshot_11_17_2015_12_0.json	1447779600.0	70.24	55.55	1
snapshot_11_17_2015_18_0.json	1447801200.0	70.24	55.55	1
snapshot_11_17_2015_6_0.json	1447758000.0	70.24	55.55	1
snapshot_11_17_2015_6_0.json	1447758000.0	70.24	55.55	1
snapshot_11_18_2015_0_0.json	1447822800.0	70.24	55.55	1
snapshot_11_18_2015_12_0.json	1447866000.0	70.24	55.55	1
snapshot_11_18_2015_12_0.json	1447866000.0	70.24	55.55	1
snapshot_11_18_2015_18_0.json	1447887600.0	70.24	55.55	1
snapshot_11_18_2015_6_0.json	1447844400.0	70.24	55.55	1
snapshot_11_19_2015_0_0.json	1447909200.0	70.24	55.55	1
snapshot_11_19_2015_18_0.json	1447974000.0	70.24	55.55	1
snapshot_11_19_2015_6_0.json	1447930800.0	70.24	55.55	1
snapshot_11_19_2015_6_0.json	1447930800.0	70.24	55.55	1
snapshot_11_20_2015_0_0.json	1447995600.0	70.24	55.55	1
snapshot_11_20_2015_12_0.json	1448038800.0	70.24	55.55	1
snapshot_11_21_2015_12_0.json	1448125200.0	70.24	55.55	1
snapshot_11_21_2015_18_0.json	1448146800.0	70.24	55.55	1
snapshot_11_21_2015_18_0.json	1448146800.0	70.24	55.55	1
snapshot_11_22_2015_0_0.json	1448168400.0	70.24	55.55	1
snapshot_11_22_2015_12_0.json	1448211600.0	70.24	55.55	1
snapshot_11_22_2015_6_0.json	1448190000.0	70.24	55.55	1
snapshot_11_23_2015_12_0.json	1448298000.0	70.24	55.55	1
snapshot_11_23_2015_12_0.json	1448298000.0	70.24	55.55	1
snapshot_11_23_2015_18_0.json	1448319600.0	0	0	0
snapshot_11_23_2015_18_0.json	1448319600.0	0	0	0
snapshot_11_23_2015_6_0.json	1448276400.0	70.24	55.55	1
snapshot_11_23_2015_6_0.json	1448276400.0	70.24	55.55	1
snapshot_11_24_2015_0_0.json	1448341200.0	0	0	0
snapshot_11_24_2015_12_0.json	1448384400.0	0	0	0
snapshot_11_24_2015_12_0.json	1448384400.0	0	0	0
snapshot_11_24_2015_18_0.json	1448406000.0	0	0	0
snapshot_11_24_2015_6_0.json	1448362800.0	0	0	0
snapshot_11_25_2015_0_0.json	1448427600.0	0	0	0
snapshot_11_25_2015_6_0.json	1448449200.0	0	0	0
9120015	2015-11-23T21:01:00Z	PARKING PASSES ONLY South Florida vs North Carolina State	PNC Arena Parking Lots	North Carolina Raleigh-Durham|685	27607
snapshot_11_16_2015_0_0.json	1447650000.0	70.24	55.55	1
snapshot_11_17_2015_12_0.json	1447779600.0	70.24	55.55	1
snapshot_11_17_2015_18_0.json	1447801200.0	70.24	55.55	1
snapshot_11_17_2015_6_0.json	1447758000.0	70.24	55.55	1
snapshot_11_17_2015_6_0.json	1447758000.0	70.24	55.55	1
snapshot_11_18_2015_0_0.json	1447822800.0	70.24	55.55	1
snapshot_11_18_2015_12_0.json	1447866000.0	70.24	55.55	1
snapshot_11_18_2015_12_0.json	1447866000.0	70.24	55.55	1
snapshot_11_18_2015_18_0.json	1447887600.0	70.24	55.55	1
snapshot_11_18_2015_6_0.json	1447844400.0	70.24	55.55	1
snapshot_11_19_2015_0_0.json	1447909200.0	70.24	55.55	1
snapshot_11_19_2015_18_0.json	1447974000.0	70.24	55.55	1
snapshot_11_19_2015_6_0.json	1447930800.0	70.24	55.55	1
snapshot_11_19_2015_6_0.json	1447930800.0	70.24	55.55	1
snapshot_11_20_2015_0_0.json	1447995600.0	70.24	55.55	1
snapshot_11_20_2015_12_0.json	1448038800.0	70.24	55.55	1
snapshot_11_21_2015_12_0.json	1448125200.0	70.24	55.55	1
snapshot_11_21_2015_18_0.json	1448146800.0	70.24	55.55	1
snapshot_11_21_2015_18_0.json	1448146800.0	70.24	55.55	1
snapshot_11_22_2015_0_0.json	1448168400.0	70.24	55.55	1
snapshot_11_22_2015_12_0.json	1448211600.0	70.24	55.55	1
snapshot_11_22_2015_6_0.json	1448190000.0	70.24	55.55	1
snapshot_11_23_2015_12_0.json	1448298000.0	70.24	55.55	1
snapshot_11_23_2015_12_0.json	1448298000.0	70.24	55.55	1
snapshot_11_23_2015_18_0.json	1448319600.0	0	0	0
snapshot_11_23_2015_18_0.json	1448319600.0	0	0	0
snapshot_11_23_2015_6_0.json	1448276400.0	70.24	55.55	1
snapshot_11_23_2015_6_0.json	1448276400.0	70.24	55.55	1
snapshot_11_24_2015_0_0.json	1448341200.0	0	0	0
snapshot_11_24_2015_12_0.json	1448384400.0	0	0	0
snapshot_11_24_2015_12_0.json	1448384400.0	0	0	0
snapshot_11_24_2015_18_0.json	1448406000.0	0	0	0
snapshot_11_24_2015_6_0.json	1448362800.0	0	0	0
snapshot_11_25_2015_0_0.json	1448427600.0	0	0	0
snapshot_11_25_2015_6_0.json	1448449200.0	0	0	0
9120015	2015-11-23T21:01:00Z	PARKING PASSES ONLY South Florida vs North Carolina State	PNC Arena Parking Lots	North Carolina Raleigh-Durham|685	27607
snapshot_11_16_2015_0_0.json	1447650000.0	70.24	55.55	1
snapshot_11_17_2015_12_0.json	1447779600.0	70.24	55.55	1
snapshot_11_17_2015_18_0.json	1447801200.0	70.24	55.55	1
snapshot_11_17_2015_6_0.json	1447758000.0	70.24	55.55	1
snapshot_11_17_2015_6_0.json	1447758000.0	70.24	55.55	1
snapshot_11_18_2015_0_0.json	1447822800.0	70.24	55.55	1
snapshot_11_18_2015_12_0.json	1447866000.0	70.24	55.55	1
snapshot_11_18_2015_12_0.json	1447866000.0	70.24	55.55	1
snapshot_11_18_2015_18_0.json	1447887600.0	70.24	55.55	1
snapshot_11_18_2015_6_0.json	1447844400.0	70.24	55.55	1
snapshot_11_19_2015_0_0.json	1447909200.0	70.24	55.55	1
snapshot_11_19_2015_18_0.json	1447974000.0	70.24	55.55	1
snapshot_11_19_2015_6_0.json	1447930800.0	70.24	55.55	1
snapshot_11_19_2015_6_0.json	1447930800.0	70.24	55.55	1
snapshot_11_20_2015_0_0.json	1447995600.0	70.24	55.55	1
snapshot_11_20_2015_12_0.json	1448038800.0	70.24	55.55	1
snapshot_11_21_2015_12_0.json	1448125200.0	70.24	55.55	1
snapshot_11_21_2015_18_0.json	1448146800.0	70.24	55.55	1
snapshot_11_21_2015_18_0.json	1448146800.0	70.24	55.55	1
snapshot_11_22_2015_0_0.json	1448168400.0	70.24	55.55	1
snapshot_11_22_2015_12_0.json	1448211600.0	70.24	55.55	1
snapshot_11_22_2015_6_0.json	1448190000.0	70.24	55.55	1
snapshot_11_23_2015_12_0.json	1448298000.0	70.24	55.55	1
snapshot_11_23_2015_12_0.json	1448298000.0	70.24	55.55	1
snapshot_11_23_2015_18_0.json	1448319600.0	0	0	0
snapshot_11_23_2015_18_0.json	1448319600.0	0	0	0
snapshot_11_23_2015_6_0.json	1448276400.0	70.24	55.55	1
snapshot_11_23_2015_6_0.json	1448276400.0	70.24	55.55	1
snapshot_11_24_2015_0_0.json	1448341200.0	0	0	0
snapshot_11_24_2015_12_0.json	1448384400.0	0	0	0
snapshot_11_24_2015_12_0.json	1448384400.0	0	0	0
snapshot_11_24_2015_18_0.json	1448406000.0	0	0	0
snapshot_11_24_2015_6_0.json	1448362800.0	0	0	0
snapshot_11_25_2015_0_0.json	1448427600.0	0	0	0
snapshot_11_25_2015_6_0.json	1448449200.0	0	0	0
9120015	2015-11-23T21:01:00Z	PARKING PASSES ONLY South Florida vs North Carolina State	PNC Arena Parking Lots	North Carolina Raleigh-Durham|685	27607
snapshot_11_16_2015_0_0.json	1447650000.0	70.24	55.55	1
snapshot_11_17_2015_12_0.json	1447779600.0	70.24	55.55	1
snapshot_11_17_2015_18_0.json	1447801200.0	70.24	55.55	1
snapshot_11_17_2015_6_0.json	1447758000.0	70.24	55.55	1
snapshot_11_17_2015_6_0.json	1447758000.0	70.24	55.55	1
snapshot_11_18_2015_0_0.json	1447822800.0	70.24	55.55	1
snapshot_11_18_2015_12_0.json	1447866000.0	70.24	55.55	1
snapshot_11_18_2015_12_0.json	1447866000.0	70.24	55.55	1
snapshot_11_18_2015_18_0.json	1447887600.0	70.24	55.55	1
snapshot_11_18_2015_6_0.json	1447844400.0	70.24	55.55	1
snapshot_11_19_2015_0_0.json	1447909200.0	70.24	55.55	1
snapshot_11_19_2015_18_0.json	1447974000.0	70.24	55.55	1
snapshot_11_19_2015_6_0.json	1447930800.0	70.24	55.55	1
snapshot_11_19_2015_6_0.json	1447930800.0	70.24	55.55	1
snapshot_11_20_2015_0_0.json	1447995600.0	70.24	55.55	1
snapshot_11_20_2015_12_0.json	1448038800.0	70.24	55.55	1
snapshot_11_21_2015_12_0.json	1448125200.0	70.24	55.55	1
snapshot_11_21_2015_18_0.json	1448146800.0	70.24	55.55	1
snapshot_11_21_2015_18_0.json	1448146800.0	70.24	55.55	1
snapshot_11_22_2015_0_0.json	1448168400.0	70.24	55.55	1
snapshot_11_22_2015_12_0.json	1448211600.0	70.24	55.55	1
snapshot_11_22_2015_6_0.json	1448190000.0	70.24	55.55	1
snapshot_11_23_2015_12_0.json	1448298000.0	70.24	55.55	1
snapshot_11_23_2015_12_0.json	1448298000.0	70.24	55.55	1
snapshot_11_23_2015_18_0.json	1448319600.0	0	0	0
snapshot_11_23_2015_18_0.json	1448319600.0	0	0	0
snapshot_11_23_2015_6_0.json	1448276400.0	70.24	55.55	1
snapshot_11_23_2015_6_0.json	1448276400.0	70.24	55.55	1
snapshot_11_24_2015_0_0.json	1448341200.0	0	0	0
snapshot_11_24_2015_12_0.json	1448384400.0	0	0	0
snapshot_11_24_2015_12_0.json	1448384400.0	0	0	0
snapshot_11_24_2015_19120015	2015-11-23T21:01:00Z	PARKING PASSES ONLY South Florida vs North Carolina State	PNC Arena Parking Lots	North Carolina Raleigh-Durham|685	27607
snapshot_11_16_2015_0_0.json	1447650000.0	70.24	55.55	1
snapshot_11_17_2015_12_0.json	1447779600.0	70.24	55.55	1
snapshot_11_17_2015_18_0.json	1447801200.0	70.24	55.55	1
snapshot_11_17_2015_6_0.json	1447758000.0	70.24	55.55	1
snapshot_11_17_2015_6_0.json	1447758000.0	70.24	55.55	1
snapshot_11_18_2015_0_0.json	1447822800.0	70.24	55.55	1
snapshot_11_18_2015_12_0.json	1447866000.0	70.24	55.55	1
snapshot_11_18_2015_12_0.json	1447866000.0	70.24	55.55	1
snapshot_11_18_2015_18_0.json	1447887600.0	70.24	55.55	1
snapshot_11_18_2015_6_0.json	1447844400.0	70.24	55.55	1
snapshot_11_19_2015_0_0.json	1447909200.0	70.24	55.55	1
snapshot_11_19_2015_18_0.json	1447974000.0	70.24	55.55	1
snapshot_11_19_2015_6_0.json	1447930800.0	70.24	55.55	1
snapshot_11_19_2015_6_0.json	1447930800.0	70.24	55.55	1
snapshot_11_20_2015_0_0.json	1447995600.0	70.24	55.55	1
snapshot_11_20_2015_12_0.json	1448038800.0	70.24	55.55	1
snapshot_11_21_2015_12_0.json	1448125200.0	70.24	55.55	1
snapshot_11_21_2015_18_0.json	1448146800.0	70.24	55.55	1
snapshot_11_21_2015_18_0.json	1448146800.0	70.24	55.55	1
snapshot_11_22_2015_0_0.json	1448168400.0	70.24	55.55	1
snapshot_11_22_2015_12_0.json	1448211600.0	70.24	55.55	1
snapshot_11_22_2015_6_0.json	1448190000.0	70.24	55.55	1
snapshot_11_23_2015_12_0.json	1448298000.0	70.24	55.55	1
snapshot_11_23_2015_12_0.json	1448298000.0	70.24	55.55	1
snapshot_11_23_2015_18_0.json	1448319600.0	0	0	0
snapshot_11_23_2015_18_0.json	1448319600.0	0	0	0
snapshot_11_23_2015_6_0.json	1448276400.0	70.24	55.55	1
snapshot_11_23_2015_6_0.json	1448276400.0	70.24	55.55	1
snapshot_11_24_2015_0_0.json	1448341200.0	0	0	0
snapshot_11_24_2015_12_0.json	1448384400.0	0	0	0
snapshot_11_24_2015_12_0.json	1448384400.0	0	0	0
snapshot_11_24_2015_18_0.json	1448406000.0	0	0	0
snapshot_11_24_2015_6_0.json	1448362800.0	0	0	0
snapshot_11_25_2015_0_0.json	1448427600.0	0	0	0
snapshot_11_25_2015_6_0.json	1448449200.0	0	0	0
9120015	2015-11-23T21:01:00Z	PARKING PASSES ONLY South Florida vs North Carolina State	PNC Arena Parking Lots	North Carolina Raleigh-Durham|685	27607
snapshot_11_16_2015_0_0.json	1447650000.0	70.24	55.55	1
snapshot_11_17_2015_12_0.json	1447779600.0	70.24	55.55	1
snapshot_11_17_2015_18_0.json	1447801200.0	70.24	55.55	1
snapshot_11_17_2015_6_0.json	1447758000.0	70.24	55.55	1
snapshot_11_17_2015_6_0.json	1447758000.0	70.24	55.55	1
snapshot_11_18_2015_0_0.json	1447822800.0	70.24	55.55	1
snapshot_11_18_2015_12_0.json	1447866000.0	70.24	55.55	1
snapshot_11_18_2015_12_0.json	1447866000.0	70.24	55.55	1
snapshot_11_18_2015_18_0.json	1447887600.0	70.24	55.55	1
snapshot_11_18_2015_6_0.json	1447844400.0	70.24	55.55	1
snapshot_11_19_2015_0_0.json	1447909200.0	70.24	55.55	1
snapshot_11_19_2015_18_0.json	1447974000.0	70.24	55.55	1
snapshot_11_19_2015_6_0.json	1447930800.0	70.24	55.55	1
snapshot_11_19_2015_6_0.json	1447930800.0	70.24	55.55	1
snapshot_11_20_2015_0_0.json	1447995600.0	70.24	55.55	1
snapshot_11_20_2015_12_0.json	1448038800.0	70.24	55.55	1
snapshot_11_21_2015_12_0.json	1448125200.0	70.24	55.55	1
snapshot_11_21_2015_18_0.json	1448146800.0	70.24	55.55	1
snapshot_11_21_2015_18_0.json	1448146800.0	70.24	55.55	1
snapshot_11_22_2015_0_0.json	1448168400.0	70.24	55.55	1
snapshot_11_22_2015_12_0.json	1448211600.0	70.24	55.55	1
snapshot_11_22_2015_6_0.json	1448190000.0	70.24	55.55	1
snapshot_11_23_2015_12_0.json	1448298000.0	70.24	55.55	1
snapshot_11_23_2015_12_0.json	1448298000.0	70.24	55.55	1
snapshot_11_23_2015_18_0.json	1448319600.0	0	0	0
snapshot_11_23_2015_18_0.json	1448319600.0	0	0	0
snapshot_11_23_2015_6_0.json	1448276400.0	70.24	55.55	1
snapshot_11_23_2015_6_0.json	1448276400.0	70.24	55.55	1
snapshot_11_24_2015_0_0.json	1448341200.0	0	0	0
snapshot_11_24_2015_12_0.json	1448384400.0	0	0	0
snapshot_11_24_2015_12_0.json	1448384400.0	0	0	0
snapshot_11_24_2015_18_0.json	1448406000.0	0	0	0
snapshot_11_24_2015_6_0.json	1448362800.0	0	0	0
snapshot_11_25_2015_0_0.json	1448427600.0	0	0	0
snapshot_11_25_2015_6_0.json	1448449200.0	0	0	0
9120015	2015-11-23T21:01:00Z	PARKING PASSES ONLY South Florida vs North Carolina State	PNC Arena Parking Lots	North Carolina Raleigh-Durham|685	27607
snapshot_11_16_2015_0_0.json	1447650000.0	70.24	55.55	1
snapshot_11_17_2015_12_0.json	1447779600.0	70.24	55.55	1
snapshot_11_17_2015_18_0.json	1447801200.0	70.24	55.55	1
snapshot_11_17_2015_6_0.json	1447758000.0	70.24	55.55	1
snapshot_11_17_2015_6_0.json	1447758000.0	70.24	55.55	1
snapshot_11_18_2015_0_0.json	1447822800.0	70.24	55.55	1
snapshot_11_18_2015_12_0.json	1447866000.0	70.24	55.55	1
snapshot_11_18_2015_12_0.json	1447866000.0	70.24	55.55	1
snapshot_11_18_2015_18_0.json	1447887600.0	70.24	55.55	1
snapshot_11_18_2015_6_0.json	1447844400.0	70.24	55.55	1
snapshot_11_19_2015_0_0.json	1447909200.0	70.24	55.55	1
snapshot_11_19_2015_18_0.json	1447974000.0	70.24	55.55	1
snapshot_11_19_2015_6_0.json	1447930800.0	70.24	55.55	1
snapshot_11_19_2015_6_0.json	1447930800.0	70.24	55.55	1
snapshot_11_20_2015_0_0.json	1447995600.0	70.24	55.55	1
snapshot_11_20_2015_12_0.json	1448038800.0	70.24	55.55	1
snapshot_11_21_2015_12_0.json	1448125200.0	70.24	55.55	1
snapshot_11_21_2015_18_0.json	1448146800.0	70.24	55.55	1
snapshot_11_21_2015_18_0.json	1448146800.0	70.24	55.55	1
snapshot_11_22_2015_0_0.json	1448168400.0	70.24	55.55	1
snapshot_11_22_2015_12_0.json	1448211600.0	70.24	55.55	1
snapshot_11_22_2015_6_0.json	1448190000.0	70.24	55.55	1
snapshot_11_23_2015_12_0.json	1448298000.0	70.24	55.55	1
snapshot_11_23_2015_12_0.json	1448298000.0	70.24	55.55	1
snapshot_11_23_2015_18_0.json	1448319600.0	0	0	0
snapshot_11_23_2015_18_0.json	1448319600.0	0	0	0
snapshot_11_23_2015_6_0.json	1448276400.0	70.24	55.55	1
snapshot_11_23_2015_6_0.json	1448276400.0	70.24	55.55	1
snapshot_11_24_2015_0_0.json	1448341200.0	0	0	0
snapshot_11_24_2015_12_0.json	1448384400.0	0	0	0
snapshot_11_24_2015_12_0.json	1448384400.0	0	0	0
snapshot_11_24_2015_18_0.json	1448406000.0	0	0	0
snapshot_11_24_2015_6_0.json	1448362800.0	0	0	0
snapshot_11_25_2015_0_0.json	1448427600.0	0	0	0
snapshot_11_25_2015_6_0.json	1448449200.0	0	0	0
9120015	2015-11-23T21:01:00Z	PARKING PASSES ONLY South Florida vs North Carolina State	PNC Arena Parking Lots	North Carolina Raleigh-Durham|685	27607
snapshot_11_16_2015_0_0.json	1447650000.0	70.24	55.55	1
snapshot_11_17_2015_12_0.json	1447779600.0	70.24	55.55	1
snapshot_11_17_2015_18_0.json	1447801200.0	70.24	55.55	1
snapshot_11_17_2015_6_0.json	1447758000.0	70.24	55.55	1
snapshot_11_17_2015_6_0.json	1447758000.0	70.24	55.55	1
snapshot_11_18_2015_0_0.json	1447822800.0	70.24	55.55	1
snapshot_11_18_2015_12_0.json	1447866000.0	70.24	55.55	1
snapshot_11_18_2015_12_0.json	1447866000.0	70.24	55.55	1
snapshot_11_18_2015_18_0.json	1447887600.0	70.24	55.55	1
snapshot_11_18_2015_6_0.json	1447844400.0	70.24	55.55	1
snapshot_11_19_2015_0_0.json	1447909200.0	70.24	55.55	1
snapshot_11_19_2015_18_0.json	1447974000.0	70.24	55.55	1
snapshot_11_19_2015_6_0.json	1447930800.0	70.24	55.55	1
snapshot_11_19_2015_6_0.json	1447930800.0	70.24	55.55	1
snapshot_11_20_2015_0_0.json	1447995600.0	70.24	55.55	1
snapshot_11_20_2015_12_0.json	1448038800.0	70.24	55.55	1
snapshot_11_21_2015_12_0.json	1448125200.0	70.24	55.55	1
snapshot_11_21_2015_18_0.json	1448146800.0	70.24	55.55	1
snapshot_11_21_2015_18_0.json	1448146800.0	70.24	55.55	1
snapshot_11_22_2015_0_0.json	1448168400.0	70.24	55.55	1
snapshot_11_22_2015_12_0.json	1448211600.0	70.24	55.55	1
snapshot_11_22_2015_6_0.json	1448190000.0	70.24	55.55	1
snapshot_11_23_2015_12_0.json	1448298000.0	70.24	55.55	1
snapshot_11_23_2015_12_0.json	1448298000.0	70.24	55.55	1
snapshot_11_23_2015_18_0.json	1448319600.0	0	0	0
snapshot_11_23_2015_18_0.json	1448319600.0	0	0	0
snapshot_11_23_2015_6_0.json	1448276400.0	70.24	55.55	1
snapshot_11_23_2015_6_0.json	1448276400.0	70.24	55.55	1
snapshot_11_24_2015_0_0.json	1448341200.0	0	0	0
snapshot_11_24_2015_12_0.json	1448384400.0	0	0	0
snapshot_11_24_2015_12_0.json	1448384400.0	0	0	0
snapshot_11_24_2015_1
