9123011	2015-11-20T00:30:00Z	Cher	North Charleston Coliseum	South Carolina Charleston, SC|4481	29418
snapshot_11_16_2015_0_0.json	1447650000.0	72.43	650	61
snapshot_11_18_2015_0_0.json	1447822800.0	72.43	650	61
snapshot_11_18_2015_12_0.json	1447866000.0	72.43	650	45
snapshot_11_18_2015_18_0.json	1447887600.0	72.43	650	45
snapshot_11_18_2015_18_0.json	1447887600.0	72.43	650	45
snapshot_11_18_2015_6_0.json	1447844400.0	72.43	650	45
snapshot_11_18_2015_6_0.json	1447844400.0	72.43	650	45
snapshot_11_19_2015_0_0.json	1447909200.0	72.43	650	45
snapshot_11_19_2015_12_0.json	1447952400.0	72.43	650	45
snapshot_11_19_2015_18_0.json	1447974000.0	72.43	650	45
snapshot_11_19_2015_6_0.json	1447930800.0	72.43	650	45
snapshot_11_20_2015_0_0.json	1447995600.0	72.43	650	45
snapshot_11_20_2015_12_0.json	1448038800.0	0	0	0
snapshot_11_21_2015_12_0.json	1448125200.0	0	0	0
snapshot_11_27_2015_18_0.json	1448665200.0	0	0	0
snapshot_11_28_2015_0_0.json	1448686800.0	0	0	0
snapshot_11_28_2015_0_0.json	1448686800.0	0	0	0
snapshot_11_28_2015_6_0.json	1448708400.0	0	0	0
