9131290	2015-11-18T01:30:00Z	Cher	Pensacola Bay Center	Florida Tallahassee|6750	32502
snapshot_11_16_2015_0_0.json	1447650000.0	81.76	634	37
snapshot_11_16_2015_0_0.json	1447650000.0	81.76	634	37
snapshot_11_17_2015_18_0.json	1447801200.0	81.76	634	37
snapshot_11_17_2015_6_0.json	1447758000.0	81.76	634	37
snapshot_11_18_2015_0_0.json	1447822800.0	81.76	634	37
snapshot_11_18_2015_12_0.json	1447866000.0	0	0	0
snapshot_11_18_2015_18_0.json	1447887600.0	0	0	0
snapshot_11_18_2015_6_0.json	1447844400.0	0	0	0
snapshot_11_19_2015_0_0.json	1447909200.0	0	0	0
snapshot_11_19_2015_0_0.json	1447909200.0	0	0	0
snapshot_11_19_2015_12_0.json	1447952400.0	0	0	0
snapshot_11_27_2015_18_0.json	1448665200.0	0	0	0
9131290	2015-11-18T01:30:00Z	Cher	Pensacola Bay Center	Florida Tallahassee|6750	32502
snapshot_11_16_2015_0_0.json	1447650000.0	81.76	634	37
snapshot_11_16_2015_0_0.json	1447650000.0	81.76	634	37
snapshot_11_17_2015_18_0.json	1447801200.0	81.76	634	37
snapshot_11_17_2015_6_0.json	1447758000.0	81.76	634	37
snapshot_11_18_2015_0_0.json	1447822800.0	81.76	634	37
snapshot_11_18_2015_12_0.json	1447866000.0	0	0	0
snapshot_11_18_2015_18_0.json	1447887600.0	0	0	0
snapshot_11_18_2015_6_0.json	1447844400.0	0	0	0
snapshot_11_19_2015_0_0.json	1447909200.0	0	0	0
snapshot_11_19_2015_0_0.json	1447909200.0	0	0	0
snapshot_11_19_2015_12_0.json	1447952400.0	0	0	0
snapshot_11_27_2015_18_0.json	1448665200.0	0	0	0
9131290	2015-11-18T01:30:00Z	Cher	Pensacola Bay Center	Florida Tallahassee|6750	32502
snapshot_11_16_2015_0_0.json	1447650000.0	81.76	634	37
snapshot_11_16_2015_0_0.json	1447650000.0	81.76	634	37
snapshot_11_17_2015_18_0.json	1447801200.0	81.76	634	37
snapshot_11_17_2015_6_0.json	1447758000.0	81.76	634	37
snapshot_11_18_2015_0_0.json	1447822800.0	81.76	634	37
snapshot_11_18_2015_12_0.json	1447866000.0	0	0	0
snapshot_11_18_2015_18_0.json	1447887600.0	0	0	0
snapshot_11_18_2015_6_0.json	1447844400.0	0	0	0
snapshot_11_19_2015_0_0.json	1447909200.0	0	0	0
snapshot_11_19_2015_0_0.json	1447909200.0	0	0	0
snapshot_11_19_2015_12_0.json	1447952400.0	0	0	0
snapshot_11_27_2015_18_0.json	1448665200.0	0	0	0
9131290	2015-11-18T01:30:00Z	Cher	Pensacola Bay Center	Florida Tallahassee|6750	32502
snapshot_11_16_2015_0_0.json	1447650000.0	81.76	634	37
snapshot_11_16_2015_0_0.json	1447650000.0	81.76	634	37
snapshot_11_17_2015_18_0.json	1447801200.0	81.76	634	37
snapshot_11_17_2015_6_0.json	1447758000.0	81.76	634	37
snapshot_11_18_2015_0_0.json	1447822800.0	81.76	634	37
snapshot_11_18_2015_12_0.json	1447866000.0	0	0	0
snapshot_11_18_2015_18_0.json	1447887600.0	0	0	0
snapshot_11_18_2015_6_0.json	1447844400.0	0	0	0
snapshot_11_19_2015_0_0.json	1447909200.0	0	0	0
snapshot_11_19_2015_0_0.json	1447909200.0	0	0	0
snapshot_11_19_2015_12_0.json	1447952400.0	0	0	0
snapshot_11_27_2015_18_0.json	1448665200.0	0	0	0
9131290	2015-11-18T01:30:00Z	Cher	Pensacola Bay Center	Florida Tallahassee|6750	32502
snapshot_11_16_2015_0_0.json	1447650000.0	81.76	634	37
snapshot_11_16_2015_0_0.json	1447650000.0	81.76	634	37
snapshot_11_17_2015_18_0.json	1447801200.0	81.76	634	37
snapshot_11_17_2015_6_0.json	1447758000.0	81.76	634	37
snapshot_11_18_2015_0_0.json	1447822800.0	81.76	634	37
snapshot_11_18_2015_12_0.json	1447866000.0	0	0	0
snapshot_11_18_2015_18_0.json	1447887600.0	0	0	0
snapshot_11_18_2015_6_0.json	1447844400.0	0	0	0
snapshot_11_19_2015_0_0.json	1447909200.0	0	0	0
snapshot_11_19_2015_0_0.json	1447909200.0	0	0	0
snapshot_11_19_2015_12_0.json	1447952400.0	0	0	0
snapshot_11_27_2015_18_0.json	1448665200.0	0	0	0
9131290	2015-11-18T01:30:00Z	Cher	Pensacola Bay Center	Florida Tallahassee|6750	32502
snapshot_11_16_2015_0_0.json	1447650000.0	81.76	634	37
snapshot_11_16_2015_0_0.json	1447650000.0	81.76	634	37
snapshot_11_17_2015_18_0.json	1447801200.0	81.76	634	37
snapshot_11_17_2015_6_0.json	1447758000.0	81.76	634	37
snapshot_11_18_2015_0_0.json	1447822800.0	81.76	634	37
snapshot_11_18_2015_12_0.json	1447866000.0	0	0	0
snapshot_11_18_2015_18_0.json	1447887600.0	0	0	0
snapshot_11_18_2015_6_0.json	1447844400.0	0	0	0
snapshot_11_19_2015_0_0.json	1447909200.0	0	0	0
snapshot_11_19_2015_0_0.json	1447909200.0	0	0	0
snapshot_11_19_2015_12_0.json	1447952400.0	0	0	0
snapshot_11_27_2015_18_0.json	1448665200.0	0	0	0
9131290	2015-11-18T01:30:00Z	Cher	Pensacola Bay Center	Florida Tallahassee|6750	32502
snapshot_11_16_2015_0_0.json	1447650000.0	81.76	634	37
snapshot_11_16_2015_0_0.json	1447650000.0	81.76	634	37
snapshot_11_17_2015_18_0.json	1447801200.0	81.76	634	37
snapshot_11_17_2015_6_0.json	1447758000.0	81.76	634	37
snapshot_11_18_2015_0_0.json	1447822800.0	81.76	634	37
snapshot_11_18_2015_12_0.json	1447866000.0	0	0	0
snapshot_11_18_2015_18_0.json	1447887600.0	0	0	0
snapshot_11_18_2015_6_0.json	1447844400.0	0	0	0
snapshot_11_19_2015_0_0.json	1447909200.0	0	0	0
snapshot_11_19_2015_0_0.json	1447909200.0	0	0	0
snapshot_11_19_2015_12_0.json	1447952400.0	0	0	0
snapshot_11_27_2015_18_0.json	1448665200.0	0	0	0
9131290	2015-11-18T01:30:00Z	Cher	Pensacola Bay Center	Florida Tallahassee|6750	32502
snapshot_11_16_2015_0_0.json	1447650000.0	81.76	634	37
snapshot_11_16_2015_0_0.json	1447650000.0	81.76	634	37
snapshot_11_17_2015_18_0.json	1447801200.0	81.76	634	37
snapshot_11_17_2015_6_0.json	1447758000.0	81.76	634	37
snapshot_11_18_2015_0_0.json	1447822800.0	81.76	634	37
snapshot_11_18_2015_12_0.json	1447866000.0	0	0	0
snapshot_11_18_2015_18_0.json	1447887600.0	0	0	0
snapshot_11_18_2015_6_0.json	1447844400.0	0	0	0
snapshot_11_19_2015_0_0.json	1447909200.0	0	0	0
snapshot_11_19_2015_0_0.json	1447909200.0	0	0	0
snapshot_11_19_2015_12_0.json	1447952400.0	0	0	0
snapshot_11_27_2015_18_0.json	1448665200.0	0	0	0
