9149866	2015-11-21T20:30:00Z	Ohio State Buckeyes	Ohio Stadium	Ohio Columbus|11883	43210
snapshot_11_16_2015_0_0.json	1447650000.0	110.55	5000	2342
snapshot_11_17_2015_0_0.json	1447736400.0	153.43	5000	2286
snapshot_11_17_2015_12_0.json	1447779600.0	143.31	5000	2252
snapshot_11_17_2015_18_0.json	1447801200.0	157.35	5000	2175
snapshot_11_17_2015_6_0.json	1447758000.0	145.65	5000	2246
snapshot_11_17_2015_6_0.json	1447758000.0	145.65	5000	2246
snapshot_11_18_2015_0_0.json	1447822800.0	151.5	5000	2081
snapshot_11_18_2015_12_0.json	1447866000.0	133.95	5000	2180
snapshot_11_18_2015_18_0.json	1447887600.0	122.25	5000	1928
snapshot_11_18_2015_6_0.json	1447844400.0	136.29	5000	2030
snapshot_11_19_2015_0_0.json	1447909200.0	190.55	1363	1073
snapshot_11_19_2015_12_0.json	1447952400.0	166.24	1363	994
snapshot_11_19_2015_6_0.json	1447930800.0	166.24	1363	993
snapshot_11_20_2015_0_0.json	1447995600.0	159.28	1308	692
snapshot_11_20_2015_12_0.json	1448038800.0	185.99	1363	647
snapshot_11_21_2015_12_0.json	1448125200.0	176.83	818	715
snapshot_11_21_2015_18_0.json	1448146800.0	131.2	3500	327
snapshot_11_22_2015_0_0.json	1448168400.0	0	0	0
snapshot_11_22_2015_12_0.json	1448211600.0	0	0	0
snapshot_11_22_2015_18_0.json	1448233200.0	0	0	0
snapshot_11_22_2015_6_0.json	1448190000.0	0	0	0
snapshot_11_23_2015_0_0.json	1448254800.0	0	0	0
snapshot_11_23_2015_12_0.json	1448298000.0	0	0	0
snapshot_11_23_2015_18_0.json	1448319600.0	0	0	0
snapshot_11_23_2015_6_0.json	1448276400.0	0	0	0
snapshot_11_30_2015_0_0.json	1448859600.0	0	0	0
snapshot_11_30_2015_0_0.json	1448859600.0	0	0	0
snapshot_11_30_2015_12_0.json	1448902800.0	0	0	0
snapshot_11_30_2015_12_0.json	1448902800.0	0	0	0
snapshot_11_30_2015_6_0.json	1448881200.0	0	0	0
snapshot_12_3_2015_0_0.json	1449118800.0	0	0	0
snapshot_12_3_2015_0_0.json	1449118800.0	0	0	0
snapshot_12_3_2015_12_0.json	1449162000.0	0	0	0
9149866	2015-11-21T20:30:00Z	Ohio State Buckeyes	Ohio Stadium	Ohio Columbus|11883	43210
snapshot_11_16_2015_0_0.json	1447650000.0	110.55	5000	2342
snapshot_11_17_2015_0_0.json	1447736400.0	153.43	5000	2286
snapshot_11_17_2015_12_0.json	1447779600.0	143.31	5000	2252
snapshot_11_17_2015_18_0.json	1447801200.0	157.35	5000	2175
snapshot_11_17_2015_6_0.json	1447758000.0	145.65	5000	2246
snapshot_11_17_2015_6_0.json	1447758000.0	145.65	5000	2246
snapshot_11_18_2015_0_0.json	1447822800.0	151.5	5000	2081
snapshot_11_18_2015_12_0.json	1447866000.0	133.95	5000	2180
snapshot_11_18_2015_18_0.json	1447887600.0	122.25	5000	1928
snapshot_11_18_2015_6_0.json	1447844400.0	136.29	5000	2030
snapshot_11_19_2015_0_0.json	1447909200.0	190.55	1363	1073
snapshot_11_19_2015_12_0.json	1447952400.0	166.24	1363	994
snapshot_11_19_2015_6_0.json	1447930800.0	166.24	1363	993
snapshot_11_20_2015_0_0.json	1447995600.0	159.28	1308	692
snapshot_11_20_2015_12_0.json	1448038800.0	185.99	1363	647
snapshot_11_21_2015_12_0.json	1448125200.0	176.83	818	715
snapshot_11_21_2015_18_0.json	1448146800.0	131.2	3500	327
snapshot_11_22_2015_0_0.json	1448168400.0	0	0	0
snapshot_11_22_2015_12_0.json	1448211600.0	0	0	0
snapshot_11_22_2015_18_0.json	1448233200.0	0	0	0
snapshot_11_22_2015_6_0.json	1448190000.0	0	0	0
snapshot_11_23_2015_0_0.json	1448254800.0	0	0	0
snapshot_11_23_2015_12_0.json	1448298000.0	0	0	0
snapshot_11_23_2015_18_0.json	1448319600.0	0	0	0
snapshot_11_23_2015_6_0.json	1448276400.0	0	0	0
snapshot_11_30_2015_0_0.json	1448859600.0	0	0	0
snapshot_11_30_2015_0_0.json	1448859600.0	0	0	0
snapshot_11_30_2015_12_0.json	1448902800.0	0	0	0
snapshot_11_30_2015_12_0.json	1448902800.0	0	0	0
snapshot_11_30_2015_6_0.json	1448881200.0	0	0	0
snapshot_12_3_2015_0_0.json	1449118800.0	0	0	0
snapshot_12_3_2015_0_0.json	1449118800.0	0	0	0
snapshot_12_3_2015_12_0.json	1449162000.0	0	0	0
9149866	2015-11-21T20:30:00Z	Ohio State Buckeyes	Ohio Stadium	Ohio Columbus|11883	43210
snapshot_11_16_2015_0_0.json	1447650000.0	110.55	5000	2342
snapshot_11_17_2015_0_0.json	1447736400.0	153.43	5000	2286
snapshot_11_17_2015_12_0.json	1447779600.0	143.31	5000	2252
snapshot_11_17_2015_18_0.json	1447801200.0	157.35	5000	2175
snapshot_11_17_2015_6_0.json	1447758000.0	145.65	5000	2246
snapshot_11_17_2015_6_0.json	1447758000.0	145.65	5000	2246
snapshot_11_18_2015_0_0.json	1447822800.0	151.5	5000	2081
snapshot_11_18_2015_12_0.json	1447866000.0	133.95	5000	2180
snapshot_11_18_2015_18_0.json	1447887600.0	122.25	5000	1928
snapshot_11_18_2015_6_0.json	1447844400.0	136.29	5000	2030
snapshot_11_19_2015_0_0.json	1447909200.0	190.55	1363	1073
snapshot_11_19_2015_12_0.json	1447952400.0	166.24	1363	994
snapshot_11_19_2015_6_0.json	1447930800.0	166.24	1363	993
snapshot_11_20_2015_0_0.json	1447995600.0	159.28	1308	692
snapshot_11_20_2015_12_0.json	1448038800.0	185.99	1363	647
snapshot_11_21_2015_12_0.json	1448125200.0	176.83	818	715
snapshot_11_21_2015_18_0.json	1448146800.0	131.2	3500	327
snapshot_11_22_2015_0_0.json	1448168400.0	0	0	0
snapshot_11_22_2015_12_0.json	1448211600.0	0	0	0
snapshot_11_22_2015_18_0.json	1448233200.0	0	0	0
snapshot_11_22_2015_6_0.json	1448190000.0	0	0	0
snapshot_11_23_2015_0_0.json	1448254800.0	0	0	0
snapshot_11_23_2015_12_0.json	1448298000.0	0	0	0
snapshot_11_23_2015_18_0.json	1448319600.0	0	0	0
snapshot_11_23_2015_6_0.json	1448276400.0	0	0	0
snapshot_11_30_2015_0_0.json	1448859600.0	0	0	0
snapshot_11_30_2015_0_0.json	1448859600.0	0	0	0
snapshot_11_30_2015_12_0.json	1448902800.0	0	0	0
snapshot_11_30_2015_12_0.json	1448902800.0	0	0	0
snapshot_11_30_2015_6_0.json	1448881200.0	0	0	0
snapshot_12_3_2015_0_0.json	1449118800.0	0	0	0
snapshot_12_3_2015_0_0.json	1449118800.0	0	0	0
snapshot_12_3_2015_12_0.json	1449162000.0	0	0	0
9149866	2015-11-21T20:30:00Z	Ohio State Buckeyes	Ohio Stadium	Ohio Columbus|11883	43210
snapshot_11_16_2015_0_0.json	1447650000.0	110.55	5000	2342
snapshot_11_17_2015_0_0.json	1447736400.0	153.43	5000	2286
snapshot_11_17_2015_12_0.json	1447779600.0	143.31	5000	2252
snapshot_11_17_2015_18_0.json	1447801200.0	157.35	5000	2175
snapshot_11_17_2015_6_0.json	1447758000.0	145.65	5000	2246
snapshot_11_17_2015_6_0.json	1447758000.0	145.65	5000	2246
snapshot_11_18_2015_0_0.json	1447822800.0	151.5	5000	2081
snapshot_11_18_2015_12_0.json	1447866000.0	133.95	5000	2180
snapshot_11_18_2015_18_0.json	1447887600.0	122.25	5000	1928
snapshot_11_18_2015_6_0.json	1447844400.0	136.29	5000	2030
snapshot_11_19_2015_0_0.json	1447909200.0	190.55	1363	1073
snapshot_11_19_2015_12_0.json	1447952400.0	166.24	1363	994
snapshot_11_19_2015_6_0.json	1447930800.0	166.24	1363	993
snapshot_11_20_2015_0_0.json	1447995600.0	159.28	1308	692
snapshot_11_20_2015_12_0.json	1448038800.0	185.99	1363	647
snapshot_11_21_2015_12_0.json	1448125200.0	176.83	818	715
snapshot_11_21_2015_18_0.json	1448146800.0	131.2	3500	327
snapshot_11_22_2015_0_0.json	1448168400.0	0	0	0
snapshot_11_22_2015_12_0.json	1448211600.0	0	0	0
snapshot_11_22_2015_18_0.json	1448233200.0	0	0	0
snapshot_11_22_2015_6_0.json	1448190000.0	0	0	0
snapshot_11_23_2015_0_0.json	1448254800.0	0	0	0
snapshot_11_23_2015_12_0.json	1448298000.0	0	0	0
snapshot_11_23_2015_18_0.json	1448319600.0	0	0	0
snapshot_11_23_2015_6_0.json	1448276400.0	0	0	0
snapshot_11_30_2015_0_0.json	1448859600.0	0	0	0
snapshot_11_30_2015_0_0.json	1448859600.0	0	0	0
snapshot_11_30_2015_12_0.json	1448902800.0	0	0	0
snapshot_11_30_2015_12_0.json	1448902800.0	0	0	0
snapshot_11_30_2015_6_0.json	1448881200.0	0	0	0
snapshot_12_3_2015_0_0.json	1449118800.0	0	0	0
snapshot_12_3_2015_0_0.json	1449118800.0	0	0	0
snapshot_12_3_2015_12_0.json	1449162000.0	0	0	0
9149866	2015-11-21T20:30:00Z	Ohio State Buckeyes	Ohio Stadium	Ohio Columbus|11883	43210
snapshot_11_16_2015_0_0.json	1447650000.0	110.55	5000	2342
snapshot_11_17_2015_0_0.json	1447736400.0	153.43	5000	2286
snapshot_11_17_2015_12_0.json	1447779600.0	143.31	5000	2252
snapshot_11_17_2015_18_0.json	1447801200.0	157.35	5000	2175
snapshot_11_17_2015_6_0.json	1447758000.0	145.65	5000	2246
snapshot_11_17_2015_6_0.json	1447758000.0	145.65	5000	2246
snapshot_11_18_2015_0_0.json	1447822800.0	151.5	5000	2081
snapshot_11_18_2015_12_0.json	1447866000.0	133.95	5000	2180
snapshot_11_18_2015_18_0.json	1447887600.0	122.25	5000	1928
snapshot_11_18_2015_6_0.json	1447844400.0	136.29	5000	2030
snapshot_11_19_2015_0_0.json	1447909200.0	190.55	1363	1073
snapshot_11_19_2015_12_0.json	1447952400.0	166.24	1363	994
snapshot_11_19_2015_6_0.json	1447930800.0	166.24	1363	993
snapshot_11_20_2015_0_0.json	1447995600.0	159.28	1308	692
snapshot_11_20_2015_12_0.json	1448038800.0	185.99	1363	647
snapshot_11_21_2015_12_0.json	1448125200.0	176.83	818	715
snapshot_11_21_2015_18_0.json	1448146800.0	131.2	3500	327
snapshot_11_22_2015_0_0.json	1448168400.0	0	0	0
snapshot_11_22_2015_12_0.json	1448211600.0	0	0	0
snapshot_11_22_2015_18_0.json	1448233200.0	0	0	0
snapshot_11_22_2015_6_0.json	1448190000.0	0	0	0
snapshot_11_23_2015_0_0.json	1448254800.0	0	0	0
snapshot_11_23_2015_12_0.json	1448298000.0	0	0	0
snapshot_11_23_2015_18_0.json	1448319600.0	0	0	0
snapshot_11_23_2015_6_0.json	1448276400.0	0	0	0
snapshot_11_30_2015_0_0.json	1448859600.0	0	0	0
snapshot_11_30_2015_0_0.json	1448859600.0	0	0	0
snapshot_11_30_2015_12_0.json	1448902800.0	0	0	0
snapshot_11_30_2015_12_0.json	1448902800.0	0	0	0
snapshot_11_30_2015_6_0.json	1448881200.0	0	0	0
snapshot_12_3_2015_0_0.json	1449118800.0	0	0	0
snapshot_12_3_2015_0_0.json	1449118800.0	0	0	0
snapshot_12_3_2015_12_0.json	1449162000.0	0	0	0
9149866	2015-11-21T20:30:00Z	Ohio State Buckeyes	Ohio Stadium	Ohio Columbus|11883	43210
snapshot_11_16_2015_0_0.json	1447650000.0	110.55	5000	2342
snapshot_11_17_2015_0_0.json	1447736400.0	153.43	5000	2286
snapshot_11_17_2015_12_0.json	1447779600.0	143.31	5000	2252
snapshot_11_17_2015_18_0.json	1447801200.0	157.35	5000	2175
snapshot_11_17_2015_6_0.json	1447758000.0	145.65	5000	2246
snapshot_11_17_2015_6_0.json	1447758000.0	145.65	5000	2246
snapshot_11_18_2015_0_0.json	1447822800.0	151.5	5000	2081
snapshot_11_18_2015_12_0.json	1447866000.0	133.95	5000	2180
snapshot_11_18_2015_18_0.json	1447887600.0	122.25	5000	1928
snapshot_11_18_2015_6_0.json	1447844400.0	136.29	5000	2030
snapshot_11_19_2015_0_0.json	1447909200.0	190.55	1363	1073
snapshot_11_19_2015_12_0.json	1447952400.0	166.24	1363	994
snapshot_11_19_2015_6_0.json	1447930800.0	166.24	1363	993
snapshot_11_20_2015_0_0.json	1447995600.0	159.28	1308	692
snapshot_11_20_2015_12_0.json	1448038800.0	185.99	1363	647
snapshot_11_21_2015_12_0.json	1448125200.0	176.83	818	715
snapshot_11_21_2015_18_0.json	1448146800.0	131.2	3500	327
snapshot_11_22_2015_0_0.json	1448168400.0	0	0	0
snapshot_11_22_2015_12_0.json	1448211600.0	0	0	0
snapshot_11_22_2015_18_0.json	1448233200.0	0	0	0
snapshot_11_22_2015_6_0.json	1448190000.0	0	0	0
snapshot_11_23_2015_0_0.json	1448254800.0	0	0	0
snapshot_11_23_2015_12_0.json	1448298000.0	0	0	0
snapshot_11_23_2015_18_0.json	1448319600.0	0	0	0
snapshot_11_23_2015_6_0.json	1448276400.0	0	0	0
snapshot_11_30_2015_0_0.json	1448859600.0	0	0	0
snapshot_11_30_2015_0_0.json	1448859600.0	0	0	0
snapshot_11_30_2015_12_0.json	1448902800.0	0	0	0
snapshot_11_30_2015_12_0.json	1448902800.0	0	0	0
snapshot_11_30_2015_6_0.json	1448881200.0	0	0	0
snapshot_12_3_2015_0_0.json	1449118800.0	0	0	0
snapshot_12_3_2015_0_0.json	1449118800.0	0	0	0
snapshot_12_3_2015_12_0.json	1449162000.0	0	0	0
9149866	2015-11-21T20:30:00Z	Ohio State Buckeyes	Ohio Stadium	Ohio Columbus|11883	43210
snapshot_11_16_2015_0_0.json	1447650000.0	110.55	5000	2342
snapshot_11_17_2015_0_0.json	1447736400.0	153.43	5000	2286
snapshot_11_17_2015_12_0.json	1447779600.0	143.31	5000	2252
snapshot_11_17_2015_18_0.json	1447801200.0	157.35	5000	2175
snapshot_11_17_2015_6_0.json	1447758000.0	145.65	5000	2246
snapshot_11_17_2015_6_0.json	1447758000.0	145.65	5000	2246
snapshot_11_18_2015_0_0.json	1447822800.0	151.5	5000	2081
snapshot_11_18_2015_12_0.json	1447866000.0	133.95	5000	2180
snapshot_11_18_2015_18_0.json	1447887600.0	122.25	5000	1928
snapshot_11_18_2015_6_0.json	1447844400.0	136.29	5000	2030
snapshot_11_19_2015_0_0.json	1447909200.0	190.55	1363	1073
snapshot_11_19_2015_12_0.json	1447952400.0	166.24	1363	994
snapshot_11_19_2015_6_0.json	1447930800.0	166.24	1363	993
snapshot_11_20_2015_0_0.json	1447995600.0	159.28	1308	692
snapshot_11_20_2015_12_0.json	1448038800.0	185.99	1363	647
snapshot_11_21_2015_12_0.json	1448125200.0	176.83	818	715
snapshot_11_21_2015_18_0.json	1448146800.0	131.2	3500	327
snapshot_11_22_2015_0_0.json	1448168400.0	0	0	0
snapshot_11_22_2015_12_0.json	1448211600.0	0	0	0
snapshot_11_22_2015_18_0.json	1448233200.0	0	0	0
snapshot_11_22_2015_6_0.json	1448190000.0	0	0	0
snapshot_11_23_2015_0_0.json	1448254800.0	0	0	0
snapshot_11_23_2015_12_0.json	1448298000.0	0	0	0
snapshot_11_23_2015_18_0.json	1448319600.0	0	0	0
snapshot_11_23_2015_6_0.json	1448276400.0	0	0	0
snapshot_11_30_2015_0_0.json	1448859600.0	0	0	0
snapshot_11_30_2015_0_0.json	1448859600.0	0	0	0
snapshot_11_30_2015_12_0.json	1448902800.0	0	0	0
snapshot_11_30_2015_12_0.json	1448902800.0	0	0	0
snapshot_11_30_2015_6_0.json	1448881200.0	0	0	0
snapshot_12_3_2015_0_0.json	1449118800.0	0	0	0
snapshot_12_3_2015_0_0.json	1449118800.0	0	0	0
snapshot_12_3_2015_12_0.json	1449162000.0	0	0	0
9149866	2015-11-21T20:30:00Z	Ohio State Buckeyes	Ohio Stadium	Ohio Columbus|11883	43210
snapshot_11_16_2015_0_0.json	1447650000.0	110.55	5000	2342
snapshot_11_17_2015_0_0.json	1447736400.0	153.43	5000	2286
snapshot_11_17_2015_12_0.json	1447779600.0	143.31	5000	2252
snapshot_11_17_2015_18_0.json	1447801200.0	157.35	5000	2175
snapshot_11_17_2015_6_0.json	1447758000.0	145.65	5000	2246
snapshot_11_17_2015_6_0.json	1447758000.0	145.65	5000	2246
snapshot_11_18_2015_0_0.json	1447822800.0	151.5	5000	2081
snapshot_11_18_2015_12_0.json	1447866000.0	133.95	5000	2180
snapshot_11_18_2015_18_0.json	1447887600.0	122.25	5000	1928
snapshot_11_18_2015_6_0.json	1447844400.0	136.29	5000	2030
snapshot_11_19_2015_0_0.json	1447909200.0	190.55	1363	1073
snapshot_11_19_2015_12_0.json	1447952400.0	166.24	1363	994
snapshot_11_19_2015_6_0.json	1447930800.0	166.24	1363	993
snapshot_11_20_2015_0_0.json	1447995600.0	159.28	1308	692
snapshot_11_20_2015_12_0.json	1448038800.0	185.99	1363	647
snapshot_11_21_2015_12_0.json	1448125200.0	176.83	818	715
snapshot_11_21_2015_18_0.json	1448146800.0	131.2	3500	327
snapshot_11_22_2015_0_0.json	1448168400.0	0	0	0
snapshot_11_22_2015_12_0.json	1448211600.0	0	0	0
snapshot_11_22_2015_18_0.json	1448233200.0	0	0	0
snapshot_11_22_2015_6_0.json	1448190000.0	0	0	0
snapshot_11_23_2015_0_0.json	1448254800.0	0	0	0
snapshot_11_23_2015_12_0.json	1448298000.0	0	0	0
snapshot_11_23_2015_18_0.json	1448319600.0	0	0	0
snapshot_11_23_2015_6_0.json	1448276400.0	0	0	0
snapshot_11_30_2015_0_0.json	1448859600.0	0	0	0
snapshot_11_30_2015_0_0.json	1448859600.0	0	0	0
snapshot_11_30_2015_12_0.json	1448902800.0	0	0	0
snapshot_11_30_2015_12_0.json	1448902800.0	0	0	0
snapshot_11_30_2015_6_0.json	1448881200.0	0	0	0
snapshot_12_3_2015_0_0.json	1449118800.0	0	0	0
snapshot_12_3_2015_0_0.json	1449118800.0	0	0	0
snapshot_12_3_2015_12_0.json	1449162000.0	0	0	0
