9149911	2015-11-21T17:00:00Z	Penn State Nittany Lions	Beaver Stadium	Pennsylvania Philadelphia|522	16802
snapshot_11_16_2015_0_0.json	1447650000.0	69.6	943.73	2831
snapshot_11_17_2015_0_0.json	1447736400.0	69.6	943.73	2792
snapshot_11_17_2015_12_0.json	1447779600.0	63.75	930.52	2869
snapshot_11_17_2015_18_0.json	1447801200.0	60.72	930.52	2768
snapshot_11_17_2015_6_0.json	1447758000.0	69.6	943.73	2763
snapshot_11_17_2015_6_0.json	1447758000.0	69.6	943.73	2763
snapshot_11_18_2015_0_0.json	1447822800.0	62.17	930.52	2620
snapshot_11_18_2015_12_0.json	1447866000.0	61.41	918.78	2672
snapshot_11_18_2015_18_0.json	1447887600.0	52.05	9999	2537
snapshot_11_18_2015_6_0.json	1447844400.0	61.41	930.52	2550
snapshot_11_19_2015_0_0.json	1447909200.0	57.49	9999	1993
snapshot_11_19_2015_12_0.json	1447952400.0	60.72	9997	1825
snapshot_11_19_2015_6_0.json	1447930800.0	60.72	9997	1849
snapshot_11_20_2015_0_0.json	1447995600.0	72.58	9997	1192
snapshot_11_20_2015_12_0.json	1448038800.0	83.23	9997	1074
snapshot_11_21_2015_12_0.json	1448125200.0	66.11	298	676
snapshot_11_21_2015_18_0.json	1448146800.0	0	0	0
snapshot_11_22_2015_0_0.json	1448168400.0	0	0	0
snapshot_11_22_2015_12_0.json	1448211600.0	0	0	0
snapshot_11_22_2015_18_0.json	1448233200.0	0	0	0
snapshot_11_22_2015_6_0.json	1448190000.0	0	0	0
snapshot_11_23_2015_0_0.json	1448254800.0	0	0	0
snapshot_11_23_2015_12_0.json	1448298000.0	0	0	0
snapshot_11_23_2015_18_0.json	1448319600.0	0	0	0
snapshot_11_23_2015_6_0.json	1448276400.0	0	0	0
snapshot_12_3_2015_0_0.json	1449118800.0	0	0	0
snapshot_12_3_2015_12_0.json	1449162000.0	0	0	0
snapshot_12_5_2015_0_0.json	1449291600.0	0	0	0
snapshot_12_5_2015_12_0.json	1449334800.0	0	0	0
9149911	2015-11-21T17:00:00Z	Penn State Nittany Lions	Beaver Stadium	Pennsylvania Philadelphia|522	16802
snapshot_11_16_2015_0_0.json	1447650000.0	69.6	943.73	2831
snapshot_11_17_2015_0_0.json	1447736400.0	69.6	943.73	2792
snapshot_11_17_2015_12_0.json	1447779600.0	63.75	930.52	2869
snapshot_11_17_2015_18_0.json	1447801200.0	60.72	930.52	2768
snapshot_11_17_2015_6_0.json	1447758000.0	69.6	943.73	2763
snapshot_11_17_2015_6_0.json	1447758000.0	69.6	943.73	2763
snapshot_11_18_2015_0_0.json	1447822800.0	62.17	930.52	2620
snapshot_11_18_2015_12_0.json	1447866000.0	61.41	918.78	2672
snapshot_11_18_2015_18_0.json	1447887600.0	52.05	9999	2537
snapshot_11_18_2015_6_0.json	1447844400.0	61.41	930.52	2550
snapshot_11_19_2015_0_0.json	1447909200.0	57.49	9999	1993
snapshot_11_19_2015_12_0.json	1447952400.0	60.72	9997	1825
snapshot_11_19_2015_6_0.json	1447930800.0	60.72	9997	1849
snapshot_11_20_2015_0_0.json	1447995600.0	72.58	9997	1192
snapshot_11_20_2015_12_0.json	1448038800.0	83.23	9997	1074
snapshot_11_21_2015_12_0.json	1448125200.0	66.11	298	676
snapshot_11_21_2015_18_0.json	1448146800.0	0	0	0
snapshot_11_22_2015_0_0.json	1448168400.0	0	0	0
snapshot_11_22_2015_12_0.json	1448211600.0	0	0	0
snapshot_11_22_2015_18_0.json	1448233200.0	0	0	0
snapshot_11_22_2015_6_0.json	1448190000.0	0	0	0
snapshot_11_23_2015_0_0.json	1448254800.0	0	0	0
snapshot_11_23_2015_12_0.json	1448298000.0	0	0	0
snapshot_11_23_2015_18_0.json	1448319600.0	0	0	0
snapshot_11_23_2015_6_0.json	1448276400.0	0	0	0
snapshot_12_3_2015_0_0.json	1449118800.0	0	0	0
snapshot_12_3_2015_12_0.json	1449162000.0	0	0	0
snapshot_12_5_2015_0_0.json	1449291600.0	0	0	0
snapshot_12_5_2015_12_0.json	1449334800.0	0	0	0
9149911	2015-11-21T17:00:00Z	Penn State Nittany Lions	Beaver Stadium	Pennsylvania Philadelphia|522	16802
snapshot_11_16_2015_0_0.json	1447650000.0	69.6	943.73	2831
snapshot_11_17_2015_0_0.json	1447736400.0	69.6	943.73	2792
snapshot_11_17_2015_12_0.json	1447779600.0	63.75	930.52	2869
snapshot_11_17_2015_18_0.json	1447801200.0	60.72	930.52	2768
snapshot_11_17_2015_6_0.json	1447758000.0	69.6	943.73	2763
snapshot_11_17_2015_6_0.json	1447758000.0	69.6	943.73	2763
snapshot_11_18_2015_0_0.json	1447822800.0	62.17	930.52	2620
snapshot_11_18_2015_12_0.json	1447866000.0	61.41	918.78	2672
snapshot_11_18_2015_18_0.json	1447887600.0	52.05	9999	2537
snapshot_11_18_2015_6_0.json	1447844400.0	61.41	930.52	2550
snapshot_11_19_2015_0_0.json	1447909200.0	57.49	9999	1993
snapshot_11_19_2015_12_0.json	1447952400.0	60.72	9997	1825
snapshot_11_19_2015_6_0.json	1447930800.0	60.72	9997	1849
snapshot_11_20_2015_0_0.json	1447995600.0	72.58	9997	1192
snapshot_11_20_2015_12_0.json	1448038800.0	83.23	9997	1074
snapshot_11_21_2015_12_0.json	1448125200.0	66.11	298	676
snapshot_11_21_2015_18_0.json	1448146800.0	0	0	0
snapshot_11_22_2015_0_0.json	1448168400.0	0	0	0
snapshot_11_22_2015_12_0.json	1448211600.0	0	0	0
snapshot_11_22_2015_18_0.json	1448233200.0	0	0	0
snapshot_11_22_2015_6_0.json	1448190000.0	0	0	0
snapshot_11_23_2015_0_0.json	1448254800.0	0	0	0
snapshot_11_23_2015_12_0.json	1448298000.0	0	0	0
snapshot_11_23_2015_18_0.json	1448319600.0	0	0	0
snapshot_11_23_2015_6_0.json	1448276400.0	0	0	0
snapshot_12_3_2015_0_0.json	1449118800.0	0	0	0
snapshot_12_3_2015_12_0.json	1449162000.0	0	0	0
snapshot_12_5_2015_0_0.json	1449291600.0	0	0	0
snapshot_12_5_2015_12_0.json	1449334800.0	0	0	0
9149911	2015-11-21T17:00:00Z	Penn State Nittany Lions	Beaver Stadium	Pennsylvania Philadelphia|522	16802
snapshot_11_16_2015_0_0.json	1447650000.0	69.6	943.73	2831
snapshot_11_17_2015_0_0.json	1447736400.0	69.6	943.73	2792
snapshot_11_17_2015_12_0.json	1447779600.0	63.75	930.52	2869
snapshot_11_17_2015_18_0.json	1447801200.0	60.72	930.52	2768
snapshot_11_17_2015_6_0.json	1447758000.0	69.6	943.73	2763
snapshot_11_17_2015_6_0.json	1447758000.0	69.6	943.73	2763
snapshot_11_18_2015_0_0.json	1447822800.0	62.17	930.52	2620
snapshot_11_18_2015_12_0.json	1447866000.0	61.41	918.78	2672
snapshot_11_18_2015_18_0.json	1447887600.0	52.05	9999	2537
snapshot_11_18_2015_6_0.json	1447844400.0	61.41	930.52	2550
snapshot_11_19_2015_0_0.json	1447909200.0	57.49	9999	1993
snapshot_11_19_2015_12_0.json	1447952400.0	60.72	9997	1825
snapshot_11_19_2015_6_0.json	1447930800.0	60.72	9997	1849
snapshot_11_20_2015_0_0.json	1447995600.0	72.58	9997	1192
snapshot_11_20_2015_12_0.json	1448038800.0	83.23	9997	1074
snapshot_11_21_2015_12_0.json	1448125200.0	66.11	298	676
snapshot_11_21_2015_18_0.json	1448146800.0	0	0	0
snapshot_11_22_2015_0_0.json	1448168400.0	0	0	0
snapshot_11_22_2015_12_0.json	1448211600.0	0	0	0
snapshot_11_22_2015_18_0.json	1448233200.0	0	0	0
snapshot_11_22_2015_6_0.json	1448190000.0	0	0	0
snapshot_11_23_2015_0_0.json	1448254800.0	0	0	0
snapshot_11_23_2015_12_0.json	1448298000.0	0	0	0
snapshot_11_23_2015_18_0.json	1448319600.0	0	0	0
snapshot_11_23_2015_6_0.json	1448276400.0	0	0	0
snapshot_12_3_2015_0_0.json	1449118800.0	0	0	0
snapshot_12_3_2015_12_0.json	1449162000.0	0	0	0
snapshot_12_5_2015_0_0.json	1449291600.0	0	0	0
snapshot_12_5_2015_12_0.json	1449334800.0	0	0	0
9149911	2015-11-21T17:00:00Z	Penn State Nittany Lions	Beaver Stadium	Pennsylvania Philadelphia|522	16802
snapshot_11_16_2015_0_0.json	1447650000.0	69.6	943.73	2831
snapshot_11_17_2015_0_0.json	1447736400.0	69.6	943.73	2792
snapshot_11_17_2015_12_0.json	1447779600.0	63.75	930.52	2869
snapshot_11_17_2015_18_0.json	1447801200.0	60.72	930.52	2768
snapshot_11_17_2015_6_0.json	1447758000.0	69.6	943.73	2763
snapshot_11_17_2015_6_0.json	1447758000.0	69.6	943.73	2763
snapshot_11_18_2015_0_0.json	1447822800.0	62.17	930.52	2620
snapshot_11_18_2015_12_0.json	1447866000.0	61.41	918.78	2672
snapshot_11_18_2015_18_0.json	1447887600.0	52.05	9999	2537
snapshot_11_18_2015_6_0.json	1447844400.0	61.41	930.52	2550
snapshot_11_19_2015_0_0.json	1447909200.0	57.49	9999	1993
snapshot_11_19_2015_12_0.json	1447952400.0	60.72	9997	1825
snapshot_11_19_2015_6_0.json	1447930800.0	60.72	9997	1849
snapshot_11_20_2015_0_0.json	1447995600.0	72.58	9997	1192
snapshot_11_20_2015_12_0.json	1448038800.0	83.23	9997	1074
snapshot_11_21_2015_12_0.json	1448125200.0	66.11	298	676
snapshot_11_21_2015_18_0.json	1448146800.0	0	0	0
snapshot_11_22_2015_0_0.json	1448168400.0	0	0	0
snapshot_11_22_2015_12_0.json	1448211600.0	0	0	0
snapshot_11_22_2015_18_0.json	1448233200.0	0	0	0
snapshot_11_22_2015_6_0.json	1448190000.0	0	0	0
snapshot_11_23_2015_0_0.json	1448254800.0	0	0	0
snapshot_11_23_2015_12_0.json	1448298000.0	0	0	0
snapshot_11_23_2015_18_0.json	1448319600.0	0	0	0
snapshot_11_23_2015_6_0.json	1448276400.0	0	0	0
snapshot_12_3_2015_0_0.json	1449118800.0	0	0	0
snapshot_12_3_2015_12_0.json	1449162000.0	0	0	0
snapshot_12_5_2015_0_0.json	1449291600.0	0	0	0
snapshot_12_5_2015_12_0.json	1449334800.0	0	0	0
9149911	2015-11-21T17:00:00Z	Penn State Nittany Lions	Beaver Stadium	Pennsylvania Philadelphia|522	16802
snapshot_11_16_2015_0_0.json	1447650000.0	69.6	943.73	2831
snapshot_11_17_2015_0_0.json	1447736400.0	69.6	943.73	2792
snapshot_11_17_2015_12_0.json	1447779600.0	63.75	930.52	2869
snapshot_11_17_2015_18_0.json	1447801200.0	60.72	930.52	2768
snapshot_11_17_2015_6_0.json	1447758000.0	69.6	943.73	2763
snapshot_11_17_2015_6_0.json	1447758000.0	69.6	943.73	2763
snapshot_11_18_2015_0_0.json	1447822800.0	62.17	930.52	2620
snapshot_11_18_2015_12_0.json	1447866000.0	61.41	918.78	2672
snapshot_11_18_2015_18_0.json	1447887600.0	52.05	9999	2537
snapshot_11_18_2015_6_0.json	1447844400.0	61.41	930.52	2550
snapshot_11_19_2015_0_0.json	1447909200.0	57.49	9999	1993
snapshot_11_19_2015_12_0.json	1447952400.0	60.72	9997	1825
snapshot_11_19_2015_6_0.json	1447930800.0	60.72	9997	1849
snapshot_11_20_2015_0_0.json	1447995600.0	72.58	9997	1192
snapshot_11_20_2015_12_0.json	1448038800.0	83.23	9997	1074
snapshot_11_21_2015_12_0.json	1448125200.0	66.11	298	676
snapshot_11_21_2015_18_0.json	1448146800.0	0	0	0
snapshot_11_22_2015_0_0.json	1448168400.0	0	0	0
snapshot_11_22_2015_12_0.json	1448211600.0	0	0	0
snapshot_11_22_2015_18_0.json	1448233200.0	0	0	0
snapshot_11_22_2015_6_0.json	1448190000.0	0	0	0
snapshot_11_23_2015_0_0.json	1448254800.0	0	0	0
snapshot_11_23_2015_12_0.json	1448298000.0	0	0	0
snapshot_11_23_2015_18_0.json	1448319600.0	0	0	0
snapshot_11_23_2015_6_0.json	1448276400.0	0	0	0
snapshot_12_3_2015_0_0.json	1449118800.0	0	0	0
snapshot_12_3_2015_12_0.json	1449162000.0	0	0	0
snapshot_12_5_2015_0_0.json	1449291600.0	0	0	0
snapshot_12_5_2015_12_0.json	1449334800.0	0	0	0
9149911	2015-11-21T17:00:00Z	Penn State Nittany Lions	Beaver Stadium	Pennsylvania Philadelphia|522	16802
snapshot_11_16_2015_0_0.json	1447650000.0	69.6	943.73	2831
snapshot_11_17_2015_0_0.json	1447736400.0	69.6	943.73	2792
snapshot_11_17_2015_12_0.json	1447779600.0	63.75	930.52	2869
snapshot_11_17_2015_18_0.json	1447801200.0	60.72	930.52	2768
snapshot_11_17_2015_6_0.json	1447758000.0	69.6	943.73	2763
snapshot_11_17_2015_6_0.json	1447758000.0	69.6	943.73	2763
snapshot_11_18_2015_0_0.json	1447822800.0	62.17	930.52	2620
snapshot_11_18_2015_12_0.json	1447866000.0	61.41	918.78	2672
snapshot_11_18_2015_18_0.json	1447887600.0	52.05	9999	2537
snapshot_11_18_2015_6_0.json	1447844400.0	61.41	930.52	2550
snapshot_11_19_2015_0_0.json	1447909200.0	57.49	9999	1993
snapshot_11_19_2015_12_0.json	1447952400.0	60.72	9997	1825
snapshot_11_19_2015_6_0.json	1447930800.0	60.72	9997	1849
snapshot_11_20_2015_0_0.json	1447995600.0	72.58	9997	1192
snapshot_11_20_2015_12_0.json	1448038800.0	83.23	9997	1074
snapshot_11_21_2015_12_0.json	1448125200.0	66.11	298	676
snapshot_11_21_2015_18_0.json	1448146800.0	0	0	0
snapshot_11_22_2015_0_0.json	1448168400.0	0	0	0
snapshot_11_22_2015_12_0.json	1448211600.0	0	0	0
snapshot_11_22_2015_18_0.json	1448233200.0	0	0	0
snapshot_11_22_2015_6_0.json	1448190000.0	0	0	0
snapshot_11_23_2015_0_0.json	1448254800.0	0	0	0
snapshot_11_23_2015_12_0.json	1448298000.0	0	0	0
snapshot_11_23_2015_18_0.json	1448319600.0	0	0	0
snapshot_11_23_2015_6_0.json	1448276400.0	0	0	0
snapshot_12_3_2015_0_0.json	1449118800.0	0	0	0
snapshot_12_3_2015_12_0.json	1449162000.0	0	0	0
snapshot_12_5_2015_0_0.json	1449291600.0	0	0	0
snapshot_12_5_2015_12_0.json	1449334800.0	0	0	0
9149911	2015-11-21T17:00:00Z	Penn State Nittany Lions	Beaver Stadium	Pennsylvania Philadelphia|522	16802
snapshot_11_16_2015_0_0.json	1447650000.0	69.6	943.73	2831
snapshot_11_17_2015_0_0.json	1447736400.0	69.6	943.73	2792
snapshot_11_17_2015_12_0.json	1447779600.0	63.75	930.52	2869
snapshot_11_17_2015_18_0.json	1447801200.0	60.72	930.52	2768
snapshot_11_17_2015_6_0.json	1447758000.0	69.6	943.73	2763
snapshot_11_17_2015_6_0.json	1447758000.0	69.6	943.73	2763
snapshot_11_18_2015_0_0.json	1447822800.0	62.17	930.52	2620
snapshot_11_18_2015_12_0.json	1447866000.0	61.41	918.78	2672
snapshot_11_18_2015_18_0.json	1447887600.0	52.05	9999	2537
snapshot_11_18_2015_6_0.json	1447844400.0	61.41	930.52	2550
snapshot_11_19_2015_0_0.json	1447909200.0	57.49	9999	1993
snapshot_11_19_2015_12_0.json	1447952400.0	60.72	9997	1825
snapshot_11_19_2015_6_0.json	1447930800.0	60.72	9997	1849
snapshot_11_20_2015_0_0.json	1447995600.0	72.58	9997	1192
snapshot_11_20_2015_12_0.json	1448038800.0	83.23	9997	1074
snapshot_11_21_2015_12_0.json	1448125200.0	66.11	298	676
snapshot_11_21_2015_18_0.json	1448146800.0	0	0	0
snapshot_11_22_2015_0_0.json	1448168400.0	0	0	0
snapshot_11_22_2015_12_0.json	1448211600.0	0	0	0
snapshot_11_22_2015_18_0.json	1448233200.0	0	0	0
snapshot_11_22_2015_6_0.json	1448190000.0	0	0	0
snapshot_11_23_2015_0_0.json	1448254800.0	0	0	0
snapshot_11_23_2015_12_0.json	1448298000.0	0	0	0
snapshot_11_23_2015_18_0.json	1448319600.0	0	0	0
snapshot_11_23_2015_6_0.json	1448276400.0	0	0	0
snapshot_12_3_2015_0_0.json	1449118800.0	0	0	0
snapshot_12_3_2015_12_0.json	1449162000.0	0	0	0
snapshot_12_5_2015_0_0.json	1449291600.0	0	0	0
snapshot_12_5_2015_12_0.json	1449334800.0	0	0	0
