9152800	2016-03-04T00:30:00Z	The Who	Madison Square Garden	New York New York Metro|664	10001
snapshot_11_16_2015_0_0.json	1447650000.0	87.1	10000	1230
snapshot_11_17_2015_0_0.json	1447736400.0	87.1	10000	1238
snapshot_11_17_2015_12_0.json	1447779600.0	87.1	5300	1234
snapshot_11_17_2015_18_0.json	1447801200.0	87.1	5300	1234
snapshot_11_17_2015_18_0.json	1447801200.0	87.1	5300	1234
snapshot_11_18_2015_0_0.json	1447822800.0	87.1	5300	1232
snapshot_11_18_2015_0_0.json	1447822800.0	87.1	5300	1232
snapshot_11_18_2015_12_0.json	1447866000.0	87.1	5300	1248
snapshot_11_18_2015_12_0.json	1447866000.0	87.1	5300	1248
snapshot_11_18_2015_18_0.json	1447887600.0	87.1	5300	1240
snapshot_11_18_2015_6_0.json	1447844400.0	87.1	5300	1232
snapshot_11_19_2015_0_0.json	1447909200.0	87.1	5300	1236
snapshot_11_19_2015_6_0.json	1447930800.0	87.1	5300	1240
snapshot_11_20_2015_0_0.json	1447995600.0	87.1	5300	1232
snapshot_11_21_2015_12_0.json	1448125200.0	87.1	5300	1237
snapshot_11_21_2015_18_0.json	1448146800.0	87.1	5300	1239
snapshot_11_22_2015_0_0.json	1448168400.0	87.1	5300	1245
snapshot_11_22_2015_12_0.json	1448211600.0	87.1	5300	1243
snapshot_11_22_2015_12_0.json	1448211600.0	87.1	5300	1243
snapshot_11_22_2015_18_0.json	1448233200.0	87.1	5300	1241
snapshot_11_22_2015_6_0.json	1448190000.0	87.1	5300	1245
snapshot_11_22_2015_6_0.json	1448190000.0	87.1	5300	1245
snapshot_11_23_2015_0_0.json	1448254800.0	87.1	5300	1241
snapshot_11_23_2015_12_0.json	1448298000.0	87.1	5300	1241
snapshot_11_23_2015_18_0.json	1448319600.0	87.1	5300	1237
snapshot_11_23_2015_6_0.json	1448276400.0	87.1	5300	1241
snapshot_11_24_2015_0_0.json	1448341200.0	87.1	5300	1215
snapshot_11_24_2015_12_0.json	1448384400.0	87.1	5300	1233
snapshot_11_24_2015_12_0.json	1448384400.0	87.1	5300	1233
snapshot_11_24_2015_18_0.json	1448406000.0	87.1	5300	1231
snapshot_11_24_2015_6_0.json	1448362800.0	87.1	5300	1217
snapshot_11_25_2015_0_0.json	1448427600.0	87.1	5300	1233
snapshot_11_25_2015_12_0.json	1448470800.0	87.1	5300	1233
snapshot_11_25_2015_18_0.json	1448492400.0	87.1	5300	1222
snapshot_11_25_2015_6_0.json	1448449200.0	87.1	5300	1233
snapshot_11_26_2015_0_0.json	1448514000.0	87.1	5300	1224
snapshot_11_27_2015_18_0.json	1448665200.0	87.1	5300	1214
snapshot_11_28_2015_0_0.json	1448686800.0	87.1	5300	1214
snapshot_11_28_2015_12_0.json	1448730000.0	87.1	5300	1212
snapshot_11_28_2015_18_0.json	1448751600.0	87.1	5300	1210
snapshot_11_29_2015_12_0.json	1448816400.0	87.1	5300	1208
snapshot_11_29_2015_18_0.json	1448838000.0	87.1	5300	1200
snapshot_11_29_2015_6_0.json	1448794800.0	87.1	5300	1208
snapshot_11_30_2015_0_0.json	1448859600.0	87.1	5300	1198
snapshot_11_30_2015_0_0.json	1448859600.0	87.1	5300	1198
snapshot_11_30_2015_12_0.json	1448902800.0	87.1	5300	1192
snapshot_11_30_2015_18_0.json	1448924400.0	87.1	5300	1188
snapshot_11_30_2015_6_0.json	1448881200.0	87.1	5300	1192
snapshot_12_1_2015_0_0.json	1448946000.0	87.1	5300	1170
snapshot_12_1_2015_12_0.json	1448989200.0	87.1	5300	1162
snapshot_12_1_2015_18_0.json	1449010800.0	87.1	5300	1154
snapshot_12_1_2015_6_0.json	1448967600.0	87.1	5300	1164
snapshot_12_1_2015_6_0.json	1448967600.0	87.1	5300	1164
snapshot_12_2_2015_12_0.json	1449075600.0	87.1	5300	1142
snapshot_12_2_2015_18_0.json	1449097200.0	87.1	5300	1142
snapshot_12_2_2015_6_0.json	1449054000.0	87.1	5300	1142
snapshot_12_2_2015_6_0.json	1449054000.0	87.1	5300	1142
snapshot_12_3_2015_12_0.json	1449162000.0	87.1	5300	1136
snapshot_12_3_2015_18_0.json	1449183600.0	87.1	5300	1136
snapshot_12_3_2015_18_0.json	1449183600.0	87.1	5300	1136
snapshot_12_4_2015_0_0.json	1449205200.0	87.1	5300	1137
snapshot_12_4_2015_18_0.json	1449270000.0	87.1	5300	1127
snapshot_12_4_2015_6_0.json	1449226800.0	87.1	5300	1135
snapshot_12_5_2015_0_0.json	1449291600.0	87.1	5300	1125
snapshot_12_5_2015_12_0.json	1449334800.0	87.1	5300	1125
snapshot_12_5_2015_18_0.json	1449356400.0	87.1	5300	1117
snapshot_12_5_2015_6_0.json	1449313200.0	87.1	5300	1125
snapshot_12_5_2015_6_0.json	1449313200.0	87.1	5300	1125
