9152796	2016-03-16T23:30:00Z	The Who	CONSOL Energy Center	Pennsylvania Pittsburgh|681	15219
snapshot_11_16_2015_0_0.json	1447650000.0	66.93	889	252
snapshot_11_17_2015_0_0.json	1447736400.0	66.93	889	250
snapshot_11_17_2015_18_0.json	1447801200.0	66.93	1139	300
snapshot_11_17_2015_6_0.json	1447758000.0	66.93	1139	304
snapshot_11_17_2015_6_0.json	1447758000.0	66.93	1139	304
snapshot_11_18_2015_12_0.json	1447866000.0	66.93	905	270
snapshot_11_18_2015_12_0.json	1447866000.0	66.93	905	270
snapshot_11_18_2015_18_0.json	1447887600.0	66.93	932	270
snapshot_11_19_2015_0_0.json	1447909200.0	66.93	932	270
snapshot_11_19_2015_6_0.json	1447930800.0	66.93	932	266
snapshot_11_20_2015_0_0.json	1447995600.0	66.93	932	266
snapshot_11_21_2015_12_0.json	1448125200.0	66.93	932	276
snapshot_11_21_2015_18_0.json	1448146800.0	66.93	932	264
snapshot_11_22_2015_0_0.json	1448168400.0	66.93	889	264
snapshot_11_22_2015_12_0.json	1448211600.0	66.93	889	262
snapshot_11_22_2015_12_0.json	1448211600.0	66.93	889	262
snapshot_11_22_2015_18_0.json	1448233200.0	66.93	889	262
snapshot_11_22_2015_6_0.json	1448190000.0	66.93	889	262
snapshot_11_23_2015_12_0.json	1448298000.0	66.93	889	258
snapshot_11_23_2015_12_0.json	1448298000.0	66.93	889	258
snapshot_11_24_2015_0_0.json	1448341200.0	66.93	889	258
snapshot_11_24_2015_0_0.json	1448341200.0	66.93	889	258
snapshot_11_24_2015_12_0.json	1448384400.0	66.93	889	286
snapshot_11_24_2015_12_0.json	1448384400.0	66.93	889	286
snapshot_11_24_2015_18_0.json	1448406000.0	66.93	889	286
snapshot_11_24_2015_6_0.json	1448362800.0	66.93	889	258
snapshot_11_25_2015_0_0.json	1448427600.0	66.93	889	306
snapshot_11_25_2015_12_0.json	1448470800.0	66.93	889	306
snapshot_11_25_2015_6_0.json	1448449200.0	66.93	889	306
snapshot_11_26_2015_0_0.json	1448514000.0	66.93	889	306
snapshot_11_27_2015_18_0.json	1448665200.0	66.93	889	304
snapshot_11_28_2015_0_0.json	1448686800.0	66.93	889	304
snapshot_11_28_2015_12_0.json	1448730000.0	66.93	889	304
snapshot_11_28_2015_18_0.json	1448751600.0	66.93	889	302
snapshot_11_29_2015_0_0.json	1448773200.0	66.93	889	302
snapshot_11_29_2015_12_0.json	1448816400.0	66.93	889	302
snapshot_11_29_2015_18_0.json	1448838000.0	66.93	889	302
snapshot_11_29_2015_18_0.json	1448838000.0	66.93	889	302
snapshot_11_29_2015_6_0.json	1448794800.0	66.93	889	302
snapshot_11_30_2015_0_0.json	1448859600.0	66.93	889	302
snapshot_11_30_2015_0_0.json	1448859600.0	66.93	889	302
snapshot_11_30_2015_12_0.json	1448902800.0	66.93	889	299
snapshot_12_1_2015_0_0.json	1448946000.0	66.93	889	259
snapshot_12_1_2015_12_0.json	1448989200.0	66.93	889	259
snapshot_12_1_2015_18_0.json	1449010800.0	66.93	889	259
snapshot_12_1_2015_6_0.json	1448967600.0	66.93	889	259
snapshot_12_2_2015_0_0.json	1449032400.0	66.93	889	253
snapshot_12_2_2015_12_0.json	1449075600.0	66.93	889	251
snapshot_12_2_2015_18_0.json	1449097200.0	66.93	889	281
snapshot_12_2_2015_6_0.json	1449054000.0	66.93	889	251
snapshot_12_3_2015_0_0.json	1449118800.0	66.93	889	251
snapshot_12_3_2015_12_0.json	1449162000.0	66.93	889	251
snapshot_12_3_2015_18_0.json	1449183600.0	66.93	889	249
snapshot_12_3_2015_6_0.json	1449140400.0	66.93	889	251
snapshot_12_4_2015_0_0.json	1449205200.0	66.93	889	249
snapshot_12_4_2015_18_0.json	1449270000.0	66.93	889	251
snapshot_12_5_2015_0_0.json	1449291600.0	75.45	889	246
snapshot_12_5_2015_12_0.json	1449334800.0	75.45	889	242
snapshot_12_5_2015_18_0.json	1449356400.0	75.45	889	242
snapshot_12_5_2015_6_0.json	1449313200.0	75.45	889	242
9152796	2016-03-16T23:30:00Z	The Who	CONSOL Energy Center	Pennsylvania Pittsburgh|681	15219
snapshot_11_16_2015_0_0.json	1447650000.0	66.93	889	252
snapshot_11_17_2015_0_0.json	1447736400.0	66.93	889	250
snapshot_11_17_2015_18_0.json	1447801200.0	66.93	1139	300
snapshot_11_17_2015_6_0.json	1447758000.0	66.93	1139	304
snapshot_11_17_2015_6_0.json	1447758000.0	66.93	1139	304
snapshot_11_18_2015_12_0.json	1447866000.0	66.93	905	270
snapshot_11_18_2015_12_0.json	1447866000.0	66.93	905	270
snapshot_11_18_2015_18_0.json	1447887600.0	66.93	932	270
snapshot_11_19_2015_0_0.json	1447909200.0	66.93	932	270
snapshot_11_19_2015_6_0.json	1447930800.0	66.93	932	266
snapshot_11_20_2015_0_0.json	1447995600.0	66.93	932	266
snapshot_11_21_2015_12_0.json	1448125200.0	66.93	932	276
snapshot_11_21_2015_18_0.json	1448146800.0	66.93	932	264
snapshot_11_22_2015_0_0.json	1448168400.0	66.93	889	264
snapshot_11_22_2015_12_0.json	1448211600.0	66.93	889	262
snapshot_11_22_2015_12_0.json	1448211600.0	66.93	889	262
snapshot_11_22_2015_18_0.json	1448233200.0	66.93	889	262
snapshot_11_22_2015_6_0.json	1448190000.0	66.93	889	262
snapshot_11_23_2015_12_0.json	1448298000.0	66.93	889	258
snapshot_11_23_2015_12_0.json	1448298000.0	66.93	889	258
snapshot_11_24_2015_0_0.json	1448341200.0	66.93	889	258
snapshot_11_24_2015_0_0.json	1448341200.0	66.93	889	258
snapshot_11_24_2015_12_0.json	1448384400.0	66.93	889	286
snapshot_11_24_2015_12_0.json	1448384400.0	66.93	889	286
snapshot_11_24_2015_18_0.json	1448406000.0	66.93	889	286
snapshot_11_24_2015_6_0.json	1448362800.0	66.93	889	258
snapshot_11_25_2015_0_0.json	1448427600.0	66.93	889	306
snapshot_11_25_2015_12_0.json	1448470800.0	66.93	889	306
snapshot_11_25_2015_6_0.json	1448449200.0	66.93	889	306
snapshot_11_26_2015_0_0.json	1448514000.0	66.93	889	306
snapshot_11_27_2015_18_0.json	1448665200.0	66.93	889	304
snapshot_11_28_2015_0_0.json	1448686800.0	66.93	889	304
snapshot_11_28_2015_12_0.json	1448730000.0	66.93	889	304
snapshot_11_28_2015_18_0.json	1448751600.0	66.93	889	302
snapshot_11_29_2015_0_0.json	1448773200.0	66.93	889	302
snapshot_11_29_2015_12_0.json	1448816400.0	66.93	889	302
snapshot_11_29_2015_18_0.json	1448838000.0	66.93	889	302
snapshot_11_29_2015_18_0.json	1448838000.0	66.93	889	302
snapshot_11_29_2015_6_0.json	1448794800.0	66.93	889	302
snapshot_11_30_2015_0_0.json	1448859600.0	66.93	889	302
snapshot_11_30_2015_0_0.json	1448859600.0	66.93	889	302
snapshot_11_30_2015_12_0.json	1448902800.0	66.93	889	299
snapshot_12_1_2015_0_0.json	1448946000.0	66.93	889	259
snapshot_12_1_2015_12_0.json	1448989200.0	66.93	889	259
snapshot_12_1_2015_18_0.json	1449010800.0	66.93	889	259
snapshot_12_1_2015_6_0.json	1448967600.0	66.93	889	259
snapshot_12_2_2015_0_0.json	1449032400.0	66.93	889	253
snapshot_12_2_2015_12_0.json	1449075600.0	66.93	889	251
snapshot_12_2_2015_18_0.json	1449097200.0	66.93	889	281
snapshot_12_2_2015_6_0.json	1449054000.0	66.93	889	251
snapshot_12_3_2015_0_0.json	1449118800.0	66.93	889	251
snapshot_12_3_2015_12_0.json	1449162000.0	66.93	889	251
snapshot_12_3_2015_18_0.json	1449183600.0	66.93	889	249
snapshot_12_3_2015_6_0.json	1449140400.0	66.93	889	251
snapshot_12_4_2015_0_0.json	1449205200.0	66.93	889	249
snapshot_12_4_2015_18_0.json	1449270000.0	66.93	889	251
snapshot_12_5_2015_0_0.json	1449291600.0	75.45	889	246
snapshot_12_5_2015_12_0.json	1449334800.0	75.45	889	242
snapshot_12_5_2015_18_0.json	1449356400.0	75.45	889	242
snapshot_12_5_2015_6_0.json	1449313200.0	75.45	889	242
9152796	2016-03-16T23:30:00Z	The Who	CONSOL Energy Center	Pennsylvania Pittsburgh|681	15219
snapshot_11_16_2015_0_0.json	1447650000.0	66.93	889	252
snapshot_11_17_2015_0_0.json	1447736400.0	66.93	889	250
snapshot_11_17_2015_18_0.json	1447801200.0	66.93	1139	300
snapshot_11_17_2015_6_0.json	1447758000.0	66.93	1139	304
snapshot_11_17_2015_6_0.json	1447758000.0	66.93	1139	304
snapshot_11_18_2015_12_0.json	1447866000.0	66.93	905	270
snapshot_11_18_2015_12_0.json	1447866000.0	66.93	905	270
snapshot_11_18_2015_18_0.json	1447887600.0	66.93	932	270
snapshot_11_19_2015_0_0.json	1447909200.0	66.93	932	270
snapshot_11_19_2015_6_0.json	1447930800.0	66.93	932	266
snapshot_11_20_2015_0_0.json	1447995600.0	66.93	932	266
snapshot_11_21_2015_12_0.json	1448125200.0	66.93	932	276
snapshot_11_21_2015_18_0.json	1448146800.0	66.93	932	264
snapshot_11_22_2015_0_0.json	1448168400.0	66.93	889	264
snapshot_11_22_2015_12_0.json	1448211600.0	66.93	889	262
snapshot_11_22_2015_12_0.json	1448211600.0	66.93	889	262
snapshot_11_22_2015_18_0.json	1448233200.0	66.93	889	262
snapshot_11_22_2015_6_0.json	1448190000.0	66.93	889	262
sna9152796	2016-03-16T23:30:00Z	The Who	CONSOL Energy Center	Pennsylvania Pittsburgh|681	15219
snapshot_11_16_2015_0_0.json	1447650000.0	66.93	889	252
snapshot_11_17_2015_0_0.json	1447736400.0	66.93	889	250
snapshot_11_17_2015_18_0.json	1447801200.0	66.93	1139	300
snapshot_11_17_2015_6_0.json	1447758000.0	66.93	1139	304
snapshot_11_17_2015_6_0.json	1447758000.0	66.93	1139	304
snapshot_11_18_2015_12_0.json	1447866000.0	66.93	905	270
snapshot_11_18_2015_12_0.json	1447866000.0	66.93	905	270
snapshot_11_18_2015_18_0.json	1447887600.0	66.93	932	270
snapshot_11_19_2015_0_0.json	1447909200.0	66.93	932	270
snapshot_11_19_2015_6_0.json	1447930800.0	66.93	932	266
snapshot_11_20_2015_0_0.json	1447995600.0	66.93	932	266
snapshot_11_21_2015_12_0.json	1448125200.0	66.93	932	276
snapshot_11_21_2015_18_0.json	1448146800.0	66.93	932	264
snapshot_11_22_2015_0_0.json	1448168400.0	66.93	889	264
snapshot_11_22_2015_12_0.json	1448211600.0	66.93	889	262
snapshot_11_22_2015_12_0.json	1448211600.0	66.93	889	262
snapshot_11_22_2015_18_0.json	1448233200.0	66.93	889	262
snapshot_11_22_2015_6_0.json	1448190000.0	66.93	889	262
snapshot_11_23_2015_12_0.json	1448298000.0	66.93	889	258
snapshot_11_23_2015_12_0.json	1448298000.0	66.93	889	258
snapshot_11_24_2015_0_0.json	1448341200.0	66.93	889	258
snapshot_11_24_2015_0_0.json	1448341200.0	66.93	889	258
snapshot_11_24_2015_12_0.json	1448384400.0	66.93	889	286
snapshot_11_24_2015_12_0.json	1448384400.0	66.93	889	286
snapshot_11_24_2015_18_0.json	1448406000.0	66.93	889	286
snapshot_11_24_2015_6_0.json	1448362800.0	66.93	889	258
snapshot_11_25_2015_0_0.json	1448427600.0	66.93	889	306
snapshot_11_25_2015_12_0.json	1448470800.0	66.93	889	306
snapshot_11_25_2015_6_0.json	1448449200.0	66.93	889	306
snapshot_11_26_2015_0_0.json	1448514000.0	66.93	889	306
snapshot_11_27_2015_18_0.json	1448665200.0	66.93	889	304
snapshot_11_28_2015_0_0.json	1448686800.0	66.93	889	304
snapshot_11_28_2015_12_0.json	1448730000.0	66.93	889	304
snapshot_11_28_2015_18_0.json	1448751600.0	66.93	889	302
snapshot_11_29_2015_0_0.json	1448773200.0	66.93	889	302
snapshot_11_29_2015_12_0.json	1448816400.0	66.93	889	302
snapshot_11_29_2015_18_0.json	1448838000.0	66.93	889	302
snapshot_11_29_2015_18_0.json	1448838000.0	66.93	889	302
snapshot_11_29_2015_6_0.json	1448794800.0	66.93	889	302
snapshot_11_30_2015_0_0.json	1448859600.0	66.93	889	302
snapshot_11_30_2015_0_0.json	1448859600.0	66.93	889	302
snapshot_11_30_2015_12_0.json	1448902800.0	66.93	889	299
snapshot_12_1_2015_0_0.json	1448946000.0	66.93	889	259
snapshot_12_1_2015_12_0.json	1448989200.0	66.93	889	259
snapshot_12_1_2015_18_0.json	1449010800.0	66.93	889	259
snapshot_12_1_2015_6_0.json	1448967600.0	66.93	889	259
snapshot_12_2_2015_0_0.json	1449032400.0	66.93	889	253
snapshot_12_2_2015_12_0.json	1449075600.0	66.93	889	251
snapshot_12_2_2015_18_0.json	1449097200.0	66.93	889	281
snapshot_12_2_2015_6_0.json	1449054000.0	66.93	889	251
snapshot_12_3_2015_0_0.json	1449118800.0	66.93	889	251
snapshot_12_3_2015_12_0.json	1449162000.0	66.93	889	251
snapshot_12_3_2015_18_0.json	1449183600.0	66.93	889	249
snapshot_12_3_2015_6_0.json	1449140400.0	66.93	889	251
snapshot_12_4_2015_0_0.json	1449205200.0	66.93	889	249
snapshot_12_4_2015_18_0.json	1449270000.0	66.93	889	251
snapshot_12_5_2015_0_0.json	1449291600.0	75.45	889	246
snapshot_12_5_2015_12_0.json	1449334800.0	75.45	889	242
snapshot_12_5_2015_18_0.json	1449356400.0	75.45	889	242
snapshot_12_5_2015_6_0.json	1449313200.0	75.45	889	242
9152796	2016-03-16T23:30:00Z	The Who	CONSOL Energy Center	Pennsylvania Pittsburgh|681	15219
snapshot_11_16_2015_0_0.json	1447650000.0	66.93	889	252
snapshot_11_17_2015_0_0.json	1447736400.0	66.93	889	250
snapshot_11_17_2015_18_0.json	1447801200.0	66.93	1139	300
snapshot_11_17_2015_6_0.json	1447758000.0	66.93	1139	304
snapshot_11_17_2015_6_0.json	1447758000.0	66.93	1139	304
snapshot_11_18_2015_12_0.json	1447866000.0	66.93	905	270
snapshot_11_18_2015_12_0.json	1447866000.0	66.93	905	270
snapshot_11_18_2015_18_0.json	1447887600.0	66.93	932	270
snapshot_11_19_2015_0_0.json	1447909200.0	66.93	932	270
snapshot_11_19_2015_6_0.json	1447930800.0	66.93	932	266
snapshot_11_20_2015_0_0.json	1447995600.0	66.93	932	266
snapshot_11_21_2015_12_0.json	1448125200.0	66.93	932	276
snapshot_11_21_2015_18_0.json	1448146800.0	66.93	932	264
snapshot_11_22_2015_0_0.json	1448168400.0	66.93	889	264
snapshot_11_22_2015_12_0.json	1448211600.0	66.93	889	262
snapshot_11_22_2015_12_0.json	1448211600.0	66.93	889	262
snapshot_11_22_2015_18_0.json	1448233200.0	66.93	889	262
snapshot_11_22_2015_6_0.json	1448190000.0	66.93	889	262
snapshot_11_23_2015_12_0.json	1448298000.0	66.93	889	258
snapshot_11_23_2015_12_0.json	1448298000.0	66.93	889	258
snapshot_11_24_2015_0_0.json	1448341200.0	66.93	889	258
snapshot_11_24_2015_0_0.json	1448341200.0	66.93	889	258
snapshot_11_24_2015_12_0.json	1448384400.0	66.93	889	286
snapshot_11_24_2015_12_0.json	1448384400.0	66.93	889	286
snapshot_11_24_2015_18_0.json	1448406000.0	66.93	889	286
snapshot_11_24_2015_6_0.json	1448362800.0	66.93	889	258
snapshot_11_25_2015_0_0.json	1448427600.0	66.93	889	306
snapshot_11_25_2015_12_0.json	1448470800.0	66.93	889	306
snapshot_11_25_2015_6_0.json	1448449200.0	66.93	889	306
snapshot_11_26_2015_0_0.json	1448514000.0	66.93	889	306
snapshot_11_27_2015_18_0.json	1448665200.0	66.93	889	304
snapshot_11_28_2015_0_0.json	1448686800.0	66.93	889	304
snapshot_11_28_2015_12_0.json	1448730000.0	66.93	889	304
snapshot_11_28_2015_18_0.json	1448751600.0	66.93	889	302
snapshot_11_29_2015_0_0.json	1448773200.0	66.93	889	302
snapshot_11_29_2015_12_0.json	1448816400.0	66.93	889	302
snapshot_11_29_2015_18_0.json	1448838000.0	66.93	889	302
snapshot_11_29_2015_18_0.json	1448838000.0	66.93	889	302
snapshot_11_29_2015_6_0.json	1448794800.0	66.93	889	302
snapshot_11_30_2015_0_0.json	1448859600.0	66.93	889	302
snapshot_11_30_2015_0_0.json	1448859600.0	66.93	889	302
snapshot_11_30_2015_12_0.json	1448902800.0	66.93	889	299
snapshot_12_1_2015_0_0.json	1448946000.0	66.93	889	259
snapshot_12_1_2015_12_0.json	1448989200.0	66.93	889	259
snapshot_12_1_2015_18_0.json	1449010800.0	66.93	889	259
snapshot_12_1_2015_6_0.json	1448967600.0	66.93	889	259
snapshot_12_2_2015_0_0.json	1449032400.0	66.93	889	253
snapshot_12_2_2015_12_0.json	1449075600.0	66.93	889	251
snapshot_12_2_2015_18_0.json	1449097200.0	66.93	889	281
snapshot_12_2_2015_6_0.json	1449054000.0	66.93	889	251
snapshot_12_3_2015_0_0.json	1449118800.0	66.93	889	251
snapshot_12_3_2015_12_0.json	1449162000.0	66.93	889	251
snapshot_12_3_2015_18_0.json	1449183600.0	66.93	889	249
snapshot_12_3_2015_6_0.json	1449140400.0	66.93	889	251
snapshot_12_4_2015_0_0.json	1449205200.0	66.93	889	249
snapshot_12_4_2015_18_0.json	1449270000.0	66.93	889	251
snapshot_12_5_2015_0_0.json	1449291600.0	75.45	889	246
snapshot_12_5_2015_12_0.json	1449334800.0	75.45	889	242
snapshot_12_5_2015_18_0.json	1449356400.0	75.45	889	242
snapshot_12_5_2015_6_0.json	1449313200.0	75.45	889	242
9152796	2016-03-16T23:30:00Z	The Who	CONSOL Energy Center	Pennsylvania Pittsburgh|681	15219
snapshot_11_16_2015_0_0.json	1447650000.0	66.93	889	252
snapshot_11_17_2015_0_0.json	1447736400.0	66.93	889	250
snapshot_11_17_2015_18_0.json	1447801200.0	66.93	1139	300
snapshot_11_17_2015_6_0.json	1447758000.0	66.93	1139	304
snapshot_11_17_2015_6_0.json	1447758000.0	66.93	1139	304
snapshot_11_18_2015_12_0.json	1447866000.0	66.93	905	270
snapshot_11_18_2015_12_0.json	1447866000.0	66.93	905	270
snapshot_11_18_2015_18_0.json	1447887600.0	66.93	932	270
snapshot_11_19_2015_0_0.json	1447909200.0	66.93	932	270
snapshot_11_19_2015_6_0.json	1447930800.0	66.93	932	266
snapshot_11_20_2015_0_0.json	1447995600.0	66.93	932	266
snapshot_11_21_2015_12_0.json	1448125200.0	66.93	932	276
snapshot_11_21_2015_18_0.json	1448146800.0	66.93	932	264
snapshot_11_22_2015_0_0.json	1448168400.0	66.93	889	264
snapshot_11_22_2015_12_0.json	1448211600.0	66.93	889	262
snapshot_11_22_2015_12_0.json	1448211600.0	66.93	889	262
snapshot_11_22_2015_18_0.json	1448233200.0	66.93	889	262
snapshot_11_22_2015_6_0.json	1448190000.0	66.93	889	262
sna
