9152754	2016-03-27T00:30:00Z	The Who	Scottrade Center	Missouri St. Louis|683	63103
snapshot_11_16_2015_0_0.json	1447650000.0	77.97	499	123
snapshot_11_17_2015_0_0.json	1447736400.0	77.97	499	123
snapshot_11_17_2015_18_0.json	1447801200.0	77.97	499	127
snapshot_11_18_2015_0_0.json	1447822800.0	77.97	499	125
snapshot_11_18_2015_12_0.json	1447866000.0	77.97	499	125
snapshot_11_18_2015_18_0.json	1447887600.0	77.97	499	125
snapshot_11_18_2015_6_0.json	1447844400.0	77.97	499	125
snapshot_11_19_2015_0_0.json	1447909200.0	77.97	499	125
snapshot_11_19_2015_6_0.json	1447930800.0	77.97	499	125
snapshot_11_19_2015_6_0.json	1447930800.0	77.97	499	125
snapshot_11_20_2015_0_0.json	1447995600.0	77.97	499	125
snapshot_11_21_2015_18_0.json	1448146800.0	77.97	499	121
snapshot_11_22_2015_0_0.json	1448168400.0	77.97	499	121
snapshot_11_22_2015_12_0.json	1448211600.0	77.97	499	121
snapshot_11_22_2015_18_0.json	1448233200.0	77.97	499	121
snapshot_11_22_2015_18_0.json	1448233200.0	77.97	499	121
snapshot_11_22_2015_6_0.json	1448190000.0	77.97	499	121
snapshot_11_23_2015_0_0.json	1448254800.0	77.97	499	121
snapshot_11_23_2015_12_0.json	1448298000.0	77.97	499	121
snapshot_11_23_2015_6_0.json	1448276400.0	77.97	499	121
snapshot_11_23_2015_6_0.json	1448276400.0	77.97	499	121
snapshot_11_24_2015_12_0.json	1448384400.0	86.74	499	118
snapshot_11_24_2015_18_0.json	1448406000.0	86.74	499	118
snapshot_11_24_2015_6_0.json	1448362800.0	86.74	499	118
snapshot_11_25_2015_0_0.json	1448427600.0	86.74	499	118
snapshot_11_25_2015_0_0.json	1448427600.0	86.74	499	118
snapshot_11_25_2015_12_0.json	1448470800.0	79.66	499	146
snapshot_11_25_2015_18_0.json	1448492400.0	79.66	499	146
snapshot_11_25_2015_6_0.json	1448449200.0	79.66	499	146
snapshot_11_26_2015_0_0.json	1448514000.0	79.66	499	152
snapshot_11_28_2015_0_0.json	1448686800.0	79.66	499	152
snapshot_11_28_2015_12_0.json	1448730000.0	79.66	499	154
snapshot_11_28_2015_18_0.json	1448751600.0	79.66	499	154
snapshot_11_29_2015_0_0.json	1448773200.0	79.66	499	149
snapshot_11_29_2015_0_0.json	1448773200.0	79.66	499	149
snapshot_11_29_2015_12_0.json	1448816400.0	79.66	499	149
snapshot_11_29_2015_18_0.json	1448838000.0	79.66	499	147
snapshot_11_29_2015_6_0.json	1448794800.0	79.66	499	149
snapshot_11_30_2015_18_0.json	1448924400.0	79.66	499	145
snapshot_12_1_2015_0_0.json	1448946000.0	79.66	499	145
snapshot_12_1_2015_12_0.json	1448989200.0	79.66	499	148
snapshot_12_1_2015_18_0.json	1449010800.0	79.66	499	148
snapshot_12_1_2015_6_0.json	1448967600.0	79.66	499	148
snapshot_12_2_2015_0_0.json	1449032400.0	79.66	499	148
snapshot_12_2_2015_12_0.json	1449075600.0	79.66	499	148
snapshot_12_2_2015_18_0.json	1449097200.0	79.66	499	148
snapshot_12_2_2015_6_0.json	1449054000.0	79.66	499	148
snapshot_12_3_2015_0_0.json	1449118800.0	79.66	499	148
snapshot_12_3_2015_0_0.json	1449118800.0	79.66	499	148
snapshot_12_3_2015_12_0.json	1449162000.0	79.66	499	148
snapshot_12_3_2015_18_0.json	1449183600.0	79.66	499	148
snapshot_12_4_2015_0_0.json	1449205200.0	79.66	499	150
snapshot_12_4_2015_12_0.json	1449248400.0	79.66	499	150
snapshot_12_4_2015_12_0.json	1449248400.0	79.66	499	150
snapshot_12_4_2015_18_0.json	1449270000.0	79.66	499	150
snapshot_12_5_2015_0_0.json	1449291600.0	79.66	499	149
snapshot_12_5_2015_12_0.json	1449334800.0	79.66	499	147
snapshot_12_5_2015_18_0.json	1449356400.0	79.66	499	147
snapshot_12_5_2015_6_0.json	1449313200.0	79.66	499	147
9152754	2016-03-27T00:30:00Z	The Who	Scottrade Center	Missouri St. Louis|683	63103
snapshot_11_16_2015_0_0.json	1447650000.0	77.97	499	123
snapshot_11_17_2015_0_0.json	1447736400.0	77.97	499	123
snapshot_11_17_2015_18_0.json	1447801200.0	77.97	499	127
snapshot_11_18_2015_0_0.json	1447822800.0	77.97	499	125
snapshot_11_18_2015_12_0.json	1447866000.0	77.97	499	125
snapshot_11_18_2015_18_0.json	1447887600.0	77.97	499	125
snapshot_11_18_2015_6_0.json	1447844400.0	77.97	499	125
snapshot_11_19_2015_0_0.json	1447909200.0	77.97	499	125
snapshot_11_19_2015_6_0.json	1447930800.0	77.97	499	125
snapshot_11_19_2015_6_0.json	1447930800.0	77.97	499	125
snapshot_11_20_2015_0_0.json	1447995600.0	77.97	499	125
snapshot_11_21_2015_18_0.json	1448146800.0	77.97	499	121
snapshot_11_22_2015_0_0.json	1448168400.0	77.97	499	121
snapshot_11_22_2015_12_0.json	1448211600.0	77.97	499	121
snapshot_11_22_2015_18_0.json	1448233200.0	77.97	499	121
snapshot_11_22_2015_18_0.json	1448233200.0	77.97	499	121
snapshot_11_22_2015_6_0.json	1448190000.0	77.97	499	121
snapshot_11_23_2015_0_0.json	1448254800.0	77.97	499	121
snapshot_11_23_2015_12_0.json	1448298000.0	77.97	499	121
snapshot_11_23_2015_6_0.json	1448276400.0	77.97	499	121
snapshot_11_23_2015_6_0.json	1448276400.0	77.97	499	121
snapshot_11_24_2015_12_0.json	1448384400.0	86.74	499	118
snapshot_11_24_2015_18_0.json	1448406000.0	86.74	499	118
snapshot_11_24_2015_6_0.json	1448362800.0	86.74	499	118
snapshot_11_25_2015_0_0.json	1448427600.0	86.74	499	118
snapshot_11_25_2015_0_0.json	1448427600.0	86.74	499	118
snapshot_11_25_2015_12_0.json	1448470800.0	79.66	499	146
snapshot_11_25_2015_18_0.json	1448492400.0	79.66	499	146
snapshot_11_25_2015_6_0.json	1448449200.0	79.66	499	146
snapshot_11_26_2015_0_0.json	1448514000.0	79.66	499	152
snapshot_11_28_2015_0_0.json	1448686800.0	79.66	499	152
snapshot_11_28_2015_12_0.json	1448730000.0	79.66	499	154
snapshot_11_28_2015_18_0.json	1448751600.0	79.66	499	154
snapshot_11_29_2015_0_0.json	1448773200.0	79.66	499	149
snapshot_11_29_2015_0_0.json	1448773200.0	79.66	499	149
snapshot_11_29_2015_12_0.json	1448816400.0	79.66	499	149
snapshot_11_29_2015_18_0.json	1448838000.0	79.66	499	147
snapshot_11_29_2015_6_0.json	1448794800.0	79.66	499	149
snapshot_11_30_2015_18_0.json	1448924400.0	79.66	499	145
snapshot_12_1_2015_0_0.json	1448946000.0	79.66	499	145
snapshot_12_1_2015_12_0.json	1448989200.0	79.66	499	148
snapshot_12_1_2015_18_0.json	1449010800.0	79.66	499	148
snapshot_12_1_2015_6_0.json	1448967600.0	79.66	499	148
snapshot_12_2_2015_0_0.json	1449032400.0	79.66	499	148
snapshot_12_2_2015_12_0.json	1449075600.0	79.66	499	148
snapshot_12_2_2015_18_0.json	1449097200.0	79.66	499	148
snapshot_12_2_2015_6_0.json	1449054000.0	79.66	499	148
snapshot_12_3_2015_0_0.json	1449118800.0	79.66	499	148
snapshot_12_3_2015_0_0.json	1449118800.0	79.66	499	148
snapshot_12_3_2015_12_0.json	1449162000.0	79.66	499	148
snapshot_12_3_2015_18_0.json	1449183600.0	79.66	499	148
snapshot_12_4_2015_0_0.json	1449205200.0	79.66	499	150
snapshot_12_4_2015_12_0.json	1449248400.0	79.66	499	150
snapshot_12_4_2015_12_0.json	1449248400.0	79.66	499	150
snapshot_12_4_2015_18_0.json	1449270000.0	79.66	499	150
snapshot_12_5_2015_0_0.json	1449291600.0	79.66	499	149
snapshot_12_5_2015_12_0.json	1449334800.0	79.66	499	147
snapshot_12_5_2015_18_0.json	1449356400.0	79.66	499	147
snapshot_12_5_2015_6_0.json	1449313200.0	79.66	499	147
9152754	2016-03-27T00:30:00Z	The Who	Scottrade Center	Missouri St. Louis|683	63103
snapshot_11_16_2015_0_0.json	1447650000.0	77.97	499	123
snapshot_11_17_2015_0_0.json	1447736400.0	77.97	499	123
snapshot_11_17_2015_18_0.json	1447801200.0	77.97	499	127
snapshot_11_18_2015_0_0.json	1447822800.0	77.97	499	125
snapshot_11_18_2015_12_0.json	1447866000.0	77.97	499	125
snapshot_11_18_2015_18_0.json	1447887600.0	77.97	499	125
snapshot_11_18_2015_6_0.json	1447844400.0	77.97	499	125
snapshot_11_19_2015_0_0.json	1447909200.0	77.97	499	125
snapshot_11_19_2015_6_0.json	1447930800.0	77.97	499	125
snapshot_11_19_2015_6_0.json	1447930800.0	77.97	499	125
snapshot_11_20_2015_0_0.json	1447995600.0	77.97	499	125
snapshot_11_21_2015_18_0.json	1448146800.0	77.97	499	121
snapshot_11_22_2015_0_0.json	1448168400.0	77.97	499	121
snapshot_11_22_2015_12_0.json	1448211600.0	77.97	499	121
snapshot_11_22_2015_18_0.json	1448233200.0	77.97	499	121
snapshot_11_22_2015_18_0.json	1448233200.0	77.97	499	121
snapshot_11_22_2015_6_0.json	1448190000.0	77.97	499	121
snapshot_11_23_2015_0_0.json	1448254800.0	77.97	499	121
snapshot_11_23_2015_12_0.json	1448298000.0	77.97	499	121
snapshot_11_23_2015_6_0.json	1448276400.0	77.97	499	121
snapshot_11_23_2015_6_0.json	1448276400.0	77.97	499152754	2016-03-27T00:30:00Z	The Who	Scottrade Center	Missouri St. Louis|683	63103
snapshot_11_16_2015_0_0.json	1447650000.0	77.97	499	123
snapshot_11_17_2015_0_0.json	1447736400.0	77.97	499	123
snapshot_11_17_2015_18_0.json	1447801200.0	77.97	499	127
snapshot_11_18_2015_0_0.json	1447822800.0	77.97	499	125
snapshot_11_18_2015_12_0.json	1447866000.0	77.97	499	125
snapshot_11_18_2015_18_0.json	1447887600.0	77.97	499	125
snapshot_11_18_2015_6_0.json	1447844400.0	77.97	499	125
snapshot_11_19_2015_0_0.json	1447909200.0	77.97	499	125
snapshot_11_19_2015_6_0.json	1447930800.0	77.97	499	125
snapshot_11_19_2015_6_0.json	1447930800.0	77.97	499	125
snapshot_11_20_2015_0_0.json	1447995600.0	77.97	499	125
snapshot_11_21_2015_18_0.json	1448146800.0	77.97	499	121
snapshot_11_22_2015_0_0.json	1448168400.0	77.97	499	121
snapshot_11_22_2015_12_0.json	1448211600.0	77.97	499	121
snapshot_11_22_2015_18_0.json	1448233200.0	77.97	499	121
snapshot_11_22_2015_18_0.json	1448233200.0	77.97	499	121
snapshot_11_22_2015_6_0.json	1448190000.0	77.97	499	121
snapshot_11_23_2015_0_0.json	1448254800.0	77.97	499	121
snapshot_11_23_2015_12_0.json	1448298000.0	77.97	499	121
snapshot_11_23_2015_6_0.json	1448276400.0	77.97	499	121
snapshot_11_23_2015_6_0.json	1448276400.0	77.97	499	121
snapshot_11_24_2015_12_0.json	1448384400.0	86.74	499	118
snapshot_11_24_2015_18_0.json	1448406000.0	86.74	499	118
snapshot_11_24_2015_6_0.json	1448362800.0	86.74	499	118
snapshot_11_25_2015_0_0.json	1448427600.0	86.74	499	118
snapshot_11_25_2015_0_0.json	1448427600.0	86.74	499	118
snapshot_11_25_2015_12_0.json	1448470800.0	79.66	499	146
snapshot_11_25_2015_18_0.json	1448492400.0	79.66	499	146
snapshot_11_25_2015_6_0.json	1448449200.0	79.66	499	146
snapshot_11_26_2015_0_0.json	1448514000.0	79.66	499	152
snapshot_11_28_2015_0_0.json	1448686800.0	79.66	499	152
snapshot_11_28_2015_12_0.json	1448730000.0	79.66	499	154
snapshot_11_28_2015_18_0.json	1448751600.0	79.66	499	154
snapshot_11_29_2015_0_0.json	1448773200.0	79.66	499	149
snapshot_11_29_2015_0_0.json	1448773200.0	79.66	499	149
snapshot_11_29_2015_12_0.json	1448816400.0	79.66	499	149
snapshot_11_29_2015_18_0.json	1448838000.0	79.66	499	147
snapshot_11_29_2015_6_0.json	1448794800.0	79.66	499	149
snapshot_11_30_2015_18_0.json	1448924400.0	79.66	499	145
snapshot_12_1_2015_0_0.json	1448946000.0	79.66	499	145
snapshot_12_1_2015_12_0.json	1448989200.0	79.66	499	148
snapshot_12_1_2015_18_0.json	1449010800.0	79.66	499	148
snapshot_12_1_2015_6_0.json	1448967600.0	79.66	499	148
snapshot_12_2_2015_0_0.json	1449032400.0	79.66	499	148
snapshot_12_2_2015_12_0.json	1449075600.0	79.66	499	148
snapshot_12_2_2015_18_0.json	1449097200.0	79.66	499	148
snapshot_12_2_2015_6_0.json	1449054000.0	79.66	499	148
snapshot_12_3_2015_0_0.json	1449118800.0	79.66	499	148
snapshot_12_3_2015_0_0.json	1449118800.0	79.66	499	148
snapshot_12_3_2015_12_0.json	1449162000.0	79.66	499	148
snapshot_12_3_2015_18_0.json	1449183600.0	79.66	499	148
snapshot_12_4_2015_0_0.json	1449205200.0	79.66	499	150
snapshot_12_4_2015_12_0.json	1449248400.0	79.66	499	150
snapshot_12_4_2015_12_0.json	1449248400.0	79.66	499	150
snapshot_12_4_2015_18_0.json	1449270000.0	79.66	499	150
snapshot_12_5_2015_0_0.json	1449291600.0	79.66	499	149
snapshot_12_5_2015_12_0.json	1449334800.0	79.66	499	147
snapshot_12_5_2015_18_0.json	1449356400.0	79.66	499	147
snapshot_12_5_2015_6_0.json	1449313200.0	79.66	499	147
9152754	2016-03-27T00:30:00Z	The Who	Scottrade Center	Missouri St. Louis|683	63103
snapshot_11_16_2015_0_0.json	1447650000.0	77.97	499	123
snapshot_11_17_2015_0_0.json	1447736400.0	77.97	499	123
snapshot_11_17_2015_18_0.json	1447801200.0	77.97	499	127
snapshot_11_18_2015_0_0.json	1447822800.0	77.97	499	125
snapshot_11_18_2015_12_0.json	1447866000.0	77.97	499	125
snapshot_11_18_2015_18_0.json	1447887600.0	77.97	499	125
snapshot_11_18_2015_6_0.json	1447844400.0	77.97	499	125
snapshot_11_19_2015_0_0.json	1447909200.0	77.97	499	125
snapshot_11_19_2015_6_0.json	1447930800.0	77.97	499	125
snapshot_11_19_2015_6_0.json	1447930800.0	77.97	499	125
snapshot_11_20_2015_0_0.json	1447995600.0	77.97	499	125
snapshot_11_21_2015_18_0.json	1448146800.0	77.97	499	121
snapshot_11_22_2015_0_0.json	1448168400.0	77.97	499	121
snapshot_11_22_2015_12_0.json	1448211600.0	77.97	499	121
snapshot_11_22_2015_18_0.json	1448233200.0	77.97	499	121
snapshot_11_22_2015_18_0.json	1448233200.0	77.97	499	121
snapshot_11_22_2015_6_0.json	1448190000.0	77.97	499	121
snapshot_11_23_2015_0_0.json	1448254800.0	77.97	499	121
snapshot_11_23_2015_12_0.json	1448298000.0	77.97	499	121
snapshot_11_23_2015_6_0.json	1448276400.0	77.97	499	121
snapshot_11_23_2015_6_0.json	1448276400.0	77.97	499	121
snapshot_11_24_2015_12_0.json	1448384400.0	86.74	499	118
snapshot_11_24_2015_18_0.json	1448406000.0	86.74	499	118
snapshot_11_24_2015_6_0.json	1448362800.0	86.74	499	118
snapshot_11_25_2015_0_0.json	1448427600.0	86.74	499	118
snapshot_11_25_2015_0_0.json	1448427600.0	86.74	499	118
snapshot_11_25_2015_12_0.json	1448470800.0	79.66	499	146
snapshot_11_25_2015_18_0.json	1448492400.0	79.66	499	146
snapshot_11_25_2015_6_0.json	1448449200.0	79.66	499	146
snapshot_11_26_2015_0_0.json	1448514000.0	79.66	499	152
snapshot_11_28_2015_0_0.json	1448686800.0	79.66	499	152
snapshot_11_28_2015_12_0.json	1448730000.0	79.66	499	154
snapshot_11_28_2015_18_0.json	1448751600.0	79.66	499	154
snapshot_11_29_2015_0_0.json	1448773200.0	79.66	499	149
snapshot_11_29_2015_0_0.json	1448773200.0	79.66	499	149
snapshot_11_29_2015_12_0.json	1448816400.0	79.66	499	149
snapshot_11_29_2015_18_0.json	1448838000.0	79.66	499	147
snapshot_11_29_2015_6_0.json	1448794800.0	79.66	499	149
snapshot_11_30_2015_18_0.json	1448924400.0	79.66	499	145
snapshot_12_1_2015_0_0.json	1448946000.0	79.66	499	145
snapshot_12_1_2015_12_0.json	1448989200.0	79.66	499	148
snapshot_12_1_2015_18_0.json	1449010800.0	79.66	499	148
snapshot_12_1_2015_6_0.json	1448967600.0	79.66	499	148
snapshot_12_2_2015_0_0.json	1449032400.0	79.66	499	148
snapshot_12_2_2015_12_0.json	1449075600.0	79.66	499	148
snapshot_12_2_2015_18_0.json	1449097200.0	79.66	499	148
snapshot_12_2_2015_6_0.json	1449054000.0	79.66	499	148
snapshot_12_3_2015_0_0.json	1449118800.0	79.66	499	148
snapshot_12_3_2015_0_0.json	1449118800.0	79.66	499	148
snapshot_12_3_2015_12_0.json	1449162000.0	79.66	499	148
snapshot_12_3_2015_18_0.json	1449183600.0	79.66	499	148
snapshot_12_4_2015_0_0.json	1449205200.0	79.66	499	150
snapshot_12_4_2015_12_0.json	1449248400.0	79.66	499	150
snapshot_12_4_2015_12_0.json	1449248400.0	79.66	499	150
snapshot_12_4_2015_18_0.json	1449270000.0	79.66	499	150
snapshot_12_5_2015_0_0.json	1449291600.0	79.66	499	149
snapshot_12_5_2015_12_0.json	1449334800.0	79.66	499	147
snapshot_12_5_2015_18_0.json	1449356400.0	79.66	499	147
snapshot_12_5_2015_6_0.json	1449313200.0	79.66	499	147
9152754	2016-03-27T00:30:00Z	The Who	Scottrade Center	Missouri St. Louis|683	63103
snapshot_11_16_2015_0_0.json	1447650000.0	77.97	499	123
snapshot_11_17_2015_0_0.json	1447736400.0	77.97	499	123
snapshot_11_17_2015_18_0.json	1447801200.0	77.97	499	127
snapshot_11_18_2015_0_0.json	1447822800.0	77.97	499	125
snapshot_11_18_2015_12_0.json	1447866000.0	77.97	499	125
snapshot_11_18_2015_18_0.json	1447887600.0	77.97	499	125
snapshot_11_18_2015_6_0.json	1447844400.0	77.97	499	125
snapshot_11_19_2015_0_0.json	1447909200.0	77.97	499	125
snapshot_11_19_2015_6_0.json	1447930800.0	77.97	499	125
snapshot_11_19_2015_6_0.json	1447930800.0	77.97	499	125
snapshot_11_20_2015_0_0.json	1447995600.0	77.97	499	125
snapshot_11_21_2015_18_0.json	1448146800.0	77.97	499	121
snapshot_11_22_2015_0_0.json	1448168400.0	77.97	499	121
snapshot_11_22_2015_12_0.json	1448211600.0	77.97	499	121
snapshot_11_22_2015_18_0.json	1448233200.0	77.97	499	121
snapshot_11_22_2015_18_0.json	1448233200.0	77.97	499	121
snapshot_11_22_2015_6_0.json	1448190000.0	77.97	499	121
snapshot_11_23_2015_0_0.json	1448254800.0	77.97	499	121
snapshot_11_23_2015_12_0.json	1448298000.0	77.97	499	121
snapshot_11_23_2015_6_0.json	1448276400.0	77.97	499	121
snapshot_11_23_2015_6_0.json	1448276400.0	77.97	49
