9152798	2016-03-19T23:30:00Z	The Who	Prudential Center	New York New York Metro|664	07102
snapshot_11_16_2015_0_0.json	1447650000.0	88.42	1835.05	393
snapshot_11_17_2015_0_0.json	1447736400.0	88.42	1835.05	391
snapshot_11_17_2015_18_0.json	1447801200.0	88.42	1835.05	386
snapshot_11_18_2015_12_0.json	1447866000.0	88.42	1835.05	386
snapshot_11_18_2015_18_0.json	1447887600.0	88.42	1835.05	376
snapshot_11_18_2015_6_0.json	1447844400.0	88.42	1835.05	386
snapshot_11_19_2015_0_0.json	1447909200.0	88.42	1835.05	416
snapshot_11_19_2015_6_0.json	1447930800.0	88.42	1835.05	416
snapshot_11_20_2015_0_0.json	1447995600.0	88.42	1835.05	418
snapshot_11_21_2015_12_0.json	1448125200.0	88.42	1835.05	434
snapshot_11_21_2015_18_0.json	1448146800.0	88.42	1835.05	434
snapshot_11_22_2015_0_0.json	1448168400.0	88.42	1835.05	440
snapshot_11_22_2015_12_0.json	1448211600.0	88.42	1835.05	422
snapshot_11_22_2015_18_0.json	1448233200.0	88.42	1835.05	422
snapshot_11_22_2015_6_0.json	1448190000.0	88.42	1835.05	440
snapshot_11_23_2015_0_0.json	1448254800.0	88.42	1835.05	421
snapshot_11_23_2015_12_0.json	1448298000.0	88.42	1835.05	437
snapshot_11_23_2015_18_0.json	1448319600.0	88.42	1835.05	437
snapshot_11_23_2015_18_0.json	1448319600.0	88.42	1835.05	437
snapshot_11_24_2015_12_0.json	1448384400.0	88.42	1835.05	415
snapshot_11_24_2015_18_0.json	1448406000.0	88.42	1835.05	433
snapshot_11_24_2015_6_0.json	1448362800.0	88.42	1835.05	415
snapshot_11_25_2015_0_0.json	1448427600.0	83.17	1835.05	459
snapshot_11_25_2015_12_0.json	1448470800.0	83.17	1835.05	453
snapshot_11_25_2015_18_0.json	1448492400.0	83.17	1835.05	453
snapshot_11_25_2015_6_0.json	1448449200.0	83.17	1835.05	453
snapshot_11_25_2015_6_0.json	1448449200.0	83.17	1835.05	453
snapshot_11_26_2015_0_0.json	1448514000.0	83.17	1605	459
snapshot_11_27_2015_18_0.json	1448665200.0	83.17	1605	435
snapshot_11_28_2015_0_0.json	1448686800.0	83.17	1605	433
snapshot_11_28_2015_0_0.json	1448686800.0	83.17	1605	433
snapshot_11_28_2015_12_0.json	1448730000.0	83.17	1605	433
snapshot_11_28_2015_18_0.json	1448751600.0	83.17	1605	431
snapshot_11_28_2015_18_0.json	1448751600.0	83.17	1605	431
snapshot_11_29_2015_0_0.json	1448773200.0	83.17	1605	431
snapshot_11_29_2015_12_0.json	1448816400.0	83.17	1605	433
snapshot_11_29_2015_18_0.json	1448838000.0	83.17	1605	433
snapshot_11_29_2015_18_0.json	1448838000.0	83.17	1605	433
snapshot_11_29_2015_6_0.json	1448794800.0	83.17	1605	433
snapshot_11_30_2015_0_0.json	1448859600.0	83.17	1605	431
snapshot_11_30_2015_12_0.json	1448902800.0	83.17	1605	429
snapshot_11_30_2015_18_0.json	1448924400.0	83.17	1605	419
snapshot_12_1_2015_0_0.json	1448946000.0	83.17	1605	389
snapshot_12_1_2015_0_0.json	1448946000.0	83.17	1605	389
snapshot_12_1_2015_12_0.json	1448989200.0	83.17	1605	387
snapshot_12_1_2015_18_0.json	1449010800.0	83.17	1605	389
snapshot_12_1_2015_6_0.json	1448967600.0	83.17	1605	387
snapshot_12_2_2015_0_0.json	1449032400.0	83.17	1250	397
snapshot_12_2_2015_12_0.json	1449075600.0	83.17	1250	411
snapshot_12_2_2015_18_0.json	1449097200.0	83.17	1250	425
snapshot_12_2_2015_6_0.json	1449054000.0	83.17	1250	411
snapshot_12_3_2015_12_0.json	1449162000.0	83.17	1250	436
snapshot_12_3_2015_18_0.json	1449183600.0	83.17	1250	434
snapshot_12_3_2015_6_0.json	1449140400.0	83.17	1250	436
snapshot_12_4_2015_0_0.json	1449205200.0	83.17	1250	422
snapshot_12_4_2015_18_0.json	1449270000.0	83.17	1250	422
snapshot_12_4_2015_6_0.json	1449226800.0	83.17	1250	422
snapshot_12_4_2015_6_0.json	1449226800.0	83.17	1250	422
snapshot_12_5_2015_0_0.json	1449291600.0	83.17	1250	422
snapshot_12_5_2015_18_0.json	1449356400.0	83.17	1250	420
snapshot_12_5_2015_6_0.json	1449313200.0	83.17	1250	418
