9153395	2016-03-14T23:30:00Z	The Who	Wells Fargo Center Philadelphia	Pennsylvania Philadelphia|522	19148
snapshot_11_16_2015_0_0.json	1447650000.0	69.19	899	667
snapshot_11_17_2015_0_0.json	1447736400.0	69.19	899	678
snapshot_11_17_2015_12_0.json	1447779600.0	69.19	899	676
snapshot_11_17_2015_18_0.json	1447801200.0	69.19	899	674
snapshot_11_17_2015_18_0.json	1447801200.0	69.19	899	674
snapshot_11_17_2015_18_0.json	1447801200.0	69.19	899	674
snapshot_11_18_2015_0_0.json	1447822800.0	69.19	899	672
snapshot_11_18_2015_12_0.json	1447866000.0	69.19	899	672
snapshot_11_18_2015_18_0.json	1447887600.0	69.19	899	666
snapshot_11_18_2015_6_0.json	1447844400.0	69.19	899	672
snapshot_11_19_2015_0_0.json	1447909200.0	69.19	899	666
snapshot_11_19_2015_6_0.json	1447930800.0	69.19	899	666
snapshot_11_20_2015_0_0.json	1447995600.0	69.19	899	663
snapshot_11_21_2015_18_0.json	1448146800.0	68.02	899	679
snapshot_11_22_2015_0_0.json	1448168400.0	68.02	899	679
snapshot_11_22_2015_0_0.json	1448168400.0	68.02	899	679
snapshot_11_22_2015_12_0.json	1448211600.0	69.07	899	679
snapshot_11_22_2015_18_0.json	1448233200.0	69.07	899	679
snapshot_11_22_2015_18_0.json	1448233200.0	69.07	899	679
snapshot_11_22_2015_6_0.json	1448190000.0	68.02	899	679
snapshot_11_22_2015_6_0.json	1448190000.0	68.02	899	679
snapshot_11_23_2015_0_0.json	1448254800.0	69.07	899	679
snapshot_11_23_2015_12_0.json	1448298000.0	69.07	899	679
snapshot_11_23_2015_12_0.json	1448298000.0	69.07	899	679
snapshot_11_23_2015_18_0.json	1448319600.0	69.07	899	679
snapshot_11_23_2015_6_0.json	1448276400.0	69.07	899	679
snapshot_11_24_2015_0_0.json	1448341200.0	69.07	899	677
snapshot_11_24_2015_12_0.json	1448384400.0	69.07	899	677
snapshot_11_24_2015_18_0.json	1448406000.0	69.07	899	675
snapshot_11_24_2015_6_0.json	1448362800.0	69.07	899	677
snapshot_11_25_2015_12_0.json	1448470800.0	69.07	899	675
snapshot_11_25_2015_6_0.json	1448449200.0	69.07	899	675
snapshot_11_25_2015_6_0.json	1448449200.0	69.07	899	675
snapshot_11_26_2015_0_0.json	1448514000.0	65.15	899	687
snapshot_11_27_2015_18_0.json	1448665200.0	65.15	899	685
snapshot_11_28_2015_0_0.json	1448686800.0	65.15	899	685
snapshot_11_28_2015_12_0.json	1448730000.0	65.15	899	683
snapshot_11_28_2015_18_0.json	1448751600.0	65.15	899	683
snapshot_11_29_2015_12_0.json	1448816400.0	65.15	899	683
snapshot_11_29_2015_18_0.json	1448838000.0	65.15	899	683
snapshot_11_29_2015_18_0.json	1448838000.0	65.15	899	683
snapshot_11_29_2015_6_0.json	1448794800.0	65.15	899	683
snapshot_11_30_2015_0_0.json	1448859600.0	65.15	899	678
snapshot_11_30_2015_18_0.json	1448924400.0	65.15	899	672
snapshot_11_30_2015_6_0.json	1448881200.0	65.15	899	678
snapshot_12_1_2015_0_0.json	1448946000.0	65.15	899	666
snapshot_12_1_2015_12_0.json	1448989200.0	65.15	899	662
snapshot_12_1_2015_12_0.json	1448989200.0	65.15	899	662
snapshot_12_1_2015_18_0.json	1449010800.0	66.38	899	656
snapshot_12_1_2015_6_0.json	1448967600.0	65.15	899	662
snapshot_12_2_2015_12_0.json	1449075600.0	66.38	899	656
snapshot_12_2_2015_18_0.json	1449097200.0	66.38	899	656
snapshot_12_3_2015_0_0.json	1449118800.0	66.38	899	652
snapshot_12_3_2015_12_0.json	1449162000.0	66.38	899	652
snapshot_12_3_2015_18_0.json	1449183600.0	66.38	899	647
snapshot_12_3_2015_18_0.json	1449183600.0	66.38	899	645
snapshot_12_3_2015_6_0.json	1449140400.0	66.38	899	652
snapshot_12_4_2015_0_0.json	1449205200.0	66.38	899	645
snapshot_12_4_2015_18_0.json	1449270000.0	66.38	899	641
snapshot_12_4_2015_6_0.json	1449226800.0	66.38	899	645
snapshot_12_5_2015_0_0.json	1449291600.0	66.38	899	638
snapshot_12_5_2015_12_0.json	1449334800.0	66.38	899	632
snapshot_12_5_2015_18_0.json	1449356400.0	66.38	899	630
9153395	2016-03-14T23:30:00Z	The Who	Wells Fargo Center Philadelphia	Pennsylvania Philadelphia|522	19148
snapshot_11_16_2015_0_0.json	1447650000.0	69.19	899	667
snapshot_11_17_2015_0_0.json	1447736400.0	69.19	899	678
snapshot_11_17_2015_12_0.json	1447779600.0	69.19	899	676
snapshot_11_17_2015_18_0.json	1447801200.0	69.19	899	674
snapshot_11_17_2015_18_0.json	1447801200.0	69.19	899	674
snapshot_11_17_2015_18_0.json	1447801200.0	69.19	899	674
snapshot_11_18_2015_0_0.json	1447822800.0	69.19	899	672
snapshot_11_18_2015_12_0.json	1447866000.0	69.19	899	672
snapshot_11_18_2015_18_0.json	1447887600.0	69.19	899	666
snapshot_11_18_2015_6_0.json	1447844400.0	69.19	899	672
snapshot_11_19_2015_0_0.json	1447909200.0	69.19	899	666
snapshot_11_19_2015_6_0.json	1447930800.0	69.19	899	666
snapshot_11_20_2015_0_0.json	1447995600.0	69.19	899	663
snapshot_11_21_2015_18_0.json	1448146800.0	68.02	899	679
snapshot_11_22_2015_0_0.json	1448168400.0	68.02	899	679
snapshot_11_22_2015_0_0.json	1448168400.0	68.02	899	679
snapshot_11_22_2015_12_0.json	1448211600.0	69.07	899	679
snapshot_11_22_2015_18_0.json	1448233200.0	69.07	899	679
snapshot_11_22_2015_18_0.json	1448233200.0	69.07	899	679
snapshot_11_22_2015_6_0.json	1448190000.0	68.02	899	679
snapshot_11_22_2015_6_0.json	1448190000.0	68.02	899	679
snapshot_11_23_2015_0_0.json	1448254800.0	69.07	899	679
snapshot_11_23_2015_12_0.json	1448298000.0	69.07	899	679
snapshot_11_23_2015_12_0.json	1448298000.0	69.07	899	679
snapshot_11_23_2015_18_0.json	1448319600.0	69.07	899	679
snapshot_11_23_2015_6_0.json	1448276400.0	69.07	899	679
snapshot_11_24_2015_0_0.json	1448341200.0	69.07	899	677
snapshot_11_24_2015_12_0.json	1448384400.0	69.07	899	677
snapshot_11_24_2015_18_0.json	1448406000.0	69.07	899	675
snapshot_11_24_2015_6_0.json	1448362800.0	69.07	899	677
snapshot_11_25_2015_12_0.json	1448470800.0	69.07	899	675
snapshot_11_25_2015_6_0.json	1448449200.0	69.07	899	675
snapshot_11_25_2015_6_0.json	1448449200.0	69.07	899	675
snapshot_11_26_2015_0_0.json	1448514000.0	65.15	899	687
snapshot_11_27_2015_18_0.json	1448665200.0	65.15	899	685
snapshot_11_28_2015_0_0.json	1448686800.0	65.15	899	685
snapshot_11_28_2015_12_0.json	1448730000.0	65.15	899	683
snapshot_11_28_2015_18_0.json	1448751600.0	65.15	899	683
snapshot_11_29_2015_12_0.json	1448816400.0	65.15	899	683
snapshot_11_29_2015_18_0.json	1448838000.0	65.15	899	683
snapshot_11_29_2015_18_0.json	1448838000.0	65.15	899	683
snapshot_11_29_2015_6_0.json	1448794800.0	65.15	899	683
snapshot_11_30_2015_0_0.json	1448859600.0	65.15	899	678
snapshot_11_30_2015_18_0.json	1448924400.0	65.15	899	672
snapshot_11_30_2015_6_0.json	1448881200.0	65.15	899	678
snapshot_12_1_2015_0_0.json	1448946000.0	65.15	899	666
snapshot_12_1_2015_12_0.json	1448989200.0	65.15	899	662
snapshot_12_1_2015_12_0.json	1448989200.0	65.15	899	662
snapshot_12_1_2015_18_0.json	1449010800.0	66.38	899	656
snapshot_12_1_2015_6_0.json	1448967600.0	65.15	899	662
snapshot_12_2_2015_12_0.json	1449075600.0	66.38	899	656
snapshot_12_2_2015_18_0.json	1449097200.0	66.38	899	656
snapshot_12_3_2015_0_0.json	1449118800.0	66.38	899	652
snapshot_12_3_2015_12_0.json	1449162000.0	66.38	899	652
snapshot_12_3_2015_18_0.json	1449183600.0	66.38	899	647
snapshot_12_3_2015_18_0.json	1449183600.0	66.38	899	645
snapshot_12_3_2015_6_0.json	1449140400.0	66.38	899	652
snapshot_12_4_2015_0_0.json	1449205200.0	66.38	899	645
snapshot_12_4_2015_18_0.json	1449270000.0	66.38	899	641
snapshot_12_4_2015_6_0.json	1449226800.0	66.38	899	645
snapshot_12_5_2015_0_0.json	1449291600.0	66.38	899	638
snapshot_12_5_2015_12_0.json	1449334800.0	66.38	899	632
snapshot_12_5_2015_18_0.json	1449356400.0	66.38	899	630
9153395	2016-03-14T23:30:00Z	The Who	Wells Fargo Center Philadelphia	Pennsylvania Philadelphia|522	19148
snapshot_11_16_2015_0_0.json	1447650000.0	69.19	899	667
snapshot_11_17_2015_0_0.json	1447736400.0	69.19	899	678
snapshot_11_17_2015_12_0.json	1447779600.0	69.19	899	676
snapshot_11_17_2015_18_0.json	1447801200.0	69.19	899	674
snapshot_11_17_2015_18_0.json	1447801200.0	69.19	899	674
snapshot_11_17_2015_18_0.json	1447801200.0	69.19	899	674
snapshot_11_18_2015_0_0.json	1447822800.0	69.19	899	672
snapshot_11_18_2015_12_0.json	1447866000.0	69.19	899	672
snapshot_11_18_2015_18_0.json	1447887600.0	69.19	899	666
snapshot_11_18_2015_6_0.json	1447844400.0	69.19	899	672
snapshot_11_19_2015_0_0.json	1447909200.0	69.19	899	666
snapshot_11_19_2015_6_0.jso9153395	2016-03-14T23:30:00Z	The Who	Wells Fargo Center Philadelphia	Pennsylvania Philadelphia|522	19148
snapshot_11_16_2015_0_0.json	1447650000.0	69.19	899	667
snapshot_11_17_2015_0_0.json	1447736400.0	69.19	899	678
snapshot_11_17_2015_12_0.json	1447779600.0	69.19	899	676
snapshot_11_17_2015_18_0.json	1447801200.0	69.19	899	674
snapshot_11_17_2015_18_0.json	1447801200.0	69.19	899	674
snapshot_11_17_2015_18_0.json	1447801200.0	69.19	899	674
snapshot_11_18_2015_0_0.json	1447822800.0	69.19	899	672
snapshot_11_18_2015_12_0.json	1447866000.0	69.19	899	672
snapshot_11_18_2015_18_0.json	1447887600.0	69.19	899	666
snapshot_11_18_2015_6_0.json	1447844400.0	69.19	899	672
snapshot_11_19_2015_0_0.json	1447909200.0	69.19	899	666
snapshot_11_19_2015_6_0.json	1447930800.0	69.19	899	666
snapshot_11_20_2015_0_0.json	1447995600.0	69.19	899	663
snapshot_11_21_2015_18_0.json	1448146800.0	68.02	899	679
snapshot_11_22_2015_0_0.json	1448168400.0	68.02	899	679
snapshot_11_22_2015_0_0.json	1448168400.0	68.02	899	679
snapshot_11_22_2015_12_0.json	1448211600.0	69.07	899	679
snapshot_11_22_2015_18_0.json	1448233200.0	69.07	899	679
snapshot_11_22_2015_18_0.json	1448233200.0	69.07	899	679
snapshot_11_22_2015_6_0.json	1448190000.0	68.02	899	679
snapshot_11_22_2015_6_0.json	1448190000.0	68.02	899	679
snapshot_11_23_2015_0_0.json	1448254800.0	69.07	899	679
snapshot_11_23_2015_12_0.json	1448298000.0	69.07	899	679
snapshot_11_23_2015_12_0.json	1448298000.0	69.07	899	679
snapshot_11_23_2015_18_0.json	1448319600.0	69.07	899	679
snapshot_11_23_2015_6_0.json	1448276400.0	69.07	899	679
snapshot_11_24_2015_0_0.json	1448341200.0	69.07	899	677
snapshot_11_24_2015_12_0.json	1448384400.0	69.07	899	677
snapshot_11_24_2015_18_0.json	1448406000.0	69.07	899	675
snapshot_11_24_2015_6_0.json	1448362800.0	69.07	899	677
snapshot_11_25_2015_12_0.json	1448470800.0	69.07	899	675
snapshot_11_25_2015_6_0.json	1448449200.0	69.07	899	675
snapshot_11_25_2015_6_0.json	1448449200.0	69.07	899	675
snapshot_11_26_2015_0_0.json	1448514000.0	65.15	899	687
snapshot_11_27_2015_18_0.json	1448665200.0	65.15	899	685
snapshot_11_28_2015_0_0.json	1448686800.0	65.15	899	685
snapshot_11_28_2015_12_0.json	1448730000.0	65.15	899	683
snapshot_11_28_2015_18_0.json	1448751600.0	65.15	899	683
snapshot_11_29_2015_12_0.json	1448816400.0	65.15	899	683
snapshot_11_29_2015_18_0.json	1448838000.0	65.15	899	683
snapshot_11_29_2015_18_0.json	1448838000.0	65.15	899	683
snapshot_11_29_2015_6_0.json	1448794800.0	65.15	899	683
snapshot_11_30_2015_0_0.json	1448859600.0	65.15	899	678
snapshot_11_30_2015_18_0.json	1448924400.0	65.15	899	672
snapshot_11_30_2015_6_0.json	1448881200.0	65.15	899	678
snapshot_12_1_2015_0_0.json	1448946000.0	65.15	899	666
snapshot_12_1_2015_12_0.json	1448989200.0	65.15	899	662
snapshot_12_1_2015_12_0.json	1448989200.0	65.15	899	662
snapshot_12_1_2015_18_0.json	1449010800.0	66.38	899	656
snapshot_12_1_2015_6_0.json	1448967600.0	65.15	899	662
snapshot_12_2_2015_12_0.json	1449075600.0	66.38	899	656
snapshot_12_2_2015_18_0.json	1449097200.0	66.38	899	656
snapshot_12_3_2015_0_0.json	1449118800.0	66.38	899	652
snapshot_12_3_2015_12_0.json	1449162000.0	66.38	899	652
snapshot_12_3_2015_18_0.json	1449183600.0	66.38	899	647
snapshot_12_3_2015_18_0.json	1449183600.0	66.38	899	645
snapshot_12_3_2015_6_0.json	1449140400.0	66.38	899	652
snapshot_12_4_2015_0_0.json	1449205200.0	66.38	899	645
snapshot_12_4_2015_18_0.json	1449270000.0	66.38	899	641
snapshot_12_4_2015_6_0.json	1449226800.0	66.38	899	645
snapshot_12_5_2015_0_0.json	1449291600.0	66.38	899	638
snapshot_12_5_2015_12_0.json	1449334800.0	66.38	899	632
snapshot_12_5_2015_18_0.json	1449356400.0	66.38	899	630
9153395	2016-03-14T23:30:00Z	The Who	Wells Fargo Center Philadelphia	Pennsylvania Philadelphia|522	19148
snapshot_11_16_2015_0_0.json	1447650000.0	69.19	899	667
snapshot_11_17_2015_0_0.json	1447736400.0	69.19	899	678
snapshot_11_17_2015_12_0.json	1447779600.0	69.19	899	676
snapshot_11_17_2015_18_0.json	1447801200.0	69.19	899	674
snapshot_11_17_2015_18_0.json	1447801200.0	69.19	899	674
snapshot_11_17_2015_18_0.json	1447801200.0	69.19	899	674
snapshot_11_18_2015_0_0.json	1447822800.0	69.19	899	672
snapshot_11_18_2015_12_0.json	1447866000.0	69.19	899	672
snapshot_11_18_2015_18_0.json	1447887600.0	69.19	899	666
snapshot_11_18_2015_6_0.json	1447844400.0	69.19	899	672
snapshot_11_19_2015_0_0.json	1447909200.0	69.19	899	666
snapshot_11_19_2015_6_0.json	1447930800.0	69.19	899	666
snapshot_11_20_2015_0_0.json	1447995600.0	69.19	899	663
snapshot_11_21_2015_18_0.json	1448146800.0	68.02	899	679
snapshot_11_22_2015_0_0.json	1448168400.0	68.02	899	679
snapshot_11_22_2015_0_0.json	1448168400.0	68.02	899	679
snapshot_11_22_2015_12_0.json	1448211600.0	69.07	899	679
snapshot_11_22_2015_18_0.json	1448233200.0	69.07	899	679
snapshot_11_22_2015_18_0.json	1448233200.0	69.07	899	679
snapshot_11_22_2015_6_0.json	1448190000.0	68.02	899	679
snapshot_11_22_2015_6_0.json	1448190000.0	68.02	899	679
snapshot_11_23_2015_0_0.json	1448254800.0	69.07	899	679
snapshot_11_23_2015_12_0.json	1448298000.0	69.07	899	679
snapshot_11_23_2015_12_0.json	1448298000.0	69.07	899	679
snapshot_11_23_2015_18_0.json	1448319600.0	69.07	899	679
snapshot_11_23_2015_6_0.json	1448276400.0	69.07	899	679
snapshot_11_24_2015_0_0.json	1448341200.0	69.07	899	677
snapshot_11_24_2015_12_0.json	1448384400.0	69.07	899	677
snapshot_11_24_2015_18_0.json	1448406000.0	69.07	899	675
snapshot_11_24_2015_6_0.json	1448362800.0	69.07	899	677
snapshot_11_25_2015_12_0.json	1448470800.0	69.07	899	675
snapshot_11_25_2015_6_0.json	1448449200.0	69.07	899	675
snapshot_11_25_2015_6_0.json	1448449200.0	69.07	899	675
snapshot_11_26_2015_0_0.json	1448514000.0	65.15	899	687
snapshot_11_27_2015_18_0.json	1448665200.0	65.15	899	685
snapshot_11_28_2015_0_0.json	1448686800.0	65.15	899	685
snapshot_11_28_2015_12_0.json	1448730000.0	65.15	899	683
snapshot_11_28_2015_18_0.json	1448751600.0	65.15	899	683
snapshot_11_29_2015_12_0.json	1448816400.0	65.15	899	683
snapshot_11_29_2015_18_0.json	1448838000.0	65.15	899	683
snapshot_11_29_2015_18_0.json	1448838000.0	65.15	899	683
snapshot_11_29_2015_6_0.json	1448794800.0	65.15	899	683
snapshot_11_30_2015_0_0.json	1448859600.0	65.15	899	678
snapshot_11_30_2015_18_0.json	1448924400.0	65.15	899	672
snapshot_11_30_2015_6_0.json	1448881200.0	65.15	899	678
snapshot_12_1_2015_0_0.json	1448946000.0	65.15	899	666
snapshot_12_1_2015_12_0.json	1448989200.0	65.15	899	662
snapshot_12_1_2015_12_0.json	1448989200.0	65.15	899	662
snapshot_12_1_2015_18_0.json	1449010800.0	66.38	899	656
snapshot_12_1_2015_6_0.json	1448967600.0	65.15	899	662
snapshot_12_2_2015_12_0.json	1449075600.0	66.38	899	656
snapshot_12_2_2015_18_0.json	1449097200.0	66.38	899	656
snapshot_12_3_2015_0_0.json	1449118800.0	66.38	899	652
snapshot_12_3_2015_12_0.json	1449162000.0	66.38	899	652
snapshot_12_3_2015_18_0.json	1449183600.0	66.38	899	647
snapshot_12_3_2015_18_0.json	1449183600.0	66.38	899	645
snapshot_12_3_2015_6_0.json	1449140400.0	66.38	899	652
snapshot_12_4_2015_0_0.json	1449205200.0	66.38	899	645
snapshot_12_4_2015_18_0.json	1449270000.0	66.38	899	641
snapshot_12_4_2015_6_0.json	1449226800.0	66.38	899	645
snapshot_12_5_2015_0_0.json	1449291600.0	66.38	899	638
snapshot_12_5_2015_12_0.json	1449334800.0	66.38	899	632
snapshot_12_5_2015_18_0.json	1449356400.0	66.38	899	630
9153395	2016-03-14T23:30:00Z	The Who	Wells Fargo Center Philadelphia	Pennsylvania Philadelphia|522	19148
snapshot_11_16_2015_0_0.json	1447650000.0	69.19	899	667
snapshot_11_17_2015_0_0.json	1447736400.0	69.19	899	678
snapshot_11_17_2015_12_0.json	1447779600.0	69.19	899	676
snapshot_11_17_2015_18_0.json	1447801200.0	69.19	899	674
snapshot_11_17_2015_18_0.json	1447801200.0	69.19	899	674
snapshot_11_17_2015_18_0.json	1447801200.0	69.19	899	674
snapshot_11_18_2015_0_0.json	1447822800.0	69.19	899	672
snapshot_11_18_2015_12_0.json	1447866000.0	69.19	899	672
snapshot_11_18_2015_18_0.json	1447887600.0	69.19	899	666
snapshot_11_18_2015_6_0.json	1447844400.0	69.19	899	672
snapshot_11_19_2015_0_0.json	1447909200.0	69.19	899	666
snapshot_11_19_2015_6_0.jso
