9153379	2016-05-20T02:30:00Z	The Who	Oracle Arena	California SF Bay Area|81	94621
snapshot_11_16_2015_0_0.json	1447650000.0	89.55	1650	375
snapshot_11_17_2015_0_0.json	1447736400.0	89.55	1650	379
snapshot_11_17_2015_12_0.json	1447779600.0	89.55	1650	379
snapshot_11_17_2015_12_0.json	1447779600.0	89.55	1650	379
snapshot_11_17_2015_18_0.json	1447801200.0	89.55	1650	379
snapshot_11_18_2015_0_0.json	1447822800.0	89.55	1650	377
snapshot_11_18_2015_12_0.json	1447866000.0	89.55	1650	367
snapshot_11_18_2015_18_0.json	1447887600.0	89.55	1650	369
snapshot_11_18_2015_6_0.json	1447844400.0	89.55	1650	377
snapshot_11_19_2015_0_0.json	1447909200.0	89.55	1650	369
snapshot_11_19_2015_6_0.json	1447930800.0	89.55	1650	369
snapshot_11_20_2015_0_0.json	1447995600.0	89.55	1650	363
snapshot_11_20_2015_12_0.json	1448038800.0	89.55	1650	363
snapshot_11_21_2015_12_0.json	1448125200.0	89.55	1650	381
snapshot_11_21_2015_18_0.json	1448146800.0	89.55	1650	381
snapshot_11_22_2015_0_0.json	1448168400.0	89.55	1650	389
snapshot_11_22_2015_12_0.json	1448211600.0	89.55	1650	389
snapshot_11_22_2015_12_0.json	1448211600.0	89.55	1650	389
snapshot_11_22_2015_18_0.json	1448233200.0	89.55	1650	389
snapshot_11_22_2015_18_0.json	1448233200.0	89.55	1650	389
snapshot_11_22_2015_6_0.json	1448190000.0	89.55	1650	389
snapshot_11_22_2015_6_0.json	1448190000.0	89.55	1650	389
snapshot_11_23_2015_12_0.json	1448298000.0	89.55	1650	389
snapshot_11_23_2015_12_0.json	1448298000.0	89.55	1650	389
snapshot_11_23_2015_18_0.json	1448319600.0	89.55	1650	389
snapshot_11_24_2015_0_0.json	1448341200.0	89.55	1650	377
snapshot_11_24_2015_12_0.json	1448384400.0	89.55	1650	389
snapshot_11_24_2015_12_0.json	1448384400.0	89.55	1650	389
snapshot_11_24_2015_18_0.json	1448406000.0	89.55	1650	383
snapshot_11_24_2015_6_0.json	1448362800.0	89.55	1650	377
snapshot_11_25_2015_0_0.json	1448427600.0	89.55	1650	383
snapshot_11_25_2015_0_0.json	1448427600.0	89.55	1650	383
snapshot_11_25_2015_12_0.json	1448470800.0	89.55	1650	375
snapshot_11_25_2015_6_0.json	1448449200.0	89.55	1650	381
snapshot_11_25_2015_6_0.json	1448449200.0	89.55	1650	381
snapshot_11_25_2015_6_0.json	1448449200.0	89.55	1650	381
snapshot_11_26_2015_0_0.json	1448514000.0	89.02	1650	407
snapshot_11_27_2015_18_0.json	1448665200.0	89.02	1650	407
snapshot_11_28_2015_0_0.json	1448686800.0	89.02	1650	407
snapshot_11_28_2015_12_0.json	1448730000.0	89.02	1650	405
snapshot_11_28_2015_18_0.json	1448751600.0	89.02	1650	405
snapshot_11_28_2015_18_0.json	1448751600.0	89.02	1650	405
snapshot_11_29_2015_12_0.json	1448816400.0	89.02	1650	404
snapshot_11_29_2015_18_0.json	1448838000.0	89.02	1650	408
snapshot_11_29_2015_6_0.json	1448794800.0	89.02	1650	404
snapshot_11_30_2015_0_0.json	1448859600.0	89.02	1650	408
snapshot_11_30_2015_12_0.json	1448902800.0	89.02	1650	420
snapshot_11_30_2015_18_0.json	1448924400.0	89.02	1650	414
snapshot_12_1_2015_0_0.json	1448946000.0	89.02	1650	402
snapshot_12_1_2015_12_0.json	1448989200.0	89.02	1650	400
snapshot_12_1_2015_18_0.json	1449010800.0	89.02	1650	400
snapshot_12_1_2015_6_0.json	1448967600.0	89.02	1650	402
snapshot_12_2_2015_0_0.json	1449032400.0	89.02	1650	400
snapshot_12_2_2015_12_0.json	1449075600.0	89.02	1650	400
snapshot_12_2_2015_18_0.json	1449097200.0	89.02	1650	400
snapshot_12_2_2015_6_0.json	1449054000.0	89.02	1650	400
snapshot_12_2_2015_6_0.json	1449054000.0	89.02	1650	400
snapshot_12_3_2015_0_0.json	1449118800.0	89.02	1650	396
snapshot_12_3_2015_12_0.json	1449162000.0	89.02	1650	396
snapshot_12_3_2015_18_0.json	1449183600.0	89.02	1650	396
snapshot_12_3_2015_18_0.json	1449183600.0	89.02	1650	396
snapshot_12_3_2015_6_0.json	1449140400.0	89.02	1650	396
snapshot_12_4_2015_0_0.json	1449205200.0	89.02	1650	396
snapshot_12_4_2015_0_0.json	1449205200.0	89.02	1650	396
snapshot_12_4_2015_18_0.json	1449270000.0	89.02	1650	398
snapshot_12_5_2015_0_0.json	1449291600.0	89.02	1650	398
snapshot_12_5_2015_12_0.json	1449334800.0	89.02	1650	396
snapshot_12_5_2015_12_0.json	1449334800.0	89.02	1650	396
snapshot_12_5_2015_18_0.json	1449356400.0	89.02	1650	396
9153379	2016-05-20T02:30:00Z	The Who	Oracle Arena	California SF Bay Area|81	94621
snapshot_11_16_2015_0_0.json	1447650000.0	89.55	1650	375
snapshot_11_17_2015_0_0.json	1447736400.0	89.55	1650	379
snapshot_11_17_2015_12_0.json	1447779600.0	89.55	1650	379
snapshot_11_17_2015_12_0.json	1447779600.0	89.55	1650	379
snapshot_11_17_2015_18_0.json	1447801200.0	89.55	1650	379
snapshot_11_18_2015_0_0.json	1447822800.0	89.55	1650	377
snapshot_11_18_2015_12_0.json	1447866000.0	89.55	1650	367
snapshot_11_18_2015_18_0.json	1447887600.0	89.55	1650	369
snapshot_11_18_2015_6_0.json	1447844400.0	89.55	1650	377
snapshot_11_19_2015_0_0.json	1447909200.0	89.55	1650	369
snapshot_11_19_2015_6_0.json	1447930800.0	89.55	1650	369
snapshot_11_20_2015_0_0.json	1447995600.0	89.55	1650	363
snapshot_11_20_2015_12_0.json	1448038800.0	89.55	1650	363
snapshot_11_21_2015_12_0.json	1448125200.0	89.55	1650	381
snapshot_11_21_2015_18_0.json	1448146800.0	89.55	1650	381
snapshot_11_22_2015_0_0.json	1448168400.0	89.55	1650	389
snapshot_11_22_2015_12_0.json	1448211600.0	89.55	1650	389
snapshot_11_22_2015_12_0.json	1448211600.0	89.55	1650	389
snapshot_11_22_2015_18_0.json	1448233200.0	89.55	1650	389
snapshot_11_22_2015_18_0.json	1448233200.0	89.55	1650	389
snapshot_11_22_2015_6_0.json	1448190000.0	89.55	1650	389
snapshot_11_22_2015_6_0.json	1448190000.0	89.55	1650	389
snapshot_11_23_2015_12_0.json	1448298000.0	89.55	1650	389
snapshot_11_23_2015_12_0.json	1448298000.0	89.55	1650	389
snapshot_11_23_2015_18_0.json	1448319600.0	89.55	1650	389
snapshot_11_24_2015_0_0.json	1448341200.0	89.55	1650	377
snapshot_11_24_2015_12_0.json	1448384400.0	89.55	1650	389
snapshot_11_24_2015_12_0.json	1448384400.0	89.55	1650	389
snapshot_11_24_2015_18_0.json	1448406000.0	89.55	1650	383
snapshot_11_24_2015_6_0.json	1448362800.0	89.55	1650	377
snapshot_11_25_2015_0_0.json	1448427600.0	89.55	1650	383
snapshot_11_25_2015_0_0.json	1448427600.0	89.55	1650	383
snapshot_11_25_2015_12_0.json	1448470800.0	89.55	1650	375
snapshot_11_25_2015_6_0.json	1448449200.0	89.55	1650	381
snapshot_11_25_2015_6_0.json	1448449200.0	89.55	1650	381
snapshot_11_25_2015_6_0.json	1448449200.0	89.55	1650	381
snapshot_11_26_2015_0_0.json	1448514000.0	89.02	1650	407
snapshot_11_27_2015_18_0.json	1448665200.0	89.02	1650	407
snapshot_11_28_2015_0_0.json	1448686800.0	89.02	1650	407
snapshot_11_28_2015_12_0.json	1448730000.0	89.02	1650	405
snapshot_11_28_2015_18_0.json	1448751600.0	89.02	1650	405
snapshot_11_28_2015_18_0.json	1448751600.0	89.02	1650	405
snapshot_11_29_2015_12_0.json	1448816400.0	89.02	1650	404
snapshot_11_29_2015_18_0.json	1448838000.0	89.02	1650	408
snapshot_11_29_2015_6_0.json	1448794800.0	89.02	1650	404
snapshot_11_30_2015_0_0.json	1448859600.0	89.02	1650	408
snapshot_11_30_2015_12_0.json	1448902800.0	89.02	1650	420
snapshot_11_30_2015_18_0.json	1448924400.0	89.02	1650	414
snapshot_12_1_2015_0_0.json	1448946000.0	89.02	1650	402
snapshot_12_1_2015_12_0.json	1448989200.0	89.02	1650	400
snapshot_12_1_2015_18_0.json	1449010800.0	89.02	1650	400
snapshot_12_1_2015_6_0.json	1448967600.0	89.02	1650	402
snapshot_12_2_2015_0_0.json	1449032400.0	89.02	1650	400
snapshot_12_2_2015_12_0.json	1449075600.0	89.02	1650	400
snapshot_12_2_2015_18_0.json	1449097200.0	89.02	1650	400
snapshot_12_2_2015_6_0.json	1449054000.0	89.02	1650	400
snapshot_12_2_2015_6_0.json	1449054000.0	89.02	1650	400
snapshot_12_3_2015_0_0.json	1449118800.0	89.02	1650	396
snapshot_12_3_2015_12_0.json	1449162000.0	89.02	1650	396
snapshot_12_3_2015_18_0.json	1449183600.0	89.02	1650	396
snapshot_12_3_2015_18_0.json	1449183600.0	89.02	1650	396
snapshot_12_3_2015_6_0.json	1449140400.0	89.02	1650	396
snapshot_12_4_2015_0_0.json	1449205200.0	89.02	1650	396
snapshot_12_4_2015_0_0.json	1449205200.0	89.02	1650	396
snapshot_12_4_2015_18_0.json	1449270000.0	89.02	1650	398
snapshot_12_5_2015_0_0.json	1449291600.0	89.02	1650	398
snapshot_12_5_2015_12_0.json	1449334800.0	89.02	1650	396
snapshot_12_5_2015_12_0.json	1449334800.0	89.02	1650	396
snapshot_12_5_2015_18_0.json	1449356400.0	89.09153379	2016-05-20T02:30:00Z	The Who	Oracle Arena	California SF Bay Area|81	94621
snapshot_11_16_2015_0_0.json	1447650000.0	89.55	1650	375
snapshot_11_17_2015_0_0.json	1447736400.0	89.55	1650	379
snapshot_11_17_2015_12_0.json	1447779600.0	89.55	1650	379
snapshot_11_17_2015_12_0.json	1447779600.0	89.55	1650	379
snapshot_11_17_2015_18_0.json	1447801200.0	89.55	1650	379
snapshot_11_18_2015_0_0.json	1447822800.0	89.55	1650	377
snapshot_11_18_2015_12_0.json	1447866000.0	89.55	1650	367
snapshot_11_18_2015_18_0.json	1447887600.0	89.55	1650	369
snapshot_11_18_2015_6_0.json	1447844400.0	89.55	1650	377
snapshot_11_19_2015_0_0.json	1447909200.0	89.55	1650	369
snapshot_11_19_2015_6_0.json	1447930800.0	89.55	1650	369
snapshot_11_20_2015_0_0.json	1447995600.0	89.55	1650	363
snapshot_11_20_2015_12_0.json	1448038800.0	89.55	1650	363
snapshot_11_21_2015_12_0.json	1448125200.0	89.55	1650	381
snapshot_11_21_2015_18_0.json	1448146800.0	89.55	1650	381
snapshot_11_22_2015_0_0.json	1448168400.0	89.55	1650	389
snapshot_11_22_2015_12_0.json	1448211600.0	89.55	1650	389
snapshot_11_22_2015_12_0.json	1448211600.0	89.55	1650	389
snapshot_11_22_2015_18_0.json	1448233200.0	89.55	1650	389
snapshot_11_22_2015_18_0.json	1448233200.0	89.55	1650	389
snapshot_11_22_2015_6_0.json	1448190000.0	89.55	1650	389
snapshot_11_22_2015_6_0.json	1448190000.0	89.55	1650	389
snapshot_11_23_2015_12_0.json	1448298000.0	89.55	1650	389
snapshot_11_23_2015_12_0.json	1448298000.0	89.55	1650	389
snapshot_11_23_2015_18_0.json	1448319600.0	89.55	1650	389
snapshot_11_24_2015_0_0.json	1448341200.0	89.55	1650	377
snapshot_11_24_2015_12_0.json	1448384400.0	89.55	1650	389
snapshot_11_24_2015_12_0.json	1448384400.0	89.55	1650	389
snapshot_11_24_2015_18_0.json	1448406000.0	89.55	1650	383
snapshot_11_24_2015_6_0.json	1448362800.0	89.55	1650	377
snapshot_11_25_2015_0_0.json	1448427600.0	89.55	1650	383
snapshot_11_25_2015_0_0.json	1448427600.0	89.55	1650	383
snapshot_11_25_2015_12_0.json	1448470800.0	89.55	1650	375
snapshot_11_25_2015_6_0.json	1448449200.0	89.55	1650	381
snapshot_11_25_2015_6_0.json	1448449200.0	89.55	1650	381
snapshot_11_25_2015_6_0.json	1448449200.0	89.55	1650	381
snapshot_11_26_2015_0_0.json	1448514000.0	89.02	1650	407
snapshot_11_27_2015_18_0.json	1448665200.0	89.02	1650	407
snapshot_11_28_2015_0_0.json	1448686800.0	89.02	1650	407
snapshot_11_28_2015_12_0.json	1448730000.0	89.02	1650	405
snapshot_11_28_2015_18_0.json	1448751600.0	89.02	1650	405
snapshot_11_28_2015_18_0.json	1448751600.0	89.02	1650	405
snapshot_11_29_2015_12_0.json	1448816400.0	89.02	1650	404
snapshot_11_29_2015_18_0.json	1448838000.0	89.02	1650	408
snapshot_11_29_2015_6_0.json	1448794800.0	89.02	1650	404
snapshot_11_30_2015_0_0.json	1448859600.0	89.02	1650	408
snapshot_11_30_2015_12_0.json	1448902800.0	89.02	1650	420
snapshot_11_30_2015_18_0.json	1448924400.0	89.02	1650	414
snapshot_12_1_2015_0_0.json	1448946000.0	89.02	1650	402
snapshot_12_1_2015_12_0.json	1448989200.0	89.02	1650	400
snapshot_12_1_2015_18_0.json	1449010800.0	89.02	1650	400
snapshot_12_1_2015_6_0.json	1448967600.0	89.02	1650	402
snapshot_12_2_2015_0_0.json	1449032400.0	89.02	1650	400
snapshot_12_2_2015_12_0.json	1449075600.0	89.02	1650	400
snapshot_12_2_2015_18_0.json	1449097200.0	89.02	1650	400
snapshot_12_2_2015_6_0.json	1449054000.0	89.02	1650	400
snapshot_12_2_2015_6_0.json	1449054000.0	89.02	1650	400
snapshot_12_3_2015_0_0.json	1449118800.0	89.02	1650	396
snapshot_12_3_2015_12_0.json	1449162000.0	89.02	1650	396
snapshot_12_3_2015_18_0.json	1449183600.0	89.02	1650	396
snapshot_12_3_2015_18_0.json	1449183600.0	89.02	1650	396
snapshot_12_3_2015_6_0.json	1449140400.0	89.02	1650	396
snapshot_12_4_2015_0_0.json	1449205200.0	89.02	1650	396
snapshot_12_4_2015_0_0.json	1449205200.0	89.02	1650	396
snapshot_12_4_2015_18_0.json	1449270000.0	89.02	1650	398
snapshot_12_5_2015_0_0.json	1449291600.0	89.02	1650	398
snapshot_12_5_2015_12_0.json	1449334800.0	89.02	1650	396
snapshot_12_5_2015_12_0.json	1449334800.0	89.02	1650	396
snapshot_12_5_2015_18_0.json	1449356400.0	89.02	1650	396
9153379	2016-05-20T02:30:00Z	The Who	Oracle Arena	California SF Bay Area|81	94621
snapshot_11_16_2015_0_0.json	1447650000.0	89.55	1650	375
snapshot_11_17_2015_0_0.json	1447736400.0	89.55	1650	379
snapshot_11_17_2015_12_0.json	1447779600.0	89.55	1650	379
snapshot_11_17_2015_12_0.json	1447779600.0	89.55	1650	379
snapshot_11_17_2015_18_0.json	1447801200.0	89.55	1650	379
snapshot_11_18_2015_0_0.json	1447822800.0	89.55	1650	377
snapshot_11_18_2015_12_0.json	1447866000.0	89.55	1650	367
snapshot_11_18_2015_18_0.json	1447887600.0	89.55	1650	369
snapshot_11_18_2015_6_0.json	1447844400.0	89.55	1650	377
snapshot_11_19_2015_0_0.json	1447909200.0	89.55	1650	369
snapshot_11_19_2015_6_0.json	1447930800.0	89.55	1650	369
snapshot_11_20_2015_0_0.json	1447995600.0	89.55	1650	363
snapshot_11_20_2015_12_0.json	1448038800.0	89.55	1650	363
snapshot_11_21_2015_12_0.json	1448125200.0	89.55	1650	381
snapshot_11_21_2015_18_0.json	1448146800.0	89.55	1650	381
snapshot_11_22_2015_0_0.json	1448168400.0	89.55	1650	389
snapshot_11_22_2015_12_0.json	1448211600.0	89.55	1650	389
snapshot_11_22_2015_12_0.json	1448211600.0	89.55	1650	389
snapshot_11_22_2015_18_0.json	1448233200.0	89.55	1650	389
snapshot_11_22_2015_18_0.json	1448233200.0	89.55	1650	389
snapshot_11_22_2015_6_0.json	1448190000.0	89.55	1650	389
snapshot_11_22_2015_6_0.json	1448190000.0	89.55	1650	389
snapshot_11_23_2015_12_0.json	1448298000.0	89.55	1650	389
snapshot_11_23_2015_12_0.json	1448298000.0	89.55	1650	389
snapshot_11_23_2015_18_0.json	1448319600.0	89.55	1650	389
snapshot_11_24_2015_0_0.json	1448341200.0	89.55	1650	377
snapshot_11_24_2015_12_0.json	1448384400.0	89.55	1650	389
snapshot_11_24_2015_12_0.json	1448384400.0	89.55	1650	389
snapshot_11_24_2015_18_0.json	1448406000.0	89.55	1650	383
snapshot_11_24_2015_6_0.json	1448362800.0	89.55	1650	377
snapshot_11_25_2015_0_0.json	1448427600.0	89.55	1650	383
snapshot_11_25_2015_0_0.json	1448427600.0	89.55	1650	383
snapshot_11_25_2015_12_0.json	1448470800.0	89.55	1650	375
snapshot_11_25_2015_6_0.json	1448449200.0	89.55	1650	381
snapshot_11_25_2015_6_0.json	1448449200.0	89.55	1650	381
snapshot_11_25_2015_6_0.json	1448449200.0	89.55	1650	381
snapshot_11_26_2015_0_0.json	1448514000.0	89.02	1650	407
snapshot_11_27_2015_18_0.json	1448665200.0	89.02	1650	407
snapshot_11_28_2015_0_0.json	1448686800.0	89.02	1650	407
snapshot_11_28_2015_12_0.json	1448730000.0	89.02	1650	405
snapshot_11_28_2015_18_0.json	1448751600.0	89.02	1650	405
snapshot_11_28_2015_18_0.json	1448751600.0	89.02	1650	405
snapshot_11_29_2015_12_0.json	1448816400.0	89.02	1650	404
snapshot_11_29_2015_18_0.json	1448838000.0	89.02	1650	408
snapshot_11_29_2015_6_0.json	1448794800.0	89.02	1650	404
snapshot_11_30_2015_0_0.json	1448859600.0	89.02	1650	408
snapshot_11_30_2015_12_0.json	1448902800.0	89.02	1650	420
snapshot_11_30_2015_18_0.json	1448924400.0	89.02	1650	414
snapshot_12_1_2015_0_0.json	1448946000.0	89.02	1650	402
snapshot_12_1_2015_12_0.json	1448989200.0	89.02	1650	400
snapshot_12_1_2015_18_0.json	1449010800.0	89.02	1650	400
snapshot_12_1_2015_6_0.json	1448967600.0	89.02	1650	402
snapshot_12_2_2015_0_0.json	1449032400.0	89.02	1650	400
snapshot_12_2_2015_12_0.json	1449075600.0	89.02	1650	400
snapshot_12_2_2015_18_0.json	1449097200.0	89.02	1650	400
snapshot_12_2_2015_6_0.json	1449054000.0	89.02	1650	400
snapshot_12_2_2015_6_0.json	1449054000.0	89.02	1650	400
snapshot_12_3_2015_0_0.json	1449118800.0	89.02	1650	396
snapshot_12_3_2015_12_0.json	1449162000.0	89.02	1650	396
snapshot_12_3_2015_18_0.json	1449183600.0	89.02	1650	396
snapshot_12_3_2015_18_0.json	1449183600.0	89.02	1650	396
snapshot_12_3_2015_6_0.json	1449140400.0	89.02	1650	396
snapshot_12_4_2015_0_0.json	1449205200.0	89.02	1650	396
snapshot_12_4_2015_0_0.json	1449205200.0	89.02	1650	396
snapshot_12_4_2015_18_0.json	1449270000.0	89.02	1650	398
snapshot_12_5_2015_0_0.json	1449291600.0	89.02	1650	398
snapshot_12_5_2015_12_0.json	1449334800.0	89.02	1650	396
snapshot_12_5_2015_12_0.json	1449334800.0	89.02	1650	396
snapshot_12_5_2015_18_0.json	1449356400.0	89.0
snapshot_12_5_2015_18_0.json	1449356400.0	89.0snapshot_12_5_2015_18_0.json	1449356400.0	89.0
