9162856	2016-03-05T23:00:00Z	Marvel Universe Portland	Moda Center at the Rose Quarter	Oregon Portland|704	97227
snapshot_11_16_2015_0_0.json	1447650000.0	34.5	464	127
snapshot_11_17_2015_0_0.json	1447736400.0	34.5	116	127
snapshot_11_17_2015_0_0.json	1447736400.0	34.5	116	127
snapshot_11_17_2015_18_0.json	1447801200.0	34.5	115	119
snapshot_11_17_2015_6_0.json	1447758000.0	34.5	116	127
snapshot_11_18_2015_0_0.json	1447822800.0	34.5	320	133
snapshot_11_18_2015_12_0.json	1447866000.0	34.5	472	133
snapshot_11_18_2015_18_0.json	1447887600.0	34.5	115	119
snapshot_11_18_2015_6_0.json	1447844400.0	34.5	118	127
snapshot_11_19_2015_12_0.json	1447952400.0	34.5	472	127
snapshot_11_19_2015_6_0.json	1447930800.0	34.5	118	127
snapshot_11_20_2015_0_0.json	1447995600.0	34.5	118	100
snapshot_11_21_2015_12_0.json	1448125200.0	34.5	472	114
snapshot_11_22_2015_0_0.json	1448168400.0	34.5	118	114
snapshot_11_22_2015_12_0.json	1448211600.0	34.5	472	114
snapshot_11_22_2015_18_0.json	1448233200.0	34.5	472	114
snapshot_11_22_2015_6_0.json	1448190000.0	34.5	118	114
snapshot_11_23_2015_0_0.json	1448254800.0	34.5	228	114
snapshot_11_23_2015_12_0.json	1448298000.0	34.5	472	114
snapshot_11_23_2015_6_0.json	1448276400.0	34.5	118	114
snapshot_11_23_2015_6_0.json	1448276400.0	34.5	118	114
snapshot_11_24_2015_12_0.json	1448384400.0	34.5	472	114
snapshot_11_24_2015_12_0.json	1448384400.0	34.5	472	114
snapshot_11_24_2015_18_0.json	1448406000.0	34.5	118	114
snapshot_11_24_2015_6_0.json	1448362800.0	34.5	328	118
snapshot_11_25_2015_0_0.json	1448427600.0	34.5	472	116
snapshot_11_25_2015_18_0.json	1448492400.0	34.5	117	114
snapshot_11_25_2015_6_0.json	1448449200.0	34.5	472	116
snapshot_11_25_2015_6_0.json	1448449200.0	34.5	472	116
snapshot_11_26_2015_0_0.json	1448514000.0	34.5	117	114
snapshot_11_26_2015_0_0.json	1448514000.0	34.5	117	114
snapshot_11_27_2015_18_0.json	1448665200.0	34.5	118	116
snapshot_11_28_2015_0_0.json	1448686800.0	34.5	118	116
snapshot_11_28_2015_0_0.json	1448686800.0	34.5	118	116
snapshot_11_28_2015_12_0.json	1448730000.0	34.5	472	116
snapshot_11_28_2015_18_0.json	1448751600.0	34.5	118	116
snapshot_11_28_2015_6_0.json	1448708400.0	34.5	118	116
snapshot_11_29_2015_0_0.json	1448773200.0	34.5	118	116
snapshot_11_29_2015_12_0.json	1448816400.0	34.5	472	116
snapshot_11_29_2015_18_0.json	1448838000.0	34.5	118	116
snapshot_11_29_2015_6_0.json	1448794800.0	34.5	118	116
snapshot_11_29_2015_6_0.json	1448794800.0	34.5	118	116
snapshot_11_30_2015_0_0.json	1448859600.0	34.5	118	116
snapshot_11_30_2015_0_0.json	1448859600.0	34.5	118	116
snapshot_11_30_2015_12_0.json	1448902800.0	34.5	472	116
snapshot_11_30_2015_18_0.json	1448924400.0	34.5	115	116
snapshot_11_30_2015_6_0.json	1448881200.0	34.5	118	116
snapshot_12_1_2015_0_0.json	1448946000.0	34.5	172	120
snapshot_12_1_2015_12_0.json	1448989200.0	34.5	448	120
snapshot_12_1_2015_18_0.json	1449010800.0	34.5	115	116
snapshot_12_1_2015_6_0.json	1448967600.0	34.5	172	120
snapshot_12_2_2015_0_0.json	1449032400.0	34.5	176	116
snapshot_12_2_2015_12_0.json	1449075600.0	34.5	448	120
snapshot_12_2_2015_18_0.json	1449097200.0	34.5	115	116
snapshot_12_2_2015_6_0.json	1449054000.0	34.5	115	116
snapshot_12_3_2015_12_0.json	1449162000.0	34.5	115	90
snapshot_12_3_2015_18_0.json	1449183600.0	34.5	115	116
snapshot_12_3_2015_6_0.json	1449140400.0	34.5	448	116
snapshot_12_4_2015_0_0.json	1449205200.0	34.5	115	116
snapshot_12_4_2015_12_0.json	1449248400.0	34.5	750	125
snapshot_12_4_2015_6_0.json	1449226800.0	34.5	750	117
snapshot_12_5_2015_0_0.json	1449291600.0	34.5	750	117
snapshot_12_5_2015_12_0.json	1449334800.0	34.5	750	125
snapshot_12_5_2015_18_0.json	1449356400.0	34.5	750	117
snapshot_12_5_2015_6_0.json	1449313200.0	34.5	750	117
9162856	2016-03-05T23:00:00Z	Marvel Universe Portland	Moda Center at the Rose Quarter	Oregon Portland|704	97227
snapshot_11_16_2015_0_0.json	1447650000.0	34.5	464	127
snapshot_11_17_2015_0_0.json	1447736400.0	34.5	116	127
snapshot_11_17_2015_0_0.json	1447736400.0	34.5	116	127
snapshot_11_17_2015_18_0.json	1447801200.0	34.5	115	119
snapshot_11_17_2015_6_0.json	1447758000.0	34.5	116	127
snapshot_11_18_2015_0_0.json	1447822800.0	34.5	320	133
snapshot_11_18_2015_12_0.json	1447866000.0	34.5	472	133
snapshot_11_18_2015_18_0.json	1447887600.0	34.5	115	119
snapshot_11_18_2015_6_0.json	1447844400.0	34.5	118	127
snapshot_11_19_2015_12_0.json	1447952400.0	34.5	472	127
snapshot_11_19_2015_6_0.json	1447930800.0	34.5	118	127
snapshot_11_20_2015_0_0.json	1447995600.0	34.5	118	100
snapshot_11_21_2015_12_0.json	1448125200.0	34.5	472	114
snapshot_11_22_2015_0_0.json	1448168400.0	34.5	118	114
snapshot_11_22_2015_12_0.json	1448211600.0	34.5	472	114
snapshot_11_22_2015_18_0.json	1448233200.0	34.5	472	114
snapshot_11_22_2015_6_0.json	1448190000.0	34.5	118	114
snapshot_11_23_2015_0_0.json	1448254800.0	34.5	228	114
snapshot_11_23_2015_12_0.json	1448298000.0	34.5	472	114
snapshot_11_23_2015_6_0.json	1448276400.0	34.5	118	114
snapshot_11_23_2015_6_0.json	1448276400.0	34.5	118	114
snapshot_11_24_2015_12_0.json	1448384400.0	34.5	472	114
snapshot_11_24_2015_12_0.json	1448384400.0	34.5	472	114
snapshot_11_24_2015_18_0.json	1448406000.0	34.5	118	114
snapshot_11_24_2015_6_0.json	1448362800.0	34.5	328	118
snapshot_11_25_2015_0_0.json	1448427600.0	34.5	472	116
snapshot_11_25_2015_18_0.json	1448492400.0	34.5	117	114
snapshot_11_25_2015_6_0.json	1448449200.0	34.5	472	116
snapshot_11_25_2015_6_0.json	1448449200.0	34.5	472	116
snapshot_11_26_2015_0_0.json	1448514000.0	34.5	117	114
snapshot_11_26_2015_0_0.json	1448514000.0	34.5	117	114
snapshot_11_27_2015_18_0.json	1448665200.0	34.5	118	116
snapshot_11_28_2015_0_0.json	1448686800.0	34.5	118	116
snapshot_11_28_2015_0_0.json	1448686800.0	34.5	118	116
snapshot_11_28_2015_12_0.json	1448730000.0	34.5	472	116
snapshot_11_28_2015_18_0.json	1448751600.0	34.5	118	116
snapshot_11_28_2015_6_0.json	1448708400.0	34.5	118	116
snapshot_11_29_2015_0_0.json	1448773200.0	34.5	118	116
snapshot_11_29_2015_12_0.json	1448816400.0	34.5	472	116
snapshot_11_29_2015_18_0.json	1448838000.0	34.5	118	116
snapshot_11_29_2015_6_0.json	1448794800.0	34.5	118	116
snapshot_11_29_2015_6_0.json	1448794800.0	34.5	118	116
snapshot_11_30_2015_0_0.json	1448859600.0	34.5	118	116
snapshot_11_30_2015_0_0.json	1448859600.0	34.5	118	116
snapshot_11_30_2015_12_0.json	1448902800.0	34.5	472	116
snapshot_11_30_2015_18_0.json	1448924400.0	34.5	115	116
snapshot_11_30_2015_6_0.json	1448881200.0	34.5	118	116
snapshot_12_1_2015_0_0.json	1448946000.0	34.5	172	120
snapshot_12_1_2015_12_0.json	1448989200.0	34.5	448	120
snapshot_12_1_2015_18_0.json	1449010800.0	34.5	115	116
snapshot_12_1_2015_6_0.json	1448967600.0	34.5	172	120
snapshot_12_2_2015_0_0.json	1449032400.0	34.5	176	116
snapshot_12_2_2015_12_0.json	1449075600.0	34.5	448	120
snapshot_12_2_2015_18_0.json	1449097200.0	34.5	115	116
snapshot_12_2_2015_6_0.json	1449054000.0	34.5	115	116
snapshot_12_3_2015_12_0.json	1449162000.0	34.5	115	90
snapshot_12_3_2015_18_0.json	1449183600.0	34.5	115	116
snapshot_12_3_2015_6_0.json	1449140400.0	34.5	448	116
snapshot_12_4_2015_0_0.json	1449205200.0	34.5	115	116
snapshot_12_4_2015_12_0.json	1449248400.0	34.5	750	125
snapshot_12_4_2015_6_0.json	1449226800.0	34.5	750	117
snapshot_12_5_2015_0_0.json	1449291600.0	34.5	750	117
snapshot_12_5_2015_12_0.json	1449334800.0	34.5	750	125
snapshot_12_5_2015_18_0.json	1449356400.0	34.5	750	117
snapshot_12_5_2015_6_0.json	1449313200.0	34.5	750	117
9162856	2016-03-05T23:00:00Z	Marvel Universe Portland	Moda Center at the Rose Quarter	Oregon Portland|704	97227
snapshot_11_16_2015_0_0.json	1447650000.0	34.5	464	127
snapshot_11_17_2015_0_0.json	1447736400.0	34.5	116	127
snapshot_11_17_2015_0_0.json	1447736400.0	34.5	116	127
snapshot_11_17_2015_18_0.json	1447801200.0	34.5	115	119
snapshot_11_17_2015_6_0.json	1447758000.0	34.5	116	127
snapshot_11_18_2015_0_0.json	1447822800.0	34.5	320	133
snapshot_11_18_2015_12_0.json	1447866000.0	34.5	472	133
snapshot_11_18_2015_18_0.json	1447887600.0	34.5	115	119
snapshot_11_18_2015_6_0.json	1447844400.0	34.5	118	127
snapshot_11_19_2015_12_0.json	1447952400.0	34.5	9162856	2016-03-05T23:00:00Z	Marvel Universe Portland	Moda Center at the Rose Quarter	Oregon Portland|704	97227
snapshot_11_16_2015_0_0.json	1447650000.0	34.5	464	127
snapshot_11_17_2015_0_0.json	1447736400.0	34.5	116	127
snapshot_11_17_2015_0_0.json	1447736400.0	34.5	116	127
snapshot_11_17_2015_18_0.json	1447801200.0	34.5	115	119
snapshot_11_17_2015_6_0.json	1447758000.0	34.5	116	127
snapshot_11_18_2015_0_0.json	1447822800.0	34.5	320	133
snapshot_11_18_2015_12_0.json	1447866000.0	34.5	472	133
snapshot_11_18_2015_18_0.json	1447887600.0	34.5	115	119
snapshot_11_18_2015_6_0.json	1447844400.0	34.5	118	127
snapshot_11_19_2015_12_0.json	1447952400.0	34.5	472	127
snapshot_11_19_2015_6_0.json	1447930800.0	34.5	118	127
snapshot_11_20_2015_0_0.json	1447995600.0	34.5	118	100
snapshot_11_21_2015_12_0.json	1448125200.0	34.5	472	114
snapshot_11_22_2015_0_0.json	1448168400.0	34.5	118	114
snapshot_11_22_2015_12_0.json	1448211600.0	34.5	472	114
snapshot_11_22_2015_18_0.json	1448233200.0	34.5	472	114
snapshot_11_22_2015_6_0.json	1448190000.0	34.5	118	114
snapshot_11_23_2015_0_0.json	1448254800.0	34.5	228	114
snapshot_11_23_2015_12_0.json	1448298000.0	34.5	472	114
snapshot_11_23_2015_6_0.json	1448276400.0	34.5	118	114
snapshot_11_23_2015_6_0.json	1448276400.0	34.5	118	114
snapshot_11_24_2015_12_0.json	1448384400.0	34.5	472	114
snapshot_11_24_2015_12_0.json	1448384400.0	34.5	472	114
snapshot_11_24_2015_18_0.json	1448406000.0	34.5	118	114
snapshot_11_24_2015_6_0.json	1448362800.0	34.5	328	118
snapshot_11_25_2015_0_0.json	1448427600.0	34.5	472	116
snapshot_11_25_2015_18_0.json	1448492400.0	34.5	117	114
snapshot_11_25_2015_6_0.json	1448449200.0	34.5	472	116
snapshot_11_25_2015_6_0.json	1448449200.0	34.5	472	116
snapshot_11_26_2015_0_0.json	1448514000.0	34.5	117	114
snapshot_11_26_2015_0_0.json	1448514000.0	34.5	117	114
snapshot_11_27_2015_18_0.json	1448665200.0	34.5	118	116
snapshot_11_28_2015_0_0.json	1448686800.0	34.5	118	116
snapshot_11_28_2015_0_0.json	1448686800.0	34.5	118	116
snapshot_11_28_2015_12_0.json	1448730000.0	34.5	472	116
snapshot_11_28_2015_18_0.json	1448751600.0	34.5	118	116
snapshot_11_28_2015_6_0.json	1448708400.0	34.5	118	116
snapshot_11_29_2015_0_0.json	1448773200.0	34.5	118	116
snapshot_11_29_2015_12_0.json	1448816400.0	34.5	472	116
snapshot_11_29_2015_18_0.json	1448838000.0	34.5	118	116
snapshot_11_29_2015_6_0.json	1448794800.0	34.5	118	116
snapshot_11_29_2015_6_0.json	1448794800.0	34.5	118	116
snapshot_11_30_2015_0_0.json	1448859600.0	34.5	118	116
snapshot_11_30_2015_0_0.json	1448859600.0	34.5	118	116
snapshot_11_30_2015_12_0.json	1448902800.0	34.5	472	116
snapshot_11_30_2015_18_0.json	1448924400.0	34.5	115	116
snapshot_11_30_2015_6_0.json	1448881200.0	34.5	118	116
snapshot_12_1_2015_0_0.json	1448946000.0	34.5	172	120
snapshot_12_1_2015_12_0.json	1448989200.0	34.5	448	120
snapshot_12_1_2015_18_0.json	1449010800.0	34.5	115	116
snapshot_12_1_2015_6_0.json	1448967600.0	34.5	172	120
snapshot_12_2_2015_0_0.json	1449032400.0	34.5	176	116
snapshot_12_2_2015_12_0.json	1449075600.0	34.5	448	120
snapshot_12_2_2015_18_0.json	1449097200.0	34.5	115	116
snapshot_12_2_2015_6_0.json	1449054000.0	34.5	115	116
snapshot_12_3_2015_12_0.json	1449162000.0	34.5	115	90
snapshot_12_3_2015_18_0.json	1449183600.0	34.5	115	116
snapshot_12_3_2015_6_0.json	1449140400.0	34.5	448	116
snapshot_12_4_2015_0_0.json	1449205200.0	34.5	115	116
snapshot_12_4_2015_12_0.json	1449248400.0	34.5	750	125
snapshot_12_4_2015_6_0.json	1449226800.0	34.5	750	117
snapshot_12_5_2015_0_0.json	1449291600.0	34.5	750	117
snapshot_12_5_2015_12_0.json	1449334800.0	34.5	750	125
snapshot_12_5_2015_18_0.json	1449356400.0	34.5	750	117
snapshot_12_5_2015_6_0.json	1449313200.0	34.5	750	117
9162856	2016-03-05T23:00:00Z	Marvel Universe Portland	Moda Center at the Rose Quarter	Oregon Portland|704	97227
snapshot_11_16_2015_0_0.json	1447650000.0	34.5	464	127
snapshot_11_17_2015_0_0.json	1447736400.0	34.5	116	127
snapshot_11_17_2015_0_0.json	1447736400.0	34.5	116	127
snapshot_11_17_2015_18_0.json	1447801200.0	34.5	115	119
snapshot_11_17_2015_6_0.json	1447758000.0	34.5	116	127
snapshot_11_18_2015_0_0.json	1447822800.0	34.5	320	133
snapshot_11_18_2015_12_0.json	1447866000.0	34.5	472	133
snapshot_11_18_2015_18_0.json	1447887600.0	34.5	115	119
snapshot_11_18_2015_6_0.json	1447844400.0	34.5	118	127
snapshot_11_19_2015_12_0.json	1447952400.0	34.5	472	127
snapshot_11_19_2015_6_0.json	1447930800.0	34.5	118	127
snapshot_11_20_2015_0_0.json	1447995600.0	34.5	118	100
snapshot_11_21_2015_12_0.json	1448125200.0	34.5	472	114
snapshot_11_22_2015_0_0.json	1448168400.0	34.5	118	114
snapshot_11_22_2015_12_0.json	1448211600.0	34.5	472	114
snapshot_11_22_2015_18_0.json	1448233200.0	34.5	472	114
snapshot_11_22_2015_6_0.json	1448190000.0	34.5	118	114
snapshot_11_23_2015_0_0.json	1448254800.0	34.5	228	114
snapshot_11_23_2015_12_0.json	1448298000.0	34.5	472	114
snapshot_11_23_2015_6_0.json	1448276400.0	34.5	118	114
snapshot_11_23_2015_6_0.json	1448276400.0	34.5	118	114
snapshot_11_24_2015_12_0.json	1448384400.0	34.5	472	114
snapshot_11_24_2015_12_0.json	1448384400.0	34.5	472	114
snapshot_11_24_2015_18_0.json	1448406000.0	34.5	118	114
snapshot_11_24_2015_6_0.json	1448362800.0	34.5	328	118
snapshot_11_25_2015_0_0.json	1448427600.0	34.5	472	116
snapshot_11_25_2015_18_0.json	1448492400.0	34.5	117	114
snapshot_11_25_2015_6_0.json	1448449200.0	34.5	472	116
snapshot_11_25_2015_6_0.json	1448449200.0	34.5	472	116
snapshot_11_26_2015_0_0.json	1448514000.0	34.5	117	114
snapshot_11_26_2015_0_0.json	1448514000.0	34.5	117	114
snapshot_11_27_2015_18_0.json	1448665200.0	34.5	118	116
snapshot_11_28_2015_0_0.json	1448686800.0	34.5	118	116
snapshot_11_28_2015_0_0.json	1448686800.0	34.5	118	116
snapshot_11_28_2015_12_0.json	1448730000.0	34.5	472	116
snapshot_11_28_2015_18_0.json	1448751600.0	34.5	118	116
snapshot_11_28_2015_6_0.json	1448708400.0	34.5	118	116
snapshot_11_29_2015_0_0.json	1448773200.0	34.5	118	116
snapshot_11_29_2015_12_0.json	1448816400.0	34.5	472	116
snapshot_11_29_2015_18_0.json	1448838000.0	34.5	118	116
snapshot_11_29_2015_6_0.json	1448794800.0	34.5	118	116
snapshot_11_29_2015_6_0.json	1448794800.0	34.5	118	116
snapshot_11_30_2015_0_0.json	1448859600.0	34.5	118	116
snapshot_11_30_2015_0_0.json	1448859600.0	34.5	118	116
snapshot_11_30_2015_12_0.json	1448902800.0	34.5	472	116
snapshot_11_30_2015_18_0.json	1448924400.0	34.5	115	116
snapshot_11_30_2015_6_0.json	1448881200.0	34.5	118	116
snapshot_12_1_2015_0_0.json	1448946000.0	34.5	172	120
snapshot_12_1_2015_12_0.json	1448989200.0	34.5	448	120
snapshot_12_1_2015_18_0.json	1449010800.0	34.5	115	116
snapshot_12_1_2015_6_0.json	1448967600.0	34.5	172	120
snapshot_12_2_2015_0_0.json	1449032400.0	34.5	176	116
snapshot_12_2_2015_12_0.json	1449075600.0	34.5	448	120
snapshot_12_2_2015_18_0.json	1449097200.0	34.5	115	116
snapshot_12_2_2015_6_0.json	1449054000.0	34.5	115	116
snapshot_12_3_2015_12_0.json	1449162000.0	34.5	115	90
snapshot_12_3_2015_18_0.json	1449183600.0	34.5	115	116
snapshot_12_3_2015_6_0.json	1449140400.0	34.5	448	116
snapshot_12_4_2015_0_0.json	1449205200.0	34.5	115	116
snapshot_12_4_2015_12_0.json	1449248400.0	34.5	750	125
snapshot_12_4_2015_6_0.json	1449226800.0	34.5	750	117
snapshot_12_5_2015_0_0.json	1449291600.0	34.5	750	117
snapshot_12_5_2015_12_0.json	1449334800.0	34.5	750	125
snapshot_12_5_2015_18_0.json	1449356400.0	34.5	750	117
snapshot_12_5_2015_6_0.json	1449313200.0	34.5	750	117
9162856	2016-03-05T23:00:00Z	Marvel Universe Portland	Moda Center at the Rose Quarter	Oregon Portland|704	97227
snapshot_11_16_2015_0_0.json	1447650000.0	34.5	464	127
snapshot_11_17_2015_0_0.json	1447736400.0	34.5	116	127
snapshot_11_17_2015_0_0.json	1447736400.0	34.5	116	127
snapshot_11_17_2015_18_0.json	1447801200.0	34.5	115	119
snapshot_11_17_2015_6_0.json	1447758000.0	34.5	116	127
snapshot_11_18_2015_0_0.json	1447822800.0	34.5	320	133
snapshot_11_18_2015_12_0.json	1447866000.0	34.5	472	133
snapshot_11_18_2015_18_0.json	1447887600.0	34.5	115	119
snapshot_11_18_2015_6_0.json	1447844400.0	34.5	118	127
snapshot_11_19_2015_12_0.json	1447952400.0	34.5	
