9174704	2015-11-29T00:30:00Z	LSU Tigers	Tiger Stadium Baton Rouge	Louisiana New Orleans|242	70893
snapshot_11_16_2015_0_0.json	1447650000.0	81.3	2500	2738
snapshot_11_17_2015_0_0.json	1447736400.0	81.3	2500	2709
snapshot_11_17_2015_12_0.json	1447779600.0	87.15	2500	2728
snapshot_11_17_2015_18_0.json	1447801200.0	87.15	2500	2744
snapshot_11_17_2015_6_0.json	1447758000.0	87.15	2500	2726
snapshot_11_17_2015_6_0.json	1447758000.0	87.15	2500	2726
snapshot_11_18_2015_0_0.json	1447822800.0	69.6	2500	2709
snapshot_11_18_2015_12_0.json	1447866000.0	69.6	2500	2751
snapshot_11_18_2015_18_0.json	1447887600.0	70.77	2500	2732
snapshot_11_18_2015_6_0.json	1447844400.0	69.6	2500	2741
snapshot_11_19_2015_0_0.json	1447909200.0	75.45	2500	2726
snapshot_11_19_2015_12_0.json	1447952400.0	75.45	2500	2691
snapshot_11_19_2015_6_0.json	1447930800.0	75.45	2500	2693
snapshot_11_20_2015_0_0.json	1447995600.0	63.75	2500	2697
snapshot_11_20_2015_12_0.json	1448038800.0	63.75	2500	2697
snapshot_11_21_2015_12_0.json	1448125200.0	58.08	2500	2706
snapshot_11_21_2015_18_0.json	1448146800.0	58.08	2500	2708
snapshot_11_22_2015_0_0.json	1448168400.0	58.08	2500	2693
snapshot_11_22_2015_12_0.json	1448211600.0	57.48	2500	2679
snapshot_11_22_2015_18_0.json	1448233200.0	49.3	2500	2664
snapshot_11_22_2015_6_0.json	1448190000.0	46.96	2500	2682
snapshot_11_22_2015_6_0.json	1448190000.0	46.96	2500	2682
snapshot_11_23_2015_0_0.json	1448254800.0	49.29	2500	2639
snapshot_11_23_2015_12_0.json	1448298000.0	49.29	2500	2624
snapshot_11_23_2015_18_0.json	1448319600.0	46.2	2500	2552
snapshot_11_23_2015_6_0.json	1448276400.0	49.29	2500	2626
snapshot_11_24_2015_0_0.json	1448341200.0	49.3	1200	1331
snapshot_11_24_2015_12_0.json	1448384400.0	49.29	1200	1288
snapshot_11_24_2015_18_0.json	1448406000.0	34.5	1200	1311
snapshot_11_24_2015_6_0.json	1448362800.0	49.29	1200	1278
snapshot_11_25_2015_0_0.json	1448427600.0	37.59	9009	1166
snapshot_11_25_2015_12_0.json	1448470800.0	36.43	9009	1136
snapshot_11_25_2015_18_0.json	1448492400.0	31.29	9009	1097
snapshot_11_25_2015_6_0.json	1448449200.0	36.43	9009	1145
snapshot_11_26_2015_0_0.json	1448514000.0	36.54	9009	988
snapshot_11_27_2015_18_0.json	1448665200.0	34.09	1200	606
snapshot_11_28_2015_0_0.json	1448686800.0	49.3	1200	436
snapshot_11_28_2015_12_0.json	1448730000.0	53.98	1200	365
snapshot_11_28_2015_18_0.json	1448751600.0	51.64	1500	232
snapshot_11_28_2015_6_0.json	1448708400.0	54.52	1200	377
snapshot_11_29_2015_0_0.json	1448773200.0	36.43	1500	120
snapshot_11_29_2015_12_0.json	1448816400.0	0	0	0
snapshot_11_29_2015_18_0.json	1448838000.0	0	0	0
snapshot_11_29_2015_6_0.json	1448794800.0	0	0	0
snapshot_11_30_2015_0_0.json	1448859600.0	0	0	0
snapshot_11_30_2015_12_0.json	1448902800.0	0	0	0
snapshot_11_30_2015_6_0.json	1448881200.0	0	0	0
snapshot_12_3_2015_0_0.json	1449118800.0	0	0	0
snapshot_12_3_2015_12_0.json	1449162000.0	0	0	0
9174704	2015-11-29T00:30:00Z	LSU Tigers	Tiger Stadium Baton Rouge	Louisiana New Orleans|242	70893
snapshot_11_16_2015_0_0.json	1447650000.0	81.3	2500	2738
snapshot_11_17_2015_0_0.json	1447736400.0	81.3	2500	2709
snapshot_11_17_2015_12_0.json	1447779600.0	87.15	2500	2728
snapshot_11_17_2015_18_0.json	1447801200.0	87.15	2500	2744
snapshot_11_17_2015_6_0.json	1447758000.0	87.15	2500	2726
snapshot_11_17_2015_6_0.json	1447758000.0	87.15	2500	2726
snapshot_11_18_2015_0_0.json	1447822800.0	69.6	2500	2709
snapshot_11_18_2015_12_0.json	1447866000.0	69.6	2500	2751
snapshot_11_18_2015_18_0.json	1447887600.0	70.77	2500	2732
snapshot_11_18_2015_6_0.json	1447844400.0	69.6	2500	2741
snapshot_11_19_2015_0_0.json	1447909200.0	75.45	2500	2726
snapshot_11_19_2015_12_0.json	1447952400.0	75.45	2500	2691
snapshot_11_19_2015_6_0.json	1447930800.0	75.45	2500	2693
snapshot_11_20_2015_0_0.json	1447995600.0	63.75	2500	2697
snapshot_11_20_2015_12_0.json	1448038800.0	63.75	2500	2697
snapshot_11_21_2015_12_0.json	1448125200.0	58.08	2500	2706
snapshot_11_21_2015_18_0.json	1448146800.0	58.08	2500	2708
snapshot_11_22_2015_0_0.json	1448168400.0	58.08	2500	2693
snapshot_11_22_2015_12_0.json	1448211600.0	57.48	2500	2679
snapshot_11_22_2015_18_0.json	1448233200.0	49.3	2500	2664
snapshot_11_22_2015_6_0.json	1448190000.0	46.96	2500	2682
snapshot_11_22_2015_6_0.json	1448190000.0	46.96	2500	2682
snapshot_11_23_2015_0_0.json	1448254800.0	49.29	2500	2639
snapshot_11_23_2015_12_0.json	1448298000.0	49.29	2500	2624
snapshot_11_23_2015_18_0.json	1448319600.0	46.2	2500	2552
snapshot_11_23_2015_6_0.json	1448276400.0	49.29	2500	2626
snapshot_11_24_2015_0_0.json	1448341200.0	49.3	1200	1331
snapshot_11_24_2015_12_0.json	1448384400.0	49.29	1200	1288
snapshot_11_24_2015_18_0.json	1448406000.0	34.5	1200	1311
snapshot_11_24_2015_6_0.json	1448362800.0	49.29	1200	1278
snapshot_11_25_2015_0_0.json	1448427600.0	37.59	9009	1166
snapshot_11_25_2015_12_0.json	1448470800.0	36.43	9009	1136
snapshot_11_25_2015_18_0.json	1448492400.0	31.29	9009	1097
snapshot_11_25_2015_6_0.json	1448449200.0	36.43	9009	1145
snapshot_11_26_2015_0_0.json	1448514000.0	36.54	9009	988
snapshot_11_27_2015_18_0.json	1448665200.0	34.09	1200	606
snapshot_11_28_2015_0_0.json	1448686800.0	49.3	1200	436
snapshot_11_28_2015_12_0.json	1448730000.0	53.98	1200	365
snapshot_11_28_2015_18_0.json	1448751600.0	51.64	1500	232
snapshot_11_28_2015_6_0.json	1448708400.0	54.52	1200	377
snapshot_11_29_2015_0_0.json	1448773200.0	36.43	1500	120
snapshot_11_29_2015_12_0.json	1448816400.0	0	0	0
snapshot_11_29_2015_18_0.json	1448838000.0	0	0	0
snapshot_11_29_2015_6_0.json	1448794800.0	0	0	0
snapshot_11_30_2015_0_0.json	1448859600.0	0	0	0
snapshot_11_30_2015_12_0.json	1448902800.0	0	0	0
snapshot_11_30_2015_6_0.json	1448881200.0	0	0	0
snapshot_12_3_2015_0_0.json	1449118800.0	0	0	0
snapshot_12_3_2015_12_0.json	1449162000.0	0	0	0
9174704	2015-11-29T00:30:00Z	LSU Tigers	Tiger Stadium Baton Rouge	Louisiana New Orleans|242	70893
snapshot_11_16_2015_0_0.json	1447650000.0	81.3	2500	2738
snapshot_11_17_2015_0_0.json	1447736400.0	81.3	2500	2709
snapshot_11_17_2015_12_0.json	1447779600.0	87.15	2500	2728
snapshot_11_17_2015_18_0.json	1447801200.0	87.15	2500	2744
snapshot_11_17_2015_6_0.json	1447758000.0	87.15	2500	2726
snapshot_11_17_2015_6_0.json	1447758000.0	87.15	2500	2726
snapshot_11_18_2015_0_0.json	1447822800.0	69.6	2500	2709
snapshot_11_18_2015_12_0.json	1447866000.0	69.6	2500	2751
snapshot_11_18_2015_18_0.json	1447887600.0	70.77	2500	2732
snapshot_11_18_2015_6_0.json	1447844400.0	69.6	2500	2741
snapshot_11_19_2015_0_0.json	1447909200.0	75.45	2500	2726
snapshot_11_19_2015_12_0.json	1447952400.0	75.45	2500	2691
snapshot_11_19_2015_6_0.json	1447930800.0	75.45	2500	2693
snapshot_11_20_2015_0_0.json	1447995600.0	63.75	2500	2697
snapshot_11_20_2015_12_0.json	1448038800.0	63.75	2500	2697
snapshot_11_21_2015_12_0.json	1448125200.0	58.08	2500	2706
snapshot_11_21_2015_18_0.json	1448146800.0	58.08	2500	2708
snapshot_11_22_2015_0_0.json	1448168400.0	58.08	2500	2693
snapshot_11_22_2015_12_0.json	1448211600.0	57.48	2500	2679
snapshot_11_22_2015_18_0.json	1448233200.0	49.3	2500	2664
snapshot_11_22_2015_6_0.json	1448190000.0	46.96	2500	2682
snapshot_11_22_2015_6_0.json	1448190000.0	46.96	2500	2682
snapshot_11_23_2015_0_0.json	1448254800.0	49.29	2500	2639
snapshot_11_23_2015_12_0.json	1448298000.0	49.29	2500	2624
snapshot_11_23_2015_18_0.json	1448319600.0	46.2	2500	2552
snapshot_11_23_2015_6_0.json	1448276400.0	49.29	2500	2626
snapshot_11_24_2015_0_0.json	1448341200.0	49.3	1200	1331
snapshot_11_24_2015_12_0.json	1448384400.0	49.29	1200	1288
snapshot_11_24_2015_18_0.json	1448406000.0	34.5	1200	1311
snapshot_11_24_2015_6_0.json	1448362800.0	49.29	1200	1278
snapshot_11_25_2015_0_0.json	1448427600.0	37.59	9009	1166
snapshot_11_25_2015_12_0.json	1448470800.0	36.43	9009	1136
snapshot_11_25_2015_18_0.json	1448492400.0	31.29	9009	1097
snapshot_11_25_2015_6_0.json	1448449200.0	36.43	9009	1145
snapshot_11_26_2015_0_0.json	1448514000.0	36.54	9009	988
snapshot_11_27_2015_18_0.json	1448665200.0	34.09	1200	606
snapshot_11_28_2015_0_0.json	1448686800.0	49.3	1200	436
snapshot_11_28_2015_12_0.json	1448730000.0	53.98	1200	365
snapshot_11_28_20159174704	2015-11-29T00:30:00Z	LSU Tigers	Tiger Stadium Baton Rouge	Louisiana New Orleans|242	70893
snapshot_11_16_2015_0_0.json	1447650000.0	81.3	2500	2738
snapshot_11_17_2015_0_0.json	1447736400.0	81.3	2500	2709
snapshot_11_17_2015_12_0.json	1447779600.0	87.15	2500	2728
snapshot_11_17_2015_18_0.json	1447801200.0	87.15	2500	2744
snapshot_11_17_2015_6_0.json	1447758000.0	87.15	2500	2726
snapshot_11_17_2015_6_0.json	1447758000.0	87.15	2500	2726
snapshot_11_18_2015_0_0.json	1447822800.0	69.6	2500	2709
snapshot_11_18_2015_12_0.json	1447866000.0	69.6	2500	2751
snapshot_11_18_2015_18_0.json	1447887600.0	70.77	2500	2732
snapshot_11_18_2015_6_0.json	1447844400.0	69.6	2500	2741
snapshot_11_19_2015_0_0.json	1447909200.0	75.45	2500	2726
snapshot_11_19_2015_12_0.json	1447952400.0	75.45	2500	2691
snapshot_11_19_2015_6_0.json	1447930800.0	75.45	2500	2693
snapshot_11_20_2015_0_0.json	1447995600.0	63.75	2500	2697
snapshot_11_20_2015_12_0.json	1448038800.0	63.75	2500	2697
snapshot_11_21_2015_12_0.json	1448125200.0	58.08	2500	2706
snapshot_11_21_2015_18_0.json	1448146800.0	58.08	2500	2708
snapshot_11_22_2015_0_0.json	1448168400.0	58.08	2500	2693
snapshot_11_22_2015_12_0.json	1448211600.0	57.48	2500	2679
snapshot_11_22_2015_18_0.json	1448233200.0	49.3	2500	2664
snapshot_11_22_2015_6_0.json	1448190000.0	46.96	2500	2682
snapshot_11_22_2015_6_0.json	1448190000.0	46.96	2500	2682
snapshot_11_23_2015_0_0.json	1448254800.0	49.29	2500	2639
snapshot_11_23_2015_12_0.json	1448298000.0	49.29	2500	2624
snapshot_11_23_2015_18_0.json	1448319600.0	46.2	2500	2552
snapshot_11_23_2015_6_0.json	1448276400.0	49.29	2500	2626
snapshot_11_24_2015_0_0.json	1448341200.0	49.3	1200	1331
snapshot_11_24_2015_12_0.json	1448384400.0	49.29	1200	1288
snapshot_11_24_2015_18_0.json	1448406000.0	34.5	1200	1311
snapshot_11_24_2015_6_0.json	1448362800.0	49.29	1200	1278
snapshot_11_25_2015_0_0.json	1448427600.0	37.59	9009	1166
snapshot_11_25_2015_12_0.json	1448470800.0	36.43	9009	1136
snapshot_11_25_2015_18_0.json	1448492400.0	31.29	9009	1097
snapshot_11_25_2015_6_0.json	1448449200.0	36.43	9009	1145
snapshot_11_26_2015_0_0.json	1448514000.0	36.54	9009	988
snapshot_11_27_2015_18_0.json	1448665200.0	34.09	1200	606
snapshot_11_28_2015_0_0.json	1448686800.0	49.3	1200	436
snapshot_11_28_2015_12_0.json	1448730000.0	53.98	1200	365
snapshot_11_28_2015_18_0.json	1448751600.0	51.64	1500	232
snapshot_11_28_2015_6_0.json	1448708400.0	54.52	1200	377
snapshot_11_29_2015_0_0.json	1448773200.0	36.43	1500	120
snapshot_11_29_2015_12_0.json	1448816400.0	0	0	0
snapshot_11_29_2015_18_0.json	1448838000.0	0	0	0
snapshot_11_29_2015_6_0.json	1448794800.0	0	0	0
snapshot_11_30_2015_0_0.json	1448859600.0	0	0	0
snapshot_11_30_2015_12_0.json	1448902800.0	0	0	0
snapshot_11_30_2015_6_0.json	1448881200.0	0	0	0
snapshot_12_3_2015_0_0.json	1449118800.0	0	0	0
snapshot_12_3_2015_12_0.json	1449162000.0	0	0	0
9174704	2015-11-29T00:30:00Z	LSU Tigers	Tiger Stadium Baton Rouge	Louisiana New Orleans|242	70893
snapshot_11_16_2015_0_0.json	1447650000.0	81.3	2500	2738
snapshot_11_17_2015_0_0.json	1447736400.0	81.3	2500	2709
snapshot_11_17_2015_12_0.json	1447779600.0	87.15	2500	2728
snapshot_11_17_2015_18_0.json	1447801200.0	87.15	2500	2744
snapshot_11_17_2015_6_0.json	1447758000.0	87.15	2500	2726
snapshot_11_17_2015_6_0.json	1447758000.0	87.15	2500	2726
snapshot_11_18_2015_0_0.json	1447822800.0	69.6	2500	2709
snapshot_11_18_2015_12_0.json	1447866000.0	69.6	2500	2751
snapshot_11_18_2015_18_0.json	1447887600.0	70.77	2500	2732
snapshot_11_18_2015_6_0.json	1447844400.0	69.6	2500	2741
snapshot_11_19_2015_0_0.json	1447909200.0	75.45	2500	2726
snapshot_11_19_2015_12_0.json	1447952400.0	75.45	2500	2691
snapshot_11_19_2015_6_0.json	1447930800.0	75.45	2500	2693
snapshot_11_20_2015_0_0.json	1447995600.0	63.75	2500	2697
snapshot_11_20_2015_12_0.json	1448038800.0	63.75	2500	2697
snapshot_11_21_2015_12_0.json	1448125200.0	58.08	2500	2706
snapshot_11_21_2015_18_0.json	1448146800.0	58.08	2500	2708
snapshot_11_22_2015_0_0.json	1448168400.0	58.08	2500	2693
snapshot_11_22_2015_12_0.json	1448211600.0	57.48	2500	2679
snapshot_11_22_2015_18_0.json	1448233200.0	49.3	2500	2664
snapshot_11_22_2015_6_0.json	1448190000.0	46.96	2500	2682
snapshot_11_22_2015_6_0.json	1448190000.0	46.96	2500	2682
snapshot_11_23_2015_0_0.json	1448254800.0	49.29	2500	2639
snapshot_11_23_2015_12_0.json	1448298000.0	49.29	2500	2624
snapshot_11_23_2015_18_0.json	1448319600.0	46.2	2500	2552
snapshot_11_23_2015_6_0.json	1448276400.0	49.29	2500	2626
snapshot_11_24_2015_0_0.json	1448341200.0	49.3	1200	1331
snapshot_11_24_2015_12_0.json	1448384400.0	49.29	1200	1288
snapshot_11_24_2015_18_0.json	1448406000.0	34.5	1200	1311
snapshot_11_24_2015_6_0.json	1448362800.0	49.29	1200	1278
snapshot_11_25_2015_0_0.json	1448427600.0	37.59	9009	1166
snapshot_11_25_2015_12_0.json	1448470800.0	36.43	9009	1136
snapshot_11_25_2015_18_0.json	1448492400.0	31.29	9009	1097
snapshot_11_25_2015_6_0.json	1448449200.0	36.43	9009	1145
snapshot_11_26_2015_0_0.json	1448514000.0	36.54	9009	988
snapshot_11_27_2015_18_0.json	1448665200.0	34.09	1200	606
snapshot_11_28_2015_0_0.json	1448686800.0	49.3	1200	436
snapshot_11_28_2015_12_0.json	1448730000.0	53.98	1200	365
snapshot_11_28_2015_18_0.json	1448751600.0	51.64	1500	232
snapshot_11_28_2015_6_0.json	1448708400.0	54.52	1200	377
snapshot_11_29_2015_0_0.json	1448773200.0	36.43	1500	120
snapshot_11_29_2015_12_0.json	1448816400.0	0	0	0
snapshot_11_29_2015_18_0.json	1448838000.0	0	0	0
snapshot_11_29_2015_6_0.json	1448794800.0	0	0	0
snapshot_11_30_2015_0_0.json	1448859600.0	0	0	0
snapshot_11_30_2015_12_0.json	1448902800.0	0	0	0
snapshot_11_30_2015_6_0.json	1448881200.0	0	0	0
snapshot_12_3_2015_0_0.json	1449118800.0	0	0	0
snapshot_12_3_2015_12_0.json	1449162000.0	0	0	0
9174704	2015-11-29T00:30:00Z	LSU Tigers	Tiger Stadium Baton Rouge	Louisiana New Orleans|242	70893
snapshot_11_16_2015_0_0.json	1447650000.0	81.3	2500	2738
snapshot_11_17_2015_0_0.json	1447736400.0	81.3	2500	2709
snapshot_11_17_2015_12_0.json	1447779600.0	87.15	2500	2728
snapshot_11_17_2015_18_0.json	1447801200.0	87.15	2500	2744
snapshot_11_17_2015_6_0.json	1447758000.0	87.15	2500	2726
snapshot_11_17_2015_6_0.json	1447758000.0	87.15	2500	2726
snapshot_11_18_2015_0_0.json	1447822800.0	69.6	2500	2709
snapshot_11_18_2015_12_0.json	1447866000.0	69.6	2500	2751
snapshot_11_18_2015_18_0.json	1447887600.0	70.77	2500	2732
snapshot_11_18_2015_6_0.json	1447844400.0	69.6	2500	2741
snapshot_11_19_2015_0_0.json	1447909200.0	75.45	2500	2726
snapshot_11_19_2015_12_0.json	1447952400.0	75.45	2500	2691
snapshot_11_19_2015_6_0.json	1447930800.0	75.45	2500	2693
snapshot_11_20_2015_0_0.json	1447995600.0	63.75	2500	2697
snapshot_11_20_2015_12_0.json	1448038800.0	63.75	2500	2697
snapshot_11_21_2015_12_0.json	1448125200.0	58.08	2500	2706
snapshot_11_21_2015_18_0.json	1448146800.0	58.08	2500	2708
snapshot_11_22_2015_0_0.json	1448168400.0	58.08	2500	2693
snapshot_11_22_2015_12_0.json	1448211600.0	57.48	2500	2679
snapshot_11_22_2015_18_0.json	1448233200.0	49.3	2500	2664
snapshot_11_22_2015_6_0.json	1448190000.0	46.96	2500	2682
snapshot_11_22_2015_6_0.json	1448190000.0	46.96	2500	2682
snapshot_11_23_2015_0_0.json	1448254800.0	49.29	2500	2639
snapshot_11_23_2015_12_0.json	1448298000.0	49.29	2500	2624
snapshot_11_23_2015_18_0.json	1448319600.0	46.2	2500	2552
snapshot_11_23_2015_6_0.json	1448276400.0	49.29	2500	2626
snapshot_11_24_2015_0_0.json	1448341200.0	49.3	1200	1331
snapshot_11_24_2015_12_0.json	1448384400.0	49.29	1200	1288
snapshot_11_24_2015_18_0.json	1448406000.0	34.5	1200	1311
snapshot_11_24_2015_6_0.json	1448362800.0	49.29	1200	1278
snapshot_11_25_2015_0_0.json	1448427600.0	37.59	9009	1166
snapshot_11_25_2015_12_0.json	1448470800.0	36.43	9009	1136
snapshot_11_25_2015_18_0.json	1448492400.0	31.29	9009	1097
snapshot_11_25_2015_6_0.json	1448449200.0	36.43	9009	1145
snapshot_11_26_2015_0_0.json	1448514000.0	36.54	9009	988
snapshot_11_27_2015_18_0.json	1448665200.0	34.09	1200	606
snapshot_11_28_2015_0_0.json	1448686800.0	49.3	1200	436
snapshot_11_28_2015_12_0.json	1448730000.0	53.98	1200	365
snapshot_11_28_2015
