9174711	2015-11-21T20:30:00Z	Ole Miss Rebels	Vaught Hemingway Stadium	Mississippi Jackson|5543	38677
snapshot_11_17_2015_0_0.json	1447736400.0	142.9	25000	971
snapshot_11_17_2015_12_0.json	1447779600.0	148.75	25000	923
snapshot_11_17_2015_18_0.json	1447801200.0	148.75	25000	878
snapshot_11_17_2015_6_0.json	1447758000.0	148.75	25000	923
snapshot_11_18_2015_0_0.json	1447822800.0	133.95	25000	766
snapshot_11_18_2015_12_0.json	1447866000.0	142.9	25000	701
snapshot_11_18_2015_18_0.json	1447887600.0	122.25	25000	693
snapshot_11_18_2015_18_0.json	1447887600.0	122.25	25000	693
snapshot_11_18_2015_6_0.json	1447844400.0	142.9	25000	706
snapshot_11_19_2015_0_0.json	1447909200.0	139.39	550	479
snapshot_11_19_2015_12_0.json	1447952400.0	148.75	550	489
snapshot_11_19_2015_6_0.json	1447930800.0	148.75	550	489
snapshot_11_20_2015_0_0.json	1447995600.0	106.57	550	358
snapshot_11_20_2015_12_0.json	1448038800.0	137.05	550	371
snapshot_11_21_2015_12_0.json	1448125200.0	127.51	550	141
snapshot_11_21_2015_18_0.json	1448146800.0	151.08	550	38
snapshot_11_22_2015_0_0.json	1448168400.0	0	0	0
snapshot_11_22_2015_12_0.json	1448211600.0	0	0	0
snapshot_11_22_2015_18_0.json	1448233200.0	0	0	0
snapshot_11_22_2015_6_0.json	1448190000.0	0	0	0
snapshot_11_23_2015_0_0.json	1448254800.0	0	0	0
snapshot_11_23_2015_12_0.json	1448298000.0	0	0	0
snapshot_11_23_2015_18_0.json	1448319600.0	0	0	0
snapshot_11_23_2015_6_0.json	1448276400.0	0	0	0
snapshot_11_25_2015_6_0.json	1448449200.0	0	0	0
snapshot_12_3_2015_0_0.json	1449118800.0	0	0	0
snapshot_12_3_2015_12_0.json	1449162000.0	0	0	0
9174711	2015-11-21T20:30:00Z	Ole Miss Rebels	Vaught Hemingway Stadium	Mississippi Jackson|5543	38677
snapshot_11_17_2015_0_0.json	1447736400.0	142.9	25000	971
snapshot_11_17_2015_12_0.json	1447779600.0	148.75	25000	923
snapshot_11_17_2015_18_0.json	1447801200.0	148.75	25000	878
snapshot_11_17_2015_6_0.json	1447758000.0	148.75	25000	923
snapshot_11_18_2015_0_0.json	1447822800.0	133.95	25000	766
snapshot_11_18_2015_12_0.json	1447866000.0	142.9	25000	701
snapshot_11_18_2015_18_0.json	1447887600.0	122.25	25000	693
snapshot_11_18_2015_18_0.json	1447887600.0	122.25	25000	693
snapshot_11_18_2015_6_0.json	1447844400.0	142.9	25000	706
snapshot_11_19_2015_0_0.json	1447909200.0	139.39	550	479
snapshot_11_19_2015_12_0.json	1447952400.0	148.75	550	489
snapshot_11_19_2015_6_0.json	1447930800.0	148.75	550	489
snapshot_11_20_2015_0_0.json	1447995600.0	106.57	550	358
snapshot_11_20_2015_12_0.json	1448038800.0	137.05	550	371
snapshot_11_21_2015_12_0.json	1448125200.0	127.51	550	141
snapshot_11_21_2015_18_0.json	1448146800.0	151.08	550	38
snapshot_11_22_2015_0_0.json	1448168400.0	0	0	0
snapshot_11_22_2015_12_0.json	1448211600.0	0	0	0
snapshot_11_22_2015_18_0.json	1448233200.0	0	0	0
snapshot_11_22_2015_6_0.json	1448190000.0	0	0	0
snapshot_11_23_2015_0_0.json	1448254800.0	0	0	0
snapshot_11_23_2015_12_0.json	1448298000.0	0	0	0
snapshot_11_23_2015_18_0.json	1448319600.0	0	0	0
snapshot_11_23_2015_6_0.json	1448276400.0	0	0	0
snapshot_11_25_2015_6_0.json	1448449200.0	0	0	0
snapshot_12_3_2015_0_0.json	1449118800.0	0	0	0
snapshot_12_3_2015_12_0.json	1449162000.0	0	0	0
9174711	2015-11-21T20:30:00Z	Ole Miss Rebels	Vaught Hemingway Stadium	Mississippi Jackson|5543	38677
snapshot_11_17_2015_0_0.json	1447736400.0	142.9	25000	971
snapshot_11_17_2015_12_0.json	1447779600.0	148.75	25000	923
snapshot_11_17_2015_18_0.json	1447801200.0	148.75	25000	878
snapshot_11_17_2015_6_0.json	1447758000.0	148.75	25000	923
snapshot_11_18_2015_0_0.json	1447822800.0	133.95	25000	766
snapshot_11_18_2015_12_0.json	1447866000.0	142.9	25000	701
snapshot_11_18_2015_18_0.json	1447887600.0	122.25	25000	693
snapshot_11_18_2015_18_0.json	1447887600.0	122.25	25000	693
snapshot_11_18_2015_6_0.json	1447844400.0	142.9	25000	706
snapshot_11_19_2015_0_0.json	1447909200.0	139.39	550	479
snapshot_11_19_2015_12_0.json	1447952400.0	148.75	550	489
snapshot_11_19_2015_6_0.json	1447930800.0	148.75	550	489
snapshot_11_20_2015_0_0.json	1447995600.0	106.57	550	358
snapshot_11_20_2015_12_0.json	1448038800.0	137.05	550	371
snapshot_11_21_2015_12_0.json	1448125200.0	127.51	550	141
snapshot_11_21_2015_18_0.json	1448146800.0	151.08	550	38
snapshot_11_22_2015_0_0.json	1448168400.0	0	0	0
snapshot_11_22_2015_12_0.json	1448211600.0	0	0	0
snapshot_11_22_2015_18_0.json	1448233200.0	0	0	0
snapshot_11_22_2015_6_0.json	1448190000.0	0	0	0
snapshot_11_23_2015_0_0.json	1448254800.0	0	0	0
snapshot_11_23_2015_12_0.json	1448298000.0	0	0	0
snapshot_11_23_2015_18_0.json	1448319600.0	0	0	0
snapshot_11_23_2015_6_0.json	1448276400.0	0	0	0
snapshot_11_25_2015_6_0.json	1448449200.0	0	0	0
snapshot_12_3_2015_0_0.json	1449118800.0	0	0	0
snapshot_12_3_2015_12_0.json	1449162000.0	0	0	0
9174711	2015-11-21T20:30:00Z	Ole Miss Rebels	Vaught Hemingway Stadium	Mississippi Jackson|5543	38677
snapshot_11_17_2015_0_0.json	1447736400.0	142.9	25000	971
snapshot_11_17_2015_12_0.json	1447779600.0	148.75	25000	923
snapshot_11_17_2015_18_0.json	1447801200.0	148.75	25000	878
snapshot_11_17_2015_6_0.json	1447758000.0	148.75	25000	923
snapshot_11_18_2015_0_0.json	1447822800.0	133.95	25000	766
snapshot_11_18_2015_12_0.json	1447866000.0	142.9	25000	701
snapshot_11_18_2015_18_0.json	1447887600.0	122.25	25000	693
snapshot_11_18_2015_18_0.json	1447887600.0	122.25	25000	693
snapshot_11_18_2015_6_0.json	1447844400.0	142.9	25000	706
snapshot_11_19_2015_0_0.json	1447909200.0	139.39	550	479
snapshot_11_19_2015_12_0.json	1447952400.0	148.75	550	489
snapshot_11_19_2015_6_0.json	1447930800.0	148.75	550	489
snapshot_11_20_2015_0_0.json	1447995600.0	106.57	550	358
snapshot_11_20_2015_12_0.json	1448038800.0	137.05	550	371
snapshot_11_21_2015_12_0.json	1448125200.0	127.51	550	141
snapshot_11_21_2015_18_0.json	1448146800.0	151.08	550	38
snapshot_11_22_2015_0_0.json	1448168400.0	0	0	0
snapshot_11_22_2015_12_0.json	1448211600.0	0	0	0
snapshot_11_22_2015_18_0.json	1448233200.0	0	0	0
snapshot_11_22_2015_6_0.json	1448190000.0	0	0	0
snapshot_11_23_2015_0_0.json	1448254800.0	0	0	0
snapshot_11_23_2015_12_0.json	1448298000.0	0	0	0
snapshot_11_23_2015_18_0.json	1448319600.0	0	0	0
snapshot_11_23_2015_6_0.json	1448276400.0	0	0	0
snapshot_11_25_2015_6_0.json	1448449200.0	0	0	0
snapshot_12_3_2015_0_0.json	1449118800.0	0	0	0
snapshot_12_3_2015_12_0.json	1449162000.0	0	0	0
9174711	2015-11-21T20:30:00Z	Ole Miss Rebels	Vaught Hemingway Stadium	Mississippi Jackson|5543	38677
snapshot_11_17_2015_0_0.json	1447736400.0	142.9	25000	971
snapshot_11_17_2015_12_0.json	1447779600.0	148.75	25000	923
snapshot_11_17_2015_18_0.json	1447801200.0	148.75	25000	878
snapshot_11_17_2015_6_0.json	1447758000.0	148.75	25000	923
snapshot_11_18_2015_0_0.json	1447822800.0	133.95	25000	766
snapshot_11_18_2015_12_0.json	1447866000.0	142.9	25000	701
snapshot_11_18_2015_18_0.json	1447887600.0	122.25	25000	693
snapshot_11_18_2015_18_0.json	1447887600.0	122.25	25000	693
snapshot_11_18_2015_6_0.json	1447844400.0	142.9	25000	706
snapshot_11_19_2015_0_0.json	1447909200.0	139.39	550	479
snapshot_11_19_2015_12_0.json	1447952400.0	148.75	550	489
snapshot_11_19_2015_6_0.json	1447930800.0	148.75	550	489
snapshot_11_20_2015_0_0.json	1447995600.0	106.57	550	358
snapshot_11_20_2015_12_0.json	1448038800.0	137.05	550	371
snapshot_11_21_2015_12_0.json	1448125200.0	127.51	550	141
snapshot_11_21_2015_18_0.json	1448146800.0	151.08	550	38
snapshot_11_22_2015_0_0.json	1448168400.0	0	0	0
snapshot_11_22_2015_12_0.json	1448211600.0	0	0	0
snapshot_11_22_2015_18_0.json	1448233200.0	0	0	0
snapshot_11_22_2015_6_0.json	1448190000.0	0	0	0
snapshot_11_23_2015_0_0.json	1448254800.0	0	0	0
snapshot_11_23_2015_12_0.json	1448298000.0	0	0	0
snapshot_11_23_2015_18_0.json	1448319600.0	0	0	0
snapshot_11_23_2015_6_0.json	1448276400.0	0	0	0
snapshot_11_25_2015_6_0.json	1448449200.0	0	0	0
snapshot_12_3_2015_0_0.json	1449118800.0	0	0	0
snapshot_12_3_2015_12_0.json	1449162000.0	0	0	0
9174711	2015-11-21T20:30:00Z	Ole Miss Rebels	Vaught Hemingway Stadium	Mississippi Jackson|5543	38677
snapshot_11_17_2015_0_0.json	1447736400.0	142.9	25000	971
snapshot_11_17_2015_12_0.json	1447779600.0	148.75	25000	923
snapshot_11_17_2015_18_0.json	1447801200.0	148.75	25000	878
snapshot_11_17_2015_6_0.json	1447758000.0	148.75	25000	923
snapshot_11_18_2015_0_0.json	1447822800.0	133.95	25000	766
snapshot_11_18_2015_12_0.json	1447866000.0	142.9	25000	701
snapshot_11_18_2015_18_0.json	1447887600.0	122.25	25000	693
snapshot_11_18_2015_18_0.json	1447887600.0	122.25	25000	693
snapshot_11_18_2015_6_0.json	1447844400.0	142.9	25000	706
snapshot_11_19_2015_0_0.json	1447909200.0	139.39	550	479
snapshot_11_19_2015_12_0.json	1447952400.0	148.75	550	489
snapshot_11_19_2015_6_0.json	1447930800.0	148.75	550	489
snapshot_11_20_2015_0_0.json	1447995600.0	106.57	550	358
snapshot_11_20_2015_12_0.json	1448038800.0	137.05	550	371
snapshot_11_21_2015_12_0.json	1448125200.0	127.51	550	141
snapshot_11_21_2015_18_0.json	1448146800.0	151.08	550	38
snapshot_11_22_2015_0_0.json	1448168400.0	0	0	0
snapshot_11_22_2015_12_0.json	1448211600.0	0	0	0
snapshot_11_22_2015_18_0.json	1448233200.0	0	0	0
snapshot_11_22_2015_6_0.json	1448190000.0	0	0	0
snapshot_11_23_2015_0_0.json	1448254800.0	0	0	0
snapshot_11_23_2015_12_0.json	1448298000.0	0	0	0
snapshot_11_23_2015_18_0.json	1448319600.0	0	0	0
snapshot_11_23_2015_6_0.json	1448276400.0	0	0	0
snapshot_11_25_2015_6_0.json	1448449200.0	0	0	0
snapshot_12_3_2015_0_0.json	1449118800.0	0	0	0
snapshot_12_3_2015_12_0.json	1449162000.0	0	0	0
9174711	2015-11-21T20:30:00Z	Ole Miss Rebels	Vaught Hemingway Stadium	Mississippi Jackson|5543	38677
snapshot_11_17_2015_0_0.json	1447736400.0	142.9	25000	971
snapshot_11_17_2015_12_0.json	1447779600.0	148.75	25000	923
snapshot_11_17_2015_18_0.json	1447801200.0	148.75	25000	878
snapshot_11_17_2015_6_0.json	1447758000.0	148.75	25000	923
snapshot_11_18_2015_0_0.json	1447822800.0	133.95	25000	766
snapshot_11_18_2015_12_0.json	1447866000.0	142.9	25000	701
snapshot_11_18_2015_18_0.json	1447887600.0	122.25	25000	693
snapshot_11_18_2015_18_0.json	1447887600.0	122.25	25000	693
snapshot_11_18_2015_6_0.json	1447844400.0	142.9	25000	706
snapshot_11_19_2015_0_0.json	1447909200.0	139.39	550	479
snapshot_11_19_2015_12_0.json	1447952400.0	148.75	550	489
snapshot_11_19_2015_6_0.json	1447930800.0	148.75	550	489
snapshot_11_20_2015_0_0.json	1447995600.0	106.57	550	358
snapshot_11_20_2015_12_0.json	1448038800.0	137.05	550	371
snapshot_11_21_2015_12_0.json	1448125200.0	127.51	550	141
snapshot_11_21_2015_18_0.json	1448146800.0	151.08	550	38
snapshot_11_22_2015_0_0.json	1448168400.0	0	0	0
snapshot_11_22_2015_12_0.json	1448211600.0	0	0	0
snapshot_11_22_2015_18_0.json	1448233200.0	0	0	0
snapshot_11_22_2015_6_0.json	1448190000.0	0	0	0
snapshot_11_23_2015_0_0.json	1448254800.0	0	0	0
snapshot_11_23_2015_12_0.json	1448298000.0	0	0	0
snapshot_11_23_2015_18_0.json	1448319600.0	0	0	0
snapshot_11_23_2015_6_0.json	1448276400.0	0	0	0
snapshot_11_25_2015_6_0.json	1448449200.0	0	0	0
snapshot_12_3_2015_0_0.json	1449118800.0	0	0	0
snapshot_12_3_2015_12_0.json	1449162000.0	0	0	0
9174711	2015-11-21T20:30:00Z	Ole Miss Rebels	Vaught Hemingway Stadium	Mississippi Jackson|5543	38677
snapshot_11_17_2015_0_0.json	1447736400.0	142.9	25000	971
snapshot_11_17_2015_12_0.json	1447779600.0	148.75	25000	923
snapshot_11_17_2015_18_0.json	1447801200.0	148.75	25000	878
snapshot_11_17_2015_6_0.json	1447758000.0	148.75	25000	923
snapshot_11_18_2015_0_0.json	1447822800.0	133.95	25000	766
snapshot_11_18_2015_12_0.json	1447866000.0	142.9	25000	701
snapshot_11_18_2015_18_0.json	1447887600.0	122.25	25000	693
snapshot_11_18_2015_18_0.json	1447887600.0	122.25	25000	693
snapshot_11_18_2015_6_0.json	1447844400.0	142.9	25000	706
snapshot_11_19_2015_0_0.json	1447909200.0	139.39	550	479
snapshot_11_19_2015_12_0.json	1447952400.0	148.75	550	489
snapshot_11_19_2015_6_0.json	1447930800.0	148.75	550	489
snapshot_11_20_2015_0_0.json	1447995600.0	106.57	550	358
snapshot_11_20_2015_12_0.json	1448038800.0	137.05	550	371
snapshot_11_21_2015_12_0.json	1448125200.0	127.51	550	141
snapshot_11_21_2015_18_0.json	1448146800.0	151.08	550	38
snapshot_11_22_2015_0_0.json	1448168400.0	0	0	0
snapshot_11_22_2015_12_0.json	1448211600.0	0	0	0
snapshot_11_22_2015_18_0.json	1448233200.0	0	0	0
snapshot_11_22_2015_6_0.json	1448190000.0	0	0	0
snapshot_11_23_2015_0_0.json	1448254800.0	0	0	0
snapshot_11_23_2015_12_0.json	1448298000.0	0	0	0
snapshot_11_23_2015_18_0.json	1448319600.0	0	0	0
snapshot_11_23_2015_6_0.json	1448276400.0	0	0	0
snapshot_11_25_2015_6_0.json	1448449200.0	0	0	0
snapshot_12_3_2015_0_0.json	1449118800.0	0	0	0
snapshot_12_3_2015_12_0.json	1449162000.0	0	0	0
