9184768	2015-11-22T20:00:00Z	An American in Paris	Palace Theatre - NY	New York New York Metro|664	10036
snapshot_11_16_2015_0_0.json	1447650000.0	121.08	1612	241
snapshot_11_17_2015_0_0.json	1447736400.0	121.08	1612	241
snapshot_11_17_2015_0_0.json	1447736400.0	121.08	1612	241
snapshot_11_17_2015_12_0.json	1447779600.0	121.08	1612	241
snapshot_11_17_2015_12_0.json	1447779600.0	121.08	1612	241
snapshot_11_17_2015_18_0.json	1447801200.0	121.08	1612	241
snapshot_11_17_2015_6_0.json	1447758000.0	121.08	1612	241
snapshot_11_18_2015_0_0.json	1447822800.0	121.08	1612	241
snapshot_11_18_2015_18_0.json	1447887600.0	121.08	1612	237
snapshot_11_19_2015_0_0.json	1447909200.0	145.24	1612	219
snapshot_11_19_2015_12_0.json	1447952400.0	145.24	1612	217
snapshot_11_19_2015_6_0.json	1447930800.0	145.24	1612	217
snapshot_11_20_2015_0_0.json	1447995600.0	145.24	1612	193
snapshot_11_20_2015_0_0.json	1447995600.0	145.24	1612	193
snapshot_11_20_2015_12_0.json	1448038800.0	233.4	1612	163
snapshot_11_21_2015_12_0.json	1448125200.0	233.4	1612	156
snapshot_11_21_2015_18_0.json	1448146800.0	233.4	1612	154
snapshot_11_22_2015_0_0.json	1448168400.0	0	0	0
snapshot_11_22_2015_18_0.json	1448233200.0	0	0	0
snapshot_11_23_2015_0_0.json	1448254800.0	0	0	0
snapshot_11_23_2015_12_0.json	1448298000.0	0	0	0
snapshot_11_23_2015_18_0.json	1448319600.0	0	0	0
snapshot_11_24_2015_0_0.json	1448341200.0	0	0	0
snapshot_11_24_2015_0_0.json	1448341200.0	0	0	0
snapshot_11_24_2015_12_0.json	1448384400.0	0	0	0
snapshot_12_5_2015_0_0.json	1449291600.0	0	0	0
snapshot_12_5_2015_0_0.json	1449291600.0	0	0	0
snapshot_12_5_2015_12_0.json	1449334800.0	0	0	0
9184768	2015-11-22T20:00:00Z	An American in Paris	Palace Theatre - NY	New York New York Metro|664	10036
snapshot_11_16_2015_0_0.json	1447650000.0	121.08	1612	241
snapshot_11_17_2015_0_0.json	1447736400.0	121.08	1612	241
snapshot_11_17_2015_0_0.json	1447736400.0	121.08	1612	241
snapshot_11_17_2015_12_0.json	1447779600.0	121.08	1612	241
snapshot_11_17_2015_12_0.json	1447779600.0	121.08	1612	241
snapshot_11_17_2015_18_0.json	1447801200.0	121.08	1612	241
snapshot_11_17_2015_6_0.json	1447758000.0	121.08	1612	241
snapshot_11_18_2015_0_0.json	1447822800.0	121.08	1612	241
snapshot_11_18_2015_18_0.json	1447887600.0	121.08	1612	237
snapshot_11_19_2015_0_0.json	1447909200.0	145.24	1612	219
snapshot_11_19_2015_12_0.json	1447952400.0	145.24	1612	217
snapshot_11_19_2015_6_0.json	1447930800.0	145.24	1612	217
snapshot_11_20_2015_0_0.json	1447995600.0	145.24	1612	193
snapshot_11_20_2015_0_0.json	1447995600.0	145.24	1612	193
snapshot_11_20_2015_12_0.json	1448038800.0	233.4	1612	163
snapshot_11_21_2015_12_0.json	1448125200.0	233.4	1612	156
snapshot_11_21_2015_18_0.json	1448146800.0	233.4	1612	154
snapshot_11_22_2015_0_0.json	1448168400.0	0	0	0
snapshot_11_22_2015_18_0.json	1448233200.0	0	0	0
snapshot_11_23_2015_0_0.json	1448254800.0	0	0	0
snapshot_11_23_2015_12_0.json	1448298000.0	0	0	0
snapshot_11_23_2015_18_0.json	1448319600.0	0	0	0
snapshot_11_24_2015_0_0.json	1448341200.0	0	0	0
snapshot_11_24_2015_0_0.json	1448341200.0	0	0	0
snapshot_11_24_2015_12_0.json	1448384400.0	0	0	0
snapshot_12_5_2015_0_0.json	1449291600.0	0	0	0
snapshot_12_5_2015_0_0.json	1449291600.0	0	0	0
snapshot_12_5_2015_12_0.json	1449334800.0	0	0	0
9184768	2015-11-22T20:00:00Z	An American in Paris	Palace Theatre - NY	New York New York Metro|664	10036
snapshot_11_16_2015_0_0.json	1447650000.0	121.08	1612	241
snapshot_11_17_2015_0_0.json	1447736400.0	121.08	1612	241
snapshot_11_17_2015_0_0.json	1447736400.0	121.08	1612	241
snapshot_11_17_2015_12_0.json	1447779600.0	121.08	1612	241
snapshot_11_17_2015_12_0.json	1447779600.0	121.08	1612	241
snapshot_11_17_2015_18_0.json	1447801200.0	121.08	1612	241
snapshot_11_17_2015_6_0.json	1447758000.0	121.08	1612	241
snapshot_11_18_2015_0_0.json	1447822800.0	121.08	1612	241
snapshot_11_18_2015_18_0.json	1447887600.0	121.08	1612	237
snapshot_11_19_2015_0_0.json	1447909200.0	145.24	1612	219
snapshot_11_19_2015_12_0.json	1447952400.0	145.24	1612	217
snapshot_11_19_2015_6_0.json	1447930800.0	145.24	1612	217
snapshot_11_20_2015_0_0.json	1447995600.0	145.24	1612	193
snapshot_11_20_2015_0_0.json	1447995600.0	145.24	1612	193
snapshot_11_20_2015_12_0.json	1448038800.0	233.4	1612	163
snapshot_11_21_2015_12_0.json	1448125200.0	233.4	1612	156
snapshot_11_21_2015_18_0.json	1448146800.0	233.4	1612	154
snapshot_11_22_2015_0_0.json	1448168400.0	0	0	0
snapshot_11_22_2015_18_0.json	1448233200.0	0	0	0
snapshot_11_23_2015_0_0.json	1448254800.0	0	0	0
snapshot_11_23_2015_12_0.json	1448298000.0	0	0	0
snapshot_11_23_2015_18_0.json	1448319600.0	0	0	0
snapshot_11_24_2015_0_0.json	1448341200.0	0	0	0
snapshot_11_24_2015_0_0.json	1448341200.0	0	0	0
snapshot_11_24_2015_12_0.json	1448384400.0	0	0	0
snapshot_12_5_2015_0_0.json	1449291600.0	0	0	0
snapshot_12_5_2015_0_0.json	1449291600.0	0	0	0
snapshot_12_5_2015_12_0.json	1449334800.0	0	0	0
9184768	2015-11-22T20:00:00Z	An American in Paris	Palace Theatre - NY	New York New York Metro|664	10036
snapshot_11_16_2015_0_0.json	1447650000.0	121.08	1612	241
snapshot_11_17_2015_0_0.json	1447736400.0	121.08	1612	241
snapshot_11_17_2015_0_0.json	1447736400.0	121.08	1612	241
snapshot_11_17_2015_12_0.json	1447779600.0	121.08	1612	241
snapshot_11_17_2015_12_0.json	1447779600.0	121.08	1612	241
snapshot_11_17_2015_18_0.json	1447801200.0	121.08	1612	241
snapshot_11_17_2015_6_0.json	1447758000.0	121.08	1612	241
snapshot_11_18_2015_0_0.json	1447822800.0	121.08	1612	241
snapshot_11_18_2015_18_0.json	1447887600.0	121.08	1612	237
snapshot_11_19_2015_0_0.json	1447909200.0	145.24	1612	219
snapshot_11_19_2015_12_0.json	1447952400.0	145.24	1612	217
snapshot_11_19_2015_6_0.json	1447930800.0	145.24	1612	217
snapshot_11_20_2015_0_0.json	1447995600.0	145.24	1612	193
snapshot_11_20_2015_0_0.json	1447995600.0	145.24	1612	193
snapshot_11_20_2015_12_0.json	1448038800.0	233.4	1612	163
snapshot_11_21_2015_12_0.json	1448125200.0	233.4	1612	156
snapshot_11_21_2015_18_0.json	1448146800.0	233.4	1612	154
snapshot_11_22_2015_0_0.json	1448168400.0	0	0	0
snapshot_11_22_2015_18_0.json	1448233200.0	0	0	0
snapshot_11_23_2015_0_0.json	1448254800.0	0	0	0
snapshot_11_23_2015_12_0.json	1448298000.0	0	0	0
snapshot_11_23_2015_18_0.json	1448319600.0	0	0	0
snapshot_11_24_2015_0_0.json	1448341200.0	0	0	0
snapshot_11_24_2015_0_0.json	1448341200.0	0	0	0
snapshot_11_24_2015_12_0.json	1448384400.0	0	0	0
snapshot_12_5_2015_0_0.json	1449291600.0	0	0	0
snapshot_12_5_2015_0_0.json	1449291600.0	0	0	0
snapshot_12_5_2015_12_0.json	1449334800.0	0	0	0
9184768	2015-11-22T20:00:00Z	An American in Paris	Palace Theatre - NY	New York New York Metro|664	10036
snapshot_11_16_2015_0_0.json	1447650000.0	121.08	1612	241
snapshot_11_17_2015_0_0.json	1447736400.0	121.08	1612	241
snapshot_11_17_2015_0_0.json	1447736400.0	121.08	1612	241
snapshot_11_17_2015_12_0.json	1447779600.0	121.08	1612	241
snapshot_11_17_2015_12_0.json	1447779600.0	121.08	1612	241
snapshot_11_17_2015_18_0.json	1447801200.0	121.08	1612	241
snapshot_11_17_2015_6_0.json	1447758000.0	121.08	1612	241
snapshot_11_18_2015_0_0.json	1447822800.0	121.08	1612	241
snapshot_11_18_2015_18_0.json	1447887600.0	121.08	1612	237
snapshot_11_19_2015_0_0.json	1447909200.0	145.24	1612	219
snapshot_11_19_2015_12_0.json	1447952400.0	145.24	1612	217
snapshot_11_19_2015_6_0.json	1447930800.0	145.24	1612	217
snapshot_11_20_2015_0_0.json	1447995600.0	145.24	1612	193
snapshot_11_20_2015_0_0.json	1447995600.0	145.24	1612	193
snapshot_11_20_2015_12_0.json	1448038800.0	233.4	1612	163
snapshot_11_21_2015_12_0.json	1448125200.0	233.4	1612	156
snapshot_11_21_2015_18_0.json	1448146800.0	233.4	1612	154
snapshot_11_22_2015_0_0.json	1448168400.0	0	0	0
snapshot_11_22_2015_18_0.json	1448233200.0	0	0	0
snapshot_11_23_2015_0_0.json	1448254800.0	0	0	0
snapshot_11_23_2015_12_0.json	1448298000.0	0	0	0
snapshot_11_23_2015_18_0.json	1448319600.0	0	0	0
snapshot_11_24_2015_0_0.json	1448341200.0	0	0	0
snapshot_11_24_2015_0_0.json	1448341200.0	0	0	0
snapshot_11_24_2015_12_0.json	1448384400.0	0	0	0
snapshot_12_5_2015_0_0.json	1449291600.0	0	0	0
snapshot_12_5_2015_0_0.json	1449291600.0	0	0	0
snapshot_12_5_2015_12_0.json	1449334800.0	0	0	0
9184768	2015-11-22T20:00:00Z	An American in Paris	Palace Theatre - NY	New York New York Metro|664	10036
snapshot_11_16_2015_0_0.json	1447650000.0	121.08	1612	241
snapshot_11_17_2015_0_0.json	1447736400.0	121.08	1612	241
snapshot_11_17_2015_0_0.json	1447736400.0	121.08	1612	241
snapshot_11_17_2015_12_0.json	1447779600.0	121.08	1612	241
snapshot_11_17_2015_12_0.json	1447779600.0	121.08	1612	241
snapshot_11_17_2015_18_0.json	1447801200.0	121.08	1612	241
snapshot_11_17_2015_6_0.json	1447758000.0	121.08	1612	241
snapshot_11_18_2015_0_0.json	1447822800.0	121.08	1612	241
snapshot_11_18_2015_18_0.json	1447887600.0	121.08	1612	237
snapshot_11_19_2015_0_0.json	1447909200.0	145.24	1612	219
snapshot_11_19_2015_12_0.json	1447952400.0	145.24	1612	217
snapshot_11_19_2015_6_0.json	1447930800.0	145.24	1612	217
snapshot_11_20_2015_0_0.json	1447995600.0	145.24	1612	193
snapshot_11_20_2015_0_0.json	1447995600.0	145.24	1612	193
snapshot_11_20_2015_12_0.json	1448038800.0	233.4	1612	163
snapshot_11_21_2015_12_0.json	1448125200.0	233.4	1612	156
snapshot_11_21_2015_18_0.json	1448146800.0	233.4	1612	154
snapshot_11_22_2015_0_0.json	1448168400.0	0	0	0
snapshot_11_22_2015_18_0.json	1448233200.0	0	0	0
snapshot_11_23_2015_0_0.json	1448254800.0	0	0	0
snapshot_11_23_2015_12_0.json	1448298000.0	0	0	0
snapshot_11_23_2015_18_0.json	1448319600.0	0	0	0
snapshot_11_24_2015_0_0.json	1448341200.0	0	0	0
snapshot_11_24_2015_0_0.json	1448341200.0	0	0	0
snapshot_11_24_2015_12_0.json	1448384400.0	0	0	0
snapshot_12_5_2015_0_0.json	1449291600.0	0	0	0
snapshot_12_5_2015_0_0.json	1449291600.0	0	0	0
snapshot_12_5_2015_12_0.json	1449334800.0	0	0	0
9184768	2015-11-22T20:00:00Z	An American in Paris	Palace Theatre - NY	New York New York Metro|664	10036
snapshot_11_16_2015_0_0.json	1447650000.0	121.08	1612	241
snapshot_11_17_2015_0_0.json	1447736400.0	121.08	1612	241
snapshot_11_17_2015_0_0.json	1447736400.0	121.08	1612	241
snapshot_11_17_2015_12_0.json	1447779600.0	121.08	1612	241
snapshot_11_17_2015_12_0.json	1447779600.0	121.08	1612	241
snapshot_11_17_2015_18_0.json	1447801200.0	121.08	1612	241
snapshot_11_17_2015_6_0.json	1447758000.0	121.08	1612	241
snapshot_11_18_2015_0_0.json	1447822800.0	121.08	1612	241
snapshot_11_18_2015_18_0.json	1447887600.0	121.08	1612	237
snapshot_11_19_2015_0_0.json	1447909200.0	145.24	1612	219
snapshot_11_19_2015_12_0.json	1447952400.0	145.24	1612	217
snapshot_11_19_2015_6_0.json	1447930800.0	145.24	1612	217
snapshot_11_20_2015_0_0.json	1447995600.0	145.24	1612	193
snapshot_11_20_2015_0_0.json	1447995600.0	145.24	1612	193
snapshot_11_20_2015_12_0.json	1448038800.0	233.4	1612	163
snapshot_11_21_2015_12_0.json	1448125200.0	233.4	1612	156
snapshot_11_21_2015_18_0.json	1448146800.0	233.4	1612	154
snapshot_11_22_2015_0_0.json	1448168400.0	0	0	0
snapshot_11_22_2015_18_0.json	1448233200.0	0	0	0
snapshot_11_23_2015_0_0.json	1448254800.0	0	0	0
snapshot_11_23_2015_12_0.json	1448298000.0	0	0	0
snapshot_11_23_2015_18_0.json	1448319600.0	0	0	0
snapshot_11_24_2015_0_0.json	1448341200.0	0	0	0
snapshot_11_24_2015_0_0.json	1448341200.0	0	0	0
snapshot_11_24_2015_12_0.json	1448384400.0	0	0	0
snapshot_12_5_2015_0_0.json	1449291600.0	0	0	0
snapshot_12_5_2015_0_0.json	1449291600.0	0	0	0
snapshot_12_5_2015_12_0.json	1449334800.0	0	0	0
9184768	2015-11-22T20:00:00Z	An American in Paris	Palace Theatre - NY	New York New York Metro|664	10036
snapshot_11_16_2015_0_0.json	1447650000.0	121.08	1612	241
snapshot_11_17_2015_0_0.json	1447736400.0	121.08	1612	241
snapshot_11_17_2015_0_0.json	1447736400.0	121.08	1612	241
snapshot_11_17_2015_12_0.json	1447779600.0	121.08	1612	241
snapshot_11_17_2015_12_0.json	1447779600.0	121.08	1612	241
snapshot_11_17_2015_18_0.json	1447801200.0	121.08	1612	241
snapshot_11_17_2015_6_0.json	1447758000.0	121.08	1612	241
snapshot_11_18_2015_0_0.json	1447822800.0	121.08	1612	241
snapshot_11_18_2015_18_0.json	1447887600.0	121.08	1612	237
snapshot_11_19_2015_0_0.json	1447909200.0	145.24	1612	219
snapshot_11_19_2015_12_0.json	1447952400.0	145.24	1612	217
snapshot_11_19_2015_6_0.json	1447930800.0	145.24	1612	217
snapshot_11_20_2015_0_0.json	1447995600.0	145.24	1612	193
snapshot_11_20_2015_0_0.json	1447995600.0	145.24	1612	193
snapshot_11_20_2015_12_0.json	1448038800.0	233.4	1612	163
snapshot_11_21_2015_12_0.json	1448125200.0	233.4	1612	156
snapshot_11_21_2015_18_0.json	1448146800.0	233.4	1612	154
snapshot_11_22_2015_0_0.json	1448168400.0	0	0	0
snapshot_11_22_2015_18_0.json	1448233200.0	0	0	0
snapshot_11_23_2015_0_0.json	1448254800.0	0	0	0
snapshot_11_23_2015_12_0.json	1448298000.0	0	0	0
snapshot_11_23_2015_18_0.json	1448319600.0	0	0	0
snapshot_11_24_2015_0_0.json	1448341200.0	0	0	0
snapshot_11_24_2015_0_0.json	1448341200.0	0	0	0
snapshot_11_24_2015_12_0.json	1448384400.0	0	0	0
snapshot_12_5_2015_0_0.json	1449291600.0	0	0	0
snapshot_12_5_2015_0_0.json	1449291600.0	0	0	0
snapshot_12_5_2015_12_0.json	1449334800.0	0	0	0
