9184855	2015-11-21T01:00:00Z	An American in Paris	Palace Theatre - NY	New York New York Metro|664	10036
snapshot_11_16_2015_0_0.json	1447650000.0	121.08	1612	217
snapshot_11_17_2015_0_0.json	1447736400.0	121.08	1612	217
snapshot_11_17_2015_12_0.json	1447779600.0	121.08	1612	217
snapshot_11_17_2015_18_0.json	1447801200.0	121.08	1612	217
snapshot_11_17_2015_18_0.json	1447801200.0	121.08	1612	217
snapshot_11_17_2015_6_0.json	1447758000.0	121.08	1612	217
snapshot_11_18_2015_12_0.json	1447866000.0	167.06	1612	197
snapshot_11_18_2015_12_0.json	1447866000.0	167.06	1612	197
snapshot_11_19_2015_12_0.json	1447952400.0	166.3	1612	172
snapshot_11_19_2015_12_0.json	1447952400.0	166.3	1612	172
snapshot_11_19_2015_6_0.json	1447930800.0	166.3	1612	172
snapshot_11_19_2015_6_0.json	1447930800.0	166.3	1612	172
snapshot_11_20_2015_0_0.json	1447995600.0	176.83	1612	158
snapshot_11_20_2015_12_0.json	1448038800.0	176.83	1612	158
snapshot_11_20_2015_12_0.json	1448038800.0	176.83	1612	158
snapshot_11_22_2015_0_0.json	1448168400.0	0	0	0
snapshot_11_22_2015_12_0.json	1448211600.0	0	0	0
snapshot_11_23_2015_18_0.json	1448319600.0	0	0	0
snapshot_11_24_2015_0_0.json	1448341200.0	0	0	0
snapshot_12_5_2015_0_0.json	1449291600.0	0	0	0
snapshot_12_5_2015_0_0.json	1449291600.0	0	0	0
snapshot_12_5_2015_12_0.json	1449334800.0	0	0	0
9184855	2015-11-21T01:00:00Z	An American in Paris	Palace Theatre - NY	New York New York Metro|664	10036
snapshot_11_16_2015_0_0.json	1447650000.0	121.08	1612	217
snapshot_11_17_2015_0_0.json	1447736400.0	121.08	1612	217
snapshot_11_17_2015_12_0.json	1447779600.0	121.08	1612	217
snapshot_11_17_2015_18_0.json	1447801200.0	121.08	1612	217
snapshot_11_17_2015_18_0.json	1447801200.0	121.08	1612	217
snapshot_11_17_2015_6_0.json	1447758000.0	121.08	1612	217
snapshot_11_18_2015_12_0.json	1447866000.0	167.06	1612	197
snapshot_11_18_2015_12_0.json	1447866000.0	167.06	1612	197
snapshot_11_19_2015_12_0.json	1447952400.0	166.3	1612	172
snapshot_11_19_2015_12_0.json	1447952400.0	166.3	1612	172
snapshot_11_19_2015_6_0.json	1447930800.0	166.3	1612	172
snapshot_11_19_2015_6_0.json	1447930800.0	166.3	1612	172
snapshot_11_20_2015_0_0.json	1447995600.0	176.83	1612	158
snapshot_11_20_2015_12_0.json	1448038800.0	176.83	1612	158
snapshot_11_20_2015_12_0.json	1448038800.0	176.83	1612	158
snapshot_11_22_2015_0_0.json	1448168400.0	0	0	0
snapshot_11_22_2015_12_0.json	1448211600.0	0	0	0
snapshot_11_23_2015_18_0.json	1448319600.0	0	0	0
snapshot_11_24_2015_0_0.json	1448341200.0	0	0	0
snapshot_12_5_2015_0_0.json	1449291600.0	0	0	0
snapshot_12_5_2015_0_0.json	1449291600.0	0	0	0
snapshot_12_5_2015_12_0.json	1449334800.0	0	0	0
9184855	2015-11-21T01:00:00Z	An American in Paris	Palace Theatre - NY	New York New York Metro|664	10036
snapshot_11_16_2015_0_0.json	1447650000.0	121.08	1612	217
snapshot_11_17_2015_0_0.json	1447736400.0	121.08	1612	217
snapshot_11_17_2015_12_0.json	1447779600.0	121.08	1612	217
snapshot_11_17_2015_18_0.json	1447801200.0	121.08	1612	217
snapshot_11_17_2015_18_0.json	1447801200.0	121.08	1612	217
snapshot_11_17_2015_6_0.json	1447758000.0	121.08	1612	217
snapshot_11_18_2015_12_0.json	1447866000.0	167.06	1612	197
snapshot_11_18_2015_12_0.json	1447866000.0	167.06	1612	197
snapshot_11_19_2015_12_0.json	1447952400.0	166.3	1612	172
snapshot_11_19_2015_12_0.json	1447952400.0	166.3	1612	172
snapshot_11_19_2015_6_0.json	1447930800.0	166.3	1612	172
snapshot_11_19_2015_6_0.json	1447930800.0	166.3	1612	172
snapshot_11_20_2015_0_0.json	1447995600.0	176.83	1612	158
snapshot_11_20_2015_12_0.json	1448038800.0	176.83	1612	158
snapshot_11_20_2015_12_0.json	1448038800.0	176.83	1612	158
snapshot_11_22_2015_0_0.json	1448168400.0	0	0	0
snapshot_11_22_2015_12_0.json	1448211600.0	0	0	0
snapshot_11_23_2015_18_0.json	1448319600.0	0	0	0
snapshot_11_24_2015_0_0.json	1448341200.0	0	0	0
snapshot_12_5_2015_0_0.json	1449291600.0	0	0	0
snapshot_12_5_2015_0_0.json	1449291600.0	0	0	0
snapshot_12_5_2015_12_0.json	1449334800.0	0	0	0
9184855	2015-11-21T01:00:00Z	An American in Paris	Palace Theatre - NY	New York New York Metro|664	10036
snapshot_11_16_2015_0_0.json	1447650000.0	121.08	1612	217
snapshot_11_17_2015_0_0.json	1447736400.0	121.08	1612	217
snapshot_11_17_2015_12_0.json	1447779600.0	121.08	1612	217
snapshot_11_17_2015_18_0.json	1447801200.0	121.08	1612	217
snapshot_11_17_2015_18_0.json	1447801200.0	121.08	1612	217
snapshot_11_17_2015_6_0.json	1447758000.0	121.08	1612	217
snapshot_11_18_2015_12_0.json	1447866000.0	167.06	1612	197
snapshot_11_18_2015_12_0.json	1447866000.0	167.06	1612	197
snapshot_11_19_2015_12_0.json	1447952400.0	166.3	1612	172
snapshot_11_19_2015_12_0.json	1447952400.0	166.3	1612	172
snapshot_11_19_2015_6_0.json	1447930800.0	166.3	1612	172
snapshot_11_19_2015_6_0.json	1447930800.0	166.3	1612	172
snapshot_11_20_2015_0_0.json	1447995600.0	176.83	1612	158
snapshot_11_20_2015_12_0.json	1448038800.0	176.83	1612	158
snapshot_11_20_2015_12_0.json	1448038800.0	176.83	1612	158
snapshot_11_22_2015_0_0.json	1448168400.0	0	0	0
snapshot_11_22_2015_12_0.json	1448211600.0	0	0	0
snapshot_11_23_2015_18_0.json	1448319600.0	0	0	0
snapshot_11_24_2015_0_0.json	1448341200.0	0	0	0
snapshot_12_5_2015_0_0.json	1449291600.0	0	0	0
snapshot_12_5_2015_0_0.json	1449291600.0	0	0	0
snapshot_12_5_2015_12_0.json	1449334800.0	0	0	0
9184855	2015-11-21T01:00:00Z	An American in Paris	Palace Theatre - NY	New York New York Metro|664	10036
snapshot_11_16_2015_0_0.json	1447650000.0	121.08	1612	217
snapshot_11_17_2015_0_0.json	1447736400.0	121.08	1612	217
snapshot_11_17_2015_12_0.json	1447779600.0	121.08	1612	217
snapshot_11_17_2015_18_0.json	1447801200.0	121.08	1612	217
snapshot_11_17_2015_18_0.json	1447801200.0	121.08	1612	217
snapshot_11_17_2015_6_0.json	1447758000.0	121.08	1612	217
snapshot_11_18_2015_12_0.json	1447866000.0	167.06	1612	197
snapshot_11_18_2015_12_0.json	1447866000.0	167.06	1612	197
snapshot_11_19_2015_12_0.json	1447952400.0	166.3	1612	172
snapshot_11_19_2015_12_0.json	1447952400.0	166.3	1612	172
snapshot_11_19_2015_6_0.json	1447930800.0	166.3	1612	172
snapshot_11_19_2015_6_0.json	1447930800.0	166.3	1612	172
snapshot_11_20_2015_0_0.json	1447995600.0	176.83	1612	158
snapshot_11_20_2015_12_0.json	1448038800.0	176.83	1612	158
snapshot_11_20_2015_12_0.json	1448038800.0	176.83	1612	158
snapshot_11_22_2015_0_0.json	1448168400.0	0	0	0
snapshot_11_22_2015_12_0.json	1448211600.0	0	0	0
snapshot_11_23_2015_18_0.json	1448319600.0	0	0	0
snapshot_11_24_2015_0_0.json	1448341200.0	0	0	0
snapshot_12_5_2015_0_0.json	1449291600.0	0	0	0
snapshot_12_5_2015_0_0.json	1449291600.0	0	0	0
snapshot_12_5_2015_12_0.json	1449334800.0	0	0	0
9184855	2015-11-21T01:00:00Z	An American in Paris	Palace Theatre - NY	New York New York Metro|664	10036
snapshot_11_16_2015_0_0.json	1447650000.0	121.08	1612	217
snapshot_11_17_2015_0_0.json	1447736400.0	121.08	1612	217
snapshot_11_17_2015_12_0.json	1447779600.0	121.08	1612	217
snapshot_11_17_2015_18_0.json	1447801200.0	121.08	1612	217
snapshot_11_17_2015_18_0.json	1447801200.0	121.08	1612	217
snapshot_11_17_2015_6_0.json	1447758000.0	121.08	1612	217
snapshot_11_18_2015_12_0.json	1447866000.0	167.06	1612	197
snapshot_11_18_2015_12_0.json	1447866000.0	167.06	1612	197
snapshot_11_19_2015_12_0.json	1447952400.0	166.3	1612	172
snapshot_11_19_2015_12_0.json	1447952400.0	166.3	1612	172
snapshot_11_19_2015_6_0.json	1447930800.0	166.3	1612	172
snapshot_11_19_2015_6_0.json	1447930800.0	166.3	1612	172
snapshot_11_20_2015_0_0.json	1447995600.0	176.83	1612	158
snapshot_11_20_2015_12_0.json	1448038800.0	176.83	1612	158
snapshot_11_20_2015_12_0.json	1448038800.0	176.83	1612	158
snapshot_11_22_2015_0_0.json	1448168400.0	0	0	0
snapshot_11_22_2015_12_0.json	1448211600.0	0	0	0
snapshot_11_23_2015_18_0.json	1448319600.0	0	0	0
snapshot_11_24_2015_0_0.json	1448341200.0	0	0	0
snapshot_12_5_2015_0_0.json	1449291600.0	0	0	0
snapshot_12_5_2015_0_0.json	1449291600.0	0	0	0
snapshot_12_5_2015_12_0.json	1449334800.0	0	0	0
9184855	2015-11-21T01:00:00Z	An American in Paris	Palace Theatre - NY	New York New York Metro|664	10036
snapshot_11_16_2015_0_0.json	1447650000.0	121.08	1612	217
snapshot_11_17_2015_0_0.json	1447736400.0	121.08	1612	217
snapshot_11_17_2015_12_0.json	1447779600.0	121.08	1612	217
snapshot_11_17_2015_18_0.json	1447801200.0	121.08	1612	217
snapshot_11_17_2015_18_0.json	1447801200.0	121.08	1612	217
snapshot_11_17_2015_6_0.json	1447758000.0	121.08	1612	217
snapshot_11_18_2015_12_0.json	1447866000.0	167.06	1612	197
snapshot_11_18_2015_12_0.json	1447866000.0	167.06	1612	197
snapshot_11_19_2015_12_0.json	1447952400.0	166.3	1612	172
snapshot_11_19_2015_12_0.json	1447952400.0	166.3	1612	172
snapshot_11_19_2015_6_0.json	1447930800.0	166.3	1612	172
snapshot_11_19_2015_6_0.json	1447930800.0	166.3	1612	172
snapshot_11_20_2015_0_0.json	1447995600.0	176.83	1612	158
snapshot_11_20_2015_12_0.json	1448038800.0	176.83	1612	158
snapshot_11_20_2015_12_0.json	1448038800.0	176.83	1612	158
snapshot_11_22_2015_0_0.json	1448168400.0	0	0	0
snapshot_11_22_2015_12_0.json	1448211600.0	0	0	0
snapshot_11_23_2015_18_0.json	1448319600.0	0	0	0
snapshot_11_24_2015_0_0.json	1448341200.0	0	0	0
snapshot_12_5_2015_0_0.json	1449291600.0	0	0	0
snapshot_12_5_2015_0_0.json	1449291600.0	0	0	0
snapshot_12_5_2015_12_0.json	1449334800.0	0	0	0
9184855	2015-11-21T01:00:00Z	An American in Paris	Palace Theatre - NY	New York New York Metro|664	10036
snapshot_11_16_2015_0_0.json	1447650000.0	121.08	1612	217
snapshot_11_17_2015_0_0.json	1447736400.0	121.08	1612	217
snapshot_11_17_2015_12_0.json	1447779600.0	121.08	1612	217
snapshot_11_17_2015_18_0.json	1447801200.0	121.08	1612	217
snapshot_11_17_2015_18_0.json	1447801200.0	121.08	1612	217
snapshot_11_17_2015_6_0.json	1447758000.0	121.08	1612	217
snapshot_11_18_2015_12_0.json	1447866000.0	167.06	1612	197
snapshot_11_18_2015_12_0.json	1447866000.0	167.06	1612	197
snapshot_11_19_2015_12_0.json	1447952400.0	166.3	1612	172
snapshot_11_19_2015_12_0.json	1447952400.0	166.3	1612	172
snapshot_11_19_2015_6_0.json	1447930800.0	166.3	1612	172
snapshot_11_19_2015_6_0.json	1447930800.0	166.3	1612	172
snapshot_11_20_2015_0_0.json	1447995600.0	176.83	1612	158
snapshot_11_20_2015_12_0.json	1448038800.0	176.83	1612	158
snapshot_11_20_2015_12_0.json	1448038800.0	176.83	1612	158
snapshot_11_22_2015_0_0.json	1448168400.0	0	0	0
snapshot_11_22_2015_12_0.json	1448211600.0	0	0	0
snapshot_11_23_2015_18_0.json	1448319600.0	0	0	0
snapshot_11_24_2015_0_0.json	1448341200.0	0	0	0
snapshot_12_5_2015_0_0.json	1449291600.0	0	0	0
snapshot_12_5_2015_0_0.json	1449291600.0	0	0	0
snapshot_12_5_2015_12_0.json	1449334800.0	0	0	0
