9184826	2015-11-22T01:00:00Z	An American in Paris	Palace Theatre - NY	New York New York Metro|664	10036
snapshot_11_16_2015_0_0.json	1447650000.0	77.61	1612	279
snapshot_11_17_2015_18_0.json	1447801200.0	77.61	1612	273
snapshot_11_18_2015_12_0.json	1447866000.0	71.35	1612	273
snapshot_11_18_2015_18_0.json	1447887600.0	65.1	1612	273
snapshot_11_18_2015_6_0.json	1447844400.0	71.35	1612	273
snapshot_11_19_2015_0_0.json	1447909200.0	65.1	1612	253
snapshot_11_19_2015_12_0.json	1447952400.0	65.1	1612	247
snapshot_11_19_2015_12_0.json	1447952400.0	65.1	1612	247
snapshot_11_19_2015_6_0.json	1447930800.0	65.1	1612	247
snapshot_11_20_2015_0_0.json	1447995600.0	65.1	1612	223
snapshot_11_20_2015_12_0.json	1448038800.0	65.1	1612	219
snapshot_11_21_2015_12_0.json	1448125200.0	65.1	1612	181
snapshot_11_21_2015_18_0.json	1448146800.0	65.1	1612	171
snapshot_11_22_2015_0_0.json	1448168400.0	112.54	113.85	9
snapshot_11_22_2015_18_0.json	1448233200.0	0	0	0
snapshot_11_22_2015_6_0.json	1448190000.0	0	0	0
snapshot_11_22_2015_6_0.json	1448190000.0	0	0	0
snapshot_11_23_2015_0_0.json	1448254800.0	0	0	0
snapshot_11_23_2015_18_0.json	1448319600.0	0	0	0
snapshot_11_23_2015_6_0.json	1448276400.0	0	0	0
snapshot_11_24_2015_0_0.json	1448341200.0	0	0	0
snapshot_11_24_2015_12_0.json	1448384400.0	0	0	0
snapshot_12_5_2015_0_0.json	1449291600.0	0	0	0
snapshot_12_5_2015_0_0.json	1449291600.0	0	0	0
snapshot_12_5_2015_12_0.json	1449334800.0	0	0	0
9184826	2015-11-22T01:00:00Z	An American in Paris	Palace Theatre - NY	New York New York Metro|664	10036
snapshot_11_16_2015_0_0.json	1447650000.0	77.61	1612	279
snapshot_11_17_2015_18_0.json	1447801200.0	77.61	1612	273
snapshot_11_18_2015_12_0.json	1447866000.0	71.35	1612	273
snapshot_11_18_2015_18_0.json	1447887600.0	65.1	1612	273
snapshot_11_18_2015_6_0.json	1447844400.0	71.35	1612	273
snapshot_11_19_2015_0_0.json	1447909200.0	65.1	1612	253
snapshot_11_19_2015_12_0.json	1447952400.0	65.1	1612	247
snapshot_11_19_2015_12_0.json	1447952400.0	65.1	1612	247
snapshot_11_19_2015_6_0.json	1447930800.0	65.1	1612	247
snapshot_11_20_2015_0_0.json	1447995600.0	65.1	1612	223
snapshot_11_20_2015_12_0.json	1448038800.0	65.1	1612	219
snapshot_11_21_2015_12_0.json	1448125200.0	65.1	1612	181
snapshot_11_21_2015_18_0.json	1448146800.0	65.1	1612	171
snapshot_11_22_2015_0_0.json	1448168400.0	112.54	113.85	9
snapshot_11_22_2015_18_0.json	1448233200.0	0	0	0
snapshot_11_22_2015_6_0.json	1448190000.0	0	0	0
snapshot_11_22_2015_6_0.json	1448190000.0	0	0	0
snapshot_11_23_2015_0_0.json	1448254800.0	0	0	0
snapshot_11_23_2015_18_0.json	1448319600.0	0	0	0
snapshot_11_23_2015_6_0.json	1448276400.0	0	0	0
snapshot_11_24_2015_0_0.json	1448341200.0	0	0	0
snapshot_11_24_2015_12_0.json	1448384400.0	0	0	0
snapshot_12_5_2015_0_0.json	1449291600.0	0	0	0
snapshot_12_5_2015_0_0.json	1449291600.0	0	0	0
snapshot_12_5_2015_12_0.json	1449334800.0	0	0	0
9184826	2015-11-22T01:00:00Z	An American in Paris	Palace Theatre - NY	New York New York Metro|664	10036
snapshot_11_16_2015_0_0.json	1447650000.0	77.61	1612	279
snapshot_11_17_2015_18_0.json	1447801200.0	77.61	1612	273
snapshot_11_18_2015_12_0.json	1447866000.0	71.35	1612	273
snapshot_11_18_2015_18_0.json	1447887600.0	65.1	1612	273
snapshot_11_18_2015_6_0.json	1447844400.0	71.35	1612	273
snapshot_11_19_2015_0_0.json	1447909200.0	65.1	1612	253
snapshot_11_19_2015_12_0.json	1447952400.0	65.1	1612	247
snapshot_11_19_2015_12_0.json	1447952400.0	65.1	1612	247
snapshot_11_19_2015_6_0.json	1447930800.0	65.1	1612	247
snapshot_11_20_2015_0_0.json	1447995600.0	65.1	1612	223
snapshot_11_20_2015_12_0.json	1448038800.0	65.1	1612	219
snapshot_11_21_2015_12_0.json	1448125200.0	65.1	1612	181
snapshot_11_21_2015_18_0.json	1448146800.0	65.1	1612	171
snapshot_11_22_2015_0_0.json	1448168400.0	112.54	113.85	9
snapshot_11_22_2015_18_0.json	1448233200.0	0	0	0
snapshot_11_22_2015_6_0.json	1448190000.0	0	0	0
snapshot_11_22_2015_6_0.json	1448190000.0	0	0	0
snapshot_11_23_2015_0_0.json	1448254800.0	0	0	0
snapshot_11_23_2015_18_0.json	1448319600.0	0	0	0
snapshot_11_23_2015_6_0.json	1448276400.0	0	0	0
snapshot_11_24_2015_0_0.json	1448341200.0	0	0	0
snapshot_11_24_2015_12_0.json	1448384400.0	0	0	0
snapshot_12_5_2015_0_0.json	1449291600.0	0	0	0
snapshot_12_5_2015_0_0.json	1449291600.0	0	0	0
snapshot_12_5_2015_12_0.json	1449334800.0	0	0	0
9184826	2015-11-22T01:00:00Z	An American in Paris	Palace Theatre - NY	New York New York Metro|664	10036
snapshot_11_16_2015_0_0.json	1447650000.0	77.61	1612	279
snapshot_11_17_2015_18_0.json	1447801200.0	77.61	1612	273
snapshot_11_18_2015_12_0.json	1447866000.0	71.35	1612	273
snapshot_11_18_2015_18_0.json	1447887600.0	65.1	1612	273
snapshot_11_18_2015_6_0.json	1447844400.0	71.35	1612	273
snapshot_11_19_2015_0_0.json	1447909200.0	65.1	1612	253
snapshot_11_19_2015_12_0.json	1447952400.0	65.1	1612	247
snapshot_11_19_2015_12_0.json	1447952400.0	65.1	1612	247
snapshot_11_19_2015_6_0.json	1447930800.0	65.1	1612	247
snapshot_11_20_2015_0_0.json	1447995600.0	65.1	1612	223
snapshot_11_20_2015_12_0.json	1448038800.0	65.1	1612	219
snapshot_11_21_2015_12_0.json	1448125200.0	65.1	1612	181
snapshot_11_21_2015_18_0.json	1448146800.0	65.1	1612	171
snapshot_11_22_2015_0_0.json	1448168400.0	112.54	113.85	9
snapshot_11_22_2015_18_0.json	1448233200.0	0	0	0
snapshot_11_22_2015_6_0.json	1448190000.0	0	0	0
snapshot_11_22_2015_6_0.json	1448190000.0	0	0	0
snapshot_11_23_2015_0_0.json	1448254800.0	0	0	0
snapshot_11_23_2015_18_0.json	1448319600.0	0	0	0
snapshot_11_23_2015_6_0.json	1448276400.0	0	0	0
snapshot_11_24_2015_0_0.json	1448341200.0	0	0	0
snapshot_11_24_2015_12_0.json	1448384400.0	0	0	0
snapshot_12_5_2015_0_0.json	1449291600.0	0	0	0
snapshot_12_5_2015_0_0.json	1449291600.0	0	0	0
snapshot_12_5_2015_12_0.json	1449334800.0	0	0	0
9184826	2015-11-22T01:00:00Z	An American in Paris	Palace Theatre - NY	New York New York Metro|664	10036
snapshot_11_16_2015_0_0.json	1447650000.0	77.61	1612	279
snapshot_11_17_2015_18_0.json	1447801200.0	77.61	1612	273
snapshot_11_18_2015_12_0.json	1447866000.0	71.35	1612	273
snapshot_11_18_2015_18_0.json	1447887600.0	65.1	1612	273
snapshot_11_18_2015_6_0.json	1447844400.0	71.35	1612	273
snapshot_11_19_2015_0_0.json	1447909200.0	65.1	1612	253
snapshot_11_19_2015_12_0.json	1447952400.0	65.1	1612	247
snapshot_11_19_2015_12_0.json	1447952400.0	65.1	1612	247
snapshot_11_19_2015_6_0.json	1447930800.0	65.1	1612	247
snapshot_11_20_2015_0_0.json	1447995600.0	65.1	1612	223
snapshot_11_20_2015_12_0.json	1448038800.0	65.1	1612	219
snapshot_11_21_2015_12_0.json	1448125200.0	65.1	1612	181
snapshot_11_21_2015_18_0.json	1448146800.0	65.1	1612	171
snapshot_11_22_2015_0_0.json	1448168400.0	112.54	113.85	9
snapshot_11_22_2015_18_0.json	1448233200.0	0	0	0
snapshot_11_22_2015_6_0.json	1448190000.0	0	0	0
snapshot_11_22_2015_6_0.json	1448190000.0	0	0	0
snapshot_11_23_2015_0_0.json	1448254800.0	0	0	0
snapshot_11_23_2015_18_0.json	1448319600.0	0	0	0
snapshot_11_23_2015_6_0.json	1448276400.0	0	0	0
snapshot_11_24_2015_0_0.json	1448341200.0	0	0	0
snapshot_11_24_2015_12_0.json	1448384400.0	0	0	0
snapshot_12_5_2015_0_0.json	1449291600.0	0	0	0
snapshot_12_5_2015_0_0.json	1449291600.0	0	0	0
snapshot_12_5_2015_12_0.json	1449334800.0	0	0	0
9184826	2015-11-22T01:00:00Z	An American in Paris	Palace Theatre - NY	New York New York Metro|664	10036
snapshot_11_16_2015_0_0.json	1447650000.0	77.61	1612	279
snapshot_11_17_2015_18_0.json	1447801200.0	77.61	1612	273
snapshot_11_18_2015_12_0.json	1447866000.0	71.35	1612	273
snapshot_11_18_2015_18_0.json	1447887600.0	65.1	1612	273
snapshot_11_18_2015_6_0.json	1447844400.0	71.35	1612	273
snapshot_11_19_2015_0_0.json	1447909200.0	65.1	1612	253
snapshot_11_19_2015_12_0.json	1447952400.0	65.1	1612	247
snapshot_11_19_2015_12_0.json	1447952400.0	65.1	1612	247
snapshot_11_19_2015_6_0.json	1447930800.0	65.1	1612	247
snapshot_11_20_2015_0_0.json	1447995600.0	65.1	1612	223
snapshot_11_20_2015_12_0.json	1448038800.0	65.1	1612	219
snapshot_11_21_2015_12_0.json	1448125200.0	65.1	1612	181
snapshot_11_21_2015_18_0.json	1448146800.0	65.1	1612	171
snapshot_11_22_2015_0_0.json	1448168400.0	112.54	113.85	9
snapshot_11_22_2015_18_0.json	1448233200.0	0	0	0
snapshot_11_22_2015_6_0.json	1448190000.0	0	0	0
snapshot_11_22_2015_6_0.json	1448190000.0	0	0	0
snapshot_11_23_2015_0_0.json	1448254800.0	0	0	0
snapshot_11_23_2015_18_0.json	1448319600.0	0	0	0
snapshot_11_23_2015_6_0.json	1448276400.0	0	0	0
snapshot_11_24_2015_0_0.json	1448341200.0	0	0	0
snapshot_11_24_2015_12_0.json	1448384400.0	0	0	0
snapshot_12_5_2015_0_0.json	1449291600.0	0	0	0
snapshot_12_5_2015_0_0.json	1449291600.0	0	0	0
snapshot_12_5_2015_12_0.json	1449334800.0	0	0	0
9184826	2015-11-22T01:00:00Z	An American in Paris	Palace Theatre - NY	New York New York Metro|664	10036
snapshot_11_16_2015_0_0.json	1447650000.0	77.61	1612	279
snapshot_11_17_2015_18_0.json	1447801200.0	77.61	1612	273
snapshot_11_18_2015_12_0.json	1447866000.0	71.35	1612	273
snapshot_11_18_2015_18_0.json	1447887600.0	65.1	1612	273
snapshot_11_18_2015_6_0.json	1447844400.0	71.35	1612	273
snapshot_11_19_2015_0_0.json	1447909200.0	65.1	1612	253
snapshot_11_19_2015_12_0.json	1447952400.0	65.1	1612	247
snapshot_11_19_2015_12_0.json	1447952400.0	65.1	1612	247
snapshot_11_19_2015_6_0.json	1447930800.0	65.1	1612	247
snapshot_11_20_2015_0_0.json	1447995600.0	65.1	1612	223
snapshot_11_20_2015_12_0.json	1448038800.0	65.1	1612	219
snapshot_11_21_2015_12_0.json	1448125200.0	65.1	1612	181
snapshot_11_21_2015_18_0.json	1448146800.0	65.1	1612	171
snapshot_11_22_2015_0_0.json	1448168400.0	112.54	113.85	9
snapshot_11_22_2015_18_0.json	1448233200.0	0	0	0
snapshot_11_22_2015_6_0.json	1448190000.0	0	0	0
snapshot_11_22_2015_6_0.json	1448190000.0	0	0	0
snapshot_11_23_2015_0_0.json	1448254800.0	0	0	0
snapshot_11_23_2015_18_0.json	1448319600.0	0	0	0
snapshot_11_23_2015_6_0.json	1448276400.0	0	0	0
snapshot_11_24_2015_0_0.json	1448341200.0	0	0	0
snapshot_11_24_2015_12_0.json	1448384400.0	0	0	0
snapshot_12_5_2015_0_0.json	1449291600.0	0	0	0
snapshot_12_5_2015_0_0.json	1449291600.0	0	0	0
snapshot_12_5_2015_12_0.json	1449334800.0	0	0	0
9184826	2015-11-22T01:00:00Z	An American in Paris	Palace Theatre - NY	New York New York Metro|664	10036
snapshot_11_16_2015_0_0.json	1447650000.0	77.61	1612	279
snapshot_11_17_2015_18_0.json	1447801200.0	77.61	1612	273
snapshot_11_18_2015_12_0.json	1447866000.0	71.35	1612	273
snapshot_11_18_2015_18_0.json	1447887600.0	65.1	1612	273
snapshot_11_18_2015_6_0.json	1447844400.0	71.35	1612	273
snapshot_11_19_2015_0_0.json	1447909200.0	65.1	1612	253
snapshot_11_19_2015_12_0.json	1447952400.0	65.1	1612	247
snapshot_11_19_2015_12_0.json	1447952400.0	65.1	1612	247
snapshot_11_19_2015_6_0.json	1447930800.0	65.1	1612	247
snapshot_11_20_2015_0_0.json	1447995600.0	65.1	1612	223
snapshot_11_20_2015_12_0.json	1448038800.0	65.1	1612	219
snapshot_11_21_2015_12_0.json	1448125200.0	65.1	1612	181
snapshot_11_21_2015_18_0.json	1448146800.0	65.1	1612	171
snapshot_11_22_2015_0_0.json	1448168400.0	112.54	113.85	9
snapshot_11_22_2015_18_0.json	1448233200.0	0	0	0
snapshot_11_22_2015_6_0.json	1448190000.0	0	0	0
snapshot_11_22_2015_6_0.json	1448190000.0	0	0	0
snapshot_11_23_2015_0_0.json	1448254800.0	0	0	0
snapshot_11_23_2015_18_0.json	1448319600.0	0	0	0
snapshot_11_23_2015_6_0.json	1448276400.0	0	0	0
snapshot_11_24_2015_0_0.json	1448341200.0	0	0	0
snapshot_11_24_2015_12_0.json	1448384400.0	0	0	0
snapshot_12_5_2015_0_0.json	1449291600.0	0	0	0
snapshot_12_5_2015_0_0.json	1449291600.0	0	0	0
snapshot_12_5_2015_12_0.json	1449334800.0	0	0	0
