9184796	2015-11-21T19:00:00Z	An American in Paris	Palace Theatre - NY	New York New York Metro|664	10036
snapshot_11_16_2015_0_0.json	1447650000.0	118.33	1612	231
snapshot_11_17_2015_0_0.json	1447736400.0	118.33	1612	231
snapshot_11_17_2015_12_0.json	1447779600.0	118.33	1612	227
snapshot_11_17_2015_18_0.json	1447801200.0	118.33	1612	223
snapshot_11_17_2015_6_0.json	1447758000.0	118.33	1612	227
snapshot_11_17_2015_6_0.json	1447758000.0	118.33	1612	227
snapshot_11_18_2015_0_0.json	1447822800.0	118.33	1612	223
snapshot_11_18_2015_0_0.json	1447822800.0	118.33	1612	223
snapshot_11_18_2015_12_0.json	1447866000.0	118.33	1612	223
snapshot_11_19_2015_0_0.json	1447909200.0	118.33	1612	206
snapshot_11_19_2015_12_0.json	1447952400.0	118.33	1612	206
snapshot_11_19_2015_12_0.json	1447952400.0	118.33	1612	206
snapshot_11_19_2015_6_0.json	1447930800.0	118.33	1612	206
snapshot_11_20_2015_0_0.json	1447995600.0	163.96	1612	175
snapshot_11_20_2015_0_0.json	1447995600.0	163.96	1612	175
snapshot_11_20_2015_12_0.json	1448038800.0	163.02	1612	175
snapshot_11_21_2015_12_0.json	1448125200.0	96.1	130.95	8
snapshot_11_21_2015_18_0.json	1448146800.0	106.75	89.1	1
snapshot_11_22_2015_18_0.json	1448233200.0	0	0	0
snapshot_11_22_2015_6_0.json	1448190000.0	0	0	0
snapshot_11_22_2015_6_0.json	1448190000.0	0	0	0
snapshot_11_23_2015_0_0.json	1448254800.0	0	0	0
snapshot_11_23_2015_18_0.json	1448319600.0	0	0	0
snapshot_11_23_2015_6_0.json	1448276400.0	0	0	0
snapshot_11_24_2015_0_0.json	1448341200.0	0	0	0
snapshot_11_24_2015_12_0.json	1448384400.0	0	0	0
snapshot_12_5_2015_0_0.json	1449291600.0	0	0	0
snapshot_12_5_2015_0_0.json	1449291600.0	0	0	0
snapshot_12_5_2015_12_0.json	1449334800.0	0	0	0
9184796	2015-11-21T19:00:00Z	An American in Paris	Palace Theatre - NY	New York New York Metro|664	10036
snapshot_11_16_2015_0_0.json	1447650000.0	118.33	1612	231
snapshot_11_17_2015_0_0.json	1447736400.0	118.33	1612	231
snapshot_11_17_2015_12_0.json	1447779600.0	118.33	1612	227
snapshot_11_17_2015_18_0.json	1447801200.0	118.33	1612	223
snapshot_11_17_2015_6_0.json	1447758000.0	118.33	1612	227
snapshot_11_17_2015_6_0.json	1447758000.0	118.33	1612	227
snapshot_11_18_2015_0_0.json	1447822800.0	118.33	1612	223
snapshot_11_18_2015_0_0.json	1447822800.0	118.33	1612	223
snapshot_11_18_2015_12_0.json	1447866000.0	118.33	1612	223
snapshot_11_19_2015_0_0.json	1447909200.0	118.33	1612	206
snapshot_11_19_2015_12_0.json	1447952400.0	118.33	1612	206
snapshot_11_19_2015_12_0.json	1447952400.0	118.33	1612	206
snapshot_11_19_2015_6_0.json	1447930800.0	118.33	1612	206
snapshot_11_20_2015_0_0.json	1447995600.0	163.96	1612	175
snapshot_11_20_2015_0_0.json	1447995600.0	163.96	1612	175
snapshot_11_20_2015_12_0.json	1448038800.0	163.02	1612	175
snapshot_11_21_2015_12_0.json	1448125200.0	96.1	130.95	8
snapshot_11_21_2015_18_0.json	1448146800.0	106.75	89.1	1
snapshot_11_22_2015_18_0.json	1448233200.0	0	0	0
snapshot_11_22_2015_6_0.json	1448190000.0	0	0	0
snapshot_11_22_2015_6_0.json	1448190000.0	0	0	0
snapshot_11_23_2015_0_0.json	1448254800.0	0	0	0
snapshot_11_23_2015_18_0.json	1448319600.0	0	0	0
snapshot_11_23_2015_6_0.json	1448276400.0	0	0	0
snapshot_11_24_2015_0_0.json	1448341200.0	0	0	0
snapshot_11_24_2015_12_0.json	1448384400.0	0	0	0
snapshot_12_5_2015_0_0.json	1449291600.0	0	0	0
snapshot_12_5_2015_0_0.json	1449291600.0	0	0	0
snapshot_12_5_2015_12_0.json	1449334800.0	0	0	0
9184796	2015-11-21T19:00:00Z	An American in Paris	Palace Theatre - NY	New York New York Metro|664	10036
snapshot_11_16_2015_0_0.json	1447650000.0	118.33	1612	231
snapshot_11_17_2015_0_0.json	1447736400.0	118.33	1612	231
snapshot_11_17_2015_12_0.json	1447779600.0	118.33	1612	227
snapshot_11_17_2015_18_0.json	1447801200.0	118.33	1612	223
snapshot_11_17_2015_6_0.json	1447758000.0	118.33	1612	227
snapshot_11_17_2015_6_0.json	1447758000.0	118.33	1612	227
snapshot_11_18_2015_0_0.json	1447822800.0	118.33	1612	223
snapshot_11_18_2015_0_0.json	1447822800.0	118.33	1612	223
snapshot_11_18_2015_12_0.json	1447866000.0	118.33	1612	223
snapshot_11_19_2015_0_0.json	1447909200.0	118.33	1612	206
snapshot_11_19_2015_12_0.json	1447952400.0	118.33	1612	206
snapshot_11_19_2015_12_0.json	1447952400.0	118.33	1612	206
snapshot_11_19_2015_6_0.json	1447930800.0	118.33	1612	206
snapshot_11_20_2015_0_0.json	1447995600.0	163.96	1612	175
snapshot_11_20_2015_0_0.json	1447995600.0	163.96	1612	175
snapshot_11_20_2015_12_0.json	1448038800.0	163.02	1612	175
snapshot_11_21_2015_12_0.json	1448125200.0	96.1	130.95	8
snapshot_11_21_2015_18_0.json	1448146800.0	106.75	89.1	1
snapshot_11_22_2015_18_0.json	1448233200.0	0	0	0
snapshot_11_22_2015_6_0.json	1448190000.0	0	0	0
snapshot_11_22_2015_6_0.json	1448190000.0	0	0	0
snapshot_11_23_2015_0_0.json	1448254800.0	0	0	0
snapshot_11_23_2015_18_0.json	1448319600.0	0	0	0
snapshot_11_23_2015_6_0.json	1448276400.0	0	0	0
snapshot_11_24_2015_0_0.json	1448341200.0	0	0	0
snapshot_11_24_2015_12_0.json	1448384400.0	0	0	0
snapshot_12_5_2015_0_0.json	1449291600.0	0	0	0
snapshot_12_5_2015_0_0.json	1449291600.0	0	0	0
snapshot_12_5_2015_12_0.json	1449334800.0	0	0	0
9184796	2015-11-21T19:00:00Z	An American in Paris	Palace Theatre - NY	New York New York Metro|664	10036
snapshot_11_16_2015_0_0.json	1447650000.0	118.33	1612	231
snapshot_11_17_2015_0_0.json	1447736400.0	118.33	1612	231
snapshot_11_17_2015_12_0.json	1447779600.0	118.33	1612	227
snapshot_11_17_2015_18_0.json	1447801200.0	118.33	1612	223
snapshot_11_17_2015_6_0.json	1447758000.0	118.33	1612	227
snapshot_11_17_2015_6_0.json	1447758000.0	118.33	1612	227
snapshot_11_18_2015_0_0.json	1447822800.0	118.33	1612	223
snapshot_11_18_2015_0_0.json	1447822800.0	118.33	1612	223
snapshot_11_18_2015_12_0.json	1447866000.0	118.33	1612	223
snapshot_11_19_2015_0_0.json	1447909200.0	118.33	1612	206
snapshot_11_19_2015_12_0.json	1447952400.0	118.33	1612	206
snapshot_11_19_2015_12_0.json	1447952400.0	118.33	1612	206
snapshot_11_19_2015_6_0.json	1447930800.0	118.33	1612	206
snapshot_11_20_2015_0_0.json	1447995600.0	163.96	1612	175
snapshot_11_20_2015_0_0.json	1447995600.0	163.96	1612	175
snapshot_11_20_2015_12_0.json	1448038800.0	163.02	1612	175
snapshot_11_21_2015_12_0.json	1448125200.0	96.1	130.95	8
snapshot_11_21_2015_18_0.json	1448146800.0	106.75	89.1	1
snapshot_11_22_2015_18_0.json	1448233200.0	0	0	0
snapshot_11_22_2015_6_0.json	1448190000.0	0	0	0
snapshot_11_22_2015_6_0.json	1448190000.0	0	0	0
snapshot_11_23_2015_0_0.json	1448254800.0	0	0	0
snapshot_11_23_2015_18_0.json	1448319600.0	0	0	0
snapshot_11_23_2015_6_0.json	1448276400.0	0	0	0
snapshot_11_24_2015_0_0.json	1448341200.0	0	0	0
snapshot_11_24_2015_12_0.json	1448384400.0	0	0	0
snapshot_12_5_2015_0_0.json	1449291600.0	0	0	0
snapshot_12_5_2015_0_0.json	1449291600.0	0	0	0
snapshot_12_5_2015_12_0.json	1449334800.0	0	0	0
9184796	2015-11-21T19:00:00Z	An American in Paris	Palace Theatre - NY	New York New York Metro|664	10036
snapshot_11_16_2015_0_0.json	1447650000.0	118.33	1612	231
snapshot_11_17_2015_0_0.json	1447736400.0	118.33	1612	231
snapshot_11_17_2015_12_0.json	1447779600.0	118.33	1612	227
snapshot_11_17_2015_18_0.json	1447801200.0	118.33	1612	223
snapshot_11_17_2015_6_0.json	1447758000.0	118.33	1612	227
snapshot_11_17_2015_6_0.json	1447758000.0	118.33	1612	227
snapshot_11_18_2015_0_0.json	1447822800.0	118.33	1612	223
snapshot_11_18_2015_0_0.json	1447822800.0	118.33	1612	223
snapshot_11_18_2015_12_0.json	1447866000.0	118.33	1612	223
snapshot_11_19_2015_0_0.json	1447909200.0	118.33	1612	206
snapshot_11_19_2015_12_0.json	1447952400.0	118.33	1612	206
snapshot_11_19_2015_12_0.json	1447952400.0	118.33	1612	206
snapshot_11_19_2015_6_0.json	1447930800.0	118.33	1612	206
snapshot_11_20_2015_0_0.json	1447995600.0	163.96	1612	175
snapshot_11_20_2015_0_0.json	1447995600.0	163.96	1612	175
snapshot_11_20_2015_12_0.json	1448038800.0	163.02	1612	175
snapshot_11_21_2015_12_0.json	1448125200.0	96.1	130.95	8
snapshot_11_21_2015_18_0.json	1448146800.0	106.75	89.1	1
snapshot_11_22_2015_18_0.json	1448233200.0	0	0	0
snapshot_11_22_2015_6_0.json	1448190000.0	0	0	0
snapshot_11_22_2015_6_0.json	1448190000.0	0	0	0
snapshot_11_23_2015_0_0.json	1448254800.0	0	0	0
snapshot_11_23_2015_18_0.json	1448319600.0	0	0	0
snapshot_11_23_2015_6_0.json	1448276400.0	0	0	0
snapshot_11_24_2015_0_0.json	1448341200.0	0	0	0
snapshot_11_24_2015_12_0.json	1448384400.0	0	0	0
snapshot_12_5_2015_0_0.json	1449291600.0	0	0	0
snapshot_12_5_2015_0_0.json	1449291600.0	0	0	0
snapshot_12_5_2015_12_0.json	1449334800.0	0	0	0
9184796	2015-11-21T19:00:00Z	An American in Paris	Palace Theatre - NY	New York New York Metro|664	10036
snapshot_11_16_2015_0_0.json	1447650000.0	118.33	1612	231
snapshot_11_17_2015_0_0.json	1447736400.0	118.33	1612	231
snapshot_11_17_2015_12_0.json	1447779600.0	118.33	1612	227
snapshot_11_17_2015_18_0.json	1447801200.0	118.33	1612	223
snapshot_11_17_2015_6_0.json	1447758000.0	118.33	1612	227
snapshot_11_17_2015_6_0.json	1447758000.0	118.33	1612	227
snapshot_11_18_2015_0_0.json	1447822800.0	118.33	1612	223
snapshot_11_18_2015_0_0.json	1447822800.0	118.33	1612	223
snapshot_11_18_2015_12_0.json	1447866000.0	118.33	1612	223
snapshot_11_19_2015_0_0.json	1447909200.0	118.33	1612	206
snapshot_11_19_2015_12_0.json	1447952400.0	118.33	1612	206
snapshot_11_19_2015_12_0.json	1447952400.0	118.33	1612	206
snapshot_11_19_2015_6_0.json	1447930800.0	118.33	1612	206
snapshot_11_20_2015_0_0.json	1447995600.0	163.96	1612	175
snapshot_11_20_2015_0_0.json	1447995600.0	163.96	1612	175
snapshot_11_20_2015_12_0.json	1448038800.0	163.02	1612	175
snapshot_11_21_2015_12_0.json	1448125200.0	96.1	130.95	8
snapshot_11_21_2015_18_0.json	1448146800.0	106.75	89.1	1
snapshot_11_22_2015_18_0.json	1448233200.0	0	0	0
snapshot_11_22_2015_6_0.json	1448190000.0	0	0	0
snapshot_11_22_2015_6_0.json	1448190000.0	0	0	0
snapshot_11_23_2015_0_0.json	1448254800.0	0	0	0
snapshot_11_23_2015_18_0.json	1448319600.0	0	0	0
snapshot_11_23_2015_6_0.json	1448276400.0	0	0	0
snapshot_11_24_2015_0_0.json	1448341200.0	0	0	0
snapshot_11_24_2015_12_0.json	1448384400.0	0	0	0
snapshot_12_5_2015_0_0.json	1449291600.0	0	0	0
snapshot_12_5_2015_0_0.json	1449291600.0	0	0	0
snapshot_12_5_2015_12_0.json	1449334800.0	0	0	0
9184796	2015-11-21T19:00:00Z	An American in Paris	Palace Theatre - NY	New York New York Metro|664	10036
snapshot_11_16_2015_0_0.json	1447650000.0	118.33	1612	231
snapshot_11_17_2015_0_0.json	1447736400.0	118.33	1612	231
snapshot_11_17_2015_12_0.json	1447779600.0	118.33	1612	227
snapshot_11_17_2015_18_0.json	1447801200.0	118.33	1612	223
snapshot_11_17_2015_6_0.json	1447758000.0	118.33	1612	227
snapshot_11_17_2015_6_0.json	1447758000.0	118.33	1612	227
snapshot_11_18_2015_0_0.json	1447822800.0	118.33	1612	223
snapshot_11_18_2015_0_0.json	1447822800.0	118.33	1612	223
snapshot_11_18_2015_12_0.json	1447866000.0	118.33	1612	223
snapshot_11_19_2015_0_0.json	1447909200.0	118.33	1612	206
snapshot_11_19_2015_12_0.json	1447952400.0	118.33	1612	206
snapshot_11_19_2015_12_0.json	1447952400.0	118.33	1612	206
snapshot_11_19_2015_6_0.json	1447930800.0	118.33	1612	206
snapshot_11_20_2015_0_0.json	1447995600.0	163.96	1612	175
snapshot_11_20_2015_0_0.json	1447995600.0	163.96	1612	175
snapshot_11_20_2015_12_0.json	1448038800.0	163.02	1612	175
snapshot_11_21_2015_12_0.json	1448125200.0	96.1	130.95	8
snapshot_11_21_2015_18_0.json	1448146800.0	106.75	89.1	1
snapshot_11_22_2015_18_0.json	1448233200.0	0	0	0
snapshot_11_22_2015_6_0.json	1448190000.0	0	0	0
snapshot_11_22_2015_6_0.json	1448190000.0	0	0	0
snapshot_11_23_2015_0_0.json	1448254800.0	0	0	0
snapshot_11_23_2015_18_0.json	1448319600.0	0	0	0
snapshot_11_23_2015_6_0.json	1448276400.0	0	0	0
snapshot_11_24_2015_0_0.json	1448341200.0	0	0	0
snapshot_11_24_2015_12_0.json	1448384400.0	0	0	0
snapshot_12_5_2015_0_0.json	1449291600.0	0	0	0
snapshot_12_5_2015_0_0.json	1449291600.0	0	0	0
snapshot_12_5_2015_12_0.json	1449334800.0	0	0	0
9184796	2015-11-21T19:00:00Z	An American in Paris	Palace Theatre - NY	New York New York Metro|664	10036
snapshot_11_16_2015_0_0.json	1447650000.0	118.33	1612	231
snapshot_11_17_2015_0_0.json	1447736400.0	118.33	1612	231
snapshot_11_17_2015_12_0.json	1447779600.0	118.33	1612	227
snapshot_11_17_2015_18_0.json	1447801200.0	118.33	1612	223
snapshot_11_17_2015_6_0.json	1447758000.0	118.33	1612	227
snapshot_11_17_2015_6_0.json	1447758000.0	118.33	1612	227
snapshot_11_18_2015_0_0.json	1447822800.0	118.33	1612	223
snapshot_11_18_2015_0_0.json	1447822800.0	118.33	1612	223
snapshot_11_18_2015_12_0.json	1447866000.0	118.33	1612	223
snapshot_11_19_2015_0_0.json	1447909200.0	118.33	1612	206
snapshot_11_19_2015_12_0.json	1447952400.0	118.33	1612	206
snapshot_11_19_2015_12_0.json	1447952400.0	118.33	1612	206
snapshot_11_19_2015_6_0.json	1447930800.0	118.33	1612	206
snapshot_11_20_2015_0_0.json	1447995600.0	163.96	1612	175
snapshot_11_20_2015_0_0.json	1447995600.0	163.96	1612	175
snapshot_11_20_2015_12_0.json	1448038800.0	163.02	1612	175
snapshot_11_21_2015_12_0.json	1448125200.0	96.1	130.95	8
snapshot_11_21_2015_18_0.json	1448146800.0	106.75	89.1	1
snapshot_11_22_2015_18_0.json	1448233200.0	0	0	0
snapshot_11_22_2015_6_0.json	1448190000.0	0	0	0
snapshot_11_22_2015_6_0.json	1448190000.0	0	0	0
snapshot_11_23_2015_0_0.json	1448254800.0	0	0	0
snapshot_11_23_2015_18_0.json	1448319600.0	0	0	0
snapshot_11_23_2015_6_0.json	1448276400.0	0	0	0
snapshot_11_24_2015_0_0.json	1448341200.0	0	0	0
snapshot_11_24_2015_12_0.json	1448384400.0	0	0	0
snapshot_12_5_2015_0_0.json	1449291600.0	0	0	0
snapshot_12_5_2015_0_0.json	1449291600.0	0	0	0
snapshot_12_5_2015_12_0.json	1449334800.0	0	0	0
