9184739	2015-11-20T00:00:00Z	An American in Paris	Palace Theatre - NY	New York New York Metro|664	10036
snapshot_11_16_2015_0_0.json	1447650000.0	121.08	1612	209
snapshot_11_17_2015_0_0.json	1447736400.0	121.08	1612	209
snapshot_11_17_2015_12_0.json	1447779600.0	130.03	1612	191
snapshot_11_17_2015_18_0.json	1447801200.0	130.03	1612	191
snapshot_11_17_2015_6_0.json	1447758000.0	130.03	1612	191
snapshot_11_18_2015_0_0.json	1447822800.0	233.4	1612	163
snapshot_11_18_2015_12_0.json	1447866000.0	233.4	1612	163
snapshot_11_18_2015_18_0.json	1447887600.0	233.4	1612	163
snapshot_11_18_2015_6_0.json	1447844400.0	233.4	1612	163
snapshot_11_19_2015_0_0.json	1447909200.0	233.4	1612	154
snapshot_11_19_2015_12_0.json	1447952400.0	233.4	1612	154
snapshot_11_19_2015_12_0.json	1447952400.0	233.4	1612	154
snapshot_11_19_2015_18_0.json	1447974000.0	233.4	1612	154
snapshot_11_19_2015_18_0.json	1447974000.0	233.4	1612	154
snapshot_11_19_2015_6_0.json	1447930800.0	233.4	1612	154
snapshot_11_19_2015_6_0.json	1447930800.0	233.4	1612	154
snapshot_11_21_2015_12_0.json	1448125200.0	0	0	0
snapshot_11_22_2015_0_0.json	1448168400.0	0	0	0
snapshot_11_22_2015_12_0.json	1448211600.0	0	0	0
snapshot_12_5_2015_0_0.json	1449291600.0	0	0	0
snapshot_12_5_2015_0_0.json	1449291600.0	0	0	0
snapshot_12_5_2015_12_0.json	1449334800.0	0	0	0
9184739	2015-11-20T00:00:00Z	An American in Paris	Palace Theatre - NY	New York New York Metro|664	10036
snapshot_11_16_2015_0_0.json	1447650000.0	121.08	1612	209
snapshot_11_17_2015_0_0.json	1447736400.0	121.08	1612	209
snapshot_11_17_2015_12_0.json	1447779600.0	130.03	1612	191
snapshot_11_17_2015_18_0.json	1447801200.0	130.03	1612	191
snapshot_11_17_2015_6_0.json	1447758000.0	130.03	1612	191
snapshot_11_18_2015_0_0.json	1447822800.0	233.4	1612	163
snapshot_11_18_2015_12_0.json	1447866000.0	233.4	1612	163
snapshot_11_18_2015_18_0.json	1447887600.0	233.4	1612	163
snapshot_11_18_2015_6_0.json	1447844400.0	233.4	1612	163
snapshot_11_19_2015_0_0.json	1447909200.0	233.4	1612	154
snapshot_11_19_2015_12_0.json	1447952400.0	233.4	1612	154
snapshot_11_19_2015_12_0.json	1447952400.0	233.4	1612	154
snapshot_11_19_2015_18_0.json	1447974000.0	233.4	1612	154
snapshot_11_19_2015_18_0.json	1447974000.0	233.4	1612	154
snapshot_11_19_2015_6_0.json	1447930800.0	233.4	1612	154
snapshot_11_19_2015_6_0.json	1447930800.0	233.4	1612	154
snapshot_11_21_2015_12_0.json	1448125200.0	0	0	0
snapshot_11_22_2015_0_0.json	1448168400.0	0	0	0
snapshot_11_22_2015_12_0.json	1448211600.0	0	0	0
snapshot_12_5_2015_0_0.json	1449291600.0	0	0	0
snapshot_12_5_2015_0_0.json	1449291600.0	0	0	0
snapshot_12_5_2015_12_0.json	1449334800.0	0	0	0
9184739	2015-11-20T00:00:00Z	An American in Paris	Palace Theatre - NY	New York New York Metro|664	10036
snapshot_11_16_2015_0_0.json	1447650000.0	121.08	1612	209
snapshot_11_17_2015_0_0.json	1447736400.0	121.08	1612	209
snapshot_11_17_2015_12_0.json	1447779600.0	130.03	1612	191
snapshot_11_17_2015_18_0.json	1447801200.0	130.03	1612	191
snapshot_11_17_2015_6_0.json	1447758000.0	130.03	1612	191
snapshot_11_18_2015_0_0.json	1447822800.0	233.4	1612	163
snapshot_11_18_2015_12_0.json	1447866000.0	233.4	1612	163
snapshot_11_18_2015_18_0.json	1447887600.0	233.4	1612	163
snapshot_11_18_2015_6_0.json	1447844400.0	233.4	1612	163
snapshot_11_19_2015_0_0.json	1447909200.0	233.4	1612	154
snapshot_11_19_2015_12_0.json	1447952400.0	233.4	1612	154
snapshot_11_19_2015_12_0.json	1447952400.0	233.4	1612	154
snapshot_11_19_2015_18_0.json	1447974000.0	233.4	1612	154
snapshot_11_19_2015_18_0.json	1447974000.0	233.4	1612	154
snapshot_11_19_2015_6_0.json	1447930800.0	233.4	1612	154
snapshot_11_19_2015_6_0.json	1447930800.0	233.4	1612	154
snapshot_11_21_2015_12_0.json	1448125200.0	0	0	0
snapshot_11_22_2015_0_0.json	1448168400.0	0	0	0
snapshot_11_22_2015_12_0.json	1448211600.0	0	0	0
snapshot_12_5_2015_0_0.json	1449291600.0	0	0	0
snapshot_12_5_2015_0_0.json	1449291600.0	0	0	0
snapshot_12_5_2015_12_0.json	1449334800.0	0	0	0
9184739	2015-11-20T00:00:00Z	An American in Paris	Palace Theatre - NY	New York New York Metro|664	10036
snapshot_11_16_2015_0_0.json	1447650000.0	121.08	1612	209
snapshot_11_17_2015_0_0.json	1447736400.0	121.08	1612	209
snapshot_11_17_2015_12_0.json	1447779600.0	130.03	1612	191
snapshot_11_17_2015_18_0.json	1447801200.0	130.03	1612	191
snapshot_11_17_2015_6_0.json	1447758000.0	130.03	1612	191
snapshot_11_18_2015_0_0.json	1447822800.0	233.4	1612	163
snapshot_11_18_2015_12_0.json	1447866000.0	233.4	1612	163
snapshot_11_18_2015_18_0.json	1447887600.0	233.4	1612	163
snapshot_11_18_2015_6_0.json	1447844400.0	233.4	1612	163
snapshot_11_19_2015_0_0.json	1447909200.0	233.4	1612	154
snapshot_11_19_2015_12_0.json	1447952400.0	233.4	1612	154
snapshot_11_19_2015_12_0.json	1447952400.0	233.4	1612	154
snapshot_11_19_2015_18_0.json	1447974000.0	233.4	1612	154
snapshot_11_19_2015_18_0.json	1447974000.0	233.4	1612	154
snapshot_11_19_2015_6_0.json	1447930800.0	233.4	1612	154
snapshot_11_19_2015_6_0.json	1447930800.0	233.4	1612	154
snapshot_11_21_2015_12_0.json	1448125200.0	0	0	0
snapshot_11_22_2015_0_0.json	1448168400.0	0	0	0
snapshot_11_22_2015_12_0.json	1448211600.0	0	0	0
snapshot_12_5_2015_0_0.json	1449291600.0	0	0	0
snapshot_12_5_2015_0_0.json	1449291600.0	0	0	0
snapshot_12_5_2015_12_0.json	1449334800.0	0	0	0
9184739	2015-11-20T00:00:00Z	An American in Paris	Palace Theatre - NY	New York New York Metro|664	10036
snapshot_11_16_2015_0_0.json	1447650000.0	121.08	1612	209
snapshot_11_17_2015_0_0.json	1447736400.0	121.08	1612	209
snapshot_11_17_2015_12_0.json	1447779600.0	130.03	1612	191
snapshot_11_17_2015_18_0.json	1447801200.0	130.03	1612	191
snapshot_11_17_2015_6_0.json	1447758000.0	130.03	1612	191
snapshot_11_18_2015_0_0.json	1447822800.0	233.4	1612	163
snapshot_11_18_2015_12_0.json	1447866000.0	233.4	1612	163
snapshot_11_18_2015_18_0.json	1447887600.0	233.4	1612	163
snapshot_11_18_2015_6_0.json	1447844400.0	233.4	1612	163
snapshot_11_19_2015_0_0.json	1447909200.0	233.4	1612	154
snapshot_11_19_2015_12_0.json	1447952400.0	233.4	1612	154
snapshot_11_19_2015_12_0.json	1447952400.0	233.4	1612	154
snapshot_11_19_2015_18_0.json	1447974000.0	233.4	1612	154
snapshot_11_19_2015_18_0.json	1447974000.0	233.4	1612	154
snapshot_11_19_2015_6_0.json	1447930800.0	233.4	1612	154
snapshot_11_19_2015_6_0.json	1447930800.0	233.4	1612	154
snapshot_11_21_2015_12_0.json	1448125200.0	0	0	0
snapshot_11_22_2015_0_0.json	1448168400.0	0	0	0
snapshot_11_22_2015_12_0.json	1448211600.0	0	0	0
snapshot_12_5_2015_0_0.json	1449291600.0	0	0	0
snapshot_12_5_2015_0_0.json	1449291600.0	0	0	0
snapshot_12_5_2015_12_0.json	1449334800.0	0	0	0
9184739	2015-11-20T00:00:00Z	An American in Paris	Palace Theatre - NY	New York New York Metro|664	10036
snapshot_11_16_2015_0_0.json	1447650000.0	121.08	1612	209
snapshot_11_17_2015_0_0.json	1447736400.0	121.08	1612	209
snapshot_11_17_2015_12_0.json	1447779600.0	130.03	1612	191
snapshot_11_17_2015_18_0.json	1447801200.0	130.03	1612	191
snapshot_11_17_2015_6_0.json	1447758000.0	130.03	1612	191
snapshot_11_18_2015_0_0.json	1447822800.0	233.4	1612	163
snapshot_11_18_2015_12_0.json	1447866000.0	233.4	1612	163
snapshot_11_18_2015_18_0.json	1447887600.0	233.4	1612	163
snapshot_11_18_2015_6_0.json	1447844400.0	233.4	1612	163
snapshot_11_19_2015_0_0.json	1447909200.0	233.4	1612	154
snapshot_11_19_2015_12_0.json	1447952400.0	233.4	1612	154
snapshot_11_19_2015_12_0.json	1447952400.0	233.4	1612	154
snapshot_11_19_2015_18_0.json	1447974000.0	233.4	1612	154
snapshot_11_19_2015_18_0.json	1447974000.0	233.4	1612	154
snapshot_11_19_2015_6_0.json	1447930800.0	233.4	1612	154
snapshot_11_19_2015_6_0.json	1447930800.0	233.4	1612	154
snapshot_11_21_2015_12_0.json	1448125200.0	0	0	0
snapshot_11_22_2015_0_0.json	1448168400.0	0	0	0
snapshot_11_22_2015_12_0.json	1448211600.0	0	0	0
snapshot_12_5_2015_0_0.json	1449291600.0	0	0	0
snapshot_12_5_2015_0_0.json	1449291600.0	0	0	0
snapshot_12_5_2015_12_0.json	1449334800.0	0	0	0
9184739	2015-11-20T00:00:00Z	An American in Paris	Palace Theatre - NY	New York New York Metro|664	10036
snapshot_11_16_2015_0_0.json	1447650000.0	121.08	1612	209
snapshot_11_17_2015_0_0.json	1447736400.0	121.08	1612	209
snapshot_11_17_2015_12_0.json	1447779600.0	130.03	1612	191
snapshot_11_17_2015_18_0.json	1447801200.0	130.03	1612	191
snapshot_11_17_2015_6_0.json	1447758000.0	130.03	1612	191
snapshot_11_18_2015_0_0.json	1447822800.0	233.4	1612	163
snapshot_11_18_2015_12_0.json	1447866000.0	233.4	1612	163
snapshot_11_18_2015_18_0.json	1447887600.0	233.4	1612	163
snapshot_11_18_2015_6_0.json	1447844400.0	233.4	1612	163
snapshot_11_19_2015_0_0.json	1447909200.0	233.4	1612	154
snapshot_11_19_2015_12_0.json	1447952400.0	233.4	1612	154
snapshot_11_19_2015_12_0.json	1447952400.0	233.4	1612	154
snapshot_11_19_2015_18_0.json	1447974000.0	233.4	1612	154
snapshot_11_19_2015_18_0.json	1447974000.0	233.4	1612	154
snapshot_11_19_2015_6_0.json	1447930800.0	233.4	1612	154
snapshot_11_19_2015_6_0.json	1447930800.0	233.4	1612	154
snapshot_11_21_2015_12_0.json	1448125200.0	0	0	0
snapshot_11_22_2015_0_0.json	1448168400.0	0	0	0
snapshot_11_22_2015_12_0.json	1448211600.0	0	0	0
snapshot_12_5_2015_0_0.json	1449291600.0	0	0	0
snapshot_12_5_2015_0_0.json	1449291600.0	0	0	0
snapshot_12_5_2015_12_0.json	1449334800.0	0	0	0
9184739	2015-11-20T00:00:00Z	An American in Paris	Palace Theatre - NY	New York New York Metro|664	10036
snapshot_11_16_2015_0_0.json	1447650000.0	121.08	1612	209
snapshot_11_17_2015_0_0.json	1447736400.0	121.08	1612	209
snapshot_11_17_2015_12_0.json	1447779600.0	130.03	1612	191
snapshot_11_17_2015_18_0.json	1447801200.0	130.03	1612	191
snapshot_11_17_2015_6_0.json	1447758000.0	130.03	1612	191
snapshot_11_18_2015_0_0.json	1447822800.0	233.4	1612	163
snapshot_11_18_2015_12_0.json	1447866000.0	233.4	1612	163
snapshot_11_18_2015_18_0.json	1447887600.0	233.4	1612	163
snapshot_11_18_2015_6_0.json	1447844400.0	233.4	1612	163
snapshot_11_19_2015_0_0.json	1447909200.0	233.4	1612	154
snapshot_11_19_2015_12_0.json	1447952400.0	233.4	1612	154
snapshot_11_19_2015_12_0.json	1447952400.0	233.4	1612	154
snapshot_11_19_2015_18_0.json	1447974000.0	233.4	1612	154
snapshot_11_19_2015_18_0.json	1447974000.0	233.4	1612	154
snapshot_11_19_2015_6_0.json	1447930800.0	233.4	1612	154
snapshot_11_19_2015_6_0.json	1447930800.0	233.4	1612	154
snapshot_11_21_2015_12_0.json	1448125200.0	0	0	0
snapshot_11_22_2015_0_0.json	1448168400.0	0	0	0
snapshot_11_22_2015_12_0.json	1448211600.0	0	0	0
snapshot_12_5_2015_0_0.json	1449291600.0	0	0	0
snapshot_12_5_2015_0_0.json	1449291600.0	0	0	0
snapshot_12_5_2015_12_0.json	1449334800.0	0	0	0
