9192741	2015-12-13T03:30:00Z	Reba McEntire	The Colosseum at Caesars Palace	Nevada Las Vegas|689	89109
snapshot_11_16_2015_0_0.json	1447650000.0	235.33	963	123
snapshot_11_17_2015_0_0.json	1447736400.0	235.33	963	121
snapshot_11_17_2015_12_0.json	1447779600.0	235.33	963	117
snapshot_11_17_2015_18_0.json	1447801200.0	207.25	963	116
snapshot_11_17_2015_6_0.json	1447758000.0	235.33	963	119
snapshot_11_18_2015_0_0.json	1447822800.0	207.25	963	114
snapshot_11_18_2015_12_0.json	1447866000.0	207.25	963	114
snapshot_11_18_2015_12_0.json	1447866000.0	207.25	963	114
snapshot_11_18_2015_18_0.json	1447887600.0	207.25	963	122
snapshot_11_18_2015_6_0.json	1447844400.0	207.25	963	112
snapshot_11_19_2015_0_0.json	1447909200.0	207.25	963	120
snapshot_11_19_2015_12_0.json	1447952400.0	207.25	963	140
snapshot_11_19_2015_12_0.json	1447952400.0	207.25	963	140
snapshot_11_19_2015_6_0.json	1447930800.0	207.25	963	140
snapshot_11_20_2015_0_0.json	1447995600.0	178	963	159
snapshot_11_20_2015_12_0.json	1448038800.0	178	963	159
snapshot_11_21_2015_12_0.json	1448125200.0	162.79	963	155
snapshot_11_21_2015_18_0.json	1448146800.0	162.79	963	155
snapshot_11_21_2015_18_0.json	1448146800.0	162.79	963	155
snapshot_11_22_2015_12_0.json	1448211600.0	162.79	963	155
snapshot_11_22_2015_18_0.json	1448233200.0	162.79	963	155
snapshot_11_22_2015_18_0.json	1448233200.0	162.79	963	155
snapshot_11_22_2015_6_0.json	1448190000.0	162.79	963	155
snapshot_11_22_2015_6_0.json	1448190000.0	162.79	963	155
snapshot_11_23_2015_0_0.json	1448254800.0	162.79	963	155
snapshot_11_23_2015_12_0.json	1448298000.0	162.79	963	156
snapshot_11_23_2015_18_0.json	1448319600.0	133.54	963	156
snapshot_11_23_2015_6_0.json	1448276400.0	162.79	963	156
snapshot_11_24_2015_0_0.json	1448341200.0	133.54	963	151
snapshot_11_24_2015_18_0.json	1448406000.0	133.54	963	165
snapshot_11_24_2015_6_0.json	1448362800.0	133.54	963	155
snapshot_11_25_2015_0_0.json	1448427600.0	134.71	963	240
snapshot_11_25_2015_12_0.json	1448470800.0	134.71	963	240
snapshot_11_25_2015_18_0.json	1448492400.0	134.71	963	247
snapshot_11_25_2015_18_0.json	1448492400.0	134.71	963	247
snapshot_11_26_2015_0_0.json	1448514000.0	133.54	963	250
snapshot_11_28_2015_0_0.json	1448686800.0	134.71	963	247
snapshot_11_28_2015_12_0.json	1448730000.0	134.71	963	245
snapshot_11_28_2015_18_0.json	1448751600.0	134.71	963	245
snapshot_11_28_2015_6_0.json	1448708400.0	134.71	963	245
snapshot_11_29_2015_0_0.json	1448773200.0	134.71	963	243
snapshot_11_29_2015_12_0.json	1448816400.0	134.71	963	245
snapshot_11_29_2015_18_0.json	1448838000.0	134.71	963	243
snapshot_11_29_2015_18_0.json	1448838000.0	134.71	963	243
snapshot_11_29_2015_6_0.json	1448794800.0	134.71	963	245
snapshot_11_30_2015_0_0.json	1448859600.0	134.71	963	249
snapshot_11_30_2015_12_0.json	1448902800.0	133.54	945	250
snapshot_11_30_2015_18_0.json	1448924400.0	133.54	945	250
snapshot_12_1_2015_0_0.json	1448946000.0	133.54	945	248
snapshot_12_1_2015_12_0.json	1448989200.0	133.54	945	235
snapshot_12_1_2015_18_0.json	1449010800.0	133.54	945	235
snapshot_12_1_2015_6_0.json	1448967600.0	133.54	945	237
snapshot_12_2_2015_0_0.json	1449032400.0	133.54	945	236
snapshot_12_2_2015_0_0.json	1449032400.0	133.54	945	236
snapshot_12_2_2015_12_0.json	1449075600.0	128.86	945	228
snapshot_12_2_2015_18_0.json	1449097200.0	128.86	945	221
snapshot_12_2_2015_6_0.json	1449054000.0	128.86	945	228
snapshot_12_3_2015_0_0.json	1449118800.0	128.86	945	221
snapshot_12_3_2015_12_0.json	1449162000.0	128.86	945	219
snapshot_12_3_2015_18_0.json	1449183600.0	128.86	945	213
snapshot_12_3_2015_6_0.json	1449140400.0	128.86	945	219
snapshot_12_4_2015_0_0.json	1449205200.0	127.69	945	218
snapshot_12_4_2015_12_0.json	1449248400.0	127.69	945	207
snapshot_12_4_2015_18_0.json	1449270000.0	127.69	945	200
snapshot_12_4_2015_6_0.json	1449226800.0	127.69	945	208
snapshot_12_5_2015_12_0.json	1449334800.0	127.69	945	189
snapshot_12_5_2015_12_0.json	1449334800.0	127.69	945	189
snapshot_12_5_2015_18_0.json	1449356400.0	128.86	945	189
snapshot_12_5_2015_6_0.json	1449313200.0	127.69	945	189
9192741	2015-12-13T03:30:00Z	Reba McEntire	The Colosseum at Caesars Palace	Nevada Las Vegas|689	89109
snapshot_11_16_2015_0_0.json	1447650000.0	235.33	963	123
snapshot_11_17_2015_0_0.json	1447736400.0	235.33	963	121
snapshot_11_17_2015_12_0.json	1447779600.0	235.33	963	117
snapshot_11_17_2015_18_0.json	1447801200.0	207.25	963	116
snapshot_11_17_2015_6_0.json	1447758000.0	235.33	963	119
snapshot_11_18_2015_0_0.json	1447822800.0	207.25	963	114
snapshot_11_18_2015_12_0.json	1447866000.0	207.25	963	114
snapshot_11_18_2015_12_0.json	1447866000.0	207.25	963	114
snapshot_11_18_2015_18_0.json	1447887600.0	207.25	963	122
snapshot_11_18_2015_6_0.json	1447844400.0	207.25	963	112
snapshot_11_19_2015_0_0.json	1447909200.0	207.25	963	120
snapshot_11_19_2015_12_0.json	1447952400.0	207.25	963	140
snapshot_11_19_2015_12_0.json	1447952400.0	207.25	963	140
snapshot_11_19_2015_6_0.json	1447930800.0	207.25	963	140
snapshot_11_20_2015_0_0.json	1447995600.0	178	963	159
snapshot_11_20_2015_12_0.json	1448038800.0	178	963	159
snapshot_11_21_2015_12_0.json	1448125200.0	162.79	963	155
snapshot_11_21_2015_18_0.json	1448146800.0	162.79	963	155
snapshot_11_21_2015_18_0.json	1448146800.0	162.79	963	155
snapshot_11_22_2015_12_0.json	1448211600.0	162.79	963	155
snapshot_11_22_2015_18_0.json	1448233200.0	162.79	963	155
snapshot_11_22_2015_18_0.json	1448233200.0	162.79	963	155
snapshot_11_22_2015_6_0.json	1448190000.0	162.79	963	155
snapshot_11_22_2015_6_0.json	1448190000.0	162.79	963	155
snapshot_11_23_2015_0_0.json	1448254800.0	162.79	963	155
snapshot_11_23_2015_12_0.json	1448298000.0	162.79	963	156
snapshot_11_23_2015_18_0.json	1448319600.0	133.54	963	156
snapshot_11_23_2015_6_0.json	1448276400.0	162.79	963	156
snapshot_11_24_2015_0_0.json	1448341200.0	133.54	963	151
snapshot_11_24_2015_18_0.json	1448406000.0	133.54	963	165
snapshot_11_24_2015_6_0.json	1448362800.0	133.54	963	155
snapshot_11_25_2015_0_0.json	1448427600.0	134.71	963	240
snapshot_11_25_2015_12_0.json	1448470800.0	134.71	963	240
snapshot_11_25_2015_18_0.json	1448492400.0	134.71	963	247
snapshot_11_25_2015_18_0.json	1448492400.0	134.71	963	247
snapshot_11_26_2015_0_0.json	1448514000.0	133.54	963	250
snapshot_11_28_2015_0_0.json	1448686800.0	134.71	963	247
snapshot_11_28_2015_12_0.json	1448730000.0	134.71	963	245
snapshot_11_28_2015_18_0.json	1448751600.0	134.71	963	245
snapshot_11_28_2015_6_0.json	1448708400.0	134.71	963	245
snapshot_11_29_2015_0_0.json	1448773200.0	134.71	963	243
snapshot_11_29_2015_12_0.json	1448816400.0	134.71	963	245
snapshot_11_29_2015_18_0.json	1448838000.0	134.71	963	243
snapshot_11_29_2015_18_0.json	1448838000.0	134.71	963	243
snapshot_11_29_2015_6_0.json	1448794800.0	134.71	963	245
snapshot_11_30_2015_0_0.json	1448859600.0	134.71	963	249
snapshot_11_30_2015_12_0.json	1448902800.0	133.54	945	250
snapshot_11_30_2015_18_0.json	1448924400.0	133.54	945	250
snapshot_12_1_2015_0_0.json	1448946000.0	133.54	945	248
snapshot_12_1_2015_12_0.json	1448989200.0	133.54	945	235
snapshot_12_1_2015_18_0.json	1449010800.0	133.54	945	235
snapshot_12_1_2015_6_0.json	1448967600.0	133.54	945	237
snapshot_12_2_2015_0_0.json	1449032400.0	133.54	945	236
snapshot_12_2_2015_0_0.json	1449032400.0	133.54	945	236
snapshot_12_2_2015_12_0.json	1449075600.0	128.86	945	228
snapshot_12_2_2015_18_0.json	1449097200.0	128.86	945	221
snapshot_12_2_2015_6_0.json	1449054000.0	128.86	945	228
snapshot_12_3_2015_0_0.json	1449118800.0	128.86	945	221
snapshot_12_3_2015_12_0.json	1449162000.0	128.86	945	219
snapshot_12_3_2015_18_0.json	1449183600.0	128.86	945	213
snapshot_12_3_2015_6_0.json	1449140400.0	128.86	945	219
snapshot_12_4_2015_0_0.json	1449205200.0	127.69	945	218
snapshot_12_4_2015_12_0.json	1449248400.0	127.69	945	207
snapshot_12_4_2015_18_0.json	1449270000.0	127.69	945	200
snapshot_12_4_2015_6_0.json	1449226800.0	127.69	945	208
snapshot_12_5_2015_12_0.json	1449334800.0	127.69	945	189
snapshot_12_5_2015_12_0.json	1449334800.0	127.69	945	189
snapshot_12_5_2015_18_0.json	1449356400.0	128.86	945	189
snapshot_12_5_2019192741	2015-12-13T03:30:00Z	Reba McEntire	The Colosseum at Caesars Palace	Nevada Las Vegas|689	89109
snapshot_11_16_2015_0_0.json	1447650000.0	235.33	963	123
snapshot_11_17_2015_0_0.json	1447736400.0	235.33	963	121
snapshot_11_17_2015_12_0.json	1447779600.0	235.33	963	117
snapshot_11_17_2015_18_0.json	1447801200.0	207.25	963	116
snapshot_11_17_2015_6_0.json	1447758000.0	235.33	963	119
snapshot_11_18_2015_0_0.json	1447822800.0	207.25	963	114
snapshot_11_18_2015_12_0.json	1447866000.0	207.25	963	114
snapshot_11_18_2015_12_0.json	1447866000.0	207.25	963	114
snapshot_11_18_2015_18_0.json	1447887600.0	207.25	963	122
snapshot_11_18_2015_6_0.json	1447844400.0	207.25	963	112
snapshot_11_19_2015_0_0.json	1447909200.0	207.25	963	120
snapshot_11_19_2015_12_0.json	1447952400.0	207.25	963	140
snapshot_11_19_2015_12_0.json	1447952400.0	207.25	963	140
snapshot_11_19_2015_6_0.json	1447930800.0	207.25	963	140
snapshot_11_20_2015_0_0.json	1447995600.0	178	963	159
snapshot_11_20_2015_12_0.json	1448038800.0	178	963	159
snapshot_11_21_2015_12_0.json	1448125200.0	162.79	963	155
snapshot_11_21_2015_18_0.json	1448146800.0	162.79	963	155
snapshot_11_21_2015_18_0.json	1448146800.0	162.79	963	155
snapshot_11_22_2015_12_0.json	1448211600.0	162.79	963	155
snapshot_11_22_2015_18_0.json	1448233200.0	162.79	963	155
snapshot_11_22_2015_18_0.json	1448233200.0	162.79	963	155
snapshot_11_22_2015_6_0.json	1448190000.0	162.79	963	155
snapshot_11_22_2015_6_0.json	1448190000.0	162.79	963	155
snapshot_11_23_2015_0_0.json	1448254800.0	162.79	963	155
snapshot_11_23_2015_12_0.json	1448298000.0	162.79	963	156
snapshot_11_23_2015_18_0.json	1448319600.0	133.54	963	156
snapshot_11_23_2015_6_0.json	1448276400.0	162.79	963	156
snapshot_11_24_2015_0_0.json	1448341200.0	133.54	963	151
snapshot_11_24_2015_18_0.json	1448406000.0	133.54	963	165
snapshot_11_24_2015_6_0.json	1448362800.0	133.54	963	155
snapshot_11_25_2015_0_0.json	1448427600.0	134.71	963	240
snapshot_11_25_2015_12_0.json	1448470800.0	134.71	963	240
snapshot_11_25_2015_18_0.json	1448492400.0	134.71	963	247
snapshot_11_25_2015_18_0.json	1448492400.0	134.71	963	247
snapshot_11_26_2015_0_0.json	1448514000.0	133.54	963	250
snapshot_11_28_2015_0_0.json	1448686800.0	134.71	963	247
snapshot_11_28_2015_12_0.json	1448730000.0	134.71	963	245
snapshot_11_28_2015_18_0.json	1448751600.0	134.71	963	245
snapshot_11_28_2015_6_0.json	1448708400.0	134.71	963	245
snapshot_11_29_2015_0_0.json	1448773200.0	134.71	963	243
snapshot_11_29_2015_12_0.json	1448816400.0	134.71	963	245
snapshot_11_29_2015_18_0.json	1448838000.0	134.71	963	243
snapshot_11_29_2015_18_0.json	1448838000.0	134.71	963	243
snapshot_11_29_2015_6_0.json	1448794800.0	134.71	963	245
snapshot_11_30_2015_0_0.json	1448859600.0	134.71	963	249
snapshot_11_30_2015_12_0.json	1448902800.0	133.54	945	250
snapshot_11_30_2015_18_0.json	1448924400.0	133.54	945	250
snapshot_12_1_2015_0_0.json	1448946000.0	133.54	945	248
snapshot_12_1_2015_12_0.json	1448989200.0	133.54	945	235
snapshot_12_1_2015_18_0.json	1449010800.0	133.54	945	235
snapshot_12_1_2015_6_0.json	1448967600.0	133.54	945	237
snapshot_12_2_2015_0_0.json	1449032400.0	133.54	945	236
snapshot_12_2_2015_0_0.json	1449032400.0	133.54	945	236
snapshot_12_2_2015_12_0.json	1449075600.0	128.86	945	228
snapshot_12_2_2015_18_0.json	1449097200.0	128.86	945	221
snapshot_12_2_2015_6_0.json	1449054000.0	128.86	945	228
snapshot_12_3_2015_0_0.json	1449118800.0	128.86	945	221
snapshot_12_3_2015_12_0.json	1449162000.0	128.86	945	219
snapshot_12_3_2015_18_0.json	1449183600.0	128.86	945	213
snapshot_12_3_2015_6_0.json	1449140400.0	128.86	945	219
snapshot_12_4_2015_0_0.json	1449205200.0	127.69	945	218
snapshot_12_4_2015_12_0.json	1449248400.0	127.69	945	207
snapshot_12_4_2015_18_0.json	1449270000.0	127.69	945	200
snapshot_12_4_2015_6_0.json	1449226800.0	127.69	945	208
snapshot_12_5_2015_12_0.json	1449334800.0	127.69	945	189
snapshot_12_5_2015_12_0.json	1449334800.0	127.69	945	189
snapshot_12_5_2015_18_0.json	1449356400.0	128.86	945	189
snapshot_12_5_2015_6_0.json	1449313200.0	127.69	945	189
9192741	2015-12-13T03:30:00Z	Reba McEntire	The Colosseum at Caesars Palace	Nevada Las Vegas|689	89109
snapshot_11_16_2015_0_0.json	1447650000.0	235.33	963	123
snapshot_11_17_2015_0_0.json	1447736400.0	235.33	963	121
snapshot_11_17_2015_12_0.json	1447779600.0	235.33	963	117
snapshot_11_17_2015_18_0.json	1447801200.0	207.25	963	116
snapshot_11_17_2015_6_0.json	1447758000.0	235.33	963	119
snapshot_11_18_2015_0_0.json	1447822800.0	207.25	963	114
snapshot_11_18_2015_12_0.json	1447866000.0	207.25	963	114
snapshot_11_18_2015_12_0.json	1447866000.0	207.25	963	114
snapshot_11_18_2015_18_0.json	1447887600.0	207.25	963	122
snapshot_11_18_2015_6_0.json	1447844400.0	207.25	963	112
snapshot_11_19_2015_0_0.json	1447909200.0	207.25	963	120
snapshot_11_19_2015_12_0.json	1447952400.0	207.25	963	140
snapshot_11_19_2015_12_0.json	1447952400.0	207.25	963	140
snapshot_11_19_2015_6_0.json	1447930800.0	207.25	963	140
snapshot_11_20_2015_0_0.json	1447995600.0	178	963	159
snapshot_11_20_2015_12_0.json	1448038800.0	178	963	159
snapshot_11_21_2015_12_0.json	1448125200.0	162.79	963	155
snapshot_11_21_2015_18_0.json	1448146800.0	162.79	963	155
snapshot_11_21_2015_18_0.json	1448146800.0	162.79	963	155
snapshot_11_22_2015_12_0.json	1448211600.0	162.79	963	155
snapshot_11_22_2015_18_0.json	1448233200.0	162.79	963	155
snapshot_11_22_2015_18_0.json	1448233200.0	162.79	963	155
snapshot_11_22_2015_6_0.json	1448190000.0	162.79	963	155
snapshot_11_22_2015_6_0.json	1448190000.0	162.79	963	155
snapshot_11_23_2015_0_0.json	1448254800.0	162.79	963	155
snapshot_11_23_2015_12_0.json	1448298000.0	162.79	963	156
snapshot_11_23_2015_18_0.json	1448319600.0	133.54	963	156
snapshot_11_23_2015_6_0.json	1448276400.0	162.79	963	156
snapshot_11_24_2015_0_0.json	1448341200.0	133.54	963	151
snapshot_11_24_2015_18_0.json	1448406000.0	133.54	963	165
snapshot_11_24_2015_6_0.json	1448362800.0	133.54	963	155
snapshot_11_25_2015_0_0.json	1448427600.0	134.71	963	240
snapshot_11_25_2015_12_0.json	1448470800.0	134.71	963	240
snapshot_11_25_2015_18_0.json	1448492400.0	134.71	963	247
snapshot_11_25_2015_18_0.json	1448492400.0	134.71	963	247
snapshot_11_26_2015_0_0.json	1448514000.0	133.54	963	250
snapshot_11_28_2015_0_0.json	1448686800.0	134.71	963	247
snapshot_11_28_2015_12_0.json	1448730000.0	134.71	963	245
snapshot_11_28_2015_18_0.json	1448751600.0	134.71	963	245
snapshot_11_28_2015_6_0.json	1448708400.0	134.71	963	245
snapshot_11_29_2015_0_0.json	1448773200.0	134.71	963	243
snapshot_11_29_2015_12_0.json	1448816400.0	134.71	963	245
snapshot_11_29_2015_18_0.json	1448838000.0	134.71	963	243
snapshot_11_29_2015_18_0.json	1448838000.0	134.71	963	243
snapshot_11_29_2015_6_0.json	1448794800.0	134.71	963	245
snapshot_11_30_2015_0_0.json	1448859600.0	134.71	963	249
snapshot_11_30_2015_12_0.json	1448902800.0	133.54	945	250
snapshot_11_30_2015_18_0.json	1448924400.0	133.54	945	250
snapshot_12_1_2015_0_0.json	1448946000.0	133.54	945	248
snapshot_12_1_2015_12_0.json	1448989200.0	133.54	945	235
snapshot_12_1_2015_18_0.json	1449010800.0	133.54	945	235
snapshot_12_1_2015_6_0.json	1448967600.0	133.54	945	237
snapshot_12_2_2015_0_0.json	1449032400.0	133.54	945	236
snapshot_12_2_2015_0_0.json	1449032400.0	133.54	945	236
snapshot_12_2_2015_12_0.json	1449075600.0	128.86	945	228
snapshot_12_2_2015_18_0.json	1449097200.0	128.86	945	221
snapshot_12_2_2015_6_0.json	1449054000.0	128.86	945	228
snapshot_12_3_2015_0_0.json	1449118800.0	128.86	945	221
snapshot_12_3_2015_12_0.json	1449162000.0	128.86	945	219
snapshot_12_3_2015_18_0.json	1449183600.0	128.86	945	213
snapshot_12_3_2015_6_0.json	1449140400.0	128.86	945	219
snapshot_12_4_2015_0_0.json	1449205200.0	127.69	945	218
snapshot_12_4_2015_12_0.json	1449248400.0	127.69	945	207
snapshot_12_4_2015_18_0.json	1449270000.0	127.69	945	200
snapshot_12_4_2015_6_0.json	1449226800.0	127.69	945	208
snapshot_12_5_2015_12_0.json	1449334800.0	127.69	945	189
snapshot_12_5_2015_12_0.json	1449334800.0	127.69	945	189
snapshot_12_5_2015_18_0.json	1449356400.0	128.86	945	189
snapshot_12_5_201
