9192736	2015-12-03T03:30:00Z	Reba McEntire	The Colosseum at Caesars Palace	Nevada Las Vegas|689	89109
snapshot_11_16_2015_0_0.json	1447650000.0	166.3	1338.6	105
snapshot_11_16_2015_0_0.json	1447650000.0	166.3	1338.6	105
snapshot_11_17_2015_18_0.json	1447801200.0	197.89	1338.6	121
snapshot_11_17_2015_6_0.json	1447758000.0	197.89	1338.6	121
snapshot_11_17_2015_6_0.json	1447758000.0	197.89	1338.6	121
snapshot_11_18_2015_0_0.json	1447822800.0	197.89	1338.6	118
snapshot_11_18_2015_12_0.json	1447866000.0	197.89	1338.6	118
snapshot_11_18_2015_12_0.json	1447866000.0	197.89	1338.6	118
snapshot_11_18_2015_18_0.json	1447887600.0	197.89	1338.6	118
snapshot_11_18_2015_6_0.json	1447844400.0	197.89	1338.6	118
snapshot_11_18_2015_6_0.json	1447844400.0	197.89	1338.6	118
snapshot_11_19_2015_0_0.json	1447909200.0	188.53	1338.6	118
snapshot_11_19_2015_12_0.json	1447952400.0	188.53	1338.6	118
snapshot_11_19_2015_12_0.json	1447952400.0	188.53	1338.6	118
snapshot_11_19_2015_6_0.json	1447930800.0	188.53	1338.6	118
snapshot_11_20_2015_0_0.json	1447995600.0	188.53	1338.6	127
snapshot_11_20_2015_0_0.json	1447995600.0	188.53	1338.6	127
snapshot_11_21_2015_12_0.json	1448125200.0	151.09	1338.6	125
snapshot_11_21_2015_18_0.json	1448146800.0	148.75	1338.6	130
snapshot_11_22_2015_0_0.json	1448168400.0	148.75	1338.6	132
snapshot_11_22_2015_12_0.json	1448211600.0	148.75	1338.6	132
snapshot_11_23_2015_0_0.json	1448254800.0	148.75	1338.6	130
snapshot_11_23_2015_0_0.json	1448254800.0	148.75	1338.6	130
snapshot_11_23_2015_12_0.json	1448298000.0	148.75	1338.6	130
snapshot_11_23_2015_18_0.json	1448319600.0	113.65	1338.6	130
snapshot_11_23_2015_6_0.json	1448276400.0	148.75	1338.6	130
snapshot_11_24_2015_18_0.json	1448406000.0	120.67	1338.6	132
snapshot_11_24_2015_6_0.json	1448362800.0	148.75	1338.6	130
snapshot_11_25_2015_0_0.json	1448427600.0	113.65	1338.6	162
snapshot_11_25_2015_12_0.json	1448470800.0	113.65	1338.6	160
snapshot_11_25_2015_18_0.json	1448492400.0	119.5	1338.6	154
snapshot_11_25_2015_6_0.json	1448449200.0	113.65	1338.6	162
snapshot_11_26_2015_0_0.json	1448514000.0	121.84	1212.5	160
snapshot_11_27_2015_18_0.json	1448665200.0	121.84	1212.5	152
snapshot_11_28_2015_12_0.json	1448730000.0	110.32	1212.5	148
snapshot_11_28_2015_6_0.json	1448708400.0	110.32	1212.5	148
snapshot_11_29_2015_0_0.json	1448773200.0	101.95	1212.5	152
snapshot_11_29_2015_12_0.json	1448816400.0	101.95	1212.5	152
snapshot_11_29_2015_18_0.json	1448838000.0	101.95	1212.5	154
snapshot_11_29_2015_6_0.json	1448794800.0	101.95	1212.5	152
snapshot_11_30_2015_12_0.json	1448902800.0	101.95	1212.5	142
snapshot_11_30_2015_6_0.json	1448881200.0	101.95	1212.5	144
snapshot_12_1_2015_0_0.json	1448946000.0	99.61	1212.5	152
snapshot_12_1_2015_12_0.json	1448989200.0	100.78	700	92
snapshot_12_1_2015_18_0.json	1449010800.0	90.25	700	128
snapshot_12_1_2015_6_0.json	1448967600.0	100.78	700	92
snapshot_12_2_2015_12_0.json	1449075600.0	55.15	700	89
snapshot_12_2_2015_18_0.json	1449097200.0	81.48	700	77
snapshot_12_2_2015_6_0.json	1449054000.0	55.15	700	100
snapshot_12_3_2015_0_0.json	1449118800.0	101.95	700	44
snapshot_12_3_2015_12_0.json	1449162000.0	0	0	0
snapshot_12_3_2015_6_0.json	1449140400.0	0	0	0
snapshot_12_4_2015_0_0.json	1449205200.0	0	0	0
snapshot_12_4_2015_12_0.json	1449248400.0	0	0	0
snapshot_12_4_2015_18_0.json	1449270000.0	0	0	0
snapshot_12_4_2015_6_0.json	1449226800.0	0	0	0
9192736	2015-12-03T03:30:00Z	Reba McEntire	The Colosseum at Caesars Palace	Nevada Las Vegas|689	89109
snapshot_11_16_2015_0_0.json	1447650000.0	166.3	1338.6	105
snapshot_11_16_2015_0_0.json	1447650000.0	166.3	1338.6	105
snapshot_11_17_2015_18_0.json	1447801200.0	197.89	1338.6	121
snapshot_11_17_2015_6_0.json	1447758000.0	197.89	1338.6	121
snapshot_11_17_2015_6_0.json	1447758000.0	197.89	1338.6	121
snapshot_11_18_2015_0_0.json	1447822800.0	197.89	1338.6	118
snapshot_11_18_2015_12_0.json	1447866000.0	197.89	1338.6	118
snapshot_11_18_2015_12_0.json	1447866000.0	197.89	1338.6	118
snapshot_11_18_2015_18_0.json	1447887600.0	197.89	1338.6	118
snapshot_11_18_2015_6_0.json	1447844400.0	197.89	1338.6	118
snapshot_11_18_2015_6_0.json	1447844400.0	197.89	1338.6	118
snapshot_11_19_2015_0_0.json	1447909200.0	188.53	1338.6	118
snapshot_11_19_2015_12_0.json	1447952400.0	188.53	1338.6	118
snapshot_11_19_2015_12_0.json	1447952400.0	188.53	1338.6	118
snapshot_11_19_2015_6_0.json	1447930800.0	188.53	1338.6	118
snapshot_11_20_2015_0_0.json	1447995600.0	188.53	1338.6	127
snapshot_11_20_2015_0_0.json	1447995600.0	188.53	1338.6	127
snapshot_11_21_2015_12_0.json	1448125200.0	151.09	1338.6	125
snapshot_11_21_2015_18_0.json	1448146800.0	148.75	1338.6	130
snapshot_11_22_2015_0_0.json	1448168400.0	148.75	1338.6	132
snapshot_11_22_2015_12_0.json	1448211600.0	148.75	1338.6	132
snapshot_11_23_2015_0_0.json	1448254800.0	148.75	1338.6	130
snapshot_11_23_2015_0_0.json	1448254800.0	148.75	1338.6	130
snapshot_11_23_2015_12_0.json	1448298000.0	148.75	1338.6	130
snapshot_11_23_2015_18_0.json	1448319600.0	113.65	1338.6	130
snapshot_11_23_2015_6_0.json	1448276400.0	148.75	1338.6	130
snapshot_11_24_2015_18_0.json	1448406000.0	120.67	1338.6	132
snapshot_11_24_2015_6_0.json	1448362800.0	148.75	1338.6	130
snapshot_11_25_2015_0_0.json	1448427600.0	113.65	1338.6	162
snapshot_11_25_2015_12_0.json	1448470800.0	113.65	1338.6	160
snapshot_11_25_2015_18_0.json	1448492400.0	119.5	1338.6	154
snapshot_11_25_2015_6_0.json	1448449200.0	113.65	1338.6	162
snapshot_11_26_2015_0_0.json	1448514000.0	121.84	1212.5	160
snapshot_11_27_2015_18_0.json	1448665200.0	121.84	1212.5	152
snapshot_11_28_2015_12_0.json	1448730000.0	110.32	1212.5	148
snapshot_11_28_2015_6_0.json	1448708400.0	110.32	1212.5	148
snapshot_11_29_2015_0_0.json	1448773200.0	101.95	1212.5	152
snapshot_11_29_2015_12_0.json	1448816400.0	101.95	1212.5	152
snapshot_11_29_2015_18_0.json	1448838000.0	101.95	1212.5	154
snapshot_11_29_2015_6_0.json	1448794800.0	101.95	1212.5	152
snapshot_11_30_2015_12_0.json	1448902800.0	101.95	1212.5	142
snapshot_11_30_2015_6_0.json	1448881200.0	101.95	1212.5	144
snapshot_12_1_2015_0_0.json	1448946000.0	99.61	1212.5	152
snapshot_12_1_2015_12_0.json	1448989200.0	100.78	700	92
snapshot_12_1_2015_18_0.json	1449010800.0	90.25	700	128
snapshot_12_1_2015_6_0.json	1448967600.0	100.78	700	92
snapshot_12_2_2015_12_0.json	1449075600.0	55.15	700	89
snapshot_12_2_2015_18_0.json	1449097200.0	81.48	700	77
snapshot_12_2_2015_6_0.json	1449054000.0	55.15	700	100
snapshot_12_3_2015_0_0.json	1449118800.0	101.95	700	44
snapshot_12_3_2015_12_0.json	1449162000.0	0	0	0
snapshot_12_3_2015_6_0.json	1449140400.0	0	0	0
snapshot_12_4_2015_0_0.json	1449205200.0	0	0	0
snapshot_12_4_2015_12_0.json	1449248400.0	0	0	0
snapshot_12_4_2015_18_0.json	1449270000.0	0	0	0
snapshot_12_4_2015_6_0.json	1449226800.0	0	0	0
9192736	2015-12-03T03:30:00Z	Reba McEntire	The Colosseum at Caesars Palace	Nevada Las Vegas|689	89109
snapshot_11_16_2015_0_0.json	1447650000.0	166.3	1338.6	105
snapshot_11_16_2015_0_0.json	1447650000.0	166.3	1338.6	105
snapshot_11_17_2015_18_0.json	1447801200.0	197.89	1338.6	121
snapshot_11_17_2015_6_0.json	1447758000.0	197.89	1338.6	121
snapshot_11_17_2015_6_0.json	1447758000.0	197.89	1338.6	121
snapshot_11_18_2015_0_0.json	1447822800.0	197.89	1338.6	118
snapshot_11_18_2015_12_0.json	1447866000.0	197.89	1338.6	118
snapshot_11_18_2015_12_0.json	1447866000.0	197.89	1338.6	118
snapshot_11_18_2015_18_0.json	1447887600.0	197.89	1338.6	118
snapshot_11_18_2015_6_0.json	1447844400.0	197.89	1338.6	118
snapshot_11_18_2015_6_0.json	1447844400.0	197.89	1338.6	118
snapshot_11_19_2015_0_0.json	1447909200.0	188.53	1338.6	118
snapshot_11_19_2015_12_0.json	1447952400.0	188.53	1338.6	118
snapshot_11_19_2015_12_0.json	1447952400.0	188.53	1338.6	118
snapshot_11_19_2015_6_0.json	1447930800.0	188.53	1338.6	118
snapshot_11_20_2015_0_0.json	1447995600.0	188.53	1338.6	127
snapshot_11_20_2015_0_0.json	1447995600.0	188.53	1338.6	127
snapshot_11_21_2015_12_0.json	1448125200.0	151.09	1338.6	125
snapshot_11_21_2015_18_0.json	1448146800.0	148.75	1338.6	130
snapshot_11_22_2015_0_0.json	1448168400.0	148.75	1338.6	132
snapshot_11_22_2015_12_0.json	1448211600.0	148.75	1338.6	132
snapshot_11_23_2015_0_0.json	1448254800.0	148.75	1338.6	130
snapshot_11_23_2015_0_0.json	1448254800.0	148.75	1338.6	130
snapshot_11_23_2015_12_0.json	1448298000.0	148.75	1338.6	130
snapshot_11_23_2015_18_0.json	1448319600.0	113.65	1338.6	130
snapshot_11_23_2015_6_0.json	1448276400.0	148.75	1338.6	130
snapshot_11_24_2015_18_0.json	1448406000.0	120.67	1338.6	132
snapshot_11_24_2015_6_0.json	1448362800.0	148.75	1338.6	130
snapshot_11_25_2015_0_0.json	1448427600.0	113.65	1338.6	162
snapshot_11_25_2015_12_0.json	1448470800.0	113.65	1338.6	160
snapshot_11_25_2015_18_0.json	1448492400.0	119.5	1338.6	154
snapshot_11_25_2015_6_0.json	1448449200.0	113.65	1338.6	162
snapshot_11_26_2015_0_0.json	1448514000.0	121.84	1212.5	160
snapshot_11_27_2015_18_0.json	1448665200.0	121.84	1212.5	152
snapshot_11_28_2015_12_0.json	1448730000.0	110.32	1212.5	148
snapshot_11_28_2015_6_0.json	1448708400.0	110.32	1212.5	148
snapshot_11_29_2015_0_0.json	1448773200.0	101.95	1212.5	152
snapshot_11_29_2015_12_0.json	1448816400.0	101.95	1212.5	152
snapshot_11_29_2015_18_0.json	1448838000.0	101.95	1212.5	154
snapshot_11_29_2015_6_0.json	1448794800.0	101.95	1212.5	152
snapshot_11_30_2015_12_0.json	1448902800.0	101.95	1212.5	142
snapshot_11_30_2015_6_0.json	1448881200.0	101.95	1212.5	144
snapshot_12_1_2015_0_0.json	1448946000.0	99.61	1212.5	152
snapshot_12_1_2015_12_0.json	1448989200.0	100.78	700	92
snapshot_12_1_2015_18_0.json	1449010800.0	90.25	700	128
snapshot_12_1_2015_6_0.json	1448967600.0	100.78	700	92
snapshot_12_2_2015_12_0.json	1449075600.0	55.15	700	89
snapshot_12_2_2015_18_0.json	1449097200.0	81.48	700	77
snapshot_12_2_2015_6_0.json	1449054000.0	55.15	700	100
snapshot_12_3_2015_0_0.json	1449118800.0	101.95	700	44
snapshot_12_3_2015_12_0.json	1449162000.0	0	0	0
snapshot_12_3_2015_6_0.json	1449140400.0	0	0	0
snapshot_12_4_2015_0_0.json	1449205200.0	0	0	0
snapshot_12_4_2015_12_0.json	1449248400.0	0	0	0
snapshot_12_4_2015_18_0.json	1449270000.0	0	0	0
snapshot_12_4_2015_6_0.json	1449226800.0	0	0	0
9192736	2015-12-03T03:30:00Z	Reba McEntire	The Colosseum at Caesars Palace	Nevada Las Vegas|689	89109
snapshot_11_16_2015_0_0.json	1447650000.0	166.3	1338.6	105
snapshot_11_16_2015_0_0.json	1447650000.0	166.3	1338.6	105
snapshot_11_17_2015_18_0.json	1447801200.0	197.89	1338.6	121
snapshot_11_17_2015_6_0.json	1447758000.0	197.89	1338.6	121
snapshot_11_17_2015_6_0.json	1447758000.0	197.89	1338.6	121
snapshot_11_18_2015_0_0.json	1447822800.0	197.89	1338.6	118
snapshot_11_18_2015_12_0.json	1447866000.0	197.89	1338.6	118
snapshot_11_18_2015_12_0.json	1447866000.0	197.89	1338.6	118
snapshot_11_18_2015_18_0.json	1447887600.0	197.89	1338.6	118
snapshot_11_18_2015_6_0.json	1447844400.0	197.89	1338.6	118
snapshot_11_18_2015_6_0.json	1447844400.0	197.89	1338.6	118
snapshot_11_19_2015_0_0.json	1447909200.0	188.53	1338.6	118
snapshot_11_19_2015_12_0.json	1447952400.0	188.53	1338.6	118
snapshot_11_19_2015_12_0.json	1447952400.0	188.53	1338.6	118
snapshot_11_19_2015_6_0.json	1447930800.0	188.53	1338.6	118
snapshot_11_20_2015_0_0.json	1447995600.0	188.53	1338.6	127
snapshot_11_20_2015_0_0.json	1447995600.0	188.53	1338.6	127
snapshot_11_21_2015_12_0.json	1448125200.0	151.09	1338.6	125
snapshot_11_21_2015_18_0.json	1448146800.0	148.75	1338.6	130
snapshot_11_22_2015_0_0.json	1448168400.0	148.75	1338.6	132
snapshot_11_22_2015_12_0.json	1448211600.0	148.75	1338.6	132
snapshot_11_23_2015_0_0.json	1448254800.0	148.75	1338.6	130
snapshot_11_23_2015_0_0.json	1448254800.0	148.75	1338.6	130
snapshot_11_23_2015_12_0.json	1448298000.0	148.75	1338.6	130
snapshot_11_23_2015_18_0.json	1448319600.0	113.65	1338.6	130
snapshot_11_23_2015_6_0.json	1448276400.0	148.75	1338.6	130
snapshot_11_24_2015_18_0.json	1448406000.0	120.67	1338.6	132
snapshot_11_24_2015_6_0.json	1448362800.0	148.75	1338.6	130
snapshot_11_25_2015_0_0.json	1448427600.0	113.65	1338.6	162
snapshot_11_25_2015_12_0.json	1448470800.0	113.65	1338.6	160
snapshot_11_25_2015_18_0.json	1448492400.0	119.5	1338.6	154
snapshot_11_25_2015_6_0.json	1448449200.0	113.65	1338.6	162
snapshot_11_26_2015_0_0.json	1448514000.0	121.84	1212.5	160
snapshot_11_27_2015_18_0.json	1448665200.0	121.84	1212.5	152
snapshot_11_28_2015_12_0.json	1448730000.0	110.32	1212.5	148
snapshot_11_28_2015_6_0.json	1448708400.0	110.32	1212.5	148
snapshot_11_29_2015_0_0.json	1448773200.0	101.95	1212.5	152
snapshot_11_29_2015_12_0.json	1448816400.0	101.95	1212.5	152
snapshot_11_29_2015_18_0.json	1448838000.0	101.95	1212.5	154
snapshot_11_29_2015_6_0.json	1448794800.0	101.95	1212.5	152
snapshot_11_30_2015_12_0.json	1448902800.0	101.95	1212.5	142
snapshot_11_30_2015_6_0.json	1448881200.0	101.95	1212.5	144
snapshot_12_1_2015_0_0.json	1448946000.0	99.61	1212.5	152
snapshot_12_1_2015_12_0.json	1448989200.0	100.78	700	92
snapshot_12_1_2015_18_0.json	1449010800.0	90.25	700	128
snapshot_12_1_2015_6_0.json	1448967600.0	100.78	700	92
snapshot_12_2_2015_12_0.json	1449075600.0	55.15	700	89
snapshot_12_2_2015_18_0.json	1449097200.0	81.48	700	77
snapshot_12_2_2015_6_0.json	1449054000.0	55.15	700	100
snapshot_12_3_2015_0_0.json	1449118800.0	101.95	700	44
snapshot_12_3_2015_12_0.json	1449162000.0	0	0	0
snapshot_12_3_2015_6_0.json	1449140400.0	0	0	0
snapshot_12_4_2015_0_0.json	1449205200.0	0	0	0
snapshot_12_4_2015_12_0.json	1449248400.0	0	0	0
snapshot_12_4_2015_18_0.json	1449270000.0	0	0	0
snapshot_12_4_2015_6_0.json	1449226800.0	0	0	0
