9192738	2015-12-07T03:30:00Z	Reba McEntire	The Colosseum at Caesars Palace	Nevada Las Vegas|689	89109
snapshot_11_16_2015_0_0.json	1447650000.0	213.1	1000	113
snapshot_11_17_2015_0_0.json	1447736400.0	213.1	1000	115
snapshot_11_17_2015_18_0.json	1447801200.0	213.1	1000	115
snapshot_11_17_2015_6_0.json	1447758000.0	213.1	1000	117
snapshot_11_18_2015_0_0.json	1447822800.0	213.1	1000	111
snapshot_11_18_2015_12_0.json	1447866000.0	213.1	1000	108
snapshot_11_18_2015_18_0.json	1447887600.0	213.1	1000	128
snapshot_11_18_2015_6_0.json	1447844400.0	213.1	1000	111
snapshot_11_18_2015_6_0.json	1447844400.0	213.1	1000	111
snapshot_11_19_2015_0_0.json	1447909200.0	213.1	1000	124
snapshot_11_19_2015_12_0.json	1447952400.0	213.1	1000	124
snapshot_11_19_2015_12_0.json	1447952400.0	213.1	1000	124
snapshot_11_19_2015_6_0.json	1447930800.0	213.1	1000	124
snapshot_11_20_2015_0_0.json	1447995600.0	213.1	1000	122
snapshot_11_20_2015_12_0.json	1448038800.0	166.3	1000	122
snapshot_11_21_2015_12_0.json	1448125200.0	166.3	1000	143
snapshot_11_21_2015_18_0.json	1448146800.0	166.3	1000	143
snapshot_11_22_2015_12_0.json	1448211600.0	213.1	1000	137
snapshot_11_22_2015_6_0.json	1448190000.0	213.1	1000	137
snapshot_11_23_2015_0_0.json	1448254800.0	101.95	1000	140
snapshot_11_23_2015_12_0.json	1448298000.0	219.54	1000	136
snapshot_11_23_2015_12_0.json	1448298000.0	219.54	1000	136
snapshot_11_23_2015_18_0.json	1448319600.0	209.59	1000	139
snapshot_11_24_2015_0_0.json	1448341200.0	209.59	1000	141
snapshot_11_24_2015_12_0.json	1448384400.0	201.11	1000	149
snapshot_11_24_2015_12_0.json	1448384400.0	201.11	1000	149
snapshot_11_24_2015_18_0.json	1448406000.0	187.36	1000	147
snapshot_11_24_2015_6_0.json	1448362800.0	201.11	1000	149
snapshot_11_25_2015_0_0.json	1448427600.0	167.06	764.5	183
snapshot_11_25_2015_12_0.json	1448470800.0	165.13	764.5	186
snapshot_11_25_2015_18_0.json	1448492400.0	165.13	764.5	188
snapshot_11_26_2015_0_0.json	1448514000.0	144.36	764.5	188
snapshot_11_26_2015_0_0.json	1448514000.0	144.36	764.5	188
snapshot_11_27_2015_18_0.json	1448665200.0	131.2	764.5	181
snapshot_11_28_2015_0_0.json	1448686800.0	89.08	764.5	180
snapshot_11_28_2015_18_0.json	1448751600.0	89.08	764.5	172
snapshot_11_28_2015_18_0.json	1448751600.0	89.08	764.5	172
snapshot_11_28_2015_6_0.json	1448708400.0	89.08	764.5	172
snapshot_11_28_2015_6_0.json	1448708400.0	89.08	764.5	172
snapshot_11_29_2015_0_0.json	1448773200.0	89.08	764.5	172
snapshot_11_29_2015_12_0.json	1448816400.0	89.08	764.5	171
snapshot_11_29_2015_18_0.json	1448838000.0	89.08	764.5	171
snapshot_11_29_2015_6_0.json	1448794800.0	89.08	764.5	171
snapshot_11_30_2015_0_0.json	1448859600.0	89.08	764.5	167
snapshot_11_30_2015_12_0.json	1448902800.0	131.2	764.5	168
snapshot_11_30_2015_18_0.json	1448924400.0	131.2	764.5	168
snapshot_11_30_2015_6_0.json	1448881200.0	131.2	764.5	168
snapshot_12_1_2015_0_0.json	1448946000.0	131.2	764.5	157
snapshot_12_1_2015_12_0.json	1448989200.0	131.2	764.5	131
snapshot_12_1_2015_18_0.json	1449010800.0	131.2	764.5	127
snapshot_12_1_2015_6_0.json	1448967600.0	131.2	764.5	131
snapshot_12_2_2015_0_0.json	1449032400.0	119.5	764.5	112
snapshot_12_2_2015_12_0.json	1449075600.0	107.8	840	104
snapshot_12_2_2015_12_0.json	1449075600.0	107.8	840	104
snapshot_12_2_2015_18_0.json	1449097200.0	107.8	840	106
snapshot_12_3_2015_0_0.json	1449118800.0	112.99	840	77
snapshot_12_3_2015_12_0.json	1449162000.0	112.99	840	78
snapshot_12_3_2015_18_0.json	1449183600.0	112.99	840	76
snapshot_12_3_2015_6_0.json	1449140400.0	112.99	840	78
snapshot_12_4_2015_0_0.json	1449205200.0	106.5	840	70
snapshot_12_4_2015_12_0.json	1449248400.0	106.5	840	70
snapshot_12_4_2015_18_0.json	1449270000.0	119.5	840	67
snapshot_12_4_2015_6_0.json	1449226800.0	106.5	840	70
snapshot_12_5_2015_0_0.json	1449291600.0	121.66	840	43
snapshot_12_5_2015_18_0.json	1449356400.0	154.02	522.5	29
snapshot_12_5_2015_6_0.json	1449313200.0	154.02	522.5	27
9192738	2015-12-07T03:30:00Z	Reba McEntire	The Colosseum at Caesars Palace	Nevada Las Vegas|689	89109
snapshot_11_16_2015_0_0.json	1447650000.0	213.1	1000	113
snapshot_11_17_2015_0_0.json	1447736400.0	213.1	1000	115
snapshot_11_17_2015_18_0.json	1447801200.0	213.1	1000	115
snapshot_11_17_2015_6_0.json	1447758000.0	213.1	1000	117
snapshot_11_18_2015_0_0.json	1447822800.0	213.1	1000	111
snapshot_11_18_2015_12_0.json	1447866000.0	213.1	1000	108
snapshot_11_18_2015_18_0.json	1447887600.0	213.1	1000	128
snapshot_11_18_2015_6_0.json	1447844400.0	213.1	1000	111
snapshot_11_18_2015_6_0.json	1447844400.0	213.1	1000	111
snapshot_11_19_2015_0_0.json	1447909200.0	213.1	1000	124
snapshot_11_19_2015_12_0.json	1447952400.0	213.1	1000	124
snapshot_11_19_2015_12_0.json	1447952400.0	213.1	1000	124
snapshot_11_19_2015_6_0.json	1447930800.0	213.1	1000	124
snapshot_11_20_2015_0_0.json	1447995600.0	213.1	1000	122
snapshot_11_20_2015_12_0.json	1448038800.0	166.3	1000	122
snapshot_11_21_2015_12_0.json	1448125200.0	166.3	1000	143
snapshot_11_21_2015_18_0.json	1448146800.0	166.3	1000	143
snapshot_11_22_2015_12_0.json	1448211600.0	213.1	1000	137
snapshot_11_22_2015_6_0.json	1448190000.0	213.1	1000	137
snapshot_11_23_2015_0_0.json	1448254800.0	101.95	1000	140
snapshot_11_23_2015_12_0.json	1448298000.0	219.54	1000	136
snapshot_11_23_2015_12_0.json	1448298000.0	219.54	1000	136
snapshot_11_23_2015_18_0.json	1448319600.0	209.59	1000	139
snapshot_11_24_2015_0_0.json	1448341200.0	209.59	1000	141
snapshot_11_24_2015_12_0.json	1448384400.0	201.11	1000	149
snapshot_11_24_2015_12_0.json	1448384400.0	201.11	1000	149
snapshot_11_24_2015_18_0.json	1448406000.0	187.36	1000	147
snapshot_11_24_2015_6_0.json	1448362800.0	201.11	1000	149
snapshot_11_25_2015_0_0.json	1448427600.0	167.06	764.5	183
snapshot_11_25_2015_12_0.json	1448470800.0	165.13	764.5	186
snapshot_11_25_2015_18_0.json	1448492400.0	165.13	764.5	188
snapshot_11_26_2015_0_0.json	1448514000.0	144.36	764.5	188
snapshot_11_26_2015_0_0.json	1448514000.0	144.36	764.5	188
snapshot_11_27_2015_18_0.json	1448665200.0	131.2	764.5	181
snapshot_11_28_2015_0_0.json	1448686800.0	89.08	764.5	180
snapshot_11_28_2015_18_0.json	1448751600.0	89.08	764.5	172
snapshot_11_28_2015_18_0.json	1448751600.0	89.08	764.5	172
snapshot_11_28_2015_6_0.json	1448708400.0	89.08	764.5	172
snapshot_11_28_2015_6_0.json	1448708400.0	89.08	764.5	172
snapshot_11_29_2015_0_0.json	1448773200.0	89.08	764.5	172
snapshot_11_29_2015_12_0.json	1448816400.0	89.08	764.5	171
snapshot_11_29_2015_18_0.json	1448838000.0	89.08	764.5	171
snapshot_11_29_2015_6_0.json	1448794800.0	89.08	764.5	171
snapshot_11_30_2015_0_0.json	1448859600.0	89.08	764.5	167
snapshot_11_30_2015_12_0.json	1448902800.0	131.2	764.5	168
snapshot_11_30_2015_18_0.json	1448924400.0	131.2	764.5	168
snapshot_11_30_2015_6_0.json	1448881200.0	131.2	764.5	168
snapshot_12_1_2015_0_0.json	1448946000.0	131.2	764.5	157
snapshot_12_1_2015_12_0.json	1448989200.0	131.2	764.5	131
snapshot_12_1_2015_18_0.json	1449010800.0	131.2	764.5	127
snapshot_12_1_2015_6_0.json	1448967600.0	131.2	764.5	131
snapshot_12_2_2015_0_0.json	1449032400.0	119.5	764.5	112
snapshot_12_2_2015_12_0.json	1449075600.0	107.8	840	104
snapshot_12_2_2015_12_0.json	1449075600.0	107.8	840	104
snapshot_12_2_2015_18_0.json	1449097200.0	107.8	840	106
snapshot_12_3_2015_0_0.json	1449118800.0	112.99	840	77
snapshot_12_3_2015_12_0.json	1449162000.0	112.99	840	78
snapshot_12_3_2015_18_0.json	1449183600.0	112.99	840	76
snapshot_12_3_2015_6_0.json	1449140400.0	112.99	840	78
snapshot_12_4_2015_0_0.json	1449205200.0	106.5	840	70
snapshot_12_4_2015_12_0.json	1449248400.0	106.5	840	70
snapshot_12_4_2015_18_0.json	1449270000.0	119.5	840	67
snapshot_12_4_2015_6_0.json	1449226800.0	106.5	840	70
snapshot_12_5_2015_0_0.json	1449291600.0	121.66	840	43
snapshot_12_5_2015_18_0.json	1449356400.0	154.02	522.5	29
snapshot_12_5_2015_6_0.json	1449313200.0	154.02	522.5	27
9192738	2015-12-07T03:30:00Z	Reba McEntire	The Colosseum at Caesars Palace	Nevada Las Vegas|689	89109
snapshot_11_16_2015_0_0.json	1447650000.0	213.1	1000	113
snapshot_11_17_2015_0_0.json	1447736400.0	213.1	1000	115
snapshot_11_17_2015_18_0.json	1447801200.0	213.1	1000	115
snapshot_11_17_2015_6_0.json	1447758000.0	213.1	1000	117
snapshot_11_18_2015_0_0.json	1447822800.0	213.1	1000	111
snapshot_11_18_2015_12_0.json	1447866000.0	213.1	1000	108
snapshot_11_18_2015_18_0.json	1447887600.0	213.1	1000	128
snapshot_11_18_2015_6_0.json	1447844400.0	213.1	1000	111
snapshot_11_18_2015_6_0.json	1447844400.0	213.1	1000	111
snapshot_11_19_2015_0_0.json	1447909200.0	213.1	1000	124
snapshot_11_19_2015_12_0.json	1447952400.0	213.1	1000	124
snapshot_11_19_2015_12_0.json	1447952400.0	213.1	1000	124
snapshot_11_19_2015_6_0.json	1447930800.0	213.1	1000	124
snapshot_11_20_2015_0_0.json	1447995600.0	213.1	1000	122
snapshot_11_20_2015_12_0.json	1448038800.0	166.3	1000	122
snapshot_11_21_2015_12_0.json	1448125200.0	166.3	1000	143
snapshot_11_21_2015_18_0.json	1448146800.0	166.3	1000	143
snapshot_11_22_2015_12_0.json	1448211600.0	213.1	1000	137
snapshot_11_22_2015_6_0.json	1448190000.0	213.1	1000	137
snapshot_11_23_2015_0_0.json	1448254800.0	101.95	1000	140
snapshot_11_23_2015_12_0.json	1448298000.0	219.54	1000	136
snapshot_11_23_2015_12_0.json	1448298000.0	219.54	1000	136
snapshot_11_23_2015_18_0.json	1448319600.0	209.59	1000	139
snapshot_11_24_2015_0_0.json	1448341200.0	209.59	1000	141
snapshot_11_24_2015_12_0.json	1448384400.0	201.11	1000	149
snapshot_11_24_2015_12_0.json	1448384400.0	201.11	1000	149
snapshot_11_24_2015_18_0.json	1448406000.0	187.36	1000	147
snapshot_11_24_2015_6_0.json	1448362800.0	201.11	1000	149
snapshot_11_25_2015_0_0.json	1448427600.0	167.06	764.5	183
snapshot_11_25_2015_12_0.json	1448470800.0	165.13	764.5	186
snapshot_11_25_2015_18_0.json	1448492400.0	165.13	764.5	188
snapshot_11_26_2015_0_0.json	1448514000.0	144.36	764.5	188
snapshot_11_26_2015_0_0.json	1448514000.0	144.36	764.5	188
snapshot_11_27_2015_18_0.json	1448665200.0	131.2	764.5	181
snapshot_11_28_2015_0_0.json	1448686800.0	89.08	764.5	180
snapshot_11_28_2015_18_0.json	1448751600.0	89.08	764.5	172
snapshot_11_28_2015_18_0.json	1448751600.0	89.08	764.5	172
snapshot_11_28_2015_6_0.json	1448708400.0	89.08	764.5	172
snapshot_11_28_2015_6_0.json	1448708400.0	89.08	764.5	172
snapshot_11_29_2015_0_0.json	1448773200.0	89.08	764.5	172
snapshot_11_29_2015_12_0.json	1448816400.0	89.08	764.5	171
snapshot_11_29_2015_18_0.json	1448838000.0	89.08	764.5	171
snapshot_11_29_2015_6_0.json	1448794800.0	89.08	764.5	171
snapshot_11_30_2015_0_0.json	1448859600.0	89.08	764.5	167
snapshot_11_30_2015_12_0.json	1448902800.0	131.2	764.5	168
snapshot_11_30_2015_18_0.json	1448924400.0	131.2	764.5	168
snapshot_11_30_2015_6_0.json	1448881200.0	131.2	764.5	168
snapshot_12_1_2015_0_0.json	1448946000.0	131.2	764.5	157
snapshot_12_1_2015_12_0.json	1448989200.0	131.2	764.5	131
snapshot_12_1_2015_18_0.json	1449010800.0	131.2	764.5	127
snapshot_12_1_2015_6_0.json	1448967600.0	131.2	764.5	131
snapshot_12_2_2015_0_0.json	1449032400.0	119.5	764.5	112
snapshot_12_2_2015_12_0.json	1449075600.0	107.8	840	104
snapshot_12_2_2015_12_0.json	1449075600.0	107.8	840	104
snapshot_12_2_2015_18_0.json	1449097200.0	107.8	840	106
snapshot_12_3_2015_0_0.json	1449118800.0	112.99	840	77
snapshot_12_3_2015_12_0.json	1449162000.0	112.99	840	78
snapshot_12_3_2015_18_0.json	1449183600.0	112.99	840	76
snapshot_12_3_2015_6_0.json	1449140400.0	112.99	840	78
snapshot_12_4_2015_0_0.json	1449205200.0	106.5	840	70
snapshot_12_4_2015_12_0.json	1449248400.0	106.5	840	70
snapshot_12_4_2015_18_0.json	1449270000.0	119.5	840	67
snapshot_12_4_2015_6_0.json	1449226800.0	106.5	840	70
snapshot_12_5_2015_0_0.json	1449291600.0	121.66	840	43
snapshot_12_5_2015_18_0.json	1449356400.0	154.02	522.5	29
snapshot_12_5_2015_6_0.json	1449313200.0	154.02	522.5	27
9192738	2015-12-07T03:30:00Z	Reba McEntire	The Colosseum at Caesars Palace	Nevada Las Vegas|689	89109
snapshot_11_16_2015_0_0.json	1447650000.0	213.1	1000	113
snapshot_11_17_2015_0_0.json	1447736400.0	213.1	1000	115
snapshot_11_17_2015_18_0.json	1447801200.0	213.1	1000	115
snapshot_11_17_2015_6_0.json	1447758000.0	213.1	1000	117
snapshot_11_18_2015_0_0.json	1447822800.0	213.1	1000	111
snapshot_11_18_2015_12_0.json	1447866000.0	213.1	1000	108
snapshot_11_18_2015_18_0.json	1447887600.0	213.1	1000	128
snapshot_11_18_2015_6_0.json	1447844400.0	213.1	1000	111
snapshot_11_18_2015_6_0.json	1447844400.0	213.1	1000	111
snapshot_11_19_2015_0_0.json	1447909200.0	213.1	1000	124
snapshot_11_19_2015_12_0.json	1447952400.0	213.1	1000	124
snapshot_11_19_2015_12_0.json	1447952400.0	213.1	1000	124
snapshot_11_19_2015_6_0.json	1447930800.0	213.1	1000	124
snapshot_11_20_2015_0_0.json	1447995600.0	213.1	1000	122
snapshot_11_20_2015_12_0.json	1448038800.0	166.3	1000	122
snapshot_11_21_2015_12_0.json	1448125200.0	166.3	1000	143
snapshot_11_21_2015_18_0.json	1448146800.0	166.3	1000	143
snapshot_11_22_2015_12_0.json	1448211600.0	213.1	1000	137
snapshot_11_22_2015_6_0.json	1448190000.0	213.1	1000	137
snapshot_11_23_2015_0_0.json	1448254800.0	101.95	1000	140
snapshot_11_23_2015_12_0.json	1448298000.0	219.54	1000	136
snapshot_11_23_2015_12_0.json	1448298000.0	219.54	1000	136
snapshot_11_23_2015_18_0.json	1448319600.0	209.59	1000	139
snapshot_11_24_2015_0_0.json	1448341200.0	209.59	1000	141
snapshot_11_24_2015_12_0.json	1448384400.0	201.11	1000	149
snapshot_11_24_2015_12_0.json	1448384400.0	201.11	1000	149
snapshot_11_24_2015_18_0.json	1448406000.0	187.36	1000	147
snapshot_11_24_2015_6_0.json	1448362800.0	201.11	1000	149
snapshot_11_25_2015_0_0.json	1448427600.0	167.06	764.5	183
snapshot_11_25_2015_12_0.json	1448470800.0	165.13	764.5	186
snapshot_11_25_2015_18_0.json	1448492400.0	165.13	764.5	188
snapshot_11_26_2015_0_0.json	1448514000.0	144.36	764.5	188
snapshot_11_26_2015_0_0.json	1448514000.0	144.36	764.5	188
snapshot_11_27_2015_18_0.json	1448665200.0	131.2	764.5	181
snapshot_11_28_2015_0_0.json	1448686800.0	89.08	764.5	180
snapshot_11_28_2015_18_0.json	1448751600.0	89.08	764.5	172
snapshot_11_28_2015_18_0.json	1448751600.0	89.08	764.5	172
snapshot_11_28_2015_6_0.json	1448708400.0	89.08	764.5	172
snapshot_11_28_2015_6_0.json	1448708400.0	89.08	764.5	172
snapshot_11_29_2015_0_0.json	1448773200.0	89.08	764.5	172
snapshot_11_29_2015_12_0.json	1448816400.0	89.08	764.5	171
snapshot_11_29_2015_18_0.json	1448838000.0	89.08	764.5	171
snapshot_11_29_2015_6_0.json	1448794800.0	89.08	764.5	171
snapshot_11_30_2015_0_0.json	1448859600.0	89.08	764.5	167
snapshot_11_30_2015_12_0.json	1448902800.0	131.2	764.5	168
snapshot_11_30_2015_18_0.json	1448924400.0	131.2	764.5	168
snapshot_11_30_2015_6_0.json	1448881200.0	131.2	764.5	168
snapshot_12_1_2015_0_0.json	1448946000.0	131.2	764.5	157
snapshot_12_1_2015_12_0.json	1448989200.0	131.2	764.5	131
snapshot_12_1_2015_18_0.json	1449010800.0	131.2	764.5	127
snapshot_12_1_2015_6_0.json	1448967600.0	131.2	764.5	131
snapshot_12_2_2015_0_0.json	1449032400.0	119.5	764.5	112
snapshot_12_2_2015_12_0.json	1449075600.0	107.8	840	104
snapshot_12_2_2015_12_0.json	1449075600.0	107.8	840	104
snapshot_12_2_2015_18_0.json	1449097200.0	107.8	840	106
snapshot_12_3_2015_0_0.json	1449118800.0	112.99	840	77
snapshot_12_3_2015_12_0.json	1449162000.0	112.99	840	78
snapshot_12_3_2015_18_0.json	1449183600.0	112.99	840	76
snapshot_12_3_2015_6_0.json	1449140400.0	112.99	840	78
snapshot_12_4_2015_0_0.json	1449205200.0	106.5	840	70
snapshot_12_4_2015_12_0.json	1449248400.0	106.5	840	70
snapshot_12_4_2015_18_0.json	1449270000.0	119.5	840	67
snapshot_12_4_2015_6_0.json	1449226800.0	106.5	840	70
snapshot_12_5_2015_0_0.json	1449291600.0	121.66	840	43
snapshot_12_5_2015_18_0.json	1449356400.0	154.02	522.5	29
snapshot_12_5_2015_6_0.json	1449313200.0	154.02	522.5	27
