9192740	2015-12-12T03:30:00Z	Reba McEntire	The Colosseum at Caesars Palace	Nevada Las Vegas|689	89109
snapshot_11_16_2015_0_0.json	1447650000.0	285	1406.5	136
snapshot_11_17_2015_0_0.json	1447736400.0	224.8	1406.5	144
snapshot_11_17_2015_12_0.json	1447779600.0	224.8	1077	142
snapshot_11_17_2015_18_0.json	1447801200.0	224.8	1077	136
snapshot_11_18_2015_12_0.json	1447866000.0	277.45	1077	142
snapshot_11_18_2015_12_0.json	1447866000.0	277.45	1077	142
snapshot_11_18_2015_18_0.json	1447887600.0	270	1077	140
snapshot_11_18_2015_6_0.json	1447844400.0	277.45	1077	142
snapshot_11_18_2015_6_0.json	1447844400.0	277.45	1077	142
snapshot_11_19_2015_0_0.json	1447909200.0	270	963	136
snapshot_11_19_2015_12_0.json	1447952400.0	270	963	146
snapshot_11_19_2015_6_0.json	1447930800.0	270	963	146
snapshot_11_20_2015_0_0.json	1447995600.0	236.5	963	168
snapshot_11_20_2015_12_0.json	1448038800.0	236.5	963	166
snapshot_11_21_2015_12_0.json	1448125200.0	215.44	963	166
snapshot_11_21_2015_18_0.json	1448146800.0	215.44	963	166
snapshot_11_22_2015_0_0.json	1448168400.0	215.44	963	166
snapshot_11_22_2015_12_0.json	1448211600.0	215.44	963	166
snapshot_11_22_2015_18_0.json	1448233200.0	215.44	963	166
snapshot_11_23_2015_0_0.json	1448254800.0	215.44	963	164
snapshot_11_23_2015_12_0.json	1448298000.0	215.44	963	162
snapshot_11_23_2015_18_0.json	1448319600.0	168.64	963	162
snapshot_11_23_2015_6_0.json	1448276400.0	215.44	963	162
snapshot_11_24_2015_0_0.json	1448341200.0	168.64	963	160
snapshot_11_24_2015_0_0.json	1448341200.0	168.64	963	160
snapshot_11_24_2015_12_0.json	1448384400.0	168.64	963	160
snapshot_11_24_2015_12_0.json	1448384400.0	168.64	963	160
snapshot_11_24_2015_18_0.json	1448406000.0	168.64	963	158
snapshot_11_24_2015_6_0.json	1448362800.0	168.64	963	160
snapshot_11_25_2015_0_0.json	1448427600.0	206.78	963	186
snapshot_11_25_2015_0_0.json	1448427600.0	206.78	963	186
snapshot_11_25_2015_12_0.json	1448470800.0	166.3	963	196
snapshot_11_25_2015_18_0.json	1448492400.0	166.3	963	202
snapshot_11_25_2015_6_0.json	1448449200.0	166.3	963	196
snapshot_11_26_2015_0_0.json	1448514000.0	166.3	963	225
snapshot_11_26_2015_0_0.json	1448514000.0	166.3	963	225
snapshot_11_27_2015_18_0.json	1448665200.0	154.6	963	227
snapshot_11_28_2015_0_0.json	1448686800.0	148.75	963	237
snapshot_11_28_2015_12_0.json	1448730000.0	148.75	963	237
snapshot_11_28_2015_18_0.json	1448751600.0	148.75	963	239
snapshot_11_28_2015_6_0.json	1448708400.0	148.75	963	237
snapshot_11_29_2015_0_0.json	1448773200.0	148.75	963	233
snapshot_11_29_2015_0_0.json	1448773200.0	148.75	963	233
snapshot_11_29_2015_12_0.json	1448816400.0	148.75	963	256
snapshot_11_29_2015_18_0.json	1448838000.0	148.75	963	254
snapshot_11_29_2015_18_0.json	1448838000.0	148.75	963	254
snapshot_11_29_2015_6_0.json	1448794800.0	148.75	963	256
snapshot_11_30_2015_0_0.json	1448859600.0	148.75	963	252
snapshot_11_30_2015_0_0.json	1448859600.0	148.75	963	252
snapshot_11_30_2015_12_0.json	1448902800.0	148.75	945	246
snapshot_11_30_2015_6_0.json	1448881200.0	148.75	945	246
snapshot_12_1_2015_0_0.json	1448946000.0	148.5	945	242
snapshot_12_1_2015_12_0.json	1448989200.0	135	945	240
snapshot_12_1_2015_18_0.json	1449010800.0	135	945	230
snapshot_12_1_2015_6_0.json	1448967600.0	137.05	945	240
snapshot_12_1_2015_6_0.json	1448967600.0	137.05	945	240
snapshot_12_2_2015_0_0.json	1449032400.0	135	945	233
snapshot_12_2_2015_0_0.json	1449032400.0	135	945	233
snapshot_12_2_2015_12_0.json	1449075600.0	125.35	945	239
snapshot_12_2_2015_6_0.json	1449054000.0	135	945	233
snapshot_12_3_2015_0_0.json	1449118800.0	125.35	945	234
snapshot_12_3_2015_12_0.json	1449162000.0	125.3	945	234
snapshot_12_3_2015_18_0.json	1449183600.0	125.3	945	232
snapshot_12_3_2015_18_0.json	1449183600.0	125.3	945	232
snapshot_12_4_2015_0_0.json	1449205200.0	125.35	945	230
snapshot_12_4_2015_12_0.json	1449248400.0	125.35	945	222
snapshot_12_4_2015_18_0.json	1449270000.0	125.35	945	218
snapshot_12_4_2015_18_0.json	1449270000.0	125.35	945	218
snapshot_12_4_2015_6_0.json	1449226800.0	125.35	945	220
snapshot_12_5_2015_0_0.json	1449291600.0	125.35	945	215
snapshot_12_5_2015_12_0.json	1449334800.0	119.5	945	206
snapshot_12_5_2015_18_0.json	1449356400.0	119.5	945	194
9192740	2015-12-12T03:30:00Z	Reba McEntire	The Colosseum at Caesars Palace	Nevada Las Vegas|689	89109
snapshot_11_16_2015_0_0.json	1447650000.0	285	1406.5	136
snapshot_11_17_2015_0_0.json	1447736400.0	224.8	1406.5	144
snapshot_11_17_2015_12_0.json	1447779600.0	224.8	1077	142
snapshot_11_17_2015_18_0.json	1447801200.0	224.8	1077	136
snapshot_11_18_2015_12_0.json	1447866000.0	277.45	1077	142
snapshot_11_18_2015_12_0.json	1447866000.0	277.45	1077	142
snapshot_11_18_2015_18_0.json	1447887600.0	270	1077	140
snapshot_11_18_2015_6_0.json	1447844400.0	277.45	1077	142
snapshot_11_18_2015_6_0.json	1447844400.0	277.45	1077	142
snapshot_11_19_2015_0_0.json	1447909200.0	270	963	136
snapshot_11_19_2015_12_0.json	1447952400.0	270	963	146
snapshot_11_19_2015_6_0.json	1447930800.0	270	963	146
snapshot_11_20_2015_0_0.json	1447995600.0	236.5	963	168
snapshot_11_20_2015_12_0.json	1448038800.0	236.5	963	166
snapshot_11_21_2015_12_0.json	1448125200.0	215.44	963	166
snapshot_11_21_2015_18_0.json	1448146800.0	215.44	963	166
snapshot_11_22_2015_0_0.json	1448168400.0	215.44	963	166
snapshot_11_22_2015_12_0.json	1448211600.0	215.44	963	166
snapshot_11_22_2015_18_0.json	1448233200.0	215.44	963	166
snapshot_11_23_2015_0_0.json	1448254800.0	215.44	963	164
snapshot_11_23_2015_12_0.json	1448298000.0	215.44	963	162
snapshot_11_23_2015_18_0.json	1448319600.0	168.64	963	162
snapshot_11_23_2015_6_0.json	1448276400.0	215.44	963	162
snapshot_11_24_2015_0_0.json	1448341200.0	168.64	963	160
snapshot_11_24_2015_0_0.json	1448341200.0	168.64	963	160
snapshot_11_24_2015_12_0.json	1448384400.0	168.64	963	160
snapshot_11_24_2015_12_0.json	1448384400.0	168.64	963	160
snapshot_11_24_2015_18_0.json	1448406000.0	168.64	963	158
snapshot_11_24_2015_6_0.json	1448362800.0	168.64	963	160
snapshot_11_25_2015_0_0.json	1448427600.0	206.78	963	186
snapshot_11_25_2015_0_0.json	1448427600.0	206.78	963	186
snapshot_11_25_2015_12_0.json	1448470800.0	166.3	963	196
snapshot_11_25_2015_18_0.json	1448492400.0	166.3	963	202
snapshot_11_25_2015_6_0.json	1448449200.0	166.3	963	196
snapshot_11_26_2015_0_0.json	1448514000.0	166.3	963	225
snapshot_11_26_2015_0_0.json	1448514000.0	166.3	963	225
snapshot_11_27_2015_18_0.json	1448665200.0	154.6	963	227
snapshot_11_28_2015_0_0.json	1448686800.0	148.75	963	237
snapshot_11_28_2015_12_0.json	1448730000.0	148.75	963	237
snapshot_11_28_2015_18_0.json	1448751600.0	148.75	963	239
snapshot_11_28_2015_6_0.json	1448708400.0	148.75	963	237
snapshot_11_29_2015_0_0.json	1448773200.0	148.75	963	233
snapshot_11_29_2015_0_0.json	1448773200.0	148.75	963	233
snapshot_11_29_2015_12_0.json	1448816400.0	148.75	963	256
snapshot_11_29_2015_18_0.json	1448838000.0	148.75	963	254
snapshot_11_29_2015_18_0.json	1448838000.0	148.75	963	254
snapshot_11_29_2015_6_0.json	1448794800.0	148.75	963	256
snapshot_11_30_2015_0_0.json	1448859600.0	148.75	963	252
snapshot_11_30_2015_0_0.json	1448859600.0	148.75	963	252
snapshot_11_30_2015_12_0.json	1448902800.0	148.75	945	246
snapshot_11_30_2015_6_0.json	1448881200.0	148.75	945	246
snapshot_12_1_2015_0_0.json	1448946000.0	148.5	945	242
snapshot_12_1_2015_12_0.json	1448989200.0	135	945	240
snapshot_12_1_2015_18_0.json	1449010800.0	135	945	230
snapshot_12_1_2015_6_0.json	1448967600.0	137.05	945	240
snapshot_12_1_2015_6_0.json	1448967600.0	137.05	945	240
snapshot_12_2_2015_0_0.json	1449032400.0	135	945	233
snapshot_12_2_2015_0_0.json	1449032400.0	135	945	233
snapshot_12_2_2015_12_0.json	1449075600.0	125.35	945	239
snapshot_12_2_2015_6_0.json	1449054000.0	135	945	233
snapshot_12_3_2015_0_0.json	1449118800.0	125.35	945	234
snapshot_12_3_2015_12_0.json	1449162000.0	125.3	945	234
snapshot_12_3_2015_18_0.json	1449183600.0	125.3	945	232
snapshot_12_3_2015_18_0.json	1449183600.0	125.3	945	232
snapshot_12_4_2015_0_0.json	1449205200.0	125.35	945	230
snapshot_12_4_2015_12_0.json	1449248400.0	125.35	945	222
snapshot_12_4_209192740	2015-12-12T03:30:00Z	Reba McEntire	The Colosseum at Caesars Palace	Nevada Las Vegas|689	89109
snapshot_11_16_2015_0_0.json	1447650000.0	285	1406.5	136
snapshot_11_17_2015_0_0.json	1447736400.0	224.8	1406.5	144
snapshot_11_17_2015_12_0.json	1447779600.0	224.8	1077	142
snapshot_11_17_2015_18_0.json	1447801200.0	224.8	1077	136
snapshot_11_18_2015_12_0.json	1447866000.0	277.45	1077	142
snapshot_11_18_2015_12_0.json	1447866000.0	277.45	1077	142
snapshot_11_18_2015_18_0.json	1447887600.0	270	1077	140
snapshot_11_18_2015_6_0.json	1447844400.0	277.45	1077	142
snapshot_11_18_2015_6_0.json	1447844400.0	277.45	1077	142
snapshot_11_19_2015_0_0.json	1447909200.0	270	963	136
snapshot_11_19_2015_12_0.json	1447952400.0	270	963	146
snapshot_11_19_2015_6_0.json	1447930800.0	270	963	146
snapshot_11_20_2015_0_0.json	1447995600.0	236.5	963	168
snapshot_11_20_2015_12_0.json	1448038800.0	236.5	963	166
snapshot_11_21_2015_12_0.json	1448125200.0	215.44	963	166
snapshot_11_21_2015_18_0.json	1448146800.0	215.44	963	166
snapshot_11_22_2015_0_0.json	1448168400.0	215.44	963	166
snapshot_11_22_2015_12_0.json	1448211600.0	215.44	963	166
snapshot_11_22_2015_18_0.json	1448233200.0	215.44	963	166
snapshot_11_23_2015_0_0.json	1448254800.0	215.44	963	164
snapshot_11_23_2015_12_0.json	1448298000.0	215.44	963	162
snapshot_11_23_2015_18_0.json	1448319600.0	168.64	963	162
snapshot_11_23_2015_6_0.json	1448276400.0	215.44	963	162
snapshot_11_24_2015_0_0.json	1448341200.0	168.64	963	160
snapshot_11_24_2015_0_0.json	1448341200.0	168.64	963	160
snapshot_11_24_2015_12_0.json	1448384400.0	168.64	963	160
snapshot_11_24_2015_12_0.json	1448384400.0	168.64	963	160
snapshot_11_24_2015_18_0.json	1448406000.0	168.64	963	158
snapshot_11_24_2015_6_0.json	1448362800.0	168.64	963	160
snapshot_11_25_2015_0_0.json	1448427600.0	206.78	963	186
snapshot_11_25_2015_0_0.json	1448427600.0	206.78	963	186
snapshot_11_25_2015_12_0.json	1448470800.0	166.3	963	196
snapshot_11_25_2015_18_0.json	1448492400.0	166.3	963	202
snapshot_11_25_2015_6_0.json	1448449200.0	166.3	963	196
snapshot_11_26_2015_0_0.json	1448514000.0	166.3	963	225
snapshot_11_26_2015_0_0.json	1448514000.0	166.3	963	225
snapshot_11_27_2015_18_0.json	1448665200.0	154.6	963	227
snapshot_11_28_2015_0_0.json	1448686800.0	148.75	963	237
snapshot_11_28_2015_12_0.json	1448730000.0	148.75	963	237
snapshot_11_28_2015_18_0.json	1448751600.0	148.75	963	239
snapshot_11_28_2015_6_0.json	1448708400.0	148.75	963	237
snapshot_11_29_2015_0_0.json	1448773200.0	148.75	963	233
snapshot_11_29_2015_0_0.json	1448773200.0	148.75	963	233
snapshot_11_29_2015_12_0.json	1448816400.0	148.75	963	256
snapshot_11_29_2015_18_0.json	1448838000.0	148.75	963	254
snapshot_11_29_2015_18_0.json	1448838000.0	148.75	963	254
snapshot_11_29_2015_6_0.json	1448794800.0	148.75	963	256
snapshot_11_30_2015_0_0.json	1448859600.0	148.75	963	252
snapshot_11_30_2015_0_0.json	1448859600.0	148.75	963	252
snapshot_11_30_2015_12_0.json	1448902800.0	148.75	945	246
snapshot_11_30_2015_6_0.json	1448881200.0	148.75	945	246
snapshot_12_1_2015_0_0.json	1448946000.0	148.5	945	242
snapshot_12_1_2015_12_0.json	1448989200.0	135	945	240
snapshot_12_1_2015_18_0.json	1449010800.0	135	945	230
snapshot_12_1_2015_6_0.json	1448967600.0	137.05	945	240
snapshot_12_1_2015_6_0.json	1448967600.0	137.05	945	240
snapshot_12_2_2015_0_0.json	1449032400.0	135	945	233
snapshot_12_2_2015_0_0.json	1449032400.0	135	945	233
snapshot_12_2_2015_12_0.json	1449075600.0	125.35	945	239
snapshot_12_2_2015_6_0.json	1449054000.0	135	945	233
snapshot_12_3_2015_0_0.json	1449118800.0	125.35	945	234
snapshot_12_3_2015_12_0.json	1449162000.0	125.3	945	234
snapshot_12_3_2015_18_0.json	1449183600.0	125.3	945	232
snapshot_12_3_2015_18_0.json	1449183600.0	125.3	945	232
snapshot_12_4_2015_0_0.json	1449205200.0	125.35	945	230
snapshot_12_4_2015_12_0.json	1449248400.0	125.35	945	222
snapshot_12_4_2015_18_0.json	1449270000.0	125.35	945	218
snapshot_12_4_2015_18_0.json	1449270000.0	125.35	945	218
snapshot_12_4_2015_6_0.json	1449226800.0	125.35	945	220
snapshot_12_5_2015_0_0.json	1449291600.0	125.35	945	215
snapshot_12_5_2015_12_0.json	1449334800.0	119.5	945	206
snapshot_12_5_2015_18_0.json	1449356400.0	119.5	945	194
9192740	2015-12-12T03:30:00Z	Reba McEntire	The Colosseum at Caesars Palace	Nevada Las Vegas|689	89109
snapshot_11_16_2015_0_0.json	1447650000.0	285	1406.5	136
snapshot_11_17_2015_0_0.json	1447736400.0	224.8	1406.5	144
snapshot_11_17_2015_12_0.json	1447779600.0	224.8	1077	142
snapshot_11_17_2015_18_0.json	1447801200.0	224.8	1077	136
snapshot_11_18_2015_12_0.json	1447866000.0	277.45	1077	142
snapshot_11_18_2015_12_0.json	1447866000.0	277.45	1077	142
snapshot_11_18_2015_18_0.json	1447887600.0	270	1077	140
snapshot_11_18_2015_6_0.json	1447844400.0	277.45	1077	142
snapshot_11_18_2015_6_0.json	1447844400.0	277.45	1077	142
snapshot_11_19_2015_0_0.json	1447909200.0	270	963	136
snapshot_11_19_2015_12_0.json	1447952400.0	270	963	146
snapshot_11_19_2015_6_0.json	1447930800.0	270	963	146
snapshot_11_20_2015_0_0.json	1447995600.0	236.5	963	168
snapshot_11_20_2015_12_0.json	1448038800.0	236.5	963	166
snapshot_11_21_2015_12_0.json	1448125200.0	215.44	963	166
snapshot_11_21_2015_18_0.json	1448146800.0	215.44	963	166
snapshot_11_22_2015_0_0.json	1448168400.0	215.44	963	166
snapshot_11_22_2015_12_0.json	1448211600.0	215.44	963	166
snapshot_11_22_2015_18_0.json	1448233200.0	215.44	963	166
snapshot_11_23_2015_0_0.json	1448254800.0	215.44	963	164
snapshot_11_23_2015_12_0.json	1448298000.0	215.44	963	162
snapshot_11_23_2015_18_0.json	1448319600.0	168.64	963	162
snapshot_11_23_2015_6_0.json	1448276400.0	215.44	963	162
snapshot_11_24_2015_0_0.json	1448341200.0	168.64	963	160
snapshot_11_24_2015_0_0.json	1448341200.0	168.64	963	160
snapshot_11_24_2015_12_0.json	1448384400.0	168.64	963	160
snapshot_11_24_2015_12_0.json	1448384400.0	168.64	963	160
snapshot_11_24_2015_18_0.json	1448406000.0	168.64	963	158
snapshot_11_24_2015_6_0.json	1448362800.0	168.64	963	160
snapshot_11_25_2015_0_0.json	1448427600.0	206.78	963	186
snapshot_11_25_2015_0_0.json	1448427600.0	206.78	963	186
snapshot_11_25_2015_12_0.json	1448470800.0	166.3	963	196
snapshot_11_25_2015_18_0.json	1448492400.0	166.3	963	202
snapshot_11_25_2015_6_0.json	1448449200.0	166.3	963	196
snapshot_11_26_2015_0_0.json	1448514000.0	166.3	963	225
snapshot_11_26_2015_0_0.json	1448514000.0	166.3	963	225
snapshot_11_27_2015_18_0.json	1448665200.0	154.6	963	227
snapshot_11_28_2015_0_0.json	1448686800.0	148.75	963	237
snapshot_11_28_2015_12_0.json	1448730000.0	148.75	963	237
snapshot_11_28_2015_18_0.json	1448751600.0	148.75	963	239
snapshot_11_28_2015_6_0.json	1448708400.0	148.75	963	237
snapshot_11_29_2015_0_0.json	1448773200.0	148.75	963	233
snapshot_11_29_2015_0_0.json	1448773200.0	148.75	963	233
snapshot_11_29_2015_12_0.json	1448816400.0	148.75	963	256
snapshot_11_29_2015_18_0.json	1448838000.0	148.75	963	254
snapshot_11_29_2015_18_0.json	1448838000.0	148.75	963	254
snapshot_11_29_2015_6_0.json	1448794800.0	148.75	963	256
snapshot_11_30_2015_0_0.json	1448859600.0	148.75	963	252
snapshot_11_30_2015_0_0.json	1448859600.0	148.75	963	252
snapshot_11_30_2015_12_0.json	1448902800.0	148.75	945	246
snapshot_11_30_2015_6_0.json	1448881200.0	148.75	945	246
snapshot_12_1_2015_0_0.json	1448946000.0	148.5	945	242
snapshot_12_1_2015_12_0.json	1448989200.0	135	945	240
snapshot_12_1_2015_18_0.json	1449010800.0	135	945	230
snapshot_12_1_2015_6_0.json	1448967600.0	137.05	945	240
snapshot_12_1_2015_6_0.json	1448967600.0	137.05	945	240
snapshot_12_2_2015_0_0.json	1449032400.0	135	945	233
snapshot_12_2_2015_0_0.json	1449032400.0	135	945	233
snapshot_12_2_2015_12_0.json	1449075600.0	125.35	945	239
snapshot_12_2_2015_6_0.json	1449054000.0	135	945	233
snapshot_12_3_2015_0_0.json	1449118800.0	125.35	945	234
snapshot_12_3_2015_12_0.json	1449162000.0	125.3	945	234
snapshot_12_3_2015_18_0.json	1449183600.0	125.3	945	232
snapshot_12_3_2015_18_0.json	1449183600.0	125.3	945	232
snapshot_12_4_2015_0_0.json	1449205200.0	125.35	945	230
snapshot_12_4_2015_12_0.json	1449248400.0	125.35	945	222
snapshot_12_4_20
