9192737	2015-12-05T03:30:00Z	Reba McEntire	The Colosseum at Caesars Palace	Nevada Las Vegas|689	89109
snapshot_11_16_2015_0_0.json	1447650000.0	236.5	1500	45
snapshot_11_17_2015_0_0.json	1447736400.0	236.5	1500	42
snapshot_11_17_2015_12_0.json	1447779600.0	236.5	1500	40
snapshot_11_17_2015_6_0.json	1447758000.0	236.5	1500	40
snapshot_11_18_2015_0_0.json	1447822800.0	236.5	1500	39
snapshot_11_18_2015_12_0.json	1447866000.0	236.5	1500	41
snapshot_11_18_2015_12_0.json	1447866000.0	236.5	1500	41
snapshot_11_18_2015_18_0.json	1447887600.0	236.5	1500	41
snapshot_11_18_2015_6_0.json	1447844400.0	236.5	1500	41
snapshot_11_19_2015_0_0.json	1447909200.0	236.5	1500	41
snapshot_11_19_2015_12_0.json	1447952400.0	236.5	1500	39
snapshot_11_19_2015_6_0.json	1447930800.0	236.5	1500	39
snapshot_11_20_2015_0_0.json	1447995600.0	236.5	1500	44
snapshot_11_20_2015_12_0.json	1448038800.0	236.5	1500	44
snapshot_11_21_2015_12_0.json	1448125200.0	236.5	1500	44
snapshot_11_21_2015_18_0.json	1448146800.0	236.5	1500	44
snapshot_11_22_2015_0_0.json	1448168400.0	236.5	1500	44
snapshot_11_22_2015_18_0.json	1448233200.0	265.75	1500	43
snapshot_11_23_2015_0_0.json	1448254800.0	265.75	1500	41
snapshot_11_23_2015_18_0.json	1448319600.0	265.75	999	45
snapshot_11_23_2015_6_0.json	1448276400.0	265.75	1500	41
snapshot_11_24_2015_0_0.json	1448341200.0	265.75	999	47
snapshot_11_24_2015_12_0.json	1448384400.0	265.75	999	47
snapshot_11_24_2015_12_0.json	1448384400.0	265.75	999	47
snapshot_11_24_2015_18_0.json	1448406000.0	265.75	999	55
snapshot_11_25_2015_0_0.json	1448427600.0	236.5	999	84
snapshot_11_25_2015_18_0.json	1448492400.0	224.8	999	84
snapshot_11_25_2015_6_0.json	1448449200.0	224.8	999	82
snapshot_11_26_2015_0_0.json	1448514000.0	218.96	999	82
snapshot_11_27_2015_18_0.json	1448665200.0	160.45	999	67
snapshot_11_28_2015_0_0.json	1448686800.0	160.45	999	69
snapshot_11_28_2015_12_0.json	1448730000.0	160.45	963	59
snapshot_11_28_2015_18_0.json	1448751600.0	160.45	963	57
snapshot_11_29_2015_0_0.json	1448773200.0	160.45	963	55
snapshot_11_29_2015_0_0.json	1448773200.0	160.45	963	55
snapshot_11_29_2015_12_0.json	1448816400.0	160.45	963	53
snapshot_11_29_2015_12_0.json	1448816400.0	160.45	963	53
snapshot_11_29_2015_6_0.json	1448794800.0	160.45	963	53
snapshot_11_30_2015_0_0.json	1448859600.0	160.45	963	57
snapshot_11_30_2015_12_0.json	1448902800.0	160.45	945	53
snapshot_11_30_2015_18_0.json	1448924400.0	160.45	945	53
snapshot_11_30_2015_6_0.json	1448881200.0	160.45	945	57
snapshot_12_1_2015_0_0.json	1448946000.0	160.45	687.5	37
snapshot_12_1_2015_12_0.json	1448989200.0	160.45	687.5	40
snapshot_12_1_2015_18_0.json	1449010800.0	160.45	687.5	40
snapshot_12_1_2015_6_0.json	1448967600.0	160.45	687.5	40
snapshot_12_2_2015_12_0.json	1449075600.0	178	687.5	40
snapshot_12_2_2015_18_0.json	1449097200.0	178	687.5	36
snapshot_12_3_2015_0_0.json	1449118800.0	178	500	24
snapshot_12_3_2015_12_0.json	1449162000.0	178	500	18
snapshot_12_3_2015_18_0.json	1449183600.0	178	500	20
snapshot_12_3_2015_6_0.json	1449140400.0	178	500	19
snapshot_12_4_2015_0_0.json	1449205200.0	178	1212.5	15
snapshot_12_4_2015_12_0.json	1449248400.0	189.7	727.5	13
snapshot_12_4_2015_18_0.json	1449270000.0	189.7	727.5	12
snapshot_12_4_2015_6_0.json	1449226800.0	178	921.5	14
snapshot_12_5_2015_0_0.json	1449291600.0	236.5	334.65	11
snapshot_12_5_2015_12_0.json	1449334800.0	0	0	0
snapshot_12_5_2015_12_0.json	1449334800.0	0	0	0
snapshot_12_5_2015_18_0.json	1449356400.0	0	0	0
snapshot_12_5_2015_6_0.json	1449313200.0	0	0	0
9192737	2015-12-05T03:30:00Z	Reba McEntire	The Colosseum at Caesars Palace	Nevada Las Vegas|689	89109
snapshot_11_16_2015_0_0.json	1447650000.0	236.5	1500	45
snapshot_11_17_2015_0_0.json	1447736400.0	236.5	1500	42
snapshot_11_17_2015_12_0.json	1447779600.0	236.5	1500	40
snapshot_11_17_2015_6_0.json	1447758000.0	236.5	1500	40
snapshot_11_18_2015_0_0.json	1447822800.0	236.5	1500	39
snapshot_11_18_2015_12_0.json	1447866000.0	236.5	1500	41
snapshot_11_18_2015_12_0.json	1447866000.0	236.5	1500	41
snapshot_11_18_2015_18_0.json	1447887600.0	236.5	1500	41
snapshot_11_18_2015_6_0.json	1447844400.0	236.5	1500	41
snapshot_11_19_2015_0_0.json	1447909200.0	236.5	1500	41
snapshot_11_19_2015_12_0.json	1447952400.0	236.5	1500	39
snapshot_11_19_2015_6_0.json	1447930800.0	236.5	1500	39
snapshot_11_20_2015_0_0.json	1447995600.0	236.5	1500	44
snapshot_11_20_2015_12_0.json	1448038800.0	236.5	1500	44
snapshot_11_21_2015_12_0.json	1448125200.0	236.5	1500	44
snapshot_11_21_2015_18_0.json	1448146800.0	236.5	1500	44
snapshot_11_22_2015_0_0.json	1448168400.0	236.5	1500	44
snapshot_11_22_2015_18_0.json	1448233200.0	265.75	1500	43
snapshot_11_23_2015_0_0.json	1448254800.0	265.75	1500	41
snapshot_11_23_2015_18_0.json	1448319600.0	265.75	999	45
snapshot_11_23_2015_6_0.json	1448276400.0	265.75	1500	41
snapshot_11_24_2015_0_0.json	1448341200.0	265.75	999	47
snapshot_11_24_2015_12_0.json	1448384400.0	265.75	999	47
snapshot_11_24_2015_12_0.json	1448384400.0	265.75	999	47
snapshot_11_24_2015_18_0.json	1448406000.0	265.75	999	55
snapshot_11_25_2015_0_0.json	1448427600.0	236.5	999	84
snapshot_11_25_2015_18_0.json	1448492400.0	224.8	999	84
snapshot_11_25_2015_6_0.json	1448449200.0	224.8	999	82
snapshot_11_26_2015_0_0.json	1448514000.0	218.96	999	82
snapshot_11_27_2015_18_0.json	1448665200.0	160.45	999	67
snapshot_11_28_2015_0_0.json	1448686800.0	160.45	999	69
snapshot_11_28_2015_12_0.json	1448730000.0	160.45	963	59
snapshot_11_28_2015_18_0.json	1448751600.0	160.45	963	57
snapshot_11_29_2015_0_0.json	1448773200.0	160.45	963	55
snapshot_11_29_2015_0_0.json	1448773200.0	160.45	963	55
snapshot_11_29_2015_12_0.json	1448816400.0	160.45	963	53
snapshot_11_29_2015_12_0.json	1448816400.0	160.45	963	53
snapshot_11_29_2015_6_0.json	1448794800.0	160.45	963	53
snapshot_11_30_2015_0_0.json	1448859600.0	160.45	963	57
snapshot_11_30_2015_12_0.json	1448902800.0	160.45	945	53
snapshot_11_30_2015_18_0.json	1448924400.0	160.45	945	53
snapshot_11_30_2015_6_0.json	1448881200.0	160.45	945	57
snapshot_12_1_2015_0_0.json	1448946000.0	160.45	687.5	37
snapshot_12_1_2015_12_0.json	1448989200.0	160.45	687.5	40
snapshot_12_1_2015_18_0.json	1449010800.0	160.45	687.5	40
snapshot_12_1_2015_6_0.json	1448967600.0	160.45	687.5	40
snapshot_12_2_2015_12_0.json	1449075600.0	178	687.5	40
snapshot_12_2_2015_18_0.json	1449097200.0	178	687.5	36
snapshot_12_3_2015_0_0.json	1449118800.0	178	500	24
snapshot_12_3_2015_12_0.json	1449162000.0	178	500	18
snapshot_12_3_2015_18_0.json	1449183600.0	178	500	20
snapshot_12_3_2015_6_0.json	1449140400.0	178	500	19
snapshot_12_4_2015_0_0.json	1449205200.0	178	1212.5	15
snapshot_12_4_2015_12_0.json	1449248400.0	189.7	727.5	13
snapshot_12_4_2015_18_0.json	1449270000.0	189.7	727.5	12
snapshot_12_4_2015_6_0.json	1449226800.0	178	921.5	14
snapshot_12_5_2015_0_0.json	1449291600.0	236.5	334.65	11
snapshot_12_5_2015_12_0.json	1449334800.0	0	0	0
snapshot_12_5_2015_12_0.json	1449334800.0	0	0	0
snapshot_12_5_2015_18_0.json	1449356400.0	0	0	0
snapshot_12_5_2015_6_0.json	1449313200.0	0	0	0
9192737	2015-12-05T03:30:00Z	Reba McEntire	The Colosseum at Caesars Palace	Nevada Las Vegas|689	89109
snapshot_11_16_2015_0_0.json	1447650000.0	236.5	1500	45
snapshot_11_17_2015_0_0.json	1447736400.0	236.5	1500	42
snapshot_11_17_2015_12_0.json	1447779600.0	236.5	1500	40
snapshot_11_17_2015_6_0.json	1447758000.0	236.5	1500	40
snapshot_11_18_2015_0_0.json	1447822800.0	236.5	1500	39
snapshot_11_18_2015_12_0.json	1447866000.0	236.5	1500	41
snapshot_11_18_2015_12_0.json	1447866000.0	236.5	1500	41
snapshot_11_18_2015_18_0.json	1447887600.0	236.5	1500	41
snapshot_11_18_2015_6_0.json	1447844400.0	236.5	1500	41
snapshot_11_19_2015_0_0.json	1447909200.0	236.5	1500	41
snapshot_11_19_2015_12_0.json	1447952400.0	236.5	1500	39
snapshot_11_19_2015_6_0.json	1447930800.0	236.5	1500	39
snapshot_11_20_2015_0_0.json	1447995600.0	236.5	1500	44
snapshot_11_20_2015_12_0.json	1448038800.0	236.5	1500	44
snapshot_11_21_2015_12_0.json	1448125200.0	236.5	1500	44
snapshot_11_21_2015_18_0.json	1448146800.0	236.5	1500	44
snapshot_11_22_2015_0_0.json	1448168400.0	236.5	1500	44
snapshot_11_22_2015_18_0.json	1448233200.0	265.75	1500	43
snapshot_11_23_2015_0_0.json	1448254800.0	265.75	1500	41
snapshot_11_23_2015_18_0.json	1448319600.0	265.75	999	45
snapshot_11_23_2015_6_0.json	1448276400.0	265.75	1500	41
snapshot_11_24_2015_0_0.json	1448341200.0	265.75	999	47
snapshot_11_24_2015_12_0.json	1448384400.0	265.75	999	47
snapshot_11_24_2015_12_0.json	1448384400.0	265.75	999	47
snapshot_11_24_2015_18_0.json	1448406000.0	265.75	999	55
snapshot_11_25_2015_0_0.json	1448427600.0	236.5	999	84
snapshot_11_25_2015_18_0.json	1448492400.0	224.8	999	84
snapshot_11_25_2015_6_0.json	1448449200.0	224.8	999	82
snapshot_11_26_2015_0_0.json	1448514000.0	218.96	999	82
snapshot_11_27_2015_18_0.json	1448665200.0	160.45	999	67
snapshot_11_28_2015_0_0.json	1448686800.0	160.45	999	69
snapshot_11_28_2015_12_0.json	1448730000.0	160.45	963	59
snapshot_11_28_2015_18_0.json	1448751600.0	160.45	963	57
snapshot_11_29_2015_0_0.json	1448773200.0	160.45	963	55
snapshot_11_29_2015_0_0.json	1448773200.0	160.45	963	55
snapshot_11_29_2015_12_0.json	1448816400.0	160.45	963	53
snapshot_11_29_2015_12_0.json	1448816400.0	160.45	963	53
snapshot_11_29_2015_6_0.json	1448794800.0	160.45	963	53
snapshot_11_30_2015_0_0.json	1448859600.0	160.45	963	57
snapshot_11_30_2015_12_0.json	1448902800.0	160.45	945	53
snapshot_11_30_2015_18_0.json	1448924400.0	160.45	945	53
snapshot_11_30_2015_6_0.json	1448881200.0	160.45	945	57
snapshot_12_1_2015_0_0.json	1448946000.0	160.45	687.5	37
snapshot_12_1_2015_12_0.json	1448989200.0	160.45	687.5	40
snapshot_12_1_2015_18_0.json	1449010800.0	160.45	687.5	40
snapshot_12_1_2015_6_0.json	1448967600.0	160.45	687.5	40
snapshot_12_2_2015_12_0.json	1449075600.0	178	687.5	40
snapshot_12_2_2015_18_0.json	1449097200.0	178	687.5	36
snapshot_12_3_2015_0_0.json	1449118800.0	178	500	24
snapshot_12_3_2015_12_0.json	1449162000.0	178	500	18
snapshot_12_3_2015_18_0.json	1449183600.0	178	500	20
snapshot_12_3_2015_6_0.json	1449140400.0	178	500	19
snapshot_12_4_2015_0_0.json	1449205200.0	178	1212.5	15
snapshot_12_4_2015_12_0.json	1449248400.0	189.7	727.5	13
snapshot_12_4_2015_18_0.json	1449270000.0	189.7	727.5	12
snapshot_12_4_2015_6_0.json	1449226800.0	178	921.5	14
snapshot_12_5_2015_0_0.json	1449291600.0	236.5	334.65	11
snapshot_12_5_2015_12_0.json	1449334800.0	0	0	0
snapshot_12_5_2015_12_0.json	1449334800.0	0	0	0
snapshot_12_5_2015_18_0.json	1449356400.0	0	0	0
snapshot_12_5_2015_6_0.json	1449313200.0	0	0	0
9192737	2015-12-05T03:30:00Z	Reba McEntire	The Colosseum at Caesars Palace	Nevada Las Vegas|689	89109
snapshot_11_16_2015_0_0.json	1447650000.0	236.5	1500	45
snapshot_11_17_2015_0_0.json	1447736400.0	236.5	1500	42
snapshot_11_17_2015_12_0.json	1447779600.0	236.5	1500	40
snapshot_11_17_2015_6_0.json	1447758000.0	236.5	1500	40
snapshot_11_18_2015_0_0.json	1447822800.0	236.5	1500	39
snapshot_11_18_2015_12_0.json	1447866000.0	236.5	1500	41
snapshot_11_18_2015_12_0.json	1447866000.0	236.5	1500	41
snapshot_11_18_2015_18_0.json	1447887600.0	236.5	1500	41
snapshot_11_18_2015_6_0.json	1447844400.0	236.5	1500	41
snapshot_11_19_2015_0_0.json	1447909200.0	236.5	1500	41
snapshot_11_19_2015_12_0.json	1447952400.0	236.5	1500	39
snapshot_11_19_2015_6_0.json	1447930800.0	236.5	1500	39
snapshot_11_20_2015_0_0.json	1447995600.0	236.5	1500	44
snapshot_11_20_2015_12_0.json	1448038800.0	236.5	1500	44
snapshot_11_21_2015_12_0.json	1448125200.0	236.5	1500	44
snapshot_11_21_2015_18_0.json	1448146800.0	236.5	1500	44
snapshot_11_22_2015_0_0.json	1448168400.0	236.5	1500	44
snapshot_11_22_2015_18_0.json	1448233200.0	265.75	1500	43
snapshot_11_23_2015_0_0.json	1448254800.0	265.75	1500	41
snapshot_11_23_2015_18_0.json	1448319600.0	265.75	999	45
snapshot_11_23_2015_6_0.json	1448276400.0	265.75	1500	41
snapshot_11_24_2015_0_0.json	1448341200.0	265.75	999	47
snapshot_11_24_2015_12_0.json	1448384400.0	265.75	999	47
snapshot_11_24_2015_12_0.json	1448384400.0	265.75	999	47
snapshot_11_24_2015_18_0.json	1448406000.0	265.75	999	55
snapshot_11_25_2015_0_0.json	1448427600.0	236.5	999	84
snapshot_11_25_2015_18_0.json	1448492400.0	224.8	999	84
snapshot_11_25_2015_6_0.json	1448449200.0	224.8	999	82
snapshot_11_26_2015_0_0.json	1448514000.0	218.96	999	82
snapshot_11_27_2015_18_0.json	1448665200.0	160.45	999	67
snapshot_11_28_2015_0_0.json	1448686800.0	160.45	999	69
snapshot_11_28_2015_12_0.json	1448730000.0	160.45	963	59
snapshot_11_28_2015_18_0.json	1448751600.0	160.45	963	57
snapshot_11_29_2015_0_0.json	1448773200.0	160.45	963	55
snapshot_11_29_2015_0_0.json	1448773200.0	160.45	963	55
snapshot_11_29_2015_12_0.json	1448816400.0	160.45	963	53
snapshot_11_29_2015_12_0.json	1448816400.0	160.45	963	53
snapshot_11_29_2015_6_0.json	1448794800.0	160.45	963	53
snapshot_11_30_2015_0_0.json	1448859600.0	160.45	963	57
snapshot_11_30_2015_12_0.json	1448902800.0	160.45	945	53
snapshot_11_30_2015_18_0.json	1448924400.0	160.45	945	53
snapshot_11_30_2015_6_0.json	1448881200.0	160.45	945	57
snapshot_12_1_2015_0_0.json	1448946000.0	160.45	687.5	37
snapshot_12_1_2015_12_0.json	1448989200.0	160.45	687.5	40
snapshot_12_1_2015_18_0.json	1449010800.0	160.45	687.5	40
snapshot_12_1_2015_6_0.json	1448967600.0	160.45	687.5	40
snapshot_12_2_2015_12_0.json	1449075600.0	178	687.5	40
snapshot_12_2_2015_18_0.json	1449097200.0	178	687.5	36
snapshot_12_3_2015_0_0.json	1449118800.0	178	500	24
snapshot_12_3_2015_12_0.json	1449162000.0	178	500	18
snapshot_12_3_2015_18_0.json	1449183600.0	178	500	20
snapshot_12_3_2015_6_0.json	1449140400.0	178	500	19
snapshot_12_4_2015_0_0.json	1449205200.0	178	1212.5	15
snapshot_12_4_2015_12_0.json	1449248400.0	189.7	727.5	13
snapshot_12_4_2015_18_0.json	1449270000.0	189.7	727.5	12
snapshot_12_4_2015_6_0.json	1449226800.0	178	921.5	14
snapshot_12_5_2015_0_0.json	1449291600.0	236.5	334.65	11
snapshot_12_5_2015_12_0.json	1449334800.0	0	0	0
snapshot_12_5_2015_12_0.json	1449334800.0	0	0	0
snapshot_12_5_2015_18_0.json	1449356400.0	0	0	0
snapshot_12_5_2015_6_0.json	1449313200.0	0	0	0
