9194461	2015-11-28T18:00:00Z	West Virginia Mountaineers	Mountaineer Field	West Virginia Charleston, WV|4541	26505
snapshot_11_16_2015_0_0.json	1447650000.0	31.75	250	2061
snapshot_11_17_2015_12_0.json	1447779600.0	31.75	250	2021
snapshot_11_17_2015_18_0.json	1447801200.0	31.75	250	2009
snapshot_11_17_2015_6_0.json	1447758000.0	31.75	250	2013
snapshot_11_17_2015_6_0.json	1447758000.0	31.75	250	2013
snapshot_11_18_2015_0_0.json	1447822800.0	31.75	250	1957
snapshot_11_18_2015_12_0.json	1447866000.0	33.21	250	1901
snapshot_11_18_2015_18_0.json	1447887600.0	29.53	250	1877
snapshot_11_19_2015_0_0.json	1447909200.0	29.41	240	1924
snapshot_11_19_2015_12_0.json	1447952400.0	29.41	240	1902
snapshot_11_19_2015_6_0.json	1447930800.0	29.41	240	1908
snapshot_11_20_2015_0_0.json	1447995600.0	29.41	240	1877
snapshot_11_20_2015_12_0.json	1448038800.0	25.9	240	1829
snapshot_11_21_2015_12_0.json	1448125200.0	29.41	240	1690
snapshot_11_21_2015_18_0.json	1448146800.0	29.41	240	1688
snapshot_11_22_2015_0_0.json	1448168400.0	29.41	240	1606
snapshot_11_22_2015_12_0.json	1448211600.0	29.41	240	1559
snapshot_11_22_2015_18_0.json	1448233200.0	29.41	240	1548
snapshot_11_22_2015_6_0.json	1448190000.0	29.41	240	1561
snapshot_11_23_2015_0_0.json	1448254800.0	29.41	240	1523
snapshot_11_23_2015_12_0.json	1448298000.0	31.31	243	1502
snapshot_11_23_2015_18_0.json	1448319600.0	31.75	240	1517
snapshot_11_23_2015_6_0.json	1448276400.0	31.31	240	1498
snapshot_11_24_2015_0_0.json	1448341200.0	31.74	240	1510
snapshot_11_24_2015_12_0.json	1448384400.0	24.72	240	1488
snapshot_11_24_2015_18_0.json	1448406000.0	28.24	240	1529
snapshot_11_24_2015_6_0.json	1448362800.0	31.73	240	1488
snapshot_11_25_2015_0_0.json	1448427600.0	25.9	999	1470
snapshot_11_25_2015_12_0.json	1448470800.0	20.23	240	1427
snapshot_11_25_2015_18_0.json	1448492400.0	23.55	240	1427
snapshot_11_25_2015_6_0.json	1448449200.0	20.23	240	1431
snapshot_11_26_2015_0_0.json	1448514000.0	22.39	240	1373
snapshot_11_27_2015_18_0.json	1448665200.0	18.88	240	1094
snapshot_11_28_2015_0_0.json	1448686800.0	16.54	240	968
snapshot_11_28_2015_12_0.json	1448730000.0	18.88	240	817
snapshot_11_28_2015_18_0.json	1448751600.0	0	0	0
snapshot_11_28_2015_6_0.json	1448708400.0	20.05	240	836
snapshot_11_29_2015_12_0.json	1448816400.0	0	0	0
snapshot_11_29_2015_18_0.json	1448838000.0	0	0	0
snapshot_11_30_2015_0_0.json	1448859600.0	0	0	0
snapshot_11_30_2015_12_0.json	1448902800.0	0	0	0
snapshot_11_30_2015_18_0.json	1448924400.0	0	0	0
snapshot_11_30_2015_6_0.json	1448881200.0	0	0	0
snapshot_12_1_2015_0_0.json	1448946000.0	0	0	0
snapshot_12_1_2015_0_0.json	1448946000.0	0	0	0
snapshot_12_1_2015_6_0.json	1448967600.0	0	0	0
9194461	2015-11-28T18:00:00Z	West Virginia Mountaineers	Mountaineer Field	West Virginia Charleston, WV|4541	26505
snapshot_11_16_2015_0_0.json	1447650000.0	31.75	250	2061
snapshot_11_17_2015_12_0.json	1447779600.0	31.75	250	2021
snapshot_11_17_2015_18_0.json	1447801200.0	31.75	250	2009
snapshot_11_17_2015_6_0.json	1447758000.0	31.75	250	2013
snapshot_11_17_2015_6_0.json	1447758000.0	31.75	250	2013
snapshot_11_18_2015_0_0.json	1447822800.0	31.75	250	1957
snapshot_11_18_2015_12_0.json	1447866000.0	33.21	250	1901
snapshot_11_18_2015_18_0.json	1447887600.0	29.53	250	1877
snapshot_11_19_2015_0_0.json	1447909200.0	29.41	240	1924
snapshot_11_19_2015_12_0.json	1447952400.0	29.41	240	1902
snapshot_11_19_2015_6_0.json	1447930800.0	29.41	240	1908
snapshot_11_20_2015_0_0.json	1447995600.0	29.41	240	1877
snapshot_11_20_2015_12_0.json	1448038800.0	25.9	240	1829
snapshot_11_21_2015_12_0.json	1448125200.0	29.41	240	1690
snapshot_11_21_2015_18_0.json	1448146800.0	29.41	240	1688
snapshot_11_22_2015_0_0.json	1448168400.0	29.41	240	1606
snapshot_11_22_2015_12_0.json	1448211600.0	29.41	240	1559
snapshot_11_22_2015_18_0.json	1448233200.0	29.41	240	1548
snapshot_11_22_2015_6_0.json	1448190000.0	29.41	240	1561
snapshot_11_23_2015_0_0.json	1448254800.0	29.41	240	1523
snapshot_11_23_2015_12_0.json	1448298000.0	31.31	243	1502
snapshot_11_23_2015_18_0.json	1448319600.0	31.75	240	1517
snapshot_11_23_2015_6_0.json	1448276400.0	31.31	240	1498
snapshot_11_24_2015_0_0.json	1448341200.0	31.74	240	1510
snapshot_11_24_2015_12_0.json	1448384400.0	24.72	240	1488
snapshot_11_24_2015_18_0.json	1448406000.0	28.24	240	1529
snapshot_11_24_2015_6_0.json	1448362800.0	31.73	240	1488
snapshot_11_25_2015_0_0.json	1448427600.0	25.9	999	1470
snapshot_11_25_2015_12_0.json	1448470800.0	20.23	240	1427
snapshot_11_25_2015_18_0.json	1448492400.0	23.55	240	1427
snapshot_11_25_2015_6_0.json	1448449200.0	20.23	240	1431
snapshot_11_26_2015_0_0.json	1448514000.0	22.39	240	1373
snapshot_11_27_2015_18_0.json	1448665200.0	18.88	240	1094
snapshot_11_28_2015_0_0.json	1448686800.0	16.54	240	968
snapshot_11_28_2015_12_0.json	1448730000.0	18.88	240	817
snapshot_11_28_2015_18_0.json	1448751600.0	0	0	0
snapshot_11_28_2015_6_0.json	1448708400.0	20.05	240	836
snapshot_11_29_2015_12_0.json	1448816400.0	0	0	0
snapshot_11_29_2015_18_0.json	1448838000.0	0	0	0
snapshot_11_30_2015_0_0.json	1448859600.0	0	0	0
snapshot_11_30_2015_12_0.json	1448902800.0	0	0	0
snapshot_11_30_2015_18_0.json	1448924400.0	0	0	0
snapshot_11_30_2015_6_0.json	1448881200.0	0	0	0
snapshot_12_1_2015_0_0.json	1448946000.0	0	0	0
snapshot_12_1_2015_0_0.json	1448946000.0	0	0	0
snapshot_12_1_2015_6_0.json	1448967600.0	0	0	0
9194461	2015-11-28T18:00:00Z	West Virginia Mountaineers	Mountaineer Field	West Virginia Charleston, WV|4541	26505
snapshot_11_16_2015_0_0.json	1447650000.0	31.75	250	2061
snapshot_11_17_2015_12_0.json	1447779600.0	31.75	250	2021
snapshot_11_17_2015_18_0.json	1447801200.0	31.75	250	2009
snapshot_11_17_2015_6_0.json	1447758000.0	31.75	250	2013
snapshot_11_17_2015_6_0.json	1447758000.0	31.75	250	2013
snapshot_11_18_2015_0_0.json	1447822800.0	31.75	250	1957
snapshot_11_18_2015_12_0.json	1447866000.0	33.21	250	1901
snapshot_11_18_2015_18_0.json	1447887600.0	29.53	250	1877
snapshot_11_19_2015_0_0.json	1447909200.0	29.41	240	1924
snapshot_11_19_2015_12_0.json	1447952400.0	29.41	240	1902
snapshot_11_19_2015_6_0.json	1447930800.0	29.41	240	1908
snapshot_11_20_2015_0_0.json	1447995600.0	29.41	240	1877
snapshot_11_20_2015_12_0.json	1448038800.0	25.9	240	1829
snapshot_11_21_2015_12_0.json	1448125200.0	29.41	240	1690
snapshot_11_21_2015_18_0.json	1448146800.0	29.41	240	1688
snapshot_11_22_2015_0_0.json	1448168400.0	29.41	240	1606
snapshot_11_22_2015_12_0.json	1448211600.0	29.41	240	1559
snapshot_11_22_2015_18_0.json	1448233200.0	29.41	240	1548
snapshot_11_22_2015_6_0.json	1448190000.0	29.41	240	1561
snapshot_11_23_2015_0_0.json	1448254800.0	29.41	240	1523
snapshot_11_23_2015_12_0.json	1448298000.0	31.31	243	1502
snapshot_11_23_2015_18_0.json	1448319600.0	31.75	240	1517
snapshot_11_23_2015_6_0.json	1448276400.0	31.31	240	1498
snapshot_11_24_2015_0_0.json	1448341200.0	31.74	240	1510
snapshot_11_24_2015_12_0.json	1448384400.0	24.72	240	1488
snapshot_11_24_2015_18_0.json	1448406000.0	28.24	240	1529
snapshot_11_24_2015_6_0.json	1448362800.0	31.73	240	1488
snapshot_11_25_2015_0_0.json	1448427600.0	25.9	999	1470
snapshot_11_25_2015_12_0.json	1448470800.0	20.23	240	1427
snapshot_11_25_2015_18_0.json	1448492400.0	23.55	240	1427
snapshot_11_25_2015_6_0.json	1448449200.0	20.23	240	1431
snapshot_11_26_2015_0_0.json	1448514000.0	22.39	240	1373
snapshot_11_27_2015_18_0.json	1448665200.0	18.88	240	1094
snapshot_11_28_2015_0_0.json	1448686800.0	16.54	240	968
snapshot_11_28_2015_12_0.json	1448730000.0	18.88	240	817
snapshot_11_28_2015_18_0.json	1448751600.0	0	0	0
snapshot_11_28_2015_6_0.json	1448708400.0	20.05	240	836
snapshot_11_29_2015_12_0.json	1448816400.0	0	0	0
snapshot_11_29_2015_18_0.json	1448838000.0	0	0	0
snapshot_11_30_2015_0_0.json	1448859600.0	0	0	0
snapshot_11_30_2015_12_0.json	1448902800.0	0	0	0
snapshot_11_30_2015_18_0.json	1448924400.0	0	0	0
snapshot_11_30_2015_6_0.json	1448881200.0	0	0	0
snapshot_12_1_2015_0_0.json	1448946000.0	0	0	0
snapshot_12_1_2015_0_0.json	1448946000.0	0	0	0
snapshot_12_1_2015_6_0.json	1448967600.0	0	0	0
9194461	2015-11-28T18:00:00Z	West Virginia Mountaineers	Mountaineer Field	West Virginia Charleston, WV|4541	26505
snapshot_11_16_2015_0_0.json	1447650000.0	31.75	250	2061
snapshot_11_17_2015_12_0.json	1447779600.0	31.75	250	2021
snapshot_11_17_2015_18_0.json	1447801200.0	31.75	250	2009
snapshot_11_17_2015_6_0.json	1447758000.0	31.75	250	2013
snapshot_11_17_2015_6_0.json	1447758000.0	31.75	250	2013
snapshot_11_18_2015_0_0.json	1447822800.0	31.75	250	1957
snapshot_11_18_2015_12_0.json	1447866000.0	33.21	250	1901
snapshot_11_18_2015_18_0.json	1447887600.0	29.53	250	1877
snapshot_11_19_2015_0_0.json	1447909200.0	29.41	240	1924
snapshot_11_19_2015_12_0.json	1447952400.0	29.41	240	1902
snapshot_11_19_2015_6_0.json	1447930800.0	29.41	240	1908
snapshot_11_20_2015_0_0.json	1447995600.0	29.41	240	1877
snapshot_11_20_2015_12_0.json	1448038800.0	25.9	240	1829
snapshot_11_21_2015_12_0.json	1448125200.0	29.41	240	1690
snapshot_11_21_2015_18_0.json	1448146800.0	29.41	240	1688
snapshot_11_22_2015_0_0.json	1448168400.0	29.41	240	1606
snapshot_11_22_2015_12_0.json	1448211600.0	29.41	240	1559
snapshot_11_22_2015_18_0.json	1448233200.0	29.41	240	1548
snapshot_11_22_2015_6_0.json	1448190000.0	29.41	240	1561
snapshot_11_23_2015_0_0.json	1448254800.0	29.41	240	1523
snapshot_11_23_2015_12_0.json	1448298000.0	31.31	243	1502
snapshot_11_23_2015_18_0.json	1448319600.0	31.75	240	1517
snapshot_11_23_2015_6_0.json	1448276400.0	31.31	240	1498
snapshot_11_24_2015_0_0.json	1448341200.0	31.74	240	1510
snapshot_11_24_2015_12_0.json	1448384400.0	24.72	240	1488
snapshot_11_24_2015_18_0.json	1448406000.0	28.24	240	1529
snapshot_11_24_2015_6_0.json	1448362800.0	31.73	240	1488
snapshot_11_25_2015_0_0.json	1448427600.0	25.9	999	1470
snapshot_11_25_2015_12_0.json	1448470800.0	20.23	240	1427
snapshot_11_25_2015_18_0.json	1448492400.0	23.55	240	1427
snapshot_11_25_2015_6_0.json	1448449200.0	20.23	240	1431
snapshot_11_26_2015_0_0.json	1448514000.0	22.39	240	1373
snapshot_11_27_2015_18_0.json	1448665200.0	18.88	240	1094
snapshot_11_28_2015_0_0.json	1448686800.0	16.54	240	968
snapshot_11_28_2015_12_0.json	1448730000.0	18.88	240	817
snapshot_11_28_2015_18_0.json	1448751600.0	0	0	0
snapshot_11_28_2015_6_0.json	1448708400.0	20.05	240	836
snapshot_11_29_2015_12_0.json	1448816400.0	0	0	0
snapshot_11_29_2015_18_0.json	1448838000.0	0	0	0
snapshot_11_30_2015_0_0.json	1448859600.0	0	0	0
snapshot_11_30_2015_12_0.json	1448902800.0	0	0	0
snapshot_11_30_2015_18_0.json	1448924400.0	0	0	0
snapshot_11_30_2015_6_0.json	1448881200.0	0	0	0
snapshot_12_1_2015_0_0.json	1448946000.0	0	0	0
snapshot_12_1_2015_0_0.json	1448946000.0	0	0	0
snapshot_12_1_2015_6_0.json	1448967600.0	0	0	0
