9194610	2015-11-21T20:30:00Z	Arizona State Sun Devils	Sun Devil Stadium	Arizona Phoenix|226	85281
snapshot_11_16_2015_0_0.json	1447650000.0	58.66	450	3255
snapshot_11_17_2015_0_0.json	1447736400.0	59.83	419	3190
snapshot_11_17_2015_12_0.json	1447779600.0	55.15	419	3004
snapshot_11_17_2015_18_0.json	1447801200.0	55.15	419	2942
snapshot_11_17_2015_6_0.json	1447758000.0	55.15	419	3019
snapshot_11_17_2015_6_0.json	1447758000.0	55.15	419	3019
snapshot_11_18_2015_0_0.json	1447822800.0	53.4	450	2730
snapshot_11_18_2015_12_0.json	1447866000.0	57.49	450	2564
snapshot_11_18_2015_18_0.json	1447887600.0	57.49	419	2490
snapshot_11_18_2015_6_0.json	1447844400.0	58.66	450	2563
snapshot_11_19_2015_0_0.json	1447909200.0	58.66	400	2069
snapshot_11_19_2015_12_0.json	1447952400.0	64.51	400	1813
snapshot_11_19_2015_6_0.json	1447930800.0	63.93	400	1829
snapshot_11_20_2015_0_0.json	1447995600.0	63.34	400	1540
snapshot_11_20_2015_12_0.json	1448038800.0	61	400	1319
snapshot_11_21_2015_12_0.json	1448125200.0	70.36	350	638
snapshot_11_21_2015_18_0.json	1448146800.0	63.73	350	470
snapshot_11_22_2015_0_0.json	1448168400.0	0	0	0
snapshot_11_22_2015_6_0.json	1448190000.0	0	0	0
snapshot_11_23_2015_0_0.json	1448254800.0	0	0	0
snapshot_11_23_2015_12_0.json	1448298000.0	0	0	0
snapshot_11_23_2015_6_0.json	1448276400.0	0	0	0
snapshot_11_23_2015_6_0.json	1448276400.0	0	0	0
snapshot_11_24_2015_18_0.json	1448406000.0	0	0	0
snapshot_11_25_2015_6_0.json	1448449200.0	0	0	0
snapshot_11_29_2015_12_0.json	1448816400.0	0	0	0
snapshot_11_29_2015_6_0.json	1448794800.0	0	0	0
9194610	2015-11-21T20:30:00Z	Arizona State Sun Devils	Sun Devil Stadium	Arizona Phoenix|226	85281
snapshot_11_16_2015_0_0.json	1447650000.0	58.66	450	3255
snapshot_11_17_2015_0_0.json	1447736400.0	59.83	419	3190
snapshot_11_17_2015_12_0.json	1447779600.0	55.15	419	3004
snapshot_11_17_2015_18_0.json	1447801200.0	55.15	419	2942
snapshot_11_17_2015_6_0.json	1447758000.0	55.15	419	3019
snapshot_11_17_2015_6_0.json	1447758000.0	55.15	419	3019
snapshot_11_18_2015_0_0.json	1447822800.0	53.4	450	2730
snapshot_11_18_2015_12_0.json	1447866000.0	57.49	450	2564
snapshot_11_18_2015_18_0.json	1447887600.0	57.49	419	2490
snapshot_11_18_2015_6_0.json	1447844400.0	58.66	450	2563
snapshot_11_19_2015_0_0.json	1447909200.0	58.66	400	2069
snapshot_11_19_2015_12_0.json	1447952400.0	64.51	400	1813
snapshot_11_19_2015_6_0.json	1447930800.0	63.93	400	1829
snapshot_11_20_2015_0_0.json	1447995600.0	63.34	400	1540
snapshot_11_20_2015_12_0.json	1448038800.0	61	400	1319
snapshot_11_21_2015_12_0.json	1448125200.0	70.36	350	638
snapshot_11_21_2015_18_0.json	1448146800.0	63.73	350	470
snapshot_11_22_2015_0_0.json	1448168400.0	0	0	0
snapshot_11_22_2015_6_0.json	1448190000.0	0	0	0
snapshot_11_23_2015_0_0.json	1448254800.0	0	0	0
snapshot_11_23_2015_12_0.json	1448298000.0	0	0	0
snapshot_11_23_2015_6_0.json	1448276400.0	0	0	0
snapshot_11_23_2015_6_0.json	1448276400.0	0	0	0
snapshot_11_24_2015_18_0.json	1448406000.0	0	0	0
snapshot_11_25_2015_6_0.json	1448449200.0	0	0	0
snapshot_11_29_2015_12_0.json	1448816400.0	0	0	0
snapshot_11_29_2015_6_0.json	1448794800.0	0	0	0
9194610	2015-11-21T20:30:00Z	Arizona State Sun Devils	Sun Devil Stadium	Arizona Phoenix|226	85281
snapshot_11_16_2015_0_0.json	1447650000.0	58.66	450	3255
snapshot_11_17_2015_0_0.json	1447736400.0	59.83	419	3190
snapshot_11_17_2015_12_0.json	1447779600.0	55.15	419	3004
snapshot_11_17_2015_18_0.json	1447801200.0	55.15	419	2942
snapshot_11_17_2015_6_0.json	1447758000.0	55.15	419	3019
snapshot_11_17_2015_6_0.json	1447758000.0	55.15	419	3019
snapshot_11_18_2015_0_0.json	1447822800.0	53.4	450	2730
snapshot_11_18_2015_12_0.json	1447866000.0	57.49	450	2564
snapshot_11_18_2015_18_0.json	1447887600.0	57.49	419	2490
snapshot_11_18_2015_6_0.json	1447844400.0	58.66	450	2563
snapshot_11_19_2015_0_0.json	1447909200.0	58.66	400	2069
snapshot_11_19_2015_12_0.json	1447952400.0	64.51	400	1813
snapshot_11_19_2015_6_0.json	1447930800.0	63.93	400	1829
snapshot_11_20_2015_0_0.json	1447995600.0	63.34	400	1540
snapshot_11_20_2015_12_0.json	1448038800.0	61	400	1319
snapshot_11_21_2015_12_0.json	1448125200.0	70.36	350	638
snapshot_11_21_2015_18_0.json	1448146800.0	63.73	350	470
snapshot_11_22_2015_0_0.json	1448168400.0	0	0	0
snapshot_11_22_2015_6_0.json	1448190000.0	0	0	0
snapshot_11_23_2015_0_0.json	1448254800.0	0	0	0
snapshot_11_23_2015_12_0.json	1448298000.0	0	0	0
snapshot_11_23_2015_6_0.json	1448276400.0	0	0	0
snapshot_11_23_2015_6_0.json	1448276400.0	0	0	0
snapshot_11_24_2015_18_0.json	1448406000.0	0	0	0
snapshot_11_25_2015_6_0.json	1448449200.0	0	0	0
snapshot_11_29_2015_12_0.json	1448816400.0	0	0	0
snapshot_11_29_2015_6_0.json	1448794800.0	0	0	0
9194610	2015-11-21T20:30:00Z	Arizona State Sun Devils	Sun Devil Stadium	Arizona Phoenix|226	85281
snapshot_11_16_2015_0_0.json	1447650000.0	58.66	450	3255
snapshot_11_17_2015_0_0.json	1447736400.0	59.83	419	3190
snapshot_11_17_2015_12_0.json	1447779600.0	55.15	419	3004
snapshot_11_17_2015_18_0.json	1447801200.0	55.15	419	2942
snapshot_11_17_2015_6_0.json	1447758000.0	55.15	419	3019
snapshot_11_17_2015_6_0.json	1447758000.0	55.15	419	3019
snapshot_11_18_2015_0_0.json	1447822800.0	53.4	450	2730
snapshot_11_18_2015_12_0.json	1447866000.0	57.49	450	2564
snapshot_11_18_2015_18_0.json	1447887600.0	57.49	419	2490
snapshot_11_18_2015_6_0.json	1447844400.0	58.66	450	2563
snapshot_11_19_2015_0_0.json	1447909200.0	58.66	400	2069
snapshot_11_19_2015_12_0.json	1447952400.0	64.51	400	1813
snapshot_11_19_2015_6_0.json	1447930800.0	63.93	400	1829
snapshot_11_20_2015_0_0.json	1447995600.0	63.34	400	1540
snapshot_11_20_2015_12_0.json	1448038800.0	61	400	1319
snapshot_11_21_2015_12_0.json	1448125200.0	70.36	350	638
snapshot_11_21_2015_18_0.json	1448146800.0	63.73	350	470
snapshot_11_22_2015_0_0.json	1448168400.0	0	0	0
snapshot_11_22_2015_6_0.json	1448190000.0	0	0	0
snapshot_11_23_2015_0_0.json	1448254800.0	0	0	0
snapshot_11_23_2015_12_0.json	1448298000.0	0	0	0
snapshot_11_23_2015_6_0.json	1448276400.0	0	0	0
snapshot_11_23_2015_6_0.json	1448276400.0	0	0	0
snapshot_11_24_2015_18_0.json	1448406000.0	0	0	0
snapshot_11_25_2015_6_0.json	1448449200.0	0	0	0
snapshot_11_29_2015_12_0.json	1448816400.0	0	0	0
snapshot_11_29_2015_6_0.json	1448794800.0	0	0	0
