9194446	2015-11-28T19:00:00Z	Oklahoma State Cowboys	Boone Pickens Stadium at Lewis Field	Oklahoma Oklahoma City|3863	74078
snapshot_11_16_2015_0_0.json	1447650000.0	268.5	2500	1066
snapshot_11_17_2015_0_0.json	1447736400.0	291.9	2500	1089
snapshot_11_17_2015_12_0.json	1447779600.0	291.9	2500	1066
snapshot_11_17_2015_18_0.json	1447801200.0	265.75	2500	1028
snapshot_11_18_2015_0_0.json	1447822800.0	297.75	2500	903
snapshot_11_18_2015_12_0.json	1447866000.0	297.75	2500	887
snapshot_11_18_2015_18_0.json	1447887600.0	297.75	2500	888
snapshot_11_18_2015_6_0.json	1447844400.0	296.7	2500	889
snapshot_11_19_2015_0_0.json	1447909200.0	297.75	2500	846
snapshot_11_19_2015_12_0.json	1447952400.0	236.5	2500	858
snapshot_11_19_2015_6_0.json	1447930800.0	236.5	2500	857
snapshot_11_20_2015_0_0.json	1447995600.0	319.98	2500	892
snapshot_11_20_2015_12_0.json	1448038800.0	268.5	2500	901
snapshot_11_21_2015_12_0.json	1448125200.0	295	9999.99	857
snapshot_11_21_2015_18_0.json	1448146800.0	295	9999.99	828
snapshot_11_22_2015_0_0.json	1448168400.0	309.45	9999.99	812
snapshot_11_22_2015_12_0.json	1448211600.0	243.52	9999.99	806
snapshot_11_22_2015_18_0.json	1448233200.0	224.8	9999.99	905
snapshot_11_22_2015_6_0.json	1448190000.0	243.52	9999.99	809
snapshot_11_23_2015_0_0.json	1448254800.0	233.4	9999.99	880
snapshot_11_23_2015_12_0.json	1448298000.0	233.4	9999.99	888
snapshot_11_23_2015_18_0.json	1448319600.0	180.75	9999.99	919
snapshot_11_23_2015_6_0.json	1448276400.0	233.4	9999.99	888
snapshot_11_24_2015_0_0.json	1448341200.0	215.44	1595	719
snapshot_11_24_2015_12_0.json	1448384400.0	210.76	1595	717
snapshot_11_24_2015_18_0.json	1448406000.0	151.5	1595	812
snapshot_11_24_2015_6_0.json	1448362800.0	213.1	1595	719
snapshot_11_24_2015_6_0.json	1448362800.0	213.1	1595	719
snapshot_11_25_2015_0_0.json	1448427600.0	136.45	1595	745
snapshot_11_25_2015_12_0.json	1448470800.0	139.2	1595	675
snapshot_11_25_2015_18_0.json	1448492400.0	145.71	1595	632
snapshot_11_25_2015_6_0.json	1448449200.0	139.2	1595	675
snapshot_11_26_2015_0_0.json	1448514000.0	163.61	1595	615
snapshot_11_27_2015_18_0.json	1448665200.0	119.5	850	453
snapshot_11_28_2015_0_0.json	1448686800.0	103.94	585	395
snapshot_11_28_2015_12_0.json	1448730000.0	113.65	500	316
snapshot_11_28_2015_18_0.json	1448751600.0	90.25	425	232
snapshot_11_28_2015_6_0.json	1448708400.0	106.63	500	328
snapshot_11_29_2015_0_0.json	1448773200.0	118.33	750	54
snapshot_11_29_2015_12_0.json	1448816400.0	0	0	0
snapshot_11_29_2015_18_0.json	1448838000.0	0	0	0
snapshot_11_29_2015_6_0.json	1448794800.0	0	0	0
snapshot_11_30_2015_0_0.json	1448859600.0	0	0	0
snapshot_11_30_2015_12_0.json	1448902800.0	0	0	0
snapshot_11_30_2015_6_0.json	1448881200.0	0	0	0
snapshot_12_3_2015_0_0.json	1449118800.0	0	0	0
snapshot_12_3_2015_12_0.json	1449162000.0	0	0	0
snapshot_12_3_2015_12_0.json	1449162000.0	0	0	0
snapshot_12_3_2015_6_0.json	1449140400.0	0	0	0
snapshot_12_4_2015_0_0.json	1449205200.0	0	0	0
snapshot_12_4_2015_12_0.json	1449248400.0	0	0	0
snapshot_12_4_2015_6_0.json	1449226800.0	0	0	0
snapshot_12_5_2015_0_0.json	1449291600.0	0	0	0
snapshot_12_5_2015_12_0.json	1449334800.0	0	0	0
9194446	2015-11-28T19:00:00Z	Oklahoma State Cowboys	Boone Pickens Stadium at Lewis Field	Oklahoma Oklahoma City|3863	74078
snapshot_11_16_2015_0_0.json	1447650000.0	268.5	2500	1066
snapshot_11_17_2015_0_0.json	1447736400.0	291.9	2500	1089
snapshot_11_17_2015_12_0.json	1447779600.0	291.9	2500	1066
snapshot_11_17_2015_18_0.json	1447801200.0	265.75	2500	1028
snapshot_11_18_2015_0_0.json	1447822800.0	297.75	2500	903
snapshot_11_18_2015_12_0.json	1447866000.0	297.75	2500	887
snapshot_11_18_2015_18_0.json	1447887600.0	297.75	2500	888
snapshot_11_18_2015_6_0.json	1447844400.0	296.7	2500	889
snapshot_11_19_2015_0_0.json	1447909200.0	297.75	2500	846
snapshot_11_19_2015_12_0.json	1447952400.0	236.5	2500	858
snapshot_11_19_2015_6_0.json	1447930800.0	236.5	2500	857
snapshot_11_20_2015_0_0.json	1447995600.0	319.98	2500	892
snapshot_11_20_2015_12_0.json	1448038800.0	268.5	2500	901
snapshot_11_21_2015_12_0.json	1448125200.0	295	9999.99	857
snapshot_11_21_2015_18_0.json	1448146800.0	295	9999.99	828
snapshot_11_22_2015_0_0.json	1448168400.0	309.45	9999.99	812
snapshot_11_22_2015_12_0.json	1448211600.0	243.52	9999.99	806
snapshot_11_22_2015_18_0.json	1448233200.0	224.8	9999.99	905
snapshot_11_22_2015_6_0.json	1448190000.0	243.52	9999.99	809
snapshot_11_23_2015_0_0.json	1448254800.0	233.4	9999.99	880
snapshot_11_23_2015_12_0.json	1448298000.0	233.4	9999.99	888
snapshot_11_23_2015_18_0.json	1448319600.0	180.75	9999.99	919
snapshot_11_23_2015_6_0.json	1448276400.0	233.4	9999.99	888
snapshot_11_24_2015_0_0.json	1448341200.0	215.44	1595	719
snapshot_11_24_2015_12_0.json	1448384400.0	210.76	1595	717
snapshot_11_24_2015_18_0.json	1448406000.0	151.5	1595	812
snapshot_11_24_2015_6_0.json	1448362800.0	213.1	1595	719
snapshot_11_24_2015_6_0.json	1448362800.0	213.1	1595	719
snapshot_11_25_2015_0_0.json	1448427600.0	136.45	1595	745
snapshot_11_25_2015_12_0.json	1448470800.0	139.2	1595	675
snapshot_11_25_2015_18_0.json	1448492400.0	145.71	1595	632
snapshot_11_25_2015_6_0.json	1448449200.0	139.2	1595	675
snapshot_11_26_2015_0_0.json	1448514000.0	163.61	1595	615
snapshot_11_27_2015_18_0.json	1448665200.0	119.5	850	453
snapshot_11_28_2015_0_0.json	1448686800.0	103.94	585	395
snapshot_11_28_2015_12_0.json	1448730000.0	113.65	500	316
snapshot_11_28_2015_18_0.json	1448751600.0	90.25	425	232
snapshot_11_28_2015_6_0.json	1448708400.0	106.63	500	328
snapshot_11_29_2015_0_0.json	1448773200.0	118.33	750	54
snapshot_11_29_2015_12_0.json	1448816400.0	0	0	0
snapshot_11_29_2015_18_0.json	1448838000.0	0	0	0
snapshot_11_29_2015_6_0.json	1448794800.0	0	0	0
snapshot_11_30_2015_0_0.json	1448859600.0	0	0	0
snapshot_11_30_2015_12_0.json	1448902800.0	0	0	0
snapshot_11_30_2015_6_0.json	1448881200.0	0	0	0
snapshot_12_3_2015_0_0.json	1449118800.0	0	0	0
snapshot_12_3_2015_12_0.json	1449162000.0	0	0	0
snapshot_12_3_2015_12_0.json	1449162000.0	0	0	0
snapshot_12_3_2015_6_0.json	1449140400.0	0	0	0
snapshot_12_4_2015_0_0.json	1449205200.0	0	0	0
snapshot_12_4_2015_12_0.json	1449248400.0	0	0	0
snapshot_12_4_2015_6_0.json	1449226800.0	0	0	0
snapshot_12_5_2015_0_0.json	1449291600.0	0	0	0
snapshot_12_5_2015_12_0.json	1449334800.0	0	0	0
9194446	2015-11-28T19:00:00Z	Oklahoma State Cowboys	Boone Pickens Stadium at Lewis Field	Oklahoma Oklahoma City|3863	74078
snapshot_11_16_2015_0_0.json	1447650000.0	268.5	2500	1066
snapshot_11_17_2015_0_0.json	1447736400.0	291.9	2500	1089
snapshot_11_17_2015_12_0.json	1447779600.0	291.9	2500	1066
snapshot_11_17_2015_18_0.json	1447801200.0	265.75	2500	1028
snapshot_11_18_2015_0_0.json	1447822800.0	297.75	2500	903
snapshot_11_18_2015_12_0.json	1447866000.0	297.75	2500	887
snapshot_11_18_2015_18_0.json	1447887600.0	297.75	2500	888
snapshot_11_18_2015_6_0.json	1447844400.0	296.7	2500	889
snapshot_11_19_2015_0_0.json	1447909200.0	297.75	2500	846
snapshot_11_19_2015_12_0.json	1447952400.0	236.5	2500	858
snapshot_11_19_2015_6_0.json	1447930800.0	236.5	2500	857
snapshot_11_20_2015_0_0.json	1447995600.0	319.98	2500	892
snapshot_11_20_2015_12_0.json	1448038800.0	268.5	2500	901
snapshot_11_21_2015_12_0.json	1448125200.0	295	9999.99	857
snapshot_11_21_2015_18_0.json	1448146800.0	295	9999.99	828
snapshot_11_22_2015_0_0.json	1448168400.0	309.45	9999.99	812
snapshot_11_22_2015_12_0.json	1448211600.0	243.52	9999.99	806
snapshot_11_22_2015_18_0.json	1448233200.0	224.8	9999.99	905
snapshot_11_22_2015_6_0.json	1448190000.0	243.52	9999.99	809
snapshot_11_23_2015_0_0.json	1448254800.0	233.4	9999.99	880
snapshot_11_23_2015_12_0.json	1448298000.0	233.4	9999.99	888
snapshot_11_23_2015_18_0.json	1448319600.0	180.75	9999.99	919
snapshot_11_23_2015_6_0.json	1448276400.0	233.4	9999.99	888
snapshot_11_24_2015_0_0.json	1448341200.0	215.44	1595	719
snapshot_11_24_2015_12_0.json	1448384400.0	210.76	1595	717
snapshot_11_24_2015_18_0.json	1448406000.0	151.5	1595	812
snapshot_11_24_2015_6_0.json	1448362800.0	213.1	1595	719
snapshot_11_24_2015_6_0.json	1448362800.0	213.1	1595	719
snapshot_11_25_2015_0_0.json	1448427600.0	136.45	1595	745
snapshot_11_25_2015_12_0.json	1448470800.0	139.2	1595	675
snapshot_11_25_2015_18_0.json	1448492400.0	145.71	1595	632
snapshot_11_25_2015_6_0.json	1448449200.0	139.2	1595	675
snapshot_11_26_2015_0_0.json	1448514000.0	163.61	1595	615
snapshot_11_27_2015_18_0.json	1448665200.0	119.5	850	453
snapshot_11_28_2015_0_0.json	1448686800.0	103.94	585	395
snapshot_11_28_2015_12_0.json	1448730000.0	113.65	500	316
snapshot_11_28_2015_18_0.json	1448751600.0	90.25	425	232
snapshot_11_28_2015_6_0.json	1448708400.0	106.63	500	328
snapshot_11_29_2015_0_0.json	1448773200.0	118.33	750	54
snapshot_11_29_2015_12_0.json	1448816400.0	0	0	0
snapshot_11_29_2015_18_0.json	1448838000.0	0	0	0
snapshot_11_29_2015_6_0.json	1448794800.0	0	0	0
snapshot_11_30_2015_0_0.json	1448859600.0	0	0	0
snapshot_11_30_2015_12_0.json	1448902800.0	0	0	0
snapshot_11_30_2015_6_0.json	1448881200.0	0	0	0
snapshot_12_3_2015_0_0.json	1449118800.0	0	0	0
snapshot_12_3_2015_12_0.json	1449162000.0	0	0	0
snapshot_12_3_2015_12_0.json	1449162000.0	0	0	0
snapshot_12_3_2015_6_0.json	1449140400.0	0	0	0
snapshot_12_4_2015_0_0.json	1449205200.0	0	0	0
snapshot_12_4_2015_12_0.json	1449248400.0	0	0	0
snapshot_12_4_2015_6_0.json	1449226800.0	0	0	0
snapshot_12_5_2015_0_0.json	1449291600.0	0	0	0
snapshot_12_5_2015_12_0.json	1449334800.0	0	0	0
9194446	2015-11-28T19:00:00Z	Oklahoma State Cowboys	Boone Pickens Stadium at Lewis Field	Oklahoma Oklahoma City|3863	74078
snapshot_11_16_2015_0_0.json	1447650000.0	268.5	2500	1066
snapshot_11_17_2015_0_0.json	1447736400.0	291.9	2500	1089
snapshot_11_17_2015_12_0.json	1447779600.0	291.9	2500	1066
snapshot_11_17_2015_18_0.json	1447801200.0	265.75	2500	1028
snapshot_11_18_2015_0_0.json	1447822800.0	297.75	2500	903
snapshot_11_18_2015_12_0.json	1447866000.0	297.75	2500	887
snapshot_11_18_2015_18_0.json	1447887600.0	297.75	2500	888
snapshot_11_18_2015_6_0.json	1447844400.0	296.7	2500	889
snapshot_11_19_2015_0_0.json	1447909200.0	297.75	2500	846
snapshot_11_19_2015_12_0.json	1447952400.0	236.5	2500	858
snapshot_11_19_2015_6_0.json	1447930800.0	236.5	2500	857
snapshot_11_20_2015_0_0.json	1447995600.0	319.98	2500	892
snapshot_11_20_2015_12_0.json	1448038800.0	268.5	2500	901
snapshot_11_21_2015_12_0.json	1448125200.0	295	9999.99	857
snapshot_11_21_2015_18_0.json	1448146800.0	295	9999.99	828
snapshot_11_22_2015_0_0.json	1448168400.0	309.45	9999.99	812
snapshot_11_22_2015_12_0.json	1448211600.0	243.52	9999.99	806
snapshot_11_22_2015_18_0.json	1448233200.0	224.8	9999.99	905
snapshot_11_22_2015_6_0.json	1448190000.0	243.52	9999.99	809
snapshot_11_23_2015_0_0.json	1448254800.0	233.4	9999.99	880
snapshot_11_23_2015_12_0.json	1448298000.0	233.4	9999.99	888
snapshot_11_23_2015_18_0.json	1448319600.0	180.75	9999.99	919
snapshot_11_23_2015_6_0.json	1448276400.0	233.4	9999.99	888
snapshot_11_24_2015_0_0.json	1448341200.0	215.44	1595	719
snapshot_11_24_2015_12_0.json	1448384400.0	210.76	1595	717
snapshot_11_24_2015_18_0.json	1448406000.0	151.5	1595	812
snapshot_11_24_2015_6_0.json	1448362800.0	213.1	1595	719
snapshot_11_24_2015_6_0.json	1448362800.0	213.1	1595	719
snapshot_11_25_2015_0_0.json	1448427600.0	136.45	1595	745
snapshot_11_25_2015_12_0.json	1448470800.0	139.2	1595	675
snapshot_11_25_2015_18_0.json	1448492400.0	145.71	1595	632
snapshot_11_25_2015_6_0.json	1448449200.0	139.2	1595	675
snapshot_11_26_2015_0_0.json	1448514000.0	163.61	1595	615
snapshot_11_27_2015_18_0.json	1448665200.0	119.5	850	453
snapshot_11_28_2015_0_0.json	1448686800.0	103.94	585	395
snapshot_11_28_2015_12_0.json	1448730000.0	113.65	500	316
snapshot_11_28_2015_18_0.json	1448751600.0	90.25	425	232
snapshot_11_28_2015_6_0.json	1448708400.0	106.63	500	328
snapshot_11_29_2015_0_0.json	1448773200.0	118.33	750	54
snapshot_11_29_2015_12_0.json	1448816400.0	0	0	0
snapshot_11_29_2015_18_0.json	1448838000.0	0	0	0
snapshot_11_29_2015_6_0.json	1448794800.0	0	0	0
snapshot_11_30_2015_0_0.json	1448859600.0	0	0	0
snapshot_11_30_2015_12_0.json	1448902800.0	0	0	0
snapshot_11_30_2015_6_0.json	1448881200.0	0	0	0
snapshot_12_3_2015_0_0.json	1449118800.0	0	0	0
snapshot_12_3_2015_12_0.json	1449162000.0	0	0	0
snapshot_12_3_2015_12_0.json	1449162000.0	0	0	0
snapshot_12_3_2015_6_0.json	1449140400.0	0	0	0
snapshot_12_4_2015_0_0.json	1449205200.0	0	0	0
snapshot_12_4_2015_12_0.json	1449248400.0	0	0	0
snapshot_12_4_2015_6_0.json	1449226800.0	0	0	0
snapshot_12_5_2015_0_0.json	1449291600.0	0	0	0
snapshot_12_5_2015_12_0.json	1449334800.0	0	0	0
