9194445	2015-11-22T00:30:00Z	Oklahoma State Cowboys	Boone Pickens Stadium at Lewis Field	Oklahoma Oklahoma City|3863	74078
snapshot_11_16_2015_0_0.json	1447650000.0	80.07	1500	2059
snapshot_11_17_2015_0_0.json	1447736400.0	71.94	1500	2068
snapshot_11_17_2015_12_0.json	1447779600.0	71.94	1500	1961
snapshot_11_17_2015_18_0.json	1447801200.0	66.84	1500	2009
snapshot_11_18_2015_0_0.json	1447822800.0	62.17	1500	1926
snapshot_11_18_2015_12_0.json	1447866000.0	60.01	1500	1809
snapshot_11_18_2015_18_0.json	1447887600.0	53.98	1500	1834
snapshot_11_18_2015_6_0.json	1447844400.0	60.01	1500	1811
snapshot_11_19_2015_0_0.json	1447909200.0	50.24	415	1672
snapshot_11_19_2015_12_0.json	1447952400.0	55	400	1575
snapshot_11_19_2015_6_0.json	1447930800.0	55	400	1560
snapshot_11_20_2015_0_0.json	1447995600.0	50.24	500	1458
snapshot_11_20_2015_12_0.json	1448038800.0	50.47	500	1307
snapshot_11_21_2015_12_0.json	1448125200.0	42.28	279.06	935
snapshot_11_21_2015_18_0.json	1448146800.0	45.09	250	780
snapshot_11_22_2015_0_0.json	1448168400.0	16.53	250	355
snapshot_11_22_2015_12_0.json	1448211600.0	0	0	0
snapshot_11_22_2015_12_0.json	1448211600.0	0	0	0
snapshot_11_22_2015_6_0.json	1448190000.0	0	0	0
snapshot_11_23_2015_0_0.json	1448254800.0	0	0	0
snapshot_11_23_2015_12_0.json	1448298000.0	0	0	0
snapshot_11_23_2015_6_0.json	1448276400.0	0	0	0
snapshot_11_23_2015_6_0.json	1448276400.0	0	0	0
snapshot_11_26_2015_0_0.json	1448514000.0	0	0	0
snapshot_11_26_2015_0_0.json	1448514000.0	0	0	0
9194445	2015-11-22T00:30:00Z	Oklahoma State Cowboys	Boone Pickens Stadium at Lewis Field	Oklahoma Oklahoma City|3863	74078
snapshot_11_16_2015_0_0.json	1447650000.0	80.07	1500	2059
snapshot_11_17_2015_0_0.json	1447736400.0	71.94	1500	2068
snapshot_11_17_2015_12_0.json	1447779600.0	71.94	1500	1961
snapshot_11_17_2015_18_0.json	1447801200.0	66.84	1500	2009
snapshot_11_18_2015_0_0.json	1447822800.0	62.17	1500	1926
snapshot_11_18_2015_12_0.json	1447866000.0	60.01	1500	1809
snapshot_11_18_2015_18_0.json	1447887600.0	53.98	1500	1834
snapshot_11_18_2015_6_0.json	1447844400.0	60.01	1500	1811
snapshot_11_19_2015_0_0.json	1447909200.0	50.24	415	1672
snapshot_11_19_2015_12_0.json	1447952400.0	55	400	1575
snapshot_11_19_2015_6_0.json	1447930800.0	55	400	1560
snapshot_11_20_2015_0_0.json	1447995600.0	50.24	500	1458
snapshot_11_20_2015_12_0.json	1448038800.0	50.47	500	1307
snapshot_11_21_2015_12_0.json	1448125200.0	42.28	279.06	935
snapshot_11_21_2015_18_0.json	1448146800.0	45.09	250	780
snapshot_11_22_2015_0_0.json	1448168400.0	16.53	250	355
snapshot_11_22_2015_12_0.json	1448211600.0	0	0	0
snapshot_11_22_2015_12_0.json	1448211600.0	0	0	0
snapshot_11_22_2015_6_0.json	1448190000.0	0	0	0
snapshot_11_23_2015_0_0.json	1448254800.0	0	0	0
snapshot_11_23_2015_12_0.json	1448298000.0	0	0	0
snapshot_11_23_2015_6_0.json	1448276400.0	0	0	0
snapshot_11_23_2015_6_0.json	1448276400.0	0	0	0
snapshot_11_26_2015_0_0.json	1448514000.0	0	0	0
snapshot_11_26_2015_0_0.json	1448514000.0	0	0	0
9194445	2015-11-22T00:30:00Z	Oklahoma State Cowboys	Boone Pickens Stadium at Lewis Field	Oklahoma Oklahoma City|3863	74078
snapshot_11_16_2015_0_0.json	1447650000.0	80.07	1500	2059
snapshot_11_17_2015_0_0.json	1447736400.0	71.94	1500	2068
snapshot_11_17_2015_12_0.json	1447779600.0	71.94	1500	1961
snapshot_11_17_2015_18_0.json	1447801200.0	66.84	1500	2009
snapshot_11_18_2015_0_0.json	1447822800.0	62.17	1500	1926
snapshot_11_18_2015_12_0.json	1447866000.0	60.01	1500	1809
snapshot_11_18_2015_18_0.json	1447887600.0	53.98	1500	1834
snapshot_11_18_2015_6_0.json	1447844400.0	60.01	1500	1811
snapshot_11_19_2015_0_0.json	1447909200.0	50.24	415	1672
snapshot_11_19_2015_12_0.json	1447952400.0	55	400	1575
snapshot_11_19_2015_6_0.json	1447930800.0	55	400	1560
snapshot_11_20_2015_0_0.json	1447995600.0	50.24	500	1458
snapshot_11_20_2015_12_0.json	1448038800.0	50.47	500	1307
snapshot_11_21_2015_12_0.json	1448125200.0	42.28	279.06	935
snapshot_11_21_2015_18_0.json	1448146800.0	45.09	250	780
snapshot_11_22_2015_0_0.json	1448168400.0	16.53	250	355
snapshot_11_22_2015_12_0.json	1448211600.0	0	0	0
snapshot_11_22_2015_12_0.json	1448211600.0	0	0	0
snapshot_11_22_2015_6_0.json	1448190000.0	0	0	0
snapshot_11_23_2015_0_0.json	1448254800.0	0	0	0
snapshot_11_23_2015_12_0.json	1448298000.0	0	0	0
snapshot_11_23_2015_6_0.json	1448276400.0	0	0	0
snapshot_11_23_2015_6_0.json	1448276400.0	0	0	0
snapshot_11_26_2015_0_0.json	1448514000.0	0	0	0
snapshot_11_26_2015_0_0.json	1448514000.0	0	0	0
9194445	2015-11-22T00:30:00Z	Oklahoma State Cowboys	Boone Pickens Stadium at Lewis Field	Oklahoma Oklahoma City|3863	74078
snapshot_11_16_2015_0_0.json	1447650000.0	80.07	1500	2059
snapshot_11_17_2015_0_0.json	1447736400.0	71.94	1500	2068
snapshot_11_17_2015_12_0.json	1447779600.0	71.94	1500	1961
snapshot_11_17_2015_18_0.json	1447801200.0	66.84	1500	2009
snapshot_11_18_2015_0_0.json	1447822800.0	62.17	1500	1926
snapshot_11_18_2015_12_0.json	1447866000.0	60.01	1500	1809
snapshot_11_18_2015_18_0.json	1447887600.0	53.98	1500	1834
snapshot_11_18_2015_6_0.json	1447844400.0	60.01	1500	1811
snapshot_11_19_2015_0_0.json	1447909200.0	50.24	415	1672
snapshot_11_19_2015_12_0.json	1447952400.0	55	400	1575
snapshot_11_19_2015_6_0.json	1447930800.0	55	400	1560
snapshot_11_20_2015_0_0.json	1447995600.0	50.24	500	1458
snapshot_11_20_2015_12_0.json	1448038800.0	50.47	500	1307
snapshot_11_21_2015_12_0.json	1448125200.0	42.28	279.06	935
snapshot_11_21_2015_18_0.json	1448146800.0	45.09	250	780
snapshot_11_22_2015_0_0.json	1448168400.0	16.53	250	355
snapshot_11_22_2015_12_0.json	1448211600.0	0	0	0
snapshot_11_22_2015_12_0.json	1448211600.0	0	0	0
snapshot_11_22_2015_6_0.json	1448190000.0	0	0	0
snapshot_11_23_2015_0_0.json	1448254800.0	0	0	0
snapshot_11_23_2015_12_0.json	1448298000.0	0	0	0
snapshot_11_23_2015_6_0.json	1448276400.0	0	0	0
snapshot_11_23_2015_6_0.json	1448276400.0	0	0	0
snapshot_11_26_2015_0_0.json	1448514000.0	0	0	0
snapshot_11_26_2015_0_0.json	1448514000.0	0	0	0
