9194479	2015-11-28T21:00:00Z	Tennessee Volunteers	Neyland Stadium	Tennessee Knoxville|5528	37996
snapshot_11_16_2015_0_0.json	1447650000.0	41.11	1200	1897
snapshot_11_17_2015_12_0.json	1447779600.0	44.62	1200	1765
snapshot_11_17_2015_18_0.json	1447801200.0	44.62	1200	1722
snapshot_11_17_2015_6_0.json	1447758000.0	44.62	1200	1766
snapshot_11_17_2015_6_0.json	1447758000.0	44.62	1200	1766
snapshot_11_18_2015_0_0.json	1447822800.0	48.13	1200	1728
snapshot_11_18_2015_12_0.json	1447866000.0	49.29	1200	1678
snapshot_11_18_2015_18_0.json	1447887600.0	48.13	1077	1665
snapshot_11_18_2015_18_0.json	1447887600.0	48.13	1077	1665
snapshot_11_18_2015_6_0.json	1447844400.0	46.96	1200	1680
snapshot_11_19_2015_0_0.json	1447909200.0	44.61	1077	1642
snapshot_11_19_2015_12_0.json	1447952400.0	41.11	1077	1624
snapshot_11_19_2015_6_0.json	1447930800.0	41.11	1077	1633
snapshot_11_20_2015_0_0.json	1447995600.0	41.11	1077	1621
snapshot_11_20_2015_12_0.json	1448038800.0	44.61	1077	1603
snapshot_11_21_2015_12_0.json	1448125200.0	42.28	1077	1629
snapshot_11_21_2015_18_0.json	1448146800.0	42.28	1077	1593
snapshot_11_22_2015_0_0.json	1448168400.0	42.28	1077	1573
snapshot_11_22_2015_12_0.json	1448211600.0	46.96	1077	1503
snapshot_11_22_2015_18_0.json	1448233200.0	49.29	556.08	1476
snapshot_11_22_2015_6_0.json	1448190000.0	46.96	1077	1514
snapshot_11_23_2015_0_0.json	1448254800.0	44.61	556.08	1437
snapshot_11_23_2015_12_0.json	1448298000.0	44.61	556.08	1440
snapshot_11_23_2015_18_0.json	1448319600.0	49.3	399	1538
snapshot_11_23_2015_6_0.json	1448276400.0	44.61	556.08	1441
snapshot_11_24_2015_0_0.json	1448341200.0	48.72	350	1524
snapshot_11_24_2015_12_0.json	1448384400.0	41.11	424	1529
snapshot_11_24_2015_18_0.json	1448406000.0	37.6	424	1557
snapshot_11_24_2015_6_0.json	1448362800.0	46.96	424	1502
snapshot_11_25_2015_0_0.json	1448427600.0	43.45	424	1547
snapshot_11_25_2015_12_0.json	1448470800.0	42.28	350	1528
snapshot_11_25_2015_18_0.json	1448492400.0	37.6	350	1488
snapshot_11_25_2015_6_0.json	1448449200.0	43.45	350	1528
snapshot_11_26_2015_0_0.json	1448514000.0	39.94	350	1403
snapshot_11_27_2015_18_0.json	1448665200.0	37.59	350	813
snapshot_11_28_2015_0_0.json	1448686800.0	43.45	250	576
snapshot_11_28_2015_12_0.json	1448730000.0	49.3	250	421
snapshot_11_28_2015_18_0.json	1448751600.0	46.38	250	273
snapshot_11_28_2015_6_0.json	1448708400.0	46.96	250	419
snapshot_11_29_2015_0_0.json	1448773200.0	0	0	0
snapshot_11_29_2015_12_0.json	1448816400.0	0	0	0
snapshot_11_29_2015_18_0.json	1448838000.0	0	0	0
snapshot_11_29_2015_6_0.json	1448794800.0	0	0	0
snapshot_11_30_2015_0_0.json	1448859600.0	0	0	0
snapshot_11_30_2015_12_0.json	1448902800.0	0	0	0
snapshot_11_30_2015_6_0.json	1448881200.0	0	0	0
snapshot_12_1_2015_18_0.json	1449010800.0	0	0	0
snapshot_12_2_2015_0_0.json	1449032400.0	0	0	0
snapshot_12_2_2015_0_0.json	1449032400.0	0	0	0
snapshot_12_3_2015_0_0.json	1449118800.0	0	0	0
snapshot_12_3_2015_12_0.json	1449162000.0	0	0	0
9194479	2015-11-28T21:00:00Z	Tennessee Volunteers	Neyland Stadium	Tennessee Knoxville|5528	37996
snapshot_11_16_2015_0_0.json	1447650000.0	41.11	1200	1897
snapshot_11_17_2015_12_0.json	1447779600.0	44.62	1200	1765
snapshot_11_17_2015_18_0.json	1447801200.0	44.62	1200	1722
snapshot_11_17_2015_6_0.json	1447758000.0	44.62	1200	1766
snapshot_11_17_2015_6_0.json	1447758000.0	44.62	1200	1766
snapshot_11_18_2015_0_0.json	1447822800.0	48.13	1200	1728
snapshot_11_18_2015_12_0.json	1447866000.0	49.29	1200	1678
snapshot_11_18_2015_18_0.json	1447887600.0	48.13	1077	1665
snapshot_11_18_2015_18_0.json	1447887600.0	48.13	1077	1665
snapshot_11_18_2015_6_0.json	1447844400.0	46.96	1200	1680
snapshot_11_19_2015_0_0.json	1447909200.0	44.61	1077	1642
snapshot_11_19_2015_12_0.json	1447952400.0	41.11	1077	1624
snapshot_11_19_2015_6_0.json	1447930800.0	41.11	1077	1633
snapshot_11_20_2015_0_0.json	1447995600.0	41.11	1077	1621
snapshot_11_20_2015_12_0.json	1448038800.0	44.61	1077	1603
snapshot_11_21_2015_12_0.json	1448125200.0	42.28	1077	1629
snapshot_11_21_2015_18_0.json	1448146800.0	42.28	1077	1593
snapshot_11_22_2015_0_0.json	1448168400.0	42.28	1077	1573
snapshot_11_22_2015_12_0.json	1448211600.0	46.96	1077	1503
snapshot_11_22_2015_18_0.json	1448233200.0	49.29	556.08	1476
snapshot_11_22_2015_6_0.json	1448190000.0	46.96	1077	1514
snapshot_11_23_2015_0_0.json	1448254800.0	44.61	556.08	1437
snapshot_11_23_2015_12_0.json	1448298000.0	44.61	556.08	1440
snapshot_11_23_2015_18_0.json	1448319600.0	49.3	399	1538
snapshot_11_23_2015_6_0.json	1448276400.0	44.61	556.08	1441
snapshot_11_24_2015_0_0.json	1448341200.0	48.72	350	1524
snapshot_11_24_2015_12_0.json	1448384400.0	41.11	424	1529
snapshot_11_24_2015_18_0.json	1448406000.0	37.6	424	1557
snapshot_11_24_2015_6_0.json	1448362800.0	46.96	424	1502
snapshot_11_25_2015_0_0.json	1448427600.0	43.45	424	1547
snapshot_11_25_2015_12_0.json	1448470800.0	42.28	350	1528
snapshot_11_25_2015_18_0.json	1448492400.0	37.6	350	1488
snapshot_11_25_2015_6_0.json	1448449200.0	43.45	350	1528
snapshot_11_26_2015_0_0.json	1448514000.0	39.94	350	1403
snapshot_11_27_2015_18_0.json	1448665200.0	37.59	350	813
snapshot_11_28_2015_0_0.json	1448686800.0	43.45	250	576
snapshot_11_28_2015_12_0.json	1448730000.0	49.3	250	421
snapshot_11_28_2015_18_0.json	1448751600.0	46.38	250	273
snapshot_11_28_2015_6_0.json	1448708400.0	46.96	250	419
snapshot_11_29_2015_0_0.json	1448773200.0	0	0	0
snapshot_11_29_2015_12_0.json	1448816400.0	0	0	0
snapshot_11_29_2015_18_0.json	1448838000.0	0	0	0
snapshot_11_29_2015_6_0.json	1448794800.0	0	0	0
snapshot_11_30_2015_0_0.json	1448859600.0	0	0	0
snapshot_11_30_2015_12_0.json	1448902800.0	0	0	0
snapshot_11_30_2015_6_0.json	1448881200.0	0	0	0
snapshot_12_1_2015_18_0.json	1449010800.0	0	0	0
snapshot_12_2_2015_0_0.json	1449032400.0	0	0	0
snapshot_12_2_2015_0_0.json	1449032400.0	0	0	0
snapshot_12_3_2015_0_0.json	1449118800.0	0	0	0
snapshot_12_3_2015_12_0.json	1449162000.0	0	0	0
9194479	2015-11-28T21:00:00Z	Tennessee Volunteers	Neyland Stadium	Tennessee Knoxville|5528	37996
snapshot_11_16_2015_0_0.json	1447650000.0	41.11	1200	1897
snapshot_11_17_2015_12_0.json	1447779600.0	44.62	1200	1765
snapshot_11_17_2015_18_0.json	1447801200.0	44.62	1200	1722
snapshot_11_17_2015_6_0.json	1447758000.0	44.62	1200	1766
snapshot_11_17_2015_6_0.json	1447758000.0	44.62	1200	1766
snapshot_11_18_2015_0_0.json	1447822800.0	48.13	1200	1728
snapshot_11_18_2015_12_0.json	1447866000.0	49.29	1200	1678
snapshot_11_18_2015_18_0.json	1447887600.0	48.13	1077	1665
snapshot_11_18_2015_18_0.json	1447887600.0	48.13	1077	1665
snapshot_11_18_2015_6_0.json	1447844400.0	46.96	1200	1680
snapshot_11_19_2015_0_0.json	1447909200.0	44.61	1077	1642
snapshot_11_19_2015_12_0.json	1447952400.0	41.11	1077	1624
snapshot_11_19_2015_6_0.json	1447930800.0	41.11	1077	1633
snapshot_11_20_2015_0_0.json	1447995600.0	41.11	1077	1621
snapshot_11_20_2015_12_0.json	1448038800.0	44.61	1077	1603
snapshot_11_21_2015_12_0.json	1448125200.0	42.28	1077	1629
snapshot_11_21_2015_18_0.json	1448146800.0	42.28	1077	1593
snapshot_11_22_2015_0_0.json	1448168400.0	42.28	1077	1573
snapshot_11_22_2015_12_0.json	1448211600.0	46.96	1077	1503
snapshot_11_22_2015_18_0.json	1448233200.0	49.29	556.08	1476
snapshot_11_22_2015_6_0.json	1448190000.0	46.96	1077	1514
snapshot_11_23_2015_0_0.json	1448254800.0	44.61	556.08	1437
snapshot_11_23_2015_12_0.json	1448298000.0	44.61	556.08	1440
snapshot_11_23_2015_18_0.json	1448319600.0	49.3	399	1538
snapshot_11_23_2015_6_0.json	1448276400.0	44.61	556.08	1441
snapshot_11_24_2015_0_0.json	1448341200.0	48.72	350	1524
snapshot_11_24_2015_12_0.json	1448384400.0	41.11	424	1529
snapshot_11_24_2015_18_0.json	1448406000.0	37.6	424	1557
snapshot_11_24_2015_6_0.json	1448362800.0	46.96	424	1502
snapshot_11_25_2015_0_0.json	1448427600.0	43.45	424	1547
snapshot_11_25_2015_12_0.json	1448470800.0	42.28	350	1528
snapshot_11_25_2015_18_0.json	1448492400.0	37.6	350	1488
snapshot_11_25_2015_6_0.json	1448449200.0	43.45	350	1528
snapshot_11_26_2015_0_0.json	1448514000.0	39.94	350	1403
snapshot_11_27_2015_18_0.json	1448665200.0	37.59	350	813
snapshot_11_28_2015_0_0.json	1448686800.0	43.45	250	576
snapshot_11_28_2015_12_0.json	1448730000.0	49.3	250	421
snapshot_11_28_2015_18_0.json	1448751600.0	46.38	250	273
snapshot_11_28_2015_6_0.json	1448708400.0	46.96	250	419
snapshot_11_29_2015_0_0.json	1448773200.0	0	0	0
snapshot_11_29_2015_12_0.json	1448816400.0	0	0	0
snapshot_11_29_2015_18_0.json	1448838000.0	0	0	0
snapshot_11_29_2015_6_0.json	1448794800.0	0	0	0
snapshot_11_30_2015_0_0.json	1448859600.0	0	0	0
snapshot_11_30_2015_12_0.json	1448902800.0	0	0	0
snapshot_11_30_2015_6_0.json	1448881200.0	0	0	0
snapshot_12_1_2015_18_0.json	1449010800.0	0	0	0
snapshot_12_2_2015_0_0.json	1449032400.0	0	0	0
snapshot_12_2_2015_0_0.json	1449032400.0	0	0	0
snapshot_12_3_2015_0_0.json	1449118800.0	0	0	0
snapshot_12_3_2015_12_0.json	1449162000.0	0	0	0
9194479	2015-11-28T21:00:00Z	Tennessee Volunteers	Neyland Stadium	Tennessee Knoxville|5528	37996
snapshot_11_16_2015_0_0.json	1447650000.0	41.11	1200	1897
snapshot_11_17_2015_12_0.json	1447779600.0	44.62	1200	1765
snapshot_11_17_2015_18_0.json	1447801200.0	44.62	1200	1722
snapshot_11_17_2015_6_0.json	1447758000.0	44.62	1200	1766
snapshot_11_17_2015_6_0.json	1447758000.0	44.62	1200	1766
snapshot_11_18_2015_0_0.json	1447822800.0	48.13	1200	1728
snapshot_11_18_2015_12_0.json	1447866000.0	49.29	1200	1678
snapshot_11_18_2015_18_0.json	1447887600.0	48.13	1077	1665
snapshot_11_18_2015_18_0.json	1447887600.0	48.13	1077	1665
snapshot_11_18_2015_6_0.json	1447844400.0	46.96	1200	1680
snapshot_11_19_2015_0_0.json	1447909200.0	44.61	1077	1642
snapshot_11_19_2015_12_0.json	1447952400.0	41.11	1077	1624
snapshot_11_19_2015_6_0.json	1447930800.0	41.11	1077	1633
snapshot_11_20_2015_0_0.json	1447995600.0	41.11	1077	1621
snapshot_11_20_2015_12_0.json	1448038800.0	44.61	1077	1603
snapshot_11_21_2015_12_0.json	1448125200.0	42.28	1077	1629
snapshot_11_21_2015_18_0.json	1448146800.0	42.28	1077	1593
snapshot_11_22_2015_0_0.json	1448168400.0	42.28	1077	1573
snapshot_11_22_2015_12_0.json	1448211600.0	46.96	1077	1503
snapshot_11_22_2015_18_0.json	1448233200.0	49.29	556.08	1476
snapshot_11_22_2015_6_0.json	1448190000.0	46.96	1077	1514
snapshot_11_23_2015_0_0.json	1448254800.0	44.61	556.08	1437
snapshot_11_23_2015_12_0.json	1448298000.0	44.61	556.08	1440
snapshot_11_23_2015_18_0.json	1448319600.0	49.3	399	1538
snapshot_11_23_2015_6_0.json	1448276400.0	44.61	556.08	1441
snapshot_11_24_2015_0_0.json	1448341200.0	48.72	350	1524
snapshot_11_24_2015_12_0.json	1448384400.0	41.11	424	1529
snapshot_11_24_2015_18_0.json	1448406000.0	37.6	424	1557
snapshot_11_24_2015_6_0.json	1448362800.0	46.96	424	1502
snapshot_11_25_2015_0_0.json	1448427600.0	43.45	424	1547
snapshot_11_25_2015_12_0.json	1448470800.0	42.28	350	1528
snapshot_11_25_2015_18_0.json	1448492400.0	37.6	350	1488
snapshot_11_25_2015_6_0.json	1448449200.0	43.45	350	1528
snapshot_11_26_2015_0_0.json	1448514000.0	39.94	350	1403
snapshot_11_27_2015_18_0.json	1448665200.0	37.59	350	813
snapshot_11_28_2015_0_0.json	1448686800.0	43.45	250	576
snapshot_11_28_2015_12_0.json	1448730000.0	49.3	250	421
snapshot_11_28_2015_18_0.json	1448751600.0	46.38	250	273
snapshot_11_28_2015_6_0.json	1448708400.0	46.96	250	419
snapshot_11_29_2015_0_0.json	1448773200.0	0	0	0
snapshot_11_29_2015_12_0.json	1448816400.0	0	0	0
snapshot_11_29_2015_18_0.json	1448838000.0	0	0	0
snapshot_11_29_2015_6_0.json	1448794800.0	0	0	0
snapshot_11_30_2015_0_0.json	1448859600.0	0	0	0
snapshot_11_30_2015_12_0.json	1448902800.0	0	0	0
snapshot_11_30_2015_6_0.json	1448881200.0	0	0	0
snapshot_12_1_2015_18_0.json	1449010800.0	0	0	0
snapshot_12_2_2015_0_0.json	1449032400.0	0	0	0
snapshot_12_2_2015_0_0.json	1449032400.0	0	0	0
snapshot_12_3_2015_0_0.json	1449118800.0	0	0	0
snapshot_12_3_2015_12_0.json	1449162000.0	0	0	0
