9195219	2015-11-28T19:30:00Z	Utah Utes	Rice Eccles Stadium	Utah Salt Lake City|706	84112
snapshot_11_16_2015_0_0.json	1447650000.0	52.81	600	322
snapshot_11_17_2015_12_0.json	1447779600.0	52.81	600	316
snapshot_11_17_2015_18_0.json	1447801200.0	52.81	600	321
snapshot_11_17_2015_6_0.json	1447758000.0	52.81	600	318
snapshot_11_18_2015_0_0.json	1447822800.0	52.81	600	319
snapshot_11_18_2015_12_0.json	1447866000.0	52.81	600	327
snapshot_11_18_2015_18_0.json	1447887600.0	50.82	600	329
snapshot_11_18_2015_6_0.json	1447844400.0	52.81	600	327
snapshot_11_19_2015_0_0.json	1447909200.0	50.82	600	333
snapshot_11_19_2015_12_0.json	1447952400.0	50.82	600	348
snapshot_11_19_2015_6_0.json	1447930800.0	50.82	600	348
snapshot_11_20_2015_0_0.json	1447995600.0	52.81	600	343
snapshot_11_20_2015_12_0.json	1448038800.0	52.81	600	332
snapshot_11_21_2015_12_0.json	1448125200.0	53.92	600	327
snapshot_11_21_2015_18_0.json	1448146800.0	53.92	600	345
snapshot_11_22_2015_0_0.json	1448168400.0	49.3	600	328
snapshot_11_22_2015_12_0.json	1448211600.0	49.3	600	333
snapshot_11_22_2015_18_0.json	1448233200.0	45.24	600	343
snapshot_11_22_2015_6_0.json	1448190000.0	49.3	600	328
snapshot_11_23_2015_0_0.json	1448254800.0	45.24	600	332
snapshot_11_23_2015_12_0.json	1448298000.0	45.24	600	329
snapshot_11_23_2015_18_0.json	1448319600.0	45.24	600	325
snapshot_11_23_2015_6_0.json	1448276400.0	45.24	600	330
snapshot_11_24_2015_0_0.json	1448341200.0	48.13	9999	159
snapshot_11_24_2015_12_0.json	1448384400.0	48.13	9999	164
snapshot_11_24_2015_12_0.json	1448384400.0	48.13	9999	164
snapshot_11_24_2015_18_0.json	1448406000.0	48.13	200	164
snapshot_11_25_2015_0_0.json	1448427600.0	48.07	200	152
snapshot_11_25_2015_12_0.json	1448470800.0	43.45	200	148
snapshot_11_25_2015_18_0.json	1448492400.0	39.18	200	147
snapshot_11_26_2015_0_0.json	1448514000.0	34.5	200	136
snapshot_11_27_2015_18_0.json	1448665200.0	43.45	200	86
snapshot_11_28_2015_0_0.json	1448686800.0	37.6	150	82
snapshot_11_28_2015_12_0.json	1448730000.0	39.94	150	51
snapshot_11_28_2015_18_0.json	1448751600.0	37.6	85	34
snapshot_11_28_2015_6_0.json	1448708400.0	38.77	150	57
snapshot_11_28_2015_6_0.json	1448708400.0	38.77	150	57
snapshot_11_29_2015_0_0.json	1448773200.0	0	0	0
snapshot_11_29_2015_12_0.json	1448816400.0	0	0	0
snapshot_11_29_2015_18_0.json	1448838000.0	0	0	0
snapshot_11_29_2015_6_0.json	1448794800.0	0	0	0
snapshot_11_30_2015_0_0.json	1448859600.0	0	0	0
snapshot_11_30_2015_12_0.json	1448902800.0	0	0	0
snapshot_12_2_2015_12_0.json	1449075600.0	0	0	0
snapshot_12_2_2015_6_0.json	1449054000.0	0	0	0
9195219	2015-11-28T19:30:00Z	Utah Utes	Rice Eccles Stadium	Utah Salt Lake City|706	84112
snapshot_11_16_2015_0_0.json	1447650000.0	52.81	600	322
snapshot_11_17_2015_12_0.json	1447779600.0	52.81	600	316
snapshot_11_17_2015_18_0.json	1447801200.0	52.81	600	321
snapshot_11_17_2015_6_0.json	1447758000.0	52.81	600	318
snapshot_11_18_2015_0_0.json	1447822800.0	52.81	600	319
snapshot_11_18_2015_12_0.json	1447866000.0	52.81	600	327
snapshot_11_18_2015_18_0.json	1447887600.0	50.82	600	329
snapshot_11_18_2015_6_0.json	1447844400.0	52.81	600	327
snapshot_11_19_2015_0_0.json	1447909200.0	50.82	600	333
snapshot_11_19_2015_12_0.json	1447952400.0	50.82	600	348
snapshot_11_19_2015_6_0.json	1447930800.0	50.82	600	348
snapshot_11_20_2015_0_0.json	1447995600.0	52.81	600	343
snapshot_11_20_2015_12_0.json	1448038800.0	52.81	600	332
snapshot_11_21_2015_12_0.json	1448125200.0	53.92	600	327
snapshot_11_21_2015_18_0.json	1448146800.0	53.92	600	345
snapshot_11_22_2015_0_0.json	1448168400.0	49.3	600	328
snapshot_11_22_2015_12_0.json	1448211600.0	49.3	600	333
snapshot_11_22_2015_18_0.json	1448233200.0	45.24	600	343
snapshot_11_22_2015_6_0.json	1448190000.0	49.3	600	328
snapshot_11_23_2015_0_0.json	1448254800.0	45.24	600	332
snapshot_11_23_2015_12_0.json	1448298000.0	45.24	600	329
snapshot_11_23_2015_18_0.json	1448319600.0	45.24	600	325
snapshot_11_23_2015_6_0.json	1448276400.0	45.24	600	330
snapshot_11_24_2015_0_0.json	1448341200.0	48.13	9999	159
snapshot_11_24_2015_12_0.json	1448384400.0	48.13	9999	164
snapshot_11_24_2015_12_0.json	1448384400.0	48.13	9999	164
snapshot_11_24_2015_18_0.json	1448406000.0	48.13	200	164
snapshot_11_25_2015_0_0.json	1448427600.0	48.07	200	152
snapshot_11_25_2015_12_0.json	1448470800.0	43.45	200	148
snapshot_11_25_2015_18_0.json	1448492400.0	39.18	200	147
snapshot_11_26_2015_0_0.json	1448514000.0	34.5	200	136
snapshot_11_27_2015_18_0.json	1448665200.0	43.45	200	86
snapshot_11_28_2015_0_0.json	1448686800.0	37.6	150	82
snapshot_11_28_2015_12_0.json	1448730000.0	39.94	150	51
snapshot_11_28_2015_18_0.json	1448751600.0	37.6	85	34
snapshot_11_28_2015_6_0.json	1448708400.0	38.77	150	57
snapshot_11_28_2015_6_0.json	1448708400.0	38.77	150	57
snapshot_11_29_2015_0_0.json	1448773200.0	0	0	0
snapshot_11_29_2015_12_0.json	1448816400.0	0	0	0
snapshot_11_29_2015_18_0.json	1448838000.0	0	0	0
snapshot_11_29_2015_6_0.json	1448794800.0	0	0	0
snapshot_11_30_2015_0_0.json	1448859600.0	0	0	0
snapshot_11_30_2015_12_0.json	1448902800.0	0	0	0
snapshot_12_2_2015_12_0.json	1449075600.0	0	0	0
snapshot_12_2_2015_6_0.json	1449054000.0	0	0	0
9195219	2015-11-28T19:30:00Z	Utah Utes	Rice Eccles Stadium	Utah Salt Lake City|706	84112
snapshot_11_16_2015_0_0.json	1447650000.0	52.81	600	322
snapshot_11_17_2015_12_0.json	1447779600.0	52.81	600	316
snapshot_11_17_2015_18_0.json	1447801200.0	52.81	600	321
snapshot_11_17_2015_6_0.json	1447758000.0	52.81	600	318
snapshot_11_18_2015_0_0.json	1447822800.0	52.81	600	319
snapshot_11_18_2015_12_0.json	1447866000.0	52.81	600	327
snapshot_11_18_2015_18_0.json	1447887600.0	50.82	600	329
snapshot_11_18_2015_6_0.json	1447844400.0	52.81	600	327
snapshot_11_19_2015_0_0.json	1447909200.0	50.82	600	333
snapshot_11_19_2015_12_0.json	1447952400.0	50.82	600	348
snapshot_11_19_2015_6_0.json	1447930800.0	50.82	600	348
snapshot_11_20_2015_0_0.json	1447995600.0	52.81	600	343
snapshot_11_20_2015_12_0.json	1448038800.0	52.81	600	332
snapshot_11_21_2015_12_0.json	1448125200.0	53.92	600	327
snapshot_11_21_2015_18_0.json	1448146800.0	53.92	600	345
snapshot_11_22_2015_0_0.json	1448168400.0	49.3	600	328
snapshot_11_22_2015_12_0.json	1448211600.0	49.3	600	333
snapshot_11_22_2015_18_0.json	1448233200.0	45.24	600	343
snapshot_11_22_2015_6_0.json	1448190000.0	49.3	600	328
snapshot_11_23_2015_0_0.json	1448254800.0	45.24	600	332
snapshot_11_23_2015_12_0.json	1448298000.0	45.24	600	329
snapshot_11_23_2015_18_0.json	1448319600.0	45.24	600	325
snapshot_11_23_2015_6_0.json	1448276400.0	45.24	600	330
snapshot_11_24_2015_0_0.json	1448341200.0	48.13	9999	159
snapshot_11_24_2015_12_0.json	1448384400.0	48.13	9999	164
snapshot_11_24_2015_12_0.json	1448384400.0	48.13	9999	164
snapshot_11_24_2015_18_0.json	1448406000.0	48.13	200	164
snapshot_11_25_2015_0_0.json	1448427600.0	48.07	200	152
snapshot_11_25_2015_12_0.json	1448470800.0	43.45	200	148
snapshot_11_25_2015_18_0.json	1448492400.0	39.18	200	147
snapshot_11_26_2015_0_0.json	1448514000.0	34.5	200	136
snapshot_11_27_2015_18_0.json	1448665200.0	43.45	200	86
snapshot_11_28_2015_0_0.json	1448686800.0	37.6	150	82
snapshot_11_28_2015_12_0.json	1448730000.0	39.94	150	51
snapshot_11_28_2015_18_0.json	1448751600.0	37.6	85	34
snapshot_11_28_2015_6_0.json	1448708400.0	38.77	150	57
snapshot_11_28_2015_6_0.json	1448708400.0	38.77	150	57
snapshot_11_29_2015_0_0.json	1448773200.0	0	0	0
snapshot_11_29_2015_12_0.json	1448816400.0	0	0	0
snapshot_11_29_2015_18_0.json	1448838000.0	0	0	0
snapshot_11_29_2015_6_0.json	1448794800.0	0	0	0
snapshot_11_30_2015_0_0.json	1448859600.0	0	0	0
snapshot_11_30_2015_12_0.json	1448902800.0	0	0	0
snapshot_12_2_2015_12_0.json	1449075600.0	0	0	0
snapshot_12_2_2015_6_0.json	1449054000.0	0	0	0
9195219	2015-11-28T19:30:00Z	Utah Utes	Rice Eccles Stadium	Utah Salt Lake City|706	84112
snapshot_11_16_2015_0_0.json	1447650000.0	52.81	600	322
snapshot_11_17_2015_12_0.json	1447779600.0	52.81	600	316
snapshot_11_17_2015_18_0.json	1447801200.0	52.81	600	321
snapshot_11_17_2015_6_0.json	1447758000.0	52.81	600	318
snapshot_11_18_2015_0_0.json	1447822800.0	52.81	600	319
snapshot_11_18_2015_12_0.json	1447866000.0	52.81	600	327
snapshot_11_18_2015_18_0.json	1447887600.0	50.82	600	329
snapshot_11_18_2015_6_0.json	1447844400.0	52.81	600	327
snapshot_11_19_2015_0_0.json	1447909200.0	50.82	600	333
snapshot_11_19_2015_12_0.json	1447952400.0	50.82	600	348
snapshot_11_19_2015_6_0.json	1447930800.0	50.82	600	348
snapshot_11_20_2015_0_0.json	1447995600.0	52.81	600	343
snapshot_11_20_2015_12_0.json	1448038800.0	52.81	600	332
snapshot_11_21_2015_12_0.json	1448125200.0	53.92	600	327
snapshot_11_21_2015_18_0.json	1448146800.0	53.92	600	345
snapshot_11_22_2015_0_0.json	1448168400.0	49.3	600	328
snapshot_11_22_2015_12_0.json	1448211600.0	49.3	600	333
snapshot_11_22_2015_18_0.json	1448233200.0	45.24	600	343
snapshot_11_22_2015_6_0.json	1448190000.0	49.3	600	328
snapshot_11_23_2015_0_0.json	1448254800.0	45.24	600	332
snapshot_11_23_2015_12_0.json	1448298000.0	45.24	600	329
snapshot_11_23_2015_18_0.json	1448319600.0	45.24	600	325
snapshot_11_23_2015_6_0.json	1448276400.0	45.24	600	330
snapshot_11_24_2015_0_0.json	1448341200.0	48.13	9999	159
snapshot_11_24_2015_12_0.json	1448384400.0	48.13	9999	164
snapshot_11_24_2015_12_0.json	1448384400.0	48.13	9999	164
snapshot_11_24_2015_18_0.json	1448406000.0	48.13	200	164
snapshot_11_25_2015_0_0.json	1448427600.0	48.07	200	152
snapshot_11_25_2015_12_0.json	1448470800.0	43.45	200	148
snapshot_11_25_2015_18_0.json	1448492400.0	39.18	200	147
snapshot_11_26_2015_0_0.json	1448514000.0	34.5	200	136
snapshot_11_27_2015_18_0.json	1448665200.0	43.45	200	86
snapshot_11_28_2015_0_0.json	1448686800.0	37.6	150	82
snapshot_11_28_2015_12_0.json	1448730000.0	39.94	150	51
snapshot_11_28_2015_18_0.json	1448751600.0	37.6	85	34
snapshot_11_28_2015_6_0.json	1448708400.0	38.77	150	57
snapshot_11_28_2015_6_0.json	1448708400.0	38.77	150	57
snapshot_11_29_2015_0_0.json	1448773200.0	0	0	0
snapshot_11_29_2015_12_0.json	1448816400.0	0	0	0
snapshot_11_29_2015_18_0.json	1448838000.0	0	0	0
snapshot_11_29_2015_6_0.json	1448794800.0	0	0	0
snapshot_11_30_2015_0_0.json	1448859600.0	0	0	0
snapshot_11_30_2015_12_0.json	1448902800.0	0	0	0
snapshot_12_2_2015_12_0.json	1449075600.0	0	0	0
snapshot_12_2_2015_6_0.json	1449054000.0	0	0	0
