9195894	2015-11-29T03:00:00Z	Cal Bears	Kabam Field at California Memorial Stadium	California SF Bay Area|81	94720
snapshot_11_16_2015_0_0.json	1447650000.0	25.9	9999	1239
snapshot_11_17_2015_0_0.json	1447736400.0	28.24	9999	1243
snapshot_11_17_2015_12_0.json	1447779600.0	28.24	9999	1237
snapshot_11_17_2015_18_0.json	1447801200.0	25.9	9999	1231
snapshot_11_17_2015_6_0.json	1447758000.0	28.24	9999	1234
snapshot_11_18_2015_0_0.json	1447822800.0	23.56	9999	1178
snapshot_11_18_2015_12_0.json	1447866000.0	23.56	375	1220
snapshot_11_18_2015_18_0.json	1447887600.0	23.56	375	1222
snapshot_11_18_2015_18_0.json	1447887600.0	23.56	375	1222
snapshot_11_18_2015_6_0.json	1447844400.0	23.56	375	1218
snapshot_11_19_2015_0_0.json	1447909200.0	23.56	375	1254
snapshot_11_19_2015_12_0.json	1447952400.0	21.22	375	1266
snapshot_11_19_2015_6_0.json	1447930800.0	23.56	375	1258
snapshot_11_20_2015_0_0.json	1447995600.0	23.56	375	1321
snapshot_11_21_2015_12_0.json	1448125200.0	24.73	375	1353
snapshot_11_21_2015_18_0.json	1448146800.0	20.05	375	1342
snapshot_11_22_2015_0_0.json	1448168400.0	24.73	375	1320
snapshot_11_22_2015_12_0.json	1448211600.0	22.39	375	1301
snapshot_11_22_2015_18_0.json	1448233200.0	22.39	330.56	1317
snapshot_11_22_2015_6_0.json	1448190000.0	22.39	375	1299
snapshot_11_23_2015_0_0.json	1448254800.0	22.39	330.56	1304
snapshot_11_23_2015_12_0.json	1448298000.0	22.39	330.56	1305
snapshot_11_23_2015_18_0.json	1448319600.0	22.39	10499	1328
snapshot_11_23_2015_6_0.json	1448276400.0	22.39	330.56	1307
snapshot_11_24_2015_0_0.json	1448341200.0	20.05	10498.95	1340
snapshot_11_24_2015_12_0.json	1448384400.0	18.3	10498.95	1330
snapshot_11_24_2015_18_0.json	1448406000.0	18.3	330.56	1323
snapshot_11_24_2015_6_0.json	1448362800.0	17.71	10498.95	1329
snapshot_11_25_2015_0_0.json	1448427600.0	17.71	5588.55	1503
snapshot_11_25_2015_12_0.json	1448470800.0	14.2	5588.55	1477
snapshot_11_25_2015_18_0.json	1448492400.0	14.2	9999	1587
snapshot_11_25_2015_6_0.json	1448449200.0	17.71	5588.55	1479
snapshot_11_26_2015_0_0.json	1448514000.0	14.2	9999	1531
snapshot_11_27_2015_18_0.json	1448665200.0	14.2	5555.55	1338
snapshot_11_28_2015_0_0.json	1448686800.0	13.9	5555.55	1315
snapshot_11_28_2015_12_0.json	1448730000.0	14.2	5555.55	1226
snapshot_11_28_2015_18_0.json	1448751600.0	13.03	5555.55	1218
snapshot_11_28_2015_6_0.json	1448708400.0	14.2	5555.55	1261
snapshot_11_29_2015_0_0.json	1448773200.0	14.2	5555.55	779
snapshot_11_29_2015_12_0.json	1448816400.0	0	0	0
snapshot_11_29_2015_12_0.json	1448816400.0	0	0	0
snapshot_11_29_2015_18_0.json	1448838000.0	0	0	0
snapshot_11_29_2015_6_0.json	1448794800.0	0	0	0
snapshot_11_30_2015_0_0.json	1448859600.0	0	0	0
snapshot_11_30_2015_12_0.json	1448902800.0	0	0	0
snapshot_11_30_2015_18_0.json	1448924400.0	0	0	0
snapshot_11_30_2015_6_0.json	1448881200.0	0	0	0
snapshot_12_2_2015_12_0.json	1449075600.0	0	0	0
snapshot_12_2_2015_6_0.json	1449054000.0	0	0	0
9195894	2015-11-29T03:00:00Z	Cal Bears	Kabam Field at California Memorial Stadium	California SF Bay Area|81	94720
snapshot_11_16_2015_0_0.json	1447650000.0	25.9	9999	1239
snapshot_11_17_2015_0_0.json	1447736400.0	28.24	9999	1243
snapshot_11_17_2015_12_0.json	1447779600.0	28.24	9999	1237
snapshot_11_17_2015_18_0.json	1447801200.0	25.9	9999	1231
snapshot_11_17_2015_6_0.json	1447758000.0	28.24	9999	1234
snapshot_11_18_2015_0_0.json	1447822800.0	23.56	9999	1178
snapshot_11_18_2015_12_0.json	1447866000.0	23.56	375	1220
snapshot_11_18_2015_18_0.json	1447887600.0	23.56	375	1222
snapshot_11_18_2015_18_0.json	1447887600.0	23.56	375	1222
snapshot_11_18_2015_6_0.json	1447844400.0	23.56	375	1218
snapshot_11_19_2015_0_0.json	1447909200.0	23.56	375	1254
snapshot_11_19_2015_12_0.json	1447952400.0	21.22	375	1266
snapshot_11_19_2015_6_0.json	1447930800.0	23.56	375	1258
snapshot_11_20_2015_0_0.json	1447995600.0	23.56	375	1321
snapshot_11_21_2015_12_0.json	1448125200.0	24.73	375	1353
snapshot_11_21_2015_18_0.json	1448146800.0	20.05	375	1342
snapshot_11_22_2015_0_0.json	1448168400.0	24.73	375	1320
snapshot_11_22_2015_12_0.json	1448211600.0	22.39	375	1301
snapshot_11_22_2015_18_0.json	1448233200.0	22.39	330.56	1317
snapshot_11_22_2015_6_0.json	1448190000.0	22.39	375	1299
snapshot_11_23_2015_0_0.json	1448254800.0	22.39	330.56	1304
snapshot_11_23_2015_12_0.json	1448298000.0	22.39	330.56	1305
snapshot_11_23_2015_18_0.json	1448319600.0	22.39	10499	1328
snapshot_11_23_2015_6_0.json	1448276400.0	22.39	330.56	1307
snapshot_11_24_2015_0_0.json	1448341200.0	20.05	10498.95	1340
snapshot_11_24_2015_12_0.json	1448384400.0	18.3	10498.95	1330
snapshot_11_24_2015_18_0.json	1448406000.0	18.3	330.56	1323
snapshot_11_24_2015_6_0.json	1448362800.0	17.71	10498.95	1329
snapshot_11_25_2015_0_0.json	1448427600.0	17.71	5588.55	1503
snapshot_11_25_2015_12_0.json	1448470800.0	14.2	5588.55	1477
snapshot_11_25_2015_18_0.json	1448492400.0	14.2	9999	1587
snapshot_11_25_2015_6_0.json	1448449200.0	17.71	5588.55	1479
snapshot_11_26_2015_0_0.json	1448514000.0	14.2	9999	1531
snapshot_11_27_2015_18_0.json	1448665200.0	14.2	5555.55	1338
snapshot_11_28_2015_0_0.json	1448686800.0	13.9	5555.55	1315
snapshot_11_28_2015_12_0.json	1448730000.0	14.2	5555.55	1226
snapshot_11_28_2015_18_0.json	1448751600.0	13.03	5555.55	1218
snapshot_11_28_2015_6_0.json	1448708400.0	14.2	5555.55	1261
snapshot_11_29_2015_0_0.json	1448773200.0	14.2	5555.55	779
snapshot_11_29_2015_12_0.json	1448816400.0	0	0	0
snapshot_11_29_2015_12_0.json	1448816400.0	0	0	0
snapshot_11_29_2015_18_0.json	1448838000.0	0	0	0
snapshot_11_29_2015_6_0.json	1448794800.0	0	0	0
snapshot_11_30_2015_0_0.json	1448859600.0	0	0	0
snapshot_11_30_2015_12_0.json	1448902800.0	0	0	0
snapshot_11_30_2015_18_0.json	1448924400.0	0	0	0
snapshot_11_30_2015_6_0.json	1448881200.0	0	0	0
snapshot_12_2_2015_12_0.json	1449075600.0	0	0	0
snapshot_12_2_2015_6_0.json	1449054000.0	0	0	0
9195894	2015-11-29T03:00:00Z	Cal Bears	Kabam Field at California Memorial Stadium	California SF Bay Area|81	94720
snapshot_11_16_2015_0_0.json	1447650000.0	25.9	9999	1239
snapshot_11_17_2015_0_0.json	1447736400.0	28.24	9999	1243
snapshot_11_17_2015_12_0.json	1447779600.0	28.24	9999	1237
snapshot_11_17_2015_18_0.json	1447801200.0	25.9	9999	1231
snapshot_11_17_2015_6_0.json	1447758000.0	28.24	9999	1234
snapshot_11_18_2015_0_0.json	1447822800.0	23.56	9999	1178
snapshot_11_18_2015_12_0.json	1447866000.0	23.56	375	1220
snapshot_11_18_2015_18_0.json	1447887600.0	23.56	375	1222
snapshot_11_18_2015_18_0.json	1447887600.0	23.56	375	1222
snapshot_11_18_2015_6_0.json	1447844400.0	23.56	375	1218
snapshot_11_19_2015_0_0.json	1447909200.0	23.56	375	1254
snapshot_11_19_2015_12_0.json	1447952400.0	21.22	375	1266
snapshot_11_19_2015_6_0.json	1447930800.0	23.56	375	1258
snapshot_11_20_2015_0_0.json	1447995600.0	23.56	375	1321
snapshot_11_21_2015_12_0.json	1448125200.0	24.73	375	1353
snapshot_11_21_2015_18_0.json	1448146800.0	20.05	375	1342
snapshot_11_22_2015_0_0.json	1448168400.0	24.73	375	1320
snapshot_11_22_2015_12_0.json	1448211600.0	22.39	375	1301
snapshot_11_22_2015_18_0.json	1448233200.0	22.39	330.56	1317
snapshot_11_22_2015_6_0.json	1448190000.0	22.39	375	1299
snapshot_11_23_2015_0_0.json	1448254800.0	22.39	330.56	1304
snapshot_11_23_2015_12_0.json	1448298000.0	22.39	330.56	1305
snapshot_11_23_2015_18_0.json	1448319600.0	22.39	10499	1328
snapshot_11_23_2015_6_0.json	1448276400.0	22.39	330.56	1307
snapshot_11_24_2015_0_0.json	1448341200.0	20.05	10498.95	1340
snapshot_11_24_2015_12_0.json	1448384400.0	18.3	10498.95	1330
snapshot_11_24_2015_18_0.json	1448406000.0	18.3	330.56	1323
snapshot_11_24_2015_6_0.json	1448362800.0	17.71	10498.95	1329
snapshot_11_25_2015_0_0.json	1448427600.0	17.71	5588.55	1503
snapshot_11_25_2015_12_0.json	1448470800.0	14.2	5588.55	1477
snapshot_11_25_2015_18_0.json	1448492400.0	14.2	9999	1587
snapshot_11_25_2015_6_0.json	1448449200.0	17.71	5588.55	1479
snapshot_11_26_2015_0_0.json	1448514000.0	14.2	9999	1531
snapshot_11_27_2015_18_0.json	1448665200.0	14.2	5555.55	1338
snapshot_11_28_2015_0_0.json	1448686800.0	13.9	5555.55	1315
snapshot_11_28_2015_12_0.json	1448730000.0	14.2	5555.55	1226
snapshot_11_28_2015_18_0.json	1448751600.0	13.03	5555.55	1218
snapshot_11_28_2015_6_0.json	1448708400.0	14.2	5555.55	1261
snapshot_11_29_2015_0_0.json	1448773200.0	14.2	5555.55	779
snapshot_11_29_2015_12_0.json	1448816400.0	0	0	0
snapshot_11_29_2015_12_0.json	1448816400.0	0	0	0
snapshot_11_29_2015_18_0.json	1448838000.0	0	0	0
snapshot_11_29_2015_6_0.json	1448794800.0	0	0	0
snapshot_11_30_2015_0_0.json	1448859600.0	0	0	0
snapshot_11_30_2015_12_0.json	1448902800.0	0	0	0
snapshot_11_30_2015_18_0.json	1448924400.0	0	0	0
snapshot_11_30_2015_6_0.json	1448881200.0	0	0	0
snapshot_12_2_2015_12_0.json	1449075600.0	0	0	0
snapshot_12_2_2015_6_0.json	1449054000.0	0	0	0
9195894	2015-11-29T03:00:00Z	Cal Bears	Kabam Field at California Memorial Stadium	California SF Bay Area|81	94720
snapshot_11_16_2015_0_0.json	1447650000.0	25.9	9999	1239
snapshot_11_17_2015_0_0.json	1447736400.0	28.24	9999	1243
snapshot_11_17_2015_12_0.json	1447779600.0	28.24	9999	1237
snapshot_11_17_2015_18_0.json	1447801200.0	25.9	9999	1231
snapshot_11_17_2015_6_0.json	1447758000.0	28.24	9999	1234
snapshot_11_18_2015_0_0.json	1447822800.0	23.56	9999	1178
snapshot_11_18_2015_12_0.json	1447866000.0	23.56	375	1220
snapshot_11_18_2015_18_0.json	1447887600.0	23.56	375	1222
snapshot_11_18_2015_18_0.json	1447887600.0	23.56	375	1222
snapshot_11_18_2015_6_0.json	1447844400.0	23.56	375	1218
snapshot_11_19_2015_0_0.json	1447909200.0	23.56	375	1254
snapshot_11_19_2015_12_0.json	1447952400.0	21.22	375	1266
snapshot_11_19_2015_6_0.json	1447930800.0	23.56	375	1258
snapshot_11_20_2015_0_0.json	1447995600.0	23.56	375	1321
snapshot_11_21_2015_12_0.json	1448125200.0	24.73	375	1353
snapshot_11_21_2015_18_0.json	1448146800.0	20.05	375	1342
snapshot_11_22_2015_0_0.json	1448168400.0	24.73	375	1320
snapshot_11_22_2015_12_0.json	1448211600.0	22.39	375	1301
snapshot_11_22_2015_18_0.json	1448233200.0	22.39	330.56	1317
snapshot_11_22_2015_6_0.json	1448190000.0	22.39	375	1299
snapshot_11_23_2015_0_0.json	1448254800.0	22.39	330.56	1304
snapshot_11_23_2015_12_0.json	1448298000.0	22.39	330.56	1305
snapshot_11_23_2015_18_0.json	1448319600.0	22.39	10499	1328
snapshot_11_23_2015_6_0.json	1448276400.0	22.39	330.56	1307
snapshot_11_24_2015_0_0.json	1448341200.0	20.05	10498.95	1340
snapshot_11_24_2015_12_0.json	1448384400.0	18.3	10498.95	1330
snapshot_11_24_2015_18_0.json	1448406000.0	18.3	330.56	1323
snapshot_11_24_2015_6_0.json	1448362800.0	17.71	10498.95	1329
snapshot_11_25_2015_0_0.json	1448427600.0	17.71	5588.55	1503
snapshot_11_25_2015_12_0.json	1448470800.0	14.2	5588.55	1477
snapshot_11_25_2015_18_0.json	1448492400.0	14.2	9999	1587
snapshot_11_25_2015_6_0.json	1448449200.0	17.71	5588.55	1479
snapshot_11_26_2015_0_0.json	1448514000.0	14.2	9999	1531
snapshot_11_27_2015_18_0.json	1448665200.0	14.2	5555.55	1338
snapshot_11_28_2015_0_0.json	1448686800.0	13.9	5555.55	1315
snapshot_11_28_2015_12_0.json	1448730000.0	14.2	5555.55	1226
snapshot_11_28_2015_18_0.json	1448751600.0	13.03	5555.55	1218
snapshot_11_28_2015_6_0.json	1448708400.0	14.2	5555.55	1261
snapshot_11_29_2015_0_0.json	1448773200.0	14.2	5555.55	779
snapshot_11_29_2015_12_0.json	1448816400.0	0	0	0
snapshot_11_29_2015_12_0.json	1448816400.0	0	0	0
snapshot_11_29_2015_18_0.json	1448838000.0	0	0	0
snapshot_11_29_2015_6_0.json	1448794800.0	0	0	0
snapshot_11_30_2015_0_0.json	1448859600.0	0	0	0
snapshot_11_30_2015_12_0.json	1448902800.0	0	0	0
snapshot_11_30_2015_18_0.json	1448924400.0	0	0	0
snapshot_11_30_2015_6_0.json	1448881200.0	0	0	0
snapshot_12_2_2015_12_0.json	1449075600.0	0	0	0
snapshot_12_2_2015_6_0.json	1449054000.0	0	0	0
