9195094	2015-12-05T19:00:00Z	Baylor Bears	McLane Stadium	Texas Dallas|672	76706
snapshot_11_16_2015_0_0.json	1447650000.0	78.55	9897.96	1060
snapshot_11_17_2015_12_0.json	1447779600.0	66.85	9897.96	1087
snapshot_11_17_2015_18_0.json	1447801200.0	64.51	9897.96	1173
snapshot_11_17_2015_6_0.json	1447758000.0	66.85	9897.96	1095
snapshot_11_18_2015_0_0.json	1447822800.0	64.5	9897.96	1182
snapshot_11_18_2015_12_0.json	1447866000.0	64.5	9897.96	1180
snapshot_11_18_2015_18_0.json	1447887600.0	64.5	9897.96	1170
snapshot_11_18_2015_6_0.json	1447844400.0	64.5	9897.96	1180
snapshot_11_19_2015_12_0.json	1447952400.0	64.5	9897.96	1183
snapshot_11_19_2015_6_0.json	1447930800.0	64.5	9897.96	1183
snapshot_11_20_2015_0_0.json	1447995600.0	58.93	9897.96	1196
snapshot_11_20_2015_12_0.json	1448038800.0	63.54	9897.96	1205
snapshot_11_21_2015_12_0.json	1448125200.0	58.93	9897.96	1189
snapshot_11_21_2015_12_0.json	1448125200.0	58.93	9897.96	1189
snapshot_11_21_2015_18_0.json	1448146800.0	58.93	9897.96	1196
snapshot_11_22_2015_0_0.json	1448168400.0	58.93	9897.96	1193
snapshot_11_22_2015_12_0.json	1448211600.0	58.93	9897.96	1155
snapshot_11_22_2015_18_0.json	1448233200.0	58.93	9897.96	1150
snapshot_11_22_2015_6_0.json	1448190000.0	58.93	9897.96	1167
snapshot_11_23_2015_0_0.json	1448254800.0	58.93	9897.96	1120
snapshot_11_23_2015_18_0.json	1448319600.0	58.93	9897.96	1168
snapshot_11_23_2015_6_0.json	1448276400.0	58.93	9897.96	1190
snapshot_11_23_2015_6_0.json	1448276400.0	58.93	9897.96	1190
snapshot_11_24_2015_0_0.json	1448341200.0	66.85	9897.96	1164
snapshot_11_24_2015_12_0.json	1448384400.0	60.99	9897.96	1173
snapshot_11_24_2015_18_0.json	1448406000.0	61	9897.96	1172
snapshot_11_24_2015_6_0.json	1448362800.0	60.99	9897.96	1171
snapshot_11_25_2015_0_0.json	1448427600.0	55.15	9897.96	1221
snapshot_11_25_2015_12_0.json	1448470800.0	56.3	9897.96	1205
snapshot_11_25_2015_18_0.json	1448492400.0	55.33	9897.96	1285
snapshot_11_25_2015_6_0.json	1448449200.0	56.3	9897.96	1203
snapshot_11_26_2015_0_0.json	1448514000.0	55.33	9897.96	1317
snapshot_11_27_2015_18_0.json	1448665200.0	57.49	9897.96	1261
snapshot_11_28_2015_0_0.json	1448686800.0	55.33	9897.96	1260
snapshot_11_28_2015_12_0.json	1448730000.0	55.33	9897.96	1237
snapshot_11_28_2015_18_0.json	1448751600.0	52.87	9897.96	1250
snapshot_11_28_2015_6_0.json	1448708400.0	54.49	9897.96	1238
snapshot_11_29_2015_0_0.json	1448773200.0	52.76	9897.96	1308
snapshot_11_29_2015_12_0.json	1448816400.0	56.55	9897.96	1281
snapshot_11_29_2015_18_0.json	1448838000.0	57.78	9897.96	1280
snapshot_11_30_2015_0_0.json	1448859600.0	55.15	9897.96	1241
snapshot_11_30_2015_12_0.json	1448902800.0	49.3	9999.99	1232
snapshot_11_30_2015_18_0.json	1448924400.0	52.76	9999.99	1327
snapshot_11_30_2015_6_0.json	1448881200.0	49.3	9999.99	1232
snapshot_12_1_2015_0_0.json	1448946000.0	51.63	9999.99	1336
snapshot_12_1_2015_12_0.json	1448989200.0	55.19	9999.99	1291
snapshot_12_1_2015_18_0.json	1449010800.0	47.37	9999.99	1273
snapshot_12_1_2015_6_0.json	1448967600.0	55.15	9999.99	1295
snapshot_12_2_2015_0_0.json	1449032400.0	45.5	9897.96	1261
snapshot_12_2_2015_12_0.json	1449075600.0	51.63	9897.96	1196
snapshot_12_2_2015_18_0.json	1449097200.0	41.11	9897.96	1256
snapshot_12_2_2015_6_0.json	1449054000.0	51.63	9897.96	1200
snapshot_12_3_2015_0_0.json	1449118800.0	43.45	9897.96	1263
snapshot_12_3_2015_12_0.json	1449162000.0	43.45	9897.96	1226
snapshot_12_3_2015_18_0.json	1449183600.0	45.91	1000	1053
snapshot_12_3_2015_6_0.json	1449140400.0	43.45	9897.96	1232
snapshot_12_4_2015_0_0.json	1449205200.0	39.94	1000	1002
snapshot_12_4_2015_12_0.json	1449248400.0	37.59	1000	913
snapshot_12_4_2015_18_0.json	1449270000.0	39.93	1000	720
snapshot_12_4_2015_6_0.json	1449226800.0	37.59	1000	926
snapshot_12_5_2015_0_0.json	1449291600.0	46.38	1000	543
snapshot_12_5_2015_12_0.json	1449334800.0	46.96	370	419
snapshot_12_5_2015_18_0.json	1449356400.0	0	0	0
snapshot_12_5_2015_6_0.json	1449313200.0	46.96	370	431
9195094	2015-12-05T19:00:00Z	Baylor Bears	McLane Stadium	Texas Dallas|672	76706
snapshot_11_16_2015_0_0.json	1447650000.0	78.55	9897.96	1060
snapshot_11_17_2015_12_0.json	1447779600.0	66.85	9897.96	1087
snapshot_11_17_2015_18_0.json	1447801200.0	64.51	9897.96	1173
snapshot_11_17_2015_6_0.json	1447758000.0	66.85	9897.96	1095
snapshot_11_18_2015_0_0.json	1447822800.0	64.5	9897.96	1182
snapshot_11_18_2015_12_0.json	1447866000.0	64.5	9897.96	1180
snapshot_11_18_2015_18_0.json	1447887600.0	64.5	9897.96	1170
snapshot_11_18_2015_6_0.json	1447844400.0	64.5	9897.96	1180
snapshot_11_19_2015_12_0.json	1447952400.0	64.5	9897.96	1183
snapshot_11_19_2015_6_0.json	1447930800.0	64.5	9897.96	1183
snapshot_11_20_2015_0_0.json	1447995600.0	58.93	9897.96	1196
snapshot_11_20_2015_12_0.json	1448038800.0	63.54	9897.96	1205
snapshot_11_21_2015_12_0.json	1448125200.0	58.93	9897.96	1189
snapshot_11_21_2015_12_0.json	1448125200.0	58.93	9897.96	1189
snapshot_11_21_2015_18_0.json	1448146800.0	58.93	9897.96	1196
snapshot_11_22_2015_0_0.json	1448168400.0	58.93	9897.96	1193
snapshot_11_22_2015_12_0.json	1448211600.0	58.93	9897.96	1155
snapshot_11_22_2015_18_0.json	1448233200.0	58.93	9897.96	1150
snapshot_11_22_2015_6_0.json	1448190000.0	58.93	9897.96	1167
snapshot_11_23_2015_0_0.json	1448254800.0	58.93	9897.96	1120
snapshot_11_23_2015_18_0.json	1448319600.0	58.93	9897.96	1168
snapshot_11_23_2015_6_0.json	1448276400.0	58.93	9897.96	1190
snapshot_11_23_2015_6_0.json	1448276400.0	58.93	9897.96	1190
snapshot_11_24_2015_0_0.json	1448341200.0	66.85	9897.96	1164
snapshot_11_24_2015_12_0.json	1448384400.0	60.99	9897.96	1173
snapshot_11_24_2015_18_0.json	1448406000.0	61	9897.96	1172
snapshot_11_24_2015_6_0.json	1448362800.0	60.99	9897.96	1171
snapshot_11_25_2015_0_0.json	1448427600.0	55.15	9897.96	1221
snapshot_11_25_2015_12_0.json	1448470800.0	56.3	9897.96	1205
snapshot_11_25_2015_18_0.json	1448492400.0	55.33	9897.96	1285
snapshot_11_25_2015_6_0.json	1448449200.0	56.3	9897.96	1203
snapshot_11_26_2015_0_0.json	1448514000.0	55.33	9897.96	1317
snapshot_11_27_2015_18_0.json	1448665200.0	57.49	9897.96	1261
snapshot_11_28_2015_0_0.json	1448686800.0	55.33	9897.96	1260
snapshot_11_28_2015_12_0.json	1448730000.0	55.33	9897.96	1237
snapshot_11_28_2015_18_0.json	1448751600.0	52.87	9897.96	1250
snapshot_11_28_2015_6_0.json	1448708400.0	54.49	9897.96	1238
snapshot_11_29_2015_0_0.json	1448773200.0	52.76	9897.96	1308
snapshot_11_29_2015_12_0.json	1448816400.0	56.55	9897.96	1281
snapshot_11_29_2015_18_0.json	1448838000.0	57.78	9897.96	1280
snapshot_11_30_2015_0_0.json	1448859600.0	55.15	9897.96	1241
snapshot_11_30_2015_12_0.json	1448902800.0	49.3	9999.99	1232
snapshot_11_30_2015_18_0.json	1448924400.0	52.76	9999.99	1327
snapshot_11_30_2015_6_0.json	1448881200.0	49.3	9999.99	1232
snapshot_12_1_2015_0_0.json	1448946000.0	51.63	9999.99	1336
snapshot_12_1_2015_12_0.json	1448989200.0	55.19	9999.99	1291
snapshot_12_1_2015_18_0.json	1449010800.0	47.37	9999.99	1273
snapshot_12_1_2015_6_0.json	1448967600.0	55.15	9999.99	1295
snapshot_12_2_2015_0_0.json	1449032400.0	45.5	9897.96	1261
snapshot_12_2_2015_12_0.json	1449075600.0	51.63	9897.96	1196
snapshot_12_2_2015_18_0.json	1449097200.0	41.11	9897.96	1256
snapshot_12_2_2015_6_0.json	1449054000.0	51.63	9897.96	1200
snapshot_12_3_2015_0_0.json	1449118800.0	43.45	9897.96	1263
snapshot_12_3_2015_12_0.json	1449162000.0	43.45	9897.96	1226
snapshot_12_3_2015_18_0.json	1449183600.0	45.91	1000	1053
snapshot_12_3_2015_6_0.json	1449140400.0	43.45	9897.96	1232
snapshot_12_4_2015_0_0.json	1449205200.0	39.94	1000	1002
snapshot_12_4_2015_12_0.json	1449248400.0	37.59	1000	913
snapshot_12_4_2015_18_0.json	1449270000.0	39.93	1000	720
snapshot_12_4_2015_6_0.json	1449226800.0	37.59	1000	926
snapshot_12_5_2015_0_0.json	1449291600.0	46.38	1000	543
snapshot_12_5_2015_12_0.json	1449334800.0	46.96	370	419
snapshot_12_5_2015_18_0.json	1449356400.0	0	0	0
snapshot_12_5_2015_6_0.json	1449313200.0	46.96	370	431
9195094	2015-12-05T19:00:00Z	Baylor Bears	McLane Stadium	Texas Dallas|672	76706
snapshot_11_16_2015_0_0.json	1447650000.0	78.55	9897.96	1060
snapshot_11_17_2015_12_0.json	1447779600.0	66.85	9897.96	1087
snapshot_11_17_2015_18_0.json	1447801200.0	64.51	9897.96	1173
snapshot_11_17_2015_6_0.json	1447758000.0	66.85	9897.96	1095
snapshot_11_18_2015_0_0.json	1447822800.0	64.5	9897.96	1182
snapshot_11_18_2015_12_0.json	1447866000.0	64.5	9897.96	1180
snapshot_11_18_2015_18_0.json	1447887600.0	64.5	9897.96	1170
snapshot_11_18_2015_6_0.json	1447844400.0	64.5	9897.96	1180
snapshot_11_19_2015_12_0.json	1447952400.0	64.5	9897.96	1183
snapshot_11_19_2015_6_0.json	1447930800.0	64.5	9897.96	1183
snapshot_11_20_2015_0_0.json	1447995600.0	58.93	9897.96	1196
snapshot_11_20_2015_12_0.json	1448038800.0	63.54	9897.96	1205
snapshot_11_21_2015_12_0.json	1448125200.0	58.93	9897.96	1189
snapshot_11_21_2015_12_0.json	1448125200.0	58.93	9897.96	1189
snapshot_11_21_2015_18_0.json	1448146800.0	58.93	9897.96	1196
snapshot_11_22_2015_0_0.json	1448168400.0	58.93	9897.96	1193
snapshot_11_22_2015_12_0.json	1448211600.0	58.93	9897.96	1155
snapshot_11_22_2015_18_0.json	1448233200.0	58.93	9897.96	1150
snapshot_11_22_2015_6_0.json	1448190000.0	58.93	9897.96	1167
snapshot_11_23_2015_0_0.json	1448254800.0	58.93	9897.96	1120
snapshot_11_23_2015_18_0.json	1448319600.0	58.93	9897.96	1168
snapshot_11_23_2015_6_0.json	1448276400.0	58.93	9897.96	1190
snapshot_11_23_2015_6_0.json	1448276400.0	58.93	9897.96	1190
snapshot_11_24_2015_0_0.json	1448341200.0	66.85	9897.96	1164
snapshot_11_24_2015_12_0.json	1448384400.0	60.99	9897.96	1173
snapshot_11_24_2015_18_0.json	1448406000.0	61	9897.96	1172
snapshot_11_24_2015_6_0.json	1448362800.0	60.99	9897.96	1171
snapshot_11_25_2015_0_0.json	1448427600.0	55.15	9897.96	1221
snapshot_11_25_2015_12_0.json	1448470800.0	56.3	9897.96	1205
snapshot_11_25_2015_18_0.json	1448492400.0	55.33	9897.96	1285
snapshot_11_25_2015_6_0.json	1448449200.0	56.3	9897.96	1203
snapshot_11_26_2015_0_0.json	1448514000.0	55.33	9897.96	1317
snapshot_11_27_2015_18_0.json	1448665200.0	57.49	9897.96	1261
snapshot_11_28_2015_0_0.json	1448686800.0	55.33	9897.96	1260
snapshot_11_28_2015_12_0.json	1448730000.0	55.33	9897.96	1237
snapshot_11_28_2015_18_0.json	1448751600.0	52.87	9897.96	1250
snapshot_11_28_2015_6_0.json	1448708400.0	54.49	9897.96	1238
snapshot_11_29_2015_0_0.json	1448773200.0	52.76	9897.96	1308
snapshot_11_29_2015_12_0.json	1448816400.0	56.55	9897.96	1281
snapshot_11_29_2015_18_0.json	1448838000.0	57.78	9897.96	1280
snapshot_11_30_2015_0_0.json	1448859600.0	55.15	9897.96	1241
snapshot_11_30_2015_12_0.json	1448902800.0	49.3	9999.99	1232
snapshot_11_30_2015_18_0.json	1448924400.0	52.76	9999.99	1327
snapshot_11_30_2015_6_0.json	1448881200.0	49.3	9999.99	1232
snapshot_12_1_2015_0_0.json	1448946000.0	51.63	9999.99	1336
snapshot_12_1_2015_12_0.json	1448989200.0	55.19	9999.99	1291
snapshot_12_1_2015_18_0.json	1449010800.0	47.37	9999.99	1273
snapshot_12_1_2015_6_0.json	1448967600.0	55.15	9999.99	1295
snapshot_12_2_2015_0_0.json	1449032400.0	45.5	9897.96	1261
snapshot_12_2_2015_12_0.json	1449075600.0	51.63	9897.96	1196
snapshot_12_2_2015_18_0.json	1449097200.0	41.11	9897.96	1256
snapshot_12_2_2015_6_0.json	1449054000.0	51.63	9897.96	1200
snapshot_12_3_2015_0_0.json	1449118800.0	43.45	9897.96	1263
snapshot_12_3_2015_12_0.json	1449162000.0	43.45	9897.96	1226
snapshot_12_3_2015_18_0.json	1449183600.0	45.91	1000	1053
snapshot_12_3_2015_6_0.json	1449140400.0	43.45	9897.96	1232
snapshot_12_4_2015_0_0.json	1449205200.0	39.94	1000	1002
snapshot_12_4_2015_12_0.json	1449248400.0	37.59	1000	913
snapshot_12_4_2015_18_0.json	1449270000.0	39.93	1000	720
snapshot_12_4_2015_6_0.json	1449226800.0	37.59	1000	926
snapshot_12_5_2015_0_0.json	1449291600.0	46.38	1000	543
snapshot_12_5_2015_12_0.json	1449334800.0	46.96	370	419
snapshot_12_5_2015_18_0.json	1449356400.0	0	0	0
snapshot_12_5_2015_6_0.json	1449313200.0	46.96	370	431
9195094	2015-12-05T19:00:00Z	Baylor Bears	McLane Stadium	Texas Dallas|672	76706
snapshot_11_16_2015_0_0.json	1447650000.0	78.55	9897.96	1060
snapshot_11_17_2015_12_0.json	1447779600.0	66.85	9897.96	1087
snapshot_11_17_2015_18_0.json	1447801200.0	64.51	9897.96	1173
snapshot_11_17_2015_6_0.json	1447758000.0	66.85	9897.96	1095
snapshot_11_18_2015_0_0.json	1447822800.0	64.5	9897.96	1182
snapshot_11_18_2015_12_0.json	1447866000.0	64.5	9897.96	1180
snapshot_11_18_2015_18_0.json	1447887600.0	64.5	9897.96	1170
snapshot_11_18_2015_6_0.json	1447844400.0	64.5	9897.96	1180
snapshot_11_19_2015_12_0.json	1447952400.0	64.5	9897.96	1183
snapshot_11_19_2015_6_0.json	1447930800.0	64.5	9897.96	1183
snapshot_11_20_2015_0_0.json	1447995600.0	58.93	9897.96	1196
snapshot_11_20_2015_12_0.json	1448038800.0	63.54	9897.96	1205
snapshot_11_21_2015_12_0.json	1448125200.0	58.93	9897.96	1189
snapshot_11_21_2015_12_0.json	1448125200.0	58.93	9897.96	1189
snapshot_11_21_2015_18_0.json	1448146800.0	58.93	9897.96	1196
snapshot_11_22_2015_0_0.json	1448168400.0	58.93	9897.96	1193
snapshot_11_22_2015_12_0.json	1448211600.0	58.93	9897.96	1155
snapshot_11_22_2015_18_0.json	1448233200.0	58.93	9897.96	1150
snapshot_11_22_2015_6_0.json	1448190000.0	58.93	9897.96	1167
snapshot_11_23_2015_0_0.json	1448254800.0	58.93	9897.96	1120
snapshot_11_23_2015_18_0.json	1448319600.0	58.93	9897.96	1168
snapshot_11_23_2015_6_0.json	1448276400.0	58.93	9897.96	1190
snapshot_11_23_2015_6_0.json	1448276400.0	58.93	9897.96	1190
snapshot_11_24_2015_0_0.json	1448341200.0	66.85	9897.96	1164
snapshot_11_24_2015_12_0.json	1448384400.0	60.99	9897.96	1173
snapshot_11_24_2015_18_0.json	1448406000.0	61	9897.96	1172
snapshot_11_24_2015_6_0.json	1448362800.0	60.99	9897.96	1171
snapshot_11_25_2015_0_0.json	1448427600.0	55.15	9897.96	1221
snapshot_11_25_2015_12_0.json	1448470800.0	56.3	9897.96	1205
snapshot_11_25_2015_18_0.json	1448492400.0	55.33	9897.96	1285
snapshot_11_25_2015_6_0.json	1448449200.0	56.3	9897.96	1203
snapshot_11_26_2015_0_0.json	1448514000.0	55.33	9897.96	1317
snapshot_11_27_2015_18_0.json	1448665200.0	57.49	9897.96	1261
snapshot_11_28_2015_0_0.json	1448686800.0	55.33	9897.96	1260
snapshot_11_28_2015_12_0.json	1448730000.0	55.33	9897.96	1237
snapshot_11_28_2015_18_0.json	1448751600.0	52.87	9897.96	1250
snapshot_11_28_2015_6_0.json	1448708400.0	54.49	9897.96	1238
snapshot_11_29_2015_0_0.json	1448773200.0	52.76	9897.96	1308
snapshot_11_29_2015_12_0.json	1448816400.0	56.55	9897.96	1281
snapshot_11_29_2015_18_0.json	1448838000.0	57.78	9897.96	1280
snapshot_11_30_2015_0_0.json	1448859600.0	55.15	9897.96	1241
snapshot_11_30_2015_12_0.json	1448902800.0	49.3	9999.99	1232
snapshot_11_30_2015_18_0.json	1448924400.0	52.76	9999.99	1327
snapshot_11_30_2015_6_0.json	1448881200.0	49.3	9999.99	1232
snapshot_12_1_2015_0_0.json	1448946000.0	51.63	9999.99	1336
snapshot_12_1_2015_12_0.json	1448989200.0	55.19	9999.99	1291
snapshot_12_1_2015_18_0.json	1449010800.0	47.37	9999.99	1273
snapshot_12_1_2015_6_0.json	1448967600.0	55.15	9999.99	1295
snapshot_12_2_2015_0_0.json	1449032400.0	45.5	9897.96	1261
snapshot_12_2_2015_12_0.json	1449075600.0	51.63	9897.96	1196
snapshot_12_2_2015_18_0.json	1449097200.0	41.11	9897.96	1256
snapshot_12_2_2015_6_0.json	1449054000.0	51.63	9897.96	1200
snapshot_12_3_2015_0_0.json	1449118800.0	43.45	9897.96	1263
snapshot_12_3_2015_12_0.json	1449162000.0	43.45	9897.96	1226
snapshot_12_3_2015_18_0.json	1449183600.0	45.91	1000	1053
snapshot_12_3_2015_6_0.json	1449140400.0	43.45	9897.96	1232
snapshot_12_4_2015_0_0.json	1449205200.0	39.94	1000	1002
snapshot_12_4_2015_12_0.json	1449248400.0	37.59	1000	913
snapshot_12_4_2015_18_0.json	1449270000.0	39.93	1000	720
snapshot_12_4_2015_6_0.json	1449226800.0	37.59	1000	926
snapshot_12_5_2015_0_0.json	1449291600.0	46.38	1000	543
snapshot_12_5_2015_12_0.json	1449334800.0	46.96	370	419
snapshot_12_5_2015_18_0.json	1449356400.0	0	0	0
snapshot_12_5_2015_6_0.json	1449313200.0	46.96	370	431
