9195115	2015-11-22T01:00:00Z	Oklahoma Sooners	Memorial Stadium Oklahoma	Oklahoma Oklahoma City|3863	73019
snapshot_11_16_2015_0_0.json	1447650000.0	90.25	2124	2066
snapshot_11_17_2015_0_0.json	1447736400.0	112.47	9691.22	2100
snapshot_11_17_2015_12_0.json	1447779600.0	107.8	9691.22	2094
snapshot_11_17_2015_18_0.json	1447801200.0	107.8	9691.22	2116
snapshot_11_17_2015_6_0.json	1447758000.0	101.95	9691.22	2105
snapshot_11_17_2015_6_0.json	1447758000.0	101.95	9691.22	2101
snapshot_11_18_2015_0_0.json	1447822800.0	94.93	9691.22	2104
snapshot_11_18_2015_12_0.json	1447866000.0	107.8	9691.22	2085
snapshot_11_18_2015_18_0.json	1447887600.0	94.15	9691.22	2073
snapshot_11_18_2015_6_0.json	1447844400.0	107.8	9691.22	2086
snapshot_11_19_2015_0_0.json	1447909200.0	83.23	9691.22	2093
snapshot_11_19_2015_12_0.json	1447952400.0	79.72	9691.22	2051
snapshot_11_19_2015_6_0.json	1447930800.0	79.72	9691.22	2067
snapshot_11_20_2015_0_0.json	1447995600.0	61	9691.22	1955
snapshot_11_20_2015_12_0.json	1448038800.0	59.36	9691.22	1900
snapshot_11_21_2015_12_0.json	1448125200.0	43.45	9691.22	1331
snapshot_11_21_2015_18_0.json	1448146800.0	37.6	500	1158
snapshot_11_22_2015_0_0.json	1448168400.0	25.84	449.99	640
snapshot_11_22_2015_12_0.json	1448211600.0	0	0	0
snapshot_11_22_2015_18_0.json	1448233200.0	0	0	0
snapshot_11_22_2015_6_0.json	1448190000.0	0	0	0
snapshot_11_23_2015_0_0.json	1448254800.0	0	0	0
snapshot_11_23_2015_12_0.json	1448298000.0	0	0	0
snapshot_11_23_2015_18_0.json	1448319600.0	0	0	0
snapshot_11_23_2015_6_0.json	1448276400.0	0	0	0
snapshot_11_24_2015_0_0.json	1448341200.0	0	0	0
snapshot_11_24_2015_0_0.json	1448341200.0	0	0	0
snapshot_12_3_2015_0_0.json	1449118800.0	0	0	0
snapshot_12_3_2015_0_0.json	1449118800.0	0	0	0
snapshot_12_3_2015_12_0.json	1449162000.0	0	0	0
9195115	2015-11-22T01:00:00Z	Oklahoma Sooners	Memorial Stadium Oklahoma	Oklahoma Oklahoma City|3863	73019
snapshot_11_16_2015_0_0.json	1447650000.0	90.25	2124	2066
snapshot_11_17_2015_0_0.json	1447736400.0	112.47	9691.22	2100
snapshot_11_17_2015_12_0.json	1447779600.0	107.8	9691.22	2094
snapshot_11_17_2015_18_0.json	1447801200.0	107.8	9691.22	2116
snapshot_11_17_2015_6_0.json	1447758000.0	101.95	9691.22	2105
snapshot_11_17_2015_6_0.json	1447758000.0	101.95	9691.22	2101
snapshot_11_18_2015_0_0.json	1447822800.0	94.93	9691.22	2104
snapshot_11_18_2015_12_0.json	1447866000.0	107.8	9691.22	2085
snapshot_11_18_2015_18_0.json	1447887600.0	94.15	9691.22	2073
snapshot_11_18_2015_6_0.json	1447844400.0	107.8	9691.22	2086
snapshot_11_19_2015_0_0.json	1447909200.0	83.23	9691.22	2093
snapshot_11_19_2015_12_0.json	1447952400.0	79.72	9691.22	2051
snapshot_11_19_2015_6_0.json	1447930800.0	79.72	9691.22	2067
snapshot_11_20_2015_0_0.json	1447995600.0	61	9691.22	1955
snapshot_11_20_2015_12_0.json	1448038800.0	59.36	9691.22	1900
snapshot_11_21_2015_12_0.json	1448125200.0	43.45	9691.22	1331
snapshot_11_21_2015_18_0.json	1448146800.0	37.6	500	1158
snapshot_11_22_2015_0_0.json	1448168400.0	25.84	449.99	640
snapshot_11_22_2015_12_0.json	1448211600.0	0	0	0
snapshot_11_22_2015_18_0.json	1448233200.0	0	0	0
snapshot_11_22_2015_6_0.json	1448190000.0	0	0	0
snapshot_11_23_2015_0_0.json	1448254800.0	0	0	0
snapshot_11_23_2015_12_0.json	1448298000.0	0	0	0
snapshot_11_23_2015_18_0.json	1448319600.0	0	0	0
snapshot_11_23_2015_6_0.json	1448276400.0	0	0	0
snapshot_11_24_2015_0_0.json	1448341200.0	0	0	0
snapshot_11_24_2015_0_0.json	1448341200.0	0	0	0
snapshot_12_3_2015_0_0.json	1449118800.0	0	0	0
snapshot_12_3_2015_0_0.json	1449118800.0	0	0	0
snapshot_12_3_2015_12_0.json	1449162000.0	0	0	0
9195115	2015-11-22T01:00:00Z	Oklahoma Sooners	Memorial Stadium Oklahoma	Oklahoma Oklahoma City|3863	73019
snapshot_11_16_2015_0_0.json	1447650000.0	90.25	2124	2066
snapshot_11_17_2015_0_0.json	1447736400.0	112.47	9691.22	2100
snapshot_11_17_2015_12_0.json	1447779600.0	107.8	9691.22	2094
snapshot_11_17_2015_18_0.json	1447801200.0	107.8	9691.22	2116
snapshot_11_17_2015_6_0.json	1447758000.0	101.95	9691.22	2105
snapshot_11_17_2015_6_0.json	1447758000.0	101.95	9691.22	2101
snapshot_11_18_2015_0_0.json	1447822800.0	94.93	9691.22	2104
snapshot_11_18_2015_12_0.json	1447866000.0	107.8	9691.22	2085
snapshot_11_18_2015_18_0.json	1447887600.0	94.15	9691.22	2073
snapshot_11_18_2015_6_0.json	1447844400.0	107.8	9691.22	2086
snapshot_11_19_2015_0_0.json	1447909200.0	83.23	9691.22	2093
snapshot_11_19_2015_12_0.json	1447952400.0	79.72	9691.22	2051
snapshot_11_19_2015_6_0.json	1447930800.0	79.72	9691.22	2067
snapshot_11_20_2015_0_0.json	1447995600.0	61	9691.22	1955
snapshot_11_20_2015_12_0.json	1448038800.0	59.36	9691.22	1900
snapshot_11_21_2015_12_0.json	1448125200.0	43.45	9691.22	1331
snapshot_11_21_2015_18_0.json	1448146800.0	37.6	500	1158
snapshot_11_22_2015_0_0.json	1448168400.0	25.84	449.99	640
snapshot_11_22_2015_12_0.json	1448211600.0	0	0	0
snapshot_11_22_2015_18_0.json	1448233200.0	0	0	0
snapshot_11_22_2015_6_0.json	1448190000.0	0	0	0
snapshot_11_23_2015_0_0.json	1448254800.0	0	0	0
snapshot_11_23_2015_12_0.json	1448298000.0	0	0	0
snapshot_11_23_2015_18_0.json	1448319600.0	0	0	0
snapshot_11_23_2015_6_0.json	1448276400.0	0	0	0
snapshot_11_24_2015_0_0.json	1448341200.0	0	0	0
snapshot_11_24_2015_0_0.json	1448341200.0	0	0	0
snapshot_12_3_2015_0_0.json	1449118800.0	0	0	0
snapshot_12_3_2015_0_0.json	1449118800.0	0	0	0
snapshot_12_3_2015_12_0.json	1449162000.0	0	0	0
9195115	2015-11-22T01:00:00Z	Oklahoma Sooners	Memorial Stadium Oklahoma	Oklahoma Oklahoma City|3863	73019
snapshot_11_16_2015_0_0.json	1447650000.0	90.25	2124	2066
snapshot_11_17_2015_0_0.json	1447736400.0	112.47	9691.22	2100
snapshot_11_17_2015_12_0.json	1447779600.0	107.8	9691.22	2094
snapshot_11_17_2015_18_0.json	1447801200.0	107.8	9691.22	2116
snapshot_11_17_2015_6_0.json	1447758000.0	101.95	9691.22	2105
snapshot_11_17_2015_6_0.json	1447758000.0	101.95	9691.22	2101
snapshot_11_18_2015_0_0.json	1447822800.0	94.93	9691.22	2104
snapshot_11_18_2015_12_0.json	1447866000.0	107.8	9691.22	2085
snapshot_11_18_2015_18_0.json	1447887600.0	94.15	9691.22	2073
snapshot_11_18_2015_6_0.json	1447844400.0	107.8	9691.22	2086
snapshot_11_19_2015_0_0.json	1447909200.0	83.23	9691.22	2093
snapshot_11_19_2015_12_0.json	1447952400.0	79.72	9691.22	2051
snapshot_11_19_2015_6_0.json	1447930800.0	79.72	9691.22	2067
snapshot_11_20_2015_0_0.json	1447995600.0	61	9691.22	1955
snapshot_11_20_2015_12_0.json	1448038800.0	59.36	9691.22	1900
snapshot_11_21_2015_12_0.json	1448125200.0	43.45	9691.22	1331
snapshot_11_21_2015_18_0.json	1448146800.0	37.6	500	1158
snapshot_11_22_2015_0_0.json	1448168400.0	25.84	449.99	640
snapshot_11_22_2015_12_0.json	1448211600.0	0	0	0
snapshot_11_22_2015_18_0.json	1448233200.0	0	0	0
snapshot_11_22_2015_6_0.json	1448190000.0	0	0	0
snapshot_11_23_2015_0_0.json	1448254800.0	0	0	0
snapshot_11_23_2015_12_0.json	1448298000.0	0	0	0
snapshot_11_23_2015_18_0.json	1448319600.0	0	0	0
snapshot_11_23_2015_6_0.json	1448276400.0	0	0	0
snapshot_11_24_2015_0_0.json	1448341200.0	0	0	0
snapshot_11_24_2015_0_0.json	1448341200.0	0	0	0
snapshot_12_3_2015_0_0.json	1449118800.0	0	0	0
snapshot_12_3_2015_0_0.json	1449118800.0	0	0	0
snapshot_12_3_2015_12_0.json	1449162000.0	0	0	0
