9195102	2015-11-21T17:00:00Z	Kansas State Wildcats	Bill Snyder Family Stadium	Missouri Kansas City|702	66502
snapshot_11_16_2015_0_0.json	1447650000.0	12.05	300	975
snapshot_11_17_2015_0_0.json	1447736400.0	14.61	300	960
snapshot_11_17_2015_12_0.json	1447779600.0	14.43	300	924
snapshot_11_17_2015_18_0.json	1447801200.0	11.86	300	857
snapshot_11_17_2015_6_0.json	1447758000.0	14.43	300	928
snapshot_11_17_2015_6_0.json	1447758000.0	14.43	300	928
snapshot_11_18_2015_0_0.json	1447822800.0	11.86	300	858
snapshot_11_18_2015_12_0.json	1447866000.0	11.66	300	818
snapshot_11_18_2015_18_0.json	1447887600.0	11.66	300	803
snapshot_11_18_2015_6_0.json	1447844400.0	11.66	300	820
snapshot_11_19_2015_0_0.json	1447909200.0	12.81	300	666
snapshot_11_19_2015_12_0.json	1447952400.0	13.03	300	623
snapshot_11_19_2015_6_0.json	1447930800.0	13.03	300	625
snapshot_11_20_2015_0_0.json	1447995600.0	13.03	300	503
snapshot_11_20_2015_12_0.json	1448038800.0	13.03	300	486
snapshot_11_21_2015_12_0.json	1448125200.0	9.52	300	353
snapshot_11_21_2015_18_0.json	1448146800.0	0	0	0
snapshot_11_22_2015_12_0.json	1448211600.0	0	0	0
snapshot_11_22_2015_18_0.json	1448233200.0	0	0	0
snapshot_11_22_2015_6_0.json	1448190000.0	0	0	0
snapshot_11_23_2015_0_0.json	1448254800.0	0	0	0
snapshot_11_23_2015_12_0.json	1448298000.0	0	0	0
snapshot_11_23_2015_6_0.json	1448276400.0	0	0	0
snapshot_11_23_2015_6_0.json	1448276400.0	0	0	0
snapshot_11_25_2015_6_0.json	1448449200.0	0	0	0
9195102	2015-11-21T17:00:00Z	Kansas State Wildcats	Bill Snyder Family Stadium	Missouri Kansas City|702	66502
snapshot_11_16_2015_0_0.json	1447650000.0	12.05	300	975
snapshot_11_17_2015_0_0.json	1447736400.0	14.61	300	960
snapshot_11_17_2015_12_0.json	1447779600.0	14.43	300	924
snapshot_11_17_2015_18_0.json	1447801200.0	11.86	300	857
snapshot_11_17_2015_6_0.json	1447758000.0	14.43	300	928
snapshot_11_17_2015_6_0.json	1447758000.0	14.43	300	928
snapshot_11_18_2015_0_0.json	1447822800.0	11.86	300	858
snapshot_11_18_2015_12_0.json	1447866000.0	11.66	300	818
snapshot_11_18_2015_18_0.json	1447887600.0	11.66	300	803
snapshot_11_18_2015_6_0.json	1447844400.0	11.66	300	820
snapshot_11_19_2015_0_0.json	1447909200.0	12.81	300	666
snapshot_11_19_2015_12_0.json	1447952400.0	13.03	300	623
snapshot_11_19_2015_6_0.json	1447930800.0	13.03	300	625
snapshot_11_20_2015_0_0.json	1447995600.0	13.03	300	503
snapshot_11_20_2015_12_0.json	1448038800.0	13.03	300	486
snapshot_11_21_2015_12_0.json	1448125200.0	9.52	300	353
snapshot_11_21_2015_18_0.json	1448146800.0	0	0	0
snapshot_11_22_2015_12_0.json	1448211600.0	0	0	0
snapshot_11_22_2015_18_0.json	1448233200.0	0	0	0
snapshot_11_22_2015_6_0.json	1448190000.0	0	0	0
snapshot_11_23_2015_0_0.json	1448254800.0	0	0	0
snapshot_11_23_2015_12_0.json	1448298000.0	0	0	0
snapshot_11_23_2015_6_0.json	1448276400.0	0	0	0
snapshot_11_23_2015_6_0.json	1448276400.0	0	0	0
snapshot_11_25_2015_6_0.json	1448449200.0	0	0	0
9195102	2015-11-21T17:00:00Z	Kansas State Wildcats	Bill Snyder Family Stadium	Missouri Kansas City|702	66502
snapshot_11_16_2015_0_0.json	1447650000.0	12.05	300	975
snapshot_11_17_2015_0_0.json	1447736400.0	14.61	300	960
snapshot_11_17_2015_12_0.json	1447779600.0	14.43	300	924
snapshot_11_17_2015_18_0.json	1447801200.0	11.86	300	857
snapshot_11_17_2015_6_0.json	1447758000.0	14.43	300	928
snapshot_11_17_2015_6_0.json	1447758000.0	14.43	300	928
snapshot_11_18_2015_0_0.json	1447822800.0	11.86	300	858
snapshot_11_18_2015_12_0.json	1447866000.0	11.66	300	818
snapshot_11_18_2015_18_0.json	1447887600.0	11.66	300	803
snapshot_11_18_2015_6_0.json	1447844400.0	11.66	300	820
snapshot_11_19_2015_0_0.json	1447909200.0	12.81	300	666
snapshot_11_19_2015_12_0.json	1447952400.0	13.03	300	623
snapshot_11_19_2015_6_0.json	1447930800.0	13.03	300	625
snapshot_11_20_2015_0_0.json	1447995600.0	13.03	300	503
snapshot_11_20_2015_12_0.json	1448038800.0	13.03	300	486
snapshot_11_21_2015_12_0.json	1448125200.0	9.52	300	353
snapshot_11_21_2015_18_0.json	1448146800.0	0	0	0
snapshot_11_22_2015_12_0.json	1448211600.0	0	0	0
snapshot_11_22_2015_18_0.json	1448233200.0	0	0	0
snapshot_11_22_2015_6_0.json	1448190000.0	0	0	0
snapshot_11_23_2015_0_0.json	1448254800.0	0	0	0
snapshot_11_23_2015_12_0.json	1448298000.0	0	0	0
snapshot_11_23_2015_6_0.json	1448276400.0	0	0	0
snapshot_11_23_2015_6_0.json	1448276400.0	0	0	0
snapshot_11_25_2015_6_0.json	1448449200.0	0	0	0
9195102	2015-11-21T17:00:00Z	Kansas State Wildcats	Bill Snyder Family Stadium	Missouri Kansas City|702	66502
snapshot_11_16_2015_0_0.json	1447650000.0	12.05	300	975
snapshot_11_17_2015_0_0.json	1447736400.0	14.61	300	960
snapshot_11_17_2015_12_0.json	1447779600.0	14.43	300	924
snapshot_11_17_2015_18_0.json	1447801200.0	11.86	300	857
snapshot_11_17_2015_6_0.json	1447758000.0	14.43	300	928
snapshot_11_17_2015_6_0.json	1447758000.0	14.43	300	928
snapshot_11_18_2015_0_0.json	1447822800.0	11.86	300	858
snapshot_11_18_2015_12_0.json	1447866000.0	11.66	300	818
snapshot_11_18_2015_18_0.json	1447887600.0	11.66	300	803
snapshot_11_18_2015_6_0.json	1447844400.0	11.66	300	820
snapshot_11_19_2015_0_0.json	1447909200.0	12.81	300	666
snapshot_11_19_2015_12_0.json	1447952400.0	13.03	300	623
snapshot_11_19_2015_6_0.json	1447930800.0	13.03	300	625
snapshot_11_20_2015_0_0.json	1447995600.0	13.03	300	503
snapshot_11_20_2015_12_0.json	1448038800.0	13.03	300	486
snapshot_11_21_2015_12_0.json	1448125200.0	9.52	300	353
snapshot_11_21_2015_18_0.json	1448146800.0	0	0	0
snapshot_11_22_2015_12_0.json	1448211600.0	0	0	0
snapshot_11_22_2015_18_0.json	1448233200.0	0	0	0
snapshot_11_22_2015_6_0.json	1448190000.0	0	0	0
snapshot_11_23_2015_0_0.json	1448254800.0	0	0	0
snapshot_11_23_2015_12_0.json	1448298000.0	0	0	0
snapshot_11_23_2015_6_0.json	1448276400.0	0	0	0
snapshot_11_23_2015_6_0.json	1448276400.0	0	0	0
snapshot_11_25_2015_6_0.json	1448449200.0	0	0	0
