9195914	2015-11-21T17:00:00Z	Iowa Hawkeyes	Kinnick Stadium	Iowa Des Moines|5637	52242
snapshot_11_16_2015_0_0.json	1447650000.0	50.47	999	1245
snapshot_11_17_2015_0_0.json	1447736400.0	48.94	999	1385
snapshot_11_17_2015_12_0.json	1447779600.0	50.47	999	1288
snapshot_11_17_2015_18_0.json	1447801200.0	48.13	1000	1321
snapshot_11_17_2015_6_0.json	1447758000.0	50.47	999	1272
snapshot_11_17_2015_6_0.json	1447758000.0	50.47	999	1272
snapshot_11_18_2015_0_0.json	1447822800.0	48.94	1000	1488
snapshot_11_18_2015_12_0.json	1447866000.0	46.96	1000	1413
snapshot_11_18_2015_18_0.json	1447887600.0	42.28	1000	1443
snapshot_11_18_2015_6_0.json	1447844400.0	46.96	1000	1421
snapshot_11_19_2015_0_0.json	1447909200.0	41.11	1000	1384
snapshot_11_19_2015_12_0.json	1447952400.0	37.6	999	1418
snapshot_11_19_2015_6_0.json	1447930800.0	37.6	999	1425
snapshot_11_20_2015_0_0.json	1447995600.0	25.9	375	1413
snapshot_11_20_2015_12_0.json	1448038800.0	21.81	300	1480
snapshot_11_21_2015_12_0.json	1448125200.0	9.52	300	1047
snapshot_11_21_2015_18_0.json	1448146800.0	14.2	75	12
snapshot_11_22_2015_0_0.json	1448168400.0	0	0	0
snapshot_11_22_2015_12_0.json	1448211600.0	0	0	0
snapshot_11_22_2015_18_0.json	1448233200.0	0	0	0
snapshot_11_22_2015_6_0.json	1448190000.0	0	0	0
snapshot_11_23_2015_0_0.json	1448254800.0	0	0	0
snapshot_11_23_2015_12_0.json	1448298000.0	0	0	0
snapshot_11_23_2015_18_0.json	1448319600.0	0	0	0
snapshot_11_23_2015_6_0.json	1448276400.0	0	0	0
snapshot_12_3_2015_0_0.json	1449118800.0	0	0	0
snapshot_12_3_2015_12_0.json	1449162000.0	0	0	0
snapshot_12_4_2015_0_0.json	1449205200.0	0	0	0
snapshot_12_4_2015_12_0.json	1449248400.0	0	0	0
snapshot_12_4_2015_6_0.json	1449226800.0	0	0	0
snapshot_12_5_2015_0_0.json	1449291600.0	0	0	0
snapshot_12_5_2015_12_0.json	1449334800.0	0	0	0
9195914	2015-11-21T17:00:00Z	Iowa Hawkeyes	Kinnick Stadium	Iowa Des Moines|5637	52242
snapshot_11_16_2015_0_0.json	1447650000.0	50.47	999	1245
snapshot_11_17_2015_0_0.json	1447736400.0	48.94	999	1385
snapshot_11_17_2015_12_0.json	1447779600.0	50.47	999	1288
snapshot_11_17_2015_18_0.json	1447801200.0	48.13	1000	1321
snapshot_11_17_2015_6_0.json	1447758000.0	50.47	999	1272
snapshot_11_17_2015_6_0.json	1447758000.0	50.47	999	1272
snapshot_11_18_2015_0_0.json	1447822800.0	48.94	1000	1488
snapshot_11_18_2015_12_0.json	1447866000.0	46.96	1000	1413
snapshot_11_18_2015_18_0.json	1447887600.0	42.28	1000	1443
snapshot_11_18_2015_6_0.json	1447844400.0	46.96	1000	1421
snapshot_11_19_2015_0_0.json	1447909200.0	41.11	1000	1384
snapshot_11_19_2015_12_0.json	1447952400.0	37.6	999	1418
snapshot_11_19_2015_6_0.json	1447930800.0	37.6	999	1425
snapshot_11_20_2015_0_0.json	1447995600.0	25.9	375	1413
snapshot_11_20_2015_12_0.json	1448038800.0	21.81	300	1480
snapshot_11_21_2015_12_0.json	1448125200.0	9.52	300	1047
snapshot_11_21_2015_18_0.json	1448146800.0	14.2	75	12
snapshot_11_22_2015_0_0.json	1448168400.0	0	0	0
snapshot_11_22_2015_12_0.json	1448211600.0	0	0	0
snapshot_11_22_2015_18_0.json	1448233200.0	0	0	0
snapshot_11_22_2015_6_0.json	1448190000.0	0	0	0
snapshot_11_23_2015_0_0.json	1448254800.0	0	0	0
snapshot_11_23_2015_12_0.json	1448298000.0	0	0	0
snapshot_11_23_2015_18_0.json	1448319600.0	0	0	0
snapshot_11_23_2015_6_0.json	1448276400.0	0	0	0
snapshot_12_3_2015_0_0.json	1449118800.0	0	0	0
snapshot_12_3_2015_12_0.json	1449162000.0	0	0	0
snapshot_12_4_2015_0_0.json	1449205200.0	0	0	0
snapshot_12_4_2015_12_0.json	1449248400.0	0	0	0
snapshot_12_4_2015_6_0.json	1449226800.0	0	0	0
snapshot_12_5_2015_0_0.json	1449291600.0	0	0	0
snapshot_12_5_2015_12_0.json	1449334800.0	0	0	0
9195914	2015-11-21T17:00:00Z	Iowa Hawkeyes	Kinnick Stadium	Iowa Des Moines|5637	52242
snapshot_11_16_2015_0_0.json	1447650000.0	50.47	999	1245
snapshot_11_17_2015_0_0.json	1447736400.0	48.94	999	1385
snapshot_11_17_2015_12_0.json	1447779600.0	50.47	999	1288
snapshot_11_17_2015_18_0.json	1447801200.0	48.13	1000	1321
snapshot_11_17_2015_6_0.json	1447758000.0	50.47	999	1272
snapshot_11_17_2015_6_0.json	1447758000.0	50.47	999	1272
snapshot_11_18_2015_0_0.json	1447822800.0	48.94	1000	1488
snapshot_11_18_2015_12_0.json	1447866000.0	46.96	1000	1413
snapshot_11_18_2015_18_0.json	1447887600.0	42.28	1000	1443
snapshot_11_18_2015_6_0.json	1447844400.0	46.96	1000	1421
snapshot_11_19_2015_0_0.json	1447909200.0	41.11	1000	1384
snapshot_11_19_2015_12_0.json	1447952400.0	37.6	999	1418
snapshot_11_19_2015_6_0.json	1447930800.0	37.6	999	1425
snapshot_11_20_2015_0_0.json	1447995600.0	25.9	375	1413
snapshot_11_20_2015_12_0.json	1448038800.0	21.81	300	1480
snapshot_11_21_2015_12_0.json	1448125200.0	9.52	300	1047
snapshot_11_21_2015_18_0.json	1448146800.0	14.2	75	12
snapshot_11_22_2015_0_0.json	1448168400.0	0	0	0
snapshot_11_22_2015_12_0.json	1448211600.0	0	0	0
snapshot_11_22_2015_18_0.json	1448233200.0	0	0	0
snapshot_11_22_2015_6_0.json	1448190000.0	0	0	0
snapshot_11_23_2015_0_0.json	1448254800.0	0	0	0
snapshot_11_23_2015_12_0.json	1448298000.0	0	0	0
snapshot_11_23_2015_18_0.json	1448319600.0	0	0	0
snapshot_11_23_2015_6_0.json	1448276400.0	0	0	0
snapshot_12_3_2015_0_0.json	1449118800.0	0	0	0
snapshot_12_3_2015_12_0.json	1449162000.0	0	0	0
snapshot_12_4_2015_0_0.json	1449205200.0	0	0	0
snapshot_12_4_2015_12_0.json	1449248400.0	0	0	0
snapshot_12_4_2015_6_0.json	1449226800.0	0	0	0
snapshot_12_5_2015_0_0.json	1449291600.0	0	0	0
snapshot_12_5_2015_12_0.json	1449334800.0	0	0	0
9195914	2015-11-21T17:00:00Z	Iowa Hawkeyes	Kinnick Stadium	Iowa Des Moines|5637	52242
snapshot_11_16_2015_0_0.json	1447650000.0	50.47	999	1245
snapshot_11_17_2015_0_0.json	1447736400.0	48.94	999	1385
snapshot_11_17_2015_12_0.json	1447779600.0	50.47	999	1288
snapshot_11_17_2015_18_0.json	1447801200.0	48.13	1000	1321
snapshot_11_17_2015_6_0.json	1447758000.0	50.47	999	1272
snapshot_11_17_2015_6_0.json	1447758000.0	50.47	999	1272
snapshot_11_18_2015_0_0.json	1447822800.0	48.94	1000	1488
snapshot_11_18_2015_12_0.json	1447866000.0	46.96	1000	1413
snapshot_11_18_2015_18_0.json	1447887600.0	42.28	1000	1443
snapshot_11_18_2015_6_0.json	1447844400.0	46.96	1000	1421
snapshot_11_19_2015_0_0.json	1447909200.0	41.11	1000	1384
snapshot_11_19_2015_12_0.json	1447952400.0	37.6	999	1418
snapshot_11_19_2015_6_0.json	1447930800.0	37.6	999	1425
snapshot_11_20_2015_0_0.json	1447995600.0	25.9	375	1413
snapshot_11_20_2015_12_0.json	1448038800.0	21.81	300	1480
snapshot_11_21_2015_12_0.json	1448125200.0	9.52	300	1047
snapshot_11_21_2015_18_0.json	1448146800.0	14.2	75	12
snapshot_11_22_2015_0_0.json	1448168400.0	0	0	0
snapshot_11_22_2015_12_0.json	1448211600.0	0	0	0
snapshot_11_22_2015_18_0.json	1448233200.0	0	0	0
snapshot_11_22_2015_6_0.json	1448190000.0	0	0	0
snapshot_11_23_2015_0_0.json	1448254800.0	0	0	0
snapshot_11_23_2015_12_0.json	1448298000.0	0	0	0
snapshot_11_23_2015_18_0.json	1448319600.0	0	0	0
snapshot_11_23_2015_6_0.json	1448276400.0	0	0	0
snapshot_12_3_2015_0_0.json	1449118800.0	0	0	0
snapshot_12_3_2015_12_0.json	1449162000.0	0	0	0
snapshot_12_4_2015_0_0.json	1449205200.0	0	0	0
snapshot_12_4_2015_12_0.json	1449248400.0	0	0	0
snapshot_12_4_2015_6_0.json	1449226800.0	0	0	0
snapshot_12_5_2015_0_0.json	1449291600.0	0	0	0
snapshot_12_5_2015_12_0.json	1449334800.0	0	0	0
