9195125	2015-11-21T20:30:00Z	Oregon Ducks	Autzen Stadium	Oregon Portland|704	97401
snapshot_11_16_2015_0_0.json	1447650000.0	69.19	1100	1147
snapshot_11_17_2015_0_0.json	1447736400.0	69.48	1100	1133
snapshot_11_17_2015_12_0.json	1447779600.0	70.95	1100	1124
snapshot_11_17_2015_18_0.json	1447801200.0	69.19	1100	1150
snapshot_11_17_2015_6_0.json	1447758000.0	70.36	1100	1124
snapshot_11_17_2015_6_0.json	1447758000.0	70.36	1100	1124
snapshot_11_18_2015_0_0.json	1447822800.0	68	1100	1162
snapshot_11_18_2015_12_0.json	1447866000.0	69.19	1100	1159
snapshot_11_18_2015_18_0.json	1447887600.0	71.53	1100	1161
snapshot_11_18_2015_6_0.json	1447844400.0	69.19	1100	1163
snapshot_11_19_2015_0_0.json	1447909200.0	55.15	1100	1143
snapshot_11_19_2015_12_0.json	1447952400.0	68.02	1100	1111
snapshot_11_19_2015_6_0.json	1447930800.0	68.02	1100	1134
snapshot_11_20_2015_0_0.json	1447995600.0	60.99	1100	1027
snapshot_11_20_2015_12_0.json	1448038800.0	69.18	1100	934
snapshot_11_21_2015_12_0.json	1448125200.0	50.47	1100	631
snapshot_11_21_2015_18_0.json	1448146800.0	72.7	1100	461
snapshot_11_22_2015_0_0.json	1448168400.0	0	0	0
snapshot_11_22_2015_12_0.json	1448211600.0	0	0	0
snapshot_11_22_2015_18_0.json	1448233200.0	0	0	0
snapshot_11_22_2015_6_0.json	1448190000.0	0	0	0
snapshot_11_23_2015_0_0.json	1448254800.0	0	0	0
snapshot_11_23_2015_12_0.json	1448298000.0	0	0	0
snapshot_11_23_2015_18_0.json	1448319600.0	0	0	0
snapshot_11_23_2015_6_0.json	1448276400.0	0	0	0
snapshot_11_26_2015_0_0.json	1448514000.0	0	0	0
snapshot_12_3_2015_0_0.json	1449118800.0	0	0	0
snapshot_12_3_2015_12_0.json	1449162000.0	0	0	0
snapshot_12_5_2015_0_0.json	1449291600.0	0	0	0
snapshot_12_5_2015_12_0.json	1449334800.0	0	0	0
9195125	2015-11-21T20:30:00Z	Oregon Ducks	Autzen Stadium	Oregon Portland|704	97401
snapshot_11_16_2015_0_0.json	1447650000.0	69.19	1100	1147
snapshot_11_17_2015_0_0.json	1447736400.0	69.48	1100	1133
snapshot_11_17_2015_12_0.json	1447779600.0	70.95	1100	1124
snapshot_11_17_2015_18_0.json	1447801200.0	69.19	1100	1150
snapshot_11_17_2015_6_0.json	1447758000.0	70.36	1100	1124
snapshot_11_17_2015_6_0.json	1447758000.0	70.36	1100	1124
snapshot_11_18_2015_0_0.json	1447822800.0	68	1100	1162
snapshot_11_18_2015_12_0.json	1447866000.0	69.19	1100	1159
snapshot_11_18_2015_18_0.json	1447887600.0	71.53	1100	1161
snapshot_11_18_2015_6_0.json	1447844400.0	69.19	1100	1163
snapshot_11_19_2015_0_0.json	1447909200.0	55.15	1100	1143
snapshot_11_19_2015_12_0.json	1447952400.0	68.02	1100	1111
snapshot_11_19_2015_6_0.json	1447930800.0	68.02	1100	1134
snapshot_11_20_2015_0_0.json	1447995600.0	60.99	1100	1027
snapshot_11_20_2015_12_0.json	1448038800.0	69.18	1100	934
snapshot_11_21_2015_12_0.json	1448125200.0	50.47	1100	631
snapshot_11_21_2015_18_0.json	1448146800.0	72.7	1100	461
snapshot_11_22_2015_0_0.json	1448168400.0	0	0	0
snapshot_11_22_2015_12_0.json	1448211600.0	0	0	0
snapshot_11_22_2015_18_0.json	1448233200.0	0	0	0
snapshot_11_22_2015_6_0.json	1448190000.0	0	0	0
snapshot_11_23_2015_0_0.json	1448254800.0	0	0	0
snapshot_11_23_2015_12_0.json	1448298000.0	0	0	0
snapshot_11_23_2015_18_0.json	1448319600.0	0	0	0
snapshot_11_23_2015_6_0.json	1448276400.0	0	0	0
snapshot_11_26_2015_0_0.json	1448514000.0	0	0	0
snapshot_12_3_2015_0_0.json	1449118800.0	0	0	0
snapshot_12_3_2015_12_0.json	1449162000.0	0	0	0
snapshot_12_5_2015_0_0.json	1449291600.0	0	0	0
snapshot_12_5_2015_12_0.json	1449334800.0	0	0	0
9195125	2015-11-21T20:30:00Z	Oregon Ducks	Autzen Stadium	Oregon Portland|704	97401
snapshot_11_16_2015_0_0.json	1447650000.0	69.19	1100	1147
snapshot_11_17_2015_0_0.json	1447736400.0	69.48	1100	1133
snapshot_11_17_2015_12_0.json	1447779600.0	70.95	1100	1124
snapshot_11_17_2015_18_0.json	1447801200.0	69.19	1100	1150
snapshot_11_17_2015_6_0.json	1447758000.0	70.36	1100	1124
snapshot_11_17_2015_6_0.json	1447758000.0	70.36	1100	1124
snapshot_11_18_2015_0_0.json	1447822800.0	68	1100	1162
snapshot_11_18_2015_12_0.json	1447866000.0	69.19	1100	1159
snapshot_11_18_2015_18_0.json	1447887600.0	71.53	1100	1161
snapshot_11_18_2015_6_0.json	1447844400.0	69.19	1100	1163
snapshot_11_19_2015_0_0.json	1447909200.0	55.15	1100	1143
snapshot_11_19_2015_12_0.json	1447952400.0	68.02	1100	1111
snapshot_11_19_2015_6_0.json	1447930800.0	68.02	1100	1134
snapshot_11_20_2015_0_0.json	1447995600.0	60.99	1100	1027
snapshot_11_20_2015_12_0.json	1448038800.0	69.18	1100	934
snapshot_11_21_2015_12_0.json	1448125200.0	50.47	1100	631
snapshot_11_21_2015_18_0.json	1448146800.0	72.7	1100	461
snapshot_11_22_2015_0_0.json	1448168400.0	0	0	0
snapshot_11_22_2015_12_0.json	1448211600.0	0	0	0
snapshot_11_22_2015_18_0.json	1448233200.0	0	0	0
snapshot_11_22_2015_6_0.json	1448190000.0	0	0	0
snapshot_11_23_2015_0_0.json	1448254800.0	0	0	0
snapshot_11_23_2015_12_0.json	1448298000.0	0	0	0
snapshot_11_23_2015_18_0.json	1448319600.0	0	0	0
snapshot_11_23_2015_6_0.json	1448276400.0	0	0	0
snapshot_11_26_2015_0_0.json	1448514000.0	0	0	0
snapshot_12_3_2015_0_0.json	1449118800.0	0	0	0
snapshot_12_3_2015_12_0.json	1449162000.0	0	0	0
snapshot_12_5_2015_0_0.json	1449291600.0	0	0	0
snapshot_12_5_2015_12_0.json	1449334800.0	0	0	0
9195125	2015-11-21T20:30:00Z	Oregon Ducks	Autzen Stadium	Oregon Portland|704	97401
snapshot_11_16_2015_0_0.json	1447650000.0	69.19	1100	1147
snapshot_11_17_2015_0_0.json	1447736400.0	69.48	1100	1133
snapshot_11_17_2015_12_0.json	1447779600.0	70.95	1100	1124
snapshot_11_17_2015_18_0.json	1447801200.0	69.19	1100	1150
snapshot_11_17_2015_6_0.json	1447758000.0	70.36	1100	1124
snapshot_11_17_2015_6_0.json	1447758000.0	70.36	1100	1124
snapshot_11_18_2015_0_0.json	1447822800.0	68	1100	1162
snapshot_11_18_2015_12_0.json	1447866000.0	69.19	1100	1159
snapshot_11_18_2015_18_0.json	1447887600.0	71.53	1100	1161
snapshot_11_18_2015_6_0.json	1447844400.0	69.19	1100	1163
snapshot_11_19_2015_0_0.json	1447909200.0	55.15	1100	1143
snapshot_11_19_2015_12_0.json	1447952400.0	68.02	1100	1111
snapshot_11_19_2015_6_0.json	1447930800.0	68.02	1100	1134
snapshot_11_20_2015_0_0.json	1447995600.0	60.99	1100	1027
snapshot_11_20_2015_12_0.json	1448038800.0	69.18	1100	934
snapshot_11_21_2015_12_0.json	1448125200.0	50.47	1100	631
snapshot_11_21_2015_18_0.json	1448146800.0	72.7	1100	461
snapshot_11_22_2015_0_0.json	1448168400.0	0	0	0
snapshot_11_22_2015_12_0.json	1448211600.0	0	0	0
snapshot_11_22_2015_18_0.json	1448233200.0	0	0	0
snapshot_11_22_2015_6_0.json	1448190000.0	0	0	0
snapshot_11_23_2015_0_0.json	1448254800.0	0	0	0
snapshot_11_23_2015_12_0.json	1448298000.0	0	0	0
snapshot_11_23_2015_18_0.json	1448319600.0	0	0	0
snapshot_11_23_2015_6_0.json	1448276400.0	0	0	0
snapshot_11_26_2015_0_0.json	1448514000.0	0	0	0
snapshot_12_3_2015_0_0.json	1449118800.0	0	0	0
snapshot_12_3_2015_12_0.json	1449162000.0	0	0	0
snapshot_12_5_2015_0_0.json	1449291600.0	0	0	0
snapshot_12_5_2015_12_0.json	1449334800.0	0	0	0
