9195103	2015-12-05T19:00:00Z	Kansas State Wildcats	Bill Snyder Family Stadium	Missouri Kansas City|702	66502
snapshot_11_17_2015_0_0.json	1447736400.0	9.52	300	2526
snapshot_11_17_2015_12_0.json	1447779600.0	9.52	300	2508
snapshot_11_17_2015_18_0.json	1447801200.0	9.52	300	2500
snapshot_11_17_2015_18_0.json	1447801200.0	9.52	300	2500
snapshot_11_17_2015_6_0.json	1447758000.0	9.52	300	2508
snapshot_11_18_2015_0_0.json	1447822800.0	9.52	300	2498
snapshot_11_18_2015_12_0.json	1447866000.0	9.52	300	2494
snapshot_11_18_2015_18_0.json	1447887600.0	9.52	300	2494
snapshot_11_18_2015_6_0.json	1447844400.0	9.52	300	2494
snapshot_11_18_2015_6_0.json	1447844400.0	9.52	300	2494
snapshot_11_19_2015_0_0.json	1447909200.0	9.52	300	2481
snapshot_11_19_2015_6_0.json	1447930800.0	9.52	300	2481
snapshot_11_20_2015_12_0.json	1448038800.0	9.52	300	2484
snapshot_11_21_2015_12_0.json	1448125200.0	9.52	300	2475
snapshot_11_21_2015_18_0.json	1448146800.0	9.52	300	2444
snapshot_11_22_2015_0_0.json	1448168400.0	9.52	300	2425
snapshot_11_22_2015_12_0.json	1448211600.0	9.52	300	2423
snapshot_11_22_2015_18_0.json	1448233200.0	9.52	300	2413
snapshot_11_22_2015_6_0.json	1448190000.0	9.52	300	2421
snapshot_11_22_2015_6_0.json	1448190000.0	9.52	300	2421
snapshot_11_23_2015_0_0.json	1448254800.0	9.52	300	2397
snapshot_11_23_2015_12_0.json	1448298000.0	9.52	300	2390
snapshot_11_23_2015_18_0.json	1448319600.0	9.52	300	2392
snapshot_11_23_2015_6_0.json	1448276400.0	9.52	300	2390
snapshot_11_24_2015_0_0.json	1448341200.0	9.52	300	2399
snapshot_11_24_2015_12_0.json	1448384400.0	9.52	300	2390
snapshot_11_24_2015_18_0.json	1448406000.0	9.52	300	2403
snapshot_11_24_2015_6_0.json	1448362800.0	9.52	300	2390
snapshot_11_25_2015_0_0.json	1448427600.0	9.52	299.77	2396
snapshot_11_25_2015_12_0.json	1448470800.0	9.52	299.77	2385
snapshot_11_25_2015_18_0.json	1448492400.0	9.52	299.77	2365
snapshot_11_25_2015_6_0.json	1448449200.0	9.52	299.77	2385
snapshot_11_26_2015_0_0.json	1448514000.0	9.52	299.77	2353
snapshot_11_27_2015_18_0.json	1448665200.0	9.52	299.77	2352
snapshot_11_28_2015_0_0.json	1448686800.0	9.52	299.77	2358
snapshot_11_28_2015_12_0.json	1448730000.0	9.52	299.77	2360
snapshot_11_28_2015_18_0.json	1448751600.0	9.52	299.77	2357
snapshot_11_28_2015_6_0.json	1448708400.0	9.52	299.77	2360
snapshot_11_29_2015_0_0.json	1448773200.0	9.52	299.77	2318
snapshot_11_29_2015_12_0.json	1448816400.0	9.52	299.77	2294
snapshot_11_29_2015_18_0.json	1448838000.0	9.52	299.77	2279
snapshot_11_30_2015_0_0.json	1448859600.0	9.52	299.77	2237
snapshot_11_30_2015_12_0.json	1448902800.0	9.52	299.77	2202
snapshot_11_30_2015_6_0.json	1448881200.0	9.52	299.77	2206
snapshot_12_1_2015_0_0.json	1448946000.0	9.52	299.77	2150
snapshot_12_1_2015_12_0.json	1448989200.0	9.52	299.77	2088
snapshot_12_1_2015_18_0.json	1449010800.0	9.52	299.77	2050
snapshot_12_1_2015_6_0.json	1448967600.0	9.52	299.77	2092
snapshot_12_2_2015_0_0.json	1449032400.0	9.52	299.77	1982
snapshot_12_2_2015_12_0.json	1449075600.0	9.52	299.77	1916
snapshot_12_2_2015_18_0.json	1449097200.0	9.52	299.77	1853
snapshot_12_2_2015_6_0.json	1449054000.0	9.52	299.77	1920
snapshot_12_3_2015_0_0.json	1449118800.0	9.52	299.77	1543
snapshot_12_3_2015_12_0.json	1449162000.0	9.52	299.77	1491
snapshot_12_3_2015_18_0.json	1449183600.0	9.52	299.77	1478
snapshot_12_3_2015_6_0.json	1449140400.0	9.52	299.77	1491
snapshot_12_3_2015_6_0.json	1449140400.0	9.52	299.77	1491
snapshot_12_4_2015_0_0.json	1449205200.0	9.52	299.77	1299
snapshot_12_4_2015_12_0.json	1449248400.0	9.52	299.77	1237
snapshot_12_4_2015_18_0.json	1449270000.0	9.52	299.77	1174
snapshot_12_4_2015_6_0.json	1449226800.0	9.52	299.77	1247
snapshot_12_5_2015_0_0.json	1449291600.0	9.52	299.77	1150
snapshot_12_5_2015_12_0.json	1449334800.0	9.52	299.77	1086
snapshot_12_5_2015_18_0.json	1449356400.0	9.52	65	984
snapshot_12_5_2015_6_0.json	1449313200.0	9.52	299.77	1095
9195103	2015-12-05T19:00:00Z	Kansas State Wildcats	Bill Snyder Family Stadium	Missouri Kansas City|702	66502
snapshot_11_17_2015_0_0.json	1447736400.0	9.52	300	2526
snapshot_11_17_2015_12_0.json	1447779600.0	9.52	300	2508
snapshot_11_17_2015_18_0.json	1447801200.0	9.52	300	2500
snapshot_11_17_2015_18_0.json	1447801200.0	9.52	300	2500
snapshot_11_17_2015_6_0.json	1447758000.0	9.52	300	2508
snapshot_11_18_2015_0_0.json	1447822800.0	9.52	300	2498
snapshot_11_18_2015_12_0.json	1447866000.0	9.52	300	2494
snapshot_11_18_2015_18_0.json	1447887600.0	9.52	300	2494
snapshot_11_18_2015_6_0.json	1447844400.0	9.52	300	2494
snapshot_11_18_2015_6_0.json	1447844400.0	9.52	300	2494
snapshot_11_19_2015_0_0.json	1447909200.0	9.52	300	2481
snapshot_11_19_2015_6_0.json	1447930800.0	9.52	300	2481
snapshot_11_20_2015_12_0.json	1448038800.0	9.52	300	2484
snapshot_11_21_2015_12_0.json	1448125200.0	9.52	300	2475
snapshot_11_21_2015_18_0.json	1448146800.0	9.52	300	2444
snapshot_11_22_2015_0_0.json	1448168400.0	9.52	300	2425
snapshot_11_22_2015_12_0.json	1448211600.0	9.52	300	2423
snapshot_11_22_2015_18_0.json	1448233200.0	9.52	300	2413
snapshot_11_22_2015_6_0.json	1448190000.0	9.52	300	2421
snapshot_11_22_2015_6_0.json	1448190000.0	9.52	300	2421
snapshot_11_23_2015_0_0.json	1448254800.0	9.52	300	2397
snapshot_11_23_2015_12_0.json	1448298000.0	9.52	300	2390
snapshot_11_23_2015_18_0.json	1448319600.0	9.52	300	2392
snapshot_11_23_2015_6_0.json	1448276400.0	9.52	300	2390
snapshot_11_24_2015_0_0.json	1448341200.0	9.52	300	2399
snapshot_11_24_2015_12_0.json	1448384400.0	9.52	300	2390
snapshot_11_24_2015_18_0.json	1448406000.0	9.52	300	2403
snapshot_11_24_2015_6_0.json	1448362800.0	9.52	300	2390
snapshot_11_25_2015_0_0.json	1448427600.0	9.52	299.77	2396
snapshot_11_25_2015_12_0.json	1448470800.0	9.52	299.77	2385
snapshot_11_25_2015_18_0.json	1448492400.0	9.52	299.77	2365
snapshot_11_25_2015_6_0.json	1448449200.0	9.52	299.77	2385
snapshot_11_26_2015_0_0.json	1448514000.0	9.52	299.77	2353
snapshot_11_27_2015_18_0.json	1448665200.0	9.52	299.77	2352
snapshot_11_28_2015_0_0.json	1448686800.0	9.52	299.77	2358
snapshot_11_28_2015_12_0.json	1448730000.0	9.52	299.77	2360
snapshot_11_28_2015_18_0.json	1448751600.0	9.52	299.77	2357
snapshot_11_28_2015_6_0.json	1448708400.0	9.52	299.77	2360
snapshot_11_29_2015_0_0.json	1448773200.0	9.52	299.77	2318
snapshot_11_29_2015_12_0.json	1448816400.0	9.52	299.77	2294
snapshot_11_29_2015_18_0.json	1448838000.0	9.52	299.77	2279
snapshot_11_30_2015_0_0.json	1448859600.0	9.52	299.77	2237
snapshot_11_30_2015_12_0.json	1448902800.0	9.52	299.77	2202
snapshot_11_30_2015_6_0.json	1448881200.0	9.52	299.77	2206
snapshot_12_1_2015_0_0.json	1448946000.0	9.52	299.77	2150
snapshot_12_1_2015_12_0.json	1448989200.0	9.52	299.77	2088
snapshot_12_1_2015_18_0.json	1449010800.0	9.52	299.77	2050
snapshot_12_1_2015_6_0.json	1448967600.0	9.52	299.77	2092
snapshot_12_2_2015_0_0.json	1449032400.0	9.52	299.77	1982
snapshot_12_2_2015_12_0.json	1449075600.0	9.52	299.77	1916
snapshot_12_2_2015_18_0.json	1449097200.0	9.52	299.77	1853
snapshot_12_2_2015_6_0.json	1449054000.0	9.52	299.77	1920
snapshot_12_3_2015_0_0.json	1449118800.0	9.52	299.77	1543
snapshot_12_3_2015_12_0.json	1449162000.0	9.52	299.77	1491
snapshot_12_3_2015_18_0.json	1449183600.0	9.52	299.77	1478
snapshot_12_3_2015_6_0.json	1449140400.0	9.52	299.77	1491
snapshot_12_3_2015_6_0.json	1449140400.0	9.52	299.77	1491
snapshot_12_4_2015_0_0.json	1449205200.0	9.52	299.77	1299
snapshot_12_4_2015_12_0.json	1449248400.0	9.52	299.77	1237
snapshot_12_4_2015_18_0.json	1449270000.0	9.52	299.77	1174
snapshot_12_4_2015_6_0.json	1449226800.0	9.52	299.77	1247
snapshot_12_5_2015_0_0.json	1449291600.0	9.52	299.77	1150
snapshot_12_5_2015_12_0.json	1449334800.0	9.52	299.77	1086
snapshot_12_5_2015_18_0.json	1449356400.0	9.52	65	984
snapshot_12_5_2015_6_0.json	1449313200.0	9.52	299.77	1095
9195103	2015-12-05T19:00:00Z	Kansas State Wildcats	Bill Snyder Family Stadium	Missouri Kansas City|702	66502
snapshot_11_17_2015_0_0.json	1447736400.0	9.52	300	2526
snapshot_11_17_2015_12_0.json	1447779600.0	9.52	300	2508
snapshot_11_17_2015_18_0.json	1447801200.0	9.52	300	2500
snapshot_11_17_2015_18_0.json	1447801200.0	9.52	300	2500
snapshot_11_17_2015_6_0.json	1447758000.0	9.52	300	2508
snapshot_11_18_2015_0_0.json	1447822800.0	9.52	300	2498
snapshot_11_18_2015_12_0.json	1447866000.0	9.52	300	2494
snapshot_11_18_2015_18_0.json	1447887600.0	9.52	300	2494
snapshot_11_18_2015_6_0.json	1447844400.0	9.52	300	2494
snapshot_11_18_2015_6_0.json	1447844400.0	9.52	300	2494
snapshot_11_19_2015_0_0.json	1447909200.0	9.52	300	2481
snapshot_11_19_2015_6_0.json	1447930800.0	9.52	300	2481
snapshot_11_20_2015_12_0.json	1448038800.0	9.52	300	2484
snapshot_11_21_2015_12_0.json	1448125200.0	9.52	300	2475
snapshot_11_21_2015_18_0.json	1448146800.0	9.52	300	2444
snapshot_11_22_2015_0_0.json	1448168400.0	9.52	300	2425
snapshot_11_22_2015_12_0.json	1448211600.0	9.52	300	2423
snapshot_11_22_2015_18_0.json	1448233200.0	9.52	300	2413
snapshot_11_22_2015_6_0.json	1448190000.0	9.52	300	2421
snapshot_11_22_2015_6_0.json	1448190000.0	9.52	300	2421
snapshot_11_23_2015_0_0.json	1448254800.0	9.52	300	2397
snapshot_11_23_2015_12_0.json	1448298000.0	9.52	300	2390
snapshot_11_23_2015_18_0.json	1448319600.0	9.52	300	2392
snapshot_11_23_2015_6_0.json	1448276400.0	9.52	300	2390
snapshot_11_24_2015_0_0.json	1448341200.0	9.52	300	2399
snapshot_11_24_2015_12_0.json	1448384400.0	9.52	300	2390
snapshot_11_24_2015_18_0.json	1448406000.0	9.52	300	2403
snapshot_11_24_2015_6_0.json	1448362800.0	9.52	300	2390
snapshot_11_25_2015_0_0.json	1448427600.0	9.52	299.77	2396
snapshot_11_25_2015_12_0.json	1448470800.0	9.52	299.77	2385
snapshot_11_25_2015_18_0.json	1448492400.0	9.52	299.77	2365
snapshot_11_25_2015_6_0.json	1448449200.0	9.52	299.77	2385
snapshot_11_26_2015_0_0.json	1448514000.0	9.52	299.77	2353
snapshot_11_27_2015_18_0.json	1448665200.0	9.52	299.77	2352
snapshot_11_28_2015_0_0.json	1448686800.0	9.52	299.77	2358
snapshot_11_28_2015_12_0.json	1448730000.0	9.52	299.77	2360
snapshot_11_28_2015_18_0.json	1448751600.0	9.52	299.77	2357
snapshot_11_28_2015_6_0.json	1448708400.0	9.52	299.77	2360
snapshot_11_29_2015_0_0.json	1448773200.0	9.52	299.77	2318
snapshot_11_29_2015_12_0.json	1448816400.0	9.52	299.77	2294
snapshot_11_29_2015_18_0.json	1448838000.0	9.52	299.77	2279
snapshot_11_30_2015_0_0.json	1448859600.0	9.52	299.77	2237
snapshot_11_30_2015_12_0.json	1448902800.0	9.52	299.77	2202
snapshot_11_30_2015_6_0.json	1448881200.0	9.52	299.77	2206
snapshot_12_1_2015_0_0.json	1448946000.0	9.52	299.77	2150
snapshot_12_1_2015_12_0.json	1448989200.0	9.52	299.77	2088
snapshot_12_1_2015_18_0.json	1449010800.0	9.52	299.77	2050
snapshot_12_1_2015_6_0.json	1448967600.0	9.52	299.77	2092
snapshot_12_2_2015_0_0.json	1449032400.0	9.52	299.77	1982
snapshot_12_2_2015_12_0.json	1449075600.0	9.52	299.77	1916
snapshot_12_2_2015_18_0.json	1449097200.0	9.52	299.77	1853
snapshot_12_2_2015_6_0.json	1449054000.0	9.52	299.77	1920
snapshot_12_3_2015_0_0.json	1449118800.0	9.52	299.77	1543
snapshot_12_3_2015_12_0.json	1449162000.0	9.52	299.77	1491
snapshot_12_3_2015_18_0.json	1449183600.0	9.52	299.77	1478
snapshot_12_3_2015_6_0.json	1449140400.0	9.52	299.77	1491
snapshot_12_3_2015_6_0.json	1449140400.0	9.52	299.77	1491
snapshot_12_4_2015_0_0.json	1449205200.0	9.52	299.77	1299
snapshot_12_4_2015_12_0.json	1449248400.0	9.52	299.77	1237
snapshot_12_4_2015_18_0.json	1449270000.0	9.52	299.77	1174
snapshot_12_4_2015_6_0.json	1449226800.0	9.52	299.77	1247
snapshot_12_5_2015_0_0.json	1449291600.0	9.52	299.77	1150
snapshot_12_5_2015_12_0.json	1449334800.0	9.52	299.77	1086
snapshot_12_5_2015_18_0.json	1449356400.0	9.52	65	984
snapshot_12_5_2015_6_0.json	1449313200.0	9.52	299.77	1095
9195103	2015-12-05T19:00:00Z	Kansas State Wildcats	Bill Snyder Family Stadium	Missouri Kansas City|702	66502
snapshot_11_17_2015_0_0.json	1447736400.0	9.52	300	2526
snapshot_11_17_2015_12_0.json	1447779600.0	9.52	300	2508
snapshot_11_17_2015_18_0.json	1447801200.0	9.52	300	2500
snapshot_11_17_2015_18_0.json	1447801200.0	9.52	300	2500
snapshot_11_17_2015_6_0.json	1447758000.0	9.52	300	2508
snapshot_11_18_2015_0_0.json	1447822800.0	9.52	300	2498
snapshot_11_18_2015_12_0.json	1447866000.0	9.52	300	2494
snapshot_11_18_2015_18_0.json	1447887600.0	9.52	300	2494
snapshot_11_18_2015_6_0.json	1447844400.0	9.52	300	2494
snapshot_11_18_2015_6_0.json	1447844400.0	9.52	300	2494
snapshot_11_19_2015_0_0.json	1447909200.0	9.52	300	2481
snapshot_11_19_2015_6_0.json	1447930800.0	9.52	300	2481
snapshot_11_20_2015_12_0.json	1448038800.0	9.52	300	2484
snapshot_11_21_2015_12_0.json	1448125200.0	9.52	300	2475
snapshot_11_21_2015_18_0.json	1448146800.0	9.52	300	2444
snapshot_11_22_2015_0_0.json	1448168400.0	9.52	300	2425
snapshot_11_22_2015_12_0.json	1448211600.0	9.52	300	2423
snapshot_11_22_2015_18_0.json	1448233200.0	9.52	300	2413
snapshot_11_22_2015_6_0.json	1448190000.0	9.52	300	2421
snapshot_11_22_2015_6_0.json	1448190000.0	9.52	300	2421
snapshot_11_23_2015_0_0.json	1448254800.0	9.52	300	2397
snapshot_11_23_2015_12_0.json	1448298000.0	9.52	300	2390
snapshot_11_23_2015_18_0.json	1448319600.0	9.52	300	2392
snapshot_11_23_2015_6_0.json	1448276400.0	9.52	300	2390
snapshot_11_24_2015_0_0.json	1448341200.0	9.52	300	2399
snapshot_11_24_2015_12_0.json	1448384400.0	9.52	300	2390
snapshot_11_24_2015_18_0.json	1448406000.0	9.52	300	2403
snapshot_11_24_2015_6_0.json	1448362800.0	9.52	300	2390
snapshot_11_25_2015_0_0.json	1448427600.0	9.52	299.77	2396
snapshot_11_25_2015_12_0.json	1448470800.0	9.52	299.77	2385
snapshot_11_25_2015_18_0.json	1448492400.0	9.52	299.77	2365
snapshot_11_25_2015_6_0.json	1448449200.0	9.52	299.77	2385
snapshot_11_26_2015_0_0.json	1448514000.0	9.52	299.77	2353
snapshot_11_27_2015_18_0.json	1448665200.0	9.52	299.77	2352
snapshot_11_28_2015_0_0.json	1448686800.0	9.52	299.77	2358
snapshot_11_28_2015_12_0.json	1448730000.0	9.52	299.77	2360
snapshot_11_28_2015_18_0.json	1448751600.0	9.52	299.77	2357
snapshot_11_28_2015_6_0.json	1448708400.0	9.52	299.77	2360
snapshot_11_29_2015_0_0.json	1448773200.0	9.52	299.77	2318
snapshot_11_29_2015_12_0.json	1448816400.0	9.52	299.77	2294
snapshot_11_29_2015_18_0.json	1448838000.0	9.52	299.77	2279
snapshot_11_30_2015_0_0.json	1448859600.0	9.52	299.77	2237
snapshot_11_30_2015_12_0.json	1448902800.0	9.52	299.77	2202
snapshot_11_30_2015_6_0.json	1448881200.0	9.52	299.77	2206
snapshot_12_1_2015_0_0.json	1448946000.0	9.52	299.77	2150
snapshot_12_1_2015_12_0.json	1448989200.0	9.52	299.77	2088
snapshot_12_1_2015_18_0.json	1449010800.0	9.52	299.77	2050
snapshot_12_1_2015_6_0.json	1448967600.0	9.52	299.77	2092
snapshot_12_2_2015_0_0.json	1449032400.0	9.52	299.77	1982
snapshot_12_2_2015_12_0.json	1449075600.0	9.52	299.77	1916
snapshot_12_2_2015_18_0.json	1449097200.0	9.52	299.77	1853
snapshot_12_2_2015_6_0.json	1449054000.0	9.52	299.77	1920
snapshot_12_3_2015_0_0.json	1449118800.0	9.52	299.77	1543
snapshot_12_3_2015_12_0.json	1449162000.0	9.52	299.77	1491
snapshot_12_3_2015_18_0.json	1449183600.0	9.52	299.77	1478
snapshot_12_3_2015_6_0.json	1449140400.0	9.52	299.77	1491
snapshot_12_3_2015_6_0.json	1449140400.0	9.52	299.77	1491
snapshot_12_4_2015_0_0.json	1449205200.0	9.52	299.77	1299
snapshot_12_4_2015_12_0.json	1449248400.0	9.52	299.77	1237
snapshot_12_4_2015_18_0.json	1449270000.0	9.52	299.77	1174
snapshot_12_4_2015_6_0.json	1449226800.0	9.52	299.77	1247
snapshot_12_5_2015_0_0.json	1449291600.0	9.52	299.77	1150
snapshot_12_5_2015_12_0.json	1449334800.0	9.52	299.77	1086
snapshot_12_5_2015_18_0.json	1449356400.0	9.52	65	984
snapshot_12_5_2015_6_0.json	1449313200.0	9.52	299.77	1095
