9195187	2015-11-27T00:30:00Z	Texas Longhorns	Darrell K Royal - Texas Memorial Stadium	Texas Austin / San Antonio|707	78712
snapshot_11_16_2015_0_0.json	1447650000.0	66.85	6000	1293
snapshot_11_17_2015_0_0.json	1447736400.0	72.1	1700	1275
snapshot_11_17_2015_12_0.json	1447779600.0	72.7	1700	1241
snapshot_11_17_2015_18_0.json	1447801200.0	72.7	1700	1232
snapshot_11_18_2015_0_0.json	1447822800.0	64.51	1700	1251
snapshot_11_18_2015_12_0.json	1447866000.0	72.7	1700	1233
snapshot_11_18_2015_18_0.json	1447887600.0	72.7	1700	1184
snapshot_11_18_2015_18_0.json	1447887600.0	72.7	1700	1184
snapshot_11_18_2015_6_0.json	1447844400.0	72.7	1700	1233
snapshot_11_19_2015_0_0.json	1447909200.0	76.21	1700	1141
snapshot_11_19_2015_12_0.json	1447952400.0	73.87	1700	1113
snapshot_11_19_2015_6_0.json	1447930800.0	73.87	1700	1113
snapshot_11_20_2015_0_0.json	1447995600.0	70.36	1700	1149
snapshot_11_20_2015_12_0.json	1448038800.0	70.36	1700	1167
snapshot_11_21_2015_12_0.json	1448125200.0	72.7	1700	1187
snapshot_11_21_2015_18_0.json	1448146800.0	72.7	1700	1224
snapshot_11_22_2015_0_0.json	1448168400.0	72.7	1700	1208
snapshot_11_22_2015_12_0.json	1448211600.0	72.7	1700	1188
snapshot_11_22_2015_18_0.json	1448233200.0	71.53	1700	1159
snapshot_11_22_2015_6_0.json	1448190000.0	72.7	1700	1192
snapshot_11_23_2015_0_0.json	1448254800.0	70.36	1700	1118
snapshot_11_23_2015_12_0.json	1448298000.0	70.36	1700	1097
snapshot_11_23_2015_18_0.json	1448319600.0	66.79	1700	1166
snapshot_11_23_2015_6_0.json	1448276400.0	70.36	1700	1099
snapshot_11_24_2015_0_0.json	1448341200.0	58.66	1700	1119
snapshot_11_24_2015_12_0.json	1448384400.0	61	1700	1096
snapshot_11_24_2015_18_0.json	1448406000.0	61	1700	1197
snapshot_11_24_2015_6_0.json	1448362800.0	61	1700	1097
snapshot_11_25_2015_0_0.json	1448427600.0	55.15	1700	1142
snapshot_11_25_2015_12_0.json	1448470800.0	55.15	500	988
snapshot_11_25_2015_18_0.json	1448492400.0	57.48	500	899
snapshot_11_25_2015_6_0.json	1448449200.0	55.15	1022	995
snapshot_11_26_2015_0_0.json	1448514000.0	61	500	811
snapshot_11_27_2015_18_0.json	1448665200.0	0	0	0
snapshot_11_28_2015_0_0.json	1448686800.0	0	0	0
snapshot_11_28_2015_12_0.json	1448730000.0	0	0	0
snapshot_11_28_2015_18_0.json	1448751600.0	0	0	0
snapshot_11_28_2015_6_0.json	1448708400.0	0	0	0
snapshot_11_29_2015_0_0.json	1448773200.0	0	0	0
snapshot_11_29_2015_12_0.json	1448816400.0	0	0	0
snapshot_11_29_2015_18_0.json	1448838000.0	0	0	0
snapshot_11_29_2015_6_0.json	1448794800.0	0	0	0
snapshot_11_30_2015_0_0.json	1448859600.0	0	0	0
snapshot_11_30_2015_12_0.json	1448902800.0	0	0	0
snapshot_11_30_2015_6_0.json	1448881200.0	0	0	0
snapshot_12_3_2015_0_0.json	1449118800.0	0	0	0
snapshot_12_3_2015_12_0.json	1449162000.0	0	0	0
9195187	2015-11-27T00:30:00Z	Texas Longhorns	Darrell K Royal - Texas Memorial Stadium	Texas Austin / San Antonio|707	78712
snapshot_11_16_2015_0_0.json	1447650000.0	66.85	6000	1293
snapshot_11_17_2015_0_0.json	1447736400.0	72.1	1700	1275
snapshot_11_17_2015_12_0.json	1447779600.0	72.7	1700	1241
snapshot_11_17_2015_18_0.json	1447801200.0	72.7	1700	1232
snapshot_11_18_2015_0_0.json	1447822800.0	64.51	1700	1251
snapshot_11_18_2015_12_0.json	1447866000.0	72.7	1700	1233
snapshot_11_18_2015_18_0.json	1447887600.0	72.7	1700	1184
snapshot_11_18_2015_18_0.json	1447887600.0	72.7	1700	1184
snapshot_11_18_2015_6_0.json	1447844400.0	72.7	1700	1233
snapshot_11_19_2015_0_0.json	1447909200.0	76.21	1700	1141
snapshot_11_19_2015_12_0.json	1447952400.0	73.87	1700	1113
snapshot_11_19_2015_6_0.json	1447930800.0	73.87	1700	1113
snapshot_11_20_2015_0_0.json	1447995600.0	70.36	1700	1149
snapshot_11_20_2015_12_0.json	1448038800.0	70.36	1700	1167
snapshot_11_21_2015_12_0.json	1448125200.0	72.7	1700	1187
snapshot_11_21_2015_18_0.json	1448146800.0	72.7	1700	1224
snapshot_11_22_2015_0_0.json	1448168400.0	72.7	1700	1208
snapshot_11_22_2015_12_0.json	1448211600.0	72.7	1700	1188
snapshot_11_22_2015_18_0.json	1448233200.0	71.53	1700	1159
snapshot_11_22_2015_6_0.json	1448190000.0	72.7	1700	1192
snapshot_11_23_2015_0_0.json	1448254800.0	70.36	1700	1118
snapshot_11_23_2015_12_0.json	1448298000.0	70.36	1700	1097
snapshot_11_23_2015_18_0.json	1448319600.0	66.79	1700	1166
snapshot_11_23_2015_6_0.json	1448276400.0	70.36	1700	1099
snapshot_11_24_2015_0_0.json	1448341200.0	58.66	1700	1119
snapshot_11_24_2015_12_0.json	1448384400.0	61	1700	1096
snapshot_11_24_2015_18_0.json	1448406000.0	61	1700	1197
snapshot_11_24_2015_6_0.json	1448362800.0	61	1700	1097
snapshot_11_25_2015_0_0.json	1448427600.0	55.15	1700	1142
snapshot_11_25_2015_12_0.json	1448470800.0	55.15	500	988
snapshot_11_25_2015_18_0.json	1448492400.0	57.48	500	899
snapshot_11_25_2015_6_0.json	1448449200.0	55.15	1022	995
snapshot_11_26_2015_0_0.json	1448514000.0	61	500	811
snapshot_11_27_2015_18_0.json	1448665200.0	0	0	0
snapshot_11_28_2015_0_0.json	1448686800.0	0	0	0
snapshot_11_28_2015_12_0.json	1448730000.0	0	0	0
snapshot_11_28_2015_18_0.json	1448751600.0	0	0	0
snapshot_11_28_2015_6_0.json	1448708400.0	0	0	0
snapshot_11_29_2015_0_0.json	1448773200.0	0	0	0
snapshot_11_29_2015_12_0.json	1448816400.0	0	0	0
snapshot_11_29_2015_18_0.json	1448838000.0	0	0	0
snapshot_11_29_2015_6_0.json	1448794800.0	0	0	0
snapshot_11_30_2015_0_0.json	1448859600.0	0	0	0
snapshot_11_30_2015_12_0.json	1448902800.0	0	0	0
snapshot_11_30_2015_6_0.json	1448881200.0	0	0	0
snapshot_12_3_2015_0_0.json	1449118800.0	0	0	0
snapshot_12_3_2015_12_0.json	1449162000.0	0	0	0
9195187	2015-11-27T00:30:00Z	Texas Longhorns	Darrell K Royal - Texas Memorial Stadium	Texas Austin / San Antonio|707	78712
snapshot_11_16_2015_0_0.json	1447650000.0	66.85	6000	1293
snapshot_11_17_2015_0_0.json	1447736400.0	72.1	1700	1275
snapshot_11_17_2015_12_0.json	1447779600.0	72.7	1700	1241
snapshot_11_17_2015_18_0.json	1447801200.0	72.7	1700	1232
snapshot_11_18_2015_0_0.json	1447822800.0	64.51	1700	1251
snapshot_11_18_2015_12_0.json	1447866000.0	72.7	1700	1233
snapshot_11_18_2015_18_0.json	1447887600.0	72.7	1700	1184
snapshot_11_18_2015_18_0.json	1447887600.0	72.7	1700	1184
snapshot_11_18_2015_6_0.json	1447844400.0	72.7	1700	1233
snapshot_11_19_2015_0_0.json	1447909200.0	76.21	1700	1141
snapshot_11_19_2015_12_0.json	1447952400.0	73.87	1700	1113
snapshot_11_19_2015_6_0.json	1447930800.0	73.87	1700	1113
snapshot_11_20_2015_0_0.json	1447995600.0	70.36	1700	1149
snapshot_11_20_2015_12_0.json	1448038800.0	70.36	1700	1167
snapshot_11_21_2015_12_0.json	1448125200.0	72.7	1700	1187
snapshot_11_21_2015_18_0.json	1448146800.0	72.7	1700	1224
snapshot_11_22_2015_0_0.json	1448168400.0	72.7	1700	1208
snapshot_11_22_2015_12_0.json	1448211600.0	72.7	1700	1188
snapshot_11_22_2015_18_0.json	1448233200.0	71.53	1700	1159
snapshot_11_22_2015_6_0.json	1448190000.0	72.7	1700	1192
snapshot_11_23_2015_0_0.json	1448254800.0	70.36	1700	1118
snapshot_11_23_2015_12_0.json	1448298000.0	70.36	1700	1097
snapshot_11_23_2015_18_0.json	1448319600.0	66.79	1700	1166
snapshot_11_23_2015_6_0.json	1448276400.0	70.36	1700	1099
snapshot_11_24_2015_0_0.json	1448341200.0	58.66	1700	1119
snapshot_11_24_2015_12_0.json	1448384400.0	61	1700	1096
snapshot_11_24_2015_18_0.json	1448406000.0	61	1700	1197
snapshot_11_24_2015_6_0.json	1448362800.0	61	1700	1097
snapshot_11_25_2015_0_0.json	1448427600.0	55.15	1700	1142
snapshot_11_25_2015_12_0.json	1448470800.0	55.15	500	988
snapshot_11_25_2015_18_0.json	1448492400.0	57.48	500	899
snapshot_11_25_2015_6_0.json	1448449200.0	55.15	1022	995
snapshot_11_26_2015_0_0.json	1448514000.0	61	500	811
snapshot_11_27_2015_18_0.json	1448665200.0	0	0	0
snapshot_11_28_2015_0_0.json	1448686800.0	0	0	0
snapshot_11_28_2015_12_0.json	1448730000.0	0	0	0
snapshot_11_28_2015_18_0.json	1448751600.0	0	0	0
snapshot_11_28_2015_6_0.json	1448708400.0	0	0	0
snapshot_11_29_2015_0_0.json	1448773200.0	0	0	0
snapshot_11_29_2015_12_0.json	1448816400.0	0	0	0
snapshot_11_29_2015_18_0.json	1448838000.0	0	0	0
snapshot_11_29_2015_6_0.json	1448794800.0	0	0	0
snapshot_11_30_2015_0_0.json	1448859600.0	0	0	0
snapshot_11_30_2015_12_0.json	1448902800.0	0	0	0
snapshot_11_30_2015_6_0.json	1448881200.0	0	0	0
snapshot_12_3_2015_0_0.json	1449118800.0	0	0	0
snapshot_12_3_2015_12_0.json	1449162000.0	0	0	0
9195187	2015-11-27T00:30:00Z	Texas Longhorns	Darrell K Royal - Texas Memorial Stadium	Texas Austin / San Antonio|707	78712
snapshot_11_16_2015_0_0.json	1447650000.0	66.85	6000	1293
snapshot_11_17_2015_0_0.json	1447736400.0	72.1	1700	1275
snapshot_11_17_2015_12_0.json	1447779600.0	72.7	1700	1241
snapshot_11_17_2015_18_0.json	1447801200.0	72.7	1700	1232
snapshot_11_18_2015_0_0.json	1447822800.0	64.51	1700	1251
snapshot_11_18_2015_12_0.json	1447866000.0	72.7	1700	1233
snapshot_11_18_2015_18_0.json	1447887600.0	72.7	1700	1184
snapshot_11_18_2015_18_0.json	1447887600.0	72.7	1700	1184
snapshot_11_18_2015_6_0.json	1447844400.0	72.7	1700	1233
snapshot_11_19_2015_0_0.json	1447909200.0	76.21	1700	1141
snapshot_11_19_2015_12_0.json	1447952400.0	73.87	1700	1113
snapshot_11_19_2015_6_0.json	1447930800.0	73.87	1700	1113
snapshot_11_20_2015_0_0.json	1447995600.0	70.36	1700	1149
snapshot_11_20_2015_12_0.json	1448038800.0	70.36	1700	1167
snapshot_11_21_2015_12_0.json	1448125200.0	72.7	1700	1187
snapshot_11_21_2015_18_0.json	1448146800.0	72.7	1700	1224
snapshot_11_22_2015_0_0.json	1448168400.0	72.7	1700	1208
snapshot_11_22_2015_12_0.json	1448211600.0	72.7	1700	1188
snapshot_11_22_2015_18_0.json	1448233200.0	71.53	1700	1159
snapshot_11_22_2015_6_0.json	1448190000.0	72.7	1700	1192
snapshot_11_23_2015_0_0.json	1448254800.0	70.36	1700	1118
snapshot_11_23_2015_12_0.json	1448298000.0	70.36	1700	1097
snapshot_11_23_2015_18_0.json	1448319600.0	66.79	1700	1166
snapshot_11_23_2015_6_0.json	1448276400.0	70.36	1700	1099
snapshot_11_24_2015_0_0.json	1448341200.0	58.66	1700	1119
snapshot_11_24_2015_12_0.json	1448384400.0	61	1700	1096
snapshot_11_24_2015_18_0.json	1448406000.0	61	1700	1197
snapshot_11_24_2015_6_0.json	1448362800.0	61	1700	1097
snapshot_11_25_2015_0_0.json	1448427600.0	55.15	1700	1142
snapshot_11_25_2015_12_0.json	1448470800.0	55.15	500	988
snapshot_11_25_2015_18_0.json	1448492400.0	57.48	500	899
snapshot_11_25_2015_6_0.json	1448449200.0	55.15	1022	995
snapshot_11_26_2015_0_0.json	1448514000.0	61	500	811
snapshot_11_27_2015_18_0.json	1448665200.0	0	0	0
snapshot_11_28_2015_0_0.json	1448686800.0	0	0	0
snapshot_11_28_2015_12_0.json	1448730000.0	0	0	0
snapshot_11_28_2015_18_0.json	1448751600.0	0	0	0
snapshot_11_28_2015_6_0.json	1448708400.0	0	0	0
snapshot_11_29_2015_0_0.json	1448773200.0	0	0	0
snapshot_11_29_2015_12_0.json	1448816400.0	0	0	0
snapshot_11_29_2015_18_0.json	1448838000.0	0	0	0
snapshot_11_29_2015_6_0.json	1448794800.0	0	0	0
snapshot_11_30_2015_0_0.json	1448859600.0	0	0	0
snapshot_11_30_2015_12_0.json	1448902800.0	0	0	0
snapshot_11_30_2015_6_0.json	1448881200.0	0	0	0
snapshot_12_3_2015_0_0.json	1449118800.0	0	0	0
snapshot_12_3_2015_12_0.json	1449162000.0	0	0	0
