9195905	2015-11-28T20:30:00Z	Illinois Fighting Illini	Soldier Field	Illinois Chicago|666	60605
snapshot_11_16_2015_0_0.json	1447650000.0	38.77	2424.24	1236
snapshot_11_17_2015_0_0.json	1447736400.0	38.77	2424.24	1249
snapshot_11_17_2015_12_0.json	1447779600.0	38.77	2424.24	1207
snapshot_11_17_2015_18_0.json	1447801200.0	38.77	2424.24	1190
snapshot_11_17_2015_6_0.json	1447758000.0	38.77	2424.24	1211
snapshot_11_17_2015_6_0.json	1447758000.0	38.77	2424.24	1211
snapshot_11_18_2015_0_0.json	1447822800.0	37.6	2424.24	1187
snapshot_11_18_2015_12_0.json	1447866000.0	37.6	2424.24	1206
snapshot_11_18_2015_18_0.json	1447887600.0	37.6	2424.24	1197
snapshot_11_18_2015_6_0.json	1447844400.0	37.6	2424.24	1184
snapshot_11_19_2015_0_0.json	1447909200.0	38.77	2424.24	1154
snapshot_11_19_2015_12_0.json	1447952400.0	38.77	2424.24	1263
snapshot_11_19_2015_6_0.json	1447930800.0	38.77	2424.24	1257
snapshot_11_20_2015_0_0.json	1447995600.0	38.77	2424.24	1329
snapshot_11_20_2015_12_0.json	1448038800.0	38.77	2424.24	1432
snapshot_11_21_2015_12_0.json	1448125200.0	38.77	2424.24	1402
snapshot_11_21_2015_18_0.json	1448146800.0	38.77	2424.24	1387
snapshot_11_22_2015_0_0.json	1448168400.0	38.77	2424.24	1359
snapshot_11_22_2015_12_0.json	1448211600.0	38.77	2424.24	1348
snapshot_11_22_2015_18_0.json	1448233200.0	38.77	2424.24	1345
snapshot_11_22_2015_6_0.json	1448190000.0	38.77	2424.24	1351
snapshot_11_23_2015_0_0.json	1448254800.0	39.94	2424.24	1307
snapshot_11_23_2015_12_0.json	1448298000.0	39.94	2424.24	1308
snapshot_11_23_2015_18_0.json	1448319600.0	37.6	2424.24	1415
snapshot_11_23_2015_6_0.json	1448276400.0	39.94	2424.24	1312
snapshot_11_24_2015_0_0.json	1448341200.0	37.6	395	1143
snapshot_11_24_2015_12_0.json	1448384400.0	38.77	395	1119
snapshot_11_24_2015_18_0.json	1448406000.0	38.77	395	1214
snapshot_11_24_2015_6_0.json	1448362800.0	38.77	395	1123
snapshot_11_25_2015_0_0.json	1448427600.0	39.94	550	1155
snapshot_11_25_2015_12_0.json	1448470800.0	39.94	550	1101
snapshot_11_25_2015_18_0.json	1448492400.0	38.77	550	1152
snapshot_11_25_2015_6_0.json	1448449200.0	39.94	550	1106
snapshot_11_26_2015_0_0.json	1448514000.0	39.94	395	959
snapshot_11_27_2015_18_0.json	1448665200.0	40.35	395	899
snapshot_11_28_2015_0_0.json	1448686800.0	41.5	395	718
snapshot_11_28_2015_12_0.json	1448730000.0	47.9	395	531
snapshot_11_28_2015_18_0.json	1448751600.0	48.13	175	329
snapshot_11_28_2015_6_0.json	1448708400.0	42.28	395	565
snapshot_11_29_2015_0_0.json	1448773200.0	0	0	0
snapshot_11_29_2015_12_0.json	1448816400.0	0	0	0
snapshot_11_29_2015_18_0.json	1448838000.0	0	0	0
snapshot_11_29_2015_6_0.json	1448794800.0	0	0	0
snapshot_11_30_2015_0_0.json	1448859600.0	0	0	0
snapshot_11_30_2015_12_0.json	1448902800.0	0	0	0
snapshot_11_30_2015_6_0.json	1448881200.0	0	0	0
snapshot_12_4_2015_0_0.json	1449205200.0	0	0	0
snapshot_12_4_2015_12_0.json	1449248400.0	0	0	0
snapshot_12_4_2015_6_0.json	1449226800.0	0	0	0
snapshot_12_5_2015_0_0.json	1449291600.0	0	0	0
snapshot_12_5_2015_12_0.json	1449334800.0	0	0	0
9195905	2015-11-28T20:30:00Z	Illinois Fighting Illini	Soldier Field	Illinois Chicago|666	60605
snapshot_11_16_2015_0_0.json	1447650000.0	38.77	2424.24	1236
snapshot_11_17_2015_0_0.json	1447736400.0	38.77	2424.24	1249
snapshot_11_17_2015_12_0.json	1447779600.0	38.77	2424.24	1207
snapshot_11_17_2015_18_0.json	1447801200.0	38.77	2424.24	1190
snapshot_11_17_2015_6_0.json	1447758000.0	38.77	2424.24	1211
snapshot_11_17_2015_6_0.json	1447758000.0	38.77	2424.24	1211
snapshot_11_18_2015_0_0.json	1447822800.0	37.6	2424.24	1187
snapshot_11_18_2015_12_0.json	1447866000.0	37.6	2424.24	1206
snapshot_11_18_2015_18_0.json	1447887600.0	37.6	2424.24	1197
snapshot_11_18_2015_6_0.json	1447844400.0	37.6	2424.24	1184
snapshot_11_19_2015_0_0.json	1447909200.0	38.77	2424.24	1154
snapshot_11_19_2015_12_0.json	1447952400.0	38.77	2424.24	1263
snapshot_11_19_2015_6_0.json	1447930800.0	38.77	2424.24	1257
snapshot_11_20_2015_0_0.json	1447995600.0	38.77	2424.24	1329
snapshot_11_20_2015_12_0.json	1448038800.0	38.77	2424.24	1432
snapshot_11_21_2015_12_0.json	1448125200.0	38.77	2424.24	1402
snapshot_11_21_2015_18_0.json	1448146800.0	38.77	2424.24	1387
snapshot_11_22_2015_0_0.json	1448168400.0	38.77	2424.24	1359
snapshot_11_22_2015_12_0.json	1448211600.0	38.77	2424.24	1348
snapshot_11_22_2015_18_0.json	1448233200.0	38.77	2424.24	1345
snapshot_11_22_2015_6_0.json	1448190000.0	38.77	2424.24	1351
snapshot_11_23_2015_0_0.json	1448254800.0	39.94	2424.24	1307
snapshot_11_23_2015_12_0.json	1448298000.0	39.94	2424.24	1308
snapshot_11_23_2015_18_0.json	1448319600.0	37.6	2424.24	1415
snapshot_11_23_2015_6_0.json	1448276400.0	39.94	2424.24	1312
snapshot_11_24_2015_0_0.json	1448341200.0	37.6	395	1143
snapshot_11_24_2015_12_0.json	1448384400.0	38.77	395	1119
snapshot_11_24_2015_18_0.json	1448406000.0	38.77	395	1214
snapshot_11_24_2015_6_0.json	1448362800.0	38.77	395	1123
snapshot_11_25_2015_0_0.json	1448427600.0	39.94	550	1155
snapshot_11_25_2015_12_0.json	1448470800.0	39.94	550	1101
snapshot_11_25_2015_18_0.json	1448492400.0	38.77	550	1152
snapshot_11_25_2015_6_0.json	1448449200.0	39.94	550	1106
snapshot_11_26_2015_0_0.json	1448514000.0	39.94	395	959
snapshot_11_27_2015_18_0.json	1448665200.0	40.35	395	899
snapshot_11_28_2015_0_0.json	1448686800.0	41.5	395	718
snapshot_11_28_2015_12_0.json	1448730000.0	47.9	395	531
snapshot_11_28_2015_18_0.json	1448751600.0	48.13	175	329
snapshot_11_28_2015_6_0.json	1448708400.0	42.28	395	565
snapshot_11_29_2015_0_0.json	1448773200.0	0	0	0
snapshot_11_29_2015_12_0.json	1448816400.0	0	0	0
snapshot_11_29_2015_18_0.json	1448838000.0	0	0	0
snapshot_11_29_2015_6_0.json	1448794800.0	0	0	0
snapshot_11_30_2015_0_0.json	1448859600.0	0	0	0
snapshot_11_30_2015_12_0.json	1448902800.0	0	0	0
snapshot_11_30_2015_6_0.json	1448881200.0	0	0	0
snapshot_12_4_2015_0_0.json	1449205200.0	0	0	0
snapshot_12_4_2015_12_0.json	1449248400.0	0	0	0
snapshot_12_4_2015_6_0.json	1449226800.0	0	0	0
snapshot_12_5_2015_0_0.json	1449291600.0	0	0	0
snapshot_12_5_2015_12_0.json	1449334800.0	0	0	0
9195905	2015-11-28T20:30:00Z	Illinois Fighting Illini	Soldier Field	Illinois Chicago|666	60605
snapshot_11_16_2015_0_0.json	1447650000.0	38.77	2424.24	1236
snapshot_11_17_2015_0_0.json	1447736400.0	38.77	2424.24	1249
snapshot_11_17_2015_12_0.json	1447779600.0	38.77	2424.24	1207
snapshot_11_17_2015_18_0.json	1447801200.0	38.77	2424.24	1190
snapshot_11_17_2015_6_0.json	1447758000.0	38.77	2424.24	1211
snapshot_11_17_2015_6_0.json	1447758000.0	38.77	2424.24	1211
snapshot_11_18_2015_0_0.json	1447822800.0	37.6	2424.24	1187
snapshot_11_18_2015_12_0.json	1447866000.0	37.6	2424.24	1206
snapshot_11_18_2015_18_0.json	1447887600.0	37.6	2424.24	1197
snapshot_11_18_2015_6_0.json	1447844400.0	37.6	2424.24	1184
snapshot_11_19_2015_0_0.json	1447909200.0	38.77	2424.24	1154
snapshot_11_19_2015_12_0.json	1447952400.0	38.77	2424.24	1263
snapshot_11_19_2015_6_0.json	1447930800.0	38.77	2424.24	1257
snapshot_11_20_2015_0_0.json	1447995600.0	38.77	2424.24	1329
snapshot_11_20_2015_12_0.json	1448038800.0	38.77	2424.24	1432
snapshot_11_21_2015_12_0.json	1448125200.0	38.77	2424.24	1402
snapshot_11_21_2015_18_0.json	1448146800.0	38.77	2424.24	1387
snapshot_11_22_2015_0_0.json	1448168400.0	38.77	2424.24	1359
snapshot_11_22_2015_12_0.json	1448211600.0	38.77	2424.24	1348
snapshot_11_22_2015_18_0.json	1448233200.0	38.77	2424.24	1345
snapshot_11_22_2015_6_0.json	1448190000.0	38.77	2424.24	1351
snapshot_11_23_2015_0_0.json	1448254800.0	39.94	2424.24	1307
snapshot_11_23_2015_12_0.json	1448298000.0	39.94	2424.24	1308
snapshot_11_23_2015_18_0.json	1448319600.0	37.6	2424.24	1415
snapshot_11_23_2015_6_0.json	1448276400.0	39.94	2424.24	1312
snapshot_11_24_2015_0_0.json	1448341200.0	37.6	395	1143
snapshot_11_24_2015_12_0.json	1448384400.0	38.77	395	1119
snapshot_11_24_2015_18_0.json	1448406000.0	38.77	395	1214
snapshot_11_24_2015_6_0.json	1448362800.0	38.77	395	1123
snapshot_11_25_2015_0_0.json	1448427600.0	39.94	550	1155
snapshot_11_25_2015_12_0.json	1448470800.0	39.94	550	1101
snapshot_11_25_2015_18_0.json	1448492400.0	38.77	550	1152
snapshot_11_25_2015_6_0.json	1448449200.0	39.94	550	1106
snapshot_11_26_2015_0_0.json	1448514000.0	39.94	395	959
snapshot_11_27_2015_18_0.json	1448665200.0	40.35	395	899
snapshot_11_28_2015_0_0.json	1448686800.0	41.5	395	718
snapshot_11_28_2015_12_0.json	1448730000.0	47.9	395	531
snapshot_11_28_2015_18_0.json	1448751600.0	48.13	175	329
snapshot_11_28_2015_6_0.json	1448708400.0	42.28	395	565
snapshot_11_29_2015_0_0.json	1448773200.0	0	0	0
snapshot_11_29_2015_12_0.json	1448816400.0	0	0	0
snapshot_11_29_2015_18_0.json	1448838000.0	0	0	0
snapshot_11_29_2015_6_0.json	1448794800.0	0	0	0
snapshot_11_30_2015_0_0.json	1448859600.0	0	0	0
snapshot_11_30_2015_12_0.json	1448902800.0	0	0	0
snapshot_11_30_2015_6_0.json	1448881200.0	0	0	0
snapshot_12_4_2015_0_0.json	1449205200.0	0	0	0
snapshot_12_4_2015_12_0.json	1449248400.0	0	0	0
snapshot_12_4_2015_6_0.json	1449226800.0	0	0	0
snapshot_12_5_2015_0_0.json	1449291600.0	0	0	0
snapshot_12_5_2015_12_0.json	1449334800.0	0	0	0
9195905	2015-11-28T20:30:00Z	Illinois Fighting Illini	Soldier Field	Illinois Chicago|666	60605
snapshot_11_16_2015_0_0.json	1447650000.0	38.77	2424.24	1236
snapshot_11_17_2015_0_0.json	1447736400.0	38.77	2424.24	1249
snapshot_11_17_2015_12_0.json	1447779600.0	38.77	2424.24	1207
snapshot_11_17_2015_18_0.json	1447801200.0	38.77	2424.24	1190
snapshot_11_17_2015_6_0.json	1447758000.0	38.77	2424.24	1211
snapshot_11_17_2015_6_0.json	1447758000.0	38.77	2424.24	1211
snapshot_11_18_2015_0_0.json	1447822800.0	37.6	2424.24	1187
snapshot_11_18_2015_12_0.json	1447866000.0	37.6	2424.24	1206
snapshot_11_18_2015_18_0.json	1447887600.0	37.6	2424.24	1197
snapshot_11_18_2015_6_0.json	1447844400.0	37.6	2424.24	1184
snapshot_11_19_2015_0_0.json	1447909200.0	38.77	2424.24	1154
snapshot_11_19_2015_12_0.json	1447952400.0	38.77	2424.24	1263
snapshot_11_19_2015_6_0.json	1447930800.0	38.77	2424.24	1257
snapshot_11_20_2015_0_0.json	1447995600.0	38.77	2424.24	1329
snapshot_11_20_2015_12_0.json	1448038800.0	38.77	2424.24	1432
snapshot_11_21_2015_12_0.json	1448125200.0	38.77	2424.24	1402
snapshot_11_21_2015_18_0.json	1448146800.0	38.77	2424.24	1387
snapshot_11_22_2015_0_0.json	1448168400.0	38.77	2424.24	1359
snapshot_11_22_2015_12_0.json	1448211600.0	38.77	2424.24	1348
snapshot_11_22_2015_18_0.json	1448233200.0	38.77	2424.24	1345
snapshot_11_22_2015_6_0.json	1448190000.0	38.77	2424.24	1351
snapshot_11_23_2015_0_0.json	1448254800.0	39.94	2424.24	1307
snapshot_11_23_2015_12_0.json	1448298000.0	39.94	2424.24	1308
snapshot_11_23_2015_18_0.json	1448319600.0	37.6	2424.24	1415
snapshot_11_23_2015_6_0.json	1448276400.0	39.94	2424.24	1312
snapshot_11_24_2015_0_0.json	1448341200.0	37.6	395	1143
snapshot_11_24_2015_12_0.json	1448384400.0	38.77	395	1119
snapshot_11_24_2015_18_0.json	1448406000.0	38.77	395	1214
snapshot_11_24_2015_6_0.json	1448362800.0	38.77	395	1123
snapshot_11_25_2015_0_0.json	1448427600.0	39.94	550	1155
snapshot_11_25_2015_12_0.json	1448470800.0	39.94	550	1101
snapshot_11_25_2015_18_0.json	1448492400.0	38.77	550	1152
snapshot_11_25_2015_6_0.json	1448449200.0	39.94	550	1106
snapshot_11_26_2015_0_0.json	1448514000.0	39.94	395	959
snapshot_11_27_2015_18_0.json	1448665200.0	40.35	395	899
snapshot_11_28_2015_0_0.json	1448686800.0	41.5	395	718
snapshot_11_28_2015_12_0.json	1448730000.0	47.9	395	531
snapshot_11_28_2015_18_0.json	1448751600.0	48.13	175	329
snapshot_11_28_2015_6_0.json	1448708400.0	42.28	395	565
snapshot_11_29_2015_0_0.json	1448773200.0	0	0	0
snapshot_11_29_2015_12_0.json	1448816400.0	0	0	0
snapshot_11_29_2015_18_0.json	1448838000.0	0	0	0
snapshot_11_29_2015_6_0.json	1448794800.0	0	0	0
snapshot_11_30_2015_0_0.json	1448859600.0	0	0	0
snapshot_11_30_2015_12_0.json	1448902800.0	0	0	0
snapshot_11_30_2015_6_0.json	1448881200.0	0	0	0
snapshot_12_4_2015_0_0.json	1449205200.0	0	0	0
snapshot_12_4_2015_12_0.json	1449248400.0	0	0	0
snapshot_12_4_2015_6_0.json	1449226800.0	0	0	0
snapshot_12_5_2015_0_0.json	1449291600.0	0	0	0
snapshot_12_5_2015_12_0.json	1449334800.0	0	0	0
