9195135	2015-11-21T23:00:00Z	Oregon State Beavers	Reser Stadium	Oregon Portland|704	97331
snapshot_11_16_2015_0_0.json	1447650000.0	35	184.1	985
snapshot_11_17_2015_0_0.json	1447736400.0	35.26	184.1	980
snapshot_11_17_2015_12_0.json	1447779600.0	37.6	184.1	968
snapshot_11_17_2015_18_0.json	1447801200.0	37.6	156.45	961
snapshot_11_17_2015_6_0.json	1447758000.0	37.6	184.1	967
snapshot_11_17_2015_6_0.json	1447758000.0	37.6	184.1	967
snapshot_11_18_2015_0_0.json	1447822800.0	39.94	180	924
snapshot_11_18_2015_12_0.json	1447866000.0	39.94	180	878
snapshot_11_18_2015_12_0.json	1447866000.0	39.94	180	878
snapshot_11_18_2015_18_0.json	1447887600.0	37.6	180	854
snapshot_11_18_2015_6_0.json	1447844400.0	39.94	180	884
snapshot_11_19_2015_0_0.json	1447909200.0	37.6	180	801
snapshot_11_19_2015_12_0.json	1447952400.0	36.43	180	725
snapshot_11_19_2015_6_0.json	1447930800.0	36.43	180	741
snapshot_11_20_2015_0_0.json	1447995600.0	35.26	180	651
snapshot_11_20_2015_12_0.json	1448038800.0	31.75	155	565
snapshot_11_21_2015_12_0.json	1448125200.0	31.14	150	409
snapshot_11_21_2015_18_0.json	1448146800.0	22.48	150	343
snapshot_11_22_2015_0_0.json	1448168400.0	0	0	0
snapshot_11_22_2015_18_0.json	1448233200.0	0	0	0
snapshot_11_22_2015_6_0.json	1448190000.0	0	0	0
snapshot_11_23_2015_0_0.json	1448254800.0	0	0	0
snapshot_11_23_2015_12_0.json	1448298000.0	0	0	0
snapshot_11_23_2015_6_0.json	1448276400.0	0	0	0
snapshot_11_23_2015_6_0.json	1448276400.0	0	0	0
9195135	2015-11-21T23:00:00Z	Oregon State Beavers	Reser Stadium	Oregon Portland|704	97331
snapshot_11_16_2015_0_0.json	1447650000.0	35	184.1	985
snapshot_11_17_2015_0_0.json	1447736400.0	35.26	184.1	980
snapshot_11_17_2015_12_0.json	1447779600.0	37.6	184.1	968
snapshot_11_17_2015_18_0.json	1447801200.0	37.6	156.45	961
snapshot_11_17_2015_6_0.json	1447758000.0	37.6	184.1	967
snapshot_11_17_2015_6_0.json	1447758000.0	37.6	184.1	967
snapshot_11_18_2015_0_0.json	1447822800.0	39.94	180	924
snapshot_11_18_2015_12_0.json	1447866000.0	39.94	180	878
snapshot_11_18_2015_12_0.json	1447866000.0	39.94	180	878
snapshot_11_18_2015_18_0.json	1447887600.0	37.6	180	854
snapshot_11_18_2015_6_0.json	1447844400.0	39.94	180	884
snapshot_11_19_2015_0_0.json	1447909200.0	37.6	180	801
snapshot_11_19_2015_12_0.json	1447952400.0	36.43	180	725
snapshot_11_19_2015_6_0.json	1447930800.0	36.43	180	741
snapshot_11_20_2015_0_0.json	1447995600.0	35.26	180	651
snapshot_11_20_2015_12_0.json	1448038800.0	31.75	155	565
snapshot_11_21_2015_12_0.json	1448125200.0	31.14	150	409
snapshot_11_21_2015_18_0.json	1448146800.0	22.48	150	343
snapshot_11_22_2015_0_0.json	1448168400.0	0	0	0
snapshot_11_22_2015_18_0.json	1448233200.0	0	0	0
snapshot_11_22_2015_6_0.json	1448190000.0	0	0	0
snapshot_11_23_2015_0_0.json	1448254800.0	0	0	0
snapshot_11_23_2015_12_0.json	1448298000.0	0	0	0
snapshot_11_23_2015_6_0.json	1448276400.0	0	0	0
snapshot_11_23_2015_6_0.json	1448276400.0	0	0	0
9195135	2015-11-21T23:00:00Z	Oregon State Beavers	Reser Stadium	Oregon Portland|704	97331
snapshot_11_16_2015_0_0.json	1447650000.0	35	184.1	985
snapshot_11_17_2015_0_0.json	1447736400.0	35.26	184.1	980
snapshot_11_17_2015_12_0.json	1447779600.0	37.6	184.1	968
snapshot_11_17_2015_18_0.json	1447801200.0	37.6	156.45	961
snapshot_11_17_2015_6_0.json	1447758000.0	37.6	184.1	967
snapshot_11_17_2015_6_0.json	1447758000.0	37.6	184.1	967
snapshot_11_18_2015_0_0.json	1447822800.0	39.94	180	924
snapshot_11_18_2015_12_0.json	1447866000.0	39.94	180	878
snapshot_11_18_2015_12_0.json	1447866000.0	39.94	180	878
snapshot_11_18_2015_18_0.json	1447887600.0	37.6	180	854
snapshot_11_18_2015_6_0.json	1447844400.0	39.94	180	884
snapshot_11_19_2015_0_0.json	1447909200.0	37.6	180	801
snapshot_11_19_2015_12_0.json	1447952400.0	36.43	180	725
snapshot_11_19_2015_6_0.json	1447930800.0	36.43	180	741
snapshot_11_20_2015_0_0.json	1447995600.0	35.26	180	651
snapshot_11_20_2015_12_0.json	1448038800.0	31.75	155	565
snapshot_11_21_2015_12_0.json	1448125200.0	31.14	150	409
snapshot_11_21_2015_18_0.json	1448146800.0	22.48	150	343
snapshot_11_22_2015_0_0.json	1448168400.0	0	0	0
snapshot_11_22_2015_18_0.json	1448233200.0	0	0	0
snapshot_11_22_2015_6_0.json	1448190000.0	0	0	0
snapshot_11_23_2015_0_0.json	1448254800.0	0	0	0
snapshot_11_23_2015_12_0.json	1448298000.0	0	0	0
snapshot_11_23_2015_6_0.json	1448276400.0	0	0	0
snapshot_11_23_2015_6_0.json	1448276400.0	0	0	0
9195135	2015-11-21T23:00:00Z	Oregon State Beavers	Reser Stadium	Oregon Portland|704	97331
snapshot_11_16_2015_0_0.json	1447650000.0	35	184.1	985
snapshot_11_17_2015_0_0.json	1447736400.0	35.26	184.1	980
snapshot_11_17_2015_12_0.json	1447779600.0	37.6	184.1	968
snapshot_11_17_2015_18_0.json	1447801200.0	37.6	156.45	961
snapshot_11_17_2015_6_0.json	1447758000.0	37.6	184.1	967
snapshot_11_17_2015_6_0.json	1447758000.0	37.6	184.1	967
snapshot_11_18_2015_0_0.json	1447822800.0	39.94	180	924
snapshot_11_18_2015_12_0.json	1447866000.0	39.94	180	878
snapshot_11_18_2015_12_0.json	1447866000.0	39.94	180	878
snapshot_11_18_2015_18_0.json	1447887600.0	37.6	180	854
snapshot_11_18_2015_6_0.json	1447844400.0	39.94	180	884
snapshot_11_19_2015_0_0.json	1447909200.0	37.6	180	801
snapshot_11_19_2015_12_0.json	1447952400.0	36.43	180	725
snapshot_11_19_2015_6_0.json	1447930800.0	36.43	180	741
snapshot_11_20_2015_0_0.json	1447995600.0	35.26	180	651
snapshot_11_20_2015_12_0.json	1448038800.0	31.75	155	565
snapshot_11_21_2015_12_0.json	1448125200.0	31.14	150	409
snapshot_11_21_2015_18_0.json	1448146800.0	22.48	150	343
snapshot_11_22_2015_0_0.json	1448168400.0	0	0	0
snapshot_11_22_2015_18_0.json	1448233200.0	0	0	0
snapshot_11_22_2015_6_0.json	1448190000.0	0	0	0
snapshot_11_23_2015_0_0.json	1448254800.0	0	0	0
snapshot_11_23_2015_12_0.json	1448298000.0	0	0	0
snapshot_11_23_2015_6_0.json	1448276400.0	0	0	0
snapshot_11_23_2015_6_0.json	1448276400.0	0	0	0
