9195935	2015-11-28T17:00:00Z	Michigan Wolverines	Michigan Stadium	Michigan Detroit|676	48104
snapshot_11_16_2015_0_0.json	1447650000.0	236.5	107601	4541
snapshot_11_17_2015_0_0.json	1447736400.0	235.33	107601	4552
snapshot_11_17_2015_12_0.json	1447779600.0	248.2	107601	4554
snapshot_11_17_2015_18_0.json	1447801200.0	248.2	107601	4628
snapshot_11_17_2015_6_0.json	1447758000.0	236.5	107601	4564
snapshot_11_18_2015_0_0.json	1447822800.0	236.5	107601	4585
snapshot_11_18_2015_12_0.json	1447866000.0	248.2	107601	4637
snapshot_11_18_2015_18_0.json	1447887600.0	247.02	107601	4645
snapshot_11_18_2015_6_0.json	1447844400.0	248.2	107601	4630
snapshot_11_19_2015_0_0.json	1447909200.0	247.02	107601	4633
snapshot_11_19_2015_12_0.json	1447952400.0	236.5	107601	4698
snapshot_11_19_2015_6_0.json	1447930800.0	236.5	107601	4695
snapshot_11_20_2015_0_0.json	1447995600.0	241.44	3000	4718
snapshot_11_20_2015_12_0.json	1448038800.0	241.44	3000	4764
snapshot_11_21_2015_12_0.json	1448125200.0	243.81	3000	4648
snapshot_11_21_2015_18_0.json	1448146800.0	243.81	2750	4605
snapshot_11_22_2015_0_0.json	1448168400.0	236.5	862125	4462
snapshot_11_22_2015_12_0.json	1448211600.0	218.95	862125	4533
snapshot_11_22_2015_18_0.json	1448233200.0	213.09	862125	4572
snapshot_11_22_2015_6_0.json	1448190000.0	224.8	862125	4529
snapshot_11_23_2015_0_0.json	1448254800.0	201.4	862125	4671
snapshot_11_23_2015_12_0.json	1448298000.0	201.4	862125	4724
snapshot_11_23_2015_18_0.json	1448319600.0	201.4	862125	4817
snapshot_11_23_2015_6_0.json	1448276400.0	201.4	862125	4715
snapshot_11_24_2015_0_0.json	1448341200.0	201.4	2500	4802
snapshot_11_24_2015_12_0.json	1448384400.0	172.15	2500	4872
snapshot_11_24_2015_18_0.json	1448406000.0	175.54	4000	4830
snapshot_11_24_2015_6_0.json	1448362800.0	185	2500	4861
snapshot_11_25_2015_0_0.json	1448427600.0	160.45	4000	4760
snapshot_11_25_2015_12_0.json	1448470800.0	160.45	4000	4696
snapshot_11_25_2015_18_0.json	1448492400.0	145.71	4000	4497
snapshot_11_25_2015_6_0.json	1448449200.0	161.62	4000	4702
snapshot_11_26_2015_0_0.json	1448514000.0	156.94	4000	4298
snapshot_11_27_2015_18_0.json	1448665200.0	148.75	4000	2765
snapshot_11_28_2015_0_0.json	1448686800.0	142.9	4000	2148
snapshot_11_28_2015_12_0.json	1448730000.0	142.9	4000	1357
snapshot_11_28_2015_18_0.json	1448751600.0	0	0	0
snapshot_11_28_2015_6_0.json	1448708400.0	142.61	4000	1494
snapshot_11_29_2015_0_0.json	1448773200.0	0	0	0
snapshot_11_29_2015_12_0.json	1448816400.0	0	0	0
snapshot_11_29_2015_18_0.json	1448838000.0	0	0	0
snapshot_11_29_2015_6_0.json	1448794800.0	0	0	0
snapshot_11_30_2015_0_0.json	1448859600.0	0	0	0
snapshot_11_30_2015_12_0.json	1448902800.0	0	0	0
snapshot_11_30_2015_6_0.json	1448881200.0	0	0	0
snapshot_12_2_2015_6_0.json	1449054000.0	0	0	0
snapshot_12_3_2015_0_0.json	1449118800.0	0	0	0
snapshot_12_3_2015_0_0.json	1449118800.0	0	0	0
snapshot_12_3_2015_12_0.json	1449162000.0	0	0	0
9195935	2015-11-28T17:00:00Z	Michigan Wolverines	Michigan Stadium	Michigan Detroit|676	48104
snapshot_11_16_2015_0_0.json	1447650000.0	236.5	107601	4541
snapshot_11_17_2015_0_0.json	1447736400.0	235.33	107601	4552
snapshot_11_17_2015_12_0.json	1447779600.0	248.2	107601	4554
snapshot_11_17_2015_18_0.json	1447801200.0	248.2	107601	4628
snapshot_11_17_2015_6_0.json	1447758000.0	236.5	107601	4564
snapshot_11_18_2015_0_0.json	1447822800.0	236.5	107601	4585
snapshot_11_18_2015_12_0.json	1447866000.0	248.2	107601	4637
snapshot_11_18_2015_18_0.json	1447887600.0	247.02	107601	4645
snapshot_11_18_2015_6_0.json	1447844400.0	248.2	107601	4630
snapshot_11_19_2015_0_0.json	1447909200.0	247.02	107601	4633
snapshot_11_19_2015_12_0.json	1447952400.0	236.5	107601	4698
snapshot_11_19_2015_6_0.json	1447930800.0	236.5	107601	4695
snapshot_11_20_2015_0_0.json	1447995600.0	241.44	3000	4718
snapshot_11_20_2015_12_0.json	1448038800.0	241.44	3000	4764
snapshot_11_21_2015_12_0.json	1448125200.0	243.81	3000	4648
snapshot_11_21_2015_18_0.json	1448146800.0	243.81	2750	4605
snapshot_11_22_2015_0_0.json	1448168400.0	236.5	862125	4462
snapshot_11_22_2015_12_0.json	1448211600.0	218.95	862125	4533
snapshot_11_22_2015_18_0.json	1448233200.0	213.09	862125	4572
snapshot_11_22_2015_6_0.json	1448190000.0	224.8	862125	4529
snapshot_11_23_2015_0_0.json	1448254800.0	201.4	862125	4671
snapshot_11_23_2015_12_0.json	1448298000.0	201.4	862125	4724
snapshot_11_23_2015_18_0.json	1448319600.0	201.4	862125	4817
snapshot_11_23_2015_6_0.json	1448276400.0	201.4	862125	4715
snapshot_11_24_2015_0_0.json	1448341200.0	201.4	2500	4802
snapshot_11_24_2015_12_0.json	1448384400.0	172.15	2500	4872
snapshot_11_24_2015_18_0.json	1448406000.0	175.54	4000	4830
snapshot_11_24_2015_6_0.json	1448362800.0	185	2500	4861
snapshot_11_25_2015_0_0.json	1448427600.0	160.45	4000	4760
snapshot_11_25_2015_12_0.json	1448470800.0	160.45	4000	4696
snapshot_11_25_2015_18_0.json	1448492400.0	145.71	4000	4497
snapshot_11_25_2015_6_0.json	1448449200.0	161.62	4000	4702
snapshot_11_26_2015_0_0.json	1448514000.0	156.94	4000	4298
snapshot_11_27_2015_18_0.json	1448665200.0	148.75	4000	2765
snapshot_11_28_2015_0_0.json	1448686800.0	142.9	4000	2148
snapshot_11_28_2015_12_0.json	1448730000.0	142.9	4000	1357
snapshot_11_28_2015_18_0.json	1448751600.0	0	0	0
snapshot_11_28_2015_6_0.json	1448708400.0	142.61	4000	1494
snapshot_11_29_2015_0_0.json	1448773200.0	0	0	0
snapshot_11_29_2015_12_0.json	1448816400.0	0	0	0
snapshot_11_29_2015_18_0.json	1448838000.0	0	0	0
snapshot_11_29_2015_6_0.json	1448794800.0	0	0	0
snapshot_11_30_2015_0_0.json	1448859600.0	0	0	0
snapshot_11_30_2015_12_0.json	1448902800.0	0	0	0
snapshot_11_30_2015_6_0.json	1448881200.0	0	0	0
snapshot_12_2_2015_6_0.json	1449054000.0	0	0	0
snapshot_12_3_2015_0_0.json	1449118800.0	0	0	0
snapshot_12_3_2015_0_0.json	1449118800.0	0	0	0
snapshot_12_3_2015_12_0.json	1449162000.0	0	0	0
9195935	2015-11-28T17:00:00Z	Michigan Wolverines	Michigan Stadium	Michigan Detroit|676	48104
snapshot_11_16_2015_0_0.json	1447650000.0	236.5	107601	4541
snapshot_11_17_2015_0_0.json	1447736400.0	235.33	107601	4552
snapshot_11_17_2015_12_0.json	1447779600.0	248.2	107601	4554
snapshot_11_17_2015_18_0.json	1447801200.0	248.2	107601	4628
snapshot_11_17_2015_6_0.json	1447758000.0	236.5	107601	4564
snapshot_11_18_2015_0_0.json	1447822800.0	236.5	107601	4585
snapshot_11_18_2015_12_0.json	1447866000.0	248.2	107601	4637
snapshot_11_18_2015_18_0.json	1447887600.0	247.02	107601	4645
snapshot_11_18_2015_6_0.json	1447844400.0	248.2	107601	4630
snapshot_11_19_2015_0_0.json	1447909200.0	247.02	107601	4633
snapshot_11_19_2015_12_0.json	1447952400.0	236.5	107601	4698
snapshot_11_19_2015_6_0.json	1447930800.0	236.5	107601	4695
snapshot_11_20_2015_0_0.json	1447995600.0	241.44	3000	4718
snapshot_11_20_2015_12_0.json	1448038800.0	241.44	3000	4764
snapshot_11_21_2015_12_0.json	1448125200.0	243.81	3000	4648
snapshot_11_21_2015_18_0.json	1448146800.0	243.81	2750	4605
snapshot_11_22_2015_0_0.json	1448168400.0	236.5	862125	4462
snapshot_11_22_2015_12_0.json	1448211600.0	218.95	862125	4533
snapshot_11_22_2015_18_0.json	1448233200.0	213.09	862125	4572
snapshot_11_22_2015_6_0.json	1448190000.0	224.8	862125	4529
snapshot_11_23_2015_0_0.json	1448254800.0	201.4	862125	4671
snapshot_11_23_2015_12_0.json	1448298000.0	201.4	862125	4724
snapshot_11_23_2015_18_0.json	1448319600.0	201.4	862125	4817
snapshot_11_23_2015_6_0.json	1448276400.0	201.4	862125	4715
snapshot_11_24_2015_0_0.json	1448341200.0	201.4	2500	4802
snapshot_11_24_2015_12_0.json	1448384400.0	172.15	2500	4872
snapshot_11_24_2015_18_0.json	1448406000.0	175.54	4000	4830
snapshot_11_24_2015_6_0.json	1448362800.0	185	2500	4861
snapshot_11_25_2015_0_0.json	1448427600.0	160.45	4000	4760
snapshot_11_25_2015_12_0.json	1448470800.0	160.45	4000	4696
snapshot_11_25_2015_18_0.json	1448492400.0	145.71	4000	4497
snapshot_11_25_2015_6_0.json	1448449200.0	161.62	4000	4702
snapshot_11_26_2015_0_0.json	1448514000.0	156.94	4000	4298
snapshot_11_27_2015_18_0.json	1448665200.0	148.75	4000	2765
snapshot_11_28_2015_0_0.json	1448686800.0	142.9	4000	2148
snapshot_11_28_2015_12_0.json	1448730000.0	142.9	4000	1357
snapshot_11_28_2015_18_0.json	1448751600.0	0	0	0
snapshot_11_28_2015_6_0.json	1448708400.0	142.61	4000	1494
snapshot_11_29_2015_0_0.json	1448773200.0	0	0	0
snapshot_11_29_2015_12_0.json	1448816400.0	0	0	0
snapshot_11_29_2015_18_0.json	1448838000.0	0	0	0
snapshot_11_29_2015_6_0.json	1448794800.0	0	0	0
snapshot_11_30_2015_0_0.json	1448859600.0	0	0	0
snapshot_11_30_2015_12_0.json	1448902800.0	0	0	0
snapshot_11_30_2015_6_0.json	1448881200.0	0	0	0
snapshot_12_2_2015_6_0.json	1449054000.0	0	0	0
snapshot_12_3_2015_0_0.json	1449118800.0	0	0	0
snapshot_12_3_2015_0_0.json	1449118800.0	0	0	0
snapshot_12_3_2015_12_0.json	1449162000.0	0	0	0
9195935	2015-11-28T17:00:00Z	Michigan Wolverines	Michigan Stadium	Michigan Detroit|676	48104
snapshot_11_16_2015_0_0.json	1447650000.0	236.5	107601	4541
snapshot_11_17_2015_0_0.json	1447736400.0	235.33	107601	4552
snapshot_11_17_2015_12_0.json	1447779600.0	248.2	107601	4554
snapshot_11_17_2015_18_0.json	1447801200.0	248.2	107601	4628
snapshot_11_17_2015_6_0.json	1447758000.0	236.5	107601	4564
snapshot_11_18_2015_0_0.json	1447822800.0	236.5	107601	4585
snapshot_11_18_2015_12_0.json	1447866000.0	248.2	107601	4637
snapshot_11_18_2015_18_0.json	1447887600.0	247.02	107601	4645
snapshot_11_18_2015_6_0.json	1447844400.0	248.2	107601	4630
snapshot_11_19_2015_0_0.json	1447909200.0	247.02	107601	4633
snapshot_11_19_2015_12_0.json	1447952400.0	236.5	107601	4698
snapshot_11_19_2015_6_0.json	1447930800.0	236.5	107601	4695
snapshot_11_20_2015_0_0.json	1447995600.0	241.44	3000	4718
snapshot_11_20_2015_12_0.json	1448038800.0	241.44	3000	4764
snapshot_11_21_2015_12_0.json	1448125200.0	243.81	3000	4648
snapshot_11_21_2015_18_0.json	1448146800.0	243.81	2750	4605
snapshot_11_22_2015_0_0.json	1448168400.0	236.5	862125	4462
snapshot_11_22_2015_12_0.json	1448211600.0	218.95	862125	4533
snapshot_11_22_2015_18_0.json	1448233200.0	213.09	862125	4572
snapshot_11_22_2015_6_0.json	1448190000.0	224.8	862125	4529
snapshot_11_23_2015_0_0.json	1448254800.0	201.4	862125	4671
snapshot_11_23_2015_12_0.json	1448298000.0	201.4	862125	4724
snapshot_11_23_2015_18_0.json	1448319600.0	201.4	862125	4817
snapshot_11_23_2015_6_0.json	1448276400.0	201.4	862125	4715
snapshot_11_24_2015_0_0.json	1448341200.0	201.4	2500	4802
snapshot_11_24_2015_12_0.json	1448384400.0	172.15	2500	4872
snapshot_11_24_2015_18_0.json	1448406000.0	175.54	4000	4830
snapshot_11_24_2015_6_0.json	1448362800.0	185	2500	4861
snapshot_11_25_2015_0_0.json	1448427600.0	160.45	4000	4760
snapshot_11_25_2015_12_0.json	1448470800.0	160.45	4000	4696
snapshot_11_25_2015_18_0.json	1448492400.0	145.71	4000	4497
snapshot_11_25_2015_6_0.json	1448449200.0	161.62	4000	4702
snapshot_11_26_2015_0_0.json	1448514000.0	156.94	4000	4298
snapshot_11_27_2015_18_0.json	1448665200.0	148.75	4000	2765
snapshot_11_28_2015_0_0.json	1448686800.0	142.9	4000	2148
snapshot_11_28_2015_12_0.json	1448730000.0	142.9	4000	1357
snapshot_11_28_2015_18_0.json	1448751600.0	0	0	0
snapshot_11_28_2015_6_0.json	1448708400.0	142.61	4000	1494
snapshot_11_29_2015_0_0.json	1448773200.0	0	0	0
snapshot_11_29_2015_12_0.json	1448816400.0	0	0	0
snapshot_11_29_2015_18_0.json	1448838000.0	0	0	0
snapshot_11_29_2015_6_0.json	1448794800.0	0	0	0
snapshot_11_30_2015_0_0.json	1448859600.0	0	0	0
snapshot_11_30_2015_12_0.json	1448902800.0	0	0	0
snapshot_11_30_2015_6_0.json	1448881200.0	0	0	0
snapshot_12_2_2015_6_0.json	1449054000.0	0	0	0
snapshot_12_3_2015_0_0.json	1449118800.0	0	0	0
snapshot_12_3_2015_0_0.json	1449118800.0	0	0	0
snapshot_12_3_2015_12_0.json	1449162000.0	0	0	0
