9195949	2015-11-28T20:30:00Z	Michigan State Spartans	Spartan Stadium (Michigan)	Michigan Detroit|676	48824
snapshot_11_16_2015_0_0.json	1447650000.0	15.5	1220	3964
snapshot_11_17_2015_0_0.json	1447736400.0	15.37	1220	3960
snapshot_11_17_2015_12_0.json	1447779600.0	13.6	1220	3936
snapshot_11_17_2015_18_0.json	1447801200.0	13.62	1220	3900
snapshot_11_17_2015_6_0.json	1447758000.0	13.62	1220	3941
snapshot_11_17_2015_6_0.json	1447758000.0	13.62	1220	3941
snapshot_11_18_2015_0_0.json	1447822800.0	13.03	1220	3861
snapshot_11_18_2015_12_0.json	1447866000.0	14.18	1220	3839
snapshot_11_18_2015_18_0.json	1447887600.0	14.19	1220	3830
snapshot_11_18_2015_6_0.json	1447844400.0	14.19	1220	3838
snapshot_11_19_2015_0_0.json	1447909200.0	15.5	1220	3929
snapshot_11_19_2015_12_0.json	1447952400.0	14.2	1220	4015
snapshot_11_19_2015_6_0.json	1447930800.0	14.2	1220	4019
snapshot_11_20_2015_0_0.json	1447995600.0	14.2	1220	4015
snapshot_11_20_2015_12_0.json	1448038800.0	13.03	1220	3953
snapshot_11_21_2015_12_0.json	1448125200.0	10.69	1220	3891
snapshot_11_21_2015_18_0.json	1448146800.0	14.18	1220	3827
snapshot_11_22_2015_0_0.json	1448168400.0	14.2	1220	3348
snapshot_11_22_2015_12_0.json	1448211600.0	16.54	1220	2621
snapshot_11_22_2015_18_0.json	1448233200.0	15.5	899.99	2582
snapshot_11_22_2015_6_0.json	1448190000.0	16.54	1220	2633
snapshot_11_23_2015_0_0.json	1448254800.0	14.2	400	2601
snapshot_11_23_2015_12_0.json	1448298000.0	18.88	400	2466
snapshot_11_23_2015_18_0.json	1448319600.0	20.05	400	2642
snapshot_11_23_2015_6_0.json	1448276400.0	18.3	400	2475
snapshot_11_24_2015_0_0.json	1448341200.0	12.94	400	2706
snapshot_11_24_2015_12_0.json	1448384400.0	14.2	400	2771
snapshot_11_24_2015_18_0.json	1448406000.0	14.2	345	2695
snapshot_11_24_2015_6_0.json	1448362800.0	9.52	400	2768
snapshot_11_25_2015_0_0.json	1448427600.0	14.2	345	2695
snapshot_11_25_2015_12_0.json	1448470800.0	14.79	345	2581
snapshot_11_25_2015_18_0.json	1448492400.0	20.04	345	2475
snapshot_11_25_2015_6_0.json	1448449200.0	15.37	345	2579
snapshot_11_26_2015_0_0.json	1448514000.0	20.05	345	2285
snapshot_11_27_2015_18_0.json	1448665200.0	25.32	336	1399
snapshot_11_28_2015_0_0.json	1448686800.0	20.05	336	952
snapshot_11_28_2015_12_0.json	1448730000.0	25.9	336	749
snapshot_11_28_2015_18_0.json	1448751600.0	25.9	9999	482
snapshot_11_28_2015_6_0.json	1448708400.0	22.39	336	751
snapshot_11_29_2015_0_0.json	1448773200.0	0	0	0
snapshot_11_29_2015_12_0.json	1448816400.0	0	0	0
snapshot_11_29_2015_18_0.json	1448838000.0	0	0	0
snapshot_11_29_2015_6_0.json	1448794800.0	0	0	0
snapshot_11_30_2015_0_0.json	1448859600.0	0	0	0
snapshot_11_30_2015_12_0.json	1448902800.0	0	0	0
snapshot_11_30_2015_6_0.json	1448881200.0	0	0	0
snapshot_12_1_2015_12_0.json	1448989200.0	0	0	0
snapshot_12_1_2015_12_0.json	1448989200.0	0	0	0
snapshot_12_1_2015_6_0.json	1448967600.0	0	0	0
snapshot_12_3_2015_0_0.json	1449118800.0	0	0	0
snapshot_12_3_2015_0_0.json	1449118800.0	0	0	0
snapshot_12_3_2015_12_0.json	1449162000.0	0	0	0
snapshot_12_4_2015_0_0.json	1449205200.0	0	0	0
snapshot_12_4_2015_12_0.json	1449248400.0	0	0	0
snapshot_12_4_2015_6_0.json	1449226800.0	0	0	0
9195949	2015-11-28T20:30:00Z	Michigan State Spartans	Spartan Stadium (Michigan)	Michigan Detroit|676	48824
snapshot_11_16_2015_0_0.json	1447650000.0	15.5	1220	3964
snapshot_11_17_2015_0_0.json	1447736400.0	15.37	1220	3960
snapshot_11_17_2015_12_0.json	1447779600.0	13.6	1220	3936
snapshot_11_17_2015_18_0.json	1447801200.0	13.62	1220	3900
snapshot_11_17_2015_6_0.json	1447758000.0	13.62	1220	3941
snapshot_11_17_2015_6_0.json	1447758000.0	13.62	1220	3941
snapshot_11_18_2015_0_0.json	1447822800.0	13.03	1220	3861
snapshot_11_18_2015_12_0.json	1447866000.0	14.18	1220	3839
snapshot_11_18_2015_18_0.json	1447887600.0	14.19	1220	3830
snapshot_11_18_2015_6_0.json	1447844400.0	14.19	1220	3838
snapshot_11_19_2015_0_0.json	1447909200.0	15.5	1220	3929
snapshot_11_19_2015_12_0.json	1447952400.0	14.2	1220	4015
snapshot_11_19_2015_6_0.json	1447930800.0	14.2	1220	4019
snapshot_11_20_2015_0_0.json	1447995600.0	14.2	1220	4015
snapshot_11_20_2015_12_0.json	1448038800.0	13.03	1220	3953
snapshot_11_21_2015_12_0.json	1448125200.0	10.69	1220	3891
snapshot_11_21_2015_18_0.json	1448146800.0	14.18	1220	3827
snapshot_11_22_2015_0_0.json	1448168400.0	14.2	1220	3348
snapshot_11_22_2015_12_0.json	1448211600.0	16.54	1220	2621
snapshot_11_22_2015_18_0.json	1448233200.0	15.5	899.99	2582
snapshot_11_22_2015_6_0.json	1448190000.0	16.54	1220	2633
snapshot_11_23_2015_0_0.json	1448254800.0	14.2	400	2601
snapshot_11_23_2015_12_0.json	1448298000.0	18.88	400	2466
snapshot_11_23_2015_18_0.json	1448319600.0	20.05	400	2642
snapshot_11_23_2015_6_0.json	1448276400.0	18.3	400	2475
snapshot_11_24_2015_0_0.json	1448341200.0	12.94	400	2706
snapshot_11_24_2015_12_0.json	1448384400.0	14.2	400	2771
snapshot_11_24_2015_18_0.json	1448406000.0	14.2	345	2695
snapshot_11_24_2015_6_0.json	1448362800.0	9.52	400	2768
snapshot_11_25_2015_0_0.json	1448427600.0	14.2	345	2695
snapshot_11_25_2015_12_0.json	1448470800.0	14.79	345	2581
snapshot_11_25_2015_18_0.json	1448492400.0	20.04	345	2475
snapshot_11_25_2015_6_0.json	1448449200.0	15.37	345	2579
snapshot_11_26_2015_0_0.json	1448514000.0	20.05	345	2285
snapshot_11_27_2015_18_0.json	1448665200.0	25.32	336	1399
snapshot_11_28_2015_0_0.json	1448686800.0	20.05	336	952
snapshot_11_28_2015_12_0.json	1448730000.0	25.9	336	749
snapshot_11_28_2015_18_0.json	1448751600.0	25.9	9999	482
snapshot_11_28_2015_6_0.json	1448708400.0	22.39	336	751
snapshot_11_29_2015_0_0.json	1448773200.0	0	0	0
snapshot_11_29_2015_12_0.json	1448816400.0	0	0	0
snapshot_11_29_2015_18_0.json	1448838000.0	0	0	0
snapshot_11_29_2015_6_0.json	1448794800.0	0	0	0
snapshot_11_30_2015_0_0.json	1448859600.0	0	0	0
snapshot_11_30_2015_12_0.json	1448902800.0	0	0	0
snapshot_11_30_2015_6_0.json	1448881200.0	0	0	0
snapshot_12_1_2015_12_0.json	1448989200.0	0	0	0
snapshot_12_1_2015_12_0.json	1448989200.0	0	0	0
snapshot_12_1_2015_6_0.json	1448967600.0	0	0	0
snapshot_12_3_2015_0_0.json	1449118800.0	0	0	0
snapshot_12_3_2015_0_0.json	1449118800.0	0	0	0
snapshot_12_3_2015_12_0.json	1449162000.0	0	0	0
snapshot_12_4_2015_0_0.json	1449205200.0	0	0	0
snapshot_12_4_2015_12_0.json	1449248400.0	0	0	0
snapshot_12_4_2015_6_0.json	1449226800.0	0	0	0
9195949	2015-11-28T20:30:00Z	Michigan State Spartans	Spartan Stadium (Michigan)	Michigan Detroit|676	48824
snapshot_11_16_2015_0_0.json	1447650000.0	15.5	1220	3964
snapshot_11_17_2015_0_0.json	1447736400.0	15.37	1220	3960
snapshot_11_17_2015_12_0.json	1447779600.0	13.6	1220	3936
snapshot_11_17_2015_18_0.json	1447801200.0	13.62	1220	3900
snapshot_11_17_2015_6_0.json	1447758000.0	13.62	1220	3941
snapshot_11_17_2015_6_0.json	1447758000.0	13.62	1220	3941
snapshot_11_18_2015_0_0.json	1447822800.0	13.03	1220	3861
snapshot_11_18_2015_12_0.json	1447866000.0	14.18	1220	3839
snapshot_11_18_2015_18_0.json	1447887600.0	14.19	1220	3830
snapshot_11_18_2015_6_0.json	1447844400.0	14.19	1220	3838
snapshot_11_19_2015_0_0.json	1447909200.0	15.5	1220	3929
snapshot_11_19_2015_12_0.json	1447952400.0	14.2	1220	4015
snapshot_11_19_2015_6_0.json	1447930800.0	14.2	1220	4019
snapshot_11_20_2015_0_0.json	1447995600.0	14.2	1220	4015
snapshot_11_20_2015_12_0.json	1448038800.0	13.03	1220	3953
snapshot_11_21_2015_12_0.json	1448125200.0	10.69	1220	3891
snapshot_11_21_2015_18_0.json	1448146800.0	14.18	1220	3827
snapshot_11_22_2015_0_0.json	1448168400.0	14.2	1220	3348
snapshot_11_22_2015_12_0.json	1448211600.0	16.54	1220	2621
snapshot_11_22_2015_18_0.json	1448233200.0	15.5	899.99	2582
snapshot_11_22_2015_6_0.json	1448190000.0	16.54	1220	2633
snapshot_11_23_2015_0_0.json	1448254800.0	14.2	400	2601
snapshot_11_23_2015_12_0.json	1448298000.0	18.88	400	2466
snapshot_11_23_2015_18_0.json	1448319600.0	20.05	400	2642
snapshot_11_23_2015_6_0.json	1448276400.0	18.3	400	2475
snapshot_11_24_2015_0_0.json	1448341200.0	12.94	400	2706
snapshot_11_24_2015_12_0.json	1448384400.0	14.2	400	2771
snapshot_11_24_2015_18_0.json	1448406000.0	14.2	345	2695
snapshot_11_24_2015_6_0.json	1448362800.0	9.52	400	2768
snapshot_11_25_2015_0_0.json	1448427600.0	14.2	345	2695
snapshot_11_25_2015_12_0.json	1448470800.0	14.79	345	2581
snapshot_11_25_2015_18_0.json	1448492400.0	20.04	345	2475
snapshot_11_25_2015_6_0.json	1448449200.0	15.37	345	2579
snapshot_11_26_2015_0_0.json	1448514000.0	20.05	345	2285
snapshot_11_27_2015_18_0.json	1448665200.0	25.32	336	1399
snapshot_11_28_2015_0_0.json	1448686800.0	20.05	336	952
snapshot_11_28_2015_12_0.json	1448730000.0	25.9	336	749
snapshot_11_28_2015_18_0.json	1448751600.0	25.9	9999	482
snapshot_11_28_2015_6_0.json	1448708400.0	22.39	336	751
snapshot_11_29_2015_0_0.json	1448773200.0	0	0	0
snapshot_11_29_2015_12_0.json	1448816400.0	0	0	0
snapshot_11_29_2015_18_0.json	1448838000.0	0	0	0
snapshot_11_29_2015_6_0.json	1448794800.0	0	0	0
snapshot_11_30_2015_0_0.json	1448859600.0	0	0	0
snapshot_11_30_2015_12_0.json	1448902800.0	0	0	0
snapshot_11_30_2015_6_0.json	1448881200.0	0	0	0
snapshot_12_1_2015_12_0.json	1448989200.0	0	0	0
snapshot_12_1_2015_12_0.json	1448989200.0	0	0	0
snapshot_12_1_2015_6_0.json	1448967600.0	0	0	0
snapshot_12_3_2015_0_0.json	1449118800.0	0	0	0
snapshot_12_3_2015_0_0.json	1449118800.0	0	0	0
snapshot_12_3_2015_12_0.json	1449162000.0	0	0	0
snapshot_12_4_2015_0_0.json	1449205200.0	0	0	0
snapshot_12_4_2015_12_0.json	1449248400.0	0	0	0
snapshot_12_4_2015_6_0.json	1449226800.0	0	0	0
9195949	2015-11-28T20:30:00Z	Michigan State Spartans	Spartan Stadium (Michigan)	Michigan Detroit|676	48824
snapshot_11_16_2015_0_0.json	1447650000.0	15.5	1220	3964
snapshot_11_17_2015_0_0.json	1447736400.0	15.37	1220	3960
snapshot_11_17_2015_12_0.json	1447779600.0	13.6	1220	3936
snapshot_11_17_2015_18_0.json	1447801200.0	13.62	1220	3900
snapshot_11_17_2015_6_0.json	1447758000.0	13.62	1220	3941
snapshot_11_17_2015_6_0.json	1447758000.0	13.62	1220	3941
snapshot_11_18_2015_0_0.json	1447822800.0	13.03	1220	3861
snapshot_11_18_2015_12_0.json	1447866000.0	14.18	1220	3839
snapshot_11_18_2015_18_0.json	1447887600.0	14.19	1220	3830
snapshot_11_18_2015_6_0.json	1447844400.0	14.19	1220	3838
snapshot_11_19_2015_0_0.json	1447909200.0	15.5	1220	3929
snapshot_11_19_2015_12_0.json	1447952400.0	14.2	1220	4015
snapshot_11_19_2015_6_0.json	1447930800.0	14.2	1220	4019
snapshot_11_20_2015_0_0.json	1447995600.0	14.2	1220	4015
snapshot_11_20_2015_12_0.json	1448038800.0	13.03	1220	3953
snapshot_11_21_2015_12_0.json	1448125200.0	10.69	1220	3891
snapshot_11_21_2015_18_0.json	1448146800.0	14.18	1220	3827
snapshot_11_22_2015_0_0.json	1448168400.0	14.2	1220	3348
snapshot_11_22_2015_12_0.json	1448211600.0	16.54	1220	2621
snapshot_11_22_2015_18_0.json	1448233200.0	15.5	899.99	2582
snapshot_11_22_2015_6_0.json	1448190000.0	16.54	1220	2633
snapshot_11_23_2015_0_0.json	1448254800.0	14.2	400	2601
snapshot_11_23_2015_12_0.json	1448298000.0	18.88	400	2466
snapshot_11_23_2015_18_0.json	1448319600.0	20.05	400	2642
snapshot_11_23_2015_6_0.json	1448276400.0	18.3	400	2475
snapshot_11_24_2015_0_0.json	1448341200.0	12.94	400	2706
snapshot_11_24_2015_12_0.json	1448384400.0	14.2	400	2771
snapshot_11_24_2015_18_0.json	1448406000.0	14.2	345	2695
snapshot_11_24_2015_6_0.json	1448362800.0	9.52	400	2768
snapshot_11_25_2015_0_0.json	1448427600.0	14.2	345	2695
snapshot_11_25_2015_12_0.json	1448470800.0	14.79	345	2581
snapshot_11_25_2015_18_0.json	1448492400.0	20.04	345	2475
snapshot_11_25_2015_6_0.json	1448449200.0	15.37	345	2579
snapshot_11_26_2015_0_0.json	1448514000.0	20.05	345	2285
snapshot_11_27_2015_18_0.json	1448665200.0	25.32	336	1399
snapshot_11_28_2015_0_0.json	1448686800.0	20.05	336	952
snapshot_11_28_2015_12_0.json	1448730000.0	25.9	336	749
snapshot_11_28_2015_18_0.json	1448751600.0	25.9	9999	482
snapshot_11_28_2015_6_0.json	1448708400.0	22.39	336	751
snapshot_11_29_2015_0_0.json	1448773200.0	0	0	0
snapshot_11_29_2015_12_0.json	1448816400.0	0	0	0
snapshot_11_29_2015_18_0.json	1448838000.0	0	0	0
snapshot_11_29_2015_6_0.json	1448794800.0	0	0	0
snapshot_11_30_2015_0_0.json	1448859600.0	0	0	0
snapshot_11_30_2015_12_0.json	1448902800.0	0	0	0
snapshot_11_30_2015_6_0.json	1448881200.0	0	0	0
snapshot_12_1_2015_12_0.json	1448989200.0	0	0	0
snapshot_12_1_2015_12_0.json	1448989200.0	0	0	0
snapshot_12_1_2015_6_0.json	1448967600.0	0	0	0
snapshot_12_3_2015_0_0.json	1449118800.0	0	0	0
snapshot_12_3_2015_0_0.json	1449118800.0	0	0	0
snapshot_12_3_2015_12_0.json	1449162000.0	0	0	0
snapshot_12_4_2015_0_0.json	1449205200.0	0	0	0
snapshot_12_4_2015_12_0.json	1449248400.0	0	0	0
snapshot_12_4_2015_6_0.json	1449226800.0	0	0	0
