9195217	2015-11-21T20:30:00Z	Utah Utes	Rice Eccles Stadium	Utah Salt Lake City|706	84112
snapshot_11_16_2015_0_0.json	1447650000.0	70.36	1700	558
snapshot_11_17_2015_0_0.json	1447736400.0	70.36	1700	580
snapshot_11_17_2015_12_0.json	1447779600.0	64.51	1700	569
snapshot_11_17_2015_18_0.json	1447801200.0	64.51	1700	548
snapshot_11_17_2015_6_0.json	1447758000.0	64.51	1700	567
snapshot_11_17_2015_6_0.json	1447758000.0	64.51	1700	567
snapshot_11_18_2015_0_0.json	1447822800.0	64.5	1700	553
snapshot_11_18_2015_12_0.json	1447866000.0	63.34	1700	538
snapshot_11_18_2015_18_0.json	1447887600.0	63.34	1700	552
snapshot_11_18_2015_18_0.json	1447887600.0	63.34	1700	552
snapshot_11_18_2015_6_0.json	1447844400.0	64.5	1700	540
snapshot_11_19_2015_0_0.json	1447909200.0	63.34	500	396
snapshot_11_19_2015_6_0.json	1447930800.0	64.5	500	383
snapshot_11_20_2015_0_0.json	1447995600.0	60.88	9999	358
snapshot_11_20_2015_12_0.json	1448038800.0	55.15	9999	330
snapshot_11_21_2015_12_0.json	1448125200.0	42.28	250	251
snapshot_11_21_2015_18_0.json	1448146800.0	34.09	250	207
snapshot_11_22_2015_18_0.json	1448233200.0	0	0	0
snapshot_11_22_2015_6_0.json	1448190000.0	0	0	0
snapshot_11_23_2015_0_0.json	1448254800.0	0	0	0
snapshot_11_23_2015_12_0.json	1448298000.0	0	0	0
snapshot_11_23_2015_18_0.json	1448319600.0	0	0	0
snapshot_11_23_2015_6_0.json	1448276400.0	0	0	0
snapshot_11_23_2015_6_0.json	1448276400.0	0	0	0
snapshot_11_24_2015_0_0.json	1448341200.0	0	0	0
snapshot_11_24_2015_12_0.json	1448384400.0	0	0	0
snapshot_11_26_2015_0_0.json	1448514000.0	0	0	0
snapshot_12_3_2015_0_0.json	1449118800.0	0	0	0
snapshot_12_3_2015_0_0.json	1449118800.0	0	0	0
snapshot_12_3_2015_12_0.json	1449162000.0	0	0	0
9195217	2015-11-21T20:30:00Z	Utah Utes	Rice Eccles Stadium	Utah Salt Lake City|706	84112
snapshot_11_16_2015_0_0.json	1447650000.0	70.36	1700	558
snapshot_11_17_2015_0_0.json	1447736400.0	70.36	1700	580
snapshot_11_17_2015_12_0.json	1447779600.0	64.51	1700	569
snapshot_11_17_2015_18_0.json	1447801200.0	64.51	1700	548
snapshot_11_17_2015_6_0.json	1447758000.0	64.51	1700	567
snapshot_11_17_2015_6_0.json	1447758000.0	64.51	1700	567
snapshot_11_18_2015_0_0.json	1447822800.0	64.5	1700	553
snapshot_11_18_2015_12_0.json	1447866000.0	63.34	1700	538
snapshot_11_18_2015_18_0.json	1447887600.0	63.34	1700	552
snapshot_11_18_2015_18_0.json	1447887600.0	63.34	1700	552
snapshot_11_18_2015_6_0.json	1447844400.0	64.5	1700	540
snapshot_11_19_2015_0_0.json	1447909200.0	63.34	500	396
snapshot_11_19_2015_6_0.json	1447930800.0	64.5	500	383
snapshot_11_20_2015_0_0.json	1447995600.0	60.88	9999	358
snapshot_11_20_2015_12_0.json	1448038800.0	55.15	9999	330
snapshot_11_21_2015_12_0.json	1448125200.0	42.28	250	251
snapshot_11_21_2015_18_0.json	1448146800.0	34.09	250	207
snapshot_11_22_2015_18_0.json	1448233200.0	0	0	0
snapshot_11_22_2015_6_0.json	1448190000.0	0	0	0
snapshot_11_23_2015_0_0.json	1448254800.0	0	0	0
snapshot_11_23_2015_12_0.json	1448298000.0	0	0	0
snapshot_11_23_2015_18_0.json	1448319600.0	0	0	0
snapshot_11_23_2015_6_0.json	1448276400.0	0	0	0
snapshot_11_23_2015_6_0.json	1448276400.0	0	0	0
snapshot_11_24_2015_0_0.json	1448341200.0	0	0	0
snapshot_11_24_2015_12_0.json	1448384400.0	0	0	0
snapshot_11_26_2015_0_0.json	1448514000.0	0	0	0
snapshot_12_3_2015_0_0.json	1449118800.0	0	0	0
snapshot_12_3_2015_0_0.json	1449118800.0	0	0	0
snapshot_12_3_2015_12_0.json	1449162000.0	0	0	0
9195217	2015-11-21T20:30:00Z	Utah Utes	Rice Eccles Stadium	Utah Salt Lake City|706	84112
snapshot_11_16_2015_0_0.json	1447650000.0	70.36	1700	558
snapshot_11_17_2015_0_0.json	1447736400.0	70.36	1700	580
snapshot_11_17_2015_12_0.json	1447779600.0	64.51	1700	569
snapshot_11_17_2015_18_0.json	1447801200.0	64.51	1700	548
snapshot_11_17_2015_6_0.json	1447758000.0	64.51	1700	567
snapshot_11_17_2015_6_0.json	1447758000.0	64.51	1700	567
snapshot_11_18_2015_0_0.json	1447822800.0	64.5	1700	553
snapshot_11_18_2015_12_0.json	1447866000.0	63.34	1700	538
snapshot_11_18_2015_18_0.json	1447887600.0	63.34	1700	552
snapshot_11_18_2015_18_0.json	1447887600.0	63.34	1700	552
snapshot_11_18_2015_6_0.json	1447844400.0	64.5	1700	540
snapshot_11_19_2015_0_0.json	1447909200.0	63.34	500	396
snapshot_11_19_2015_6_0.json	1447930800.0	64.5	500	383
snapshot_11_20_2015_0_0.json	1447995600.0	60.88	9999	358
snapshot_11_20_2015_12_0.json	1448038800.0	55.15	9999	330
snapshot_11_21_2015_12_0.json	1448125200.0	42.28	250	251
snapshot_11_21_2015_18_0.json	1448146800.0	34.09	250	207
snapshot_11_22_2015_18_0.json	1448233200.0	0	0	0
snapshot_11_22_2015_6_0.json	1448190000.0	0	0	0
snapshot_11_23_2015_0_0.json	1448254800.0	0	0	0
snapshot_11_23_2015_12_0.json	1448298000.0	0	0	0
snapshot_11_23_2015_18_0.json	1448319600.0	0	0	0
snapshot_11_23_2015_6_0.json	1448276400.0	0	0	0
snapshot_11_23_2015_6_0.json	1448276400.0	0	0	0
snapshot_11_24_2015_0_0.json	1448341200.0	0	0	0
snapshot_11_24_2015_12_0.json	1448384400.0	0	0	0
snapshot_11_26_2015_0_0.json	1448514000.0	0	0	0
snapshot_12_3_2015_0_0.json	1449118800.0	0	0	0
snapshot_12_3_2015_0_0.json	1449118800.0	0	0	0
snapshot_12_3_2015_12_0.json	1449162000.0	0	0	0
9195217	2015-11-21T20:30:00Z	Utah Utes	Rice Eccles Stadium	Utah Salt Lake City|706	84112
snapshot_11_16_2015_0_0.json	1447650000.0	70.36	1700	558
snapshot_11_17_2015_0_0.json	1447736400.0	70.36	1700	580
snapshot_11_17_2015_12_0.json	1447779600.0	64.51	1700	569
snapshot_11_17_2015_18_0.json	1447801200.0	64.51	1700	548
snapshot_11_17_2015_6_0.json	1447758000.0	64.51	1700	567
snapshot_11_17_2015_6_0.json	1447758000.0	64.51	1700	567
snapshot_11_18_2015_0_0.json	1447822800.0	64.5	1700	553
snapshot_11_18_2015_12_0.json	1447866000.0	63.34	1700	538
snapshot_11_18_2015_18_0.json	1447887600.0	63.34	1700	552
snapshot_11_18_2015_18_0.json	1447887600.0	63.34	1700	552
snapshot_11_18_2015_6_0.json	1447844400.0	64.5	1700	540
snapshot_11_19_2015_0_0.json	1447909200.0	63.34	500	396
snapshot_11_19_2015_6_0.json	1447930800.0	64.5	500	383
snapshot_11_20_2015_0_0.json	1447995600.0	60.88	9999	358
snapshot_11_20_2015_12_0.json	1448038800.0	55.15	9999	330
snapshot_11_21_2015_12_0.json	1448125200.0	42.28	250	251
snapshot_11_21_2015_18_0.json	1448146800.0	34.09	250	207
snapshot_11_22_2015_18_0.json	1448233200.0	0	0	0
snapshot_11_22_2015_6_0.json	1448190000.0	0	0	0
snapshot_11_23_2015_0_0.json	1448254800.0	0	0	0
snapshot_11_23_2015_12_0.json	1448298000.0	0	0	0
snapshot_11_23_2015_18_0.json	1448319600.0	0	0	0
snapshot_11_23_2015_6_0.json	1448276400.0	0	0	0
snapshot_11_23_2015_6_0.json	1448276400.0	0	0	0
snapshot_11_24_2015_0_0.json	1448341200.0	0	0	0
snapshot_11_24_2015_12_0.json	1448384400.0	0	0	0
snapshot_11_26_2015_0_0.json	1448514000.0	0	0	0
snapshot_12_3_2015_0_0.json	1449118800.0	0	0	0
snapshot_12_3_2015_0_0.json	1449118800.0	0	0	0
snapshot_12_3_2015_12_0.json	1449162000.0	0	0	0
