9195205	2015-11-28T21:00:00Z	USC Trojans	Los Angeles Memorial Sports Arena and Coliseum	California Los Angeles Metro|10	90037
snapshot_11_16_2015_0_0.json	1447650000.0	137.05	2000	2412
snapshot_11_17_2015_0_0.json	1447736400.0	131.2	2000	2450
snapshot_11_17_2015_12_0.json	1447779600.0	139.39	2000	2461
snapshot_11_17_2015_18_0.json	1447801200.0	139.39	2000	2472
snapshot_11_17_2015_6_0.json	1447758000.0	125.35	2000	2465
snapshot_11_18_2015_0_0.json	1447822800.0	139.39	2000	2316
snapshot_11_18_2015_12_0.json	1447866000.0	119.5	2000	2277
snapshot_11_18_2015_18_0.json	1447887600.0	139.39	2000	2262
snapshot_11_18_2015_6_0.json	1447844400.0	119.5	2000	2303
snapshot_11_19_2015_0_0.json	1447909200.0	139.39	2000	2295
snapshot_11_19_2015_12_0.json	1447952400.0	139.39	2000	2308
snapshot_11_19_2015_6_0.json	1447930800.0	139.39	2000	2316
snapshot_11_20_2015_0_0.json	1447995600.0	139.39	2000	2322
snapshot_11_20_2015_12_0.json	1448038800.0	139.39	2000	2332
snapshot_11_21_2015_12_0.json	1448125200.0	131.2	2000	2289
snapshot_11_21_2015_18_0.json	1448146800.0	139.39	2000	2273
snapshot_11_22_2015_0_0.json	1448168400.0	139.39	2000	2161
snapshot_11_22_2015_12_0.json	1448211600.0	139.39	2000	2103
snapshot_11_22_2015_18_0.json	1448233200.0	137.05	2000	2109
snapshot_11_22_2015_6_0.json	1448190000.0	139.39	2000	2121
snapshot_11_23_2015_0_0.json	1448254800.0	139.39	2000	2070
snapshot_11_23_2015_12_0.json	1448298000.0	139.39	2000	2097
snapshot_11_23_2015_18_0.json	1448319600.0	139.39	2000	2115
snapshot_11_23_2015_6_0.json	1448276400.0	139.39	2000	2115
snapshot_11_24_2015_0_0.json	1448341200.0	119.27	2000	2239
snapshot_11_24_2015_12_0.json	1448384400.0	131.2	2000	2338
snapshot_11_24_2015_18_0.json	1448406000.0	139.39	2000	2369
snapshot_11_24_2015_6_0.json	1448362800.0	125.35	2000	2349
snapshot_11_25_2015_0_0.json	1448427600.0	139.39	2000	2326
snapshot_11_25_2015_12_0.json	1448470800.0	137.05	2000	2287
snapshot_11_25_2015_18_0.json	1448492400.0	131.2	2000	2290
snapshot_11_25_2015_6_0.json	1448449200.0	137.05	2000	2311
snapshot_11_26_2015_0_0.json	1448514000.0	139.39	2000	2178
snapshot_11_27_2015_18_0.json	1448665200.0	119.5	2000	1743
snapshot_11_28_2015_0_0.json	1448686800.0	126.52	2000	1358
snapshot_11_28_2015_12_0.json	1448730000.0	142.9	2000	794
snapshot_11_28_2015_18_0.json	1448751600.0	148.75	2000	462
snapshot_11_28_2015_6_0.json	1448708400.0	119.5	2000	949
snapshot_11_29_2015_0_0.json	1448773200.0	0	0	0
snapshot_11_29_2015_12_0.json	1448816400.0	0	0	0
snapshot_11_29_2015_18_0.json	1448838000.0	0	0	0
snapshot_11_29_2015_6_0.json	1448794800.0	0	0	0
snapshot_11_30_2015_0_0.json	1448859600.0	0	0	0
snapshot_11_30_2015_12_0.json	1448902800.0	0	0	0
snapshot_11_30_2015_18_0.json	1448924400.0	0	0	0
snapshot_11_30_2015_6_0.json	1448881200.0	0	0	0
snapshot_12_1_2015_0_0.json	1448946000.0	0	0	0
snapshot_12_3_2015_0_0.json	1449118800.0	0	0	0
snapshot_12_3_2015_0_0.json	1449118800.0	0	0	0
snapshot_12_3_2015_12_0.json	1449162000.0	0	0	0
snapshot_12_4_2015_18_0.json	1449270000.0	0	0	0
snapshot_12_5_2015_0_0.json	1449291600.0	0	0	0
snapshot_12_5_2015_12_0.json	1449334800.0	0	0	0
9195205	2015-11-28T21:00:00Z	USC Trojans	Los Angeles Memorial Sports Arena and Coliseum	California Los Angeles Metro|10	90037
snapshot_11_16_2015_0_0.json	1447650000.0	137.05	2000	2412
snapshot_11_17_2015_0_0.json	1447736400.0	131.2	2000	2450
snapshot_11_17_2015_12_0.json	1447779600.0	139.39	2000	2461
snapshot_11_17_2015_18_0.json	1447801200.0	139.39	2000	2472
snapshot_11_17_2015_6_0.json	1447758000.0	125.35	2000	2465
snapshot_11_18_2015_0_0.json	1447822800.0	139.39	2000	2316
snapshot_11_18_2015_12_0.json	1447866000.0	119.5	2000	2277
snapshot_11_18_2015_18_0.json	1447887600.0	139.39	2000	2262
snapshot_11_18_2015_6_0.json	1447844400.0	119.5	2000	2303
snapshot_11_19_2015_0_0.json	1447909200.0	139.39	2000	2295
snapshot_11_19_2015_12_0.json	1447952400.0	139.39	2000	2308
snapshot_11_19_2015_6_0.json	1447930800.0	139.39	2000	2316
snapshot_11_20_2015_0_0.json	1447995600.0	139.39	2000	2322
snapshot_11_20_2015_12_0.json	1448038800.0	139.39	2000	2332
snapshot_11_21_2015_12_0.json	1448125200.0	131.2	2000	2289
snapshot_11_21_2015_18_0.json	1448146800.0	139.39	2000	2273
snapshot_11_22_2015_0_0.json	1448168400.0	139.39	2000	2161
snapshot_11_22_2015_12_0.json	1448211600.0	139.39	2000	2103
snapshot_11_22_2015_18_0.json	1448233200.0	137.05	2000	2109
snapshot_11_22_2015_6_0.json	1448190000.0	139.39	2000	2121
snapshot_11_23_2015_0_0.json	1448254800.0	139.39	2000	2070
snapshot_11_23_2015_12_0.json	1448298000.0	139.39	2000	2097
snapshot_11_23_2015_18_0.json	1448319600.0	139.39	2000	2115
snapshot_11_23_2015_6_0.json	1448276400.0	139.39	2000	2115
snapshot_11_24_2015_0_0.json	1448341200.0	119.27	2000	2239
snapshot_11_24_2015_12_0.json	1448384400.0	131.2	2000	2338
snapshot_11_24_2015_18_0.json	1448406000.0	139.39	2000	2369
snapshot_11_24_2015_6_0.json	1448362800.0	125.35	2000	2349
snapshot_11_25_2015_0_0.json	1448427600.0	139.39	2000	2326
snapshot_11_25_2015_12_0.json	1448470800.0	137.05	2000	2287
snapshot_11_25_2015_18_0.json	1448492400.0	131.2	2000	2290
snapshot_11_25_2015_6_0.json	1448449200.0	137.05	2000	2311
snapshot_11_26_2015_0_0.json	1448514000.0	139.39	2000	2178
snapshot_11_27_2015_18_0.json	1448665200.0	119.5	2000	1743
snapshot_11_28_2015_0_0.json	1448686800.0	126.52	2000	1358
snapshot_11_28_2015_12_0.json	1448730000.0	142.9	2000	794
snapshot_11_28_2015_18_0.json	1448751600.0	148.75	2000	462
snapshot_11_28_2015_6_0.json	1448708400.0	119.5	2000	949
snapshot_11_29_2015_0_0.json	1448773200.0	0	0	0
snapshot_11_29_2015_12_0.json	1448816400.0	0	0	0
snapshot_11_29_2015_18_0.json	1448838000.0	0	0	0
snapshot_11_29_2015_6_0.json	1448794800.0	0	0	0
snapshot_11_30_2015_0_0.json	1448859600.0	0	0	0
snapshot_11_30_2015_12_0.json	1448902800.0	0	0	0
snapshot_11_30_2015_18_0.json	1448924400.0	0	0	0
snapshot_11_30_2015_6_0.json	1448881200.0	0	0	0
snapshot_12_1_2015_0_0.json	1448946000.0	0	0	0
snapshot_12_3_2015_0_0.json	1449118800.0	0	0	0
snapshot_12_3_2015_0_0.json	1449118800.0	0	0	0
snapshot_12_3_2015_12_0.json	1449162000.0	0	0	0
snapshot_12_4_2015_18_0.json	1449270000.0	0	0	0
snapshot_12_5_2015_0_0.json	1449291600.0	0	0	0
snapshot_12_5_2015_12_0.json	1449334800.0	0	0	0
9195205	2015-11-28T21:00:00Z	USC Trojans	Los Angeles Memorial Sports Arena and Coliseum	California Los Angeles Metro|10	90037
snapshot_11_16_2015_0_0.json	1447650000.0	137.05	2000	2412
snapshot_11_17_2015_0_0.json	1447736400.0	131.2	2000	2450
snapshot_11_17_2015_12_0.json	1447779600.0	139.39	2000	2461
snapshot_11_17_2015_18_0.json	1447801200.0	139.39	2000	2472
snapshot_11_17_2015_6_0.json	1447758000.0	125.35	2000	2465
snapshot_11_18_2015_0_0.json	1447822800.0	139.39	2000	2316
snapshot_11_18_2015_12_0.json	1447866000.0	119.5	2000	2277
snapshot_11_18_2015_18_0.json	1447887600.0	139.39	2000	2262
snapshot_11_18_2015_6_0.json	1447844400.0	119.5	2000	2303
snapshot_11_19_2015_0_0.json	1447909200.0	139.39	2000	2295
snapshot_11_19_2015_12_0.json	1447952400.0	139.39	2000	2308
snapshot_11_19_2015_6_0.json	1447930800.0	139.39	2000	2316
snapshot_11_20_2015_0_0.json	1447995600.0	139.39	2000	2322
snapshot_11_20_2015_12_0.json	1448038800.0	139.39	2000	2332
snapshot_11_21_2015_12_0.json	1448125200.0	131.2	2000	2289
snapshot_11_21_2015_18_0.json	1448146800.0	139.39	2000	2273
snapshot_11_22_2015_0_0.json	1448168400.0	139.39	2000	2161
snapshot_11_22_2015_12_0.json	1448211600.0	139.39	2000	2103
snapshot_11_22_2015_18_0.json	1448233200.0	137.05	2000	2109
snapshot_11_22_2015_6_0.json	1448190000.0	139.39	2000	2121
snapshot_11_23_2015_0_0.json	1448254800.0	139.39	2000	2070
snapshot_11_23_2015_12_0.json	1448298000.0	139.39	2000	2097
snapshot_11_23_2015_18_0.json	1448319600.0	139.39	2000	2115
snapshot_11_23_2015_6_0.json	1448276400.0	139.39	2000	2115
snapshot_11_24_2015_0_0.json	1448341200.0	119.27	2000	2239
snapshot_11_24_2015_12_0.json	1448384400.0	131.2	2000	2338
snapshot_11_24_2015_18_0.json	1448406000.0	139.39	2000	2369
snapshot_11_24_2015_6_0.json	1448362800.0	125.35	2000	2349
snapshot_11_25_2015_0_0.json	1448427600.0	139.39	2000	2326
snapshot_11_25_2015_12_0.json	1448470800.0	137.05	2000	2287
snapshot_11_25_2015_18_0.json	1448492400.0	131.2	2000	2290
snapshot_11_25_2015_6_0.json	1448449200.0	137.05	2000	2311
snapshot_11_26_2015_0_0.json	1448514000.0	139.39	2000	2178
snapshot_11_27_2015_18_0.json	1448665200.0	119.5	2000	1743
snapshot_11_28_2015_0_0.json	1448686800.0	126.52	2000	1358
snapshot_11_28_2015_12_0.json	1448730000.0	142.9	2000	794
snapshot_11_28_2015_18_0.json	1448751600.0	148.75	2000	462
snapshot_11_28_2015_6_0.json	1448708400.0	119.5	2000	949
snapshot_11_29_2015_0_0.json	1448773200.0	0	0	0
snapshot_11_29_2015_12_0.json	1448816400.0	0	0	0
snapshot_11_29_2015_18_0.json	1448838000.0	0	0	0
snapshot_11_29_2015_6_0.json	1448794800.0	0	0	0
snapshot_11_30_2015_0_0.json	1448859600.0	0	0	0
snapshot_11_30_2015_12_0.json	1448902800.0	0	0	0
snapshot_11_30_2015_18_0.json	1448924400.0	0	0	0
snapshot_11_30_2015_6_0.json	1448881200.0	0	0	0
snapshot_12_1_2015_0_0.json	1448946000.0	0	0	0
snapshot_12_3_2015_0_0.json	1449118800.0	0	0	0
snapshot_12_3_2015_0_0.json	1449118800.0	0	0	0
snapshot_12_3_2015_12_0.json	1449162000.0	0	0	0
snapshot_12_4_2015_18_0.json	1449270000.0	0	0	0
snapshot_12_5_2015_0_0.json	1449291600.0	0	0	0
snapshot_12_5_2015_12_0.json	1449334800.0	0	0	0
9195205	2015-11-28T21:00:00Z	USC Trojans	Los Angeles Memorial Sports Arena and Coliseum	California Los Angeles Metro|10	90037
snapshot_11_16_2015_0_0.json	1447650000.0	137.05	2000	2412
snapshot_11_17_2015_0_0.json	1447736400.0	131.2	2000	2450
snapshot_11_17_2015_12_0.json	1447779600.0	139.39	2000	2461
snapshot_11_17_2015_18_0.json	1447801200.0	139.39	2000	2472
snapshot_11_17_2015_6_0.json	1447758000.0	125.35	2000	2465
snapshot_11_18_2015_0_0.json	1447822800.0	139.39	2000	2316
snapshot_11_18_2015_12_0.json	1447866000.0	119.5	2000	2277
snapshot_11_18_2015_18_0.json	1447887600.0	139.39	2000	2262
snapshot_11_18_2015_6_0.json	1447844400.0	119.5	2000	2303
snapshot_11_19_2015_0_0.json	1447909200.0	139.39	2000	2295
snapshot_11_19_2015_12_0.json	1447952400.0	139.39	2000	2308
snapshot_11_19_2015_6_0.json	1447930800.0	139.39	2000	2316
snapshot_11_20_2015_0_0.json	1447995600.0	139.39	2000	2322
snapshot_11_20_2015_12_0.json	1448038800.0	139.39	2000	2332
snapshot_11_21_2015_12_0.json	1448125200.0	131.2	2000	2289
snapshot_11_21_2015_18_0.json	1448146800.0	139.39	2000	2273
snapshot_11_22_2015_0_0.json	1448168400.0	139.39	2000	2161
snapshot_11_22_2015_12_0.json	1448211600.0	139.39	2000	2103
snapshot_11_22_2015_18_0.json	1448233200.0	137.05	2000	2109
snapshot_11_22_2015_6_0.json	1448190000.0	139.39	2000	2121
snapshot_11_23_2015_0_0.json	1448254800.0	139.39	2000	2070
snapshot_11_23_2015_12_0.json	1448298000.0	139.39	2000	2097
snapshot_11_23_2015_18_0.json	1448319600.0	139.39	2000	2115
snapshot_11_23_2015_6_0.json	1448276400.0	139.39	2000	2115
snapshot_11_24_2015_0_0.json	1448341200.0	119.27	2000	2239
snapshot_11_24_2015_12_0.json	1448384400.0	131.2	2000	2338
snapshot_11_24_2015_18_0.json	1448406000.0	139.39	2000	2369
snapshot_11_24_2015_6_0.json	1448362800.0	125.35	2000	2349
snapshot_11_25_2015_0_0.json	1448427600.0	139.39	2000	2326
snapshot_11_25_2015_12_0.json	1448470800.0	137.05	2000	2287
snapshot_11_25_2015_18_0.json	1448492400.0	131.2	2000	2290
snapshot_11_25_2015_6_0.json	1448449200.0	137.05	2000	2311
snapshot_11_26_2015_0_0.json	1448514000.0	139.39	2000	2178
snapshot_11_27_2015_18_0.json	1448665200.0	119.5	2000	1743
snapshot_11_28_2015_0_0.json	1448686800.0	126.52	2000	1358
snapshot_11_28_2015_12_0.json	1448730000.0	142.9	2000	794
snapshot_11_28_2015_18_0.json	1448751600.0	148.75	2000	462
snapshot_11_28_2015_6_0.json	1448708400.0	119.5	2000	949
snapshot_11_29_2015_0_0.json	1448773200.0	0	0	0
snapshot_11_29_2015_12_0.json	1448816400.0	0	0	0
snapshot_11_29_2015_18_0.json	1448838000.0	0	0	0
snapshot_11_29_2015_6_0.json	1448794800.0	0	0	0
snapshot_11_30_2015_0_0.json	1448859600.0	0	0	0
snapshot_11_30_2015_12_0.json	1448902800.0	0	0	0
snapshot_11_30_2015_18_0.json	1448924400.0	0	0	0
snapshot_11_30_2015_6_0.json	1448881200.0	0	0	0
snapshot_12_1_2015_0_0.json	1448946000.0	0	0	0
snapshot_12_3_2015_0_0.json	1449118800.0	0	0	0
snapshot_12_3_2015_0_0.json	1449118800.0	0	0	0
snapshot_12_3_2015_12_0.json	1449162000.0	0	0	0
snapshot_12_4_2015_18_0.json	1449270000.0	0	0	0
snapshot_12_5_2015_0_0.json	1449291600.0	0	0	0
snapshot_12_5_2015_12_0.json	1449334800.0	0	0	0
