9195230	2015-11-27T20:30:00Z	Washington Huskies	Husky Stadium	Washington Seattle|693	98195
snapshot_11_16_2015_0_0.json	1447650000.0	130.03	525	708
snapshot_11_17_2015_0_0.json	1447736400.0	130.03	525	693
snapshot_11_17_2015_12_0.json	1447779600.0	122.25	525	685
snapshot_11_17_2015_18_0.json	1447801200.0	122.25	525	649
snapshot_11_17_2015_18_0.json	1447801200.0	122.25	525	649
snapshot_11_17_2015_6_0.json	1447758000.0	122.25	525	689
snapshot_11_18_2015_0_0.json	1447822800.0	119.49	525	562
snapshot_11_18_2015_12_0.json	1447866000.0	116.4	490	585
snapshot_11_18_2015_18_0.json	1447887600.0	119.49	490	583
snapshot_11_18_2015_6_0.json	1447844400.0	116.4	490	583
snapshot_11_19_2015_0_0.json	1447909200.0	122.25	490	555
snapshot_11_19_2015_12_0.json	1447952400.0	130.03	490	611
snapshot_11_19_2015_6_0.json	1447930800.0	130.03	490	607
snapshot_11_20_2015_0_0.json	1447995600.0	98.85	490	580
snapshot_11_20_2015_12_0.json	1448038800.0	119.49	490	617
snapshot_11_21_2015_12_0.json	1448125200.0	116.4	475	593
snapshot_11_21_2015_18_0.json	1448146800.0	116.4	475	601
snapshot_11_22_2015_0_0.json	1448168400.0	122.25	475	560
snapshot_11_22_2015_12_0.json	1448211600.0	131.19	475	505
snapshot_11_22_2015_18_0.json	1448233200.0	131.19	475	490
snapshot_11_22_2015_6_0.json	1448190000.0	131.19	475	513
snapshot_11_22_2015_6_0.json	1448190000.0	131.19	475	513
snapshot_11_23_2015_0_0.json	1448254800.0	104.7	475	484
snapshot_11_23_2015_12_0.json	1448298000.0	116.4	475	472
snapshot_11_23_2015_18_0.json	1448319600.0	116.4	475	454
snapshot_11_23_2015_6_0.json	1448276400.0	132.78	475	456
snapshot_11_24_2015_0_0.json	1448341200.0	125.34	388.89	317
snapshot_11_24_2015_12_0.json	1448384400.0	125.35	388.89	326
snapshot_11_24_2015_12_0.json	1448384400.0	125.35	388.89	326
snapshot_11_24_2015_18_0.json	1448406000.0	125.35	425	303
snapshot_11_24_2015_6_0.json	1448362800.0	134.71	388.89	314
snapshot_11_25_2015_0_0.json	1448427600.0	141.73	500	363
snapshot_11_25_2015_12_0.json	1448470800.0	103.12	500	345
snapshot_11_25_2015_18_0.json	1448492400.0	131.2	500	324
snapshot_11_25_2015_6_0.json	1448449200.0	130.03	500	332
snapshot_11_26_2015_0_0.json	1448514000.0	119.5	500	359
snapshot_11_27_2015_18_0.json	1448665200.0	153.42	295	88
snapshot_11_28_2015_0_0.json	1448686800.0	0	0	0
snapshot_11_28_2015_12_0.json	1448730000.0	0	0	0
snapshot_11_28_2015_18_0.json	1448751600.0	0	0	0
snapshot_11_28_2015_6_0.json	1448708400.0	0	0	0
snapshot_11_29_2015_6_0.json	1448794800.0	0	0	0
snapshot_11_29_2015_6_0.json	1448794800.0	0	0	0
snapshot_12_3_2015_0_0.json	1449118800.0	0	0	0
snapshot_12_3_2015_0_0.json	1449118800.0	0	0	0
snapshot_12_3_2015_12_0.json	1449162000.0	0	0	0
snapshot_12_4_2015_0_0.json	1449205200.0	0	0	0
snapshot_12_4_2015_12_0.json	1449248400.0	0	0	0
snapshot_12_4_2015_6_0.json	1449226800.0	0	0	0
9195230	2015-11-27T20:30:00Z	Washington Huskies	Husky Stadium	Washington Seattle|693	98195
snapshot_11_16_2015_0_0.json	1447650000.0	130.03	525	708
snapshot_11_17_2015_0_0.json	1447736400.0	130.03	525	693
snapshot_11_17_2015_12_0.json	1447779600.0	122.25	525	685
snapshot_11_17_2015_18_0.json	1447801200.0	122.25	525	649
snapshot_11_17_2015_18_0.json	1447801200.0	122.25	525	649
snapshot_11_17_2015_6_0.json	1447758000.0	122.25	525	689
snapshot_11_18_2015_0_0.json	1447822800.0	119.49	525	562
snapshot_11_18_2015_12_0.json	1447866000.0	116.4	490	585
snapshot_11_18_2015_18_0.json	1447887600.0	119.49	490	583
snapshot_11_18_2015_6_0.json	1447844400.0	116.4	490	583
snapshot_11_19_2015_0_0.json	1447909200.0	122.25	490	555
snapshot_11_19_2015_12_0.json	1447952400.0	130.03	490	611
snapshot_11_19_2015_6_0.json	1447930800.0	130.03	490	607
snapshot_11_20_2015_0_0.json	1447995600.0	98.85	490	580
snapshot_11_20_2015_12_0.json	1448038800.0	119.49	490	617
snapshot_11_21_2015_12_0.json	1448125200.0	116.4	475	593
snapshot_11_21_2015_18_0.json	1448146800.0	116.4	475	601
snapshot_11_22_2015_0_0.json	1448168400.0	122.25	475	560
snapshot_11_22_2015_12_0.json	1448211600.0	131.19	475	505
snapshot_11_22_2015_18_0.json	1448233200.0	131.19	475	490
snapshot_11_22_2015_6_0.json	1448190000.0	131.19	475	513
snapshot_11_22_2015_6_0.json	1448190000.0	131.19	475	513
snapshot_11_23_2015_0_0.json	1448254800.0	104.7	475	484
snapshot_11_23_2015_12_0.json	1448298000.0	116.4	475	472
snapshot_11_23_2015_18_0.json	1448319600.0	116.4	475	454
snapshot_11_23_2015_6_0.json	1448276400.0	132.78	475	456
snapshot_11_24_2015_0_0.json	1448341200.0	125.34	388.89	317
snapshot_11_24_2015_12_0.json	1448384400.0	125.35	388.89	326
snapshot_11_24_2015_12_0.json	1448384400.0	125.35	388.89	326
snapshot_11_24_2015_18_0.json	1448406000.0	125.35	425	303
snapshot_11_24_2015_6_0.json	1448362800.0	134.71	388.89	314
snapshot_11_25_2015_0_0.json	1448427600.0	141.73	500	363
snapshot_11_25_2015_12_0.json	1448470800.0	103.12	500	345
snapshot_11_25_2015_18_0.json	1448492400.0	131.2	500	324
snapshot_11_25_2015_6_0.json	1448449200.0	130.03	500	332
snapshot_11_26_2015_0_0.json	1448514000.0	119.5	500	359
snapshot_11_27_2015_18_0.json	1448665200.0	153.42	295	88
snapshot_11_28_2015_0_0.json	1448686800.0	0	0	0
snapshot_11_28_2015_12_0.json	1448730000.0	0	0	0
snapshot_11_28_2015_18_0.json	1448751600.0	0	0	0
snapshot_11_28_2015_6_0.json	1448708400.0	0	0	0
snapshot_11_29_2015_6_0.json	1448794800.0	0	0	0
snapshot_11_29_2015_6_0.json	1448794800.0	0	0	0
snapshot_12_3_2015_0_0.json	1449118800.0	0	0	0
snapshot_12_3_2015_0_0.json	1449118800.0	0	0	0
snapshot_12_3_2015_12_0.json	1449162000.0	0	0	0
snapshot_12_4_2015_0_0.json	1449205200.0	0	0	0
snapshot_12_4_2015_12_0.json	1449248400.0	0	0	0
snapshot_12_4_2015_6_0.json	1449226800.0	0	0	0
9195230	2015-11-27T20:30:00Z	Washington Huskies	Husky Stadium	Washington Seattle|693	98195
snapshot_11_16_2015_0_0.json	1447650000.0	130.03	525	708
snapshot_11_17_2015_0_0.json	1447736400.0	130.03	525	693
snapshot_11_17_2015_12_0.json	1447779600.0	122.25	525	685
snapshot_11_17_2015_18_0.json	1447801200.0	122.25	525	649
snapshot_11_17_2015_18_0.json	1447801200.0	122.25	525	649
snapshot_11_17_2015_6_0.json	1447758000.0	122.25	525	689
snapshot_11_18_2015_0_0.json	1447822800.0	119.49	525	562
snapshot_11_18_2015_12_0.json	1447866000.0	116.4	490	585
snapshot_11_18_2015_18_0.json	1447887600.0	119.49	490	583
snapshot_11_18_2015_6_0.json	1447844400.0	116.4	490	583
snapshot_11_19_2015_0_0.json	1447909200.0	122.25	490	555
snapshot_11_19_2015_12_0.json	1447952400.0	130.03	490	611
snapshot_11_19_2015_6_0.json	1447930800.0	130.03	490	607
snapshot_11_20_2015_0_0.json	1447995600.0	98.85	490	580
snapshot_11_20_2015_12_0.json	1448038800.0	119.49	490	617
snapshot_11_21_2015_12_0.json	1448125200.0	116.4	475	593
snapshot_11_21_2015_18_0.json	1448146800.0	116.4	475	601
snapshot_11_22_2015_0_0.json	1448168400.0	122.25	475	560
snapshot_11_22_2015_12_0.json	1448211600.0	131.19	475	505
snapshot_11_22_2015_18_0.json	1448233200.0	131.19	475	490
snapshot_11_22_2015_6_0.json	1448190000.0	131.19	475	513
snapshot_11_22_2015_6_0.json	1448190000.0	131.19	475	513
snapshot_11_23_2015_0_0.json	1448254800.0	104.7	475	484
snapshot_11_23_2015_12_0.json	1448298000.0	116.4	475	472
snapshot_11_23_2015_18_0.json	1448319600.0	116.4	475	454
snapshot_11_23_2015_6_0.json	1448276400.0	132.78	475	456
snapshot_11_24_2015_0_0.json	1448341200.0	125.34	388.89	317
snapshot_11_24_2015_12_0.json	1448384400.0	125.35	388.89	326
snapshot_11_24_2015_12_0.json	1448384400.0	125.35	388.89	326
snapshot_11_24_2015_18_0.json	1448406000.0	125.35	425	303
snapshot_11_24_2015_6_0.json	1448362800.0	134.71	388.89	314
snapshot_11_25_2015_0_0.json	1448427600.0	141.73	500	363
snapshot_11_25_2015_12_0.json	1448470800.0	103.12	500	345
snapshot_11_25_2015_18_0.json	1448492400.0	131.2	500	324
snapshot_11_25_2015_6_0.json	1448449200.0	130.03	500	332
snapshot_11_26_2015_0_0.json	1448514000.0	119.5	500	359
snapshot_11_27_2015_18_0.json	1448665200.0	153.42	295	88
snapshot_11_28_2015_0_0.json	1448686800.0	0	0	0
snapshot_11_28_2015_12_0.json	1448730000.0	0	0	0
snapshot_11_28_2015_18_0.json	1448751600.0	0	0	0
snapshot_11_28_2015_6_0.json	1448708400.0	0	0	0
snapshot_11_29_2015_6_0.json	1448794800.0	0	0	0
snapshot_11_29_2015_6_0.json	1448794800.0	0	0	0
snapshot_12_3_2015_0_0.json	1449118800.0	0	0	0
snapshot_12_3_2015_0_0.json	1449118800.0	0	0	0
snapshot_12_3_2015_12_0.json	1449162000.0	0	0	0
snapshot_12_4_2015_0_0.json	1449205200.0	0	0	0
snapshot_12_4_2015_12_0.json	1449248400.0	0	0	0
snapshot_12_4_2015_6_0.json	1449226800.0	0	0	0
9195230	2015-11-27T20:30:00Z	Washington Huskies	Husky Stadium	Washington Seattle|693	98195
snapshot_11_16_2015_0_0.json	1447650000.0	130.03	525	708
snapshot_11_17_2015_0_0.json	1447736400.0	130.03	525	693
snapshot_11_17_2015_12_0.json	1447779600.0	122.25	525	685
snapshot_11_17_2015_18_0.json	1447801200.0	122.25	525	649
snapshot_11_17_2015_18_0.json	1447801200.0	122.25	525	649
snapshot_11_17_2015_6_0.json	1447758000.0	122.25	525	689
snapshot_11_18_2015_0_0.json	1447822800.0	119.49	525	562
snapshot_11_18_2015_12_0.json	1447866000.0	116.4	490	585
snapshot_11_18_2015_18_0.json	1447887600.0	119.49	490	583
snapshot_11_18_2015_6_0.json	1447844400.0	116.4	490	583
snapshot_11_19_2015_0_0.json	1447909200.0	122.25	490	555
snapshot_11_19_2015_12_0.json	1447952400.0	130.03	490	611
snapshot_11_19_2015_6_0.json	1447930800.0	130.03	490	607
snapshot_11_20_2015_0_0.json	1447995600.0	98.85	490	580
snapshot_11_20_2015_12_0.json	1448038800.0	119.49	490	617
snapshot_11_21_2015_12_0.json	1448125200.0	116.4	475	593
snapshot_11_21_2015_18_0.json	1448146800.0	116.4	475	601
snapshot_11_22_2015_0_0.json	1448168400.0	122.25	475	560
snapshot_11_22_2015_12_0.json	1448211600.0	131.19	475	505
snapshot_11_22_2015_18_0.json	1448233200.0	131.19	475	490
snapshot_11_22_2015_6_0.json	1448190000.0	131.19	475	513
snapshot_11_22_2015_6_0.json	1448190000.0	131.19	475	513
snapshot_11_23_2015_0_0.json	1448254800.0	104.7	475	484
snapshot_11_23_2015_12_0.json	1448298000.0	116.4	475	472
snapshot_11_23_2015_18_0.json	1448319600.0	116.4	475	454
snapshot_11_23_2015_6_0.json	1448276400.0	132.78	475	456
snapshot_11_24_2015_0_0.json	1448341200.0	125.34	388.89	317
snapshot_11_24_2015_12_0.json	1448384400.0	125.35	388.89	326
snapshot_11_24_2015_12_0.json	1448384400.0	125.35	388.89	326
snapshot_11_24_2015_18_0.json	1448406000.0	125.35	425	303
snapshot_11_24_2015_6_0.json	1448362800.0	134.71	388.89	314
snapshot_11_25_2015_0_0.json	1448427600.0	141.73	500	363
snapshot_11_25_2015_12_0.json	1448470800.0	103.12	500	345
snapshot_11_25_2015_18_0.json	1448492400.0	131.2	500	324
snapshot_11_25_2015_6_0.json	1448449200.0	130.03	500	332
snapshot_11_26_2015_0_0.json	1448514000.0	119.5	500	359
snapshot_11_27_2015_18_0.json	1448665200.0	153.42	295	88
snapshot_11_28_2015_0_0.json	1448686800.0	0	0	0
snapshot_11_28_2015_12_0.json	1448730000.0	0	0	0
snapshot_11_28_2015_18_0.json	1448751600.0	0	0	0
snapshot_11_28_2015_6_0.json	1448708400.0	0	0	0
snapshot_11_29_2015_6_0.json	1448794800.0	0	0	0
snapshot_11_29_2015_6_0.json	1448794800.0	0	0	0
snapshot_12_3_2015_0_0.json	1449118800.0	0	0	0
snapshot_12_3_2015_0_0.json	1449118800.0	0	0	0
snapshot_12_3_2015_12_0.json	1449162000.0	0	0	0
snapshot_12_4_2015_0_0.json	1449205200.0	0	0	0
snapshot_12_4_2015_12_0.json	1449248400.0	0	0	0
snapshot_12_4_2015_6_0.json	1449226800.0	0	0	0
