9195145	2015-11-28T00:30:00Z	TCU Horned Frogs	Amon G Carter Stadium	Texas Dallas|672	76129
snapshot_11_16_2015_0_0.json	1447650000.0	90.24	4999	1654
snapshot_11_17_2015_0_0.json	1447736400.0	90.24	4999	1628
snapshot_11_17_2015_12_0.json	1447779600.0	89.55	4999	1643
snapshot_11_17_2015_18_0.json	1447801200.0	89.55	4999	1644
snapshot_11_17_2015_6_0.json	1447758000.0	89.55	4999	1643
snapshot_11_17_2015_6_0.json	1447758000.0	89.55	4999	1643
snapshot_11_18_2015_0_0.json	1447822800.0	89.55	4999	1646
snapshot_11_18_2015_12_0.json	1447866000.0	89.54	4999	1669
snapshot_11_18_2015_18_0.json	1447887600.0	86.74	4999	1646
snapshot_11_18_2015_6_0.json	1447844400.0	89.54	4999	1666
snapshot_11_19_2015_0_0.json	1447909200.0	84.73	4999	1778
snapshot_11_19_2015_12_0.json	1447952400.0	84.72	4999	1774
snapshot_11_19_2015_6_0.json	1447930800.0	84.72	4999	1774
snapshot_11_20_2015_0_0.json	1447995600.0	84.72	4999	1772
snapshot_11_20_2015_12_0.json	1448038800.0	84.4	4999	1782
snapshot_11_21_2015_12_0.json	1448125200.0	84.27	4999	1756
snapshot_11_21_2015_18_0.json	1448146800.0	83.23	4999	1784
snapshot_11_22_2015_0_0.json	1448168400.0	84.27	4999	1813
snapshot_11_22_2015_12_0.json	1448211600.0	84.27	4999	1733
snapshot_11_22_2015_18_0.json	1448233200.0	84.27	4999	1763
snapshot_11_22_2015_6_0.json	1448190000.0	84.27	4999	1738
snapshot_11_23_2015_0_0.json	1448254800.0	84.27	4999	1756
snapshot_11_23_2015_12_0.json	1448298000.0	90.6	4999	1750
snapshot_11_23_2015_18_0.json	1448319600.0	80.88	6000	1815
snapshot_11_23_2015_6_0.json	1448276400.0	90.6	4999	1748
snapshot_11_24_2015_0_0.json	1448341200.0	85.57	4999	1789
snapshot_11_24_2015_12_0.json	1448384400.0	77.37	4999	1842
snapshot_11_24_2015_18_0.json	1448406000.0	61	4999	1891
snapshot_11_24_2015_6_0.json	1448362800.0	77.38	4999	1837
snapshot_11_25_2015_0_0.json	1448427600.0	60.99	4999	1960
snapshot_11_25_2015_12_0.json	1448470800.0	60.99	4999	1987
snapshot_11_25_2015_18_0.json	1448492400.0	55.15	4999	2045
snapshot_11_25_2015_6_0.json	1448449200.0	60.99	4999	1995
snapshot_11_26_2015_0_0.json	1448514000.0	43.45	5000	2067
snapshot_11_27_2015_18_0.json	1448665200.0	34.57	5000	1700
snapshot_11_28_2015_0_0.json	1448686800.0	20.05	4999	1195
snapshot_11_28_2015_12_0.json	1448730000.0	0	0	0
snapshot_11_28_2015_18_0.json	1448751600.0	0	0	0
snapshot_11_28_2015_6_0.json	1448708400.0	0	0	0
snapshot_11_29_2015_0_0.json	1448773200.0	0	0	0
snapshot_11_29_2015_12_0.json	1448816400.0	0	0	0
snapshot_11_29_2015_6_0.json	1448794800.0	0	0	0
snapshot_12_3_2015_0_0.json	1449118800.0	0	0	0
snapshot_12_3_2015_12_0.json	1449162000.0	0	0	0
snapshot_12_4_2015_0_0.json	1449205200.0	0	0	0
snapshot_12_4_2015_12_0.json	1449248400.0	0	0	0
snapshot_12_4_2015_6_0.json	1449226800.0	0	0	0
9195145	2015-11-28T00:30:00Z	TCU Horned Frogs	Amon G Carter Stadium	Texas Dallas|672	76129
snapshot_11_16_2015_0_0.json	1447650000.0	90.24	4999	1654
snapshot_11_17_2015_0_0.json	1447736400.0	90.24	4999	1628
snapshot_11_17_2015_12_0.json	1447779600.0	89.55	4999	1643
snapshot_11_17_2015_18_0.json	1447801200.0	89.55	4999	1644
snapshot_11_17_2015_6_0.json	1447758000.0	89.55	4999	1643
snapshot_11_17_2015_6_0.json	1447758000.0	89.55	4999	1643
snapshot_11_18_2015_0_0.json	1447822800.0	89.55	4999	1646
snapshot_11_18_2015_12_0.json	1447866000.0	89.54	4999	1669
snapshot_11_18_2015_18_0.json	1447887600.0	86.74	4999	1646
snapshot_11_18_2015_6_0.json	1447844400.0	89.54	4999	1666
snapshot_11_19_2015_0_0.json	1447909200.0	84.73	4999	1778
snapshot_11_19_2015_12_0.json	1447952400.0	84.72	4999	1774
snapshot_11_19_2015_6_0.json	1447930800.0	84.72	4999	1774
snapshot_11_20_2015_0_0.json	1447995600.0	84.72	4999	1772
snapshot_11_20_2015_12_0.json	1448038800.0	84.4	4999	1782
snapshot_11_21_2015_12_0.json	1448125200.0	84.27	4999	1756
snapshot_11_21_2015_18_0.json	1448146800.0	83.23	4999	1784
snapshot_11_22_2015_0_0.json	1448168400.0	84.27	4999	1813
snapshot_11_22_2015_12_0.json	1448211600.0	84.27	4999	1733
snapshot_11_22_2015_18_0.json	1448233200.0	84.27	4999	1763
snapshot_11_22_2015_6_0.json	1448190000.0	84.27	4999	1738
snapshot_11_23_2015_0_0.json	1448254800.0	84.27	4999	1756
snapshot_11_23_2015_12_0.json	1448298000.0	90.6	4999	1750
snapshot_11_23_2015_18_0.json	1448319600.0	80.88	6000	1815
snapshot_11_23_2015_6_0.json	1448276400.0	90.6	4999	1748
snapshot_11_24_2015_0_0.json	1448341200.0	85.57	4999	1789
snapshot_11_24_2015_12_0.json	1448384400.0	77.37	4999	1842
snapshot_11_24_2015_18_0.json	1448406000.0	61	4999	1891
snapshot_11_24_2015_6_0.json	1448362800.0	77.38	4999	1837
snapshot_11_25_2015_0_0.json	1448427600.0	60.99	4999	1960
snapshot_11_25_2015_12_0.json	1448470800.0	60.99	4999	1987
snapshot_11_25_2015_18_0.json	1448492400.0	55.15	4999	2045
snapshot_11_25_2015_6_0.json	1448449200.0	60.99	4999	1995
snapshot_11_26_2015_0_0.json	1448514000.0	43.45	5000	2067
snapshot_11_27_2015_18_0.json	1448665200.0	34.57	5000	1700
snapshot_11_28_2015_0_0.json	1448686800.0	20.05	4999	1195
snapshot_11_28_2015_12_0.json	1448730000.0	0	0	0
snapshot_11_28_2015_18_0.json	1448751600.0	0	0	0
snapshot_11_28_2015_6_0.json	1448708400.0	0	0	0
snapshot_11_29_2015_0_0.json	1448773200.0	0	0	0
snapshot_11_29_2015_12_0.json	1448816400.0	0	0	0
snapshot_11_29_2015_6_0.json	1448794800.0	0	0	0
snapshot_12_3_2015_0_0.json	1449118800.0	0	0	0
snapshot_12_3_2015_12_0.json	1449162000.0	0	0	0
snapshot_12_4_2015_0_0.json	1449205200.0	0	0	0
snapshot_12_4_2015_12_0.json	1449248400.0	0	0	0
snapshot_12_4_2015_6_0.json	1449226800.0	0	0	0
9195145	2015-11-28T00:30:00Z	TCU Horned Frogs	Amon G Carter Stadium	Texas Dallas|672	76129
snapshot_11_16_2015_0_0.json	1447650000.0	90.24	4999	1654
snapshot_11_17_2015_0_0.json	1447736400.0	90.24	4999	1628
snapshot_11_17_2015_12_0.json	1447779600.0	89.55	4999	1643
snapshot_11_17_2015_18_0.json	1447801200.0	89.55	4999	1644
snapshot_11_17_2015_6_0.json	1447758000.0	89.55	4999	1643
snapshot_11_17_2015_6_0.json	1447758000.0	89.55	4999	1643
snapshot_11_18_2015_0_0.json	1447822800.0	89.55	4999	1646
snapshot_11_18_2015_12_0.json	1447866000.0	89.54	4999	1669
snapshot_11_18_2015_18_0.json	1447887600.0	86.74	4999	1646
snapshot_11_18_2015_6_0.json	1447844400.0	89.54	4999	1666
snapshot_11_19_2015_0_0.json	1447909200.0	84.73	4999	1778
snapshot_11_19_2015_12_0.json	1447952400.0	84.72	4999	1774
snapshot_11_19_2015_6_0.json	1447930800.0	84.72	4999	1774
snapshot_11_20_2015_0_0.json	1447995600.0	84.72	4999	1772
snapshot_11_20_2015_12_0.json	1448038800.0	84.4	4999	1782
snapshot_11_21_2015_12_0.json	1448125200.0	84.27	4999	1756
snapshot_11_21_2015_18_0.json	1448146800.0	83.23	4999	1784
snapshot_11_22_2015_0_0.json	1448168400.0	84.27	4999	1813
snapshot_11_22_2015_12_0.json	1448211600.0	84.27	4999	1733
snapshot_11_22_2015_18_0.json	1448233200.0	84.27	4999	1763
snapshot_11_22_2015_6_0.json	1448190000.0	84.27	4999	1738
snapshot_11_23_2015_0_0.json	1448254800.0	84.27	4999	1756
snapshot_11_23_2015_12_0.json	1448298000.0	90.6	4999	1750
snapshot_11_23_2015_18_0.json	1448319600.0	80.88	6000	1815
snapshot_11_23_2015_6_0.json	1448276400.0	90.6	4999	1748
snapshot_11_24_2015_0_0.json	1448341200.0	85.57	4999	1789
snapshot_11_24_2015_12_0.json	1448384400.0	77.37	4999	1842
snapshot_11_24_2015_18_0.json	1448406000.0	61	4999	1891
snapshot_11_24_2015_6_0.json	1448362800.0	77.38	4999	1837
snapshot_11_25_2015_0_0.json	1448427600.0	60.99	4999	1960
snapshot_11_25_2015_12_0.json	1448470800.0	60.99	4999	1987
snapshot_11_25_2015_18_0.json	1448492400.0	55.15	4999	2045
snapshot_11_25_2015_6_0.json	1448449200.0	60.99	4999	1995
snapshot_11_26_2015_0_0.json	1448514000.0	43.45	5000	2067
snapshot_11_27_2015_18_0.json	1448665200.0	34.57	5000	1700
snapshot_11_28_2015_0_0.json	1448686800.0	20.05	4999	1195
snapshot_11_28_2015_12_0.json	1448730000.0	0	0	0
snapshot_11_28_2015_18_0.json	1448751600.0	0	0	0
snapshot_11_28_2015_6_0.json	1448708400.0	0	0	0
snapshot_11_29_2015_0_0.json	1448773200.0	0	0	0
snapshot_11_29_2015_12_0.json	1448816400.0	0	0	0
snapshot_11_29_2015_6_0.json	1448794800.0	0	0	0
snapshot_12_3_2015_0_0.json	1449118800.0	0	0	0
snapshot_12_3_2015_12_0.json	1449162000.0	0	0	0
snapshot_12_4_2015_0_0.json	1449205200.0	0	0	0
snapshot_12_4_2015_12_0.json	1449248400.0	0	0	0
snapshot_12_4_2015_6_0.json	1449226800.0	0	0	0
9195145	2015-11-28T00:30:00Z	TCU Horned Frogs	Amon G Carter Stadium	Texas Dallas|672	76129
snapshot_11_16_2015_0_0.json	1447650000.0	90.24	4999	1654
snapshot_11_17_2015_0_0.json	1447736400.0	90.24	4999	1628
snapshot_11_17_2015_12_0.json	1447779600.0	89.55	4999	1643
snapshot_11_17_2015_18_0.json	1447801200.0	89.55	4999	1644
snapshot_11_17_2015_6_0.json	1447758000.0	89.55	4999	1643
snapshot_11_17_2015_6_0.json	1447758000.0	89.55	4999	1643
snapshot_11_18_2015_0_0.json	1447822800.0	89.55	4999	1646
snapshot_11_18_2015_12_0.json	1447866000.0	89.54	4999	1669
snapshot_11_18_2015_18_0.json	1447887600.0	86.74	4999	1646
snapshot_11_18_2015_6_0.json	1447844400.0	89.54	4999	1666
snapshot_11_19_2015_0_0.json	1447909200.0	84.73	4999	1778
snapshot_11_19_2015_12_0.json	1447952400.0	84.72	4999	1774
snapshot_11_19_2015_6_0.json	1447930800.0	84.72	4999	1774
snapshot_11_20_2015_0_0.json	1447995600.0	84.72	4999	1772
snapshot_11_20_2015_12_0.json	1448038800.0	84.4	4999	1782
snapshot_11_21_2015_12_0.json	1448125200.0	84.27	4999	1756
snapshot_11_21_2015_18_0.json	1448146800.0	83.23	4999	1784
snapshot_11_22_2015_0_0.json	1448168400.0	84.27	4999	1813
snapshot_11_22_2015_12_0.json	1448211600.0	84.27	4999	1733
snapshot_11_22_2015_18_0.json	1448233200.0	84.27	4999	1763
snapshot_11_22_2015_6_0.json	1448190000.0	84.27	4999	1738
snapshot_11_23_2015_0_0.json	1448254800.0	84.27	4999	1756
snapshot_11_23_2015_12_0.json	1448298000.0	90.6	4999	1750
snapshot_11_23_2015_18_0.json	1448319600.0	80.88	6000	1815
snapshot_11_23_2015_6_0.json	1448276400.0	90.6	4999	1748
snapshot_11_24_2015_0_0.json	1448341200.0	85.57	4999	1789
snapshot_11_24_2015_12_0.json	1448384400.0	77.37	4999	1842
snapshot_11_24_2015_18_0.json	1448406000.0	61	4999	1891
snapshot_11_24_2015_6_0.json	1448362800.0	77.38	4999	1837
snapshot_11_25_2015_0_0.json	1448427600.0	60.99	4999	1960
snapshot_11_25_2015_12_0.json	1448470800.0	60.99	4999	1987
snapshot_11_25_2015_18_0.json	1448492400.0	55.15	4999	2045
snapshot_11_25_2015_6_0.json	1448449200.0	60.99	4999	1995
snapshot_11_26_2015_0_0.json	1448514000.0	43.45	5000	2067
snapshot_11_27_2015_18_0.json	1448665200.0	34.57	5000	1700
snapshot_11_28_2015_0_0.json	1448686800.0	20.05	4999	1195
snapshot_11_28_2015_12_0.json	1448730000.0	0	0	0
snapshot_11_28_2015_18_0.json	1448751600.0	0	0	0
snapshot_11_28_2015_6_0.json	1448708400.0	0	0	0
snapshot_11_29_2015_0_0.json	1448773200.0	0	0	0
snapshot_11_29_2015_12_0.json	1448816400.0	0	0	0
snapshot_11_29_2015_6_0.json	1448794800.0	0	0	0
snapshot_12_3_2015_0_0.json	1449118800.0	0	0	0
snapshot_12_3_2015_12_0.json	1449162000.0	0	0	0
snapshot_12_4_2015_0_0.json	1449205200.0	0	0	0
snapshot_12_4_2015_12_0.json	1449248400.0	0	0	0
snapshot_12_4_2015_6_0.json	1449226800.0	0	0	0
