9195973	2015-11-27T20:30:00Z	Nebraska Cornhuskers	Memorial Stadium Nebraska	Nebraska Lincoln|5530	68588
snapshot_11_16_2015_0_0.json	1447650000.0	124.18	850	586
snapshot_11_17_2015_0_0.json	1447736400.0	132.5	850	555
snapshot_11_17_2015_12_0.json	1447779600.0	132.5	5000	525
snapshot_11_17_2015_18_0.json	1447801200.0	132.5	850	508
snapshot_11_17_2015_18_0.json	1447801200.0	132.5	850	508
snapshot_11_17_2015_6_0.json	1447758000.0	132.5	900	523
snapshot_11_17_2015_6_0.json	1447758000.0	132.5	900	523
snapshot_11_18_2015_0_0.json	1447822800.0	132.5	850	502
snapshot_11_18_2015_0_0.json	1447822800.0	132.5	850	502
snapshot_11_18_2015_12_0.json	1447866000.0	132.37	850	493
snapshot_11_18_2015_18_0.json	1447887600.0	132.37	850	472
snapshot_11_18_2015_6_0.json	1447844400.0	132.37	850	496
snapshot_11_19_2015_0_0.json	1447909200.0	119.5	850	437
snapshot_11_19_2015_12_0.json	1447952400.0	119.5	605	429
snapshot_11_19_2015_6_0.json	1447930800.0	119.5	605	423
snapshot_11_20_2015_0_0.json	1447995600.0	132.37	605	379
snapshot_11_20_2015_12_0.json	1448038800.0	132.37	605	387
snapshot_11_21_2015_12_0.json	1448125200.0	131.2	750	393
snapshot_11_21_2015_18_0.json	1448146800.0	131.2	750	393
snapshot_11_22_2015_0_0.json	1448168400.0	131.2	750	362
snapshot_11_22_2015_12_0.json	1448211600.0	131.2	760	351
snapshot_11_22_2015_18_0.json	1448233200.0	119.5	760	344
snapshot_11_22_2015_6_0.json	1448190000.0	131.2	760	346
snapshot_11_23_2015_0_0.json	1448254800.0	101.95	760	351
snapshot_11_23_2015_12_0.json	1448298000.0	101.95	750	348
snapshot_11_23_2015_18_0.json	1448319600.0	113.65	750	322
snapshot_11_23_2015_6_0.json	1448276400.0	101.95	750	351
snapshot_11_24_2015_0_0.json	1448341200.0	154.6	900	418
snapshot_11_24_2015_12_0.json	1448384400.0	148.75	750	431
snapshot_11_24_2015_18_0.json	1448406000.0	154.6	750	406
snapshot_11_24_2015_6_0.json	1448362800.0	148.75	750	431
snapshot_11_25_2015_0_0.json	1448427600.0	142.9	750	420
snapshot_11_25_2015_12_0.json	1448470800.0	124.18	750	448
snapshot_11_25_2015_18_0.json	1448492400.0	142.32	750	405
snapshot_11_25_2015_6_0.json	1448449200.0	124.18	750	452
snapshot_11_26_2015_0_0.json	1448514000.0	140	750	394
snapshot_11_27_2015_18_0.json	1448665200.0	49.3	999.88	171
snapshot_11_28_2015_0_0.json	1448686800.0	0	0	0
snapshot_11_28_2015_12_0.json	1448730000.0	0	0	0
snapshot_11_28_2015_18_0.json	1448751600.0	0	0	0
snapshot_11_28_2015_6_0.json	1448708400.0	0	0	0
snapshot_11_29_2015_0_0.json	1448773200.0	0	0	0
snapshot_11_29_2015_12_0.json	1448816400.0	0	0	0
snapshot_11_29_2015_18_0.json	1448838000.0	0	0	0
snapshot_11_29_2015_6_0.json	1448794800.0	0	0	0
snapshot_11_30_2015_0_0.json	1448859600.0	0	0	0
snapshot_11_30_2015_12_0.json	1448902800.0	0	0	0
snapshot_11_30_2015_6_0.json	1448881200.0	0	0	0
snapshot_12_3_2015_0_0.json	1449118800.0	0	0	0
snapshot_12_3_2015_0_0.json	1449118800.0	0	0	0
snapshot_12_3_2015_12_0.json	1449162000.0	0	0	0
9195973	2015-11-27T20:30:00Z	Nebraska Cornhuskers	Memorial Stadium Nebraska	Nebraska Lincoln|5530	68588
snapshot_11_16_2015_0_0.json	1447650000.0	124.18	850	586
snapshot_11_17_2015_0_0.json	1447736400.0	132.5	850	555
snapshot_11_17_2015_12_0.json	1447779600.0	132.5	5000	525
snapshot_11_17_2015_18_0.json	1447801200.0	132.5	850	508
snapshot_11_17_2015_18_0.json	1447801200.0	132.5	850	508
snapshot_11_17_2015_6_0.json	1447758000.0	132.5	900	523
snapshot_11_17_2015_6_0.json	1447758000.0	132.5	900	523
snapshot_11_18_2015_0_0.json	1447822800.0	132.5	850	502
snapshot_11_18_2015_0_0.json	1447822800.0	132.5	850	502
snapshot_11_18_2015_12_0.json	1447866000.0	132.37	850	493
snapshot_11_18_2015_18_0.json	1447887600.0	132.37	850	472
snapshot_11_18_2015_6_0.json	1447844400.0	132.37	850	496
snapshot_11_19_2015_0_0.json	1447909200.0	119.5	850	437
snapshot_11_19_2015_12_0.json	1447952400.0	119.5	605	429
snapshot_11_19_2015_6_0.json	1447930800.0	119.5	605	423
snapshot_11_20_2015_0_0.json	1447995600.0	132.37	605	379
snapshot_11_20_2015_12_0.json	1448038800.0	132.37	605	387
snapshot_11_21_2015_12_0.json	1448125200.0	131.2	750	393
snapshot_11_21_2015_18_0.json	1448146800.0	131.2	750	393
snapshot_11_22_2015_0_0.json	1448168400.0	131.2	750	362
snapshot_11_22_2015_12_0.json	1448211600.0	131.2	760	351
snapshot_11_22_2015_18_0.json	1448233200.0	119.5	760	344
snapshot_11_22_2015_6_0.json	1448190000.0	131.2	760	346
snapshot_11_23_2015_0_0.json	1448254800.0	101.95	760	351
snapshot_11_23_2015_12_0.json	1448298000.0	101.95	750	348
snapshot_11_23_2015_18_0.json	1448319600.0	113.65	750	322
snapshot_11_23_2015_6_0.json	1448276400.0	101.95	750	351
snapshot_11_24_2015_0_0.json	1448341200.0	154.6	900	418
snapshot_11_24_2015_12_0.json	1448384400.0	148.75	750	431
snapshot_11_24_2015_18_0.json	1448406000.0	154.6	750	406
snapshot_11_24_2015_6_0.json	1448362800.0	148.75	750	431
snapshot_11_25_2015_0_0.json	1448427600.0	142.9	750	420
snapshot_11_25_2015_12_0.json	1448470800.0	124.18	750	448
snapshot_11_25_2015_18_0.json	1448492400.0	142.32	750	405
snapshot_11_25_2015_6_0.json	1448449200.0	124.18	750	452
snapshot_11_26_2015_0_0.json	1448514000.0	140	750	394
snapshot_11_27_2015_18_0.json	1448665200.0	49.3	999.88	171
snapshot_11_28_2015_0_0.json	1448686800.0	0	0	0
snapshot_11_28_2015_12_0.json	1448730000.0	0	0	0
snapshot_11_28_2015_18_0.json	1448751600.0	0	0	0
snapshot_11_28_2015_6_0.json	1448708400.0	0	0	0
snapshot_11_29_2015_0_0.json	1448773200.0	0	0	0
snapshot_11_29_2015_12_0.json	1448816400.0	0	0	0
snapshot_11_29_2015_18_0.json	1448838000.0	0	0	0
snapshot_11_29_2015_6_0.json	1448794800.0	0	0	0
snapshot_11_30_2015_0_0.json	1448859600.0	0	0	0
snapshot_11_30_2015_12_0.json	1448902800.0	0	0	0
snapshot_11_30_2015_6_0.json	1448881200.0	0	0	0
snapshot_12_3_2015_0_0.json	1449118800.0	0	0	0
snapshot_12_3_2015_0_0.json	1449118800.0	0	0	0
snapshot_12_3_2015_12_0.json	1449162000.0	0	0	0
9195973	2015-11-27T20:30:00Z	Nebraska Cornhuskers	Memorial Stadium Nebraska	Nebraska Lincoln|5530	68588
snapshot_11_16_2015_0_0.json	1447650000.0	124.18	850	586
snapshot_11_17_2015_0_0.json	1447736400.0	132.5	850	555
snapshot_11_17_2015_12_0.json	1447779600.0	132.5	5000	525
snapshot_11_17_2015_18_0.json	1447801200.0	132.5	850	508
snapshot_11_17_2015_18_0.json	1447801200.0	132.5	850	508
snapshot_11_17_2015_6_0.json	1447758000.0	132.5	900	523
snapshot_11_17_2015_6_0.json	1447758000.0	132.5	900	523
snapshot_11_18_2015_0_0.json	1447822800.0	132.5	850	502
snapshot_11_18_2015_0_0.json	1447822800.0	132.5	850	502
snapshot_11_18_2015_12_0.json	1447866000.0	132.37	850	493
snapshot_11_18_2015_18_0.json	1447887600.0	132.37	850	472
snapshot_11_18_2015_6_0.json	1447844400.0	132.37	850	496
snapshot_11_19_2015_0_0.json	1447909200.0	119.5	850	437
snapshot_11_19_2015_12_0.json	1447952400.0	119.5	605	429
snapshot_11_19_2015_6_0.json	1447930800.0	119.5	605	423
snapshot_11_20_2015_0_0.json	1447995600.0	132.37	605	379
snapshot_11_20_2015_12_0.json	1448038800.0	132.37	605	387
snapshot_11_21_2015_12_0.json	1448125200.0	131.2	750	393
snapshot_11_21_2015_18_0.json	1448146800.0	131.2	750	393
snapshot_11_22_2015_0_0.json	1448168400.0	131.2	750	362
snapshot_11_22_2015_12_0.json	1448211600.0	131.2	760	351
snapshot_11_22_2015_18_0.json	1448233200.0	119.5	760	344
snapshot_11_22_2015_6_0.json	1448190000.0	131.2	760	346
snapshot_11_23_2015_0_0.json	1448254800.0	101.95	760	351
snapshot_11_23_2015_12_0.json	1448298000.0	101.95	750	348
snapshot_11_23_2015_18_0.json	1448319600.0	113.65	750	322
snapshot_11_23_2015_6_0.json	1448276400.0	101.95	750	351
snapshot_11_24_2015_0_0.json	1448341200.0	154.6	900	418
snapshot_11_24_2015_12_0.json	1448384400.0	148.75	750	431
snapshot_11_24_2015_18_0.json	1448406000.0	154.6	750	406
snapshot_11_24_2015_6_0.json	1448362800.0	148.75	750	431
snapshot_11_25_2015_0_0.json	1448427600.0	142.9	750	420
snapshot_11_25_2015_12_0.json	1448470800.0	124.18	750	448
snapshot_11_25_2015_18_0.json	1448492400.0	142.32	750	405
snapshot_11_25_2015_6_0.json	1448449200.0	124.18	750	452
snapshot_11_26_2015_0_0.json	1448514000.0	140	750	394
snapshot_11_27_2015_18_0.json	1448665200.0	49.3	999.88	171
snapshot_11_28_2015_0_0.json	1448686800.0	0	0	0
snapshot_11_28_2015_12_0.json	1448730000.0	0	0	0
snapshot_11_28_2015_18_0.json	1448751600.0	0	0	0
snapshot_11_28_2015_6_0.json	1448708400.0	0	0	0
snapshot_11_29_2015_0_0.json	1448773200.0	0	0	0
snapshot_11_29_2015_12_0.json	1448816400.0	0	0	0
snapshot_11_29_2015_18_0.json	1448838000.0	0	0	0
snapshot_11_29_2015_6_0.json	1448794800.0	0	0	0
snapshot_11_30_2015_0_0.json	1448859600.0	0	0	0
snapshot_11_30_2015_12_0.json	1448902800.0	0	0	0
snapshot_11_30_2015_6_0.json	1448881200.0	0	0	0
snapshot_12_3_2015_0_0.json	1449118800.0	0	0	0
snapshot_12_3_2015_0_0.json	1449118800.0	0	0	0
snapshot_12_3_2015_12_0.json	1449162000.0	0	0	0
9195973	2015-11-27T20:30:00Z	Nebraska Cornhuskers	Memorial Stadium Nebraska	Nebraska Lincoln|5530	68588
snapshot_11_16_2015_0_0.json	1447650000.0	124.18	850	586
snapshot_11_17_2015_0_0.json	1447736400.0	132.5	850	555
snapshot_11_17_2015_12_0.json	1447779600.0	132.5	5000	525
snapshot_11_17_2015_18_0.json	1447801200.0	132.5	850	508
snapshot_11_17_2015_18_0.json	1447801200.0	132.5	850	508
snapshot_11_17_2015_6_0.json	1447758000.0	132.5	900	523
snapshot_11_17_2015_6_0.json	1447758000.0	132.5	900	523
snapshot_11_18_2015_0_0.json	1447822800.0	132.5	850	502
snapshot_11_18_2015_0_0.json	1447822800.0	132.5	850	502
snapshot_11_18_2015_12_0.json	1447866000.0	132.37	850	493
snapshot_11_18_2015_18_0.json	1447887600.0	132.37	850	472
snapshot_11_18_2015_6_0.json	1447844400.0	132.37	850	496
snapshot_11_19_2015_0_0.json	1447909200.0	119.5	850	437
snapshot_11_19_2015_12_0.json	1447952400.0	119.5	605	429
snapshot_11_19_2015_6_0.json	1447930800.0	119.5	605	423
snapshot_11_20_2015_0_0.json	1447995600.0	132.37	605	379
snapshot_11_20_2015_12_0.json	1448038800.0	132.37	605	387
snapshot_11_21_2015_12_0.json	1448125200.0	131.2	750	393
snapshot_11_21_2015_18_0.json	1448146800.0	131.2	750	393
snapshot_11_22_2015_0_0.json	1448168400.0	131.2	750	362
snapshot_11_22_2015_12_0.json	1448211600.0	131.2	760	351
snapshot_11_22_2015_18_0.json	1448233200.0	119.5	760	344
snapshot_11_22_2015_6_0.json	1448190000.0	131.2	760	346
snapshot_11_23_2015_0_0.json	1448254800.0	101.95	760	351
snapshot_11_23_2015_12_0.json	1448298000.0	101.95	750	348
snapshot_11_23_2015_18_0.json	1448319600.0	113.65	750	322
snapshot_11_23_2015_6_0.json	1448276400.0	101.95	750	351
snapshot_11_24_2015_0_0.json	1448341200.0	154.6	900	418
snapshot_11_24_2015_12_0.json	1448384400.0	148.75	750	431
snapshot_11_24_2015_18_0.json	1448406000.0	154.6	750	406
snapshot_11_24_2015_6_0.json	1448362800.0	148.75	750	431
snapshot_11_25_2015_0_0.json	1448427600.0	142.9	750	420
snapshot_11_25_2015_12_0.json	1448470800.0	124.18	750	448
snapshot_11_25_2015_18_0.json	1448492400.0	142.32	750	405
snapshot_11_25_2015_6_0.json	1448449200.0	124.18	750	452
snapshot_11_26_2015_0_0.json	1448514000.0	140	750	394
snapshot_11_27_2015_18_0.json	1448665200.0	49.3	999.88	171
snapshot_11_28_2015_0_0.json	1448686800.0	0	0	0
snapshot_11_28_2015_12_0.json	1448730000.0	0	0	0
snapshot_11_28_2015_18_0.json	1448751600.0	0	0	0
snapshot_11_28_2015_6_0.json	1448708400.0	0	0	0
snapshot_11_29_2015_0_0.json	1448773200.0	0	0	0
snapshot_11_29_2015_12_0.json	1448816400.0	0	0	0
snapshot_11_29_2015_18_0.json	1448838000.0	0	0	0
snapshot_11_29_2015_6_0.json	1448794800.0	0	0	0
snapshot_11_30_2015_0_0.json	1448859600.0	0	0	0
snapshot_11_30_2015_12_0.json	1448902800.0	0	0	0
snapshot_11_30_2015_6_0.json	1448881200.0	0	0	0
snapshot_12_3_2015_0_0.json	1449118800.0	0	0	0
snapshot_12_3_2015_0_0.json	1449118800.0	0	0	0
snapshot_12_3_2015_12_0.json	1449162000.0	0	0	0
