9195126	2015-11-27T20:30:00Z	Oregon Ducks	Autzen Stadium	Oregon Portland|704	97401
snapshot_11_16_2015_0_0.json	1447650000.0	72.12	1111.11	2025
snapshot_11_17_2015_0_0.json	1447736400.0	72.12	1111.11	2037
snapshot_11_17_2015_12_0.json	1447779600.0	66.85	1111.11	2051
snapshot_11_17_2015_18_0.json	1447801200.0	66.85	1111.11	2040
snapshot_11_17_2015_6_0.json	1447758000.0	66.85	1111.11	2060
snapshot_11_17_2015_6_0.json	1447758000.0	66.85	1111.11	2060
snapshot_11_18_2015_0_0.json	1447822800.0	68.02	1111.11	2056
snapshot_11_18_2015_12_0.json	1447866000.0	69.19	1111.11	2012
snapshot_11_18_2015_18_0.json	1447887600.0	66.85	1111.11	2009
snapshot_11_18_2015_6_0.json	1447844400.0	69.19	1111.11	2009
snapshot_11_19_2015_0_0.json	1447909200.0	66.27	1111.11	1949
snapshot_11_19_2015_12_0.json	1447952400.0	70.36	1111.11	1945
snapshot_11_19_2015_6_0.json	1447930800.0	66.27	1111.11	1931
snapshot_11_20_2015_0_0.json	1447995600.0	58.66	1111.11	1974
snapshot_11_20_2015_12_0.json	1448038800.0	51.64	1111.11	1953
snapshot_11_21_2015_12_0.json	1448125200.0	61	1111.11	1933
snapshot_11_21_2015_18_0.json	1448146800.0	61	1111.11	1911
snapshot_11_22_2015_0_0.json	1448168400.0	62.17	1111.11	1862
snapshot_11_22_2015_12_0.json	1448211600.0	62.17	1111.11	1831
snapshot_11_22_2015_18_0.json	1448233200.0	61	1111.11	1822
snapshot_11_22_2015_6_0.json	1448190000.0	62.17	1111.11	1834
snapshot_11_23_2015_0_0.json	1448254800.0	63.34	1111.11	1797
snapshot_11_23_2015_12_0.json	1448298000.0	57.3	1111.11	1749
snapshot_11_23_2015_18_0.json	1448319600.0	59.83	1111.11	1742
snapshot_11_23_2015_6_0.json	1448276400.0	57.3	1111.11	1749
snapshot_11_24_2015_0_0.json	1448341200.0	58.66	1111.11	1803
snapshot_11_24_2015_12_0.json	1448384400.0	58.66	1111.11	1795
snapshot_11_24_2015_18_0.json	1448406000.0	55.15	1111.11	1809
snapshot_11_24_2015_6_0.json	1448362800.0	58.66	1111.11	1806
snapshot_11_25_2015_0_0.json	1448427600.0	49.3	1111.11	1755
snapshot_11_25_2015_12_0.json	1448470800.0	54.57	1111.11	1679
snapshot_11_25_2015_18_0.json	1448492400.0	49.29	1111.11	1660
snapshot_11_25_2015_6_0.json	1448449200.0	54.57	1111.11	1710
snapshot_11_26_2015_0_0.json	1448514000.0	44.62	1111.11	1591
snapshot_11_27_2015_18_0.json	1448665200.0	32.92	1111.11	887
snapshot_11_28_2015_0_0.json	1448686800.0	0	0	0
snapshot_11_28_2015_12_0.json	1448730000.0	0	0	0
snapshot_11_28_2015_18_0.json	1448751600.0	0	0	0
snapshot_11_28_2015_6_0.json	1448708400.0	0	0	0
snapshot_11_29_2015_0_0.json	1448773200.0	0	0	0
snapshot_11_29_2015_12_0.json	1448816400.0	0	0	0
snapshot_11_29_2015_18_0.json	1448838000.0	0	0	0
snapshot_11_29_2015_6_0.json	1448794800.0	0	0	0
snapshot_11_30_2015_0_0.json	1448859600.0	0	0	0
snapshot_11_30_2015_12_0.json	1448902800.0	0	0	0
snapshot_11_30_2015_6_0.json	1448881200.0	0	0	0
snapshot_12_3_2015_0_0.json	1449118800.0	0	0	0
snapshot_12_3_2015_12_0.json	1449162000.0	0	0	0
snapshot_12_5_2015_0_0.json	1449291600.0	0	0	0
snapshot_12_5_2015_12_0.json	1449334800.0	0	0	0
9195126	2015-11-27T20:30:00Z	Oregon Ducks	Autzen Stadium	Oregon Portland|704	97401
snapshot_11_16_2015_0_0.json	1447650000.0	72.12	1111.11	2025
snapshot_11_17_2015_0_0.json	1447736400.0	72.12	1111.11	2037
snapshot_11_17_2015_12_0.json	1447779600.0	66.85	1111.11	2051
snapshot_11_17_2015_18_0.json	1447801200.0	66.85	1111.11	2040
snapshot_11_17_2015_6_0.json	1447758000.0	66.85	1111.11	2060
snapshot_11_17_2015_6_0.json	1447758000.0	66.85	1111.11	2060
snapshot_11_18_2015_0_0.json	1447822800.0	68.02	1111.11	2056
snapshot_11_18_2015_12_0.json	1447866000.0	69.19	1111.11	2012
snapshot_11_18_2015_18_0.json	1447887600.0	66.85	1111.11	2009
snapshot_11_18_2015_6_0.json	1447844400.0	69.19	1111.11	2009
snapshot_11_19_2015_0_0.json	1447909200.0	66.27	1111.11	1949
snapshot_11_19_2015_12_0.json	1447952400.0	70.36	1111.11	1945
snapshot_11_19_2015_6_0.json	1447930800.0	66.27	1111.11	1931
snapshot_11_20_2015_0_0.json	1447995600.0	58.66	1111.11	1974
snapshot_11_20_2015_12_0.json	1448038800.0	51.64	1111.11	1953
snapshot_11_21_2015_12_0.json	1448125200.0	61	1111.11	1933
snapshot_11_21_2015_18_0.json	1448146800.0	61	1111.11	1911
snapshot_11_22_2015_0_0.json	1448168400.0	62.17	1111.11	1862
snapshot_11_22_2015_12_0.json	1448211600.0	62.17	1111.11	1831
snapshot_11_22_2015_18_0.json	1448233200.0	61	1111.11	1822
snapshot_11_22_2015_6_0.json	1448190000.0	62.17	1111.11	1834
snapshot_11_23_2015_0_0.json	1448254800.0	63.34	1111.11	1797
snapshot_11_23_2015_12_0.json	1448298000.0	57.3	1111.11	1749
snapshot_11_23_2015_18_0.json	1448319600.0	59.83	1111.11	1742
snapshot_11_23_2015_6_0.json	1448276400.0	57.3	1111.11	1749
snapshot_11_24_2015_0_0.json	1448341200.0	58.66	1111.11	1803
snapshot_11_24_2015_12_0.json	1448384400.0	58.66	1111.11	1795
snapshot_11_24_2015_18_0.json	1448406000.0	55.15	1111.11	1809
snapshot_11_24_2015_6_0.json	1448362800.0	58.66	1111.11	1806
snapshot_11_25_2015_0_0.json	1448427600.0	49.3	1111.11	1755
snapshot_11_25_2015_12_0.json	1448470800.0	54.57	1111.11	1679
snapshot_11_25_2015_18_0.json	1448492400.0	49.29	1111.11	1660
snapshot_11_25_2015_6_0.json	1448449200.0	54.57	1111.11	1710
snapshot_11_26_2015_0_0.json	1448514000.0	44.62	1111.11	1591
snapshot_11_27_2015_18_0.json	1448665200.0	32.92	1111.11	887
snapshot_11_28_2015_0_0.json	1448686800.0	0	0	0
snapshot_11_28_2015_12_0.json	1448730000.0	0	0	0
snapshot_11_28_2015_18_0.json	1448751600.0	0	0	0
snapshot_11_28_2015_6_0.json	1448708400.0	0	0	0
snapshot_11_29_2015_0_0.json	1448773200.0	0	0	0
snapshot_11_29_2015_12_0.json	1448816400.0	0	0	0
snapshot_11_29_2015_18_0.json	1448838000.0	0	0	0
snapshot_11_29_2015_6_0.json	1448794800.0	0	0	0
snapshot_11_30_2015_0_0.json	1448859600.0	0	0	0
snapshot_11_30_2015_12_0.json	1448902800.0	0	0	0
snapshot_11_30_2015_6_0.json	1448881200.0	0	0	0
snapshot_12_3_2015_0_0.json	1449118800.0	0	0	0
snapshot_12_3_2015_12_0.json	1449162000.0	0	0	0
snapshot_12_5_2015_0_0.json	1449291600.0	0	0	0
snapshot_12_5_2015_12_0.json	1449334800.0	0	0	0
9195126	2015-11-27T20:30:00Z	Oregon Ducks	Autzen Stadium	Oregon Portland|704	97401
snapshot_11_16_2015_0_0.json	1447650000.0	72.12	1111.11	2025
snapshot_11_17_2015_0_0.json	1447736400.0	72.12	1111.11	2037
snapshot_11_17_2015_12_0.json	1447779600.0	66.85	1111.11	2051
snapshot_11_17_2015_18_0.json	1447801200.0	66.85	1111.11	2040
snapshot_11_17_2015_6_0.json	1447758000.0	66.85	1111.11	2060
snapshot_11_17_2015_6_0.json	1447758000.0	66.85	1111.11	2060
snapshot_11_18_2015_0_0.json	1447822800.0	68.02	1111.11	2056
snapshot_11_18_2015_12_0.json	1447866000.0	69.19	1111.11	2012
snapshot_11_18_2015_18_0.json	1447887600.0	66.85	1111.11	2009
snapshot_11_18_2015_6_0.json	1447844400.0	69.19	1111.11	2009
snapshot_11_19_2015_0_0.json	1447909200.0	66.27	1111.11	1949
snapshot_11_19_2015_12_0.json	1447952400.0	70.36	1111.11	1945
snapshot_11_19_2015_6_0.json	1447930800.0	66.27	1111.11	1931
snapshot_11_20_2015_0_0.json	1447995600.0	58.66	1111.11	1974
snapshot_11_20_2015_12_0.json	1448038800.0	51.64	1111.11	1953
snapshot_11_21_2015_12_0.json	1448125200.0	61	1111.11	1933
snapshot_11_21_2015_18_0.json	1448146800.0	61	1111.11	1911
snapshot_11_22_2015_0_0.json	1448168400.0	62.17	1111.11	1862
snapshot_11_22_2015_12_0.json	1448211600.0	62.17	1111.11	1831
snapshot_11_22_2015_18_0.json	1448233200.0	61	1111.11	1822
snapshot_11_22_2015_6_0.json	1448190000.0	62.17	1111.11	1834
snapshot_11_23_2015_0_0.json	1448254800.0	63.34	1111.11	1797
snapshot_11_23_2015_12_0.json	1448298000.0	57.3	1111.11	1749
snapshot_11_23_2015_18_0.json	1448319600.0	59.83	1111.11	1742
snapshot_11_23_2015_6_0.json	1448276400.0	57.3	1111.11	1749
snapshot_11_24_2015_0_0.json	1448341200.0	58.66	1111.11	1803
snapshot_11_24_2015_12_0.json	1448384400.0	58.66	1111.11	1795
snapshot_11_24_2015_18_0.json	1448406000.0	55.15	1111.11	1809
snapshot_11_24_2015_6_0.json	1448362800.0	58.66	1111.11	1806
snapshot_11_25_2015_0_0.json	1448427600.0	49.3	1111.11	1755
snapshot_11_25_2015_12_0.json	1448470800.0	54.57	1111.11	1679
snapshot_11_25_2015_18_0.json	1448492400.0	49.29	1111.11	1660
snapshot_11_25_2015_6_0.json	1448449200.0	54.57	1111.11	1710
snapshot_11_26_2015_0_0.json	1448514000.0	44.62	1111.11	1591
snapshot_11_27_2015_18_0.json	1448665200.0	32.92	1111.11	887
snapshot_11_28_2015_0_0.json	1448686800.0	0	0	0
snapshot_11_28_2015_12_0.json	1448730000.0	0	0	0
snapshot_11_28_2015_18_0.json	1448751600.0	0	0	0
snapshot_11_28_2015_6_0.json	1448708400.0	0	0	0
snapshot_11_29_2015_0_0.json	1448773200.0	0	0	0
snapshot_11_29_2015_12_0.json	1448816400.0	0	0	0
snapshot_11_29_2015_18_0.json	1448838000.0	0	0	0
snapshot_11_29_2015_6_0.json	1448794800.0	0	0	0
snapshot_11_30_2015_0_0.json	1448859600.0	0	0	0
snapshot_11_30_2015_12_0.json	1448902800.0	0	0	0
snapshot_11_30_2015_6_0.json	1448881200.0	0	0	0
snapshot_12_3_2015_0_0.json	1449118800.0	0	0	0
snapshot_12_3_2015_12_0.json	1449162000.0	0	0	0
snapshot_12_5_2015_0_0.json	1449291600.0	0	0	0
snapshot_12_5_2015_12_0.json	1449334800.0	0	0	0
9195126	2015-11-27T20:30:00Z	Oregon Ducks	Autzen Stadium	Oregon Portland|704	97401
snapshot_11_16_2015_0_0.json	1447650000.0	72.12	1111.11	2025
snapshot_11_17_2015_0_0.json	1447736400.0	72.12	1111.11	2037
snapshot_11_17_2015_12_0.json	1447779600.0	66.85	1111.11	2051
snapshot_11_17_2015_18_0.json	1447801200.0	66.85	1111.11	2040
snapshot_11_17_2015_6_0.json	1447758000.0	66.85	1111.11	2060
snapshot_11_17_2015_6_0.json	1447758000.0	66.85	1111.11	2060
snapshot_11_18_2015_0_0.json	1447822800.0	68.02	1111.11	2056
snapshot_11_18_2015_12_0.json	1447866000.0	69.19	1111.11	2012
snapshot_11_18_2015_18_0.json	1447887600.0	66.85	1111.11	2009
snapshot_11_18_2015_6_0.json	1447844400.0	69.19	1111.11	2009
snapshot_11_19_2015_0_0.json	1447909200.0	66.27	1111.11	1949
snapshot_11_19_2015_12_0.json	1447952400.0	70.36	1111.11	1945
snapshot_11_19_2015_6_0.json	1447930800.0	66.27	1111.11	1931
snapshot_11_20_2015_0_0.json	1447995600.0	58.66	1111.11	1974
snapshot_11_20_2015_12_0.json	1448038800.0	51.64	1111.11	1953
snapshot_11_21_2015_12_0.json	1448125200.0	61	1111.11	1933
snapshot_11_21_2015_18_0.json	1448146800.0	61	1111.11	1911
snapshot_11_22_2015_0_0.json	1448168400.0	62.17	1111.11	1862
snapshot_11_22_2015_12_0.json	1448211600.0	62.17	1111.11	1831
snapshot_11_22_2015_18_0.json	1448233200.0	61	1111.11	1822
snapshot_11_22_2015_6_0.json	1448190000.0	62.17	1111.11	1834
snapshot_11_23_2015_0_0.json	1448254800.0	63.34	1111.11	1797
snapshot_11_23_2015_12_0.json	1448298000.0	57.3	1111.11	1749
snapshot_11_23_2015_18_0.json	1448319600.0	59.83	1111.11	1742
snapshot_11_23_2015_6_0.json	1448276400.0	57.3	1111.11	1749
snapshot_11_24_2015_0_0.json	1448341200.0	58.66	1111.11	1803
snapshot_11_24_2015_12_0.json	1448384400.0	58.66	1111.11	1795
snapshot_11_24_2015_18_0.json	1448406000.0	55.15	1111.11	1809
snapshot_11_24_2015_6_0.json	1448362800.0	58.66	1111.11	1806
snapshot_11_25_2015_0_0.json	1448427600.0	49.3	1111.11	1755
snapshot_11_25_2015_12_0.json	1448470800.0	54.57	1111.11	1679
snapshot_11_25_2015_18_0.json	1448492400.0	49.29	1111.11	1660
snapshot_11_25_2015_6_0.json	1448449200.0	54.57	1111.11	1710
snapshot_11_26_2015_0_0.json	1448514000.0	44.62	1111.11	1591
snapshot_11_27_2015_18_0.json	1448665200.0	32.92	1111.11	887
snapshot_11_28_2015_0_0.json	1448686800.0	0	0	0
snapshot_11_28_2015_12_0.json	1448730000.0	0	0	0
snapshot_11_28_2015_18_0.json	1448751600.0	0	0	0
snapshot_11_28_2015_6_0.json	1448708400.0	0	0	0
snapshot_11_29_2015_0_0.json	1448773200.0	0	0	0
snapshot_11_29_2015_12_0.json	1448816400.0	0	0	0
snapshot_11_29_2015_18_0.json	1448838000.0	0	0	0
snapshot_11_29_2015_6_0.json	1448794800.0	0	0	0
snapshot_11_30_2015_0_0.json	1448859600.0	0	0	0
snapshot_11_30_2015_12_0.json	1448902800.0	0	0	0
snapshot_11_30_2015_6_0.json	1448881200.0	0	0	0
snapshot_12_3_2015_0_0.json	1449118800.0	0	0	0
snapshot_12_3_2015_12_0.json	1449162000.0	0	0	0
snapshot_12_5_2015_0_0.json	1449291600.0	0	0	0
snapshot_12_5_2015_12_0.json	1449334800.0	0	0	0
