9196028	2015-11-22T03:30:00Z	Stanford Cardinal	Stanford Stadium	California SF Bay Area|81	94305
snapshot_11_16_2015_0_0.json	1447650000.0	65.68	999	1459
snapshot_11_17_2015_0_0.json	1447736400.0	65.68	999	1471
snapshot_11_17_2015_12_0.json	1447779600.0	65.68	999	1496
snapshot_11_17_2015_18_0.json	1447801200.0	65.68	999	1502
snapshot_11_17_2015_6_0.json	1447758000.0	65.68	999	1505
snapshot_11_18_2015_0_0.json	1447822800.0	70.36	999	1588
snapshot_11_18_2015_12_0.json	1447866000.0	70.36	999	1589
snapshot_11_18_2015_18_0.json	1447887600.0	70.36	999	1578
snapshot_11_18_2015_6_0.json	1447844400.0	70.36	999	1583
snapshot_11_19_2015_0_0.json	1447909200.0	61	999	1536
snapshot_11_19_2015_12_0.json	1447952400.0	71.52	999	1436
snapshot_11_19_2015_6_0.json	1447930800.0	71.53	999	1470
snapshot_11_20_2015_0_0.json	1447995600.0	66.85	999	1415
snapshot_11_20_2015_12_0.json	1448038800.0	67.44	999	1389
snapshot_11_21_2015_12_0.json	1448125200.0	55.15	999	925
snapshot_11_21_2015_18_0.json	1448146800.0	60.71	999	909
snapshot_11_22_2015_0_0.json	1448168400.0	60.99	500	408
snapshot_11_22_2015_12_0.json	1448211600.0	0	0	0
snapshot_11_22_2015_18_0.json	1448233200.0	0	0	0
snapshot_11_22_2015_6_0.json	1448190000.0	0	0	0
snapshot_11_23_2015_0_0.json	1448254800.0	0	0	0
snapshot_11_23_2015_12_0.json	1448298000.0	0	0	0
snapshot_11_23_2015_18_0.json	1448319600.0	0	0	0
snapshot_11_23_2015_6_0.json	1448276400.0	0	0	0
snapshot_12_3_2015_0_0.json	1449118800.0	0	0	0
snapshot_12_3_2015_0_0.json	1449118800.0	0	0	0
snapshot_12_3_2015_12_0.json	1449162000.0	0	0	0
9196028	2015-11-22T03:30:00Z	Stanford Cardinal	Stanford Stadium	California SF Bay Area|81	94305
snapshot_11_16_2015_0_0.json	1447650000.0	65.68	999	1459
snapshot_11_17_2015_0_0.json	1447736400.0	65.68	999	1471
snapshot_11_17_2015_12_0.json	1447779600.0	65.68	999	1496
snapshot_11_17_2015_18_0.json	1447801200.0	65.68	999	1502
snapshot_11_17_2015_6_0.json	1447758000.0	65.68	999	1505
snapshot_11_18_2015_0_0.json	1447822800.0	70.36	999	1588
snapshot_11_18_2015_12_0.json	1447866000.0	70.36	999	1589
snapshot_11_18_2015_18_0.json	1447887600.0	70.36	999	1578
snapshot_11_18_2015_6_0.json	1447844400.0	70.36	999	1583
snapshot_11_19_2015_0_0.json	1447909200.0	61	999	1536
snapshot_11_19_2015_12_0.json	1447952400.0	71.52	999	1436
snapshot_11_19_2015_6_0.json	1447930800.0	71.53	999	1470
snapshot_11_20_2015_0_0.json	1447995600.0	66.85	999	1415
snapshot_11_20_2015_12_0.json	1448038800.0	67.44	999	1389
snapshot_11_21_2015_12_0.json	1448125200.0	55.15	999	925
snapshot_11_21_2015_18_0.json	1448146800.0	60.71	999	909
snapshot_11_22_2015_0_0.json	1448168400.0	60.99	500	408
snapshot_11_22_2015_12_0.json	1448211600.0	0	0	0
snapshot_11_22_2015_18_0.json	1448233200.0	0	0	0
snapshot_11_22_2015_6_0.json	1448190000.0	0	0	0
snapshot_11_23_2015_0_0.json	1448254800.0	0	0	0
snapshot_11_23_2015_12_0.json	1448298000.0	0	0	0
snapshot_11_23_2015_18_0.json	1448319600.0	0	0	0
snapshot_11_23_2015_6_0.json	1448276400.0	0	0	0
snapshot_12_3_2015_0_0.json	1449118800.0	0	0	0
snapshot_12_3_2015_0_0.json	1449118800.0	0	0	0
snapshot_12_3_2015_12_0.json	1449162000.0	0	0	0
9196028	2015-11-22T03:30:00Z	Stanford Cardinal	Stanford Stadium	California SF Bay Area|81	94305
snapshot_11_16_2015_0_0.json	1447650000.0	65.68	999	1459
snapshot_11_17_2015_0_0.json	1447736400.0	65.68	999	1471
snapshot_11_17_2015_12_0.json	1447779600.0	65.68	999	1496
snapshot_11_17_2015_18_0.json	1447801200.0	65.68	999	1502
snapshot_11_17_2015_6_0.json	1447758000.0	65.68	999	1505
snapshot_11_18_2015_0_0.json	1447822800.0	70.36	999	1588
snapshot_11_18_2015_12_0.json	1447866000.0	70.36	999	1589
snapshot_11_18_2015_18_0.json	1447887600.0	70.36	999	1578
snapshot_11_18_2015_6_0.json	1447844400.0	70.36	999	1583
snapshot_11_19_2015_0_0.json	1447909200.0	61	999	1536
snapshot_11_19_2015_12_0.json	1447952400.0	71.52	999	1436
snapshot_11_19_2015_6_0.json	1447930800.0	71.53	999	1470
snapshot_11_20_2015_0_0.json	1447995600.0	66.85	999	1415
snapshot_11_20_2015_12_0.json	1448038800.0	67.44	999	1389
snapshot_11_21_2015_12_0.json	1448125200.0	55.15	999	925
snapshot_11_21_2015_18_0.json	1448146800.0	60.71	999	909
snapshot_11_22_2015_0_0.json	1448168400.0	60.99	500	408
snapshot_11_22_2015_12_0.json	1448211600.0	0	0	0
snapshot_11_22_2015_18_0.json	1448233200.0	0	0	0
snapshot_11_22_2015_6_0.json	1448190000.0	0	0	0
snapshot_11_23_2015_0_0.json	1448254800.0	0	0	0
snapshot_11_23_2015_12_0.json	1448298000.0	0	0	0
snapshot_11_23_2015_18_0.json	1448319600.0	0	0	0
snapshot_11_23_2015_6_0.json	1448276400.0	0	0	0
snapshot_12_3_2015_0_0.json	1449118800.0	0	0	0
snapshot_12_3_2015_0_0.json	1449118800.0	0	0	0
snapshot_12_3_2015_12_0.json	1449162000.0	0	0	0
9196028	2015-11-22T03:30:00Z	Stanford Cardinal	Stanford Stadium	California SF Bay Area|81	94305
snapshot_11_16_2015_0_0.json	1447650000.0	65.68	999	1459
snapshot_11_17_2015_0_0.json	1447736400.0	65.68	999	1471
snapshot_11_17_2015_12_0.json	1447779600.0	65.68	999	1496
snapshot_11_17_2015_18_0.json	1447801200.0	65.68	999	1502
snapshot_11_17_2015_6_0.json	1447758000.0	65.68	999	1505
snapshot_11_18_2015_0_0.json	1447822800.0	70.36	999	1588
snapshot_11_18_2015_12_0.json	1447866000.0	70.36	999	1589
snapshot_11_18_2015_18_0.json	1447887600.0	70.36	999	1578
snapshot_11_18_2015_6_0.json	1447844400.0	70.36	999	1583
snapshot_11_19_2015_0_0.json	1447909200.0	61	999	1536
snapshot_11_19_2015_12_0.json	1447952400.0	71.52	999	1436
snapshot_11_19_2015_6_0.json	1447930800.0	71.53	999	1470
snapshot_11_20_2015_0_0.json	1447995600.0	66.85	999	1415
snapshot_11_20_2015_12_0.json	1448038800.0	67.44	999	1389
snapshot_11_21_2015_12_0.json	1448125200.0	55.15	999	925
snapshot_11_21_2015_18_0.json	1448146800.0	60.71	999	909
snapshot_11_22_2015_0_0.json	1448168400.0	60.99	500	408
snapshot_11_22_2015_12_0.json	1448211600.0	0	0	0
snapshot_11_22_2015_18_0.json	1448233200.0	0	0	0
snapshot_11_22_2015_6_0.json	1448190000.0	0	0	0
snapshot_11_23_2015_0_0.json	1448254800.0	0	0	0
snapshot_11_23_2015_12_0.json	1448298000.0	0	0	0
snapshot_11_23_2015_18_0.json	1448319600.0	0	0	0
snapshot_11_23_2015_6_0.json	1448276400.0	0	0	0
snapshot_12_3_2015_0_0.json	1449118800.0	0	0	0
snapshot_12_3_2015_0_0.json	1449118800.0	0	0	0
snapshot_12_3_2015_12_0.json	1449162000.0	0	0	0
