9196054	2015-11-21T20:30:00Z	Wisconsin Badgers	Camp Randall Stadium	Wisconsin Milwaukee|691	53711
snapshot_11_16_2015_0_0.json	1447650000.0	37.6	500	1888
snapshot_11_17_2015_0_0.json	1447736400.0	42.28	500	1881
snapshot_11_17_2015_12_0.json	1447779600.0	41.11	500	1856
snapshot_11_17_2015_18_0.json	1447801200.0	36.43	500	1878
snapshot_11_17_2015_6_0.json	1447758000.0	42.28	500	1870
snapshot_11_17_2015_6_0.json	1447758000.0	42.28	500	1870
snapshot_11_18_2015_0_0.json	1447822800.0	43.44	500	1899
snapshot_11_18_2015_12_0.json	1447866000.0	42.87	500	1922
snapshot_11_18_2015_18_0.json	1447887600.0	37.6	500	1909
snapshot_11_18_2015_6_0.json	1447844400.0	42.87	500	1924
snapshot_11_19_2015_0_0.json	1447909200.0	39.52	500	1898
snapshot_11_19_2015_12_0.json	1447952400.0	36.43	500	1906
snapshot_11_19_2015_6_0.json	1447930800.0	37.6	500	1910
snapshot_11_20_2015_0_0.json	1447995600.0	25.9	500	1928
snapshot_11_20_2015_12_0.json	1448038800.0	25.9	500	1927
snapshot_11_21_2015_12_0.json	1448125200.0	16.53	500	1819
snapshot_11_21_2015_18_0.json	1448146800.0	12.5	154	1542
snapshot_11_22_2015_0_0.json	1448168400.0	0	0	0
snapshot_11_22_2015_12_0.json	1448211600.0	0	0	0
snapshot_11_22_2015_18_0.json	1448233200.0	0	0	0
snapshot_11_22_2015_6_0.json	1448190000.0	0	0	0
snapshot_11_23_2015_0_0.json	1448254800.0	0	0	0
snapshot_11_23_2015_12_0.json	1448298000.0	0	0	0
snapshot_11_23_2015_18_0.json	1448319600.0	0	0	0
snapshot_11_23_2015_6_0.json	1448276400.0	0	0	0
snapshot_11_24_2015_0_0.json	1448341200.0	0	0	0
snapshot_11_24_2015_12_0.json	1448384400.0	0	0	0
snapshot_11_25_2015_0_0.json	1448427600.0	0	0	0
snapshot_11_25_2015_0_0.json	1448427600.0	0	0	0
snapshot_11_25_2015_6_0.json	1448449200.0	0	0	0
snapshot_11_26_2015_0_0.json	1448514000.0	0	0	0
snapshot_12_5_2015_0_0.json	1449291600.0	0	0	0
snapshot_12_5_2015_12_0.json	1449334800.0	0	0	0
9196054	2015-11-21T20:30:00Z	Wisconsin Badgers	Camp Randall Stadium	Wisconsin Milwaukee|691	53711
snapshot_11_16_2015_0_0.json	1447650000.0	37.6	500	1888
snapshot_11_17_2015_0_0.json	1447736400.0	42.28	500	1881
snapshot_11_17_2015_12_0.json	1447779600.0	41.11	500	1856
snapshot_11_17_2015_18_0.json	1447801200.0	36.43	500	1878
snapshot_11_17_2015_6_0.json	1447758000.0	42.28	500	1870
snapshot_11_17_2015_6_0.json	1447758000.0	42.28	500	1870
snapshot_11_18_2015_0_0.json	1447822800.0	43.44	500	1899
snapshot_11_18_2015_12_0.json	1447866000.0	42.87	500	1922
snapshot_11_18_2015_18_0.json	1447887600.0	37.6	500	1909
snapshot_11_18_2015_6_0.json	1447844400.0	42.87	500	1924
snapshot_11_19_2015_0_0.json	1447909200.0	39.52	500	1898
snapshot_11_19_2015_12_0.json	1447952400.0	36.43	500	1906
snapshot_11_19_2015_6_0.json	1447930800.0	37.6	500	1910
snapshot_11_20_2015_0_0.json	1447995600.0	25.9	500	1928
snapshot_11_20_2015_12_0.json	1448038800.0	25.9	500	1927
snapshot_11_21_2015_12_0.json	1448125200.0	16.53	500	1819
snapshot_11_21_2015_18_0.json	1448146800.0	12.5	154	1542
snapshot_11_22_2015_0_0.json	1448168400.0	0	0	0
snapshot_11_22_2015_12_0.json	1448211600.0	0	0	0
snapshot_11_22_2015_18_0.json	1448233200.0	0	0	0
snapshot_11_22_2015_6_0.json	1448190000.0	0	0	0
snapshot_11_23_2015_0_0.json	1448254800.0	0	0	0
snapshot_11_23_2015_12_0.json	1448298000.0	0	0	0
snapshot_11_23_2015_18_0.json	1448319600.0	0	0	0
snapshot_11_23_2015_6_0.json	1448276400.0	0	0	0
snapshot_11_24_2015_0_0.json	1448341200.0	0	0	0
snapshot_11_24_2015_12_0.json	1448384400.0	0	0	0
snapshot_11_25_2015_0_0.json	1448427600.0	0	0	0
snapshot_11_25_2015_0_0.json	1448427600.0	0	0	0
snapshot_11_25_2015_6_0.json	1448449200.0	0	0	0
snapshot_11_26_2015_0_0.json	1448514000.0	0	0	0
snapshot_12_5_2015_0_0.json	1449291600.0	0	0	0
snapshot_12_5_2015_12_0.json	1449334800.0	0	0	0
9196054	2015-11-21T20:30:00Z	Wisconsin Badgers	Camp Randall Stadium	Wisconsin Milwaukee|691	53711
snapshot_11_16_2015_0_0.json	1447650000.0	37.6	500	1888
snapshot_11_17_2015_0_0.json	1447736400.0	42.28	500	1881
snapshot_11_17_2015_12_0.json	1447779600.0	41.11	500	1856
snapshot_11_17_2015_18_0.json	1447801200.0	36.43	500	1878
snapshot_11_17_2015_6_0.json	1447758000.0	42.28	500	1870
snapshot_11_17_2015_6_0.json	1447758000.0	42.28	500	1870
snapshot_11_18_2015_0_0.json	1447822800.0	43.44	500	1899
snapshot_11_18_2015_12_0.json	1447866000.0	42.87	500	1922
snapshot_11_18_2015_18_0.json	1447887600.0	37.6	500	1909
snapshot_11_18_2015_6_0.json	1447844400.0	42.87	500	1924
snapshot_11_19_2015_0_0.json	1447909200.0	39.52	500	1898
snapshot_11_19_2015_12_0.json	1447952400.0	36.43	500	1906
snapshot_11_19_2015_6_0.json	1447930800.0	37.6	500	1910
snapshot_11_20_2015_0_0.json	1447995600.0	25.9	500	1928
snapshot_11_20_2015_12_0.json	1448038800.0	25.9	500	1927
snapshot_11_21_2015_12_0.json	1448125200.0	16.53	500	1819
snapshot_11_21_2015_18_0.json	1448146800.0	12.5	154	1542
snapshot_11_22_2015_0_0.json	1448168400.0	0	0	0
snapshot_11_22_2015_12_0.json	1448211600.0	0	0	0
snapshot_11_22_2015_18_0.json	1448233200.0	0	0	0
snapshot_11_22_2015_6_0.json	1448190000.0	0	0	0
snapshot_11_23_2015_0_0.json	1448254800.0	0	0	0
snapshot_11_23_2015_12_0.json	1448298000.0	0	0	0
snapshot_11_23_2015_18_0.json	1448319600.0	0	0	0
snapshot_11_23_2015_6_0.json	1448276400.0	0	0	0
snapshot_11_24_2015_0_0.json	1448341200.0	0	0	0
snapshot_11_24_2015_12_0.json	1448384400.0	0	0	0
snapshot_11_25_2015_0_0.json	1448427600.0	0	0	0
snapshot_11_25_2015_0_0.json	1448427600.0	0	0	0
snapshot_11_25_2015_6_0.json	1448449200.0	0	0	0
snapshot_11_26_2015_0_0.json	1448514000.0	0	0	0
snapshot_12_5_2015_0_0.json	1449291600.0	0	0	0
snapshot_12_5_2015_12_0.json	1449334800.0	0	0	0
9196054	2015-11-21T20:30:00Z	Wisconsin Badgers	Camp Randall Stadium	Wisconsin Milwaukee|691	53711
snapshot_11_16_2015_0_0.json	1447650000.0	37.6	500	1888
snapshot_11_17_2015_0_0.json	1447736400.0	42.28	500	1881
snapshot_11_17_2015_12_0.json	1447779600.0	41.11	500	1856
snapshot_11_17_2015_18_0.json	1447801200.0	36.43	500	1878
snapshot_11_17_2015_6_0.json	1447758000.0	42.28	500	1870
snapshot_11_17_2015_6_0.json	1447758000.0	42.28	500	1870
snapshot_11_18_2015_0_0.json	1447822800.0	43.44	500	1899
snapshot_11_18_2015_12_0.json	1447866000.0	42.87	500	1922
snapshot_11_18_2015_18_0.json	1447887600.0	37.6	500	1909
snapshot_11_18_2015_6_0.json	1447844400.0	42.87	500	1924
snapshot_11_19_2015_0_0.json	1447909200.0	39.52	500	1898
snapshot_11_19_2015_12_0.json	1447952400.0	36.43	500	1906
snapshot_11_19_2015_6_0.json	1447930800.0	37.6	500	1910
snapshot_11_20_2015_0_0.json	1447995600.0	25.9	500	1928
snapshot_11_20_2015_12_0.json	1448038800.0	25.9	500	1927
snapshot_11_21_2015_12_0.json	1448125200.0	16.53	500	1819
snapshot_11_21_2015_18_0.json	1448146800.0	12.5	154	1542
snapshot_11_22_2015_0_0.json	1448168400.0	0	0	0
snapshot_11_22_2015_12_0.json	1448211600.0	0	0	0
snapshot_11_22_2015_18_0.json	1448233200.0	0	0	0
snapshot_11_22_2015_6_0.json	1448190000.0	0	0	0
snapshot_11_23_2015_0_0.json	1448254800.0	0	0	0
snapshot_11_23_2015_12_0.json	1448298000.0	0	0	0
snapshot_11_23_2015_18_0.json	1448319600.0	0	0	0
snapshot_11_23_2015_6_0.json	1448276400.0	0	0	0
snapshot_11_24_2015_0_0.json	1448341200.0	0	0	0
snapshot_11_24_2015_12_0.json	1448384400.0	0	0	0
snapshot_11_25_2015_0_0.json	1448427600.0	0	0	0
snapshot_11_25_2015_0_0.json	1448427600.0	0	0	0
snapshot_11_25_2015_6_0.json	1448449200.0	0	0	0
snapshot_11_26_2015_0_0.json	1448514000.0	0	0	0
snapshot_12_5_2015_0_0.json	1449291600.0	0	0	0
snapshot_12_5_2015_12_0.json	1449334800.0	0	0	0
