9196030	2015-11-28T21:00:00Z	Stanford Cardinal	Stanford Stadium	California SF Bay Area|81	94305
snapshot_11_17_2015_0_0.json	1447736400.0	96.1	1000	1958
snapshot_11_17_2015_12_0.json	1447779600.0	92.59	1000	1966
snapshot_11_17_2015_18_0.json	1447801200.0	91	999	2068
snapshot_11_17_2015_6_0.json	1447758000.0	96.05	1000	1984
snapshot_11_17_2015_6_0.json	1447758000.0	96.05	1000	1984
snapshot_11_18_2015_0_0.json	1447822800.0	83	999	2103
snapshot_11_18_2015_12_0.json	1447866000.0	78.55	999	2083
snapshot_11_18_2015_18_0.json	1447887600.0	78.48	999	2113
snapshot_11_18_2015_18_0.json	1447887600.0	78.48	999	2113
snapshot_11_18_2015_6_0.json	1447844400.0	71.4	999	2099
snapshot_11_19_2015_0_0.json	1447909200.0	77.38	999	2142
snapshot_11_19_2015_12_0.json	1447952400.0	73.87	999	2152
snapshot_11_19_2015_6_0.json	1447930800.0	73.87	999	2158
snapshot_11_20_2015_0_0.json	1447995600.0	72.5	999	2164
snapshot_11_20_2015_12_0.json	1448038800.0	72.7	999	2165
snapshot_11_21_2015_12_0.json	1448125200.0	77.2	1000	2212
snapshot_11_21_2015_18_0.json	1448146800.0	77.15	1000	2251
snapshot_11_22_2015_0_0.json	1448168400.0	77.15	1000	2184
snapshot_11_22_2015_12_0.json	1448211600.0	77.08	1000	2210
snapshot_11_22_2015_18_0.json	1448233200.0	77.08	1000	2194
snapshot_11_22_2015_6_0.json	1448190000.0	77.1	1000	2216
snapshot_11_23_2015_0_0.json	1448254800.0	89.9	1000	2153
snapshot_11_23_2015_12_0.json	1448298000.0	90.25	999	2123
snapshot_11_23_2015_18_0.json	1448319600.0	84.4	999	2160
snapshot_11_23_2015_6_0.json	1448276400.0	90.25	1000	2106
snapshot_11_24_2015_0_0.json	1448341200.0	90.13	999	2161
snapshot_11_24_2015_12_0.json	1448384400.0	89.9	999	2126
snapshot_11_24_2015_18_0.json	1448406000.0	88.85	999	2228
snapshot_11_24_2015_6_0.json	1448362800.0	89.9	999	2141
snapshot_11_25_2015_0_0.json	1448427600.0	88.5	999	2181
snapshot_11_25_2015_12_0.json	1448470800.0	84.4	800	2167
snapshot_11_25_2015_18_0.json	1448492400.0	66.85	900	2112
snapshot_11_25_2015_6_0.json	1448449200.0	87.89	840	2187
snapshot_11_26_2015_0_0.json	1448514000.0	72.58	800	1981
snapshot_11_27_2015_18_0.json	1448665200.0	75.63	800	1669
snapshot_11_28_2015_0_0.json	1448686800.0	73.27	565	1482
snapshot_11_28_2015_12_0.json	1448730000.0	73.69	695	1267
snapshot_11_28_2015_18_0.json	1448751600.0	65.55	765	1036
snapshot_11_28_2015_6_0.json	1448708400.0	73.74	695	1296
snapshot_11_29_2015_0_0.json	1448773200.0	66.84	500	475
snapshot_11_29_2015_12_0.json	1448816400.0	0	0	0
snapshot_11_29_2015_18_0.json	1448838000.0	0	0	0
snapshot_11_29_2015_6_0.json	1448794800.0	0	0	0
snapshot_11_30_2015_0_0.json	1448859600.0	0	0	0
snapshot_11_30_2015_12_0.json	1448902800.0	0	0	0
snapshot_11_30_2015_6_0.json	1448881200.0	0	0	0
snapshot_12_3_2015_0_0.json	1449118800.0	0	0	0
snapshot_12_3_2015_0_0.json	1449118800.0	0	0	0
snapshot_12_3_2015_12_0.json	1449162000.0	0	0	0
9196030	2015-11-28T21:00:00Z	Stanford Cardinal	Stanford Stadium	California SF Bay Area|81	94305
snapshot_11_17_2015_0_0.json	1447736400.0	96.1	1000	1958
snapshot_11_17_2015_12_0.json	1447779600.0	92.59	1000	1966
snapshot_11_17_2015_18_0.json	1447801200.0	91	999	2068
snapshot_11_17_2015_6_0.json	1447758000.0	96.05	1000	1984
snapshot_11_17_2015_6_0.json	1447758000.0	96.05	1000	1984
snapshot_11_18_2015_0_0.json	1447822800.0	83	999	2103
snapshot_11_18_2015_12_0.json	1447866000.0	78.55	999	2083
snapshot_11_18_2015_18_0.json	1447887600.0	78.48	999	2113
snapshot_11_18_2015_18_0.json	1447887600.0	78.48	999	2113
snapshot_11_18_2015_6_0.json	1447844400.0	71.4	999	2099
snapshot_11_19_2015_0_0.json	1447909200.0	77.38	999	2142
snapshot_11_19_2015_12_0.json	1447952400.0	73.87	999	2152
snapshot_11_19_2015_6_0.json	1447930800.0	73.87	999	2158
snapshot_11_20_2015_0_0.json	1447995600.0	72.5	999	2164
snapshot_11_20_2015_12_0.json	1448038800.0	72.7	999	2165
snapshot_11_21_2015_12_0.json	1448125200.0	77.2	1000	2212
snapshot_11_21_2015_18_0.json	1448146800.0	77.15	1000	2251
snapshot_11_22_2015_0_0.json	1448168400.0	77.15	1000	2184
snapshot_11_22_2015_12_0.json	1448211600.0	77.08	1000	2210
snapshot_11_22_2015_18_0.json	1448233200.0	77.08	1000	2194
snapshot_11_22_2015_6_0.json	1448190000.0	77.1	1000	2216
snapshot_11_23_2015_0_0.json	1448254800.0	89.9	1000	2153
snapshot_11_23_2015_12_0.json	1448298000.0	90.25	999	2123
snapshot_11_23_2015_18_0.json	1448319600.0	84.4	999	2160
snapshot_11_23_2015_6_0.json	1448276400.0	90.25	1000	2106
snapshot_11_24_2015_0_0.json	1448341200.0	90.13	999	2161
snapshot_11_24_2015_12_0.json	1448384400.0	89.9	999	2126
snapshot_11_24_2015_18_0.json	1448406000.0	88.85	999	2228
snapshot_11_24_2015_6_0.json	1448362800.0	89.9	999	2141
snapshot_11_25_2015_0_0.json	1448427600.0	88.5	999	2181
snapshot_11_25_2015_12_0.json	1448470800.0	84.4	800	2167
snapshot_11_25_2015_18_0.json	1448492400.0	66.85	900	2112
snapshot_11_25_2015_6_0.json	1448449200.0	87.89	840	2187
snapshot_11_26_2015_0_0.json	1448514000.0	72.58	800	1981
snapshot_11_27_2015_18_0.json	1448665200.0	75.63	800	1669
snapshot_11_28_2015_0_0.json	1448686800.0	73.27	565	1482
snapshot_11_28_2015_12_0.json	1448730000.0	73.69	695	1267
snapshot_11_28_2015_18_0.json	1448751600.0	65.55	765	1036
snapshot_11_28_2015_6_0.json	1448708400.0	73.74	695	1296
snapshot_11_29_2015_0_0.json	1448773200.0	66.84	500	475
snapshot_11_29_2015_12_0.json	1448816400.0	0	0	0
snapshot_11_29_2015_18_0.json	1448838000.0	0	0	0
snapshot_11_29_2015_6_0.json	1448794800.0	0	0	0
snapshot_11_30_2015_0_0.json	1448859600.0	0	0	0
snapshot_11_30_2015_12_0.json	1448902800.0	0	0	0
snapshot_11_30_2015_6_0.json	1448881200.0	0	0	0
snapshot_12_3_2015_0_0.json	1449118800.0	0	0	0
snapshot_12_3_2015_0_0.json	1449118800.0	0	0	0
snapshot_12_3_2015_12_0.json	1449162000.0	0	0	0
9196030	2015-11-28T21:00:00Z	Stanford Cardinal	Stanford Stadium	California SF Bay Area|81	94305
snapshot_11_17_2015_0_0.json	1447736400.0	96.1	1000	1958
snapshot_11_17_2015_12_0.json	1447779600.0	92.59	1000	1966
snapshot_11_17_2015_18_0.json	1447801200.0	91	999	2068
snapshot_11_17_2015_6_0.json	1447758000.0	96.05	1000	1984
snapshot_11_17_2015_6_0.json	1447758000.0	96.05	1000	1984
snapshot_11_18_2015_0_0.json	1447822800.0	83	999	2103
snapshot_11_18_2015_12_0.json	1447866000.0	78.55	999	2083
snapshot_11_18_2015_18_0.json	1447887600.0	78.48	999	2113
snapshot_11_18_2015_18_0.json	1447887600.0	78.48	999	2113
snapshot_11_18_2015_6_0.json	1447844400.0	71.4	999	2099
snapshot_11_19_2015_0_0.json	1447909200.0	77.38	999	2142
snapshot_11_19_2015_12_0.json	1447952400.0	73.87	999	2152
snapshot_11_19_2015_6_0.json	1447930800.0	73.87	999	2158
snapshot_11_20_2015_0_0.json	1447995600.0	72.5	999	2164
snapshot_11_20_2015_12_0.json	1448038800.0	72.7	999	2165
snapshot_11_21_2015_12_0.json	1448125200.0	77.2	1000	2212
snapshot_11_21_2015_18_0.json	1448146800.0	77.15	1000	2251
snapshot_11_22_2015_0_0.json	1448168400.0	77.15	1000	2184
snapshot_11_22_2015_12_0.json	1448211600.0	77.08	1000	2210
snapshot_11_22_2015_18_0.json	1448233200.0	77.08	1000	2194
snapshot_11_22_2015_6_0.json	1448190000.0	77.1	1000	2216
snapshot_11_23_2015_0_0.json	1448254800.0	89.9	1000	2153
snapshot_11_23_2015_12_0.json	1448298000.0	90.25	999	2123
snapshot_11_23_2015_18_0.json	1448319600.0	84.4	999	2160
snapshot_11_23_2015_6_0.json	1448276400.0	90.25	1000	2106
snapshot_11_24_2015_0_0.json	1448341200.0	90.13	999	2161
snapshot_11_24_2015_12_0.json	1448384400.0	89.9	999	2126
snapshot_11_24_2015_18_0.json	1448406000.0	88.85	999	2228
snapshot_11_24_2015_6_0.json	1448362800.0	89.9	999	2141
snapshot_11_25_2015_0_0.json	1448427600.0	88.5	999	2181
snapshot_11_25_2015_12_0.json	1448470800.0	84.4	800	2167
snapshot_11_25_2015_18_0.json	1448492400.0	66.85	900	2112
snapshot_11_25_2015_6_0.json	1448449200.0	87.89	840	2187
snapshot_11_26_2015_0_0.json	1448514000.0	72.58	800	1981
snapshot_11_27_2015_18_0.json	1448665200.0	75.63	800	1669
snapshot_11_28_2015_0_0.json	1448686800.0	73.27	565	1482
snapshot_11_28_2015_12_0.json	1448730000.0	73.69	695	1267
snapshot_11_28_2015_18_0.json	1448751600.0	65.55	765	1036
snapshot_11_28_2015_6_0.json	1448708400.0	73.74	695	1296
snapshot_11_29_2015_0_0.json	1448773200.0	66.84	500	475
snapshot_11_29_2015_12_0.json	1448816400.0	0	0	0
snapshot_11_29_2015_18_0.json	1448838000.0	0	0	0
snapshot_11_29_2015_6_0.json	1448794800.0	0	0	0
snapshot_11_30_2015_0_0.json	1448859600.0	0	0	0
snapshot_11_30_2015_12_0.json	1448902800.0	0	0	0
snapshot_11_30_2015_6_0.json	1448881200.0	0	0	0
snapshot_12_3_2015_0_0.json	1449118800.0	0	0	0
snapshot_12_3_2015_0_0.json	1449118800.0	0	0	0
snapshot_12_3_2015_12_0.json	1449162000.0	0	0	0
9196030	2015-11-28T21:00:00Z	Stanford Cardinal	Stanford Stadium	California SF Bay Area|81	94305
snapshot_11_17_2015_0_0.json	1447736400.0	96.1	1000	1958
snapshot_11_17_2015_12_0.json	1447779600.0	92.59	1000	1966
snapshot_11_17_2015_18_0.json	1447801200.0	91	999	2068
snapshot_11_17_2015_6_0.json	1447758000.0	96.05	1000	1984
snapshot_11_17_2015_6_0.json	1447758000.0	96.05	1000	1984
snapshot_11_18_2015_0_0.json	1447822800.0	83	999	2103
snapshot_11_18_2015_12_0.json	1447866000.0	78.55	999	2083
snapshot_11_18_2015_18_0.json	1447887600.0	78.48	999	2113
snapshot_11_18_2015_18_0.json	1447887600.0	78.48	999	2113
snapshot_11_18_2015_6_0.json	1447844400.0	71.4	999	2099
snapshot_11_19_2015_0_0.json	1447909200.0	77.38	999	2142
snapshot_11_19_2015_12_0.json	1447952400.0	73.87	999	2152
snapshot_11_19_2015_6_0.json	1447930800.0	73.87	999	2158
snapshot_11_20_2015_0_0.json	1447995600.0	72.5	999	2164
snapshot_11_20_2015_12_0.json	1448038800.0	72.7	999	2165
snapshot_11_21_2015_12_0.json	1448125200.0	77.2	1000	2212
snapshot_11_21_2015_18_0.json	1448146800.0	77.15	1000	2251
snapshot_11_22_2015_0_0.json	1448168400.0	77.15	1000	2184
snapshot_11_22_2015_12_0.json	1448211600.0	77.08	1000	2210
snapshot_11_22_2015_18_0.json	1448233200.0	77.08	1000	2194
snapshot_11_22_2015_6_0.json	1448190000.0	77.1	1000	2216
snapshot_11_23_2015_0_0.json	1448254800.0	89.9	1000	2153
snapshot_11_23_2015_12_0.json	1448298000.0	90.25	999	2123
snapshot_11_23_2015_18_0.json	1448319600.0	84.4	999	2160
snapshot_11_23_2015_6_0.json	1448276400.0	90.25	1000	2106
snapshot_11_24_2015_0_0.json	1448341200.0	90.13	999	2161
snapshot_11_24_2015_12_0.json	1448384400.0	89.9	999	2126
snapshot_11_24_2015_18_0.json	1448406000.0	88.85	999	2228
snapshot_11_24_2015_6_0.json	1448362800.0	89.9	999	2141
snapshot_11_25_2015_0_0.json	1448427600.0	88.5	999	2181
snapshot_11_25_2015_12_0.json	1448470800.0	84.4	800	2167
snapshot_11_25_2015_18_0.json	1448492400.0	66.85	900	2112
snapshot_11_25_2015_6_0.json	1448449200.0	87.89	840	2187
snapshot_11_26_2015_0_0.json	1448514000.0	72.58	800	1981
snapshot_11_27_2015_18_0.json	1448665200.0	75.63	800	1669
snapshot_11_28_2015_0_0.json	1448686800.0	73.27	565	1482
snapshot_11_28_2015_12_0.json	1448730000.0	73.69	695	1267
snapshot_11_28_2015_18_0.json	1448751600.0	65.55	765	1036
snapshot_11_28_2015_6_0.json	1448708400.0	73.74	695	1296
snapshot_11_29_2015_0_0.json	1448773200.0	66.84	500	475
snapshot_11_29_2015_12_0.json	1448816400.0	0	0	0
snapshot_11_29_2015_18_0.json	1448838000.0	0	0	0
snapshot_11_29_2015_6_0.json	1448794800.0	0	0	0
snapshot_11_30_2015_0_0.json	1448859600.0	0	0	0
snapshot_11_30_2015_12_0.json	1448902800.0	0	0	0
snapshot_11_30_2015_6_0.json	1448881200.0	0	0	0
snapshot_12_3_2015_0_0.json	1449118800.0	0	0	0
snapshot_12_3_2015_0_0.json	1449118800.0	0	0	0
snapshot_12_3_2015_12_0.json	1449162000.0	0	0	0
