9196091	2015-12-17T23:58:00Z	2015 NCAA Division I Womens Volleyball Championship	CenturyLink Center Omaha	Nebraska Lincoln|5530	68102
snapshot_11_16_2015_0_0.json	1447650000.0	124.59	566	468
snapshot_11_17_2015_0_0.json	1447736400.0	124.59	566	468
snapshot_11_17_2015_12_0.json	1447779600.0	124.59	566	468
snapshot_11_17_2015_18_0.json	1447801200.0	124.59	566	468
snapshot_11_17_2015_6_0.json	1447758000.0	124.59	566	468
snapshot_11_18_2015_0_0.json	1447822800.0	124.59	566	468
snapshot_11_18_2015_12_0.json	1447866000.0	124.59	566	467
snapshot_11_19_2015_0_0.json	1447909200.0	124.59	566	461
snapshot_11_19_2015_12_0.json	1447952400.0	124.59	566	461
snapshot_11_19_2015_12_0.json	1447952400.0	124.59	566	461
snapshot_11_19_2015_18_0.json	1447974000.0	124.59	566	461
snapshot_11_19_2015_6_0.json	1447930800.0	124.59	566	461
snapshot_11_20_2015_0_0.json	1447995600.0	124.59	566	461
snapshot_11_20_2015_12_0.json	1448038800.0	124.59	566	457
snapshot_11_21_2015_12_0.json	1448125200.0	151.5	395	454
snapshot_11_21_2015_18_0.json	1448146800.0	151.5	395	454
snapshot_11_22_2015_0_0.json	1448168400.0	151.5	395	454
snapshot_11_22_2015_0_0.json	1448168400.0	151.5	395	454
snapshot_11_23_2015_12_0.json	1448298000.0	122.25	395	451
snapshot_11_23_2015_18_0.json	1448319600.0	122.25	395	451
snapshot_11_23_2015_18_0.json	1448319600.0	122.25	395	451
snapshot_11_23_2015_6_0.json	1448276400.0	122.25	395	451
snapshot_11_24_2015_0_0.json	1448341200.0	122.25	395	449
snapshot_11_24_2015_12_0.json	1448384400.0	122.25	395	449
snapshot_11_24_2015_18_0.json	1448406000.0	122.25	395	445
snapshot_11_24_2015_6_0.json	1448362800.0	122.25	395	449
snapshot_11_25_2015_0_0.json	1448427600.0	122.25	395	443
snapshot_11_25_2015_0_0.json	1448427600.0	122.25	395	443
snapshot_11_25_2015_12_0.json	1448470800.0	122.25	395	443
snapshot_11_25_2015_18_0.json	1448492400.0	122.25	395	443
snapshot_11_25_2015_6_0.json	1448449200.0	122.25	395	443
snapshot_11_26_2015_0_0.json	1448514000.0	122.25	395	443
snapshot_11_27_2015_18_0.json	1448665200.0	97.68	395	446
snapshot_11_28_2015_0_0.json	1448686800.0	97.68	395	442
snapshot_11_28_2015_12_0.json	1448730000.0	97.68	395	442
snapshot_11_28_2015_18_0.json	1448751600.0	97.68	395	442
snapshot_11_29_2015_0_0.json	1448773200.0	97.68	395	442
snapshot_11_29_2015_0_0.json	1448773200.0	97.68	395	442
snapshot_11_29_2015_12_0.json	1448816400.0	97.68	395	440
snapshot_11_29_2015_18_0.json	1448838000.0	97.68	395	440
snapshot_11_29_2015_6_0.json	1448794800.0	97.68	395	440
snapshot_11_30_2015_0_0.json	1448859600.0	97.68	395	438
snapshot_11_30_2015_12_0.json	1448902800.0	97.68	395	433
snapshot_11_30_2015_18_0.json	1448924400.0	97.68	395	431
snapshot_11_30_2015_6_0.json	1448881200.0	97.68	395	433
snapshot_12_1_2015_12_0.json	1448989200.0	97.68	395	460
snapshot_12_1_2015_18_0.json	1449010800.0	97.68	395	462
snapshot_12_1_2015_6_0.json	1448967600.0	97.68	395	460
snapshot_12_1_2015_6_0.json	1448967600.0	97.68	395	460
snapshot_12_2_2015_12_0.json	1449075600.0	97.68	395	460
snapshot_12_2_2015_18_0.json	1449097200.0	97.68	395	460
snapshot_12_2_2015_6_0.json	1449054000.0	97.68	395	460
snapshot_12_3_2015_0_0.json	1449118800.0	97.68	395	444
snapshot_12_3_2015_12_0.json	1449162000.0	94.17	400	445
snapshot_12_3_2015_18_0.json	1449183600.0	93	400	441
snapshot_12_3_2015_6_0.json	1449140400.0	94.17	400	445
snapshot_12_4_2015_0_0.json	1449205200.0	93	400	433
snapshot_12_4_2015_12_0.json	1449248400.0	90.66	400	429
snapshot_12_4_2015_18_0.json	1449270000.0	90.66	400	429
snapshot_12_4_2015_18_0.json	1449270000.0	90.66	400	429
snapshot_12_4_2015_6_0.json	1449226800.0	93	400	426
snapshot_12_5_2015_0_0.json	1449291600.0	90.66	400	427
snapshot_12_5_2015_0_0.json	1449291600.0	90.66	400	427
snapshot_12_5_2015_12_0.json	1449334800.0	90.66	400	421
snapshot_12_5_2015_18_0.json	1449356400.0	93	400	439
snapshot_12_5_2015_6_0.json	1449313200.0	90.66	400	422
9196091	2015-12-17T23:58:00Z	2015 NCAA Division I Womens Volleyball Championship	CenturyLink Center Omaha	Nebraska Lincoln|5530	68102
snapshot_11_16_2015_0_0.json	1447650000.0	124.59	566	468
snapshot_11_17_2015_0_0.json	1447736400.0	124.59	566	468
snapshot_11_17_2015_12_0.json	1447779600.0	124.59	566	468
snapshot_11_17_2015_18_0.json	1447801200.0	124.59	566	468
snapshot_11_17_2015_6_0.json	1447758000.0	124.59	566	468
snapshot_11_18_2015_0_0.json	1447822800.0	124.59	566	468
snapshot_11_18_2015_12_0.json	1447866000.0	124.59	566	467
snapshot_11_19_2015_0_0.json	1447909200.0	124.59	566	461
snapshot_11_19_2015_12_0.json	1447952400.0	124.59	566	461
snapshot_11_19_2015_12_0.json	1447952400.0	124.59	566	461
snapshot_11_19_2015_18_0.json	1447974000.0	124.59	566	461
snapshot_11_19_2015_6_0.json	1447930800.0	124.59	566	461
snapshot_11_20_2015_0_0.json	1447995600.0	124.59	566	461
snapshot_11_20_2015_12_0.json	1448038800.0	124.59	566	457
snapshot_11_21_2015_12_0.json	1448125200.0	151.5	395	454
snapshot_11_21_2015_18_0.json	1448146800.0	151.5	395	454
snapshot_11_22_2015_0_0.json	1448168400.0	151.5	395	454
snapshot_11_22_2015_0_0.json	1448168400.0	151.5	395	454
snapshot_11_23_2015_12_0.json	1448298000.0	122.25	395	451
snapshot_11_23_2015_18_0.json	1448319600.0	122.25	395	451
snapshot_11_23_2015_18_0.json	1448319600.0	122.25	395	451
snapshot_11_23_2015_6_0.json	1448276400.0	122.25	395	451
snapshot_11_24_2015_0_0.json	1448341200.0	122.25	395	449
snapshot_11_24_2015_12_0.json	1448384400.0	122.25	395	449
snapshot_11_24_2015_18_0.json	1448406000.0	122.25	395	445
snapshot_11_24_2015_6_0.json	1448362800.0	122.25	395	449
snapshot_11_25_2015_0_0.json	1448427600.0	122.25	395	443
snapshot_11_25_2015_0_0.json	1448427600.0	122.25	395	443
snapshot_11_25_2015_12_0.json	1448470800.0	122.25	395	443
snapshot_11_25_2015_18_0.json	1448492400.0	122.25	395	443
snapshot_11_25_2015_6_0.json	1448449200.0	122.25	395	443
snapshot_11_26_2015_0_0.json	1448514000.0	122.25	395	443
snapshot_11_27_2015_18_0.json	1448665200.0	97.68	395	446
snapshot_11_28_2015_0_0.json	1448686800.0	97.68	395	442
snapshot_11_28_2015_12_0.json	1448730000.0	97.68	395	442
snapshot_11_28_2015_18_0.json	1448751600.0	97.68	395	442
snapshot_11_29_2015_0_0.json	1448773200.0	97.68	395	442
snapshot_11_29_2015_0_0.json	1448773200.0	97.68	395	442
snapshot_11_29_2015_12_0.json	1448816400.0	97.68	395	440
snapshot_11_29_2015_18_0.json	1448838000.0	97.68	395	440
snapshot_11_29_2015_6_0.json	1448794800.0	97.68	395	440
snapshot_11_30_2015_0_0.json	1448859600.0	97.68	395	438
snapshot_11_30_2015_12_0.json	1448902800.0	97.68	395	433
snapshot_11_30_2015_18_0.json	1448924400.0	97.68	395	431
snapshot_11_30_2015_6_0.json	1448881200.0	97.68	395	433
snapshot_12_1_2015_12_0.json	1448989200.0	97.68	395	460
snapshot_12_1_2015_18_0.json	1449010800.0	97.68	395	462
snapshot_12_1_2015_6_0.json	1448967600.0	97.68	395	460
snapshot_12_1_2015_6_0.json	1448967600.0	97.68	395	460
snapshot_12_2_2015_12_0.json	1449075600.0	97.68	395	460
snapshot_12_2_2015_18_0.json	1449097200.0	97.68	395	460
snapshot_12_2_2015_6_0.json	1449054000.0	97.68	395	460
snapshot_12_3_2015_0_0.json	1449118800.0	97.68	395	444
snapshot_12_3_2015_12_0.json	1449162000.0	94.17	400	445
snapshot_12_3_2015_18_0.json	1449183600.0	93	400	441
snapshot_12_3_2015_6_0.json	1449140400.0	94.17	400	445
snapshot_12_4_2015_0_0.json	1449205200.0	93	400	433
snapshot_12_4_2015_12_0.json	1449248400.0	90.66	400	429
snapshot_12_4_2015_18_0.json	1449270000.0	90.66	400	429
snapshot_12_4_2015_18_0.json	1449270000.0	90.66	400	429
snapshot_12_4_2015_6_0.json	1449226800.0	93	400	426
snapshot_12_5_2015_0_0.json	1449291600.0	90.66	400	427
snapshot_12_5_2015_0_0.json	1449291600.0	90.66	400	427
snapshot_12_5_2015_12_0.json	1449334800.0	90.66	400	421
snapshot_12_5_2015_18_0.json	1449356400.0	93	400	439
snapshot_12_5_2015_6_0.json	1449313200.0	90.66	400	422
9196091	2015-12-17T23:58:00Z	2015 NCAA Division I Womens Volleyball Championship	CenturyLink Center Omaha	Nebraska Lincoln|5530	68102
snapshot_11_16_2015_0_0.json	1447650000.0	124.59	566	468
snapshot_11_17_2015_0_0.json	1447736400.0	124.59	566	468
snapshot_11_17_2015_12_0.json	1447779600.0	124.59	566	468
snapshot_11_17_2015_18_0.json	1447801200.0	124.59	566	468
snapshot_11_17_2015_6_0.json	1447758000.0	124.59	566	468
snapshot_11_18_2015_0_0.json	1447822800.0	124.59	566	468
snapshot_11_18_2015_12_0.json	1447866000.0	124.59	566	467
snapshot_11_19_2015_0_0.json	1447909200.0	124.59	566	461
snapshot_11_19_2015_12_0.json	1447952400.0	124.59	566	461
snapshot_11_19_2015_12_0.json	1447952400.0	124.59	566	461
snapshot_11_19_2015_18_0.json	1447974000.0	124.59	566	461
snapshot_11_19_2015_6_0.json	1447930800.0	124.59	566	461
snapshot_11_20_2015_0_0.json	1447995600.0	124.59	566	461
snapshot_11_20_2015_12_0.json	1448038800.0	124.59	566	457
snapshot_11_21_2015_12_0.json	1448125200.0	151.5	395	454
snapshot_11_21_2015_18_0.json	1448146800.0	151.5	395	454
snapshot_11_22_2015_0_0.json	1448168400.0	151.5	395	454
snapshot_11_22_2015_0_0.json	1448168400.0	151.5	395	454
snapshot_11_23_2015_12_0.json	1448298000.0	122.25	395	451
snapshot_11_23_2015_18_0.json	1448319600.0	122.25	395	451
snapshot_11_23_2015_18_0.json	1448319600.0	122.25	395	451
snapshot_11_23_2015_6_0.json	1448276400.0	122.25	395	451
snapshot_11_24_2015_0_0.json	1448341200.0	122.25	395	449
snapshot_11_24_2015_12_0.json	1448384400.0	122.25	395	449
snapshot_11_24_2015_18_0.json	1448406000.0	122.25	395	445
snapshot_11_24_2015_6_0.json	1448362800.0	122.25	395	449
snapshot_11_25_2015_0_0.json	1448427600.0	122.25	395	443
snapshot_11_25_2015_0_0.json	1448427600.0	122.25	395	443
snapshot_11_25_2015_12_0.json	1448470800.0	122.25	395	443
snapshot_11_25_2015_18_0.json	1448492400.0	122.25	395	443
snapshot_11_25_2015_6_0.json	1448449200.0	122.25	395	443
snapshot_11_26_2015_0_0.json	1448514000.0	122.25	395	443
snapshot_11_27_2015_18_0.json	1448665200.0	97.68	395	446
snapshot_11_28_2015_0_0.json	1448686800.0	97.68	395	442
snapshot_11_28_2015_12_0.json	1448730000.0	97.68	395	442
snapshot_11_28_2015_18_0.json	1448751600.0	97.68	395	442
snapshot_11_29_2015_0_0.json	1448773200.0	97.68	395	442
snapshot_11_29_2015_0_0.json	1448773200.0	97.68	395	442
snapshot_11_29_2015_12_0.json	1448816400.0	97.68	395	440
snapshot_11_29_2015_18_0.json	1448838000.0	97.68	395	440
snapshot_11_29_2015_6_0.json	1448794800.0	97.68	395	440
snapshot_11_30_2015_0_0.json	1448859600.0	97.68	395	438
snapshot_11_30_2015_12_0.json	1448902800.0	97.68	395	433
snapshot_11_30_2015_18_0.json	1448924400.0	97.68	395	431
snapshot_11_30_2015_6_0.json	1448881200.0	97.68	395	433
snapshot_12_1_2015_12_0.json	1448989200.0	97.68	395	460
snapshot_12_1_2015_18_0.json	1449010800.0	97.68	395	462
snapshot_12_1_2015_6_0.json	1448967600.0	97.68	395	460
snapshot_12_1_2015_6_0.json	1448967600.0	97.68	395	460
snapshot_12_2_2015_12_0.json	1449075600.0	97.68	395	460
snapshot_12_2_2015_18_0.json	1449097200.0	97.68	395	460
snapshot_12_2_2015_6_0.json	1449054000.0	97.68	395	460
snapshot_12_3_2015_0_0.json	1449118800.0	97.68	395	444
snapshot_12_3_2015_12_0.json	1449162000.0	94.17	400	445
snapshot_12_3_2015_18_0.json	1449183600.0	93	400	441
snapshot_12_3_2015_6_0.json	1449140400.0	94.17	400	445
snapshot_12_4_2015_0_0.json	1449205200.0	93	400	433
snapshot_12_4_2015_12_0.json	1449248400.0	90.66	400	429
snapshot_12_4_2015_18_0.json	1449270000.0	90.66	400	429
snapshot_12_4_2015_18_0.json	1449270000.0	90.66	400	429
snapshot_12_4_2015_6_0.json	1449226800.0	93	400	426
snapshot_12_5_2015_0_0.json	1449291600.0	90.66	400	427
snapshot_12_5_2015_0_0.json	1449291600.0	90.66	400	427
snapshot_12_5_2015_12_0.json	1449334800.0	90.66	400	421
snapshot_12_5_2015_18_0.json	1449356400.0	93	400	439
snapshot_12_5_2015_6_0.json	1449313200.0	90.66	400	422
9196091	2015-12-17T23:58:00Z	2015 NCAA Division I Womens Volleyball Championship	CenturyLink Center Omaha	Nebraska Lincoln|5530	68102
snapshot_11_16_2015_0_0.json	1447650000.0	124.59	566	468
snapshot_11_17_2015_0_0.json	1447736400.0	124.59	566	468
snapshot_11_17_2015_12_0.json	1447779600.0	124.59	566	468
snapshot_11_17_2015_18_0.json	1447801200.0	124.59	566	468
snapshot_11_17_2015_6_0.json	1447758000.0	124.59	566	468
snapshot_11_18_2015_0_0.json	1447822800.0	124.59	566	468
snapshot_11_18_2015_12_0.json	1447866000.0	124.59	566	467
snapshot_11_19_2015_0_0.json	1447909200.0	124.59	566	461
snapshot_11_19_2015_12_0.json	1447952400.0	124.59	566	461
snapshot_11_19_2015_12_0.json	1447952400.0	124.59	566	461
snapshot_11_19_2015_18_0.json	1447974000.0	124.59	566	461
snapshot_11_19_2015_6_0.json	1447930800.0	124.59	566	461
snapshot_11_20_2015_0_0.json	1447995600.0	124.59	566	461
snapshot_11_20_2015_12_0.json	1448038800.0	124.59	566	457
snapshot_11_21_2015_12_0.json	1448125200.0	151.5	395	454
snapshot_11_21_2015_18_0.json	1448146800.0	151.5	395	454
snapshot_11_22_2015_0_0.json	1448168400.0	151.5	395	454
snapshot_11_22_2015_0_0.json	1448168400.0	151.5	395	454
snapshot_11_23_2015_12_0.json	1448298000.0	122.25	395	451
snapshot_11_23_2015_18_0.json	1448319600.0	122.25	395	451
snapshot_11_23_2015_18_0.json	1448319600.0	122.25	395	451
snapshot_11_23_2015_6_0.json	1448276400.0	122.25	395	451
snapshot_11_24_2015_0_0.json	1448341200.0	122.25	395	449
snapshot_11_24_2015_12_0.json	1448384400.0	122.25	395	449
snapshot_11_24_2015_18_0.json	1448406000.0	122.25	395	445
snapshot_11_24_2015_6_0.json	1448362800.0	122.25	395	449
snapshot_11_25_2015_0_0.json	1448427600.0	122.25	395	443
snapshot_11_25_2015_0_0.json	1448427600.0	122.25	395	443
snapshot_11_25_2015_12_0.json	1448470800.0	122.25	395	443
snapshot_11_25_2015_18_0.json	1448492400.0	122.25	395	443
snapshot_11_25_2015_6_0.json	1448449200.0	122.25	395	443
snapshot_11_26_2015_0_0.json	1448514000.0	122.25	395	443
snapshot_11_27_2015_18_0.json	1448665200.0	97.68	395	446
snapshot_11_28_2015_0_0.json	1448686800.0	97.68	395	442
snapshot_11_28_2015_12_0.json	1448730000.0	97.68	395	442
snapshot_11_28_2015_18_0.json	1448751600.0	97.68	395	442
snapshot_11_29_2015_0_0.json	1448773200.0	97.68	395	442
snapshot_11_29_2015_0_0.json	1448773200.0	97.68	395	442
snapshot_11_29_2015_12_0.json	1448816400.0	97.68	395	440
snapshot_11_29_2015_18_0.json	1448838000.0	97.68	395	440
snapshot_11_29_2015_6_0.json	1448794800.0	97.68	395	440
snapshot_11_30_2015_0_0.json	1448859600.0	97.68	395	438
snapshot_11_30_2015_12_0.json	1448902800.0	97.68	395	433
snapshot_11_30_2015_18_0.json	1448924400.0	97.68	395	431
snapshot_11_30_2015_6_0.json	1448881200.0	97.68	395	433
snapshot_12_1_2015_12_0.json	1448989200.0	97.68	395	460
snapshot_12_1_2015_18_0.json	1449010800.0	97.68	395	462
snapshot_12_1_2015_6_0.json	1448967600.0	97.68	395	460
snapshot_12_1_2015_6_0.json	1448967600.0	97.68	395	460
snapshot_12_2_2015_12_0.json	1449075600.0	97.68	395	460
snapshot_12_2_2015_18_0.json	1449097200.0	97.68	395	460
snapshot_12_2_2015_6_0.json	1449054000.0	97.68	395	460
snapshot_12_3_2015_0_0.json	1449118800.0	97.68	395	444
snapshot_12_3_2015_12_0.json	1449162000.0	94.17	400	445
snapshot_12_3_2015_18_0.json	1449183600.0	93	400	441
snapshot_12_3_2015_6_0.json	1449140400.0	94.17	400	445
snapshot_12_4_2015_0_0.json	1449205200.0	93	400	433
snapshot_12_4_2015_12_0.json	1449248400.0	90.66	400	429
snapshot_12_4_2015_18_0.json	1449270000.0	90.66	400	429
snapshot_12_4_2015_18_0.json	1449270000.0	90.66	400	429
snapshot_12_4_2015_6_0.json	1449226800.0	93	400	426
snapshot_12_5_2015_0_0.json	1449291600.0	90.66	400	427
snapshot_12_5_2015_0_0.json	1449291600.0	90.66	400	427
snapshot_12_5_2015_12_0.json	1449334800.0	90.66	400	421
snapshot_12_5_2015_18_0.json	1449356400.0	93	400	439
snapshot_12_5_2015_6_0.json	1449313200.0	90.66	400	422
