9199616	2015-12-06T22:00:00Z	Disney on Ice Frozen	Pepsi Center	Colorado Denver|678	80204
snapshot_11_16_2015_0_0.json	1447650000.0	40.35	550	619
snapshot_11_16_2015_0_0.json	1447650000.0	40.35	550	619
snapshot_11_17_2015_0_0.json	1447736400.0	40.35	550	611
snapshot_11_18_2015_0_0.json	1447822800.0	40.35	550	606
snapshot_11_18_2015_12_0.json	1447866000.0	40.35	550	579
snapshot_11_18_2015_18_0.json	1447887600.0	40.35	550	562
snapshot_11_18_2015_6_0.json	1447844400.0	40.35	550	584
snapshot_11_19_2015_0_0.json	1447909200.0	40.35	550	557
snapshot_11_19_2015_12_0.json	1447952400.0	40.35	550	540
snapshot_11_19_2015_12_0.json	1447952400.0	40.35	550	540
snapshot_11_19_2015_6_0.json	1447930800.0	40.35	550	540
snapshot_11_20_2015_0_0.json	1447995600.0	40.35	550	505
snapshot_11_20_2015_12_0.json	1448038800.0	40.35	550	498
snapshot_11_21_2015_12_0.json	1448125200.0	40.35	550	479
snapshot_11_21_2015_18_0.json	1448146800.0	40.35	550	470
snapshot_11_22_2015_0_0.json	1448168400.0	40.35	550	494
snapshot_11_22_2015_12_0.json	1448211600.0	40.35	550	485
snapshot_11_22_2015_18_0.json	1448233200.0	40.35	550	491
snapshot_11_22_2015_6_0.json	1448190000.0	40.35	550	485
snapshot_11_23_2015_18_0.json	1448319600.0	40.35	550	485
snapshot_11_24_2015_0_0.json	1448341200.0	40.35	550	527
snapshot_11_24_2015_12_0.json	1448384400.0	40.35	550	489
snapshot_11_24_2015_12_0.json	1448384400.0	40.35	550	489
snapshot_11_24_2015_18_0.json	1448406000.0	40.35	550	527
snapshot_11_24_2015_6_0.json	1448362800.0	40.35	550	500
snapshot_11_25_2015_0_0.json	1448427600.0	40.35	550	501
snapshot_11_25_2015_12_0.json	1448470800.0	40.35	550	551
snapshot_11_25_2015_12_0.json	1448470800.0	40.35	550	551
snapshot_11_25_2015_18_0.json	1448492400.0	40.35	550	546
snapshot_11_25_2015_6_0.json	1448449200.0	40.35	550	551
snapshot_11_26_2015_0_0.json	1448514000.0	40.35	550	531
snapshot_11_27_2015_18_0.json	1448665200.0	40.35	550	475
snapshot_11_28_2015_0_0.json	1448686800.0	40.35	550	480
snapshot_11_28_2015_12_0.json	1448730000.0	40.35	550	478
snapshot_11_28_2015_12_0.json	1448730000.0	40.35	550	478
snapshot_11_28_2015_18_0.json	1448751600.0	40.35	550	471
snapshot_11_28_2015_6_0.json	1448708400.0	40.35	550	478
snapshot_11_29_2015_0_0.json	1448773200.0	40.35	550	459
snapshot_11_29_2015_0_0.json	1448773200.0	40.35	550	459
snapshot_11_29_2015_12_0.json	1448816400.0	40.35	550	453
snapshot_11_29_2015_18_0.json	1448838000.0	40.35	550	453
snapshot_11_29_2015_6_0.json	1448794800.0	40.35	550	453
snapshot_11_30_2015_0_0.json	1448859600.0	40.35	550	450
snapshot_11_30_2015_12_0.json	1448902800.0	40.35	147	438
snapshot_11_30_2015_18_0.json	1448924400.0	40.35	147	426
snapshot_11_30_2015_6_0.json	1448881200.0	40.35	147	438
snapshot_12_1_2015_0_0.json	1448946000.0	40.35	147	412
snapshot_12_1_2015_12_0.json	1448989200.0	40.35	147	389
snapshot_12_1_2015_18_0.json	1449010800.0	40.35	147	371
snapshot_12_1_2015_6_0.json	1448967600.0	40.35	147	394
snapshot_12_2_2015_0_0.json	1449032400.0	39.18	147	367
snapshot_12_2_2015_18_0.json	1449097200.0	27.48	147	270
snapshot_12_3_2015_0_0.json	1449118800.0	52.05	122.5	180
snapshot_12_3_2015_12_0.json	1449162000.0	49.71	122.5	134
snapshot_12_3_2015_18_0.json	1449183600.0	45.03	98	116
snapshot_12_3_2015_6_0.json	1449140400.0	49.71	122.5	136
snapshot_12_4_2015_0_0.json	1449205200.0	0	0	0
snapshot_12_4_2015_12_0.json	1449248400.0	103.53	84	9
snapshot_12_4_2015_18_0.json	1449270000.0	0	0	0
snapshot_12_4_2015_6_0.json	1449226800.0	0	0	0
snapshot_12_5_2015_0_0.json	1449291600.0	0	0	0
snapshot_12_5_2015_0_0.json	1449291600.0	0	0	0
snapshot_12_5_2015_18_0.json	1449356400.0	0	0	0
snapshot_12_5_2015_6_0.json	1449313200.0	0	0	0
snapshot_12_5_2015_6_0.json	1449313200.0	0	0	0
9199616	2015-12-06T22:00:00Z	Disney on Ice Frozen	Pepsi Center	Colorado Denver|678	80204
snapshot_11_16_2015_0_0.json	1447650000.0	40.35	550	619
snapshot_11_16_2015_0_0.json	1447650000.0	40.35	550	619
snapshot_11_17_2015_0_0.json	1447736400.0	40.35	550	611
snapshot_11_18_2015_0_0.json	1447822800.0	40.35	550	606
snapshot_11_18_2015_12_0.json	1447866000.0	40.35	550	579
snapshot_11_18_2015_18_0.json	1447887600.0	40.35	550	562
snapshot_11_18_2015_6_0.json	1447844400.0	40.35	550	584
snapshot_11_19_2015_0_0.json	1447909200.0	40.35	550	557
snapshot_11_19_2015_12_0.json	1447952400.0	40.35	550	540
snapshot_11_19_2015_12_0.json	1447952400.0	40.35	550	540
snapshot_11_19_2015_6_0.json	1447930800.0	40.35	550	540
snapshot_11_20_2015_0_0.json	1447995600.0	40.35	550	505
snapshot_11_20_2015_12_0.json	1448038800.0	40.35	550	498
snapshot_11_21_2015_12_0.json	1448125200.0	40.35	550	479
snapshot_11_21_2015_18_0.json	1448146800.0	40.35	550	470
snapshot_11_22_2015_0_0.json	1448168400.0	40.35	550	494
snapshot_11_22_2015_12_0.json	1448211600.0	40.35	550	485
snapshot_11_22_2015_18_0.json	1448233200.0	40.35	550	491
snapshot_11_22_2015_6_0.json	1448190000.0	40.35	550	485
snapshot_11_23_2015_18_0.json	1448319600.0	40.35	550	485
snapshot_11_24_2015_0_0.json	1448341200.0	40.35	550	527
snapshot_11_24_2015_12_0.json	1448384400.0	40.35	550	489
snapshot_11_24_2015_12_0.json	1448384400.0	40.35	550	489
snapshot_11_24_2015_18_0.json	1448406000.0	40.35	550	527
snapshot_11_24_2015_6_0.json	1448362800.0	40.35	550	500
snapshot_11_25_2015_0_0.json	1448427600.0	40.35	550	501
snapshot_11_25_2015_12_0.json	1448470800.0	40.35	550	551
snapshot_11_25_2015_12_0.json	1448470800.0	40.35	550	551
snapshot_11_25_2015_18_0.json	1448492400.0	40.35	550	546
snapshot_11_25_2015_6_0.json	1448449200.0	40.35	550	551
snapshot_11_26_2015_0_0.json	1448514000.0	40.35	550	531
snapshot_11_27_2015_18_0.json	1448665200.0	40.35	550	475
snapshot_11_28_2015_0_0.json	1448686800.0	40.35	550	480
snapshot_11_28_2015_12_0.json	1448730000.0	40.35	550	478
snapshot_11_28_2015_12_0.json	1448730000.0	40.35	550	478
snapshot_11_28_2015_18_0.json	1448751600.0	40.35	550	471
snapshot_11_28_2015_6_0.json	1448708400.0	40.35	550	478
snapshot_11_29_2015_0_0.json	1448773200.0	40.35	550	459
snapshot_11_29_2015_0_0.json	1448773200.0	40.35	550	459
snapshot_11_29_2015_12_0.json	1448816400.0	40.35	550	453
snapshot_11_29_2015_18_0.json	1448838000.0	40.35	550	453
snapshot_11_29_2015_6_0.json	1448794800.0	40.35	550	453
snapshot_11_30_2015_0_0.json	1448859600.0	40.35	550	450
snapshot_11_30_2015_12_0.json	1448902800.0	40.35	147	438
snapshot_11_30_2015_18_0.json	1448924400.0	40.35	147	426
snapshot_11_30_2015_6_0.json	1448881200.0	40.35	147	438
snapshot_12_1_2015_0_0.json	1448946000.0	40.35	147	412
snapshot_12_1_2015_12_0.json	1448989200.0	40.35	147	389
snapshot_12_1_2015_18_0.json	1449010800.0	40.35	147	371
snapshot_12_1_2015_6_0.json	1448967600.0	40.35	147	394
snapshot_12_2_2015_0_0.json	1449032400.0	39.18	147	367
snapshot_12_2_2015_18_0.json	1449097200.0	27.48	147	270
snapshot_12_3_2015_0_0.json	1449118800.0	52.05	122.5	180
snapshot_12_3_2015_12_0.json	1449162000.0	49.71	122.5	134
snapshot_12_3_2015_18_0.json	1449183600.0	45.03	98	116
snapshot_12_3_2015_6_0.json	1449140400.0	49.71	122.5	136
snapshot_12_4_2015_0_0.json	1449205200.0	0	0	0
snapshot_12_4_2015_12_0.json	1449248400.0	103.53	84	9
snapshot_12_4_2015_18_0.json	1449270000.0	0	0	0
snapshot_12_4_2015_6_0.json	1449226800.0	0	0	0
snapshot_12_5_2015_0_0.json	1449291600.0	0	0	0
snapshot_12_5_2015_0_0.json	1449291600.0	0	0	0
snapshot_12_5_2015_18_0.json	1449356400.0	0	0	0
snapshot_12_5_2015_6_0.json	1449313200.0	0	0	0
snapshot_12_5_2015_6_0.json	1449313200.0	0	0	0
9199616	2015-12-06T22:00:00Z	Disney on Ice Frozen	Pepsi Center	Colorado Denver|678	80204
snapshot_11_16_2015_0_0.json	1447650000.0	40.35	550	619
snapshot_11_16_2015_0_0.json	1447650000.0	40.35	550	619
snapshot_11_17_2015_0_0.json	1447736400.0	40.35	550	611
snapshot_11_18_2015_0_0.json	1447822800.0	40.35	550	606
snapshot_11_18_2015_12_0.json	1447866000.0	40.35	550	579
snapshot_11_18_2015_18_0.json	1447887600.0	40.35	550	562
snapshot_11_18_2015_6_0.json	1447844400.0	40.35	550	584
snapshot_11_19_2015_0_0.json	1447909200.0	40.35	550	557
snapshot_11_19_2015_12_0.json	1447952400.0	40.35	550	540
snapshot_11_19_2015_12_0.json	1447952400.0	40.35	550	540
snapshot_11_19_2015_6_0.json	1447930800.0	40.35	550	540
snapshot_11_20_2015_0_0.json	1447995600.0	40.35	550	505
snapshot_11_20_2015_12_0.json	1448038800.0	40.35	550	498
snapshot_11_21_2015_12_0.json	1448125200.0	40.35	550	479
snapshot_11_21_2015_18_0.json	1448146800.0	40.35	550	470
snapshot_11_22_2015_0_0.json	1448168400.0	40.35	550	494
snapshot_11_22_2015_12_0.json	1448211600.0	40.35	550	485
snapshot_11_22_2015_18_0.json	1448233200.0	40.35	550	491
snapshot_11_22_2015_6_0.json	1448190000.0	40.35	550	485
snapshot_11_23_2015_18_0.json	1448319600.0	40.35	550	485
snapshot_11_24_2015_0_0.json	1448341200.0	40.35	550	527
snapshot_11_24_2015_12_0.json	1448384400.0	40.35	550	489
snapshot_11_24_2015_12_0.json	1448384400.0	40.35	550	489
snapshot_11_24_2015_18_0.json	1448406000.0	40.35	550	527
snapshot_11_24_2015_6_0.json	1448362800.0	40.35	550	500
snapshot_11_25_2015_0_0.json	1448427600.0	40.35	550	501
snapshot_11_25_2015_12_0.json	1448470800.0	40.35	550	551
snapshot_11_25_2015_12_0.json	1448470800.0	40.35	550	551
snapshot_11_25_2015_18_0.json	1448492400.0	40.35	550	546
snapshot_11_25_2015_6_0.json	1448449200.0	40.35	550	551
snapshot_11_26_2015_0_0.json	1448514000.0	40.35	550	531
snapshot_11_27_2015_18_0.json	1448665200.0	40.35	550	475
snapshot_11_28_2015_0_0.json	1448686800.0	40.35	550	480
snapshot_11_28_2015_12_0.json	1448730000.0	40.35	550	478
snapshot_11_28_2015_12_0.json	1448730000.0	40.35	550	478
snapshot_11_28_2015_18_0.json	1448751600.0	40.35	550	471
snapshot_11_28_2015_6_0.json	1448708400.0	40.35	550	478
snapshot_11_29_2015_0_0.json	1448773200.0	40.35	550	459
snapshot_11_29_2015_0_0.json	1448773200.0	40.35	550	459
snapshot_11_29_2015_12_0.json	1448816400.0	40.35	550	453
snapshot_11_29_2015_18_0.json	1448838000.0	40.35	550	453
snapshot_11_29_2015_6_0.json	1448794800.0	40.35	550	453
snapshot_11_30_2015_0_0.json	1448859600.0	40.35	550	450
snapshot_11_30_2015_12_0.json	1448902800.0	40.35	147	438
snapshot_11_30_2015_18_0.json	1448924400.0	40.35	147	426
snapshot_11_30_2015_6_0.json	1448881200.0	40.35	147	438
snapshot_12_1_2015_0_0.json	1448946000.0	40.35	147	412
snapshot_12_1_2015_12_0.json	1448989200.0	40.35	147	389
snapshot_12_1_2015_18_0.json	1449010800.0	40.35	147	371
snapshot_12_1_2015_6_0.json	1448967600.0	40.35	147	394
snapshot_12_2_2015_0_0.json	1449032400.0	39.18	147	367
snapshot_12_2_2015_18_0.json	1449097200.0	27.48	147	270
snapshot_12_3_2015_0_0.json	1449118800.0	52.05	122.5	180
snapshot_12_3_2015_12_0.json	1449162000.0	49.71	122.5	134
snapshot_12_3_2015_18_0.json	1449183600.0	45.03	98	116
snapshot_12_3_2015_6_0.json	1449140400.0	49.71	122.5	136
snapshot_12_4_2015_0_0.json	1449205200.0	0	0	0
snapshot_12_4_2015_12_0.json	1449248400.0	103.53	84	9
snapshot_12_4_2015_18_0.json	1449270000.0	0	0	0
snapshot_12_4_2015_6_0.json	1449226800.0	0	0	0
snapshot_12_5_2015_0_0.json	1449291600.0	0	0	0
snapshot_12_5_2015_0_0.json	1449291600.0	0	0	0
snapshot_12_5_2015_18_0.json	1449356400.0	0	0	0
snapshot_12_5_2015_6_0.json	1449313200.0	0	0	0
snapshot_12_5_2015_6_0.json	1449313200.0	0	0	0
9199616	2015-12-06T22:00:00Z	Disney on Ice Frozen	Pepsi Center	Colorado Denver|678	80204
snapshot_11_16_2015_0_0.json	1447650000.0	40.35	550	619
snapshot_11_16_2015_0_0.json	1447650000.0	40.35	550	619
snapshot_11_17_2015_0_0.json	1447736400.0	40.35	550	611
snapshot_11_18_2015_0_0.json	1447822800.0	40.35	550	606
snapshot_11_18_2015_12_0.json	1447866000.0	40.35	550	579
snapshot_11_18_2015_18_0.json	1447887600.0	40.35	550	562
snapshot_11_18_2015_6_0.json	1447844400.0	40.35	550	584
snapshot_11_19_2015_0_0.json	1447909200.0	40.35	550	557
snapshot_11_19_2015_12_0.json	1447952400.0	40.35	550	540
snapshot_11_19_2015_12_0.json	1447952400.0	40.35	550	540
snapshot_11_19_2015_6_0.json	1447930800.0	40.35	550	540
snapshot_11_20_2015_0_0.json	1447995600.0	40.35	550	505
snapshot_11_20_2015_12_0.json	1448038800.0	40.35	550	498
snapshot_11_21_2015_12_0.json	1448125200.0	40.35	550	479
snapshot_11_21_2015_18_0.json	1448146800.0	40.35	550	470
snapshot_11_22_2015_0_0.json	1448168400.0	40.35	550	494
snapshot_11_22_2015_12_0.json	1448211600.0	40.35	550	485
snapshot_11_22_2015_18_0.json	1448233200.0	40.35	550	491
snapshot_11_22_2015_6_0.json	1448190000.0	40.35	550	485
snapshot_11_23_2015_18_0.json	1448319600.0	40.35	550	485
snapshot_11_24_2015_0_0.json	1448341200.0	40.35	550	527
snapshot_11_24_2015_12_0.json	1448384400.0	40.35	550	489
snapshot_11_24_2015_12_0.json	1448384400.0	40.35	550	489
snapshot_11_24_2015_18_0.json	1448406000.0	40.35	550	527
snapshot_11_24_2015_6_0.json	1448362800.0	40.35	550	500
snapshot_11_25_2015_0_0.json	1448427600.0	40.35	550	501
snapshot_11_25_2015_12_0.json	1448470800.0	40.35	550	551
snapshot_11_25_2015_12_0.json	1448470800.0	40.35	550	551
snapshot_11_25_2015_18_0.json	1448492400.0	40.35	550	546
snapshot_11_25_2015_6_0.json	1448449200.0	40.35	550	551
snapshot_11_26_2015_0_0.json	1448514000.0	40.35	550	531
snapshot_11_27_2015_18_0.json	1448665200.0	40.35	550	475
snapshot_11_28_2015_0_0.json	1448686800.0	40.35	550	480
snapshot_11_28_2015_12_0.json	1448730000.0	40.35	550	478
snapshot_11_28_2015_12_0.json	1448730000.0	40.35	550	478
snapshot_11_28_2015_18_0.json	1448751600.0	40.35	550	471
snapshot_11_28_2015_6_0.json	1448708400.0	40.35	550	478
snapshot_11_29_2015_0_0.json	1448773200.0	40.35	550	459
snapshot_11_29_2015_0_0.json	1448773200.0	40.35	550	459
snapshot_11_29_2015_12_0.json	1448816400.0	40.35	550	453
snapshot_11_29_2015_18_0.json	1448838000.0	40.35	550	453
snapshot_11_29_2015_6_0.json	1448794800.0	40.35	550	453
snapshot_11_30_2015_0_0.json	1448859600.0	40.35	550	450
snapshot_11_30_2015_12_0.json	1448902800.0	40.35	147	438
snapshot_11_30_2015_18_0.json	1448924400.0	40.35	147	426
snapshot_11_30_2015_6_0.json	1448881200.0	40.35	147	438
snapshot_12_1_2015_0_0.json	1448946000.0	40.35	147	412
snapshot_12_1_2015_12_0.json	1448989200.0	40.35	147	389
snapshot_12_1_2015_18_0.json	1449010800.0	40.35	147	371
snapshot_12_1_2015_6_0.json	1448967600.0	40.35	147	394
snapshot_12_2_2015_0_0.json	1449032400.0	39.18	147	367
snapshot_12_2_2015_18_0.json	1449097200.0	27.48	147	270
snapshot_12_3_2015_0_0.json	1449118800.0	52.05	122.5	180
snapshot_12_3_2015_12_0.json	1449162000.0	49.71	122.5	134
snapshot_12_3_2015_18_0.json	1449183600.0	45.03	98	116
snapshot_12_3_2015_6_0.json	1449140400.0	49.71	122.5	136
snapshot_12_4_2015_0_0.json	1449205200.0	0	0	0
snapshot_12_4_2015_12_0.json	1449248400.0	103.53	84	9
snapshot_12_4_2015_18_0.json	1449270000.0	0	0	0
snapshot_12_4_2015_6_0.json	1449226800.0	0	0	0
snapshot_12_5_2015_0_0.json	1449291600.0	0	0	0
snapshot_12_5_2015_0_0.json	1449291600.0	0	0	0
snapshot_12_5_2015_18_0.json	1449356400.0	0	0	0
snapshot_12_5_2015_6_0.json	1449313200.0	0	0	0
snapshot_12_5_2015_6_0.json	1449313200.0	0	0	0
