9199612	2015-12-07T01:30:00Z	Amy Grant and Michael W Smith	American Airlines Center	Texas Dallas|672	75219
snapshot_11_16_2015_0_0.json	1447650000.0	78.55	4341.52	367
snapshot_11_17_2015_0_0.json	1447736400.0	78.55	4341.52	365
snapshot_11_17_2015_12_0.json	1447779600.0	78.55	4341.52	353
snapshot_11_17_2015_6_0.json	1447758000.0	78.55	4341.52	349
snapshot_11_18_2015_0_0.json	1447822800.0	78.55	4341.52	355
snapshot_11_18_2015_12_0.json	1447866000.0	78.55	4341.52	347
snapshot_11_18_2015_18_0.json	1447887600.0	82.06	4341.52	349
snapshot_11_18_2015_6_0.json	1447844400.0	78.55	4341.52	351
snapshot_11_19_2015_0_0.json	1447909200.0	82.06	4341.52	339
snapshot_11_19_2015_0_0.json	1447909200.0	82.06	4341.52	339
snapshot_11_19_2015_12_0.json	1447952400.0	82.06	4341.52	337
snapshot_11_19_2015_6_0.json	1447930800.0	82.06	4341.52	337
snapshot_11_20_2015_0_0.json	1447995600.0	82.06	4341.52	338
snapshot_11_20_2015_12_0.json	1448038800.0	82.06	4341.52	343
snapshot_11_20_2015_12_0.json	1448038800.0	82.06	4341.52	343
snapshot_11_21_2015_12_0.json	1448125200.0	82.06	4341.52	345
snapshot_11_21_2015_18_0.json	1448146800.0	82.06	4341.52	336
snapshot_11_22_2015_0_0.json	1448168400.0	82.06	4341.52	330
snapshot_11_22_2015_12_0.json	1448211600.0	80.89	4341.52	321
snapshot_11_22_2015_6_0.json	1448190000.0	80.89	4341.52	325
snapshot_11_22_2015_6_0.json	1448190000.0	80.89	4341.52	325
snapshot_11_23_2015_0_0.json	1448254800.0	80.89	4341.52	315
snapshot_11_23_2015_12_0.json	1448298000.0	80.89	4341.52	313
snapshot_11_23_2015_18_0.json	1448319600.0	80.89	4341.52	326
snapshot_11_23_2015_18_0.json	1448319600.0	80.89	4341.52	326
snapshot_11_24_2015_0_0.json	1448341200.0	72.7	4341.52	322
snapshot_11_24_2015_12_0.json	1448384400.0	72.7	4341.52	321
snapshot_11_24_2015_12_0.json	1448384400.0	72.7	4341.52	321
snapshot_11_24_2015_18_0.json	1448406000.0	72.7	2328.43	317
snapshot_11_24_2015_6_0.json	1448362800.0	72.7	4341.52	319
snapshot_11_25_2015_0_0.json	1448427600.0	72.7	2328.43	315
snapshot_11_25_2015_12_0.json	1448470800.0	72.7	2328.43	323
snapshot_11_25_2015_18_0.json	1448492400.0	72.7	2328.43	317
snapshot_11_25_2015_6_0.json	1448449200.0	72.7	2328.43	323
snapshot_11_26_2015_0_0.json	1448514000.0	72.7	2328.43	320
snapshot_11_27_2015_18_0.json	1448665200.0	72.7	2328.43	317
snapshot_11_28_2015_0_0.json	1448686800.0	72.7	1862.75	320
snapshot_11_28_2015_0_0.json	1448686800.0	72.7	1862.75	320
snapshot_11_28_2015_12_0.json	1448730000.0	72.7	1862.75	312
snapshot_11_28_2015_18_0.json	1448751600.0	72.7	1862.75	310
snapshot_11_28_2015_6_0.json	1448708400.0	62.44	1862.75	321
snapshot_11_29_2015_0_0.json	1448773200.0	72.7	1862.75	318
snapshot_11_29_2015_12_0.json	1448816400.0	72.7	1862.75	308
snapshot_11_30_2015_0_0.json	1448859600.0	72.7	1862.75	297
snapshot_11_30_2015_12_0.json	1448902800.0	72.7	1862.75	301
snapshot_11_30_2015_18_0.json	1448924400.0	72.7	1862.75	292
snapshot_11_30_2015_6_0.json	1448881200.0	72.7	1862.75	304
snapshot_12_1_2015_0_0.json	1448946000.0	71.53	516	304
snapshot_12_1_2015_12_0.json	1448989200.0	71.53	392	289
snapshot_12_1_2015_18_0.json	1449010800.0	69.19	516	291
snapshot_12_1_2015_6_0.json	1448967600.0	71.53	520	297
snapshot_12_2_2015_12_0.json	1449075600.0	69.19	516	270
snapshot_12_2_2015_18_0.json	1449097200.0	69.19	516	256
snapshot_12_2_2015_6_0.json	1449054000.0	69.19	516	276
snapshot_12_3_2015_0_0.json	1449118800.0	69.19	516	263
snapshot_12_3_2015_12_0.json	1449162000.0	67.88	318.5	243
snapshot_12_3_2015_18_0.json	1449183600.0	67.88	520	246
snapshot_12_3_2015_6_0.json	1449140400.0	67.88	520	249
snapshot_12_4_2015_0_0.json	1449205200.0	62.44	520	232
snapshot_12_4_2015_12_0.json	1449248400.0	69.19	269.5	208
snapshot_12_4_2015_18_0.json	1449270000.0	72.7	520	201
snapshot_12_4_2015_6_0.json	1449226800.0	69.19	516	207
snapshot_12_5_2015_0_0.json	1449291600.0	64.5	836	193
snapshot_12_5_2015_12_0.json	1449334800.0	61	275	123
snapshot_12_5_2015_18_0.json	1449356400.0	59.77	400	114
snapshot_12_5_2015_6_0.json	1449313200.0	61	275	125
9199612	2015-12-07T01:30:00Z	Amy Grant and Michael W Smith	American Airlines Center	Texas Dallas|672	75219
snapshot_11_16_2015_0_0.json	1447650000.0	78.55	4341.52	367
snapshot_11_17_2015_0_0.json	1447736400.0	78.55	4341.52	365
snapshot_11_17_2015_12_0.json	1447779600.0	78.55	4341.52	353
snapshot_11_17_2015_6_0.json	1447758000.0	78.55	4341.52	349
snapshot_11_18_2015_0_0.json	1447822800.0	78.55	4341.52	355
snapshot_11_18_2015_12_0.json	1447866000.0	78.55	4341.52	347
snapshot_11_18_2015_18_0.json	1447887600.0	82.06	4341.52	349
snapshot_11_18_2015_6_0.json	1447844400.0	78.55	4341.52	351
snapshot_11_19_2015_0_0.json	1447909200.0	82.06	4341.52	339
snapshot_11_19_2015_0_0.json	1447909200.0	82.06	4341.52	339
snapshot_11_19_2015_12_0.json	1447952400.0	82.06	4341.52	337
snapshot_11_19_2015_6_0.json	1447930800.0	82.06	4341.52	337
snapshot_11_20_2015_0_0.json	1447995600.0	82.06	4341.52	338
snapshot_11_20_2015_12_0.json	1448038800.0	82.06	4341.52	343
snapshot_11_20_2015_12_0.json	1448038800.0	82.06	4341.52	343
snapshot_11_21_2015_12_0.json	1448125200.0	82.06	4341.52	345
snapshot_11_21_2015_18_0.json	1448146800.0	82.06	4341.52	336
snapshot_11_22_2015_0_0.json	1448168400.0	82.06	4341.52	330
snapshot_11_22_2015_12_0.json	1448211600.0	80.89	4341.52	321
snapshot_11_22_2015_6_0.json	1448190000.0	80.89	4341.52	325
snapshot_11_22_2015_6_0.json	1448190000.0	80.89	4341.52	325
snapshot_11_23_2015_0_0.json	1448254800.0	80.89	4341.52	315
snapshot_11_23_2015_12_0.json	1448298000.0	80.89	4341.52	313
snapshot_11_23_2015_18_0.json	1448319600.0	80.89	4341.52	326
snapshot_11_23_2015_18_0.json	1448319600.0	80.89	4341.52	326
snapshot_11_24_2015_0_0.json	1448341200.0	72.7	4341.52	322
snapshot_11_24_2015_12_0.json	1448384400.0	72.7	4341.52	321
snapshot_11_24_2015_12_0.json	1448384400.0	72.7	4341.52	321
snapshot_11_24_2015_18_0.json	1448406000.0	72.7	2328.43	317
snapshot_11_24_2015_6_0.json	1448362800.0	72.7	4341.52	319
snapshot_11_25_2015_0_0.json	1448427600.0	72.7	2328.43	315
snapshot_11_25_2015_12_0.json	1448470800.0	72.7	2328.43	323
snapshot_11_25_2015_18_0.json	1448492400.0	72.7	2328.43	317
snapshot_11_25_2015_6_0.json	1448449200.0	72.7	2328.43	323
snapshot_11_26_2015_0_0.json	1448514000.0	72.7	2328.43	320
snapshot_11_27_2015_18_0.json	1448665200.0	72.7	2328.43	317
snapshot_11_28_2015_0_0.json	1448686800.0	72.7	1862.75	320
snapshot_11_28_2015_0_0.json	1448686800.0	72.7	1862.75	320
snapshot_11_28_2015_12_0.json	1448730000.0	72.7	1862.75	312
snapshot_11_28_2015_18_0.json	1448751600.0	72.7	1862.75	310
snapshot_11_28_2015_6_0.json	1448708400.0	62.44	1862.75	321
snapshot_11_29_2015_0_0.json	1448773200.0	72.7	1862.75	318
snapshot_11_29_2015_12_0.json	1448816400.0	72.7	1862.75	308
snapshot_11_30_2015_0_0.json	1448859600.0	72.7	1862.75	297
snapshot_11_30_2015_12_0.json	1448902800.0	72.7	1862.75	301
snapshot_11_30_2015_18_0.json	1448924400.0	72.7	1862.75	292
snapshot_11_30_2015_6_0.json	1448881200.0	72.7	1862.75	304
snapshot_12_1_2015_0_0.json	1448946000.0	71.53	516	304
snapshot_12_1_2015_12_0.json	1448989200.0	71.53	392	289
snapshot_12_1_2015_18_0.json	1449010800.0	69.19	516	291
snapshot_12_1_2015_6_0.json	1448967600.0	71.53	520	297
snapshot_12_2_2015_12_0.json	1449075600.0	69.19	516	270
snapshot_12_2_2015_18_0.json	1449097200.0	69.19	516	256
snapshot_12_2_2015_6_0.json	1449054000.0	69.19	516	276
snapshot_12_3_2015_0_0.json	1449118800.0	69.19	516	263
snapshot_12_3_2015_12_0.json	1449162000.0	67.88	318.5	243
snapshot_12_3_2015_18_0.json	1449183600.0	67.88	520	246
snapshot_12_3_2015_6_0.json	1449140400.0	67.88	520	249
snapshot_12_4_2015_0_0.json	1449205200.0	62.44	520	232
snapshot_12_4_2015_12_0.json	1449248400.0	69.19	269.5	208
snapshot_12_4_2015_18_0.json	1449270000.0	72.7	520	201
snapshot_12_4_2015_6_0.json	1449226800.0	69.19	516	207
snapshot_12_5_2015_0_0.json	1449291600.0	64.5	836	193
snapshot_12_5_2015_12_0.json	1449334800.0	61	275	123
snapshot_12_5_2015_18_0.json	1449356400.0	59.77	400	114
snapshot_12_5_2015_6_0.json	1449313200.0	61	275	125
9199612	2015-12-07T01:30:00Z	Amy Grant and Michael W Smith	American Airlines Center	Texas Dallas|672	75219
snapshot_11_16_2015_0_0.json	1447650000.0	78.55	4341.52	367
snapshot_11_17_2015_0_0.json	1447736400.0	78.55	4341.52	365
snapshot_11_17_2015_12_0.json	1447779600.0	78.55	4341.52	353
snapshot_11_17_2015_6_0.json	1447758000.0	78.55	4341.52	349
snapshot_11_18_2015_0_0.json	1447822800.0	78.55	4341.52	355
snapshot_11_18_2015_12_0.json	1447866000.0	78.55	4341.52	347
snapshot_11_18_2015_18_0.json	1447887600.0	82.06	4341.52	349
snapshot_11_18_2015_6_0.json	1447844400.0	78.55	4341.52	351
snapshot_11_19_2015_0_0.json	1447909200.0	82.06	4341.52	339
snapshot_11_19_2015_0_0.json	1447909200.0	82.06	4341.52	339
snapshot_11_19_2015_12_0.json	1447952400.0	82.06	4341.52	337
snapshot_11_19_2015_6_0.json	1447930800.0	82.06	4341.52	337
snapshot_11_20_2015_0_0.json	1447995600.0	82.06	4341.52	338
snapshot_11_20_2015_12_0.json	1448038800.0	82.06	4341.52	343
snapshot_11_20_2015_12_0.json	1448038800.0	82.06	4341.52	343
snapshot_11_21_2015_12_0.json	1448125200.0	82.06	4341.52	345
snapshot_11_21_2015_18_0.json	1448146800.0	82.06	4341.52	336
snapshot_11_22_2015_0_0.json	1448168400.0	82.06	4341.52	330
snapshot_11_22_2015_12_0.json	1448211600.0	80.89	4341.52	321
snapshot_11_22_2015_6_0.json	1448190000.0	80.89	4341.52	325
snapshot_11_22_2015_6_0.json	1448190000.0	80.89	4341.52	325
snapshot_11_23_2015_0_0.json	1448254800.0	80.89	4341.52	315
snapshot_11_23_2015_12_0.json	1448298000.0	80.89	4341.52	313
snapshot_11_23_2015_18_0.json	1448319600.0	80.89	4341.52	326
snapshot_11_23_2015_18_0.json	1448319600.0	80.89	4341.52	326
snapshot_11_24_2015_0_0.json	1448341200.0	72.7	4341.52	322
snapshot_11_24_2015_12_0.json	1448384400.0	72.7	4341.52	321
snapshot_11_24_2015_12_0.json	1448384400.0	72.7	4341.52	321
snapshot_11_24_2015_18_0.json	1448406000.0	72.7	2328.43	317
snapshot_11_24_2015_6_0.json	1448362800.0	72.7	4341.52	319
snapshot_11_25_2015_0_0.json	1448427600.0	72.7	2328.43	315
snapshot_11_25_2015_12_0.json	1448470800.0	72.7	2328.43	323
snapshot_11_25_2015_18_0.json	1448492400.0	72.7	2328.43	317
snapshot_11_25_2015_6_0.json	1448449200.0	72.7	2328.43	323
snapshot_11_26_2015_0_0.json	1448514000.0	72.7	2328.43	320
snapshot_11_27_2015_18_0.json	1448665200.0	72.7	2328.43	317
snapshot_11_28_2015_0_0.json	1448686800.0	72.7	1862.75	320
snapshot_11_28_2015_0_0.json	1448686800.0	72.7	1862.75	320
snapshot_11_28_2015_12_0.json	1448730000.0	72.7	1862.75	312
snapshot_11_28_2015_18_0.json	1448751600.0	72.7	1862.75	310
snapshot_11_28_2015_6_0.json	1448708400.0	62.44	1862.75	321
snapshot_11_29_2015_0_0.json	1448773200.0	72.7	1862.75	318
snapshot_11_29_2015_12_0.json	1448816400.0	72.7	1862.75	308
snapshot_11_30_2015_0_0.json	1448859600.0	72.7	1862.75	297
snapshot_11_30_2015_12_0.json	1448902800.0	72.7	1862.75	301
snapshot_11_30_2015_18_0.json	1448924400.0	72.7	1862.75	292
snapshot_11_30_2015_6_0.json	1448881200.0	72.7	1862.75	304
snapshot_12_1_2015_0_0.json	1448946000.0	71.53	516	304
snapshot_12_1_2015_12_0.json	1448989200.0	71.53	392	289
snapshot_12_1_2015_18_0.json	1449010800.0	69.19	516	291
snapshot_12_1_2015_6_0.json	1448967600.0	71.53	520	297
snapshot_12_2_2015_12_0.json	1449075600.0	69.19	516	270
snapshot_12_2_2015_18_0.json	1449097200.0	69.19	516	256
snapshot_12_2_2015_6_0.json	1449054000.0	69.19	516	276
snapshot_12_3_2015_0_0.json	1449118800.0	69.19	516	263
snapshot_12_3_2015_12_0.json	1449162000.0	67.88	318.5	243
snapshot_12_3_2015_18_0.json	1449183600.0	67.88	520	246
snapshot_12_3_2015_6_0.json	1449140400.0	67.88	520	249
snapshot_12_4_2015_0_0.json	1449205200.0	62.44	520	232
snapshot_12_4_2015_12_0.json	1449248400.0	69.19	269.5	208
snapshot_12_4_2015_18_0.json	1449270000.0	72.7	520	201
snapshot_12_4_2015_6_0.json	1449226800.0	69.19	516	207
snapshot_12_5_2015_0_0.json	1449291600.0	64.5	836	193
snapshot_12_5_2015_12_0.json	1449334800.0	61	275	123
snapshot_12_5_2015_18_0.json	1449356400.0	59.77	400	114
snapshot_12_5_2015_6_0.json	1449313200.0	61	275	125
9199612	2015-12-07T01:30:00Z	Amy Grant and Michael W Smith	American Airlines Center	Texas Dallas|672	75219
snapshot_11_16_2015_0_0.json	1447650000.0	78.55	4341.52	367
snapshot_11_17_2015_0_0.json	1447736400.0	78.55	4341.52	365
snapshot_11_17_2015_12_0.json	1447779600.0	78.55	4341.52	353
snapshot_11_17_2015_6_0.json	1447758000.0	78.55	4341.52	349
snapshot_11_18_2015_0_0.json	1447822800.0	78.55	4341.52	355
snapshot_11_18_2015_12_0.json	1447866000.0	78.55	4341.52	347
snapshot_11_18_2015_18_0.json	1447887600.0	82.06	4341.52	349
snapshot_11_18_2015_6_0.json	1447844400.0	78.55	4341.52	351
snapshot_11_19_2015_0_0.json	1447909200.0	82.06	4341.52	339
snapshot_11_19_2015_0_0.json	1447909200.0	82.06	4341.52	339
snapshot_11_19_2015_12_0.json	1447952400.0	82.06	4341.52	337
snapshot_11_19_2015_6_0.json	1447930800.0	82.06	4341.52	337
snapshot_11_20_2015_0_0.json	1447995600.0	82.06	4341.52	338
snapshot_11_20_2015_12_0.json	1448038800.0	82.06	4341.52	343
snapshot_11_20_2015_12_0.json	1448038800.0	82.06	4341.52	343
snapshot_11_21_2015_12_0.json	1448125200.0	82.06	4341.52	345
snapshot_11_21_2015_18_0.json	1448146800.0	82.06	4341.52	336
snapshot_11_22_2015_0_0.json	1448168400.0	82.06	4341.52	330
snapshot_11_22_2015_12_0.json	1448211600.0	80.89	4341.52	321
snapshot_11_22_2015_6_0.json	1448190000.0	80.89	4341.52	325
snapshot_11_22_2015_6_0.json	1448190000.0	80.89	4341.52	325
snapshot_11_23_2015_0_0.json	1448254800.0	80.89	4341.52	315
snapshot_11_23_2015_12_0.json	1448298000.0	80.89	4341.52	313
snapshot_11_23_2015_18_0.json	1448319600.0	80.89	4341.52	326
snapshot_11_23_2015_18_0.json	1448319600.0	80.89	4341.52	326
snapshot_11_24_2015_0_0.json	1448341200.0	72.7	4341.52	322
snapshot_11_24_2015_12_0.json	1448384400.0	72.7	4341.52	321
snapshot_11_24_2015_12_0.json	1448384400.0	72.7	4341.52	321
snapshot_11_24_2015_18_0.json	1448406000.0	72.7	2328.43	317
snapshot_11_24_2015_6_0.json	1448362800.0	72.7	4341.52	319
snapshot_11_25_2015_0_0.json	1448427600.0	72.7	2328.43	315
snapshot_11_25_2015_12_0.json	1448470800.0	72.7	2328.43	323
snapshot_11_25_2015_18_0.json	1448492400.0	72.7	2328.43	317
snapshot_11_25_2015_6_0.json	1448449200.0	72.7	2328.43	323
snapshot_11_26_2015_0_0.json	1448514000.0	72.7	2328.43	320
snapshot_11_27_2015_18_0.json	1448665200.0	72.7	2328.43	317
snapshot_11_28_2015_0_0.json	1448686800.0	72.7	1862.75	320
snapshot_11_28_2015_0_0.json	1448686800.0	72.7	1862.75	320
snapshot_11_28_2015_12_0.json	1448730000.0	72.7	1862.75	312
snapshot_11_28_2015_18_0.json	1448751600.0	72.7	1862.75	310
snapshot_11_28_2015_6_0.json	1448708400.0	62.44	1862.75	321
snapshot_11_29_2015_0_0.json	1448773200.0	72.7	1862.75	318
snapshot_11_29_2015_12_0.json	1448816400.0	72.7	1862.75	308
snapshot_11_30_2015_0_0.json	1448859600.0	72.7	1862.75	297
snapshot_11_30_2015_12_0.json	1448902800.0	72.7	1862.75	301
snapshot_11_30_2015_18_0.json	1448924400.0	72.7	1862.75	292
snapshot_11_30_2015_6_0.json	1448881200.0	72.7	1862.75	304
snapshot_12_1_2015_0_0.json	1448946000.0	71.53	516	304
snapshot_12_1_2015_12_0.json	1448989200.0	71.53	392	289
snapshot_12_1_2015_18_0.json	1449010800.0	69.19	516	291
snapshot_12_1_2015_6_0.json	1448967600.0	71.53	520	297
snapshot_12_2_2015_12_0.json	1449075600.0	69.19	516	270
snapshot_12_2_2015_18_0.json	1449097200.0	69.19	516	256
snapshot_12_2_2015_6_0.json	1449054000.0	69.19	516	276
snapshot_12_3_2015_0_0.json	1449118800.0	69.19	516	263
snapshot_12_3_2015_12_0.json	1449162000.0	67.88	318.5	243
snapshot_12_3_2015_18_0.json	1449183600.0	67.88	520	246
snapshot_12_3_2015_6_0.json	1449140400.0	67.88	520	249
snapshot_12_4_2015_0_0.json	1449205200.0	62.44	520	232
snapshot_12_4_2015_12_0.json	1449248400.0	69.19	269.5	208
snapshot_12_4_2015_18_0.json	1449270000.0	72.7	520	201
snapshot_12_4_2015_6_0.json	1449226800.0	69.19	516	207
snapshot_12_5_2015_0_0.json	1449291600.0	64.5	836	193
snapshot_12_5_2015_12_0.json	1449334800.0	61	275	123
snapshot_12_5_2015_18_0.json	1449356400.0	59.77	400	114
snapshot_12_5_2015_6_0.json	1449313200.0	61	275	125
