9199621	2015-12-05T18:00:00Z	Disney on Ice Frozen	Pepsi Center	Colorado Denver|678	80204
snapshot_11_16_2015_0_0.json	1447650000.0	46.18	145	531
snapshot_11_17_2015_0_0.json	1447736400.0	46.18	145	485
snapshot_11_17_2015_12_0.json	1447779600.0	45.93	145	500
snapshot_11_17_2015_18_0.json	1447801200.0	45.93	145	495
snapshot_11_17_2015_6_0.json	1447758000.0	45.93	145	500
snapshot_11_18_2015_0_0.json	1447822800.0	45.93	145	494
snapshot_11_18_2015_12_0.json	1447866000.0	45.93	135	484
snapshot_11_18_2015_12_0.json	1447866000.0	45.93	135	484
snapshot_11_18_2015_18_0.json	1447887600.0	41.52	135	481
snapshot_11_19_2015_0_0.json	1447909200.0	41.52	135	572
snapshot_11_19_2015_12_0.json	1447952400.0	41.52	135	571
snapshot_11_19_2015_12_0.json	1447952400.0	41.52	135	571
snapshot_11_19_2015_6_0.json	1447930800.0	41.52	135	571
snapshot_11_20_2015_0_0.json	1447995600.0	40.29	135	539
snapshot_11_20_2015_12_0.json	1448038800.0	40.29	135	549
snapshot_11_21_2015_18_0.json	1448146800.0	40.29	132.25	479
snapshot_11_22_2015_0_0.json	1448168400.0	40.29	132.25	515
snapshot_11_22_2015_12_0.json	1448211600.0	45.93	132.25	501
snapshot_11_22_2015_18_0.json	1448233200.0	45.93	132.25	542
snapshot_11_22_2015_6_0.json	1448190000.0	45.93	132.25	501
snapshot_11_22_2015_6_0.json	1448190000.0	45.93	132.25	501
snapshot_11_23_2015_0_0.json	1448254800.0	45.93	132.25	531
snapshot_11_23_2015_12_0.json	1448298000.0	45.93	132.25	521
snapshot_11_23_2015_18_0.json	1448319600.0	45.93	132.25	526
snapshot_11_23_2015_6_0.json	1448276400.0	45.93	132.25	525
snapshot_11_24_2015_0_0.json	1448341200.0	45.93	115	531
snapshot_11_24_2015_12_0.json	1448384400.0	45.93	115	514
snapshot_11_24_2015_18_0.json	1448406000.0	40.35	104.88	551
snapshot_11_24_2015_6_0.json	1448362800.0	45.93	115	514
snapshot_11_24_2015_6_0.json	1448362800.0	45.93	115	514
snapshot_11_25_2015_12_0.json	1448470800.0	34.5	104.88	582
snapshot_11_25_2015_12_0.json	1448470800.0	34.5	104.88	582
snapshot_11_25_2015_18_0.json	1448492400.0	28.65	104.88	569
snapshot_11_25_2015_6_0.json	1448449200.0	34.5	104.88	585
snapshot_11_26_2015_0_0.json	1448514000.0	34.5	104.88	575
snapshot_11_27_2015_18_0.json	1448665200.0	42.69	104.88	470
snapshot_11_28_2015_0_0.json	1448686800.0	34.5	104.88	504
snapshot_11_28_2015_0_0.json	1448686800.0	34.5	104.88	504
snapshot_11_28_2015_12_0.json	1448730000.0	34.5	104.88	516
snapshot_11_28_2015_18_0.json	1448751600.0	34.5	104.88	501
snapshot_11_28_2015_18_0.json	1448751600.0	34.5	104.88	501
snapshot_11_29_2015_0_0.json	1448773200.0	34.5	104.88	505
snapshot_11_29_2015_0_0.json	1448773200.0	34.5	104.88	505
snapshot_11_29_2015_18_0.json	1448838000.0	40.35	104.88	486
snapshot_11_29_2015_6_0.json	1448794800.0	34.5	104.88	505
snapshot_11_30_2015_0_0.json	1448859600.0	39.18	104.88	475
snapshot_11_30_2015_12_0.json	1448902800.0	38.01	104.88	462
snapshot_11_30_2015_18_0.json	1448924400.0	33.33	104.88	457
snapshot_12_1_2015_0_0.json	1448946000.0	38.01	104.88	409
snapshot_12_1_2015_12_0.json	1448989200.0	36.84	104.88	395
snapshot_12_1_2015_18_0.json	1449010800.0	30.99	104.88	370
snapshot_12_1_2015_6_0.json	1448967600.0	36.84	104.88	395
snapshot_12_1_2015_6_0.json	1448967600.0	36.84	104.88	395
snapshot_12_2_2015_0_0.json	1449032400.0	30.99	104.88	337
snapshot_12_2_2015_12_0.json	1449075600.0	30.99	104.88	325
snapshot_12_2_2015_18_0.json	1449097200.0	28.65	104.88	322
snapshot_12_2_2015_6_0.json	1449054000.0	30.99	104.88	327
snapshot_12_3_2015_0_0.json	1449118800.0	28.65	84.11	58
snapshot_12_3_2015_0_0.json	1449118800.0	28.65	84.11	58
snapshot_12_3_2015_18_0.json	1449183600.0	26.31	84.11	40
snapshot_12_3_2015_18_0.json	1449183600.0	26.31	84.11	40
snapshot_12_4_2015_12_0.json	1449248400.0	50.88	84	53
snapshot_12_4_2015_6_0.json	1449226800.0	0	0	0
snapshot_12_5_2015_0_0.json	1449291600.0	50.88	89	26
snapshot_12_5_2015_12_0.json	1449334800.0	45.03	73	5
snapshot_12_5_2015_12_0.json	1449334800.0	45.03	73	5
snapshot_12_5_2015_18_0.json	1449356400.0	0	0	0
snapshot_12_5_2015_6_0.json	1449313200.0	45.03	73	5
9199621	2015-12-05T18:00:00Z	Disney on Ice Frozen	Pepsi Center	Colorado Denver|678	80204
snapshot_11_16_2015_0_0.json	1447650000.0	46.18	145	531
snapshot_11_17_2015_0_0.json	1447736400.0	46.18	145	485
snapshot_11_17_2015_12_0.json	1447779600.0	45.93	145	500
snapshot_11_17_2015_18_0.json	1447801200.0	45.93	145	495
snapshot_11_17_2015_6_0.json	1447758000.0	45.93	145	500
snapshot_11_18_2015_0_0.json	1447822800.0	45.93	145	494
snapshot_11_18_2015_12_0.json	1447866000.0	45.93	135	484
snapshot_11_18_2015_12_0.json	1447866000.0	45.93	135	484
snapshot_11_18_2015_18_0.json	1447887600.0	41.52	135	481
snapshot_11_19_2015_0_0.json	1447909200.0	41.52	135	572
snapshot_11_19_2015_12_0.json	1447952400.0	41.52	135	571
snapshot_11_19_2015_12_0.json	1447952400.0	41.52	135	571
snapshot_11_19_2015_6_0.json	1447930800.0	41.52	135	571
snapshot_11_20_2015_0_0.json	1447995600.0	40.29	135	539
snapshot_11_20_2015_12_0.json	1448038800.0	40.29	135	549
snapshot_11_21_2015_18_0.json	1448146800.0	40.29	132.25	479
snapshot_11_22_2015_0_0.json	1448168400.0	40.29	132.25	515
snapshot_11_22_2015_12_0.json	1448211600.0	45.93	132.25	501
snapshot_11_22_2015_18_0.json	1448233200.0	45.93	132.25	542
snapshot_11_22_2015_6_0.json	1448190000.0	45.93	132.25	501
snapshot_11_22_2015_6_0.json	1448190000.0	45.93	132.25	501
snapshot_11_23_2015_0_0.json	1448254800.0	45.93	132.25	531
snapshot_11_23_2015_12_0.json	1448298000.0	45.93	132.25	521
snapshot_11_23_2015_18_0.json	1448319600.0	45.93	132.25	526
snapshot_11_23_2015_6_0.json	1448276400.0	45.93	132.25	525
snapshot_11_24_2015_0_0.json	1448341200.0	45.93	115	531
snapshot_11_24_2015_12_0.json	1448384400.0	45.93	115	514
snapshot_11_24_2015_18_0.json	1448406000.0	40.35	104.88	551
snapshot_11_24_2015_6_0.json	1448362800.0	45.93	115	514
snapshot_11_24_2015_6_0.json	1448362800.0	45.93	115	514
snapshot_11_25_2015_12_0.json	1448470800.0	34.5	104.88	582
snapshot_11_25_2015_12_0.json	1448470800.0	34.5	104.88	582
snapshot_11_25_2015_18_0.json	1448492400.0	28.65	104.88	569
snapshot_11_25_2015_6_0.json	1448449200.0	34.5	104.88	585
snapshot_11_26_2015_0_0.json	1448514000.0	34.5	104.88	575
snapshot_11_27_2015_18_0.json	1448665200.0	42.69	104.88	470
snapshot_11_28_2015_0_0.json	1448686800.0	34.5	104.88	504
snapshot_11_28_2015_0_0.json	1448686800.0	34.5	104.88	504
snapshot_11_28_2015_12_0.json	1448730000.0	34.5	104.88	516
snapshot_11_28_2015_18_0.json	1448751600.0	34.5	104.88	501
snapshot_11_28_2015_18_0.json	1448751600.0	34.5	104.88	501
snapshot_11_29_2015_0_0.json	1448773200.0	34.5	104.88	505
snapshot_11_29_2015_0_0.json	1448773200.0	34.5	104.88	505
snapshot_11_29_2015_18_0.json	1448838000.0	40.35	104.88	486
snapshot_11_29_2015_6_0.json	1448794800.0	34.5	104.88	505
snapshot_11_30_2015_0_0.json	1448859600.0	39.18	104.88	475
snapshot_11_30_2015_12_0.json	1448902800.0	38.01	104.88	462
snapshot_11_30_2015_18_0.json	1448924400.0	33.33	104.88	457
snapshot_12_1_2015_0_0.json	1448946000.0	38.01	104.88	409
snapshot_12_1_2015_12_0.json	1448989200.0	36.84	104.88	395
snapshot_12_1_2015_18_0.json	1449010800.0	30.99	104.88	370
snapshot_12_1_2015_6_0.json	1448967600.0	36.84	104.88	395
snapshot_12_1_2015_6_0.json	1448967600.0	36.84	104.88	395
snapshot_12_2_2015_0_0.json	1449032400.0	30.99	104.88	337
snapshot_12_2_2015_12_0.json	1449075600.0	30.99	104.88	325
snapshot_12_2_2015_18_0.json	1449097200.0	28.65	104.88	322
snapshot_12_2_2015_6_0.json	1449054000.0	30.99	104.88	327
snapshot_12_3_2015_0_0.json	1449118800.0	28.65	84.11	58
snapshot_12_3_2015_0_0.json	1449118800.0	28.65	84.11	58
snapshot_12_3_2015_18_0.json	1449183600.0	26.31	84.11	40
snapshot_12_3_2015_18_0.json	1449183600.0	26.31	84.11	40
snapshot_12_4_2015_12_0.json	1449248400.0	50.88	84	53
snapshot_12_4_2015_6_0.json	1449226800.0	0	0	0
snapshot_12_5_2015_0_0.json	1449291600.0	50.88	89	26
snapshot_12_5_2015_12_0.json	1449334800.0	45.03	73	5
snapshot_12_5_2015_12_0.json	1449334800.0	45.03	73	5
snapshot_12_5_2015_18_0.json	1449356400.0	0	0	0
snapshot_12_5_2015_6_0.json	1449313200.0	45.03	73	5
9199621	2015-12-05T18:00:00Z	Disney on Ice Frozen	Pepsi Center	Colorado Denver|678	80204
snapshot_11_16_2015_0_0.json	1447650000.0	46.18	145	531
snapshot_11_17_2015_0_0.json	1447736400.0	46.18	145	485
snapshot_11_17_2015_12_0.json	1447779600.0	45.93	145	500
snapshot_11_17_2015_18_0.json	1447801200.0	45.93	145	495
snapshot_11_17_2015_6_0.json	1447758000.0	45.93	145	500
snapshot_11_18_2015_0_0.json	1447822800.0	45.93	145	494
snapshot_11_18_2015_12_0.json	1447866000.0	45.93	135	484
snapshot_11_18_2015_12_0.json	1447866000.0	45.93	135	484
snapshot_11_18_2015_18_0.json	1447887600.0	41.52	135	481
snapshot_11_19_2015_0_0.json	1447909200.0	41.52	135	572
snapshot_11_19_2015_12_0.json	1447952400.0	41.52	135	571
snapshot_11_19_2015_12_0.json	1447952400.0	41.52	135	571
snapshot_11_19_2015_6_0.json	1447930800.0	41.52	135	571
snapshot_11_20_2015_0_0.json	1447995600.0	40.29	135	539
snapshot_11_20_2015_12_0.json	1448038800.0	40.29	135	549
snapshot_11_21_2015_18_0.json	1448146800.0	40.29	132.25	479
snapshot_11_22_2015_0_0.json	1448168400.0	40.29	132.25	515
snapshot_11_22_2015_12_0.json	1448211600.0	45.93	132.25	501
snapshot_11_22_2015_18_0.json	1448233200.0	45.93	132.25	542
snapshot_11_22_2015_6_0.json	1448190000.0	45.93	132.25	501
snapshot_11_22_2015_6_0.json	1448190000.0	45.93	132.25	501
snapshot_11_23_2015_0_0.json	1448254800.0	45.93	132.25	531
snapshot_11_23_2015_12_0.json	1448298000.0	45.93	132.25	521
snapshot_11_23_2015_18_0.json	1448319600.0	45.93	132.25	526
snapshot_11_23_2015_6_0.json	1448276400.0	45.93	132.25	525
snapshot_11_24_2015_0_0.json	1448341200.0	45.93	115	531
snapshot_11_24_2015_12_0.json	1448384400.0	45.93	115	514
snapshot_11_24_2015_18_0.json	1448406000.0	40.35	104.88	551
snapshot_11_24_2015_6_0.json	1448362800.0	45.93	115	514
snapshot_11_24_2015_6_0.json	1448362800.0	45.93	115	514
snapshot_11_25_2015_12_0.json	1448470800.0	34.5	104.88	582
snapshot_11_25_2015_12_0.json	1448470800.0	34.5	104.88	582
snapshot_11_25_2015_18_0.json	1448492400.0	28.65	104.88	569
snapshot_11_25_2015_6_0.json	1448449200.0	34.5	104.88	585
snapshot_11_26_2015_0_0.json	1448514000.0	34.5	104.88	575
snapshot_11_27_2015_18_0.json	1448665200.0	42.69	104.88	470
snapshot_11_28_2015_0_0.json	1448686800.0	34.5	104.88	504
snapshot_11_28_2015_0_0.json	1448686800.0	34.5	104.88	504
snapshot_11_28_2015_12_0.json	1448730000.0	34.5	104.88	516
snapshot_11_28_2015_18_0.json	1448751600.0	34.5	104.88	501
snapshot_11_28_2015_18_0.json	1448751600.0	34.5	104.88	501
snapshot_11_29_2015_0_0.json	1448773200.0	34.5	104.88	505
snapshot_11_29_2015_0_0.json	1448773200.0	34.5	104.88	505
snapshot_11_29_2015_18_0.json	1448838000.0	40.35	104.88	486
snapshot_11_29_2015_6_0.json	1448794800.0	34.5	104.88	505
snapshot_11_30_2015_0_0.json	1448859600.0	39.18	104.88	475
snapshot_11_30_2015_12_0.json	1448902800.0	38.01	104.88	462
snapshot_11_30_2015_18_0.json	1448924400.0	33.33	104.88	457
snapshot_12_1_2015_0_0.json	1448946000.0	38.01	104.88	409
snapshot_12_1_2015_12_0.json	1448989200.0	36.84	104.88	395
snapshot_12_1_2015_18_0.json	1449010800.0	30.99	104.88	370
snapshot_12_1_2015_6_0.json	1448967600.0	36.84	104.88	395
snapshot_12_1_2015_6_0.json	1448967600.0	36.84	104.88	395
snapshot_12_2_2015_0_0.json	1449032400.0	30.99	104.88	337
snapshot_12_2_2015_12_0.json	1449075600.0	30.99	104.88	325
snapshot_12_2_2015_18_0.json	1449097200.0	28.65	104.88	322
snapshot_12_2_2015_6_0.json	1449054000.0	30.99	104.88	327
snapshot_12_3_2015_0_0.json	1449118800.0	28.65	84.11	58
snapshot_12_3_2015_0_0.json	1449118800.0	28.65	84.11	58
snapshot_12_3_2015_18_0.json	1449183600.0	26.31	84.11	40
snapshot_12_3_2015_18_0.json	1449183600.0	26.31	84.11	40
snapshot_12_4_2015_12_0.json	1449248400.0	50.88	84	53
snapshot_12_4_2015_6_0.json	1449226800.0	0	0	0
snapshot_12_5_2015_0_0.json	1449291600.0	50.88	89	26
snapshot_12_5_2015_12_0.json	1449334800.0	45.03	73	5
snapshot_12_5_2015_12_0.json	1449334800.0	45.03	73	5
snapshot_12_5_2015_18_0.json	1449356400.0	0	0	0
snapshot_12_5_2015_6_0.json	1449313200.0	45.03	73	5
9199621	2015-12-05T18:00:00Z	Disney on Ice Frozen	Pepsi Center	Colorado Denver|678	80204
snapshot_11_16_2015_0_0.json	1447650000.0	46.18	145	531
snapshot_11_17_2015_0_0.json	1447736400.0	46.18	145	485
snapshot_11_17_2015_12_0.json	1447779600.0	45.93	145	500
snapshot_11_17_2015_18_0.json	1447801200.0	45.93	145	495
snapshot_11_17_2015_6_0.json	1447758000.0	45.93	145	500
snapshot_11_18_2015_0_0.json	1447822800.0	45.93	145	494
snapshot_11_18_2015_12_0.json	1447866000.0	45.93	135	484
snapshot_11_18_2015_12_0.json	1447866000.0	45.93	135	484
snapshot_11_18_2015_18_0.json	1447887600.0	41.52	135	481
snapshot_11_19_2015_0_0.json	1447909200.0	41.52	135	572
snapshot_11_19_2015_12_0.json	1447952400.0	41.52	135	571
snapshot_11_19_2015_12_0.json	1447952400.0	41.52	135	571
snapshot_11_19_2015_6_0.json	1447930800.0	41.52	135	571
snapshot_11_20_2015_0_0.json	1447995600.0	40.29	135	539
snapshot_11_20_2015_12_0.json	1448038800.0	40.29	135	549
snapshot_11_21_2015_18_0.json	1448146800.0	40.29	132.25	479
snapshot_11_22_2015_0_0.json	1448168400.0	40.29	132.25	515
snapshot_11_22_2015_12_0.json	1448211600.0	45.93	132.25	501
snapshot_11_22_2015_18_0.json	1448233200.0	45.93	132.25	542
snapshot_11_22_2015_6_0.json	1448190000.0	45.93	132.25	501
snapshot_11_22_2015_6_0.json	1448190000.0	45.93	132.25	501
snapshot_11_23_2015_0_0.json	1448254800.0	45.93	132.25	531
snapshot_11_23_2015_12_0.json	1448298000.0	45.93	132.25	521
snapshot_11_23_2015_18_0.json	1448319600.0	45.93	132.25	526
snapshot_11_23_2015_6_0.json	1448276400.0	45.93	132.25	525
snapshot_11_24_2015_0_0.json	1448341200.0	45.93	115	531
snapshot_11_24_2015_12_0.json	1448384400.0	45.93	115	514
snapshot_11_24_2015_18_0.json	1448406000.0	40.35	104.88	551
snapshot_11_24_2015_6_0.json	1448362800.0	45.93	115	514
snapshot_11_24_2015_6_0.json	1448362800.0	45.93	115	514
snapshot_11_25_2015_12_0.json	1448470800.0	34.5	104.88	582
snapshot_11_25_2015_12_0.json	1448470800.0	34.5	104.88	582
snapshot_11_25_2015_18_0.json	1448492400.0	28.65	104.88	569
snapshot_11_25_2015_6_0.json	1448449200.0	34.5	104.88	585
snapshot_11_26_2015_0_0.json	1448514000.0	34.5	104.88	575
snapshot_11_27_2015_18_0.json	1448665200.0	42.69	104.88	470
snapshot_11_28_2015_0_0.json	1448686800.0	34.5	104.88	504
snapshot_11_28_2015_0_0.json	1448686800.0	34.5	104.88	504
snapshot_11_28_2015_12_0.json	1448730000.0	34.5	104.88	516
snapshot_11_28_2015_18_0.json	1448751600.0	34.5	104.88	501
snapshot_11_28_2015_18_0.json	1448751600.0	34.5	104.88	501
snapshot_11_29_2015_0_0.json	1448773200.0	34.5	104.88	505
snapshot_11_29_2015_0_0.json	1448773200.0	34.5	104.88	505
snapshot_11_29_2015_18_0.json	1448838000.0	40.35	104.88	486
snapshot_11_29_2015_6_0.json	1448794800.0	34.5	104.88	505
snapshot_11_30_2015_0_0.json	1448859600.0	39.18	104.88	475
snapshot_11_30_2015_12_0.json	1448902800.0	38.01	104.88	462
snapshot_11_30_2015_18_0.json	1448924400.0	33.33	104.88	457
snapshot_12_1_2015_0_0.json	1448946000.0	38.01	104.88	409
snapshot_12_1_2015_12_0.json	1448989200.0	36.84	104.88	395
snapshot_12_1_2015_18_0.json	1449010800.0	30.99	104.88	370
snapshot_12_1_2015_6_0.json	1448967600.0	36.84	104.88	395
snapshot_12_1_2015_6_0.json	1448967600.0	36.84	104.88	395
snapshot_12_2_2015_0_0.json	1449032400.0	30.99	104.88	337
snapshot_12_2_2015_12_0.json	1449075600.0	30.99	104.88	325
snapshot_12_2_2015_18_0.json	1449097200.0	28.65	104.88	322
snapshot_12_2_2015_6_0.json	1449054000.0	30.99	104.88	327
snapshot_12_3_2015_0_0.json	1449118800.0	28.65	84.11	58
snapshot_12_3_2015_0_0.json	1449118800.0	28.65	84.11	58
snapshot_12_3_2015_18_0.json	1449183600.0	26.31	84.11	40
snapshot_12_3_2015_18_0.json	1449183600.0	26.31	84.11	40
snapshot_12_4_2015_12_0.json	1449248400.0	50.88	84	53
snapshot_12_4_2015_6_0.json	1449226800.0	0	0	0
snapshot_12_5_2015_0_0.json	1449291600.0	50.88	89	26
snapshot_12_5_2015_12_0.json	1449334800.0	45.03	73	5
snapshot_12_5_2015_12_0.json	1449334800.0	45.03	73	5
snapshot_12_5_2015_18_0.json	1449356400.0	0	0	0
snapshot_12_5_2015_6_0.json	1449313200.0	45.03	73	5
