9199751	2015-12-11T03:30:00Z	Disney On Ice Frozen	STAPLES Center	California Los Angeles Metro|10	90015
snapshot_11_16_2015_0_0.json	1447650000.0	44.27	650	960
snapshot_11_17_2015_0_0.json	1447736400.0	44.27	650	960
snapshot_11_17_2015_12_0.json	1447779600.0	44.27	650	960
snapshot_11_17_2015_12_0.json	1447779600.0	44.27	650	960
snapshot_11_18_2015_0_0.json	1447822800.0	44.27	650	960
snapshot_11_18_2015_18_0.json	1447887600.0	44.27	650	960
snapshot_11_18_2015_6_0.json	1447844400.0	44.27	650	960
snapshot_11_19_2015_0_0.json	1447909200.0	44.27	650	955
snapshot_11_19_2015_0_0.json	1447909200.0	44.27	650	955
snapshot_11_19_2015_12_0.json	1447952400.0	48.13	650	949
snapshot_11_19_2015_6_0.json	1447930800.0	44.27	650	951
snapshot_11_20_2015_0_0.json	1447995600.0	48.13	650	968
snapshot_11_21_2015_12_0.json	1448125200.0	48.13	650	972
snapshot_11_21_2015_18_0.json	1448146800.0	48.13	650	972
snapshot_11_22_2015_12_0.json	1448211600.0	48.13	650	967
snapshot_11_22_2015_18_0.json	1448233200.0	48.13	650	967
snapshot_11_22_2015_18_0.json	1448233200.0	48.13	650	967
snapshot_11_22_2015_6_0.json	1448190000.0	48.13	650	972
snapshot_11_23_2015_12_0.json	1448298000.0	48.13	650	967
snapshot_11_23_2015_6_0.json	1448276400.0	48.13	650	967
snapshot_11_24_2015_0_0.json	1448341200.0	48.13	650	975
snapshot_11_24_2015_12_0.json	1448384400.0	48.13	650	975
snapshot_11_24_2015_18_0.json	1448406000.0	48.13	650	975
snapshot_11_24_2015_6_0.json	1448362800.0	48.13	650	975
snapshot_11_25_2015_0_0.json	1448427600.0	48.13	650	1005
snapshot_11_25_2015_12_0.json	1448470800.0	48.13	650	1003
snapshot_11_25_2015_18_0.json	1448492400.0	48.13	650	982
snapshot_11_25_2015_6_0.json	1448449200.0	48.13	650	1005
snapshot_11_26_2015_0_0.json	1448514000.0	46.96	650	975
snapshot_11_26_2015_0_0.json	1448514000.0	46.96	650	975
snapshot_11_27_2015_18_0.json	1448665200.0	46.96	650	969
snapshot_11_27_2015_18_0.json	1448665200.0	46.96	650	969
snapshot_11_28_2015_12_0.json	1448730000.0	46.96	795	940
snapshot_11_28_2015_18_0.json	1448751600.0	46.96	795	940
snapshot_11_28_2015_6_0.json	1448708400.0	46.96	795	940
snapshot_11_28_2015_6_0.json	1448708400.0	46.96	795	940
snapshot_11_29_2015_12_0.json	1448816400.0	46.96	795	935
snapshot_11_29_2015_6_0.json	1448794800.0	46.96	795	935
snapshot_11_30_2015_0_0.json	1448859600.0	46.69	795	931
snapshot_11_30_2015_0_0.json	1448859600.0	46.69	795	931
snapshot_11_30_2015_12_0.json	1448902800.0	46.69	795	922
snapshot_11_30_2015_18_0.json	1448924400.0	46.69	795	917
snapshot_12_1_2015_12_0.json	1448989200.0	43.45	795	923
snapshot_12_1_2015_6_0.json	1448967600.0	46.69	795	923
snapshot_12_2_2015_12_0.json	1449075600.0	30.58	795	971
snapshot_12_2_2015_18_0.json	1449097200.0	30.58	795	966
snapshot_12_2_2015_18_0.json	1449097200.0	30.58	795	966
snapshot_12_3_2015_0_0.json	1449118800.0	30.58	795	968
snapshot_12_3_2015_12_0.json	1449162000.0	35.26	795	949
snapshot_12_3_2015_18_0.json	1449183600.0	35.26	795	940
snapshot_12_3_2015_6_0.json	1449140400.0	35.26	795	957
snapshot_12_4_2015_0_0.json	1449205200.0	35.26	795	926
snapshot_12_4_2015_0_0.json	1449205200.0	35.26	795	926
snapshot_12_4_2015_12_0.json	1449248400.0	35.26	795	907
snapshot_12_4_2015_18_0.json	1449270000.0	36.43	795	896
snapshot_12_5_2015_0_0.json	1449291600.0	36.43	795	880
snapshot_12_5_2015_12_0.json	1449334800.0	36.43	795	862
snapshot_12_5_2015_18_0.json	1449356400.0	38.37	795	867
snapshot_12_5_2015_6_0.json	1449313200.0	36.43	795	867
9199751	2015-12-11T03:30:00Z	Disney On Ice Frozen	STAPLES Center	California Los Angeles Metro|10	90015
snapshot_11_16_2015_0_0.json	1447650000.0	44.27	650	960
snapshot_11_17_2015_0_0.json	1447736400.0	44.27	650	960
snapshot_11_17_2015_12_0.json	1447779600.0	44.27	650	960
snapshot_11_17_2015_12_0.json	1447779600.0	44.27	650	960
snapshot_11_18_2015_0_0.json	1447822800.0	44.27	650	960
snapshot_11_18_2015_18_0.json	1447887600.0	44.27	650	960
snapshot_11_18_2015_6_0.json	1447844400.0	44.27	650	960
snapshot_11_19_2015_0_0.json	1447909200.0	44.27	650	955
snapshot_11_19_2015_0_0.json	1447909200.0	44.27	650	955
snapshot_11_19_2015_12_0.json	1447952400.0	48.13	650	949
snapshot_11_19_2015_6_0.json	1447930800.0	44.27	650	951
snapshot_11_20_2015_0_0.json	1447995600.0	48.13	650	968
snapshot_11_21_2015_12_0.json	1448125200.0	48.13	650	972
snapshot_11_21_2015_18_0.json	1448146800.0	48.13	650	972
snapshot_11_22_2015_12_0.json	1448211600.0	48.13	650	967
snapshot_11_22_2015_18_0.json	1448233200.0	48.13	650	967
snapshot_11_22_2015_18_0.json	1448233200.0	48.13	650	967
snapshot_11_22_2015_6_0.json	1448190000.0	48.13	650	972
snapshot_11_23_2015_12_0.json	1448298000.0	48.13	650	967
snapshot_11_23_2015_6_0.json	1448276400.0	48.13	650	967
snapshot_11_24_2015_0_0.json	1448341200.0	48.13	650	975
snapshot_11_24_2015_12_0.json	1448384400.0	48.13	650	975
snapshot_11_24_2015_18_0.json	1448406000.0	48.13	650	975
snapshot_11_24_2015_6_0.json	1448362800.0	48.13	650	975
snapshot_11_25_2015_0_0.json	1448427600.0	48.13	650	1005
snapshot_11_25_2015_12_0.json	1448470800.0	48.13	650	1003
snapshot_11_25_2015_18_0.json	1448492400.0	48.13	650	982
snapshot_11_25_2015_6_0.json	1448449200.0	48.13	650	1005
snapshot_11_26_2015_0_0.json	1448514000.0	46.96	650	975
snapshot_11_26_2015_0_0.json	1448514000.0	46.96	650	975
snapshot_11_27_2015_18_0.json	1448665200.0	46.96	650	969
snapshot_11_27_2015_18_0.json	1448665200.0	46.96	650	969
snapshot_11_28_2015_12_0.json	1448730000.0	46.96	795	940
snapshot_11_28_2015_18_0.json	1448751600.0	46.96	795	940
snapshot_11_28_2015_6_0.json	1448708400.0	46.96	795	940
snapshot_11_28_2015_6_0.json	1448708400.0	46.96	795	940
snapshot_11_29_2015_12_0.json	1448816400.0	46.96	795	935
snapshot_11_29_2015_6_0.json	1448794800.0	46.96	795	935
snapshot_11_30_2015_0_0.json	1448859600.0	46.69	795	931
snapshot_11_30_2015_0_0.json	1448859600.0	46.69	795	931
snapshot_11_30_2015_12_0.json	1448902800.0	46.69	795	922
snapshot_11_30_2015_18_0.json	1448924400.0	46.69	795	917
snapshot_12_1_2015_12_0.json	1448989200.0	43.45	795	923
snapshot_12_1_2015_6_0.json	1448967600.0	46.69	795	923
snapshot_12_2_2015_12_0.json	1449075600.0	30.58	795	971
snapshot_12_2_2015_18_0.json	1449097200.0	30.58	795	966
snapshot_12_2_2015_18_0.json	1449097200.0	30.58	795	966
snapshot_12_3_2015_0_0.json	1449118800.0	30.58	795	968
snapshot_12_3_2015_12_0.json	1449162000.0	35.26	795	949
snapshot_12_3_2015_18_0.json	1449183600.0	35.26	795	940
snapshot_12_3_2015_6_0.json	1449140400.0	35.26	795	957
snapshot_12_4_2015_0_0.json	1449205200.0	35.26	795	926
snapshot_12_4_2015_0_0.json	1449205200.0	35.26	795	926
snapshot_12_4_2015_12_0.json	1449248400.0	35.26	795	907
snapshot_12_4_2015_18_0.json	1449270000.0	36.43	795	896
snapshot_12_5_2015_0_0.json	1449291600.0	36.43	795	880
snapshot_12_5_2015_12_0.json	1449334800.0	36.43	795	862
snapshot_12_5_2015_18_0.json	1449356400.0	38.37	795	867
snapshot_12_5_2015_6_0.json	1449313200.0	36.43	795	867
9199751	2015-12-11T03:30:00Z	Disney On Ice Frozen	STAPLES Center	California Los Angeles Metro|10	90015
snapshot_11_16_2015_0_0.json	1447650000.0	44.27	650	960
snapshot_11_17_2015_0_0.json	1447736400.0	44.27	650	960
snapshot_11_17_2015_12_0.json	1447779600.0	44.27	650	960
snapshot_11_17_2015_12_0.json	1447779600.0	44.27	650	960
snapshot_11_18_2015_0_0.json	1447822800.0	44.27	650	960
snapshot_11_18_2015_18_0.json	1447887600.0	44.27	650	960
snapshot_11_18_2015_6_0.json	1447844400.0	44.27	650	960
snapshot_11_19_2015_0_0.json	1447909200.0	44.27	650	955
snapshot_11_19_2015_0_0.json	1447909200.0	44.27	650	955
snapshot_11_19_2015_12_0.json	1447952400.0	48.13	650	949
snapshot_11_19_2015_6_0.json	1447930800.0	44.27	650	951
snapshot_11_20_2015_0_0.json	1447995600.0	48.13	650	968
snapshot_11_21_2015_12_0.json	1448125200.0	48.13	650	972
snapshot_11_21_2015_18_0.json	1448146800.0	48.13	650	972
snapshot_11_22_2015_12_0.json	1448211600.0	48.13	650	967
snapshot_11_22_2015_18_0.json	1448233200.0	48.13	650	967
snapshot_11_22_2015_18_0.json	1448233200.0	48.13	650	967
snapshot_11_22_2015_6_0.json	1448190000.0	48.13	650	972
snapshot_11_23_2015_12_0.json	1448298000.0	48.13	650	967
snapshot_11_23_2015_6_0.json	1448276400.0	48.13	650	967
snapshot_11_24_2015_0_0.json	1448341200.0	48.13	650	975
snapshot_11_24_2015_12_0.json	1448384400.0	48.13	650	975
snapshot_11_24_2015_18_0.json	1448406000.0	48.13	650	975
snapshot_11_24_2015_6_0.json	1448362800.0	48.13	650	975
snapshot_11_25_2015_0_0.json	1448427600.0	48.13	650	1005
snapshot_11_25_2015_12_0.json	1448470800.0	48.13	650	1003
snapshot_11_25_2015_18_0.json	1448492400.0	48.13	650	982
snapshot_11_25_2015_6_0.json	1448449200.0	48.13	650	1005
snapshot_11_26_2015_0_0.json	1448514000.0	46.96	650	975
snapshot_11_26_2015_0_0.json	1448514000.0	46.96	650	975
snapshot_11_27_2015_18_0.json	1448665200.0	46.96	650	969
snapshot_11_27_2015_18_0.json	1448665200.0	46.96	650	969
snapshot_11_28_2015_12_0.json	1448730000.0	46.96	795	940
snapshot_11_28_2015_18_0.json	1448751600.0	46.96	795	940
snapshot_11_28_2015_6_0.json	1448708400.0	46.96	795	940
snapshot_11_28_2015_6_0.json	1448708400.0	46.96	795	940
snapshot_11_29_2015_12_0.json	1448816400.0	46.96	795	935
snapshot_11_29_2015_6_0.json	1448794800.0	46.96	795	935
snapshot_11_30_2015_0_0.json	1448859600.0	46.69	795	931
snapshot_11_30_2015_0_0.json	1448859600.0	46.69	795	931
snapshot_11_30_2015_12_0.json	1448902800.0	46.69	795	922
snapshot_11_30_2015_18_0.json	1448924400.0	46.69	795	917
snapshot_12_1_2015_12_0.json	1448989200.0	43.45	795	923
snapshot_12_1_2015_6_0.json	1448967600.0	46.69	795	923
snapshot_12_2_2015_12_0.json	1449075600.0	30.58	795	971
snapshot_12_2_2015_18_0.json	1449097200.0	30.58	795	966
snapshot_12_2_2015_18_0.json	1449097200.0	30.58	795	966
snapshot_12_3_2015_0_0.json	1449118800.0	30.58	795	968
snapshot_12_3_2015_12_0.json	1449162000.0	35.26	795	949
snapshot_12_3_2015_18_0.json	1449183600.0	35.26	795	940
snapshot_12_3_2015_6_0.json	1449140400.0	35.26	795	957
snapshot_12_4_2015_0_0.json	1449205200.0	35.26	795	926
snapshot_12_4_2015_0_0.json	1449205200.0	35.26	795	926
snapshot_12_4_2015_12_0.json	1449248400.0	35.26	795	907
snapshot_12_4_2015_18_0.json	1449270000.0	36.43	795	896
snapshot_12_5_2015_0_0.json	1449291600.0	36.43	795	880
snapshot_12_5_2015_12_0.json	1449334800.0	36.43	795	862
snapshot_12_5_2015_18_0.json	1449356400.0	38.37	795	867
snapshot_12_5_2015_6_0.json	1449313200.0	36.43	795	867
9199751	2015-12-11T03:30:00Z	Disney On Ice Frozen	STAPLES Center	California Los Angeles Metro|10	90015
snapshot_11_16_2015_0_0.json	1447650000.0	44.27	650	960
snapshot_11_17_2015_0_0.json	1447736400.0	44.27	650	960
snapshot_11_17_2015_12_0.json	1447779600.0	44.27	650	960
snapshot_11_17_2015_12_0.json	1447779600.0	44.27	650	960
snapshot_11_18_2015_0_0.json	1447822800.0	44.27	650	960
snapshot_11_18_2015_18_0.json	1447887600.0	44.27	650	960
snapshot_11_18_2015_6_0.json	1447844400.0	44.27	650	960
snapshot_11_19_2015_0_0.json	1447909200.0	44.27	650	955
snapshot_11_19_2015_0_0.json	1447909200.0	44.27	650	955
snapshot_11_19_2015_12_0.json	1447952400.0	48.13	650	949
snapshot_11_19_2015_6_0.json	1447930800.0	44.27	650	951
snapshot_11_20_2015_0_0.json	1447995600.0	48.13	650	968
snapshot_11_21_2015_12_0.json	1448125200.0	48.13	650	972
snapshot_11_21_2015_18_0.json	1448146800.0	48.13	650	972
snapshot_11_22_2015_12_0.json	1448211600.0	48.13	650	967
snapshot_11_22_2015_18_0.json	1448233200.0	48.13	650	967
snapshot_11_22_2015_18_0.json	1448233200.0	48.13	650	967
snapshot_11_22_2015_6_0.json	1448190000.0	48.13	650	972
snapshot_11_23_2015_12_0.json	1448298000.0	48.13	650	967
snapshot_11_23_2015_6_0.json	1448276400.0	48.13	650	967
snapshot_11_24_2015_0_0.json	1448341200.0	48.13	650	975
snapshot_11_24_2015_12_0.json	1448384400.0	48.13	650	975
snapshot_11_24_2015_18_0.json	1448406000.0	48.13	650	975
snapshot_11_24_2015_6_0.json	1448362800.0	48.13	650	975
snapshot_11_25_2015_0_0.json	1448427600.0	48.13	650	1005
snapshot_11_25_2015_12_0.json	1448470800.0	48.13	650	1003
snapshot_11_25_2015_18_0.json	1448492400.0	48.13	650	982
snapshot_11_25_2015_6_0.json	1448449200.0	48.13	650	1005
snapshot_11_26_2015_0_0.json	1448514000.0	46.96	650	975
snapshot_11_26_2015_0_0.json	1448514000.0	46.96	650	975
snapshot_11_27_2015_18_0.json	1448665200.0	46.96	650	969
snapshot_11_27_2015_18_0.json	1448665200.0	46.96	650	969
snapshot_11_28_2015_12_0.json	1448730000.0	46.96	795	940
snapshot_11_28_2015_18_0.json	1448751600.0	46.96	795	940
snapshot_11_28_2015_6_0.json	1448708400.0	46.96	795	940
snapshot_11_28_2015_6_0.json	1448708400.0	46.96	795	940
snapshot_11_29_2015_12_0.json	1448816400.0	46.96	795	935
snapshot_11_29_2015_6_0.json	1448794800.0	46.96	795	935
snapshot_11_30_2015_0_0.json	1448859600.0	46.69	795	931
snapshot_11_30_2015_0_0.json	1448859600.0	46.69	795	931
snapshot_11_30_2015_12_0.json	1448902800.0	46.69	795	922
snapshot_11_30_2015_18_0.json	1448924400.0	46.69	795	917
snapshot_12_1_2015_12_0.json	1448989200.0	43.45	795	923
snapshot_12_1_2015_6_0.json	1448967600.0	46.69	795	923
snapshot_12_2_2015_12_0.json	1449075600.0	30.58	795	971
snapshot_12_2_2015_18_0.json	1449097200.0	30.58	795	966
snapshot_12_2_2015_18_0.json	1449097200.0	30.58	795	966
snapshot_12_3_2015_0_0.json	1449118800.0	30.58	795	968
snapshot_12_3_2015_12_0.json	1449162000.0	35.26	795	949
snapshot_12_3_2015_18_0.json	1449183600.0	35.26	795	940
snapshot_12_3_2015_6_0.json	1449140400.0	35.26	795	957
snapshot_12_4_2015_0_0.json	1449205200.0	35.26	795	926
snapshot_12_4_2015_0_0.json	1449205200.0	35.26	795	926
snapshot_12_4_2015_12_0.json	1449248400.0	35.26	795	907
snapshot_12_4_2015_18_0.json	1449270000.0	36.43	795	896
snapshot_12_5_2015_0_0.json	1449291600.0	36.43	795	880
snapshot_12_5_2015_12_0.json	1449334800.0	36.43	795	862
snapshot_12_5_2015_18_0.json	1449356400.0	38.37	795	867
snapshot_12_5_2015_6_0.json	1449313200.0	36.43	795	867
