9199752	2015-12-13T23:00:00Z	Disney On Ice Frozen	STAPLES Center	California Los Angeles Metro|10	90015
snapshot_11_16_2015_0_0.json	1447650000.0	42.28	4128.74	2064
snapshot_11_16_2015_0_0.json	1447650000.0	42.28	4128.74	2064
snapshot_11_17_2015_0_0.json	1447736400.0	39.94	4128.74	2080
snapshot_11_17_2015_12_0.json	1447779600.0	39.94	4128.74	2078
snapshot_11_17_2015_6_0.json	1447758000.0	39.94	4128.74	2078
snapshot_11_17_2015_6_0.json	1447758000.0	39.94	4128.74	2078
snapshot_11_18_2015_0_0.json	1447822800.0	39.94	4128.74	2079
snapshot_11_18_2015_12_0.json	1447866000.0	39.94	4128.74	2070
snapshot_11_18_2015_18_0.json	1447887600.0	39.94	4128.74	2070
snapshot_11_18_2015_6_0.json	1447844400.0	39.94	4128.74	2070
snapshot_11_19_2015_0_0.json	1447909200.0	39.94	1000	2067
snapshot_11_19_2015_0_0.json	1447909200.0	39.94	1000	2067
snapshot_11_19_2015_12_0.json	1447952400.0	39.94	1000	2053
snapshot_11_19_2015_6_0.json	1447930800.0	39.94	1000	2057
snapshot_11_20_2015_0_0.json	1447995600.0	48.13	1000	2031
snapshot_11_20_2015_12_0.json	1448038800.0	48.13	1000	2031
snapshot_11_20_2015_12_0.json	1448038800.0	48.13	1000	2031
snapshot_11_21_2015_12_0.json	1448125200.0	48.13	1000	2026
snapshot_11_21_2015_18_0.json	1448146800.0	48.13	1000	2023
snapshot_11_22_2015_18_0.json	1448233200.0	48.13	1000	2016
snapshot_11_22_2015_6_0.json	1448190000.0	48.13	1000	2016
snapshot_11_23_2015_0_0.json	1448254800.0	48.13	1000	2016
snapshot_11_23_2015_6_0.json	1448276400.0	48.13	1000	2010
snapshot_11_24_2015_0_0.json	1448341200.0	48.13	1000	1991
snapshot_11_24_2015_12_0.json	1448384400.0	48.13	1000	1979
snapshot_11_24_2015_18_0.json	1448406000.0	48.13	1000	1981
snapshot_11_24_2015_6_0.json	1448362800.0	48.13	1000	1983
snapshot_11_25_2015_0_0.json	1448427600.0	48.13	1000	1998
snapshot_11_25_2015_12_0.json	1448470800.0	48.13	1000	1901
snapshot_11_25_2015_18_0.json	1448492400.0	48.13	1000	1909
snapshot_11_25_2015_6_0.json	1448449200.0	48.13	1000	1901
snapshot_11_26_2015_0_0.json	1448514000.0	48.13	1000	1904
snapshot_11_26_2015_0_0.json	1448514000.0	48.13	1000	1904
snapshot_11_27_2015_18_0.json	1448665200.0	48.13	1000	1872
snapshot_11_28_2015_0_0.json	1448686800.0	48.13	1000	1712
snapshot_11_28_2015_12_0.json	1448730000.0	48.13	1000	1702
snapshot_11_28_2015_18_0.json	1448751600.0	48.13	1000	1702
snapshot_11_28_2015_6_0.json	1448708400.0	48.13	1000	1705
snapshot_11_29_2015_0_0.json	1448773200.0	48.13	1000	1718
snapshot_11_29_2015_0_0.json	1448773200.0	48.13	1000	1718
snapshot_11_29_2015_12_0.json	1448816400.0	48.13	1000	1714
snapshot_11_29_2015_18_0.json	1448838000.0	48.13	1000	1718
snapshot_11_29_2015_6_0.json	1448794800.0	48.13	1000	1714
snapshot_11_30_2015_0_0.json	1448859600.0	48.13	1000	1740
snapshot_11_30_2015_12_0.json	1448902800.0	48.13	1000	1755
snapshot_11_30_2015_18_0.json	1448924400.0	48.13	1000	1746
snapshot_12_1_2015_0_0.json	1448946000.0	48.13	1000	1916
snapshot_12_1_2015_12_0.json	1448989200.0	48.13	1000	1879
snapshot_12_1_2015_18_0.json	1449010800.0	40.5	1000	1867
snapshot_12_1_2015_6_0.json	1448967600.0	48.13	1000	1884
snapshot_12_2_2015_12_0.json	1449075600.0	40.5	1000	1781
snapshot_12_2_2015_18_0.json	1449097200.0	40.5	1000	1781
snapshot_12_2_2015_6_0.json	1449054000.0	40.5	1000	1788
snapshot_12_2_2015_6_0.json	1449054000.0	40.5	1000	1788
snapshot_12_3_2015_0_0.json	1449118800.0	38.77	1000	1804
snapshot_12_3_2015_12_0.json	1449162000.0	38.77	1000	1777
snapshot_12_3_2015_18_0.json	1449183600.0	38.77	1000	1786
snapshot_12_3_2015_6_0.json	1449140400.0	38.77	1000	1782
snapshot_12_4_2015_0_0.json	1449205200.0	38.77	1000	1758
snapshot_12_4_2015_12_0.json	1449248400.0	38.77	1000	1726
snapshot_12_4_2015_18_0.json	1449270000.0	32.92	1000	1712
snapshot_12_4_2015_6_0.json	1449226800.0	38.77	1000	1733
snapshot_12_5_2015_0_0.json	1449291600.0	32.92	1000	1693
snapshot_12_5_2015_12_0.json	1449334800.0	32.92	1000	1661
snapshot_12_5_2015_18_0.json	1449356400.0	41.11	1000	1656
snapshot_12_5_2015_6_0.json	1449313200.0	32.92	1000	1673
9199752	2015-12-13T23:00:00Z	Disney On Ice Frozen	STAPLES Center	California Los Angeles Metro|10	90015
snapshot_11_16_2015_0_0.json	1447650000.0	42.28	4128.74	2064
snapshot_11_16_2015_0_0.json	1447650000.0	42.28	4128.74	2064
snapshot_11_17_2015_0_0.json	1447736400.0	39.94	4128.74	2080
snapshot_11_17_2015_12_0.json	1447779600.0	39.94	4128.74	2078
snapshot_11_17_2015_6_0.json	1447758000.0	39.94	4128.74	2078
snapshot_11_17_2015_6_0.json	1447758000.0	39.94	4128.74	2078
snapshot_11_18_2015_0_0.json	1447822800.0	39.94	4128.74	2079
snapshot_11_18_2015_12_0.json	1447866000.0	39.94	4128.74	2070
snapshot_11_18_2015_18_0.json	1447887600.0	39.94	4128.74	2070
snapshot_11_18_2015_6_0.json	1447844400.0	39.94	4128.74	2070
snapshot_11_19_2015_0_0.json	1447909200.0	39.94	1000	2067
snapshot_11_19_2015_0_0.json	1447909200.0	39.94	1000	2067
snapshot_11_19_2015_12_0.json	1447952400.0	39.94	1000	2053
snapshot_11_19_2015_6_0.json	1447930800.0	39.94	1000	2057
snapshot_11_20_2015_0_0.json	1447995600.0	48.13	1000	2031
snapshot_11_20_2015_12_0.json	1448038800.0	48.13	1000	2031
snapshot_11_20_2015_12_0.json	1448038800.0	48.13	1000	2031
snapshot_11_21_2015_12_0.json	1448125200.0	48.13	1000	2026
snapshot_11_21_2015_18_0.json	1448146800.0	48.13	1000	2023
snapshot_11_22_2015_18_0.json	1448233200.0	48.13	1000	2016
snapshot_11_22_2015_6_0.json	1448190000.0	48.13	1000	2016
snapshot_11_23_2015_0_0.json	1448254800.0	48.13	1000	2016
snapshot_11_23_2015_6_0.json	1448276400.0	48.13	1000	2010
snapshot_11_24_2015_0_0.json	1448341200.0	48.13	1000	1991
snapshot_11_24_2015_12_0.json	1448384400.0	48.13	1000	1979
snapshot_11_24_2015_18_0.json	1448406000.0	48.13	1000	1981
snapshot_11_24_2015_6_0.json	1448362800.0	48.13	1000	1983
snapshot_11_25_2015_0_0.json	1448427600.0	48.13	1000	1998
snapshot_11_25_2015_12_0.json	1448470800.0	48.13	1000	1901
snapshot_11_25_2015_18_0.json	1448492400.0	48.13	1000	1909
snapshot_11_25_2015_6_0.json	1448449200.0	48.13	1000	1901
snapshot_11_26_2015_0_0.json	1448514000.0	48.13	1000	1904
snapshot_11_26_2015_0_0.json	1448514000.0	48.13	1000	1904
snapshot_11_27_2015_18_0.json	1448665200.0	48.13	1000	1872
snapshot_11_28_2015_0_0.json	1448686800.0	48.13	1000	1712
snapshot_11_28_2015_12_0.json	1448730000.0	48.13	1000	1702
snapshot_11_28_2015_18_0.json	1448751600.0	48.13	1000	1702
snapshot_11_28_2015_6_0.json	1448708400.0	48.13	1000	1705
snapshot_11_29_2015_0_0.json	1448773200.0	48.13	1000	1718
snapshot_11_29_2015_0_0.json	1448773200.0	48.13	1000	1718
snapshot_11_29_2015_12_0.json	1448816400.0	48.13	1000	1714
snapshot_11_29_2015_18_0.json	1448838000.0	48.13	1000	1718
snapshot_11_29_2015_6_0.json	1448794800.0	48.13	1000	1714
snapshot_11_30_2015_0_0.json	1448859600.0	48.13	1000	1740
snapshot_11_30_2015_12_0.json	1448902800.0	48.13	1000	1755
snapshot_11_30_2015_18_0.json	1448924400.0	48.13	1000	1746
snapshot_12_1_2015_0_0.json	1448946000.0	48.13	1000	1916
snapshot_12_1_2015_12_0.json	1448989200.0	48.13	1000	1879
snapshot_12_1_2015_18_0.json	1449010800.0	40.5	1000	1867
snapshot_12_1_2015_6_0.json	1448967600.0	48.13	1000	1884
snapshot_12_2_2015_12_0.json	1449075600.0	40.5	1000	1781
snapshot_12_2_2015_18_0.json	1449097200.0	40.5	1000	1781
snapshot_12_2_2015_6_0.json	1449054000.0	40.5	1000	1788
snapshot_12_2_2015_6_0.json	1449054000.0	40.5	1000	1788
snapshot_12_3_2015_0_0.json	1449118800.0	38.77	1000	1804
snapshot_12_3_2015_12_0.json	1449162000.0	38.77	1000	1777
snapshot_12_3_2015_18_0.json	1449183600.0	38.77	1000	1786
snapshot_12_3_2015_6_0.json	1449140400.0	38.77	1000	1782
snapshot_12_4_2015_0_0.json	1449205200.0	38.77	1000	1758
snapshot_12_4_2015_12_0.json	1449248400.0	38.77	1000	1726
snapshot_12_4_2015_18_0.json	1449270000.0	32.92	1000	1712
snapshot_12_4_2015_6_0.json	1449226800.0	38.77	1000	1733
snapshot_12_5_2015_0_0.json	1449291600.0	32.92	1000	1693
snapshot_12_5_2015_12_0.json	1449334800.0	32.92	1000	1661
snapshot_12_5_2015_18_0.json	1449356400.0	41.11	1000	1656
snapshot_12_5_2015_6_0.json	1449313200.0	32.92	1000	1673
9199752	2015-12-13T23:00:00Z	Disney On Ice Frozen	STAPLES Center	California Los Angeles Metro|10	90015
snapshot_11_16_2015_0_0.json	1447650000.0	42.28	4128.74	2064
snapshot_11_16_2015_0_0.json	1447650000.0	42.28	4128.74	2064
snapshot_11_17_2015_0_0.json	1447736400.0	39.94	4128.74	2080
snapshot_11_17_2015_12_0.json	1447779600.0	39.94	4128.74	2078
snapshot_11_17_2015_6_0.json	1447758000.0	39.94	4128.74	2078
snapshot_11_17_2015_6_0.json	1447758000.0	39.94	4128.74	2078
snapshot_11_18_2015_0_0.json	1447822800.0	39.94	4128.74	2079
snapshot_11_18_2015_12_0.json	1447866000.0	39.94	4128.74	2070
snapshot_11_18_2015_18_0.json	1447887600.0	39.94	4128.74	2070
snapshot_11_18_2015_6_0.json	1447844400.0	39.94	4128.74	2070
snapshot_11_19_2015_0_0.json	1447909200.0	39.94	1000	2067
snapshot_11_19_2015_0_0.json	1447909200.0	39.94	1000	2067
snapshot_11_19_2015_12_0.json	1447952400.0	39.94	1000	2053
snapshot_11_19_2015_6_0.json	1447930800.0	39.94	1000	2057
snapshot_11_20_2015_0_0.json	1447995600.0	48.13	1000	2031
snapshot_11_20_2015_12_0.json	1448038800.0	48.13	1000	2031
snapshot_11_20_2015_12_0.json	1448038800.0	48.13	1000	2031
snapshot_11_21_2015_12_0.json	1448125200.0	48.13	1000	2026
snapshot_11_21_2015_18_0.json	1448146800.0	48.13	1000	2023
snapshot_11_22_2015_18_0.json	1448233200.0	48.13	1000	2016
snapshot_11_22_2015_6_0.json	1448190000.0	48.13	1000	2016
snapshot_11_23_2015_0_0.json	1448254800.0	48.13	1000	2016
snapshot_11_23_2015_6_0.json	1448276400.0	48.13	1000	2010
snapshot_11_24_2015_0_0.json	1448341200.0	48.13	1000	1991
snapshot_11_24_2015_12_0.json	1448384400.0	48.13	1000	1979
snapshot_11_24_2015_18_0.json	1448406000.0	48.13	1000	1981
snapshot_11_24_2015_6_0.json	1448362800.0	48.13	1000	1983
snapshot_11_25_2015_0_0.json	1448427600.0	48.13	1000	1998
snapshot_11_25_2015_12_0.json	1448470800.0	48.13	1000	1901
snapshot_11_25_2015_18_0.json	1448492400.0	48.13	1000	1909
snapshot_11_25_2015_6_0.json	1448449200.0	48.13	1000	1901
snapshot_11_26_2015_0_0.json	1448514000.0	48.13	1000	1904
snapshot_11_26_2015_0_0.json	1448514000.0	48.13	1000	1904
snapshot_11_27_2015_18_0.json	1448665200.0	48.13	1000	1872
snapshot_11_28_2015_0_0.json	1448686800.0	48.13	1000	1712
snapshot_11_28_2015_12_0.json	1448730000.0	48.13	1000	1702
snapshot_11_28_2015_18_0.json	1448751600.0	48.13	1000	1702
snapshot_11_28_2015_6_0.json	1448708400.0	48.13	1000	1705
snapshot_11_29_2015_0_0.json	1448773200.0	48.13	1000	1718
snapshot_11_29_2015_0_0.json	1448773200.0	48.13	1000	1718
snapshot_11_29_2015_12_0.json	1448816400.0	48.13	1000	1714
snapshot_11_29_2015_18_0.json	1448838000.0	48.13	1000	1718
snapshot_11_29_2015_6_0.json	1448794800.0	48.13	1000	1714
snapshot_11_30_2015_0_0.json	1448859600.0	48.13	1000	1740
snapshot_11_30_2015_12_0.json	1448902800.0	48.13	1000	1755
snapshot_11_30_2015_18_0.json	1448924400.0	48.13	1000	1746
snapshot_12_1_2015_0_0.json	1448946000.0	48.13	1000	1916
snapshot_12_1_2015_12_0.json	1448989200.0	48.13	1000	1879
snapshot_12_1_2015_18_0.json	1449010800.0	40.5	1000	1867
snapshot_12_1_2015_6_0.json	1448967600.0	48.13	1000	1884
snapshot_12_2_2015_12_0.json	1449075600.0	40.5	1000	1781
snapshot_12_2_2015_18_0.json	1449097200.0	40.5	1000	1781
snapshot_12_2_2015_6_0.json	1449054000.0	40.5	1000	1788
snapshot_12_2_2015_6_0.json	1449054000.0	40.5	1000	1788
snapshot_12_3_2015_0_0.json	1449118800.0	38.77	1000	1804
snapshot_12_3_2015_12_0.json	1449162000.0	38.77	1000	1777
snapshot_12_3_2015_18_0.json	1449183600.0	38.77	1000	1786
snapshot_12_3_2015_6_0.json	1449140400.0	38.77	1000	1782
snapshot_12_4_2015_0_0.json	1449205200.0	38.77	1000	1758
snapshot_12_4_2015_12_0.json	1449248400.0	38.77	1000	1726
snapshot_12_4_2015_18_0.json	1449270000.0	32.92	1000	1712
snapshot_12_4_2015_6_0.json	1449226800.0	38.77	1000	1733
snapshot_12_5_2015_0_0.json	1449291600.0	32.92	1000	1693
snapshot_12_5_2015_12_0.json	1449334800.0	32.92	1000	1661
snapshot_12_5_2015_18_0.json	1449356400.0	41.11	1000	1656
snapshot_12_5_2015_6_0.json	1449313200.0	32.92	1000	1673
9199752	2015-12-13T23:00:00Z	Disney On Ice Frozen	STAPLES Center	California Los Angeles Metro|10	90015
snapshot_11_16_2015_0_0.json	1447650000.0	42.28	4128.74	2064
snapshot_11_16_2015_0_0.json	1447650000.0	42.28	4128.74	2064
snapshot_11_17_2015_0_0.json	1447736400.0	39.94	4128.74	2080
snapshot_11_17_2015_12_0.json	1447779600.0	39.94	4128.74	2078
snapshot_11_17_2015_6_0.json	1447758000.0	39.94	4128.74	2078
snapshot_11_17_2015_6_0.json	1447758000.0	39.94	4128.74	2078
snapshot_11_18_2015_0_0.json	1447822800.0	39.94	4128.74	2079
snapshot_11_18_2015_12_0.json	1447866000.0	39.94	4128.74	2070
snapshot_11_18_2015_18_0.json	1447887600.0	39.94	4128.74	2070
snapshot_11_18_2015_6_0.json	1447844400.0	39.94	4128.74	2070
snapshot_11_19_2015_0_0.json	1447909200.0	39.94	1000	2067
snapshot_11_19_2015_0_0.json	1447909200.0	39.94	1000	2067
snapshot_11_19_2015_12_0.json	1447952400.0	39.94	1000	2053
snapshot_11_19_2015_6_0.json	1447930800.0	39.94	1000	2057
snapshot_11_20_2015_0_0.json	1447995600.0	48.13	1000	2031
snapshot_11_20_2015_12_0.json	1448038800.0	48.13	1000	2031
snapshot_11_20_2015_12_0.json	1448038800.0	48.13	1000	2031
snapshot_11_21_2015_12_0.json	1448125200.0	48.13	1000	2026
snapshot_11_21_2015_18_0.json	1448146800.0	48.13	1000	2023
snapshot_11_22_2015_18_0.json	1448233200.0	48.13	1000	2016
snapshot_11_22_2015_6_0.json	1448190000.0	48.13	1000	2016
snapshot_11_23_2015_0_0.json	1448254800.0	48.13	1000	2016
snapshot_11_23_2015_6_0.json	1448276400.0	48.13	1000	2010
snapshot_11_24_2015_0_0.json	1448341200.0	48.13	1000	1991
snapshot_11_24_2015_12_0.json	1448384400.0	48.13	1000	1979
snapshot_11_24_2015_18_0.json	1448406000.0	48.13	1000	1981
snapshot_11_24_2015_6_0.json	1448362800.0	48.13	1000	1983
snapshot_11_25_2015_0_0.json	1448427600.0	48.13	1000	1998
snapshot_11_25_2015_12_0.json	1448470800.0	48.13	1000	1901
snapshot_11_25_2015_18_0.json	1448492400.0	48.13	1000	1909
snapshot_11_25_2015_6_0.json	1448449200.0	48.13	1000	1901
snapshot_11_26_2015_0_0.json	1448514000.0	48.13	1000	1904
snapshot_11_26_2015_0_0.json	1448514000.0	48.13	1000	1904
snapshot_11_27_2015_18_0.json	1448665200.0	48.13	1000	1872
snapshot_11_28_2015_0_0.json	1448686800.0	48.13	1000	1712
snapshot_11_28_2015_12_0.json	1448730000.0	48.13	1000	1702
snapshot_11_28_2015_18_0.json	1448751600.0	48.13	1000	1702
snapshot_11_28_2015_6_0.json	1448708400.0	48.13	1000	1705
snapshot_11_29_2015_0_0.json	1448773200.0	48.13	1000	1718
snapshot_11_29_2015_0_0.json	1448773200.0	48.13	1000	1718
snapshot_11_29_2015_12_0.json	1448816400.0	48.13	1000	1714
snapshot_11_29_2015_18_0.json	1448838000.0	48.13	1000	1718
snapshot_11_29_2015_6_0.json	1448794800.0	48.13	1000	1714
snapshot_11_30_2015_0_0.json	1448859600.0	48.13	1000	1740
snapshot_11_30_2015_12_0.json	1448902800.0	48.13	1000	1755
snapshot_11_30_2015_18_0.json	1448924400.0	48.13	1000	1746
snapshot_12_1_2015_0_0.json	1448946000.0	48.13	1000	1916
snapshot_12_1_2015_12_0.json	1448989200.0	48.13	1000	1879
snapshot_12_1_2015_18_0.json	1449010800.0	40.5	1000	1867
snapshot_12_1_2015_6_0.json	1448967600.0	48.13	1000	1884
snapshot_12_2_2015_12_0.json	1449075600.0	40.5	1000	1781
snapshot_12_2_2015_18_0.json	1449097200.0	40.5	1000	1781
snapshot_12_2_2015_6_0.json	1449054000.0	40.5	1000	1788
snapshot_12_2_2015_6_0.json	1449054000.0	40.5	1000	1788
snapshot_12_3_2015_0_0.json	1449118800.0	38.77	1000	1804
snapshot_12_3_2015_12_0.json	1449162000.0	38.77	1000	1777
snapshot_12_3_2015_18_0.json	1449183600.0	38.77	1000	1786
snapshot_12_3_2015_6_0.json	1449140400.0	38.77	1000	1782
snapshot_12_4_2015_0_0.json	1449205200.0	38.77	1000	1758
snapshot_12_4_2015_12_0.json	1449248400.0	38.77	1000	1726
snapshot_12_4_2015_18_0.json	1449270000.0	32.92	1000	1712
snapshot_12_4_2015_6_0.json	1449226800.0	38.77	1000	1733
snapshot_12_5_2015_0_0.json	1449291600.0	32.92	1000	1693
snapshot_12_5_2015_12_0.json	1449334800.0	32.92	1000	1661
snapshot_12_5_2015_18_0.json	1449356400.0	41.11	1000	1656
snapshot_12_5_2015_6_0.json	1449313200.0	32.92	1000	1673
