9199620	2015-12-05T22:00:00Z	Disney on Ice Frozen	Pepsi Center	Colorado Denver|678	80204
snapshot_11_16_2015_0_0.json	1447650000.0	40.35	550	515
snapshot_11_17_2015_0_0.json	1447736400.0	40.35	550	503
snapshot_11_17_2015_0_0.json	1447736400.0	40.35	550	503
snapshot_11_17_2015_12_0.json	1447779600.0	40.35	550	502
snapshot_11_17_2015_18_0.json	1447801200.0	40.35	550	501
snapshot_11_17_2015_6_0.json	1447758000.0	40.35	550	505
snapshot_11_18_2015_0_0.json	1447822800.0	40.35	550	487
snapshot_11_18_2015_18_0.json	1447887600.0	40.35	1111	491
snapshot_11_18_2015_18_0.json	1447887600.0	40.35	1111	491
snapshot_11_18_2015_6_0.json	1447844400.0	40.35	550	482
snapshot_11_19_2015_0_0.json	1447909200.0	40.35	1111	516
snapshot_11_19_2015_6_0.json	1447930800.0	40.35	1111	511
snapshot_11_20_2015_0_0.json	1447995600.0	40.35	1111	510
snapshot_11_20_2015_12_0.json	1448038800.0	40.35	1111	487
snapshot_11_21_2015_12_0.json	1448125200.0	40.35	1111	453
snapshot_11_21_2015_18_0.json	1448146800.0	40.35	1111	442
snapshot_11_22_2015_0_0.json	1448168400.0	40.35	1111	478
snapshot_11_22_2015_12_0.json	1448211600.0	40.35	1111	472
snapshot_11_22_2015_18_0.json	1448233200.0	40.35	550	440
snapshot_11_22_2015_6_0.json	1448190000.0	40.35	1111	472
snapshot_11_23_2015_0_0.json	1448254800.0	40.35	550	447
snapshot_11_23_2015_12_0.json	1448298000.0	40.35	550	411
snapshot_11_23_2015_12_0.json	1448298000.0	40.35	550	411
snapshot_11_23_2015_18_0.json	1448319600.0	40.35	550	453
snapshot_11_24_2015_0_0.json	1448341200.0	40.35	550	426
snapshot_11_24_2015_18_0.json	1448406000.0	40.35	550	437
snapshot_11_25_2015_0_0.json	1448427600.0	40.35	550	428
snapshot_11_25_2015_12_0.json	1448470800.0	40.35	550	457
snapshot_11_25_2015_12_0.json	1448470800.0	40.35	550	457
snapshot_11_25_2015_6_0.json	1448449200.0	40.35	550	457
snapshot_11_26_2015_0_0.json	1448514000.0	40.35	550	450
snapshot_11_26_2015_0_0.json	1448514000.0	40.35	550	450
snapshot_11_28_2015_0_0.json	1448686800.0	40.35	550	420
snapshot_11_28_2015_0_0.json	1448686800.0	40.35	550	420
snapshot_11_28_2015_12_0.json	1448730000.0	40.35	550	408
snapshot_11_28_2015_18_0.json	1448751600.0	40.35	550	403
snapshot_11_28_2015_6_0.json	1448708400.0	40.35	550	410
snapshot_11_28_2015_6_0.json	1448708400.0	40.35	550	410
snapshot_11_29_2015_12_0.json	1448816400.0	40.35	550	384
snapshot_11_29_2015_18_0.json	1448838000.0	40.35	550	378
snapshot_11_29_2015_6_0.json	1448794800.0	40.35	550	400
snapshot_11_30_2015_0_0.json	1448859600.0	39.18	550	361
snapshot_11_30_2015_12_0.json	1448902800.0	40.35	165	318
snapshot_11_30_2015_18_0.json	1448924400.0	33.33	147	310
snapshot_11_30_2015_6_0.json	1448881200.0	40.35	165	318
snapshot_12_1_2015_0_0.json	1448946000.0	33.33	147	297
snapshot_12_1_2015_12_0.json	1448989200.0	33.33	138	260
snapshot_12_1_2015_12_0.json	1448989200.0	33.33	138	260
snapshot_12_1_2015_18_0.json	1449010800.0	33.33	130.61	240
snapshot_12_1_2015_6_0.json	1448967600.0	33.33	138	260
snapshot_12_2_2015_0_0.json	1449032400.0	28.65	123	210
snapshot_12_2_2015_12_0.json	1449075600.0	28.65	123	169
snapshot_12_2_2015_18_0.json	1449097200.0	27.48	109	154
snapshot_12_3_2015_0_0.json	1449118800.0	16.95	109	46
snapshot_12_3_2015_12_0.json	1449162000.0	16.95	86.25	35
snapshot_12_3_2015_18_0.json	1449183600.0	52.05	86.25	30
snapshot_12_4_2015_0_0.json	1449205200.0	0	0	0
snapshot_12_4_2015_12_0.json	1449248400.0	108.21	95	25
snapshot_12_4_2015_18_0.json	1449270000.0	108.21	95	20
snapshot_12_4_2015_6_0.json	1449226800.0	0	0	0
snapshot_12_5_2015_0_0.json	1449291600.0	108.21	95	18
snapshot_12_5_2015_12_0.json	1449334800.0	103.53	95	19
snapshot_12_5_2015_18_0.json	1449356400.0	0	0	0
snapshot_12_5_2015_6_0.json	1449313200.0	103.53	95	19
9199620	2015-12-05T22:00:00Z	Disney on Ice Frozen	Pepsi Center	Colorado Denver|678	80204
snapshot_11_16_2015_0_0.json	1447650000.0	40.35	550	515
snapshot_11_17_2015_0_0.json	1447736400.0	40.35	550	503
snapshot_11_17_2015_0_0.json	1447736400.0	40.35	550	503
snapshot_11_17_2015_12_0.json	1447779600.0	40.35	550	502
snapshot_11_17_2015_18_0.json	1447801200.0	40.35	550	501
snapshot_11_17_2015_6_0.json	1447758000.0	40.35	550	505
snapshot_11_18_2015_0_0.json	1447822800.0	40.35	550	487
snapshot_11_18_2015_18_0.json	1447887600.0	40.35	1111	491
snapshot_11_18_2015_18_0.json	1447887600.0	40.35	1111	491
snapshot_11_18_2015_6_0.json	1447844400.0	40.35	550	482
snapshot_11_19_2015_0_0.json	1447909200.0	40.35	1111	516
snapshot_11_19_2015_6_0.json	1447930800.0	40.35	1111	511
snapshot_11_20_2015_0_0.json	1447995600.0	40.35	1111	510
snapshot_11_20_2015_12_0.json	1448038800.0	40.35	1111	487
snapshot_11_21_2015_12_0.json	1448125200.0	40.35	1111	453
snapshot_11_21_2015_18_0.json	1448146800.0	40.35	1111	442
snapshot_11_22_2015_0_0.json	1448168400.0	40.35	1111	478
snapshot_11_22_2015_12_0.json	1448211600.0	40.35	1111	472
snapshot_11_22_2015_18_0.json	1448233200.0	40.35	550	440
snapshot_11_22_2015_6_0.json	1448190000.0	40.35	1111	472
snapshot_11_23_2015_0_0.json	1448254800.0	40.35	550	447
snapshot_11_23_2015_12_0.json	1448298000.0	40.35	550	411
snapshot_11_23_2015_12_0.json	1448298000.0	40.35	550	411
snapshot_11_23_2015_18_0.json	1448319600.0	40.35	550	453
snapshot_11_24_2015_0_0.json	1448341200.0	40.35	550	426
snapshot_11_24_2015_18_0.json	1448406000.0	40.35	550	437
snapshot_11_25_2015_0_0.json	1448427600.0	40.35	550	428
snapshot_11_25_2015_12_0.json	1448470800.0	40.35	550	457
snapshot_11_25_2015_12_0.json	1448470800.0	40.35	550	457
snapshot_11_25_2015_6_0.json	1448449200.0	40.35	550	457
snapshot_11_26_2015_0_0.json	1448514000.0	40.35	550	450
snapshot_11_26_2015_0_0.json	1448514000.0	40.35	550	450
snapshot_11_28_2015_0_0.json	1448686800.0	40.35	550	420
snapshot_11_28_2015_0_0.json	1448686800.0	40.35	550	420
snapshot_11_28_2015_12_0.json	1448730000.0	40.35	550	408
snapshot_11_28_2015_18_0.json	1448751600.0	40.35	550	403
snapshot_11_28_2015_6_0.json	1448708400.0	40.35	550	410
snapshot_11_28_2015_6_0.json	1448708400.0	40.35	550	410
snapshot_11_29_2015_12_0.json	1448816400.0	40.35	550	384
snapshot_11_29_2015_18_0.json	1448838000.0	40.35	550	378
snapshot_11_29_2015_6_0.json	1448794800.0	40.35	550	400
snapshot_11_30_2015_0_0.json	1448859600.0	39.18	550	361
snapshot_11_30_2015_12_0.json	1448902800.0	40.35	165	318
snapshot_11_30_2015_18_0.json	1448924400.0	33.33	147	310
snapshot_11_30_2015_6_0.json	1448881200.0	40.35	165	318
snapshot_12_1_2015_0_0.json	1448946000.0	33.33	147	297
snapshot_12_1_2015_12_0.json	1448989200.0	33.33	138	260
snapshot_12_1_2015_12_0.json	1448989200.0	33.33	138	260
snapshot_12_1_2015_18_0.json	1449010800.0	33.33	130.61	240
snapshot_12_1_2015_6_0.json	1448967600.0	33.33	138	260
snapshot_12_2_2015_0_0.json	1449032400.0	28.65	123	210
snapshot_12_2_2015_12_0.json	1449075600.0	28.65	123	169
snapshot_12_2_2015_18_0.json	1449097200.0	27.48	109	154
snapshot_12_3_2015_0_0.json	1449118800.0	16.95	109	46
snapshot_12_3_2015_12_0.json	1449162000.0	16.95	86.25	35
snapshot_12_3_2015_18_0.json	1449183600.0	52.05	86.25	30
snapshot_12_4_2015_0_0.json	1449205200.0	0	0	0
snapshot_12_4_2015_12_0.json	1449248400.0	108.21	95	25
snapshot_12_4_2015_18_0.json	1449270000.0	108.21	95	20
snapshot_12_4_2015_6_0.json	1449226800.0	0	0	0
snapshot_12_5_2015_0_0.json	1449291600.0	108.21	95	18
snapshot_12_5_2015_12_0.json	1449334800.0	103.53	95	19
snapshot_12_5_2015_18_0.json	1449356400.0	0	0	0
snapshot_12_5_2015_6_0.json	1449313200.0	103.53	95	19
9199620	2015-12-05T22:00:00Z	Disney on Ice Frozen	Pepsi Center	Colorado Denver|678	80204
snapshot_11_16_2015_0_0.json	1447650000.0	40.35	550	515
snapshot_11_17_2015_0_0.json	1447736400.0	40.35	550	503
snapshot_11_17_2015_0_0.json	1447736400.0	40.35	550	503
snapshot_11_17_2015_12_0.json	1447779600.0	40.35	550	502
snapshot_11_17_2015_18_0.json	1447801200.0	40.35	550	501
snapshot_11_17_2015_6_0.json	1447758000.0	40.35	550	505
snapshot_11_18_2015_0_0.json	1447822800.0	40.35	550	487
snapshot_11_18_2015_18_0.json	1447887600.0	40.35	1111	491
snapshot_11_18_2015_18_0.json	1447887600.0	40.35	1111	491
snapshot_11_18_2015_6_0.json	1447844400.0	40.35	550	482
snapshot_11_19_2015_0_0.json	1447909200.0	40.35	1111	516
snapshot_11_19_2015_6_0.json	1447930800.0	40.35	1111	511
snapshot_11_20_2015_0_0.json	1447995600.0	40.35	1111	510
snapshot_11_20_2015_12_0.json	1448038800.0	40.35	1111	487
snapshot_11_21_2015_12_0.json	1448125200.0	40.35	1111	453
snapshot_11_21_2015_18_0.json	1448146800.0	40.35	1111	442
snapshot_11_22_2015_0_0.json	1448168400.0	40.35	1111	478
snapshot_11_22_2015_12_0.json	1448211600.0	40.35	1111	472
snapshot_11_22_2015_18_0.json	1448233200.0	40.35	550	440
snapshot_11_22_2015_6_0.json	1448190000.0	40.35	1111	472
snapshot_11_23_2015_0_0.json	1448254800.0	40.35	550	447
snapshot_11_23_2015_12_0.json	1448298000.0	40.35	550	411
snapshot_11_23_2015_12_0.json	1448298000.0	40.35	550	411
snapshot_11_23_2015_18_0.json	1448319600.0	40.35	550	453
snapshot_11_24_2015_0_0.json	1448341200.0	40.35	550	426
snapshot_11_24_2015_18_0.json	1448406000.0	40.35	550	437
snapshot_11_25_2015_0_0.json	1448427600.0	40.35	550	428
snapshot_11_25_2015_12_0.json	1448470800.0	40.35	550	457
snapshot_11_25_2015_12_0.json	1448470800.0	40.35	550	457
snapshot_11_25_2015_6_0.json	1448449200.0	40.35	550	457
snapshot_11_26_2015_0_0.json	1448514000.0	40.35	550	450
snapshot_11_26_2015_0_0.json	1448514000.0	40.35	550	450
snapshot_11_28_2015_0_0.json	1448686800.0	40.35	550	420
snapshot_11_28_2015_0_0.json	1448686800.0	40.35	550	420
snapshot_11_28_2015_12_0.json	1448730000.0	40.35	550	408
snapshot_11_28_2015_18_0.json	1448751600.0	40.35	550	403
snapshot_11_28_2015_6_0.json	1448708400.0	40.35	550	410
snapshot_11_28_2015_6_0.json	1448708400.0	40.35	550	410
snapshot_11_29_2015_12_0.json	1448816400.0	40.35	550	384
snapshot_11_29_2015_18_0.json	1448838000.0	40.35	550	378
snapshot_11_29_2015_6_0.json	1448794800.0	40.35	550	400
snapshot_11_30_2015_0_0.json	1448859600.0	39.18	550	361
snapshot_11_30_2015_12_0.json	1448902800.0	40.35	165	318
snapshot_11_30_2015_18_0.json	1448924400.0	33.33	147	310
snapshot_11_30_2015_6_0.json	1448881200.0	40.35	165	318
snapshot_12_1_2015_0_0.json	1448946000.0	33.33	147	297
snapshot_12_1_2015_12_0.json	1448989200.0	33.33	138	260
snapshot_12_1_2015_12_0.json	1448989200.0	33.33	138	260
snapshot_12_1_2015_18_0.json	1449010800.0	33.33	130.61	240
snapshot_12_1_2015_6_0.json	1448967600.0	33.33	138	260
snapshot_12_2_2015_0_0.json	1449032400.0	28.65	123	210
snapshot_12_2_2015_12_0.json	1449075600.0	28.65	123	169
snapshot_12_2_2015_18_0.json	1449097200.0	27.48	109	154
snapshot_12_3_2015_0_0.json	1449118800.0	16.95	109	46
snapshot_12_3_2015_12_0.json	1449162000.0	16.95	86.25	35
snapshot_12_3_2015_18_0.json	1449183600.0	52.05	86.25	30
snapshot_12_4_2015_0_0.json	1449205200.0	0	0	0
snapshot_12_4_2015_12_0.json	1449248400.0	108.21	95	25
snapshot_12_4_2015_18_0.json	1449270000.0	108.21	95	20
snapshot_12_4_2015_6_0.json	1449226800.0	0	0	0
snapshot_12_5_2015_0_0.json	1449291600.0	108.21	95	18
snapshot_12_5_2015_12_0.json	1449334800.0	103.53	95	19
snapshot_12_5_2015_18_0.json	1449356400.0	0	0	0
snapshot_12_5_2015_6_0.json	1449313200.0	103.53	95	19
9199620	2015-12-05T22:00:00Z	Disney on Ice Frozen	Pepsi Center	Colorado Denver|678	80204
snapshot_11_16_2015_0_0.json	1447650000.0	40.35	550	515
snapshot_11_17_2015_0_0.json	1447736400.0	40.35	550	503
snapshot_11_17_2015_0_0.json	1447736400.0	40.35	550	503
snapshot_11_17_2015_12_0.json	1447779600.0	40.35	550	502
snapshot_11_17_2015_18_0.json	1447801200.0	40.35	550	501
snapshot_11_17_2015_6_0.json	1447758000.0	40.35	550	505
snapshot_11_18_2015_0_0.json	1447822800.0	40.35	550	487
snapshot_11_18_2015_18_0.json	1447887600.0	40.35	1111	491
snapshot_11_18_2015_18_0.json	1447887600.0	40.35	1111	491
snapshot_11_18_2015_6_0.json	1447844400.0	40.35	550	482
snapshot_11_19_2015_0_0.json	1447909200.0	40.35	1111	516
snapshot_11_19_2015_6_0.json	1447930800.0	40.35	1111	511
snapshot_11_20_2015_0_0.json	1447995600.0	40.35	1111	510
snapshot_11_20_2015_12_0.json	1448038800.0	40.35	1111	487
snapshot_11_21_2015_12_0.json	1448125200.0	40.35	1111	453
snapshot_11_21_2015_18_0.json	1448146800.0	40.35	1111	442
snapshot_11_22_2015_0_0.json	1448168400.0	40.35	1111	478
snapshot_11_22_2015_12_0.json	1448211600.0	40.35	1111	472
snapshot_11_22_2015_18_0.json	1448233200.0	40.35	550	440
snapshot_11_22_2015_6_0.json	1448190000.0	40.35	1111	472
snapshot_11_23_2015_0_0.json	1448254800.0	40.35	550	447
snapshot_11_23_2015_12_0.json	1448298000.0	40.35	550	411
snapshot_11_23_2015_12_0.json	1448298000.0	40.35	550	411
snapshot_11_23_2015_18_0.json	1448319600.0	40.35	550	453
snapshot_11_24_2015_0_0.json	1448341200.0	40.35	550	426
snapshot_11_24_2015_18_0.json	1448406000.0	40.35	550	437
snapshot_11_25_2015_0_0.json	1448427600.0	40.35	550	428
snapshot_11_25_2015_12_0.json	1448470800.0	40.35	550	457
snapshot_11_25_2015_12_0.json	1448470800.0	40.35	550	457
snapshot_11_25_2015_6_0.json	1448449200.0	40.35	550	457
snapshot_11_26_2015_0_0.json	1448514000.0	40.35	550	450
snapshot_11_26_2015_0_0.json	1448514000.0	40.35	550	450
snapshot_11_28_2015_0_0.json	1448686800.0	40.35	550	420
snapshot_11_28_2015_0_0.json	1448686800.0	40.35	550	420
snapshot_11_28_2015_12_0.json	1448730000.0	40.35	550	408
snapshot_11_28_2015_18_0.json	1448751600.0	40.35	550	403
snapshot_11_28_2015_6_0.json	1448708400.0	40.35	550	410
snapshot_11_28_2015_6_0.json	1448708400.0	40.35	550	410
snapshot_11_29_2015_12_0.json	1448816400.0	40.35	550	384
snapshot_11_29_2015_18_0.json	1448838000.0	40.35	550	378
snapshot_11_29_2015_6_0.json	1448794800.0	40.35	550	400
snapshot_11_30_2015_0_0.json	1448859600.0	39.18	550	361
snapshot_11_30_2015_12_0.json	1448902800.0	40.35	165	318
snapshot_11_30_2015_18_0.json	1448924400.0	33.33	147	310
snapshot_11_30_2015_6_0.json	1448881200.0	40.35	165	318
snapshot_12_1_2015_0_0.json	1448946000.0	33.33	147	297
snapshot_12_1_2015_12_0.json	1448989200.0	33.33	138	260
snapshot_12_1_2015_12_0.json	1448989200.0	33.33	138	260
snapshot_12_1_2015_18_0.json	1449010800.0	33.33	130.61	240
snapshot_12_1_2015_6_0.json	1448967600.0	33.33	138	260
snapshot_12_2_2015_0_0.json	1449032400.0	28.65	123	210
snapshot_12_2_2015_12_0.json	1449075600.0	28.65	123	169
snapshot_12_2_2015_18_0.json	1449097200.0	27.48	109	154
snapshot_12_3_2015_0_0.json	1449118800.0	16.95	109	46
snapshot_12_3_2015_12_0.json	1449162000.0	16.95	86.25	35
snapshot_12_3_2015_18_0.json	1449183600.0	52.05	86.25	30
snapshot_12_4_2015_0_0.json	1449205200.0	0	0	0
snapshot_12_4_2015_12_0.json	1449248400.0	108.21	95	25
snapshot_12_4_2015_18_0.json	1449270000.0	108.21	95	20
snapshot_12_4_2015_6_0.json	1449226800.0	0	0	0
snapshot_12_5_2015_0_0.json	1449291600.0	108.21	95	18
snapshot_12_5_2015_12_0.json	1449334800.0	103.53	95	19
snapshot_12_5_2015_18_0.json	1449356400.0	0	0	0
snapshot_12_5_2015_6_0.json	1449313200.0	103.53	95	19
