9199755	2015-12-13T03:00:00Z	Disney On Ice Frozen	STAPLES Center	California Los Angeles Metro|10	90015
snapshot_11_16_2015_0_0.json	1447650000.0	49.3	900	1609
snapshot_11_17_2015_0_0.json	1447736400.0	49.3	900	1609
snapshot_11_17_2015_6_0.json	1447758000.0	49.3	900	1609
snapshot_11_18_2015_0_0.json	1447822800.0	49.3	900	1625
snapshot_11_18_2015_12_0.json	1447866000.0	49.3	900	1622
snapshot_11_18_2015_18_0.json	1447887600.0	49.3	900	1610
snapshot_11_18_2015_6_0.json	1447844400.0	49.3	900	1622
snapshot_11_18_2015_6_0.json	1447844400.0	49.3	900	1622
snapshot_11_19_2015_0_0.json	1447909200.0	53.98	900	1617
snapshot_11_19_2015_0_0.json	1447909200.0	53.98	900	1617
snapshot_11_19_2015_12_0.json	1447952400.0	53.98	900	1617
snapshot_11_19_2015_6_0.json	1447930800.0	53.98	900	1622
snapshot_11_20_2015_0_0.json	1447995600.0	53.98	900	1589
snapshot_11_21_2015_12_0.json	1448125200.0	53.98	900	1574
snapshot_11_22_2015_6_0.json	1448190000.0	53.98	900	1569
snapshot_11_23_2015_0_0.json	1448254800.0	53.98	900	1564
snapshot_11_23_2015_0_0.json	1448254800.0	53.98	900	1564
snapshot_11_23_2015_12_0.json	1448298000.0	53.98	900	1567
snapshot_11_23_2015_6_0.json	1448276400.0	53.98	900	1567
snapshot_11_24_2015_0_0.json	1448341200.0	51.64	900	1607
snapshot_11_24_2015_12_0.json	1448384400.0	51.64	900	1615
snapshot_11_24_2015_18_0.json	1448406000.0	51.64	900	1615
snapshot_11_24_2015_6_0.json	1448362800.0	51.64	900	1615
snapshot_11_25_2015_0_0.json	1448427600.0	51.64	900	1621
snapshot_11_25_2015_12_0.json	1448470800.0	46.96	900	1651
snapshot_11_25_2015_18_0.json	1448492400.0	46.96	900	1651
snapshot_11_26_2015_0_0.json	1448514000.0	46.96	900	1644
snapshot_11_27_2015_18_0.json	1448665200.0	46.96	900	1629
snapshot_11_28_2015_0_0.json	1448686800.0	51.64	900	1465
snapshot_11_28_2015_12_0.json	1448730000.0	51.64	900	1465
snapshot_11_28_2015_18_0.json	1448751600.0	51.64	900	1465
snapshot_11_28_2015_6_0.json	1448708400.0	51.64	900	1465
snapshot_11_28_2015_6_0.json	1448708400.0	51.64	900	1465
snapshot_11_29_2015_0_0.json	1448773200.0	51.64	900	1462
snapshot_11_29_2015_0_0.json	1448773200.0	51.64	900	1462
snapshot_11_29_2015_12_0.json	1448816400.0	51.64	900	1448
snapshot_11_29_2015_18_0.json	1448838000.0	51.64	900	1448
snapshot_11_29_2015_18_0.json	1448838000.0	51.64	900	1448
snapshot_11_29_2015_6_0.json	1448794800.0	51.64	900	1453
snapshot_11_30_2015_0_0.json	1448859600.0	51.64	900	1448
snapshot_11_30_2015_12_0.json	1448902800.0	48.13	900	1464
snapshot_11_30_2015_18_0.json	1448924400.0	48.13	900	1465
snapshot_11_30_2015_6_0.json	1448881200.0	48.13	900	1464
snapshot_11_30_2015_6_0.json	1448881200.0	48.13	900	1464
snapshot_12_1_2015_0_0.json	1448946000.0	46.96	900	1631
snapshot_12_1_2015_0_0.json	1448946000.0	46.96	900	1631
snapshot_12_1_2015_18_0.json	1449010800.0	42	900	1624
snapshot_12_1_2015_6_0.json	1448967600.0	46.96	900	1624
snapshot_12_1_2015_6_0.json	1448967600.0	46.96	900	1624
snapshot_12_2_2015_0_0.json	1449032400.0	42	900	1582
snapshot_12_2_2015_12_0.json	1449075600.0	36.43	900	1558
snapshot_12_2_2015_18_0.json	1449097200.0	36.43	900	1551
snapshot_12_2_2015_6_0.json	1449054000.0	36.43	900	1562
snapshot_12_3_2015_0_0.json	1449118800.0	29.41	900	1558
snapshot_12_3_2015_12_0.json	1449162000.0	35.26	900	1509
snapshot_12_3_2015_6_0.json	1449140400.0	35.26	900	1523
snapshot_12_4_2015_0_0.json	1449205200.0	35.26	900	1472
snapshot_12_4_2015_12_0.json	1449248400.0	35.26	900	1465
snapshot_12_4_2015_18_0.json	1449270000.0	35.26	900	1460
snapshot_12_4_2015_6_0.json	1449226800.0	35.26	900	1465
snapshot_12_5_2015_0_0.json	1449291600.0	36.43	900	1421
snapshot_12_5_2015_12_0.json	1449334800.0	39	900	1374
snapshot_12_5_2015_18_0.json	1449356400.0	39	900	1370
snapshot_12_5_2015_6_0.json	1449313200.0	39	900	1382
9199755	2015-12-13T03:00:00Z	Disney On Ice Frozen	STAPLES Center	California Los Angeles Metro|10	90015
snapshot_11_16_2015_0_0.json	1447650000.0	49.3	900	1609
snapshot_11_17_2015_0_0.json	1447736400.0	49.3	900	1609
snapshot_11_17_2015_6_0.json	1447758000.0	49.3	900	1609
snapshot_11_18_2015_0_0.json	1447822800.0	49.3	900	1625
snapshot_11_18_2015_12_0.json	1447866000.0	49.3	900	1622
snapshot_11_18_2015_18_0.json	1447887600.0	49.3	900	1610
snapshot_11_18_2015_6_0.json	1447844400.0	49.3	900	1622
snapshot_11_18_2015_6_0.json	1447844400.0	49.3	900	1622
snapshot_11_19_2015_0_0.json	1447909200.0	53.98	900	1617
snapshot_11_19_2015_0_0.json	1447909200.0	53.98	900	1617
snapshot_11_19_2015_12_0.json	1447952400.0	53.98	900	1617
snapshot_11_19_2015_6_0.json	1447930800.0	53.98	900	1622
snapshot_11_20_2015_0_0.json	1447995600.0	53.98	900	1589
snapshot_11_21_2015_12_0.json	1448125200.0	53.98	900	1574
snapshot_11_22_2015_6_0.json	1448190000.0	53.98	900	1569
snapshot_11_23_2015_0_0.json	1448254800.0	53.98	900	1564
snapshot_11_23_2015_0_0.json	1448254800.0	53.98	900	1564
snapshot_11_23_2015_12_0.json	1448298000.0	53.98	900	1567
snapshot_11_23_2015_6_0.json	1448276400.0	53.98	900	1567
snapshot_11_24_2015_0_0.json	1448341200.0	51.64	900	1607
snapshot_11_24_2015_12_0.json	1448384400.0	51.64	900	1615
snapshot_11_24_2015_18_0.json	1448406000.0	51.64	900	1615
snapshot_11_24_2015_6_0.json	1448362800.0	51.64	900	1615
snapshot_11_25_2015_0_0.json	1448427600.0	51.64	900	1621
snapshot_11_25_2015_12_0.json	1448470800.0	46.96	900	1651
snapshot_11_25_2015_18_0.json	1448492400.0	46.96	900	1651
snapshot_11_26_2015_0_0.json	1448514000.0	46.96	900	1644
snapshot_11_27_2015_18_0.json	1448665200.0	46.96	900	1629
snapshot_11_28_2015_0_0.json	1448686800.0	51.64	900	1465
snapshot_11_28_2015_12_0.json	1448730000.0	51.64	900	1465
snapshot_11_28_2015_18_0.json	1448751600.0	51.64	900	1465
snapshot_11_28_2015_6_0.json	1448708400.0	51.64	900	1465
snapshot_11_28_2015_6_0.json	1448708400.0	51.64	900	1465
snapshot_11_29_2015_0_0.json	1448773200.0	51.64	900	1462
snapshot_11_29_2015_0_0.json	1448773200.0	51.64	900	1462
snapshot_11_29_2015_12_0.json	1448816400.0	51.64	900	1448
snapshot_11_29_2015_18_0.json	1448838000.0	51.64	900	1448
snapshot_11_29_2015_18_0.json	1448838000.0	51.64	900	1448
snapshot_11_29_2015_6_0.json	1448794800.0	51.64	900	1453
snapshot_11_30_2015_0_0.json	1448859600.0	51.64	900	1448
snapshot_11_30_2015_12_0.json	1448902800.0	48.13	900	1464
snapshot_11_30_2015_18_0.json	1448924400.0	48.13	900	1465
snapshot_11_30_2015_6_0.json	1448881200.0	48.13	900	1464
snapshot_11_30_2015_6_0.json	1448881200.0	48.13	900	1464
snapshot_12_1_2015_0_0.json	1448946000.0	46.96	900	1631
snapshot_12_1_2015_0_0.json	1448946000.0	46.96	900	1631
snapshot_12_1_2015_18_0.json	1449010800.0	42	900	1624
snapshot_12_1_2015_6_0.json	1448967600.0	46.96	900	1624
snapshot_12_1_2015_6_0.json	1448967600.0	46.96	900	1624
snapshot_12_2_2015_0_0.json	1449032400.0	42	900	1582
snapshot_12_2_2015_12_0.json	1449075600.0	36.43	900	1558
snapshot_12_2_2015_18_0.json	1449097200.0	36.43	900	1551
snapshot_12_2_2015_6_0.json	1449054000.0	36.43	900	1562
snapshot_12_3_2015_0_0.json	1449118800.0	29.41	900	1558
snapshot_12_3_2015_12_0.json	1449162000.0	35.26	900	1509
snapshot_12_3_2015_6_0.json	1449140400.0	35.26	900	1523
snapshot_12_4_2015_0_0.json	1449205200.0	35.26	900	1472
snapshot_12_4_2015_12_0.json	1449248400.0	35.26	900	1465
snapshot_12_4_2015_18_0.json	1449270000.0	35.26	900	1460
snapshot_12_4_2015_6_0.json	1449226800.0	35.26	900	1465
snapshot_12_5_2015_0_0.json	1449291600.0	36.43	900	1421
snapshot_12_5_2015_12_0.json	1449334800.0	39	900	1374
snapshot_12_5_2015_18_0.json	1449356400.0	39	900	1370
snapshot_12_5_2015_6_0.json	1449313200.0	39	900	1382
9199755	2015-12-13T03:00:00Z	Disney On Ice Frozen	STAPLES Center	California Los Angeles Metro|10	90015
snapshot_11_16_2015_0_0.json	1447650000.0	49.3	900	1609
snapshot_11_17_2015_0_0.json	1447736400.0	49.3	900	1609
snapshot_11_17_2015_6_0.json	1447758000.0	49.3	900	1609
snapshot_11_18_2015_0_0.json	1447822800.0	49.3	900	1625
snapshot_11_18_2015_12_0.json	1447866000.0	49.3	900	1622
snapshot_11_18_2015_18_0.json	1447887600.0	49.3	900	1610
snapshot_11_18_2015_6_0.json	1447844400.0	49.3	900	1622
snapshot_11_18_2015_6_0.json	1447844400.0	49.3	900	1622
snapshot_11_19_2015_0_0.json	1447909200.0	53.98	900	1617
snapshot_11_19_2015_0_0.json	1447909200.0	53.98	900	1617
snapshot_11_19_2015_12_0.json	1447952400.0	53.98	900	1617
snapshot_11_19_2015_6_0.json	1447930800.0	53.98	900	1622
snapshot_11_20_2015_0_0.json	1447995600.0	53.98	900	1589
snapshot_11_21_2015_12_0.json	1448125200.0	53.98	900	1574
snapshot_11_22_2015_6_0.json	1448190000.0	53.98	900	1569
snapshot_11_23_2015_0_0.json	1448254800.0	53.98	900	1564
snapshot_11_23_2015_0_0.json	1448254800.0	53.98	900	1564
snapshot_11_23_2015_12_0.json	1448298000.0	53.98	900	1567
snapshot_11_23_2015_6_0.json	1448276400.0	53.98	900	1567
snapshot_11_24_2015_0_0.json	1448341200.0	51.64	900	1607
snapshot_11_24_2015_12_0.json	1448384400.0	51.64	900	1615
snapshot_11_24_2015_18_0.json	1448406000.0	51.64	900	1615
snapshot_11_24_2015_6_0.json	1448362800.0	51.64	900	1615
snapshot_11_25_2015_0_0.json	1448427600.0	51.64	900	1621
snapshot_11_25_2015_12_0.json	1448470800.0	46.96	900	1651
snapshot_11_25_2015_18_0.json	1448492400.0	46.96	900	1651
snapshot_11_26_2015_0_0.json	1448514000.0	46.96	900	1644
snapshot_11_27_2015_18_0.json	1448665200.0	46.96	900	1629
snapshot_11_28_2015_0_0.json	1448686800.0	51.64	900	1465
snapshot_11_28_2015_12_0.json	1448730000.0	51.64	900	1465
snapshot_11_28_2015_18_0.json	1448751600.0	51.64	900	1465
snapshot_11_28_2015_6_0.json	1448708400.0	51.64	900	1465
snapshot_11_28_2015_6_0.json	1448708400.0	51.64	900	1465
snapshot_11_29_2015_0_0.json	1448773200.0	51.64	900	1462
snapshot_11_29_2015_0_0.json	1448773200.0	51.64	900	1462
snapshot_11_29_2015_12_0.json	1448816400.0	51.64	900	1448
snapshot_11_29_2015_18_0.json	1448838000.0	51.64	900	1448
snapshot_11_29_2015_18_0.json	1448838000.0	51.64	900	1448
snapshot_11_29_2015_6_0.json	1448794800.0	51.64	900	1453
snapshot_11_30_2015_0_0.json	1448859600.0	51.64	900	1448
snapshot_11_30_2015_12_0.json	1448902800.0	48.13	900	1464
snapshot_11_30_2015_18_0.json	1448924400.0	48.13	900	1465
snapshot_11_30_2015_6_0.json	1448881200.0	48.13	900	1464
snapshot_11_30_2015_6_0.json	1448881200.0	48.13	900	1464
snapshot_12_1_2015_0_0.json	1448946000.0	46.96	900	1631
snapshot_12_1_2015_0_0.json	1448946000.0	46.96	900	1631
snapshot_12_1_2015_18_0.json	1449010800.0	42	900	1624
snapshot_12_1_2015_6_0.json	1448967600.0	46.96	900	1624
snapshot_12_1_2015_6_0.json	1448967600.0	46.96	900	1624
snapshot_12_2_2015_0_0.json	1449032400.0	42	900	1582
snapshot_12_2_2015_12_0.json	1449075600.0	36.43	900	1558
snapshot_12_2_2015_18_0.json	1449097200.0	36.43	900	1551
snapshot_12_2_2015_6_0.json	1449054000.0	36.43	900	1562
snapshot_12_3_2015_0_0.json	1449118800.0	29.41	900	1558
snapshot_12_3_2015_12_0.json	1449162000.0	35.26	900	1509
snapshot_12_3_2015_6_0.json	1449140400.0	35.26	900	1523
snapshot_12_4_2015_0_0.json	1449205200.0	35.26	900	1472
snapshot_12_4_2015_12_0.json	1449248400.0	35.26	900	1465
snapshot_12_4_2015_18_0.json	1449270000.0	35.26	900	1460
snapshot_12_4_2015_6_0.json	1449226800.0	35.26	900	1465
snapshot_12_5_2015_0_0.json	1449291600.0	36.43	900	1421
snapshot_12_5_2015_12_0.json	1449334800.0	39	900	1374
snapshot_12_5_2015_18_0.json	1449356400.0	39	900	1370
snapshot_12_5_2015_6_0.json	1449313200.0	39	900	1382
9199755	2015-12-13T03:00:00Z	Disney On Ice Frozen	STAPLES Center	California Los Angeles Metro|10	90015
snapshot_11_16_2015_0_0.json	1447650000.0	49.3	900	1609
snapshot_11_17_2015_0_0.json	1447736400.0	49.3	900	1609
snapshot_11_17_2015_6_0.json	1447758000.0	49.3	900	1609
snapshot_11_18_2015_0_0.json	1447822800.0	49.3	900	1625
snapshot_11_18_2015_12_0.json	1447866000.0	49.3	900	1622
snapshot_11_18_2015_18_0.json	1447887600.0	49.3	900	1610
snapshot_11_18_2015_6_0.json	1447844400.0	49.3	900	1622
snapshot_11_18_2015_6_0.json	1447844400.0	49.3	900	1622
snapshot_11_19_2015_0_0.json	1447909200.0	53.98	900	1617
snapshot_11_19_2015_0_0.json	1447909200.0	53.98	900	1617
snapshot_11_19_2015_12_0.json	1447952400.0	53.98	900	1617
snapshot_11_19_2015_6_0.json	1447930800.0	53.98	900	1622
snapshot_11_20_2015_0_0.json	1447995600.0	53.98	900	1589
snapshot_11_21_2015_12_0.json	1448125200.0	53.98	900	1574
snapshot_11_22_2015_6_0.json	1448190000.0	53.98	900	1569
snapshot_11_23_2015_0_0.json	1448254800.0	53.98	900	1564
snapshot_11_23_2015_0_0.json	1448254800.0	53.98	900	1564
snapshot_11_23_2015_12_0.json	1448298000.0	53.98	900	1567
snapshot_11_23_2015_6_0.json	1448276400.0	53.98	900	1567
snapshot_11_24_2015_0_0.json	1448341200.0	51.64	900	1607
snapshot_11_24_2015_12_0.json	1448384400.0	51.64	900	1615
snapshot_11_24_2015_18_0.json	1448406000.0	51.64	900	1615
snapshot_11_24_2015_6_0.json	1448362800.0	51.64	900	1615
snapshot_11_25_2015_0_0.json	1448427600.0	51.64	900	1621
snapshot_11_25_2015_12_0.json	1448470800.0	46.96	900	1651
snapshot_11_25_2015_18_0.json	1448492400.0	46.96	900	1651
snapshot_11_26_2015_0_0.json	1448514000.0	46.96	900	1644
snapshot_11_27_2015_18_0.json	1448665200.0	46.96	900	1629
snapshot_11_28_2015_0_0.json	1448686800.0	51.64	900	1465
snapshot_11_28_2015_12_0.json	1448730000.0	51.64	900	1465
snapshot_11_28_2015_18_0.json	1448751600.0	51.64	900	1465
snapshot_11_28_2015_6_0.json	1448708400.0	51.64	900	1465
snapshot_11_28_2015_6_0.json	1448708400.0	51.64	900	1465
snapshot_11_29_2015_0_0.json	1448773200.0	51.64	900	1462
snapshot_11_29_2015_0_0.json	1448773200.0	51.64	900	1462
snapshot_11_29_2015_12_0.json	1448816400.0	51.64	900	1448
snapshot_11_29_2015_18_0.json	1448838000.0	51.64	900	1448
snapshot_11_29_2015_18_0.json	1448838000.0	51.64	900	1448
snapshot_11_29_2015_6_0.json	1448794800.0	51.64	900	1453
snapshot_11_30_2015_0_0.json	1448859600.0	51.64	900	1448
snapshot_11_30_2015_12_0.json	1448902800.0	48.13	900	1464
snapshot_11_30_2015_18_0.json	1448924400.0	48.13	900	1465
snapshot_11_30_2015_6_0.json	1448881200.0	48.13	900	1464
snapshot_11_30_2015_6_0.json	1448881200.0	48.13	900	1464
snapshot_12_1_2015_0_0.json	1448946000.0	46.96	900	1631
snapshot_12_1_2015_0_0.json	1448946000.0	46.96	900	1631
snapshot_12_1_2015_18_0.json	1449010800.0	42	900	1624
snapshot_12_1_2015_6_0.json	1448967600.0	46.96	900	1624
snapshot_12_1_2015_6_0.json	1448967600.0	46.96	900	1624
snapshot_12_2_2015_0_0.json	1449032400.0	42	900	1582
snapshot_12_2_2015_12_0.json	1449075600.0	36.43	900	1558
snapshot_12_2_2015_18_0.json	1449097200.0	36.43	900	1551
snapshot_12_2_2015_6_0.json	1449054000.0	36.43	900	1562
snapshot_12_3_2015_0_0.json	1449118800.0	29.41	900	1558
snapshot_12_3_2015_12_0.json	1449162000.0	35.26	900	1509
snapshot_12_3_2015_6_0.json	1449140400.0	35.26	900	1523
snapshot_12_4_2015_0_0.json	1449205200.0	35.26	900	1472
snapshot_12_4_2015_12_0.json	1449248400.0	35.26	900	1465
snapshot_12_4_2015_18_0.json	1449270000.0	35.26	900	1460
snapshot_12_4_2015_6_0.json	1449226800.0	35.26	900	1465
snapshot_12_5_2015_0_0.json	1449291600.0	36.43	900	1421
snapshot_12_5_2015_12_0.json	1449334800.0	39	900	1374
snapshot_12_5_2015_18_0.json	1449356400.0	39	900	1370
snapshot_12_5_2015_6_0.json	1449313200.0	39	900	1382
