9199617	2015-12-06T18:00:00Z	Disney on Ice Frozen	Pepsi Center	Colorado Denver|678	80204
snapshot_11_16_2015_0_0.json	1447650000.0	52.05	550	475
snapshot_11_17_2015_0_0.json	1447736400.0	52.05	550	483
snapshot_11_17_2015_18_0.json	1447801200.0	52.05	550	503
snapshot_11_17_2015_6_0.json	1447758000.0	52.05	550	491
snapshot_11_18_2015_0_0.json	1447822800.0	52.05	550	497
snapshot_11_18_2015_12_0.json	1447866000.0	52.05	550	486
snapshot_11_18_2015_12_0.json	1447866000.0	52.05	550	486
snapshot_11_18_2015_18_0.json	1447887600.0	52.05	550	479
snapshot_11_18_2015_6_0.json	1447844400.0	52.05	550	486
snapshot_11_19_2015_0_0.json	1447909200.0	52.05	550	542
snapshot_11_19_2015_12_0.json	1447952400.0	52.05	550	537
snapshot_11_19_2015_6_0.json	1447930800.0	52.05	550	535
snapshot_11_20_2015_0_0.json	1447995600.0	52.05	550	538
snapshot_11_20_2015_12_0.json	1448038800.0	52.05	550	554
snapshot_11_21_2015_12_0.json	1448125200.0	50.88	550	521
snapshot_11_21_2015_18_0.json	1448146800.0	50.88	550	508
snapshot_11_22_2015_0_0.json	1448168400.0	50.88	550	524
snapshot_11_22_2015_12_0.json	1448211600.0	50.88	550	512
snapshot_11_22_2015_18_0.json	1448233200.0	50.88	550	556
snapshot_11_22_2015_6_0.json	1448190000.0	50.88	550	515
snapshot_11_22_2015_6_0.json	1448190000.0	50.88	550	512
snapshot_11_23_2015_0_0.json	1448254800.0	50.88	550	533
snapshot_11_23_2015_18_0.json	1448319600.0	50.88	550	529
snapshot_11_23_2015_6_0.json	1448276400.0	50.88	550	537
snapshot_11_24_2015_0_0.json	1448341200.0	50.88	550	533
snapshot_11_24_2015_18_0.json	1448406000.0	48.54	550	578
snapshot_11_24_2015_6_0.json	1448362800.0	50.88	550	525
snapshot_11_25_2015_0_0.json	1448427600.0	46.2	550	555
snapshot_11_25_2015_12_0.json	1448470800.0	46.2	550	565
snapshot_11_25_2015_18_0.json	1448492400.0	40.35	550	549
snapshot_11_25_2015_6_0.json	1448449200.0	46.2	550	565
snapshot_11_26_2015_0_0.json	1448514000.0	34.5	550	549
snapshot_11_28_2015_0_0.json	1448686800.0	38.01	550	492
snapshot_11_28_2015_12_0.json	1448730000.0	38.01	550	487
snapshot_11_28_2015_6_0.json	1448708400.0	38.01	550	487
snapshot_11_29_2015_0_0.json	1448773200.0	35.67	550	501
snapshot_11_29_2015_0_0.json	1448773200.0	35.67	550	501
snapshot_11_29_2015_12_0.json	1448816400.0	35.67	550	483
snapshot_11_29_2015_18_0.json	1448838000.0	35.67	550	474
snapshot_11_29_2015_6_0.json	1448794800.0	35.67	550	483
snapshot_11_30_2015_0_0.json	1448859600.0	35.67	550	444
snapshot_11_30_2015_12_0.json	1448902800.0	35.67	138	421
snapshot_11_30_2015_6_0.json	1448881200.0	35.67	138	421
snapshot_12_1_2015_0_0.json	1448946000.0	33.33	138	377
snapshot_12_1_2015_12_0.json	1448989200.0	33.33	138	360
snapshot_12_1_2015_18_0.json	1449010800.0	33.33	138	339
snapshot_12_1_2015_6_0.json	1448967600.0	33.33	138	362
snapshot_12_2_2015_0_0.json	1449032400.0	32.16	132.25	342
snapshot_12_2_2015_18_0.json	1449097200.0	26.31	110	284
snapshot_12_2_2015_6_0.json	1449054000.0	28.65	132.25	299
snapshot_12_2_2015_6_0.json	1449054000.0	28.65	132.25	299
snapshot_12_3_2015_12_0.json	1449162000.0	26.31	85	66
snapshot_12_3_2015_18_0.json	1449183600.0	26.31	60	53
snapshot_12_3_2015_6_0.json	1449140400.0	26.31	85	70
snapshot_12_4_2015_0_0.json	1449205200.0	0	0	0
snapshot_12_4_2015_18_0.json	1449270000.0	103.53	95	30
snapshot_12_4_2015_6_0.json	1449226800.0	0	0	0
snapshot_12_5_2015_0_0.json	1449291600.0	109.38	95	5
snapshot_12_5_2015_0_0.json	1449291600.0	109.38	95	5
snapshot_12_5_2015_12_0.json	1449334800.0	109.38	95	5
snapshot_12_5_2015_18_0.json	1449356400.0	116.4	95	2
snapshot_12_5_2015_6_0.json	1449313200.0	109.38	95	5
snapshot_12_5_2015_6_0.json	1449313200.0	109.38	95	5
9199617	2015-12-06T18:00:00Z	Disney on Ice Frozen	Pepsi Center	Colorado Denver|678	80204
snapshot_11_16_2015_0_0.json	1447650000.0	52.05	550	475
snapshot_11_17_2015_0_0.json	1447736400.0	52.05	550	483
snapshot_11_17_2015_18_0.json	1447801200.0	52.05	550	503
snapshot_11_17_2015_6_0.json	1447758000.0	52.05	550	491
snapshot_11_18_2015_0_0.json	1447822800.0	52.05	550	497
snapshot_11_18_2015_12_0.json	1447866000.0	52.05	550	486
snapshot_11_18_2015_12_0.json	1447866000.0	52.05	550	486
snapshot_11_18_2015_18_0.json	1447887600.0	52.05	550	479
snapshot_11_18_2015_6_0.json	1447844400.0	52.05	550	486
snapshot_11_19_2015_0_0.json	1447909200.0	52.05	550	542
snapshot_11_19_2015_12_0.json	1447952400.0	52.05	550	537
snapshot_11_19_2015_6_0.json	1447930800.0	52.05	550	535
snapshot_11_20_2015_0_0.json	1447995600.0	52.05	550	538
snapshot_11_20_2015_12_0.json	1448038800.0	52.05	550	554
snapshot_11_21_2015_12_0.json	1448125200.0	50.88	550	521
snapshot_11_21_2015_18_0.json	1448146800.0	50.88	550	508
snapshot_11_22_2015_0_0.json	1448168400.0	50.88	550	524
snapshot_11_22_2015_12_0.json	1448211600.0	50.88	550	512
snapshot_11_22_2015_18_0.json	1448233200.0	50.88	550	556
snapshot_11_22_2015_6_0.json	1448190000.0	50.88	550	515
snapshot_11_22_2015_6_0.json	1448190000.0	50.88	550	512
snapshot_11_23_2015_0_0.json	1448254800.0	50.88	550	533
snapshot_11_23_2015_18_0.json	1448319600.0	50.88	550	529
snapshot_11_23_2015_6_0.json	1448276400.0	50.88	550	537
snapshot_11_24_2015_0_0.json	1448341200.0	50.88	550	533
snapshot_11_24_2015_18_0.json	1448406000.0	48.54	550	578
snapshot_11_24_2015_6_0.json	1448362800.0	50.88	550	525
snapshot_11_25_2015_0_0.json	1448427600.0	46.2	550	555
snapshot_11_25_2015_12_0.json	1448470800.0	46.2	550	565
snapshot_11_25_2015_18_0.json	1448492400.0	40.35	550	549
snapshot_11_25_2015_6_0.json	1448449200.0	46.2	550	565
snapshot_11_26_2015_0_0.json	1448514000.0	34.5	550	549
snapshot_11_28_2015_0_0.json	1448686800.0	38.01	550	492
snapshot_11_28_2015_12_0.json	1448730000.0	38.01	550	487
snapshot_11_28_2015_6_0.json	1448708400.0	38.01	550	487
snapshot_11_29_2015_0_0.json	1448773200.0	35.67	550	501
snapshot_11_29_2015_0_0.json	1448773200.0	35.67	550	501
snapshot_11_29_2015_12_0.json	1448816400.0	35.67	550	483
snapshot_11_29_2015_18_0.json	1448838000.0	35.67	550	474
snapshot_11_29_2015_6_0.json	1448794800.0	35.67	550	483
snapshot_11_30_2015_0_0.json	1448859600.0	35.67	550	444
snapshot_11_30_2015_12_0.json	1448902800.0	35.67	138	421
snapshot_11_30_2015_6_0.json	1448881200.0	35.67	138	421
snapshot_12_1_2015_0_0.json	1448946000.0	33.33	138	377
snapshot_12_1_2015_12_0.json	1448989200.0	33.33	138	360
snapshot_12_1_2015_18_0.json	1449010800.0	33.33	138	339
snapshot_12_1_2015_6_0.json	1448967600.0	33.33	138	362
snapshot_12_2_2015_0_0.json	1449032400.0	32.16	132.25	342
snapshot_12_2_2015_18_0.json	1449097200.0	26.31	110	284
snapshot_12_2_2015_6_0.json	1449054000.0	28.65	132.25	299
snapshot_12_2_2015_6_0.json	1449054000.0	28.65	132.25	299
snapshot_12_3_2015_12_0.json	1449162000.0	26.31	85	66
snapshot_12_3_2015_18_0.json	1449183600.0	26.31	60	53
snapshot_12_3_2015_6_0.json	1449140400.0	26.31	85	70
snapshot_12_4_2015_0_0.json	1449205200.0	0	0	0
snapshot_12_4_2015_18_0.json	1449270000.0	103.53	95	30
snapshot_12_4_2015_6_0.json	1449226800.0	0	0	0
snapshot_12_5_2015_0_0.json	1449291600.0	109.38	95	5
snapshot_12_5_2015_0_0.json	1449291600.0	109.38	95	5
snapshot_12_5_2015_12_0.json	1449334800.0	109.38	95	5
snapshot_12_5_2015_18_0.json	1449356400.0	116.4	95	2
snapshot_12_5_2015_6_0.json	1449313200.0	109.38	95	5
snapshot_12_5_2015_6_0.json	1449313200.0	109.38	95	5
9199617	2015-12-06T18:00:00Z	Disney on Ice Frozen	Pepsi Center	Colorado Denver|678	80204
snapshot_11_16_2015_0_0.json	1447650000.0	52.05	550	475
snapshot_11_17_2015_0_0.json	1447736400.0	52.05	550	483
snapshot_11_17_2015_18_0.json	1447801200.0	52.05	550	503
snapshot_11_17_2015_6_0.json	1447758000.0	52.05	550	491
snapshot_11_18_2015_0_0.json	1447822800.0	52.05	550	497
snapshot_11_18_2015_12_0.json	1447866000.0	52.05	550	486
snapshot_11_18_2015_12_0.json	1447866000.0	52.05	550	486
snapshot_11_18_2015_18_0.json	1447887600.0	52.05	550	479
snapshot_11_18_2015_6_0.json	1447844400.0	52.05	550	486
snapshot_11_19_2015_0_0.json	1447909200.0	52.05	550	542
snapshot_11_19_2015_12_0.json	1447952400.0	52.05	550	537
snapshot_11_19_2015_6_0.json	1447930800.0	52.05	550	535
snapshot_11_20_2015_0_0.json	1447995600.0	52.05	550	538
snapshot_11_20_2015_12_0.json	1448038800.0	52.05	550	554
snapshot_11_21_2015_12_0.json	1448125200.0	50.88	550	521
snapshot_11_21_2015_18_0.json	1448146800.0	50.88	550	508
snapshot_11_22_2015_0_0.json	1448168400.0	50.88	550	524
snapshot_11_22_2015_12_0.json	1448211600.0	50.88	550	512
snapshot_11_22_2015_18_0.json	1448233200.0	50.88	550	556
snapshot_11_22_2015_6_0.json	1448190000.0	50.88	550	515
snapshot_11_22_2015_6_0.json	1448190000.0	50.88	550	512
snapshot_11_23_2015_0_0.json	1448254800.0	50.88	550	533
snapshot_11_23_2015_18_0.json	1448319600.0	50.88	550	529
snapshot_11_23_2015_6_0.json	1448276400.0	50.88	550	537
snapshot_11_24_2015_0_0.json	1448341200.0	50.88	550	533
snapshot_11_24_2015_18_0.json	1448406000.0	48.54	550	578
snapshot_11_24_2015_6_0.json	1448362800.0	50.88	550	525
snapshot_11_25_2015_0_0.json	1448427600.0	46.2	550	555
snapshot_11_25_2015_12_0.json	1448470800.0	46.2	550	565
snapshot_11_25_2015_18_0.json	1448492400.0	40.35	550	549
snapshot_11_25_2015_6_0.json	1448449200.0	46.2	550	565
snapshot_11_26_2015_0_0.json	1448514000.0	34.5	550	549
snapshot_11_28_2015_0_0.json	1448686800.0	38.01	550	492
snapshot_11_28_2015_12_0.json	1448730000.0	38.01	550	487
snapshot_11_28_2015_6_0.json	1448708400.0	38.01	550	487
snapshot_11_29_2015_0_0.json	1448773200.0	35.67	550	501
snapshot_11_29_2015_0_0.json	1448773200.0	35.67	550	501
snapshot_11_29_2015_12_0.json	1448816400.0	35.67	550	483
snapshot_11_29_2015_18_0.json	1448838000.0	35.67	550	474
snapshot_11_29_2015_6_0.json	1448794800.0	35.67	550	483
snapshot_11_30_2015_0_0.json	1448859600.0	35.67	550	444
snapshot_11_30_2015_12_0.json	1448902800.0	35.67	138	421
snapshot_11_30_2015_6_0.json	1448881200.0	35.67	138	421
snapshot_12_1_2015_0_0.json	1448946000.0	33.33	138	377
snapshot_12_1_2015_12_0.json	1448989200.0	33.33	138	360
snapshot_12_1_2015_18_0.json	1449010800.0	33.33	138	339
snapshot_12_1_2015_6_0.json	1448967600.0	33.33	138	362
snapshot_12_2_2015_0_0.json	1449032400.0	32.16	132.25	342
snapshot_12_2_2015_18_0.json	1449097200.0	26.31	110	284
snapshot_12_2_2015_6_0.json	1449054000.0	28.65	132.25	299
snapshot_12_2_2015_6_0.json	1449054000.0	28.65	132.25	299
snapshot_12_3_2015_12_0.json	1449162000.0	26.31	85	66
snapshot_12_3_2015_18_0.json	1449183600.0	26.31	60	53
snapshot_12_3_2015_6_0.json	1449140400.0	26.31	85	70
snapshot_12_4_2015_0_0.json	1449205200.0	0	0	0
snapshot_12_4_2015_18_0.json	1449270000.0	103.53	95	30
snapshot_12_4_2015_6_0.json	1449226800.0	0	0	0
snapshot_12_5_2015_0_0.json	1449291600.0	109.38	95	5
snapshot_12_5_2015_0_0.json	1449291600.0	109.38	95	5
snapshot_12_5_2015_12_0.json	1449334800.0	109.38	95	5
snapshot_12_5_2015_18_0.json	1449356400.0	116.4	95	2
snapshot_12_5_2015_6_0.json	1449313200.0	109.38	95	5
snapshot_12_5_2015_6_0.json	1449313200.0	109.38	95	5
9199617	2015-12-06T18:00:00Z	Disney on Ice Frozen	Pepsi Center	Colorado Denver|678	80204
snapshot_11_16_2015_0_0.json	1447650000.0	52.05	550	475
snapshot_11_17_2015_0_0.json	1447736400.0	52.05	550	483
snapshot_11_17_2015_18_0.json	1447801200.0	52.05	550	503
snapshot_11_17_2015_6_0.json	1447758000.0	52.05	550	491
snapshot_11_18_2015_0_0.json	1447822800.0	52.05	550	497
snapshot_11_18_2015_12_0.json	1447866000.0	52.05	550	486
snapshot_11_18_2015_12_0.json	1447866000.0	52.05	550	486
snapshot_11_18_2015_18_0.json	1447887600.0	52.05	550	479
snapshot_11_18_2015_6_0.json	1447844400.0	52.05	550	486
snapshot_11_19_2015_0_0.json	1447909200.0	52.05	550	542
snapshot_11_19_2015_12_0.json	1447952400.0	52.05	550	537
snapshot_11_19_2015_6_0.json	1447930800.0	52.05	550	535
snapshot_11_20_2015_0_0.json	1447995600.0	52.05	550	538
snapshot_11_20_2015_12_0.json	1448038800.0	52.05	550	554
snapshot_11_21_2015_12_0.json	1448125200.0	50.88	550	521
snapshot_11_21_2015_18_0.json	1448146800.0	50.88	550	508
snapshot_11_22_2015_0_0.json	1448168400.0	50.88	550	524
snapshot_11_22_2015_12_0.json	1448211600.0	50.88	550	512
snapshot_11_22_2015_18_0.json	1448233200.0	50.88	550	556
snapshot_11_22_2015_6_0.json	1448190000.0	50.88	550	515
snapshot_11_22_2015_6_0.json	1448190000.0	50.88	550	512
snapshot_11_23_2015_0_0.json	1448254800.0	50.88	550	533
snapshot_11_23_2015_18_0.json	1448319600.0	50.88	550	529
snapshot_11_23_2015_6_0.json	1448276400.0	50.88	550	537
snapshot_11_24_2015_0_0.json	1448341200.0	50.88	550	533
snapshot_11_24_2015_18_0.json	1448406000.0	48.54	550	578
snapshot_11_24_2015_6_0.json	1448362800.0	50.88	550	525
snapshot_11_25_2015_0_0.json	1448427600.0	46.2	550	555
snapshot_11_25_2015_12_0.json	1448470800.0	46.2	550	565
snapshot_11_25_2015_18_0.json	1448492400.0	40.35	550	549
snapshot_11_25_2015_6_0.json	1448449200.0	46.2	550	565
snapshot_11_26_2015_0_0.json	1448514000.0	34.5	550	549
snapshot_11_28_2015_0_0.json	1448686800.0	38.01	550	492
snapshot_11_28_2015_12_0.json	1448730000.0	38.01	550	487
snapshot_11_28_2015_6_0.json	1448708400.0	38.01	550	487
snapshot_11_29_2015_0_0.json	1448773200.0	35.67	550	501
snapshot_11_29_2015_0_0.json	1448773200.0	35.67	550	501
snapshot_11_29_2015_12_0.json	1448816400.0	35.67	550	483
snapshot_11_29_2015_18_0.json	1448838000.0	35.67	550	474
snapshot_11_29_2015_6_0.json	1448794800.0	35.67	550	483
snapshot_11_30_2015_0_0.json	1448859600.0	35.67	550	444
snapshot_11_30_2015_12_0.json	1448902800.0	35.67	138	421
snapshot_11_30_2015_6_0.json	1448881200.0	35.67	138	421
snapshot_12_1_2015_0_0.json	1448946000.0	33.33	138	377
snapshot_12_1_2015_12_0.json	1448989200.0	33.33	138	360
snapshot_12_1_2015_18_0.json	1449010800.0	33.33	138	339
snapshot_12_1_2015_6_0.json	1448967600.0	33.33	138	362
snapshot_12_2_2015_0_0.json	1449032400.0	32.16	132.25	342
snapshot_12_2_2015_18_0.json	1449097200.0	26.31	110	284
snapshot_12_2_2015_6_0.json	1449054000.0	28.65	132.25	299
snapshot_12_2_2015_6_0.json	1449054000.0	28.65	132.25	299
snapshot_12_3_2015_12_0.json	1449162000.0	26.31	85	66
snapshot_12_3_2015_18_0.json	1449183600.0	26.31	60	53
snapshot_12_3_2015_6_0.json	1449140400.0	26.31	85	70
snapshot_12_4_2015_0_0.json	1449205200.0	0	0	0
snapshot_12_4_2015_18_0.json	1449270000.0	103.53	95	30
snapshot_12_4_2015_6_0.json	1449226800.0	0	0	0
snapshot_12_5_2015_0_0.json	1449291600.0	109.38	95	5
snapshot_12_5_2015_0_0.json	1449291600.0	109.38	95	5
snapshot_12_5_2015_12_0.json	1449334800.0	109.38	95	5
snapshot_12_5_2015_18_0.json	1449356400.0	116.4	95	2
snapshot_12_5_2015_6_0.json	1449313200.0	109.38	95	5
snapshot_12_5_2015_6_0.json	1449313200.0	109.38	95	5
