9199613	2015-12-07T01:31:00Z	PARKING PASSES ONLY Amy Grant and Michael W. Smith	American Airlines Center Parking Lots	Texas Dallas|672	75219
snapshot_11_16_2015_0_0.json	1447650000.0	10.69	53	83
snapshot_11_17_2015_0_0.json	1447736400.0	10.69	215.6	54
snapshot_11_17_2015_0_0.json	1447736400.0	10.69	215.6	54
snapshot_11_17_2015_12_0.json	1447779600.0	10.69	215.6	54
snapshot_11_17_2015_18_0.json	1447801200.0	10.69	215.6	54
snapshot_11_17_2015_6_0.json	1447758000.0	10.69	215.6	54
snapshot_11_17_2015_6_0.json	1447758000.0	10.69	215.6	54
snapshot_11_18_2015_0_0.json	1447822800.0	10.69	215.6	54
snapshot_11_18_2015_12_0.json	1447866000.0	10.69	215.6	54
snapshot_11_18_2015_18_0.json	1447887600.0	10.69	215.6	54
snapshot_11_18_2015_6_0.json	1447844400.0	10.69	215.6	54
snapshot_11_19_2015_0_0.json	1447909200.0	10.69	215.6	54
snapshot_11_19_2015_12_0.json	1447952400.0	10.69	215.6	54
snapshot_11_19_2015_18_0.json	1447974000.0	10.69	215.6	54
snapshot_11_19_2015_6_0.json	1447930800.0	10.69	215.6	54
snapshot_11_20_2015_0_0.json	1447995600.0	10.69	215.6	54
snapshot_11_20_2015_12_0.json	1448038800.0	10.69	215.6	54
snapshot_11_21_2015_12_0.json	1448125200.0	10.69	215.6	54
snapshot_11_21_2015_12_0.json	1448125200.0	10.69	215.6	54
snapshot_11_21_2015_18_0.json	1448146800.0	10.69	215.6	83
snapshot_11_22_2015_0_0.json	1448168400.0	10.69	215.6	83
snapshot_11_22_2015_0_0.json	1448168400.0	10.69	215.6	83
snapshot_11_22_2015_12_0.json	1448211600.0	10.69	215.6	83
snapshot_11_22_2015_18_0.json	1448233200.0	10.69	215.6	83
snapshot_11_22_2015_18_0.json	1448233200.0	10.69	215.6	83
snapshot_11_23_2015_0_0.json	1448254800.0	10.69	215.6	83
snapshot_11_23_2015_12_0.json	1448298000.0	10.69	215.6	83
snapshot_11_23_2015_18_0.json	1448319600.0	10.69	215.6	83
snapshot_11_23_2015_6_0.json	1448276400.0	10.69	215.6	83
snapshot_11_23_2015_6_0.json	1448276400.0	10.69	215.6	83
snapshot_11_24_2015_12_0.json	1448384400.0	10.69	215.6	82
snapshot_11_24_2015_18_0.json	1448406000.0	10.69	215.6	82
snapshot_11_24_2015_6_0.json	1448362800.0	10.69	215.6	82
snapshot_11_25_2015_0_0.json	1448427600.0	10.69	215.6	82
snapshot_11_25_2015_12_0.json	1448470800.0	10.69	215.6	83
snapshot_11_25_2015_18_0.json	1448492400.0	10.69	215.6	83
snapshot_11_25_2015_6_0.json	1448449200.0	10.69	215.6	83
snapshot_11_26_2015_0_0.json	1448514000.0	10.69	215.6	73
snapshot_11_27_2015_18_0.json	1448665200.0	10.69	215.6	72
snapshot_11_28_2015_0_0.json	1448686800.0	10.69	215.6	75
snapshot_11_28_2015_12_0.json	1448730000.0	10.69	215.6	75
snapshot_11_28_2015_18_0.json	1448751600.0	10.69	215.6	76
snapshot_11_28_2015_6_0.json	1448708400.0	10.69	215.6	75
snapshot_11_29_2015_0_0.json	1448773200.0	10.69	215.6	76
snapshot_11_29_2015_12_0.json	1448816400.0	10.69	215.6	76
snapshot_11_29_2015_18_0.json	1448838000.0	10.69	215.6	76
snapshot_11_29_2015_6_0.json	1448794800.0	10.69	215.6	76
snapshot_11_30_2015_0_0.json	1448859600.0	10.69	215.6	76
snapshot_11_30_2015_0_0.json	1448859600.0	10.69	215.6	76
snapshot_11_30_2015_12_0.json	1448902800.0	10.69	215.6	75
snapshot_11_30_2015_18_0.json	1448924400.0	10.69	215.6	74
snapshot_11_30_2015_6_0.json	1448881200.0	10.69	215.6	76
snapshot_12_1_2015_12_0.json	1448989200.0	10.69	53	71
snapshot_12_1_2015_18_0.json	1449010800.0	9.52	53	72
snapshot_12_1_2015_6_0.json	1448967600.0	10.69	53	74
snapshot_12_1_2015_6_0.json	1448967600.0	10.69	53	74
snapshot_12_2_2015_12_0.json	1449075600.0	9.52	53	52
snapshot_12_2_2015_18_0.json	1449097200.0	9.52	53	54
snapshot_12_2_2015_6_0.json	1449054000.0	9.52	53	52
snapshot_12_3_2015_18_0.json	1449183600.0	11.59	53	69
snapshot_12_3_2015_6_0.json	1449140400.0	11.59	53	69
snapshot_12_4_2015_12_0.json	1449248400.0	11.59	53	66
snapshot_12_4_2015_18_0.json	1449270000.0	11.59	53	66
snapshot_12_4_2015_18_0.json	1449270000.0	11.59	53	66
snapshot_12_4_2015_6_0.json	1449226800.0	11.59	53	66
snapshot_12_5_2015_0_0.json	1449291600.0	11.59	53	67
snapshot_12_5_2015_12_0.json	1449334800.0	11.59	53	66
snapshot_12_5_2015_18_0.json	1449356400.0	11.59	53	66
snapshot_12_5_2015_6_0.json	1449313200.0	11.59	53	66
snapshot_12_5_2015_6_0.json	1449313200.0	11.59	53	66
9199613	2015-12-07T01:31:00Z	PARKING PASSES ONLY Amy Grant and Michael W. Smith	American Airlines Center Parking Lots	Texas Dallas|672	75219
snapshot_11_16_2015_0_0.json	1447650000.0	10.69	53	83
snapshot_11_17_2015_0_0.json	1447736400.0	10.69	215.6	54
snapshot_11_17_2015_0_0.json	1447736400.0	10.69	215.6	54
snapshot_11_17_2015_12_0.json	1447779600.0	10.69	215.6	54
snapshot_11_17_2015_18_0.json	1447801200.0	10.69	215.6	54
snapshot_11_17_2015_6_0.json	1447758000.0	10.69	215.6	54
snapshot_11_17_2015_6_0.json	1447758000.0	10.69	215.6	54
snapshot_11_18_2015_0_0.json	1447822800.0	10.69	215.6	54
snapshot_11_18_2015_12_0.json	1447866000.0	10.69	215.6	54
snapshot_11_18_2015_18_0.json	1447887600.0	10.69	215.6	54
snapshot_11_18_2015_6_0.json	1447844400.0	10.69	215.6	54
snapshot_11_19_2015_0_0.json	1447909200.0	10.69	215.6	54
snapshot_11_19_2015_12_0.json	1447952400.0	10.69	215.6	54
snapshot_11_19_2015_18_0.json	1447974000.0	10.69	215.6	54
snapshot_11_19_2015_6_0.json	1447930800.0	10.69	215.6	54
snapshot_11_20_2015_0_0.json	1447995600.0	10.69	215.6	54
snapshot_11_20_2015_12_0.json	1448038800.0	10.69	215.6	54
snapshot_11_21_2015_12_0.json	1448125200.0	10.69	215.6	54
snapshot_11_21_2015_12_0.json	1448125200.0	10.69	215.6	54
snapshot_11_21_2015_18_0.json	1448146800.0	10.69	215.6	83
snapshot_11_22_2015_0_0.json	1448168400.0	10.69	215.6	83
snapshot_11_22_2015_0_0.json	1448168400.0	10.69	215.6	83
snapshot_11_22_2015_12_0.json	1448211600.0	10.69	215.6	83
snapshot_11_22_2015_18_0.json	1448233200.0	10.69	215.6	83
snapshot_11_22_2015_18_0.json	1448233200.0	10.69	215.6	83
snapshot_11_23_2015_0_0.json	1448254800.0	10.69	215.6	83
snapshot_11_23_2015_12_0.json	1448298000.0	10.69	215.6	83
snapshot_11_23_2015_18_0.json	1448319600.0	10.69	215.6	83
snapshot_11_23_2015_6_0.json	1448276400.0	10.69	215.6	83
snapshot_11_23_2015_6_0.json	1448276400.0	10.69	215.6	83
snapshot_11_24_2015_12_0.json	1448384400.0	10.69	215.6	82
snapshot_11_24_2015_18_0.json	1448406000.0	10.69	215.6	82
snapshot_11_24_2015_6_0.json	1448362800.0	10.69	215.6	82
snapshot_11_25_2015_0_0.json	1448427600.0	10.69	215.6	82
snapshot_11_25_2015_12_0.json	1448470800.0	10.69	215.6	83
snapshot_11_25_2015_18_0.json	1448492400.0	10.69	215.6	83
snapshot_11_25_2015_6_0.json	1448449200.0	10.69	215.6	83
snapshot_11_26_2015_0_0.json	1448514000.0	10.69	215.6	73
snapshot_11_27_2015_18_0.json	1448665200.0	10.69	215.6	72
snapshot_11_28_2015_0_0.json	1448686800.0	10.69	215.6	75
snapshot_11_28_2015_12_0.json	1448730000.0	10.69	215.6	75
snapshot_11_28_2015_18_0.json	1448751600.0	10.69	215.6	76
snapshot_11_28_2015_6_0.json	1448708400.0	10.69	215.6	75
snapshot_11_29_2015_0_0.json	1448773200.0	10.69	215.6	76
snapshot_11_29_2015_12_0.json	1448816400.0	10.69	215.6	76
snapshot_11_29_2015_18_0.json	1448838000.0	10.69	215.6	76
snapshot_11_29_2015_6_0.json	1448794800.0	10.69	215.6	76
snapshot_11_30_2015_0_0.json	1448859600.0	10.69	215.6	76
snapshot_11_30_2015_0_0.json	1448859600.0	10.69	215.6	76
snapshot_11_30_2015_12_0.json	1448902800.0	10.69	215.6	75
snapshot_11_30_2015_18_0.json	1448924400.0	10.69	215.6	74
snapshot_11_30_2015_6_0.json	1448881200.0	10.69	215.6	76
snapshot_12_1_2015_12_0.json	1448989200.0	10.69	53	71
snapshot_12_1_2015_18_0.json	1449010800.0	9.52	53	72
snapshot_12_1_2015_6_0.json	1448967600.0	10.69	53	74
snapshot_12_1_2015_6_0.json	1448967600.0	10.69	53	74
snapshot_12_2_2015_12_0.json	1449075600.0	9.52	53	52
snapshot_12_2_2015_18_0.json	1449097200.0	9.52	53	54
snapshot_12_2_2015_6_0.json	1449054000.0	9.52	53	52
snapshot_12_3_2015_18_0.json	1449183600.0	11.59	53	69
snapshot_12_3_2015_6_0.json	1449140400.0	11.59	53	69
snapshot_12_4_2015_12_0.json	1449248400.0	11.59	53	66
snapshot_12_4_2015_18_0.json	1449270000.0	11.59	53	66
snapshot_12_4_2015_18_0.json	1449270000.0	11.59	53	66
snapshot_12_4_2015_6_0.json	1449226800.0	11.59	53	66
snapshot_12_5_2015_0_0.json	1449291600.0	11.59	53	67
snapshot_12_5_2015_12_0.json	1449334800.0	11.59	53	66
snapshot_12_5_2015_18_0.json	144935649199613	2015-12-07T01:31:00Z	PARKING PASSES ONLY Amy Grant and Michael W. Smith	American Airlines Center Parking Lots	Texas Dallas|672	75219
snapshot_11_16_2015_0_0.json	1447650000.0	10.69	53	83
snapshot_11_17_2015_0_0.json	1447736400.0	10.69	215.6	54
snapshot_11_17_2015_0_0.json	1447736400.0	10.69	215.6	54
snapshot_11_17_2015_12_0.json	1447779600.0	10.69	215.6	54
snapshot_11_17_2015_18_0.json	1447801200.0	10.69	215.6	54
snapshot_11_17_2015_6_0.json	1447758000.0	10.69	215.6	54
snapshot_11_17_2015_6_0.json	1447758000.0	10.69	215.6	54
snapshot_11_18_2015_0_0.json	1447822800.0	10.69	215.6	54
snapshot_11_18_2015_12_0.json	1447866000.0	10.69	215.6	54
snapshot_11_18_2015_18_0.json	1447887600.0	10.69	215.6	54
snapshot_11_18_2015_6_0.json	1447844400.0	10.69	215.6	54
snapshot_11_19_2015_0_0.json	1447909200.0	10.69	215.6	54
snapshot_11_19_2015_12_0.json	1447952400.0	10.69	215.6	54
snapshot_11_19_2015_18_0.json	1447974000.0	10.69	215.6	54
snapshot_11_19_2015_6_0.json	1447930800.0	10.69	215.6	54
snapshot_11_20_2015_0_0.json	1447995600.0	10.69	215.6	54
snapshot_11_20_2015_12_0.json	1448038800.0	10.69	215.6	54
snapshot_11_21_2015_12_0.json	1448125200.0	10.69	215.6	54
snapshot_11_21_2015_12_0.json	1448125200.0	10.69	215.6	54
snapshot_11_21_2015_18_0.json	1448146800.0	10.69	215.6	83
snapshot_11_22_2015_0_0.json	1448168400.0	10.69	215.6	83
snapshot_11_22_2015_0_0.json	1448168400.0	10.69	215.6	83
snapshot_11_22_2015_12_0.json	1448211600.0	10.69	215.6	83
snapshot_11_22_2015_18_0.json	1448233200.0	10.69	215.6	83
snapshot_11_22_2015_18_0.json	1448233200.0	10.69	215.6	83
snapshot_11_23_2015_0_0.json	1448254800.0	10.69	215.6	83
snapshot_11_23_2015_12_0.json	1448298000.0	10.69	215.6	83
snapshot_11_23_2015_18_0.json	1448319600.0	10.69	215.6	83
snapshot_11_23_2015_6_0.json	1448276400.0	10.69	215.6	83
snapshot_11_23_2015_6_0.json	1448276400.0	10.69	215.6	83
snapshot_11_24_2015_12_0.json	1448384400.0	10.69	215.6	82
snapshot_11_24_2015_18_0.json	1448406000.0	10.69	215.6	82
snapshot_11_24_2015_6_0.json	1448362800.0	10.69	215.6	82
snapshot_11_25_2015_0_0.json	1448427600.0	10.69	215.6	82
snapshot_11_25_2015_12_0.json	1448470800.0	10.69	215.6	83
snapshot_11_25_2015_18_0.json	1448492400.0	10.69	215.6	83
snapshot_11_25_2015_6_0.json	1448449200.0	10.69	215.6	83
snapshot_11_26_2015_0_0.json	1448514000.0	10.69	215.6	73
snapshot_11_27_2015_18_0.json	1448665200.0	10.69	215.6	72
snapshot_11_28_2015_0_0.json	1448686800.0	10.69	215.6	75
snapshot_11_28_2015_12_0.json	1448730000.0	10.69	215.6	75
snapshot_11_28_2015_18_0.json	1448751600.0	10.69	215.6	76
snapshot_11_28_2015_6_0.json	1448708400.0	10.69	215.6	75
snapshot_11_29_2015_0_0.json	1448773200.0	10.69	215.6	76
snapshot_11_29_2015_12_0.json	1448816400.0	10.69	215.6	76
snapshot_11_29_2015_18_0.json	1448838000.0	10.69	215.6	76
snapshot_11_29_2015_6_0.json	1448794800.0	10.69	215.6	76
snapshot_11_30_2015_0_0.json	1448859600.0	10.69	215.6	76
snapshot_11_30_2015_0_0.json	1448859600.0	10.69	215.6	76
snapshot_11_30_2015_12_0.json	1448902800.0	10.69	215.6	75
snapshot_11_30_2015_18_0.json	1448924400.0	10.69	215.6	74
snapshot_11_30_2015_6_0.json	1448881200.0	10.69	215.6	76
snapshot_12_1_2015_12_0.json	1448989200.0	10.69	53	71
snapshot_12_1_2015_18_0.json	1449010800.0	9.52	53	72
snapshot_12_1_2015_6_0.json	1448967600.0	10.69	53	74
snapshot_12_1_2015_6_0.json	1448967600.0	10.69	53	74
snapshot_12_2_2015_12_0.json	1449075600.0	9.52	53	52
snapshot_12_2_2015_18_0.json	1449097200.0	9.52	53	54
snapshot_12_2_2015_6_0.json	1449054000.0	9.52	53	52
snapshot_12_3_2015_18_0.json	1449183600.0	11.59	53	69
snapshot_12_3_2015_6_0.json	1449140400.0	11.59	53	69
snapshot_12_4_2015_12_0.json	1449248400.0	11.59	53	66
snapshot_12_4_2015_18_0.json	1449270000.0	11.59	53	66
snapshot_12_4_2015_18_0.json	1449270000.0	11.59	53	66
snapshot_12_4_2015_6_0.json	1449226800.0	11.59	53	66
snapshot_12_5_2015_0_0.json	1449291600.0	11.59	53	67
snapshot_12_5_2015_12_0.json	1449334800.0	11.59	53	66
snapshot_12_5_2015_18_0.json	1449356400.0	11.59	53	66
snapshot_12_5_2015_6_0.json	1449313200.0	11.59	53	66
snapshot_12_5_2015_6_0.json	1449313200.0	11.59	53	66
9199613	2015-12-07T01:31:00Z	PARKING PASSES ONLY Amy Grant and Michael W. Smith	American Airlines Center Parking Lots	Texas Dallas|672	75219
snapshot_11_16_2015_0_0.json	1447650000.0	10.69	53	83
snapshot_11_17_2015_0_0.json	1447736400.0	10.69	215.6	54
snapshot_11_17_2015_0_0.json	1447736400.0	10.69	215.6	54
snapshot_11_17_2015_12_0.json	1447779600.0	10.69	215.6	54
snapshot_11_17_2015_18_0.json	1447801200.0	10.69	215.6	54
snapshot_11_17_2015_6_0.json	1447758000.0	10.69	215.6	54
snapshot_11_17_2015_6_0.json	1447758000.0	10.69	215.6	54
snapshot_11_18_2015_0_0.json	1447822800.0	10.69	215.6	54
snapshot_11_18_2015_12_0.json	1447866000.0	10.69	215.6	54
snapshot_11_18_2015_18_0.json	1447887600.0	10.69	215.6	54
snapshot_11_18_2015_6_0.json	1447844400.0	10.69	215.6	54
snapshot_11_19_2015_0_0.json	1447909200.0	10.69	215.6	54
snapshot_11_19_2015_12_0.json	1447952400.0	10.69	215.6	54
snapshot_11_19_2015_18_0.json	1447974000.0	10.69	215.6	54
snapshot_11_19_2015_6_0.json	1447930800.0	10.69	215.6	54
snapshot_11_20_2015_0_0.json	1447995600.0	10.69	215.6	54
snapshot_11_20_2015_12_0.json	1448038800.0	10.69	215.6	54
snapshot_11_21_2015_12_0.json	1448125200.0	10.69	215.6	54
snapshot_11_21_2015_12_0.json	1448125200.0	10.69	215.6	54
snapshot_11_21_2015_18_0.json	1448146800.0	10.69	215.6	83
snapshot_11_22_2015_0_0.json	1448168400.0	10.69	215.6	83
snapshot_11_22_2015_0_0.json	1448168400.0	10.69	215.6	83
snapshot_11_22_2015_12_0.json	1448211600.0	10.69	215.6	83
snapshot_11_22_2015_18_0.json	1448233200.0	10.69	215.6	83
snapshot_11_22_2015_18_0.json	1448233200.0	10.69	215.6	83
snapshot_11_23_2015_0_0.json	1448254800.0	10.69	215.6	83
snapshot_11_23_2015_12_0.json	1448298000.0	10.69	215.6	83
snapshot_11_23_2015_18_0.json	1448319600.0	10.69	215.6	83
snapshot_11_23_2015_6_0.json	1448276400.0	10.69	215.6	83
snapshot_11_23_2015_6_0.json	1448276400.0	10.69	215.6	83
snapshot_11_24_2015_12_0.json	1448384400.0	10.69	215.6	82
snapshot_11_24_2015_18_0.json	1448406000.0	10.69	215.6	82
snapshot_11_24_2015_6_0.json	1448362800.0	10.69	215.6	82
snapshot_11_25_2015_0_0.json	1448427600.0	10.69	215.6	82
snapshot_11_25_2015_12_0.json	1448470800.0	10.69	215.6	83
snapshot_11_25_2015_18_0.json	1448492400.0	10.69	215.6	83
snapshot_11_25_2015_6_0.json	1448449200.0	10.69	215.6	83
snapshot_11_26_2015_0_0.json	1448514000.0	10.69	215.6	73
snapshot_11_27_2015_18_0.json	1448665200.0	10.69	215.6	72
snapshot_11_28_2015_0_0.json	1448686800.0	10.69	215.6	75
snapshot_11_28_2015_12_0.json	1448730000.0	10.69	215.6	75
snapshot_11_28_2015_18_0.json	1448751600.0	10.69	215.6	76
snapshot_11_28_2015_6_0.json	1448708400.0	10.69	215.6	75
snapshot_11_29_2015_0_0.json	1448773200.0	10.69	215.6	76
snapshot_11_29_2015_12_0.json	1448816400.0	10.69	215.6	76
snapshot_11_29_2015_18_0.json	1448838000.0	10.69	215.6	76
snapshot_11_29_2015_6_0.json	1448794800.0	10.69	215.6	76
snapshot_11_30_2015_0_0.json	1448859600.0	10.69	215.6	76
snapshot_11_30_2015_0_0.json	1448859600.0	10.69	215.6	76
snapshot_11_30_2015_12_0.json	1448902800.0	10.69	215.6	75
snapshot_11_30_2015_18_0.json	1448924400.0	10.69	215.6	74
snapshot_11_30_2015_6_0.json	1448881200.0	10.69	215.6	76
snapshot_12_1_2015_12_0.json	1448989200.0	10.69	53	71
snapshot_12_1_2015_18_0.json	1449010800.0	9.52	53	72
snapshot_12_1_2015_6_0.json	1448967600.0	10.69	53	74
snapshot_12_1_2015_6_0.json	1448967600.0	10.69	53	74
snapshot_12_2_2015_12_0.json	1449075600.0	9.52	53	52
snapshot_12_2_2015_18_0.json	1449097200.0	9.52	53	54
snapshot_12_2_2015_6_0.json	1449054000.0	9.52	53	52
snapshot_12_3_2015_18_0.json	1449183600.0	11.59	53	69
snapshot_12_3_2015_6_0.json	1449140400.0	11.59	53	69
snapshot_12_4_2015_12_0.json	1449248400.0	11.59	53	66
snapshot_12_4_2015_18_0.json	1449270000.0	11.59	53	66
snapshot_12_4_2015_18_0.json	1449270000.0	11.59	53	66
snapshot_12_4_2015_6_0.json	1449226800.0	11.59	53	66
snapshot_12_5_2015_0_0.json	1449291600.0	11.59	53	67
snapshot_12_5_2015_12_0.json	1449334800.0	11.59	53	66
snapshot_12_5_2015_18_0.json	14493564
