9199622	2015-12-06T02:00:00Z	Disney on Ice Frozen	Pepsi Center	Colorado Denver|678	80204
snapshot_11_16_2015_0_0.json	1447650000.0	50.88	224.25	569
snapshot_11_17_2015_0_0.json	1447736400.0	50.88	195.5	566
snapshot_11_17_2015_12_0.json	1447779600.0	50.88	195.5	561
snapshot_11_18_2015_0_0.json	1447822800.0	50.88	195.5	550
snapshot_11_18_2015_12_0.json	1447866000.0	50.88	195.5	543
snapshot_11_18_2015_12_0.json	1447866000.0	50.88	195.5	543
snapshot_11_18_2015_18_0.json	1447887600.0	50.88	195.5	539
snapshot_11_18_2015_6_0.json	1447844400.0	50.88	195.5	543
snapshot_11_19_2015_0_0.json	1447909200.0	50.88	195.5	579
snapshot_11_19_2015_12_0.json	1447952400.0	50.88	195.5	580
snapshot_11_19_2015_6_0.json	1447930800.0	50.88	195.5	580
snapshot_11_20_2015_0_0.json	1447995600.0	50.88	195.5	589
snapshot_11_20_2015_12_0.json	1448038800.0	50.88	195.5	569
snapshot_11_21_2015_12_0.json	1448125200.0	49.71	195.5	541
snapshot_11_21_2015_18_0.json	1448146800.0	49.71	195.5	541
snapshot_11_22_2015_0_0.json	1448168400.0	49.71	195.5	559
snapshot_11_22_2015_12_0.json	1448211600.0	49.71	195.5	543
snapshot_11_22_2015_6_0.json	1448190000.0	49.71	195.5	543
snapshot_11_23_2015_0_0.json	1448254800.0	49.71	195.5	546
snapshot_11_23_2015_12_0.json	1448298000.0	49.71	195.5	535
snapshot_11_23_2015_18_0.json	1448319600.0	49.71	195.5	526
snapshot_11_23_2015_18_0.json	1448319600.0	49.71	195.5	526
snapshot_11_24_2015_0_0.json	1448341200.0	49.71	166.75	519
snapshot_11_24_2015_12_0.json	1448384400.0	49.71	166.75	507
snapshot_11_24_2015_18_0.json	1448406000.0	47.37	166.75	530
snapshot_11_25_2015_0_0.json	1448427600.0	40.35	166.75	530
snapshot_11_25_2015_12_0.json	1448470800.0	40.35	166.75	560
snapshot_11_25_2015_6_0.json	1448449200.0	40.35	166.75	560
snapshot_11_26_2015_0_0.json	1448514000.0	28.65	166.75	554
snapshot_11_27_2015_18_0.json	1448665200.0	40.35	166.75	452
snapshot_11_27_2015_18_0.json	1448665200.0	40.35	166.75	452
snapshot_11_28_2015_0_0.json	1448686800.0	40.35	166.75	492
snapshot_11_28_2015_18_0.json	1448751600.0	40.35	166.75	488
snapshot_11_28_2015_6_0.json	1448708400.0	40.35	166.75	488
snapshot_11_29_2015_0_0.json	1448773200.0	38.01	166.75	476
snapshot_11_29_2015_0_0.json	1448773200.0	38.01	166.75	476
snapshot_11_29_2015_18_0.json	1448838000.0	38.01	166.75	435
snapshot_11_29_2015_6_0.json	1448794800.0	38.01	166.75	450
snapshot_11_30_2015_0_0.json	1448859600.0	38.01	166.75	413
snapshot_11_30_2015_12_0.json	1448902800.0	38.01	166.75	400
snapshot_11_30_2015_18_0.json	1448924400.0	33.33	138	392
snapshot_12_1_2015_0_0.json	1448946000.0	33.33	138	390
snapshot_12_1_2015_12_0.json	1448989200.0	33.33	138	358
snapshot_12_1_2015_18_0.json	1449010800.0	33.33	138	338
snapshot_12_1_2015_6_0.json	1448967600.0	33.33	138	360
snapshot_12_2_2015_0_0.json	1449032400.0	33.33	138	300
snapshot_12_2_2015_12_0.json	1449075600.0	33.33	138	262
snapshot_12_2_2015_18_0.json	1449097200.0	33.33	138	225
snapshot_12_2_2015_6_0.json	1449054000.0	33.33	138	265
snapshot_12_3_2015_0_0.json	1449118800.0	60.81	113.85	54
snapshot_12_3_2015_12_0.json	1449162000.0	60.81	113.85	51
snapshot_12_3_2015_18_0.json	1449183600.0	49.71	82	39
snapshot_12_3_2015_6_0.json	1449140400.0	60.81	113.85	51
snapshot_12_4_2015_0_0.json	1449205200.0	0	0	0
snapshot_12_4_2015_12_0.json	1449248400.0	45.03	39	31
snapshot_12_4_2015_18_0.json	1449270000.0	45.03	39	31
snapshot_12_4_2015_6_0.json	1449226800.0	0	0	0
snapshot_12_5_2015_0_0.json	1449291600.0	50.88	39	19
snapshot_12_5_2015_12_0.json	1449334800.0	0	0	0
snapshot_12_5_2015_18_0.json	1449356400.0	0	0	0
snapshot_12_5_2015_6_0.json	1449313200.0	0	0	0
snapshot_12_5_2015_6_0.json	1449313200.0	0	0	0
9199622	2015-12-06T02:00:00Z	Disney on Ice Frozen	Pepsi Center	Colorado Denver|678	80204
snapshot_11_16_2015_0_0.json	1447650000.0	50.88	224.25	569
snapshot_11_17_2015_0_0.json	1447736400.0	50.88	195.5	566
snapshot_11_17_2015_12_0.json	1447779600.0	50.88	195.5	561
snapshot_11_18_2015_0_0.json	1447822800.0	50.88	195.5	550
snapshot_11_18_2015_12_0.json	1447866000.0	50.88	195.5	543
snapshot_11_18_2015_12_0.json	1447866000.0	50.88	195.5	543
snapshot_11_18_2015_18_0.json	1447887600.0	50.88	195.5	539
snapshot_11_18_2015_6_0.json	1447844400.0	50.88	195.5	543
snapshot_11_19_2015_0_0.json	1447909200.0	50.88	195.5	579
snapshot_11_19_2015_12_0.json	1447952400.0	50.88	195.5	580
snapshot_11_19_2015_6_0.json	1447930800.0	50.88	195.5	580
snapshot_11_20_2015_0_0.json	1447995600.0	50.88	195.5	589
snapshot_11_20_2015_12_0.json	1448038800.0	50.88	195.5	569
snapshot_11_21_2015_12_0.json	1448125200.0	49.71	195.5	541
snapshot_11_21_2015_18_0.json	1448146800.0	49.71	195.5	541
snapshot_11_22_2015_0_0.json	1448168400.0	49.71	195.5	559
snapshot_11_22_2015_12_0.json	1448211600.0	49.71	195.5	543
snapshot_11_22_2015_6_0.json	1448190000.0	49.71	195.5	543
snapshot_11_23_2015_0_0.json	1448254800.0	49.71	195.5	546
snapshot_11_23_2015_12_0.json	1448298000.0	49.71	195.5	535
snapshot_11_23_2015_18_0.json	1448319600.0	49.71	195.5	526
snapshot_11_23_2015_18_0.json	1448319600.0	49.71	195.5	526
snapshot_11_24_2015_0_0.json	1448341200.0	49.71	166.75	519
snapshot_11_24_2015_12_0.json	1448384400.0	49.71	166.75	507
snapshot_11_24_2015_18_0.json	1448406000.0	47.37	166.75	530
snapshot_11_25_2015_0_0.json	1448427600.0	40.35	166.75	530
snapshot_11_25_2015_12_0.json	1448470800.0	40.35	166.75	560
snapshot_11_25_2015_6_0.json	1448449200.0	40.35	166.75	560
snapshot_11_26_2015_0_0.json	1448514000.0	28.65	166.75	554
snapshot_11_27_2015_18_0.json	1448665200.0	40.35	166.75	452
snapshot_11_27_2015_18_0.json	1448665200.0	40.35	166.75	452
snapshot_11_28_2015_0_0.json	1448686800.0	40.35	166.75	492
snapshot_11_28_2015_18_0.json	1448751600.0	40.35	166.75	488
snapshot_11_28_2015_6_0.json	1448708400.0	40.35	166.75	488
snapshot_11_29_2015_0_0.json	1448773200.0	38.01	166.75	476
snapshot_11_29_2015_0_0.json	1448773200.0	38.01	166.75	476
snapshot_11_29_2015_18_0.json	1448838000.0	38.01	166.75	435
snapshot_11_29_2015_6_0.json	1448794800.0	38.01	166.75	450
snapshot_11_30_2015_0_0.json	1448859600.0	38.01	166.75	413
snapshot_11_30_2015_12_0.json	1448902800.0	38.01	166.75	400
snapshot_11_30_2015_18_0.json	1448924400.0	33.33	138	392
snapshot_12_1_2015_0_0.json	1448946000.0	33.33	138	390
snapshot_12_1_2015_12_0.json	1448989200.0	33.33	138	358
snapshot_12_1_2015_18_0.json	1449010800.0	33.33	138	338
snapshot_12_1_2015_6_0.json	1448967600.0	33.33	138	360
snapshot_12_2_2015_0_0.json	1449032400.0	33.33	138	300
snapshot_12_2_2015_12_0.json	1449075600.0	33.33	138	262
snapshot_12_2_2015_18_0.json	1449097200.0	33.33	138	225
snapshot_12_2_2015_6_0.json	1449054000.0	33.33	138	265
snapshot_12_3_2015_0_0.json	1449118800.0	60.81	113.85	54
snapshot_12_3_2015_12_0.json	1449162000.0	60.81	113.85	51
snapshot_12_3_2015_18_0.json	1449183600.0	49.71	82	39
snapshot_12_3_2015_6_0.json	1449140400.0	60.81	113.85	51
snapshot_12_4_2015_0_0.json	1449205200.0	0	0	0
snapshot_12_4_2015_12_0.json	1449248400.0	45.03	39	31
snapshot_12_4_2015_18_0.json	1449270000.0	45.03	39	31
snapshot_12_4_2015_6_0.json	1449226800.0	0	0	0
snapshot_12_5_2015_0_0.json	1449291600.0	50.88	39	19
snapshot_12_5_2015_12_0.json	1449334800.0	0	0	0
snapshot_12_5_2015_18_0.json	1449356400.0	0	0	0
snapshot_12_5_2015_6_0.json	1449313200.0	0	0	0
snapshot_12_5_2015_6_0.json	1449313200.0	0	0	0
9199622	2015-12-06T02:00:00Z	Disney on Ice Frozen	Pepsi Center	Colorado Denver|678	80204
snapshot_11_16_2015_0_0.json	1447650000.0	50.88	224.25	569
snapshot_11_17_2015_0_0.json	1447736400.0	50.88	195.5	566
snapshot_11_17_2015_12_0.json	1447779600.0	50.88	195.5	561
snapshot_11_18_2015_0_0.json	1447822800.0	50.88	195.5	550
snapshot_11_18_2015_12_0.json	1447866000.0	50.88	195.5	543
snapshot_11_18_2015_12_0.json	1447866000.0	50.88	195.5	543
snapshot_11_18_2015_18_0.json	1447887600.0	50.88	195.5	539
snapshot_11_18_2015_6_0.json	1447844400.0	50.88	195.5	543
snapshot_11_19_2015_0_0.json	1447909200.0	50.88	195.5	579
snapshot_11_19_2015_12_0.json	1447952400.0	50.88	195.5	580
snapshot_11_19_2015_6_0.json	1447930800.0	50.88	195.5	580
snapshot_11_20_2015_0_0.json	1447995600.0	50.88	195.5	589
snapshot_11_20_2015_12_0.json	1448038800.0	50.88	195.5	569
snapshot_11_21_2015_12_0.json	1448125200.0	49.71	195.5	541
snapshot_11_21_2015_18_0.json	1448146800.0	49.71	195.5	541
snapshot_11_22_2015_0_0.json	1448168400.0	49.71	195.5	559
snapshot_11_22_2015_12_0.json	1448211600.0	49.71	195.5	543
snapshot_11_22_2015_6_0.json	1448190000.0	49.71	195.5	543
snapshot_11_23_2015_0_0.json	1448254800.0	49.71	195.5	546
snapshot_11_23_2015_12_0.json	1448298000.0	49.71	195.5	535
snapshot_11_23_2015_18_0.json	1448319600.0	49.71	195.5	526
snapshot_11_23_2015_18_0.json	1448319600.0	49.71	195.5	526
snapshot_11_24_2015_0_0.json	1448341200.0	49.71	166.75	519
snapshot_11_24_2015_12_0.json	1448384400.0	49.71	166.75	507
snapshot_11_24_2015_18_0.json	1448406000.0	47.37	166.75	530
snapshot_11_25_2015_0_0.json	1448427600.0	40.35	166.75	530
snapshot_11_25_2015_12_0.json	1448470800.0	40.35	166.75	560
snapshot_11_25_2015_6_0.json	1448449200.0	40.35	166.75	560
snapshot_11_26_2015_0_0.json	1448514000.0	28.65	166.75	554
snapshot_11_27_2015_18_0.json	1448665200.0	40.35	166.75	452
snapshot_11_27_2015_18_0.json	1448665200.0	40.35	166.75	452
snapshot_11_28_2015_0_0.json	1448686800.0	40.35	166.75	492
snapshot_11_28_2015_18_0.json	1448751600.0	40.35	166.75	488
snapshot_11_28_2015_6_0.json	1448708400.0	40.35	166.75	488
snapshot_11_29_2015_0_0.json	1448773200.0	38.01	166.75	476
snapshot_11_29_2015_0_0.json	1448773200.0	38.01	166.75	476
snapshot_11_29_2015_18_0.json	1448838000.0	38.01	166.75	435
snapshot_11_29_2015_6_0.json	1448794800.0	38.01	166.75	450
snapshot_11_30_2015_0_0.json	1448859600.0	38.01	166.75	413
snapshot_11_30_2015_12_0.json	1448902800.0	38.01	166.75	400
snapshot_11_30_2015_18_0.json	1448924400.0	33.33	138	392
snapshot_12_1_2015_0_0.json	1448946000.0	33.33	138	390
snapshot_12_1_2015_12_0.json	1448989200.0	33.33	138	358
snapshot_12_1_2015_18_0.json	1449010800.0	33.33	138	338
snapshot_12_1_2015_6_0.json	1448967600.0	33.33	138	360
snapshot_12_2_2015_0_0.json	1449032400.0	33.33	138	300
snapshot_12_2_2015_12_0.json	1449075600.0	33.33	138	262
snapshot_12_2_2015_18_0.json	1449097200.0	33.33	138	225
snapshot_12_2_2015_6_0.json	1449054000.0	33.33	138	265
snapshot_12_3_2015_0_0.json	1449118800.0	60.81	113.85	54
snapshot_12_3_2015_12_0.json	1449162000.0	60.81	113.85	51
snapshot_12_3_2015_18_0.json	1449183600.0	49.71	82	39
snapshot_12_3_2015_6_0.json	1449140400.0	60.81	113.85	51
snapshot_12_4_2015_0_0.json	1449205200.0	0	0	0
snapshot_12_4_2015_12_0.json	1449248400.0	45.03	39	31
snapshot_12_4_2015_18_0.json	1449270000.0	45.03	39	31
snapshot_12_4_2015_6_0.json	1449226800.0	0	0	0
snapshot_12_5_2015_0_0.json	1449291600.0	50.88	39	19
snapshot_12_5_2015_12_0.json	1449334800.0	0	0	0
snapshot_12_5_2015_18_0.json	1449356400.0	0	0	0
snapshot_12_5_2015_6_0.json	1449313200.0	0	0	0
snapshot_12_5_2015_6_0.json	1449313200.0	0	0	0
9199622	2015-12-06T02:00:00Z	Disney on Ice Frozen	Pepsi Center	Colorado Denver|678	80204
snapshot_11_16_2015_0_0.json	1447650000.0	50.88	224.25	569
snapshot_11_17_2015_0_0.json	1447736400.0	50.88	195.5	566
snapshot_11_17_2015_12_0.json	1447779600.0	50.88	195.5	561
snapshot_11_18_2015_0_0.json	1447822800.0	50.88	195.5	550
snapshot_11_18_2015_12_0.json	1447866000.0	50.88	195.5	543
snapshot_11_18_2015_12_0.json	1447866000.0	50.88	195.5	543
snapshot_11_18_2015_18_0.json	1447887600.0	50.88	195.5	539
snapshot_11_18_2015_6_0.json	1447844400.0	50.88	195.5	543
snapshot_11_19_2015_0_0.json	1447909200.0	50.88	195.5	579
snapshot_11_19_2015_12_0.json	1447952400.0	50.88	195.5	580
snapshot_11_19_2015_6_0.json	1447930800.0	50.88	195.5	580
snapshot_11_20_2015_0_0.json	1447995600.0	50.88	195.5	589
snapshot_11_20_2015_12_0.json	1448038800.0	50.88	195.5	569
snapshot_11_21_2015_12_0.json	1448125200.0	49.71	195.5	541
snapshot_11_21_2015_18_0.json	1448146800.0	49.71	195.5	541
snapshot_11_22_2015_0_0.json	1448168400.0	49.71	195.5	559
snapshot_11_22_2015_12_0.json	1448211600.0	49.71	195.5	543
snapshot_11_22_2015_6_0.json	1448190000.0	49.71	195.5	543
snapshot_11_23_2015_0_0.json	1448254800.0	49.71	195.5	546
snapshot_11_23_2015_12_0.json	1448298000.0	49.71	195.5	535
snapshot_11_23_2015_18_0.json	1448319600.0	49.71	195.5	526
snapshot_11_23_2015_18_0.json	1448319600.0	49.71	195.5	526
snapshot_11_24_2015_0_0.json	1448341200.0	49.71	166.75	519
snapshot_11_24_2015_12_0.json	1448384400.0	49.71	166.75	507
snapshot_11_24_2015_18_0.json	1448406000.0	47.37	166.75	530
snapshot_11_25_2015_0_0.json	1448427600.0	40.35	166.75	530
snapshot_11_25_2015_12_0.json	1448470800.0	40.35	166.75	560
snapshot_11_25_2015_6_0.json	1448449200.0	40.35	166.75	560
snapshot_11_26_2015_0_0.json	1448514000.0	28.65	166.75	554
snapshot_11_27_2015_18_0.json	1448665200.0	40.35	166.75	452
snapshot_11_27_2015_18_0.json	1448665200.0	40.35	166.75	452
snapshot_11_28_2015_0_0.json	1448686800.0	40.35	166.75	492
snapshot_11_28_2015_18_0.json	1448751600.0	40.35	166.75	488
snapshot_11_28_2015_6_0.json	1448708400.0	40.35	166.75	488
snapshot_11_29_2015_0_0.json	1448773200.0	38.01	166.75	476
snapshot_11_29_2015_0_0.json	1448773200.0	38.01	166.75	476
snapshot_11_29_2015_18_0.json	1448838000.0	38.01	166.75	435
snapshot_11_29_2015_6_0.json	1448794800.0	38.01	166.75	450
snapshot_11_30_2015_0_0.json	1448859600.0	38.01	166.75	413
snapshot_11_30_2015_12_0.json	1448902800.0	38.01	166.75	400
snapshot_11_30_2015_18_0.json	1448924400.0	33.33	138	392
snapshot_12_1_2015_0_0.json	1448946000.0	33.33	138	390
snapshot_12_1_2015_12_0.json	1448989200.0	33.33	138	358
snapshot_12_1_2015_18_0.json	1449010800.0	33.33	138	338
snapshot_12_1_2015_6_0.json	1448967600.0	33.33	138	360
snapshot_12_2_2015_0_0.json	1449032400.0	33.33	138	300
snapshot_12_2_2015_12_0.json	1449075600.0	33.33	138	262
snapshot_12_2_2015_18_0.json	1449097200.0	33.33	138	225
snapshot_12_2_2015_6_0.json	1449054000.0	33.33	138	265
snapshot_12_3_2015_0_0.json	1449118800.0	60.81	113.85	54
snapshot_12_3_2015_12_0.json	1449162000.0	60.81	113.85	51
snapshot_12_3_2015_18_0.json	1449183600.0	49.71	82	39
snapshot_12_3_2015_6_0.json	1449140400.0	60.81	113.85	51
snapshot_12_4_2015_0_0.json	1449205200.0	0	0	0
snapshot_12_4_2015_12_0.json	1449248400.0	45.03	39	31
snapshot_12_4_2015_18_0.json	1449270000.0	45.03	39	31
snapshot_12_4_2015_6_0.json	1449226800.0	0	0	0
snapshot_12_5_2015_0_0.json	1449291600.0	50.88	39	19
snapshot_12_5_2015_12_0.json	1449334800.0	0	0	0
snapshot_12_5_2015_18_0.json	1449356400.0	0	0	0
snapshot_12_5_2015_6_0.json	1449313200.0	0	0	0
snapshot_12_5_2015_6_0.json	1449313200.0	0	0	0
