9199753	2015-12-13T19:00:00Z	Disney On Ice Frozen	STAPLES Center	California Los Angeles Metro|10	90015
snapshot_11_16_2015_0_0.json	1447650000.0	48.13	990	2155
snapshot_11_17_2015_0_0.json	1447736400.0	48.13	990	2150
snapshot_11_17_2015_12_0.json	1447779600.0	48.13	990	2142
snapshot_11_17_2015_12_0.json	1447779600.0	48.13	990	2142
snapshot_11_18_2015_0_0.json	1447822800.0	48.13	990	2159
snapshot_11_18_2015_12_0.json	1447866000.0	48.13	990	2151
snapshot_11_18_2015_18_0.json	1447887600.0	48.13	990	2151
snapshot_11_19_2015_0_0.json	1447909200.0	48.13	990	2145
snapshot_11_19_2015_0_0.json	1447909200.0	48.13	990	2145
snapshot_11_19_2015_12_0.json	1447952400.0	49.3	990	2141
snapshot_11_19_2015_6_0.json	1447930800.0	49.3	990	2142
snapshot_11_20_2015_0_0.json	1447995600.0	49.3	990	2130
snapshot_11_20_2015_12_0.json	1448038800.0	49.3	990	2126
snapshot_11_20_2015_12_0.json	1448038800.0	49.3	990	2126
snapshot_11_21_2015_12_0.json	1448125200.0	49.3	990	2125
snapshot_11_21_2015_18_0.json	1448146800.0	49.3	990	2125
snapshot_11_22_2015_6_0.json	1448190000.0	49.3	990	2118
snapshot_11_23_2015_12_0.json	1448298000.0	52.81	990	2100
snapshot_11_23_2015_18_0.json	1448319600.0	52.81	990	2095
snapshot_11_23_2015_6_0.json	1448276400.0	52.81	990	2100
snapshot_11_24_2015_0_0.json	1448341200.0	52.81	990	2121
snapshot_11_24_2015_12_0.json	1448384400.0	52.81	990	2113
snapshot_11_24_2015_18_0.json	1448406000.0	52.81	990	2107
snapshot_11_25_2015_0_0.json	1448427600.0	52.81	990	2095
snapshot_11_25_2015_12_0.json	1448470800.0	47.55	990	2057
snapshot_11_25_2015_18_0.json	1448492400.0	47.55	990	2065
snapshot_11_25_2015_6_0.json	1448449200.0	47.55	990	2057
snapshot_11_26_2015_0_0.json	1448514000.0	47.55	990	2058
snapshot_11_26_2015_0_0.json	1448514000.0	47.55	990	2058
snapshot_11_27_2015_18_0.json	1448665200.0	47.55	990	2029
snapshot_11_28_2015_0_0.json	1448686800.0	49.3	990	1835
snapshot_11_28_2015_12_0.json	1448730000.0	49.3	990	1824
snapshot_11_28_2015_18_0.json	1448751600.0	49.3	990	1813
snapshot_11_28_2015_6_0.json	1448708400.0	49.3	990	1824
snapshot_11_28_2015_6_0.json	1448708400.0	49.3	990	1824
snapshot_11_29_2015_0_0.json	1448773200.0	49.3	990	1829
snapshot_11_29_2015_0_0.json	1448773200.0	49.3	990	1829
snapshot_11_29_2015_12_0.json	1448816400.0	49.3	990	1812
snapshot_11_29_2015_6_0.json	1448794800.0	49.3	990	1812
snapshot_11_30_2015_0_0.json	1448859600.0	49.3	990	1799
snapshot_11_30_2015_12_0.json	1448902800.0	48.13	990	1800
snapshot_11_30_2015_18_0.json	1448924400.0	48.13	990	1798
snapshot_12_1_2015_0_0.json	1448946000.0	48.13	990	1780
snapshot_12_1_2015_12_0.json	1448989200.0	48.13	990	1770
snapshot_12_1_2015_18_0.json	1449010800.0	48.13	990	1765
snapshot_12_1_2015_6_0.json	1448967600.0	48.13	990	1777
snapshot_12_2_2015_12_0.json	1449075600.0	31.17	990	1850
snapshot_12_2_2015_18_0.json	1449097200.0	31.17	990	1838
snapshot_12_3_2015_0_0.json	1449118800.0	31.17	990	1830
snapshot_12_3_2015_12_0.json	1449162000.0	31.17	990	1796
snapshot_12_3_2015_18_0.json	1449183600.0	31.17	990	1792
snapshot_12_3_2015_6_0.json	1449140400.0	31.17	990	1804
snapshot_12_4_2015_0_0.json	1449205200.0	38.77	990	1784
snapshot_12_4_2015_12_0.json	1449248400.0	38.77	990	1740
snapshot_12_4_2015_18_0.json	1449270000.0	37.6	990	1732
snapshot_12_4_2015_18_0.json	1449270000.0	37.6	990	1732
snapshot_12_4_2015_6_0.json	1449226800.0	38.77	990	1747
snapshot_12_5_2015_0_0.json	1449291600.0	37.6	990	1705
snapshot_12_5_2015_12_0.json	1449334800.0	35.26	990	1646
snapshot_12_5_2015_18_0.json	1449356400.0	34.09	990	1657
snapshot_12_5_2015_6_0.json	1449313200.0	35.26	990	1675
9199753	2015-12-13T19:00:00Z	Disney On Ice Frozen	STAPLES Center	California Los Angeles Metro|10	90015
snapshot_11_16_2015_0_0.json	1447650000.0	48.13	990	2155
snapshot_11_17_2015_0_0.json	1447736400.0	48.13	990	2150
snapshot_11_17_2015_12_0.json	1447779600.0	48.13	990	2142
snapshot_11_17_2015_12_0.json	1447779600.0	48.13	990	2142
snapshot_11_18_2015_0_0.json	1447822800.0	48.13	990	2159
snapshot_11_18_2015_12_0.json	1447866000.0	48.13	990	2151
snapshot_11_18_2015_18_0.json	1447887600.0	48.13	990	2151
snapshot_11_19_2015_0_0.json	1447909200.0	48.13	990	2145
snapshot_11_19_2015_0_0.json	1447909200.0	48.13	990	2145
snapshot_11_19_2015_12_0.json	1447952400.0	49.3	990	2141
snapshot_11_19_2015_6_0.json	1447930800.0	49.3	990	2142
snapshot_11_20_2015_0_0.json	1447995600.0	49.3	990	2130
snapshot_11_20_2015_12_0.json	1448038800.0	49.3	990	2126
snapshot_11_20_2015_12_0.json	1448038800.0	49.3	990	2126
snapshot_11_21_2015_12_0.json	1448125200.0	49.3	990	2125
snapshot_11_21_2015_18_0.json	1448146800.0	49.3	990	2125
snapshot_11_22_2015_6_0.json	1448190000.0	49.3	990	2118
snapshot_11_23_2015_12_0.json	1448298000.0	52.81	990	2100
snapshot_11_23_2015_18_0.json	1448319600.0	52.81	990	2095
snapshot_11_23_2015_6_0.json	1448276400.0	52.81	990	2100
snapshot_11_24_2015_0_0.json	1448341200.0	52.81	990	2121
snapshot_11_24_2015_12_0.json	1448384400.0	52.81	990	2113
snapshot_11_24_2015_18_0.json	1448406000.0	52.81	990	2107
snapshot_11_25_2015_0_0.json	1448427600.0	52.81	990	2095
snapshot_11_25_2015_12_0.json	1448470800.0	47.55	990	2057
snapshot_11_25_2015_18_0.json	1448492400.0	47.55	990	2065
snapshot_11_25_2015_6_0.json	1448449200.0	47.55	990	2057
snapshot_11_26_2015_0_0.json	1448514000.0	47.55	990	2058
snapshot_11_26_2015_0_0.json	1448514000.0	47.55	990	2058
snapshot_11_27_2015_18_0.json	1448665200.0	47.55	990	2029
snapshot_11_28_2015_0_0.json	1448686800.0	49.3	990	1835
snapshot_11_28_2015_12_0.json	1448730000.0	49.3	990	1824
snapshot_11_28_2015_18_0.json	1448751600.0	49.3	990	1813
snapshot_11_28_2015_6_0.json	1448708400.0	49.3	990	1824
snapshot_11_28_2015_6_0.json	1448708400.0	49.3	990	1824
snapshot_11_29_2015_0_0.json	1448773200.0	49.3	990	1829
snapshot_11_29_2015_0_0.json	1448773200.0	49.3	990	1829
snapshot_11_29_2015_12_0.json	1448816400.0	49.3	990	1812
snapshot_11_29_2015_6_0.json	1448794800.0	49.3	990	1812
snapshot_11_30_2015_0_0.json	1448859600.0	49.3	990	1799
snapshot_11_30_2015_12_0.json	1448902800.0	48.13	990	1800
snapshot_11_30_2015_18_0.json	1448924400.0	48.13	990	1798
snapshot_12_1_2015_0_0.json	1448946000.0	48.13	990	1780
snapshot_12_1_2015_12_0.json	1448989200.0	48.13	990	1770
snapshot_12_1_2015_18_0.json	1449010800.0	48.13	990	1765
snapshot_12_1_2015_6_0.json	1448967600.0	48.13	990	1777
snapshot_12_2_2015_12_0.json	1449075600.0	31.17	990	1850
snapshot_12_2_2015_18_0.json	1449097200.0	31.17	990	1838
snapshot_12_3_2015_0_0.json	1449118800.0	31.17	990	1830
snapshot_12_3_2015_12_0.json	1449162000.0	31.17	990	1796
snapshot_12_3_2015_18_0.json	1449183600.0	31.17	990	1792
snapshot_12_3_2015_6_0.json	1449140400.0	31.17	990	1804
snapshot_12_4_2015_0_0.json	1449205200.0	38.77	990	1784
snapshot_12_4_2015_12_0.json	1449248400.0	38.77	990	1740
snapshot_12_4_2015_18_0.json	1449270000.0	37.6	990	1732
snapshot_12_4_2015_18_0.json	1449270000.0	37.6	990	1732
snapshot_12_4_2015_6_0.json	1449226800.0	38.77	990	1747
snapshot_12_5_2015_0_0.json	1449291600.0	37.6	990	1705
snapshot_12_5_2015_12_0.json	1449334800.0	35.26	990	1646
snapshot_12_5_2015_18_0.json	1449356400.0	34.09	990	1657
snapshot_12_5_2015_6_0.json	1449313200.0	35.26	990	1675
9199753	2015-12-13T19:00:00Z	Disney On Ice Frozen	STAPLES Center	California Los Angeles Metro|10	90015
snapshot_11_16_2015_0_0.json	1447650000.0	48.13	990	2155
snapshot_11_17_2015_0_0.json	1447736400.0	48.13	990	2150
snapshot_11_17_2015_12_0.json	1447779600.0	48.13	990	2142
snapshot_11_17_2015_12_0.json	1447779600.0	48.13	990	2142
snapshot_11_18_2015_0_0.json	1447822800.0	48.13	990	2159
snapshot_11_18_2015_12_0.json	1447866000.0	48.13	990	2151
snapshot_11_18_2015_18_0.json	1447887600.0	48.13	990	2151
snapshot_11_19_2015_0_0.json	1447909200.0	48.13	990	2145
snapshot_11_19_2015_0_0.json	1447909200.0	48.13	990	2145
snapshot_11_19_2015_12_0.json	1447952400.0	49.3	990	2141
snapshot_11_19_2015_6_0.json	1447930800.0	49.3	990	2142
snapshot_11_20_2015_0_0.json	1447995600.0	49.3	990	2130
snapshot_11_20_2015_12_0.json	1448038800.0	49.3	990	2126
snapshot_11_20_2015_12_0.json	1448038800.0	49.3	990	2126
snapshot_11_21_2015_12_0.json	1448125200.0	49.3	990	2125
snapshot_11_21_2015_18_0.json	1448146800.0	49.3	990	2125
snapshot_11_22_2015_6_0.json	1448190000.0	49.3	990	2118
snapshot_11_23_2015_12_0.json	1448298000.0	52.81	990	2100
snapshot_11_23_2015_18_0.json	1448319600.0	52.81	990	2095
snapshot_11_23_2015_6_0.json	1448276400.0	52.81	990	2100
snapshot_11_24_2015_0_0.json	1448341200.0	52.81	990	2121
snapshot_11_24_2015_12_0.json	1448384400.0	52.81	990	2113
snapshot_11_24_2015_18_0.json	1448406000.0	52.81	990	2107
snapshot_11_25_2015_0_0.json	1448427600.0	52.81	990	2095
snapshot_11_25_2015_12_0.json	1448470800.0	47.55	990	2057
snapshot_11_25_2015_18_0.json	1448492400.0	47.55	990	2065
snapshot_11_25_2015_6_0.json	1448449200.0	47.55	990	2057
snapshot_11_26_2015_0_0.json	1448514000.0	47.55	990	2058
snapshot_11_26_2015_0_0.json	1448514000.0	47.55	990	2058
snapshot_11_27_2015_18_0.json	1448665200.0	47.55	990	2029
snapshot_11_28_2015_0_0.json	1448686800.0	49.3	990	1835
snapshot_11_28_2015_12_0.json	1448730000.0	49.3	990	1824
snapshot_11_28_2015_18_0.json	1448751600.0	49.3	990	1813
snapshot_11_28_2015_6_0.json	1448708400.0	49.3	990	1824
snapshot_11_28_2015_6_0.json	1448708400.0	49.3	990	1824
snapshot_11_29_2015_0_0.json	1448773200.0	49.3	990	1829
snapshot_11_29_2015_0_0.json	1448773200.0	49.3	990	1829
snapshot_11_29_2015_12_0.json	1448816400.0	49.3	990	1812
snapshot_11_29_2015_6_0.json	1448794800.0	49.3	990	1812
snapshot_11_30_2015_0_0.json	1448859600.0	49.3	990	1799
snapshot_11_30_2015_12_0.json	1448902800.0	48.13	990	1800
snapshot_11_30_2015_18_0.json	1448924400.0	48.13	990	1798
snapshot_12_1_2015_0_0.json	1448946000.0	48.13	990	1780
snapshot_12_1_2015_12_0.json	1448989200.0	48.13	990	1770
snapshot_12_1_2015_18_0.json	1449010800.0	48.13	990	1765
snapshot_12_1_2015_6_0.json	1448967600.0	48.13	990	1777
snapshot_12_2_2015_12_0.json	1449075600.0	31.17	990	1850
snapshot_12_2_2015_18_0.json	1449097200.0	31.17	990	1838
snapshot_12_3_2015_0_0.json	1449118800.0	31.17	990	1830
snapshot_12_3_2015_12_0.json	1449162000.0	31.17	990	1796
snapshot_12_3_2015_18_0.json	1449183600.0	31.17	990	1792
snapshot_12_3_2015_6_0.json	1449140400.0	31.17	990	1804
snapshot_12_4_2015_0_0.json	1449205200.0	38.77	990	1784
snapshot_12_4_2015_12_0.json	1449248400.0	38.77	990	1740
snapshot_12_4_2015_18_0.json	1449270000.0	37.6	990	1732
snapshot_12_4_2015_18_0.json	1449270000.0	37.6	990	1732
snapshot_12_4_2015_6_0.json	1449226800.0	38.77	990	1747
snapshot_12_5_2015_0_0.json	1449291600.0	37.6	990	1705
snapshot_12_5_2015_12_0.json	1449334800.0	35.26	990	1646
snapshot_12_5_2015_18_0.json	1449356400.0	34.09	990	1657
snapshot_12_5_2015_6_0.json	1449313200.0	35.26	990	1675
9199753	2015-12-13T19:00:00Z	Disney On Ice Frozen	STAPLES Center	California Los Angeles Metro|10	90015
snapshot_11_16_2015_0_0.json	1447650000.0	48.13	990	2155
snapshot_11_17_2015_0_0.json	1447736400.0	48.13	990	2150
snapshot_11_17_2015_12_0.json	1447779600.0	48.13	990	2142
snapshot_11_17_2015_12_0.json	1447779600.0	48.13	990	2142
snapshot_11_18_2015_0_0.json	1447822800.0	48.13	990	2159
snapshot_11_18_2015_12_0.json	1447866000.0	48.13	990	2151
snapshot_11_18_2015_18_0.json	1447887600.0	48.13	990	2151
snapshot_11_19_2015_0_0.json	1447909200.0	48.13	990	2145
snapshot_11_19_2015_0_0.json	1447909200.0	48.13	990	2145
snapshot_11_19_2015_12_0.json	1447952400.0	49.3	990	2141
snapshot_11_19_2015_6_0.json	1447930800.0	49.3	990	2142
snapshot_11_20_2015_0_0.json	1447995600.0	49.3	990	2130
snapshot_11_20_2015_12_0.json	1448038800.0	49.3	990	2126
snapshot_11_20_2015_12_0.json	1448038800.0	49.3	990	2126
snapshot_11_21_2015_12_0.json	1448125200.0	49.3	990	2125
snapshot_11_21_2015_18_0.json	1448146800.0	49.3	990	2125
snapshot_11_22_2015_6_0.json	1448190000.0	49.3	990	2118
snapshot_11_23_2015_12_0.json	1448298000.0	52.81	990	2100
snapshot_11_23_2015_18_0.json	1448319600.0	52.81	990	2095
snapshot_11_23_2015_6_0.json	1448276400.0	52.81	990	2100
snapshot_11_24_2015_0_0.json	1448341200.0	52.81	990	2121
snapshot_11_24_2015_12_0.json	1448384400.0	52.81	990	2113
snapshot_11_24_2015_18_0.json	1448406000.0	52.81	990	2107
snapshot_11_25_2015_0_0.json	1448427600.0	52.81	990	2095
snapshot_11_25_2015_12_0.json	1448470800.0	47.55	990	2057
snapshot_11_25_2015_18_0.json	1448492400.0	47.55	990	2065
snapshot_11_25_2015_6_0.json	1448449200.0	47.55	990	2057
snapshot_11_26_2015_0_0.json	1448514000.0	47.55	990	2058
snapshot_11_26_2015_0_0.json	1448514000.0	47.55	990	2058
snapshot_11_27_2015_18_0.json	1448665200.0	47.55	990	2029
snapshot_11_28_2015_0_0.json	1448686800.0	49.3	990	1835
snapshot_11_28_2015_12_0.json	1448730000.0	49.3	990	1824
snapshot_11_28_2015_18_0.json	1448751600.0	49.3	990	1813
snapshot_11_28_2015_6_0.json	1448708400.0	49.3	990	1824
snapshot_11_28_2015_6_0.json	1448708400.0	49.3	990	1824
snapshot_11_29_2015_0_0.json	1448773200.0	49.3	990	1829
snapshot_11_29_2015_0_0.json	1448773200.0	49.3	990	1829
snapshot_11_29_2015_12_0.json	1448816400.0	49.3	990	1812
snapshot_11_29_2015_6_0.json	1448794800.0	49.3	990	1812
snapshot_11_30_2015_0_0.json	1448859600.0	49.3	990	1799
snapshot_11_30_2015_12_0.json	1448902800.0	48.13	990	1800
snapshot_11_30_2015_18_0.json	1448924400.0	48.13	990	1798
snapshot_12_1_2015_0_0.json	1448946000.0	48.13	990	1780
snapshot_12_1_2015_12_0.json	1448989200.0	48.13	990	1770
snapshot_12_1_2015_18_0.json	1449010800.0	48.13	990	1765
snapshot_12_1_2015_6_0.json	1448967600.0	48.13	990	1777
snapshot_12_2_2015_12_0.json	1449075600.0	31.17	990	1850
snapshot_12_2_2015_18_0.json	1449097200.0	31.17	990	1838
snapshot_12_3_2015_0_0.json	1449118800.0	31.17	990	1830
snapshot_12_3_2015_12_0.json	1449162000.0	31.17	990	1796
snapshot_12_3_2015_18_0.json	1449183600.0	31.17	990	1792
snapshot_12_3_2015_6_0.json	1449140400.0	31.17	990	1804
snapshot_12_4_2015_0_0.json	1449205200.0	38.77	990	1784
snapshot_12_4_2015_12_0.json	1449248400.0	38.77	990	1740
snapshot_12_4_2015_18_0.json	1449270000.0	37.6	990	1732
snapshot_12_4_2015_18_0.json	1449270000.0	37.6	990	1732
snapshot_12_4_2015_6_0.json	1449226800.0	38.77	990	1747
snapshot_12_5_2015_0_0.json	1449291600.0	37.6	990	1705
snapshot_12_5_2015_12_0.json	1449334800.0	35.26	990	1646
snapshot_12_5_2015_18_0.json	1449356400.0	34.09	990	1657
snapshot_12_5_2015_6_0.json	1449313200.0	35.26	990	1675
