9199760	2015-12-12T03:00:00Z	Disney On Ice Frozen	STAPLES Center	California Los Angeles Metro|10	90015
snapshot_11_17_2015_12_0.json	1447779600.0	43.45	716	1440
snapshot_11_17_2015_6_0.json	1447758000.0	43.45	716	1444
snapshot_11_18_2015_0_0.json	1447822800.0	34.09	716	1444
snapshot_11_18_2015_12_0.json	1447866000.0	34.09	716	1441
snapshot_11_18_2015_18_0.json	1447887600.0	34.09	716	1441
snapshot_11_18_2015_6_0.json	1447844400.0	34.09	716	1441
snapshot_11_19_2015_0_0.json	1447909200.0	48.13	716	1435
snapshot_11_19_2015_12_0.json	1447952400.0	49.3	716	1435
snapshot_11_19_2015_6_0.json	1447930800.0	49.3	716	1435
snapshot_11_20_2015_0_0.json	1447995600.0	49.3	716	1416
snapshot_11_20_2015_12_0.json	1448038800.0	49.3	716	1409
snapshot_11_20_2015_12_0.json	1448038800.0	49.3	716	1409
snapshot_11_21_2015_12_0.json	1448125200.0	50.47	716	1432
snapshot_11_21_2015_18_0.json	1448146800.0	50.47	716	1432
snapshot_11_22_2015_0_0.json	1448168400.0	50.47	716	1427
snapshot_11_22_2015_18_0.json	1448233200.0	50.47	716	1412
snapshot_11_22_2015_6_0.json	1448190000.0	50.47	716	1412
snapshot_11_23_2015_0_0.json	1448254800.0	50.47	716	1410
snapshot_11_23_2015_12_0.json	1448298000.0	50.47	716	1405
snapshot_11_23_2015_18_0.json	1448319600.0	50.47	716	1421
snapshot_11_23_2015_6_0.json	1448276400.0	50.47	716	1405
snapshot_11_24_2015_0_0.json	1448341200.0	50.47	716	1442
snapshot_11_24_2015_12_0.json	1448384400.0	50.47	716	1417
snapshot_11_24_2015_18_0.json	1448406000.0	50.47	716	1417
snapshot_11_25_2015_0_0.json	1448427600.0	51.64	716	1393
snapshot_11_25_2015_12_0.json	1448470800.0	49.3	716	1407
snapshot_11_25_2015_18_0.json	1448492400.0	49.3	716	1411
snapshot_11_25_2015_6_0.json	1448449200.0	49.3	716	1407
snapshot_11_26_2015_0_0.json	1448514000.0	49.3	716	1408
snapshot_11_26_2015_0_0.json	1448514000.0	49.3	716	1408
snapshot_11_27_2015_18_0.json	1448665200.0	49.3	716	1403
snapshot_11_28_2015_0_0.json	1448686800.0	49.3	800	1293
snapshot_11_28_2015_0_0.json	1448686800.0	49.3	800	1293
snapshot_11_28_2015_12_0.json	1448730000.0	49.3	800	1291
snapshot_11_28_2015_18_0.json	1448751600.0	49.3	800	1291
snapshot_11_28_2015_6_0.json	1448708400.0	49.3	800	1293
snapshot_11_28_2015_6_0.json	1448708400.0	49.3	800	1293
snapshot_11_29_2015_12_0.json	1448816400.0	49.3	800	1287
snapshot_11_29_2015_18_0.json	1448838000.0	49.3	800	1287
snapshot_11_29_2015_6_0.json	1448794800.0	49.3	800	1287
snapshot_11_30_2015_0_0.json	1448859600.0	49.3	800	1285
snapshot_11_30_2015_0_0.json	1448859600.0	49.3	800	1285
snapshot_11_30_2015_12_0.json	1448902800.0	49.3	800	1293
snapshot_11_30_2015_18_0.json	1448924400.0	48.13	800	1351
snapshot_11_30_2015_6_0.json	1448881200.0	49.3	800	1294
snapshot_12_1_2015_0_0.json	1448946000.0	48	800	1343
snapshot_12_1_2015_12_0.json	1448989200.0	48	800	1333
snapshot_12_1_2015_6_0.json	1448967600.0	48	800	1338
snapshot_12_2_2015_0_0.json	1449032400.0	35.26	800	1311
snapshot_12_2_2015_12_0.json	1449075600.0	35.26	800	1351
snapshot_12_2_2015_18_0.json	1449097200.0	35.26	800	1362
snapshot_12_2_2015_6_0.json	1449054000.0	35.26	800	1351
snapshot_12_2_2015_6_0.json	1449054000.0	35.26	800	1351
snapshot_12_3_2015_0_0.json	1449118800.0	35.26	800	1354
snapshot_12_3_2015_12_0.json	1449162000.0	34.09	800	1305
snapshot_12_3_2015_18_0.json	1449183600.0	34.09	800	1318
snapshot_12_3_2015_6_0.json	1449140400.0	34.09	800	1305
snapshot_12_4_2015_0_0.json	1449205200.0	34.09	800	1300
snapshot_12_4_2015_12_0.json	1449248400.0	34.09	800	1263
snapshot_12_4_2015_18_0.json	1449270000.0	34.09	800	1283
snapshot_12_4_2015_6_0.json	1449226800.0	34.09	800	1276
snapshot_12_4_2015_6_0.json	1449226800.0	34.09	800	1276
snapshot_12_5_2015_0_0.json	1449291600.0	34.09	800	1274
snapshot_12_5_2015_12_0.json	1449334800.0	34.09	800	1253
snapshot_12_5_2015_18_0.json	1449356400.0	34.09	800	1238
snapshot_12_5_2015_6_0.json	1449313200.0	34.09	800	1253
9199760	2015-12-12T03:00:00Z	Disney On Ice Frozen	STAPLES Center	California Los Angeles Metro|10	90015
snapshot_11_17_2015_12_0.json	1447779600.0	43.45	716	1440
snapshot_11_17_2015_6_0.json	1447758000.0	43.45	716	1444
snapshot_11_18_2015_0_0.json	1447822800.0	34.09	716	1444
snapshot_11_18_2015_12_0.json	1447866000.0	34.09	716	1441
snapshot_11_18_2015_18_0.json	1447887600.0	34.09	716	1441
snapshot_11_18_2015_6_0.json	1447844400.0	34.09	716	1441
snapshot_11_19_2015_0_0.json	1447909200.0	48.13	716	1435
snapshot_11_19_2015_12_0.json	1447952400.0	49.3	716	1435
snapshot_11_19_2015_6_0.json	1447930800.0	49.3	716	1435
snapshot_11_20_2015_0_0.json	1447995600.0	49.3	716	1416
snapshot_11_20_2015_12_0.json	1448038800.0	49.3	716	1409
snapshot_11_20_2015_12_0.json	1448038800.0	49.3	716	1409
snapshot_11_21_2015_12_0.json	1448125200.0	50.47	716	1432
snapshot_11_21_2015_18_0.json	1448146800.0	50.47	716	1432
snapshot_11_22_2015_0_0.json	1448168400.0	50.47	716	1427
snapshot_11_22_2015_18_0.json	1448233200.0	50.47	716	1412
snapshot_11_22_2015_6_0.json	1448190000.0	50.47	716	1412
snapshot_11_23_2015_0_0.json	1448254800.0	50.47	716	1410
snapshot_11_23_2015_12_0.json	1448298000.0	50.47	716	1405
snapshot_11_23_2015_18_0.json	1448319600.0	50.47	716	1421
snapshot_11_23_2015_6_0.json	1448276400.0	50.47	716	1405
snapshot_11_24_2015_0_0.json	1448341200.0	50.47	716	1442
snapshot_11_24_2015_12_0.json	1448384400.0	50.47	716	1417
snapshot_11_24_2015_18_0.json	1448406000.0	50.47	716	1417
snapshot_11_25_2015_0_0.json	1448427600.0	51.64	716	1393
snapshot_11_25_2015_12_0.json	1448470800.0	49.3	716	1407
snapshot_11_25_2015_18_0.json	1448492400.0	49.3	716	1411
snapshot_11_25_2015_6_0.json	1448449200.0	49.3	716	1407
snapshot_11_26_2015_0_0.json	1448514000.0	49.3	716	1408
snapshot_11_26_2015_0_0.json	1448514000.0	49.3	716	1408
snapshot_11_27_2015_18_0.json	1448665200.0	49.3	716	1403
snapshot_11_28_2015_0_0.json	1448686800.0	49.3	800	1293
snapshot_11_28_2015_0_0.json	1448686800.0	49.3	800	1293
snapshot_11_28_2015_12_0.json	1448730000.0	49.3	800	1291
snapshot_11_28_2015_18_0.json	1448751600.0	49.3	800	1291
snapshot_11_28_2015_6_0.json	1448708400.0	49.3	800	1293
snapshot_11_28_2015_6_0.json	1448708400.0	49.3	800	1293
snapshot_11_29_2015_12_0.json	1448816400.0	49.3	800	1287
snapshot_11_29_2015_18_0.json	1448838000.0	49.3	800	1287
snapshot_11_29_2015_6_0.json	1448794800.0	49.3	800	1287
snapshot_11_30_2015_0_0.json	1448859600.0	49.3	800	1285
snapshot_11_30_2015_0_0.json	1448859600.0	49.3	800	1285
snapshot_11_30_2015_12_0.json	1448902800.0	49.3	800	1293
snapshot_11_30_2015_18_0.json	1448924400.0	48.13	800	1351
snapshot_11_30_2015_6_0.json	1448881200.0	49.3	800	1294
snapshot_12_1_2015_0_0.json	1448946000.0	48	800	1343
snapshot_12_1_2015_12_0.json	1448989200.0	48	800	1333
snapshot_12_1_2015_6_0.json	1448967600.0	48	800	1338
snapshot_12_2_2015_0_0.json	1449032400.0	35.26	800	1311
snapshot_12_2_2015_12_0.json	1449075600.0	35.26	800	1351
snapshot_12_2_2015_18_0.json	1449097200.0	35.26	800	1362
snapshot_12_2_2015_6_0.json	1449054000.0	35.26	800	1351
snapshot_12_2_2015_6_0.json	1449054000.0	35.26	800	1351
snapshot_12_3_2015_0_0.json	1449118800.0	35.26	800	1354
snapshot_12_3_2015_12_0.json	1449162000.0	34.09	800	1305
snapshot_12_3_2015_18_0.json	1449183600.0	34.09	800	1318
snapshot_12_3_2015_6_0.json	1449140400.0	34.09	800	1305
snapshot_12_4_2015_0_0.json	1449205200.0	34.09	800	1300
snapshot_12_4_2015_12_0.json	1449248400.0	34.09	800	1263
snapshot_12_4_2015_18_0.json	1449270000.0	34.09	800	1283
snapshot_12_4_2015_6_0.json	1449226800.0	34.09	800	1276
snapshot_12_4_2015_6_0.json	1449226800.0	34.09	800	1276
snapshot_12_5_2015_0_0.json	1449291600.0	34.09	800	1274
snapshot_12_5_2015_12_0.json	1449334800.0	34.09	800	1253
snapshot_12_5_2015_18_0.json	1449356400.0	34.09	800	1238
snapshot_12_5_2015_6_0.json	1449313200.0	34.09	800	1253
9199760	2015-12-12T03:00:00Z	Disney On Ice Frozen	STAPLES Center	California Los Angeles Metro|10	90015
snapshot_11_17_2015_12_0.json	1447779600.0	43.45	716	1440
snapshot_11_17_2015_6_0.json	1447758000.0	43.45	716	1444
snapshot_11_18_2015_0_0.json	1447822800.0	34.09	716	1444
snapshot_11_18_2015_12_0.json	1447866000.0	34.09	716	1441
snapshot_11_18_2015_18_0.json	1447887600.0	34.09	716	1441
snapshot_11_18_2015_6_0.json	1447844400.0	34.09	716	1441
snapshot_11_19_2015_0_0.json	1447909200.0	48.13	716	1435
snapshot_11_19_2015_12_0.json	1447952400.0	49.3	716	1435
snapshot_11_19_2015_6_0.json	1447930800.0	49.3	716	1435
snapshot_11_20_2015_0_0.json	1447995600.0	49.3	716	1416
snapshot_11_20_2015_12_0.json	1448038800.0	49.3	716	1409
snapshot_11_20_2015_12_0.json	1448038800.0	49.3	716	1409
snapshot_11_21_2015_12_0.json	1448125200.0	50.47	716	1432
snapshot_11_21_2015_18_0.json	1448146800.0	50.47	716	1432
snapshot_11_22_2015_0_0.json	1448168400.0	50.47	716	1427
snapshot_11_22_2015_18_0.json	1448233200.0	50.47	716	1412
snapshot_11_22_2015_6_0.json	1448190000.0	50.47	716	1412
snapshot_11_23_2015_0_0.json	1448254800.0	50.47	716	1410
snapshot_11_23_2015_12_0.json	1448298000.0	50.47	716	1405
snapshot_11_23_2015_18_0.json	1448319600.0	50.47	716	1421
snapshot_11_23_2015_6_0.json	1448276400.0	50.47	716	1405
snapshot_11_24_2015_0_0.json	1448341200.0	50.47	716	1442
snapshot_11_24_2015_12_0.json	1448384400.0	50.47	716	1417
snapshot_11_24_2015_18_0.json	1448406000.0	50.47	716	1417
snapshot_11_25_2015_0_0.json	1448427600.0	51.64	716	1393
snapshot_11_25_2015_12_0.json	1448470800.0	49.3	716	1407
snapshot_11_25_2015_18_0.json	1448492400.0	49.3	716	1411
snapshot_11_25_2015_6_0.json	1448449200.0	49.3	716	1407
snapshot_11_26_2015_0_0.json	1448514000.0	49.3	716	1408
snapshot_11_26_2015_0_0.json	1448514000.0	49.3	716	1408
snapshot_11_27_2015_18_0.json	1448665200.0	49.3	716	1403
snapshot_11_28_2015_0_0.json	1448686800.0	49.3	800	1293
snapshot_11_28_2015_0_0.json	1448686800.0	49.3	800	1293
snapshot_11_28_2015_12_0.json	1448730000.0	49.3	800	1291
snapshot_11_28_2015_18_0.json	1448751600.0	49.3	800	1291
snapshot_11_28_2015_6_0.json	1448708400.0	49.3	800	1293
snapshot_11_28_2015_6_0.json	1448708400.0	49.3	800	1293
snapshot_11_29_2015_12_0.json	1448816400.0	49.3	800	1287
snapshot_11_29_2015_18_0.json	1448838000.0	49.3	800	1287
snapshot_11_29_2015_6_0.json	1448794800.0	49.3	800	1287
snapshot_11_30_2015_0_0.json	1448859600.0	49.3	800	1285
snapshot_11_30_2015_0_0.json	1448859600.0	49.3	800	1285
snapshot_11_30_2015_12_0.json	1448902800.0	49.3	800	1293
snapshot_11_30_2015_18_0.json	1448924400.0	48.13	800	1351
snapshot_11_30_2015_6_0.json	1448881200.0	49.3	800	1294
snapshot_12_1_2015_0_0.json	1448946000.0	48	800	1343
snapshot_12_1_2015_12_0.json	1448989200.0	48	800	1333
snapshot_12_1_2015_6_0.json	1448967600.0	48	800	1338
snapshot_12_2_2015_0_0.json	1449032400.0	35.26	800	1311
snapshot_12_2_2015_12_0.json	1449075600.0	35.26	800	1351
snapshot_12_2_2015_18_0.json	1449097200.0	35.26	800	1362
snapshot_12_2_2015_6_0.json	1449054000.0	35.26	800	1351
snapshot_12_2_2015_6_0.json	1449054000.0	35.26	800	1351
snapshot_12_3_2015_0_0.json	1449118800.0	35.26	800	1354
snapshot_12_3_2015_12_0.json	1449162000.0	34.09	800	1305
snapshot_12_3_2015_18_0.json	1449183600.0	34.09	800	1318
snapshot_12_3_2015_6_0.json	1449140400.0	34.09	800	1305
snapshot_12_4_2015_0_0.json	1449205200.0	34.09	800	1300
snapshot_12_4_2015_12_0.json	1449248400.0	34.09	800	1263
snapshot_12_4_2015_18_0.json	1449270000.0	34.09	800	1283
snapshot_12_4_2015_6_0.json	1449226800.0	34.09	800	1276
snapshot_12_4_2015_6_0.json	1449226800.0	34.09	800	1276
snapshot_12_5_2015_0_0.json	1449291600.0	34.09	800	1274
snapshot_12_5_2015_12_0.json	1449334800.0	34.09	800	1253
snapshot_12_5_2015_18_0.json	1449356400.0	34.09	800	1238
snapshot_12_5_2015_6_0.json	1449313200.0	34.09	800	1253
9199760	2015-12-12T03:00:00Z	Disney On Ice Frozen	STAPLES Center	California Los Angeles Metro|10	90015
snapshot_11_17_2015_12_0.json	1447779600.0	43.45	716	1440
snapshot_11_17_2015_6_0.json	1447758000.0	43.45	716	1444
snapshot_11_18_2015_0_0.json	1447822800.0	34.09	716	1444
snapshot_11_18_2015_12_0.json	1447866000.0	34.09	716	1441
snapshot_11_18_2015_18_0.json	1447887600.0	34.09	716	1441
snapshot_11_18_2015_6_0.json	1447844400.0	34.09	716	1441
snapshot_11_19_2015_0_0.json	1447909200.0	48.13	716	1435
snapshot_11_19_2015_12_0.json	1447952400.0	49.3	716	1435
snapshot_11_19_2015_6_0.json	1447930800.0	49.3	716	1435
snapshot_11_20_2015_0_0.json	1447995600.0	49.3	716	1416
snapshot_11_20_2015_12_0.json	1448038800.0	49.3	716	1409
snapshot_11_20_2015_12_0.json	1448038800.0	49.3	716	1409
snapshot_11_21_2015_12_0.json	1448125200.0	50.47	716	1432
snapshot_11_21_2015_18_0.json	1448146800.0	50.47	716	1432
snapshot_11_22_2015_0_0.json	1448168400.0	50.47	716	1427
snapshot_11_22_2015_18_0.json	1448233200.0	50.47	716	1412
snapshot_11_22_2015_6_0.json	1448190000.0	50.47	716	1412
snapshot_11_23_2015_0_0.json	1448254800.0	50.47	716	1410
snapshot_11_23_2015_12_0.json	1448298000.0	50.47	716	1405
snapshot_11_23_2015_18_0.json	1448319600.0	50.47	716	1421
snapshot_11_23_2015_6_0.json	1448276400.0	50.47	716	1405
snapshot_11_24_2015_0_0.json	1448341200.0	50.47	716	1442
snapshot_11_24_2015_12_0.json	1448384400.0	50.47	716	1417
snapshot_11_24_2015_18_0.json	1448406000.0	50.47	716	1417
snapshot_11_25_2015_0_0.json	1448427600.0	51.64	716	1393
snapshot_11_25_2015_12_0.json	1448470800.0	49.3	716	1407
snapshot_11_25_2015_18_0.json	1448492400.0	49.3	716	1411
snapshot_11_25_2015_6_0.json	1448449200.0	49.3	716	1407
snapshot_11_26_2015_0_0.json	1448514000.0	49.3	716	1408
snapshot_11_26_2015_0_0.json	1448514000.0	49.3	716	1408
snapshot_11_27_2015_18_0.json	1448665200.0	49.3	716	1403
snapshot_11_28_2015_0_0.json	1448686800.0	49.3	800	1293
snapshot_11_28_2015_0_0.json	1448686800.0	49.3	800	1293
snapshot_11_28_2015_12_0.json	1448730000.0	49.3	800	1291
snapshot_11_28_2015_18_0.json	1448751600.0	49.3	800	1291
snapshot_11_28_2015_6_0.json	1448708400.0	49.3	800	1293
snapshot_11_28_2015_6_0.json	1448708400.0	49.3	800	1293
snapshot_11_29_2015_12_0.json	1448816400.0	49.3	800	1287
snapshot_11_29_2015_18_0.json	1448838000.0	49.3	800	1287
snapshot_11_29_2015_6_0.json	1448794800.0	49.3	800	1287
snapshot_11_30_2015_0_0.json	1448859600.0	49.3	800	1285
snapshot_11_30_2015_0_0.json	1448859600.0	49.3	800	1285
snapshot_11_30_2015_12_0.json	1448902800.0	49.3	800	1293
snapshot_11_30_2015_18_0.json	1448924400.0	48.13	800	1351
snapshot_11_30_2015_6_0.json	1448881200.0	49.3	800	1294
snapshot_12_1_2015_0_0.json	1448946000.0	48	800	1343
snapshot_12_1_2015_12_0.json	1448989200.0	48	800	1333
snapshot_12_1_2015_6_0.json	1448967600.0	48	800	1338
snapshot_12_2_2015_0_0.json	1449032400.0	35.26	800	1311
snapshot_12_2_2015_12_0.json	1449075600.0	35.26	800	1351
snapshot_12_2_2015_18_0.json	1449097200.0	35.26	800	1362
snapshot_12_2_2015_6_0.json	1449054000.0	35.26	800	1351
snapshot_12_2_2015_6_0.json	1449054000.0	35.26	800	1351
snapshot_12_3_2015_0_0.json	1449118800.0	35.26	800	1354
snapshot_12_3_2015_12_0.json	1449162000.0	34.09	800	1305
snapshot_12_3_2015_18_0.json	1449183600.0	34.09	800	1318
snapshot_12_3_2015_6_0.json	1449140400.0	34.09	800	1305
snapshot_12_4_2015_0_0.json	1449205200.0	34.09	800	1300
snapshot_12_4_2015_12_0.json	1449248400.0	34.09	800	1263
snapshot_12_4_2015_18_0.json	1449270000.0	34.09	800	1283
snapshot_12_4_2015_6_0.json	1449226800.0	34.09	800	1276
snapshot_12_4_2015_6_0.json	1449226800.0	34.09	800	1276
snapshot_12_5_2015_0_0.json	1449291600.0	34.09	800	1274
snapshot_12_5_2015_12_0.json	1449334800.0	34.09	800	1253
snapshot_12_5_2015_18_0.json	1449356400.0	34.09	800	1238
snapshot_12_5_2015_6_0.json	1449313200.0	34.09	800	1253
