9199624	2015-12-04T22:00:00Z	Disney on Ice Frozen	Pepsi Center	Colorado Denver|678	80204
snapshot_11_16_2015_0_0.json	1447650000.0	34.5	111.63	167
snapshot_11_17_2015_0_0.json	1447736400.0	34.5	111.63	148
snapshot_11_17_2015_12_0.json	1447779600.0	34.5	111.63	158
snapshot_11_17_2015_18_0.json	1447801200.0	64.92	146.88	150
snapshot_11_17_2015_18_0.json	1447801200.0	64.92	146.88	150
snapshot_11_17_2015_6_0.json	1447758000.0	34.5	111.63	158
snapshot_11_18_2015_0_0.json	1447822800.0	64.92	146.88	150
snapshot_11_18_2015_0_0.json	1447822800.0	64.92	146.88	150
snapshot_11_18_2015_12_0.json	1447866000.0	64.92	146.88	150
snapshot_11_18_2015_18_0.json	1447887600.0	64.92	146.88	150
snapshot_11_19_2015_0_0.json	1447909200.0	64.92	146.88	150
snapshot_11_19_2015_12_0.json	1447952400.0	64.92	146.88	147
snapshot_11_19_2015_12_0.json	1447952400.0	64.92	146.88	147
snapshot_11_19_2015_6_0.json	1447930800.0	64.92	146.88	147
snapshot_11_20_2015_0_0.json	1447995600.0	64.92	110	142
snapshot_11_20_2015_12_0.json	1448038800.0	64.92	110	142
snapshot_11_20_2015_12_0.json	1448038800.0	64.92	110	142
snapshot_11_21_2015_12_0.json	1448125200.0	64.92	100	140
snapshot_11_21_2015_18_0.json	1448146800.0	64.92	100	140
snapshot_11_22_2015_0_0.json	1448168400.0	64.92	100	177
snapshot_11_22_2015_12_0.json	1448211600.0	63.75	100	178
snapshot_11_22_2015_18_0.json	1448233200.0	63.75	100	196
snapshot_11_22_2015_6_0.json	1448190000.0	63.75	100	178
snapshot_11_23_2015_0_0.json	1448254800.0	63.75	100	185
snapshot_11_23_2015_12_0.json	1448298000.0	63.75	100	180
snapshot_11_23_2015_6_0.json	1448276400.0	63.75	100	180
snapshot_11_24_2015_0_0.json	1448341200.0	63.75	100	182
snapshot_11_24_2015_12_0.json	1448384400.0	63.75	100	175
snapshot_11_24_2015_12_0.json	1448384400.0	63.75	100	175
snapshot_11_24_2015_18_0.json	1448406000.0	62.58	90.78	179
snapshot_11_24_2015_6_0.json	1448362800.0	63.75	100	181
snapshot_11_25_2015_0_0.json	1448427600.0	57.9	90.78	171
snapshot_11_25_2015_12_0.json	1448470800.0	59.07	90.78	192
snapshot_11_25_2015_12_0.json	1448470800.0	59.07	90.78	192
snapshot_11_25_2015_18_0.json	1448492400.0	59.07	90.78	187
snapshot_11_25_2015_6_0.json	1448449200.0	59.07	90.78	192
snapshot_11_26_2015_0_0.json	1448514000.0	46.2	90.78	180
snapshot_11_27_2015_18_0.json	1448665200.0	46.2	90.78	159
snapshot_11_28_2015_0_0.json	1448686800.0	46.2	90.78	192
snapshot_11_28_2015_12_0.json	1448730000.0	46.2	90.78	186
snapshot_11_28_2015_18_0.json	1448751600.0	46.2	90.78	182
snapshot_11_29_2015_0_0.json	1448773200.0	40.35	90.78	177
snapshot_11_29_2015_12_0.json	1448816400.0	40.35	90.78	177
snapshot_11_29_2015_18_0.json	1448838000.0	40.35	90.78	165
snapshot_11_29_2015_6_0.json	1448794800.0	40.35	90.78	177
snapshot_11_30_2015_0_0.json	1448859600.0	40.35	90.78	172
snapshot_11_30_2015_12_0.json	1448902800.0	40.35	90.78	167
snapshot_11_30_2015_18_0.json	1448924400.0	28.65	90.78	167
snapshot_11_30_2015_18_0.json	1448924400.0	28.65	90.78	167
snapshot_11_30_2015_6_0.json	1448881200.0	40.35	90.78	172
snapshot_11_30_2015_6_0.json	1448881200.0	40.35	90.78	172
snapshot_12_1_2015_0_0.json	1448946000.0	28.65	90.78	148
snapshot_12_1_2015_12_0.json	1448989200.0	28.65	90.78	146
snapshot_12_1_2015_18_0.json	1449010800.0	22.8	90.78	129
snapshot_12_1_2015_6_0.json	1448967600.0	28.65	90.78	146
snapshot_12_2_2015_0_0.json	1449032400.0	46.2	90.78	8
snapshot_12_2_2015_18_0.json	1449097200.0	56.32	75.48	8
snapshot_12_2_2015_6_0.json	1449054000.0	111.46	90.78	2
snapshot_12_2_2015_6_0.json	1449054000.0	111.46	90.78	2
snapshot_12_3_2015_0_0.json	1449118800.0	0	0	0
snapshot_12_3_2015_12_0.json	1449162000.0	0	0	0
snapshot_12_3_2015_18_0.json	1449183600.0	0	0	0
snapshot_12_3_2015_6_0.json	1449140400.0	0	0	0
snapshot_12_4_2015_0_0.json	1449205200.0	0	0	0
snapshot_12_4_2015_12_0.json	1449248400.0	0	0	0
snapshot_12_4_2015_18_0.json	1449270000.0	0	0	0
snapshot_12_4_2015_6_0.json	1449226800.0	0	0	0
snapshot_12_5_2015_0_0.json	1449291600.0	0	0	0
snapshot_12_5_2015_12_0.json	1449334800.0	0	0	0
snapshot_12_5_2015_12_0.json	1449334800.0	0	0	0
snapshot_12_5_2015_18_0.json	1449356400.0	0	0	0
snapshot_12_5_2015_6_0.json	1449313200.0	0	0	0
snapshot_12_5_2015_6_0.json	1449313200.0	0	0	0
9199624	2015-12-04T22:00:00Z	Disney on Ice Frozen	Pepsi Center	Colorado Denver|678	80204
snapshot_11_16_2015_0_0.json	1447650000.0	34.5	111.63	167
snapshot_11_17_2015_0_0.json	1447736400.0	34.5	111.63	148
snapshot_11_17_2015_12_0.json	1447779600.0	34.5	111.63	158
snapshot_11_17_2015_18_0.json	1447801200.0	64.92	146.88	150
snapshot_11_17_2015_18_0.json	1447801200.0	64.92	146.88	150
snapshot_11_17_2015_6_0.json	1447758000.0	34.5	111.63	158
snapshot_11_18_2015_0_0.json	1447822800.0	64.92	146.88	150
snapshot_11_18_2015_0_0.json	1447822800.0	64.92	146.88	150
snapshot_11_18_2015_12_0.json	1447866000.0	64.92	146.88	150
snapshot_11_18_2015_18_0.json	1447887600.0	64.92	146.88	150
snapshot_11_19_2015_0_0.json	1447909200.0	64.92	146.88	150
snapshot_11_19_2015_12_0.json	1447952400.0	64.92	146.88	147
snapshot_11_19_2015_12_0.json	1447952400.0	64.92	146.88	147
snapshot_11_19_2015_6_0.json	1447930800.0	64.92	146.88	147
snapshot_11_20_2015_0_0.json	1447995600.0	64.92	110	142
snapshot_11_20_2015_12_0.json	1448038800.0	64.92	110	142
snapshot_11_20_2015_12_0.json	1448038800.0	64.92	110	142
snapshot_11_21_2015_12_0.json	1448125200.0	64.92	100	140
snapshot_11_21_2015_18_0.json	1448146800.0	64.92	100	140
snapshot_11_22_2015_0_0.json	1448168400.0	64.92	100	177
snapshot_11_22_2015_12_0.json	1448211600.0	63.75	100	178
snapshot_11_22_2015_18_0.json	1448233200.0	63.75	100	196
snapshot_11_22_2015_6_0.json	1448190000.0	63.75	100	178
snapshot_11_23_2015_0_0.json	1448254800.0	63.75	100	185
snapshot_11_23_2015_12_0.json	1448298000.0	63.75	100	180
snapshot_11_23_2015_6_0.json	1448276400.0	63.75	100	180
snapshot_11_24_2015_0_0.json	1448341200.0	63.75	100	182
snapshot_11_24_2015_12_0.json	1448384400.0	63.75	100	175
snapshot_11_24_2015_12_0.json	1448384400.0	63.75	100	175
snapshot_11_24_2015_18_0.json	1448406000.0	62.58	90.78	179
snapshot_11_24_2015_6_0.json	1448362800.0	63.75	100	181
snapshot_11_25_2015_0_0.json	1448427600.0	57.9	90.78	171
snapshot_11_25_2015_12_0.json	1448470800.0	59.07	90.78	192
snapshot_11_25_2015_12_0.json	1448470800.0	59.07	90.78	192
snapshot_11_25_2015_18_0.json	1448492400.0	59.07	90.78	187
snapshot_11_25_2015_6_0.json	1448449200.0	59.07	90.78	192
snapshot_11_26_2015_0_0.json	1448514000.0	46.2	90.78	180
snapshot_11_27_2015_18_0.json	1448665200.0	46.2	90.78	159
snapshot_11_28_2015_0_0.json	1448686800.0	46.2	90.78	192
snapshot_11_28_2015_12_0.json	1448730000.0	46.2	90.78	186
snapshot_11_28_2015_18_0.json	1448751600.0	46.2	90.78	182
snapshot_11_29_2015_0_0.json	1448773200.0	40.35	90.78	177
snapshot_11_29_2015_12_0.json	1448816400.0	40.35	90.78	177
snapshot_11_29_2015_18_0.json	1448838000.0	40.35	90.78	165
snapshot_11_29_2015_6_0.json	1448794800.0	40.35	90.78	177
snapshot_11_30_2015_0_0.json	1448859600.0	40.35	90.78	172
snapshot_11_30_2015_12_0.json	1448902800.0	40.35	90.78	167
snapshot_11_30_2015_18_0.json	1448924400.0	28.65	90.78	167
snapshot_11_30_2015_18_0.json	1448924400.0	28.65	90.78	167
snapshot_11_30_2015_6_0.json	1448881200.0	40.35	90.78	172
snapshot_11_30_2015_6_0.json	1448881200.0	40.35	90.78	172
snapshot_12_1_2015_0_0.json	1448946000.0	28.65	90.78	148
snapshot_12_1_2015_12_0.json	1448989200.0	28.65	90.78	146
snapshot_12_1_2015_18_0.json	1449010800.0	22.8	90.78	129
snapshot_12_1_2015_6_0.json	1448967600.0	28.65	90.78	146
snapshot_12_2_2015_0_0.json	1449032400.0	46.2	90.78	8
snapshot_12_2_2015_18_0.json	1449097200.0	56.32	75.48	8
snapshot_12_2_2015_6_0.json	1449054000.0	111.46	90.78	2
snapshot_12_2_2015_6_0.json	1449054000.0	111.46	90.78	2
snapshot_12_3_2015_0_0.json	1449118800.0	0	0	0
snapshot_12_3_2015_12_0.json	1449162000.0	0	0	0
snapshot_12_3_2015_18_0.json	1449183600.0	0	0	0
snapshot_12_3_2015_6_0.json	1449140400.0	0	0	0
snapshot_12_4_2015_0_0.json	1449205200.0	0	0	0
snapshot_12_4_2015_12_0.json	1449248400.0	0	0	0
snapshot_12_4_2015_18_0.json	1449270000.0	0	0	0
snapshot_12_4_2015_6_0.json	1449226800.0	0	0	0
snapshot_9199624	2015-12-04T22:00:00Z	Disney on Ice Frozen	Pepsi Center	Colorado Denver|678	80204
snapshot_11_16_2015_0_0.json	1447650000.0	34.5	111.63	167
snapshot_11_17_2015_0_0.json	1447736400.0	34.5	111.63	148
snapshot_11_17_2015_12_0.json	1447779600.0	34.5	111.63	158
snapshot_11_17_2015_18_0.json	1447801200.0	64.92	146.88	150
snapshot_11_17_2015_18_0.json	1447801200.0	64.92	146.88	150
snapshot_11_17_2015_6_0.json	1447758000.0	34.5	111.63	158
snapshot_11_18_2015_0_0.json	1447822800.0	64.92	146.88	150
snapshot_11_18_2015_0_0.json	1447822800.0	64.92	146.88	150
snapshot_11_18_2015_12_0.json	1447866000.0	64.92	146.88	150
snapshot_11_18_2015_18_0.json	1447887600.0	64.92	146.88	150
snapshot_11_19_2015_0_0.json	1447909200.0	64.92	146.88	150
snapshot_11_19_2015_12_0.json	1447952400.0	64.92	146.88	147
snapshot_11_19_2015_12_0.json	1447952400.0	64.92	146.88	147
snapshot_11_19_2015_6_0.json	1447930800.0	64.92	146.88	147
snapshot_11_20_2015_0_0.json	1447995600.0	64.92	110	142
snapshot_11_20_2015_12_0.json	1448038800.0	64.92	110	142
snapshot_11_20_2015_12_0.json	1448038800.0	64.92	110	142
snapshot_11_21_2015_12_0.json	1448125200.0	64.92	100	140
snapshot_11_21_2015_18_0.json	1448146800.0	64.92	100	140
snapshot_11_22_2015_0_0.json	1448168400.0	64.92	100	177
snapshot_11_22_2015_12_0.json	1448211600.0	63.75	100	178
snapshot_11_22_2015_18_0.json	1448233200.0	63.75	100	196
snapshot_11_22_2015_6_0.json	1448190000.0	63.75	100	178
snapshot_11_23_2015_0_0.json	1448254800.0	63.75	100	185
snapshot_11_23_2015_12_0.json	1448298000.0	63.75	100	180
snapshot_11_23_2015_6_0.json	1448276400.0	63.75	100	180
snapshot_11_24_2015_0_0.json	1448341200.0	63.75	100	182
snapshot_11_24_2015_12_0.json	1448384400.0	63.75	100	175
snapshot_11_24_2015_12_0.json	1448384400.0	63.75	100	175
snapshot_11_24_2015_18_0.json	1448406000.0	62.58	90.78	179
snapshot_11_24_2015_6_0.json	1448362800.0	63.75	100	181
snapshot_11_25_2015_0_0.json	1448427600.0	57.9	90.78	171
snapshot_11_25_2015_12_0.json	1448470800.0	59.07	90.78	192
snapshot_11_25_2015_12_0.json	1448470800.0	59.07	90.78	192
snapshot_11_25_2015_18_0.json	1448492400.0	59.07	90.78	187
snapshot_11_25_2015_6_0.json	1448449200.0	59.07	90.78	192
snapshot_11_26_2015_0_0.json	1448514000.0	46.2	90.78	180
snapshot_11_27_2015_18_0.json	1448665200.0	46.2	90.78	159
snapshot_11_28_2015_0_0.json	1448686800.0	46.2	90.78	192
snapshot_11_28_2015_12_0.json	1448730000.0	46.2	90.78	186
snapshot_11_28_2015_18_0.json	1448751600.0	46.2	90.78	182
snapshot_11_29_2015_0_0.json	1448773200.0	40.35	90.78	177
snapshot_11_29_2015_12_0.json	1448816400.0	40.35	90.78	177
snapshot_11_29_2015_18_0.json	1448838000.0	40.35	90.78	165
snapshot_11_29_2015_6_0.json	1448794800.0	40.35	90.78	177
snapshot_11_30_2015_0_0.json	1448859600.0	40.35	90.78	172
snapshot_11_30_2015_12_0.json	1448902800.0	40.35	90.78	167
snapshot_11_30_2015_18_0.json	1448924400.0	28.65	90.78	167
snapshot_11_30_2015_18_0.json	1448924400.0	28.65	90.78	167
snapshot_11_30_2015_6_0.json	1448881200.0	40.35	90.78	172
snapshot_11_30_2015_6_0.json	1448881200.0	40.35	90.78	172
snapshot_12_1_2015_0_0.json	1448946000.0	28.65	90.78	148
snapshot_12_1_2015_12_0.json	1448989200.0	28.65	90.78	146
snapshot_12_1_2015_18_0.json	1449010800.0	22.8	90.78	129
snapshot_12_1_2015_6_0.json	1448967600.0	28.65	90.78	146
snapshot_12_2_2015_0_0.json	1449032400.0	46.2	90.78	8
snapshot_12_2_2015_18_0.json	1449097200.0	56.32	75.48	8
snapshot_12_2_2015_6_0.json	1449054000.0	111.46	90.78	2
snapshot_12_2_2015_6_0.json	1449054000.0	111.46	90.78	2
snapshot_12_3_2015_0_0.json	1449118800.0	0	0	0
snapshot_12_3_2015_12_0.json	1449162000.0	0	0	0
snapshot_12_3_2015_18_0.json	1449183600.0	0	0	0
snapshot_12_3_2015_6_0.json	1449140400.0	0	0	0
snapshot_12_4_2015_0_0.json	1449205200.0	0	0	0
snapshot_12_4_2015_12_0.json	1449248400.0	0	0	0
snapshot_12_4_2015_18_0.json	1449270000.0	0	0	0
snapshot_12_4_2015_6_0.json	1449226800.0	0	0	0
snapshot_12_5_2015_0_0.json	1449291600.0	0	0	0
snapshot_12_5_2015_12_0.json	1449334800.0	0	0	0
snapshot_12_5_2015_12_0.json	1449334800.0	0	0	0
snapshot_12_5_2015_18_0.json	1449356400.0	0	0	0
snapshot_12_5_2015_6_0.json	1449313200.0	0	0	0
snapshot_12_5_2015_6_0.json	1449313200.0	0	0	0
9199624	2015-12-04T22:00:00Z	Disney on Ice Frozen	Pepsi Center	Colorado Denver|678	80204
snapshot_11_16_2015_0_0.json	1447650000.0	34.5	111.63	167
snapshot_11_17_2015_0_0.json	1447736400.0	34.5	111.63	148
snapshot_11_17_2015_12_0.json	1447779600.0	34.5	111.63	158
snapshot_11_17_2015_18_0.json	1447801200.0	64.92	146.88	150
snapshot_11_17_2015_18_0.json	1447801200.0	64.92	146.88	150
snapshot_11_17_2015_6_0.json	1447758000.0	34.5	111.63	158
snapshot_11_18_2015_0_0.json	1447822800.0	64.92	146.88	150
snapshot_11_18_2015_0_0.json	1447822800.0	64.92	146.88	150
snapshot_11_18_2015_12_0.json	1447866000.0	64.92	146.88	150
snapshot_11_18_2015_18_0.json	1447887600.0	64.92	146.88	150
snapshot_11_19_2015_0_0.json	1447909200.0	64.92	146.88	150
snapshot_11_19_2015_12_0.json	1447952400.0	64.92	146.88	147
snapshot_11_19_2015_12_0.json	1447952400.0	64.92	146.88	147
snapshot_11_19_2015_6_0.json	1447930800.0	64.92	146.88	147
snapshot_11_20_2015_0_0.json	1447995600.0	64.92	110	142
snapshot_11_20_2015_12_0.json	1448038800.0	64.92	110	142
snapshot_11_20_2015_12_0.json	1448038800.0	64.92	110	142
snapshot_11_21_2015_12_0.json	1448125200.0	64.92	100	140
snapshot_11_21_2015_18_0.json	1448146800.0	64.92	100	140
snapshot_11_22_2015_0_0.json	1448168400.0	64.92	100	177
snapshot_11_22_2015_12_0.json	1448211600.0	63.75	100	178
snapshot_11_22_2015_18_0.json	1448233200.0	63.75	100	196
snapshot_11_22_2015_6_0.json	1448190000.0	63.75	100	178
snapshot_11_23_2015_0_0.json	1448254800.0	63.75	100	185
snapshot_11_23_2015_12_0.json	1448298000.0	63.75	100	180
snapshot_11_23_2015_6_0.json	1448276400.0	63.75	100	180
snapshot_11_24_2015_0_0.json	1448341200.0	63.75	100	182
snapshot_11_24_2015_12_0.json	1448384400.0	63.75	100	175
snapshot_11_24_2015_12_0.json	1448384400.0	63.75	100	175
snapshot_11_24_2015_18_0.json	1448406000.0	62.58	90.78	179
snapshot_11_24_2015_6_0.json	1448362800.0	63.75	100	181
snapshot_11_25_2015_0_0.json	1448427600.0	57.9	90.78	171
snapshot_11_25_2015_12_0.json	1448470800.0	59.07	90.78	192
snapshot_11_25_2015_12_0.json	1448470800.0	59.07	90.78	192
snapshot_11_25_2015_18_0.json	1448492400.0	59.07	90.78	187
snapshot_11_25_2015_6_0.json	1448449200.0	59.07	90.78	192
snapshot_11_26_2015_0_0.json	1448514000.0	46.2	90.78	180
snapshot_11_27_2015_18_0.json	1448665200.0	46.2	90.78	159
snapshot_11_28_2015_0_0.json	1448686800.0	46.2	90.78	192
snapshot_11_28_2015_12_0.json	1448730000.0	46.2	90.78	186
snapshot_11_28_2015_18_0.json	1448751600.0	46.2	90.78	182
snapshot_11_29_2015_0_0.json	1448773200.0	40.35	90.78	177
snapshot_11_29_2015_12_0.json	1448816400.0	40.35	90.78	177
snapshot_11_29_2015_18_0.json	1448838000.0	40.35	90.78	165
snapshot_11_29_2015_6_0.json	1448794800.0	40.35	90.78	177
snapshot_11_30_2015_0_0.json	1448859600.0	40.35	90.78	172
snapshot_11_30_2015_12_0.json	1448902800.0	40.35	90.78	167
snapshot_11_30_2015_18_0.json	1448924400.0	28.65	90.78	167
snapshot_11_30_2015_18_0.json	1448924400.0	28.65	90.78	167
snapshot_11_30_2015_6_0.json	1448881200.0	40.35	90.78	172
snapshot_11_30_2015_6_0.json	1448881200.0	40.35	90.78	172
snapshot_12_1_2015_0_0.json	1448946000.0	28.65	90.78	148
snapshot_12_1_2015_12_0.json	1448989200.0	28.65	90.78	146
snapshot_12_1_2015_18_0.json	1449010800.0	22.8	90.78	129
snapshot_12_1_2015_6_0.json	1448967600.0	28.65	90.78	146
snapshot_12_2_2015_0_0.json	1449032400.0	46.2	90.78	8
snapshot_12_2_2015_18_0.json	1449097200.0	56.32	75.48	8
snapshot_12_2_2015_6_0.json	1449054000.0	111.46	90.78	2
snapshot_12_2_2015_6_0.json	1449054000.0	111.46	90.78	2
snapshot_12_3_2015_0_0.json	1449118800.0	0	0	0
snapshot_12_3_2015_12_0.json	1449162000.0	0	0	0
snapshot_12_3_2015_18_0.json	1449183600.0	0	0	0
snapshot_12_3_2015_6_0.json	1449140400.0	0	0	0
snapshot_12_4_2015_0_0.json	1449205200.0	0	0	0
snapshot_12_4_2015_12_0.json	1449248400.0	0	0	0
snapshot_12_4_2015_18_0.json	1449270000.0	0	0	0
snapshot_12_4_2015_6_0.json	1449226800.0	0	0	0
snapshot_
