9199623	2015-12-05T02:00:00Z	Disney on Ice Frozen	Pepsi Center	Colorado Denver|678	80204
snapshot_11_16_2015_0_0.json	1447650000.0	46.2	115.5	424
snapshot_11_17_2015_0_0.json	1447736400.0	46.2	115.5	414
snapshot_11_18_2015_12_0.json	1447866000.0	46.2	115.5	375
snapshot_11_19_2015_0_0.json	1447909200.0	46.2	115.5	409
snapshot_11_19_2015_12_0.json	1447952400.0	46.2	115.5	403
snapshot_11_19_2015_6_0.json	1447930800.0	46.2	115.5	403
snapshot_11_20_2015_0_0.json	1447995600.0	46.2	115.5	396
snapshot_11_20_2015_12_0.json	1448038800.0	46.2	115.5	379
snapshot_11_21_2015_12_0.json	1448125200.0	46.2	115.5	360
snapshot_11_21_2015_18_0.json	1448146800.0	46.2	115.5	355
snapshot_11_22_2015_0_0.json	1448168400.0	46.2	115.5	389
snapshot_11_22_2015_12_0.json	1448211600.0	46.2	115.5	377
snapshot_11_22_2015_18_0.json	1448233200.0	46.2	115.5	403
snapshot_11_22_2015_6_0.json	1448190000.0	46.2	115.5	377
snapshot_11_22_2015_6_0.json	1448190000.0	46.2	115.5	377
snapshot_11_23_2015_0_0.json	1448254800.0	46.2	115.5	397
snapshot_11_23_2015_12_0.json	1448298000.0	46.2	115.5	382
snapshot_11_23_2015_12_0.json	1448298000.0	46.2	115.5	382
snapshot_11_23_2015_18_0.json	1448319600.0	46.2	115.5	386
snapshot_11_23_2015_6_0.json	1448276400.0	46.2	115.5	382
snapshot_11_24_2015_0_0.json	1448341200.0	40.35	128.08	390
snapshot_11_24_2015_12_0.json	1448384400.0	40.35	128.08	381
snapshot_11_24_2015_18_0.json	1448406000.0	28.65	128.08	403
snapshot_11_24_2015_6_0.json	1448362800.0	40.35	128.08	381
snapshot_11_25_2015_0_0.json	1448427600.0	22.8	128.08	381
snapshot_11_25_2015_6_0.json	1448449200.0	22.8	128.08	414
snapshot_11_26_2015_0_0.json	1448514000.0	22.8	128.08	377
snapshot_11_27_2015_18_0.json	1448665200.0	22.8	128.08	343
snapshot_11_28_2015_0_0.json	1448686800.0	16.95	128.08	324
snapshot_11_28_2015_12_0.json	1448730000.0	16.95	128.08	321
snapshot_11_28_2015_12_0.json	1448730000.0	16.95	128.08	321
snapshot_11_28_2015_6_0.json	1448708400.0	16.95	128.08	321
snapshot_11_29_2015_0_0.json	1448773200.0	16.95	128.08	294
snapshot_11_29_2015_0_0.json	1448773200.0	16.95	128.08	294
snapshot_11_29_2015_12_0.json	1448816400.0	40.35	128.08	285
snapshot_11_29_2015_18_0.json	1448838000.0	40.35	128.08	265
snapshot_11_29_2015_6_0.json	1448794800.0	40.35	128.08	285
snapshot_11_30_2015_0_0.json	1448859600.0	40.35	128.08	262
snapshot_11_30_2015_12_0.json	1448902800.0	40.35	128.08	240
snapshot_11_30_2015_18_0.json	1448924400.0	28.65	128.08	226
snapshot_11_30_2015_6_0.json	1448881200.0	40.35	128.08	240
snapshot_12_1_2015_0_0.json	1448946000.0	28.65	128.08	205
snapshot_12_1_2015_0_0.json	1448946000.0	28.65	128.08	205
snapshot_12_1_2015_12_0.json	1448989200.0	28.65	128.08	182
snapshot_12_1_2015_18_0.json	1449010800.0	22.8	128.08	159
snapshot_12_1_2015_6_0.json	1448967600.0	28.65	128.08	186
snapshot_12_1_2015_6_0.json	1448967600.0	28.65	128.08	186
snapshot_12_2_2015_0_0.json	1449032400.0	38.01	71.4	7
snapshot_12_2_2015_12_0.json	1449075600.0	38.01	71.4	7
snapshot_12_2_2015_18_0.json	1449097200.0	34.5	40	3
snapshot_12_2_2015_6_0.json	1449054000.0	38.01	71.4	7
snapshot_12_3_2015_0_0.json	1449118800.0	0	0	0
snapshot_12_3_2015_12_0.json	1449162000.0	0	0	0
snapshot_12_3_2015_18_0.json	1449183600.0	0	0	0
snapshot_12_3_2015_6_0.json	1449140400.0	0	0	0
snapshot_12_4_2015_0_0.json	1449205200.0	0	0	0
snapshot_12_4_2015_12_0.json	1449248400.0	96.51	84	9
snapshot_12_4_2015_18_0.json	1449270000.0	121.08	99	4
snapshot_12_4_2015_6_0.json	1449226800.0	0	0	0
snapshot_12_5_2015_12_0.json	1449334800.0	0	0	0
snapshot_12_5_2015_12_0.json	1449334800.0	0	0	0
snapshot_12_5_2015_18_0.json	1449356400.0	0	0	0
snapshot_12_5_2015_6_0.json	1449313200.0	0	0	0
9199623	2015-12-05T02:00:00Z	Disney on Ice Frozen	Pepsi Center	Colorado Denver|678	80204
snapshot_11_16_2015_0_0.json	1447650000.0	46.2	115.5	424
snapshot_11_17_2015_0_0.json	1447736400.0	46.2	115.5	414
snapshot_11_18_2015_12_0.json	1447866000.0	46.2	115.5	375
snapshot_11_19_2015_0_0.json	1447909200.0	46.2	115.5	409
snapshot_11_19_2015_12_0.json	1447952400.0	46.2	115.5	403
snapshot_11_19_2015_6_0.json	1447930800.0	46.2	115.5	403
snapshot_11_20_2015_0_0.json	1447995600.0	46.2	115.5	396
snapshot_11_20_2015_12_0.json	1448038800.0	46.2	115.5	379
snapshot_11_21_2015_12_0.json	1448125200.0	46.2	115.5	360
snapshot_11_21_2015_18_0.json	1448146800.0	46.2	115.5	355
snapshot_11_22_2015_0_0.json	1448168400.0	46.2	115.5	389
snapshot_11_22_2015_12_0.json	1448211600.0	46.2	115.5	377
snapshot_11_22_2015_18_0.json	1448233200.0	46.2	115.5	403
snapshot_11_22_2015_6_0.json	1448190000.0	46.2	115.5	377
snapshot_11_22_2015_6_0.json	1448190000.0	46.2	115.5	377
snapshot_11_23_2015_0_0.json	1448254800.0	46.2	115.5	397
snapshot_11_23_2015_12_0.json	1448298000.0	46.2	115.5	382
snapshot_11_23_2015_12_0.json	1448298000.0	46.2	115.5	382
snapshot_11_23_2015_18_0.json	1448319600.0	46.2	115.5	386
snapshot_11_23_2015_6_0.json	1448276400.0	46.2	115.5	382
snapshot_11_24_2015_0_0.json	1448341200.0	40.35	128.08	390
snapshot_11_24_2015_12_0.json	1448384400.0	40.35	128.08	381
snapshot_11_24_2015_18_0.json	1448406000.0	28.65	128.08	403
snapshot_11_24_2015_6_0.json	1448362800.0	40.35	128.08	381
snapshot_11_25_2015_0_0.json	1448427600.0	22.8	128.08	381
snapshot_11_25_2015_6_0.json	1448449200.0	22.8	128.08	414
snapshot_11_26_2015_0_0.json	1448514000.0	22.8	128.08	377
snapshot_11_27_2015_18_0.json	1448665200.0	22.8	128.08	343
snapshot_11_28_2015_0_0.json	1448686800.0	16.95	128.08	324
snapshot_11_28_2015_12_0.json	1448730000.0	16.95	128.08	321
snapshot_11_28_2015_12_0.json	1448730000.0	16.95	128.08	321
snapshot_11_28_2015_6_0.json	1448708400.0	16.95	128.08	321
snapshot_11_29_2015_0_0.json	1448773200.0	16.95	128.08	294
snapshot_11_29_2015_0_0.json	1448773200.0	16.95	128.08	294
snapshot_11_29_2015_12_0.json	1448816400.0	40.35	128.08	285
snapshot_11_29_2015_18_0.json	1448838000.0	40.35	128.08	265
snapshot_11_29_2015_6_0.json	1448794800.0	40.35	128.08	285
snapshot_11_30_2015_0_0.json	1448859600.0	40.35	128.08	262
snapshot_11_30_2015_12_0.json	1448902800.0	40.35	128.08	240
snapshot_11_30_2015_18_0.json	1448924400.0	28.65	128.08	226
snapshot_11_30_2015_6_0.json	1448881200.0	40.35	128.08	240
snapshot_12_1_2015_0_0.json	1448946000.0	28.65	128.08	205
snapshot_12_1_2015_0_0.json	1448946000.0	28.65	128.08	205
snapshot_12_1_2015_12_0.json	1448989200.0	28.65	128.08	182
snapshot_12_1_2015_18_0.json	1449010800.0	22.8	128.08	159
snapshot_12_1_2015_6_0.json	1448967600.0	28.65	128.08	186
snapshot_12_1_2015_6_0.json	1448967600.0	28.65	128.08	186
snapshot_12_2_2015_0_0.json	1449032400.0	38.01	71.4	7
snapshot_12_2_2015_12_0.json	1449075600.0	38.01	71.4	7
snapshot_12_2_2015_18_0.json	1449097200.0	34.5	40	3
snapshot_12_2_2015_6_0.json	1449054000.0	38.01	71.4	7
snapshot_12_3_2015_0_0.json	1449118800.0	0	0	0
snapshot_12_3_2015_12_0.json	1449162000.0	0	0	0
snapshot_12_3_2015_18_0.json	1449183600.0	0	0	0
snapshot_12_3_2015_6_0.json	1449140400.0	0	0	0
snapshot_12_4_2015_0_0.json	1449205200.0	0	0	0
snapshot_12_4_2015_12_0.json	1449248400.0	96.51	84	9
snapshot_12_4_2015_18_0.json	1449270000.0	121.08	99	4
snapshot_12_4_2015_6_0.json	1449226800.0	0	0	0
snapshot_12_5_2015_12_0.json	1449334800.0	0	0	0
snapshot_12_5_2015_12_0.json	1449334800.0	0	0	0
snapshot_12_5_2015_18_0.json	1449356400.0	0	0	0
snapshot_12_5_2015_6_0.json	1449313200.0	0	0	0
9199623	2015-12-05T02:00:00Z	Disney on Ice Frozen	Pepsi Center	Colorado Denver|678	80204
snapshot_11_16_2015_0_0.json	1447650000.0	46.2	115.5	424
snapshot_11_17_2015_0_0.json	1447736400.0	46.2	115.5	414
snapshot_11_18_2015_12_0.json	1447866000.0	46.2	115.5	375
snapshot_11_19_2015_0_0.json	1447909200.0	46.2	115.5	409
snapshot_11_19_2015_12_0.json	1447952400.0	46.2	115.5	403
snapshot_11_19_2015_6_0.json	1447930800.0	46.2	115.5	403
snapshot_11_20_2015_0_0.json	1447995600.0	46.2	115.5	396
snapshot_11_20_2015_12_0.json	1448038800.0	46.2	115.5	379
snapshot_11_21_2015_12_0.json	1448125200.0	46.2	115.5	360
snapshot_11_21_2015_18_0.json	1448146800.0	46.2	115.5	355
snapshot_11_22_2015_0_0.json	1448168400.0	46.2	115.5	389
snapshot_11_22_2015_12_0.json	1448211600.0	46.2	115.5	377
snapshot_11_22_2015_18_0.json	1448233200.0	46.2	115.5	403
snapshot_11_22_2015_6_0.json	1448190000.0	46.2	115.5	377
snapshot_11_22_2015_6_0.json	1448190000.0	46.2	115.5	377
snapshot_11_23_2015_0_0.json	1448254800.0	46.2	115.5	397
snapshot_11_23_2015_12_0.json	1448298000.0	46.2	115.5	382
snapshot_11_23_2015_12_0.json	1448298000.0	46.2	115.5	382
snapshot_11_23_2015_18_0.json	1448319600.0	46.2	115.5	386
snapshot_11_23_2015_6_0.json	1448276400.0	46.2	115.5	382
snapshot_11_24_2015_0_0.json	1448341200.0	40.35	128.08	390
snapshot_11_24_2015_12_0.json	1448384400.0	40.35	128.08	381
snapshot_11_24_2015_18_0.json	1448406000.0	28.65	128.08	403
snapshot_11_24_2015_6_0.json	1448362800.0	40.35	128.08	381
snapshot_11_25_2015_0_0.json	1448427600.0	22.8	128.08	381
snapshot_11_25_2015_6_0.json	1448449200.0	22.8	128.08	414
snapshot_11_26_2015_0_0.json	1448514000.0	22.8	128.08	377
snapshot_11_27_2015_18_0.json	1448665200.0	22.8	128.08	343
snapshot_11_28_2015_0_0.json	1448686800.0	16.95	128.08	324
snapshot_11_28_2015_12_0.json	1448730000.0	16.95	128.08	321
snapshot_11_28_2015_12_0.json	1448730000.0	16.95	128.08	321
snapshot_11_28_2015_6_0.json	1448708400.0	16.95	128.08	321
snapshot_11_29_2015_0_0.json	1448773200.0	16.95	128.08	294
snapshot_11_29_2015_0_0.json	1448773200.0	16.95	128.08	294
snapshot_11_29_2015_12_0.json	1448816400.0	40.35	128.08	285
snapshot_11_29_2015_18_0.json	1448838000.0	40.35	128.08	265
snapshot_11_29_2015_6_0.json	1448794800.0	40.35	128.08	285
snapshot_11_30_2015_0_0.json	1448859600.0	40.35	128.08	262
snapshot_11_30_2015_12_0.json	1448902800.0	40.35	128.08	240
snapshot_11_30_2015_18_0.json	1448924400.0	28.65	128.08	226
snapshot_11_30_2015_6_0.json	1448881200.0	40.35	128.08	240
snapshot_12_1_2015_0_0.json	1448946000.0	28.65	128.08	205
snapshot_12_1_2015_0_0.json	1448946000.0	28.65	128.08	205
snapshot_12_1_2015_12_0.json	1448989200.0	28.65	128.08	182
snapshot_12_1_2015_18_0.json	1449010800.0	22.8	128.08	159
snapshot_12_1_2015_6_0.json	1448967600.0	28.65	128.08	186
snapshot_12_1_2015_6_0.json	1448967600.0	28.65	128.08	186
snapshot_12_2_2015_0_0.json	1449032400.0	38.01	71.4	7
snapshot_12_2_2015_12_0.json	1449075600.0	38.01	71.4	7
snapshot_12_2_2015_18_0.json	1449097200.0	34.5	40	3
snapshot_12_2_2015_6_0.json	1449054000.0	38.01	71.4	7
snapshot_12_3_2015_0_0.json	1449118800.0	0	0	0
snapshot_12_3_2015_12_0.json	1449162000.0	0	0	0
snapshot_12_3_2015_18_0.json	1449183600.0	0	0	0
snapshot_12_3_2015_6_0.json	1449140400.0	0	0	0
snapshot_12_4_2015_0_0.json	1449205200.0	0	0	0
snapshot_12_4_2015_12_0.json	1449248400.0	96.51	84	9
snapshot_12_4_2015_18_0.json	1449270000.0	121.08	99	4
snapshot_12_4_2015_6_0.json	1449226800.0	0	0	0
snapshot_12_5_2015_12_0.json	1449334800.0	0	0	0
snapshot_12_5_2015_12_0.json	1449334800.0	0	0	0
snapshot_12_5_2015_18_0.json	1449356400.0	0	0	0
snapshot_12_5_2015_6_0.json	1449313200.0	0	0	0
9199623	2015-12-05T02:00:00Z	Disney on Ice Frozen	Pepsi Center	Colorado Denver|678	80204
snapshot_11_16_2015_0_0.json	1447650000.0	46.2	115.5	424
snapshot_11_17_2015_0_0.json	1447736400.0	46.2	115.5	414
snapshot_11_18_2015_12_0.json	1447866000.0	46.2	115.5	375
snapshot_11_19_2015_0_0.json	1447909200.0	46.2	115.5	409
snapshot_11_19_2015_12_0.json	1447952400.0	46.2	115.5	403
snapshot_11_19_2015_6_0.json	1447930800.0	46.2	115.5	403
snapshot_11_20_2015_0_0.json	1447995600.0	46.2	115.5	396
snapshot_11_20_2015_12_0.json	1448038800.0	46.2	115.5	379
snapshot_11_21_2015_12_0.json	1448125200.0	46.2	115.5	360
snapshot_11_21_2015_18_0.json	1448146800.0	46.2	115.5	355
snapshot_11_22_2015_0_0.json	1448168400.0	46.2	115.5	389
snapshot_11_22_2015_12_0.json	1448211600.0	46.2	115.5	377
snapshot_11_22_2015_18_0.json	1448233200.0	46.2	115.5	403
snapshot_11_22_2015_6_0.json	1448190000.0	46.2	115.5	377
snapshot_11_22_2015_6_0.json	1448190000.0	46.2	115.5	377
snapshot_11_23_2015_0_0.json	1448254800.0	46.2	115.5	397
snapshot_11_23_2015_12_0.json	1448298000.0	46.2	115.5	382
snapshot_11_23_2015_12_0.json	1448298000.0	46.2	115.5	382
snapshot_11_23_2015_18_0.json	1448319600.0	46.2	115.5	386
snapshot_11_23_2015_6_0.json	1448276400.0	46.2	115.5	382
snapshot_11_24_2015_0_0.json	1448341200.0	40.35	128.08	390
snapshot_11_24_2015_12_0.json	1448384400.0	40.35	128.08	381
snapshot_11_24_2015_18_0.json	1448406000.0	28.65	128.08	403
snapshot_11_24_2015_6_0.json	1448362800.0	40.35	128.08	381
snapshot_11_25_2015_0_0.json	1448427600.0	22.8	128.08	381
snapshot_11_25_2015_6_0.json	1448449200.0	22.8	128.08	414
snapshot_11_26_2015_0_0.json	1448514000.0	22.8	128.08	377
snapshot_11_27_2015_18_0.json	1448665200.0	22.8	128.08	343
snapshot_11_28_2015_0_0.json	1448686800.0	16.95	128.08	324
snapshot_11_28_2015_12_0.json	1448730000.0	16.95	128.08	321
snapshot_11_28_2015_12_0.json	1448730000.0	16.95	128.08	321
snapshot_11_28_2015_6_0.json	1448708400.0	16.95	128.08	321
snapshot_11_29_2015_0_0.json	1448773200.0	16.95	128.08	294
snapshot_11_29_2015_0_0.json	1448773200.0	16.95	128.08	294
snapshot_11_29_2015_12_0.json	1448816400.0	40.35	128.08	285
snapshot_11_29_2015_18_0.json	1448838000.0	40.35	128.08	265
snapshot_11_29_2015_6_0.json	1448794800.0	40.35	128.08	285
snapshot_11_30_2015_0_0.json	1448859600.0	40.35	128.08	262
snapshot_11_30_2015_12_0.json	1448902800.0	40.35	128.08	240
snapshot_11_30_2015_18_0.json	1448924400.0	28.65	128.08	226
snapshot_11_30_2015_6_0.json	1448881200.0	40.35	128.08	240
snapshot_12_1_2015_0_0.json	1448946000.0	28.65	128.08	205
snapshot_12_1_2015_0_0.json	1448946000.0	28.65	128.08	205
snapshot_12_1_2015_12_0.json	1448989200.0	28.65	128.08	182
snapshot_12_1_2015_18_0.json	1449010800.0	22.8	128.08	159
snapshot_12_1_2015_6_0.json	1448967600.0	28.65	128.08	186
snapshot_12_1_2015_6_0.json	1448967600.0	28.65	128.08	186
snapshot_12_2_2015_0_0.json	1449032400.0	38.01	71.4	7
snapshot_12_2_2015_12_0.json	1449075600.0	38.01	71.4	7
snapshot_12_2_2015_18_0.json	1449097200.0	34.5	40	3
snapshot_12_2_2015_6_0.json	1449054000.0	38.01	71.4	7
snapshot_12_3_2015_0_0.json	1449118800.0	0	0	0
snapshot_12_3_2015_12_0.json	1449162000.0	0	0	0
snapshot_12_3_2015_18_0.json	1449183600.0	0	0	0
snapshot_12_3_2015_6_0.json	1449140400.0	0	0	0
snapshot_12_4_2015_0_0.json	1449205200.0	0	0	0
snapshot_12_4_2015_12_0.json	1449248400.0	96.51	84	9
snapshot_12_4_2015_18_0.json	1449270000.0	121.08	99	4
snapshot_12_4_2015_6_0.json	1449226800.0	0	0	0
snapshot_12_5_2015_12_0.json	1449334800.0	0	0	0
snapshot_12_5_2015_12_0.json	1449334800.0	0	0	0
snapshot_12_5_2015_18_0.json	1449356400.0	0	0	0
snapshot_12_5_2015_6_0.json	1449313200.0	0	0	0
