9199757	2015-12-12T23:00:00Z	Disney On Ice Frozen	STAPLES Center	California Los Angeles Metro|10	90015
snapshot_11_16_2015_0_0.json	1447650000.0	45.79	852.78	1901
snapshot_11_17_2015_12_0.json	1447779600.0	45.79	852.78	1886
snapshot_11_17_2015_18_0.json	1447801200.0	45.79	852.78	1884
snapshot_11_17_2015_6_0.json	1447758000.0	45.79	852.78	1886
snapshot_11_17_2015_6_0.json	1447758000.0	45.79	852.78	1886
snapshot_11_18_2015_0_0.json	1447822800.0	45.79	852.78	1890
snapshot_11_18_2015_12_0.json	1447866000.0	45.79	852.78	1876
snapshot_11_18_2015_18_0.json	1447887600.0	45.79	852.78	1876
snapshot_11_18_2015_6_0.json	1447844400.0	45.79	852.78	1876
snapshot_11_19_2015_0_0.json	1447909200.0	45.79	852.78	1866
snapshot_11_19_2015_12_0.json	1447952400.0	45.79	852.78	1862
snapshot_11_19_2015_6_0.json	1447930800.0	45.79	852.78	1862
snapshot_11_20_2015_0_0.json	1447995600.0	48.36	916	1861
snapshot_11_20_2015_12_0.json	1448038800.0	48.36	916	1861
snapshot_11_21_2015_12_0.json	1448125200.0	48.36	916	1844
snapshot_11_21_2015_18_0.json	1448146800.0	48.36	916	1837
snapshot_11_22_2015_0_0.json	1448168400.0	48.36	916	1825
snapshot_11_22_2015_12_0.json	1448211600.0	48.36	916	1820
snapshot_11_22_2015_6_0.json	1448190000.0	48.36	916	1822
snapshot_11_23_2015_0_0.json	1448254800.0	48.36	916	1817
snapshot_11_23_2015_12_0.json	1448298000.0	50.47	916	1813
snapshot_11_23_2015_18_0.json	1448319600.0	50.47	916	1818
snapshot_11_23_2015_6_0.json	1448276400.0	50.47	916	1813
snapshot_11_24_2015_0_0.json	1448341200.0	50.47	916	1852
snapshot_11_24_2015_12_0.json	1448384400.0	50.47	916	1844
snapshot_11_24_2015_18_0.json	1448406000.0	50.47	916	1844
snapshot_11_24_2015_6_0.json	1448362800.0	50.47	916	1850
snapshot_11_24_2015_6_0.json	1448362800.0	50.47	916	1850
snapshot_11_25_2015_0_0.json	1448427600.0	50.47	916	1840
snapshot_11_25_2015_12_0.json	1448470800.0	50.47	916	1758
snapshot_11_25_2015_18_0.json	1448492400.0	50.47	916	1758
snapshot_11_26_2015_0_0.json	1448514000.0	50.47	916	1750
snapshot_11_26_2015_0_0.json	1448514000.0	50.47	916	1750
snapshot_11_27_2015_18_0.json	1448665200.0	50.47	916	1717
snapshot_11_28_2015_0_0.json	1448686800.0	50.47	916	1621
snapshot_11_28_2015_12_0.json	1448730000.0	50.47	916	1606
snapshot_11_28_2015_18_0.json	1448751600.0	50.47	916	1593
snapshot_11_28_2015_6_0.json	1448708400.0	50.47	916	1612
snapshot_11_29_2015_0_0.json	1448773200.0	50.47	916	1621
snapshot_11_29_2015_0_0.json	1448773200.0	50.47	916	1621
snapshot_11_29_2015_12_0.json	1448816400.0	50.47	916	1606
snapshot_11_29_2015_18_0.json	1448838000.0	50.47	916	1610
snapshot_11_29_2015_6_0.json	1448794800.0	50.47	916	1610
snapshot_11_30_2015_0_0.json	1448859600.0	50.47	916	1599
snapshot_11_30_2015_0_0.json	1448859600.0	50.47	916	1599
snapshot_11_30_2015_12_0.json	1448902800.0	50.47	916	1597
snapshot_11_30_2015_18_0.json	1448924400.0	50.47	916	1592
snapshot_11_30_2015_6_0.json	1448881200.0	50.47	916	1597
snapshot_12_1_2015_0_0.json	1448946000.0	50.47	916	1682
snapshot_12_1_2015_12_0.json	1448989200.0	50.47	916	1686
snapshot_12_1_2015_18_0.json	1449010800.0	48.5	916	1706
snapshot_12_2_2015_0_0.json	1449032400.0	39.94	916	1697
snapshot_12_2_2015_0_0.json	1449032400.0	39.94	916	1697
snapshot_12_2_2015_12_0.json	1449075600.0	39.94	916	1667
snapshot_12_2_2015_18_0.json	1449097200.0	39.94	916	1697
snapshot_12_2_2015_6_0.json	1449054000.0	39.94	916	1677
snapshot_12_3_2015_0_0.json	1449118800.0	38.77	916	1714
snapshot_12_3_2015_12_0.json	1449162000.0	38.77	916	1729
snapshot_12_3_2015_18_0.json	1449183600.0	38.77	916	1720
snapshot_12_4_2015_12_0.json	1449248400.0	39.94	860	1645
snapshot_12_4_2015_18_0.json	1449270000.0	39.94	860	1653
snapshot_12_4_2015_18_0.json	1449270000.0	39.94	860	1653
snapshot_12_4_2015_6_0.json	1449226800.0	39.94	860	1651
snapshot_12_5_2015_0_0.json	1449291600.0	39.94	860	1613
snapshot_12_5_2015_12_0.json	1449334800.0	39.94	860	1583
snapshot_12_5_2015_18_0.json	1449356400.0	39.94	860	1566
snapshot_12_5_2015_6_0.json	1449313200.0	39.94	860	1590
9199757	2015-12-12T23:00:00Z	Disney On Ice Frozen	STAPLES Center	California Los Angeles Metro|10	90015
snapshot_11_16_2015_0_0.json	1447650000.0	45.79	852.78	1901
snapshot_11_17_2015_12_0.json	1447779600.0	45.79	852.78	1886
snapshot_11_17_2015_18_0.json	1447801200.0	45.79	852.78	1884
snapshot_11_17_2015_6_0.json	1447758000.0	45.79	852.78	1886
snapshot_11_17_2015_6_0.json	1447758000.0	45.79	852.78	1886
snapshot_11_18_2015_0_0.json	1447822800.0	45.79	852.78	1890
snapshot_11_18_2015_12_0.json	1447866000.0	45.79	852.78	1876
snapshot_11_18_2015_18_0.json	1447887600.0	45.79	852.78	1876
snapshot_11_18_2015_6_0.json	1447844400.0	45.79	852.78	1876
snapshot_11_19_2015_0_0.json	1447909200.0	45.79	852.78	1866
snapshot_11_19_2015_12_0.json	1447952400.0	45.79	852.78	1862
snapshot_11_19_2015_6_0.json	1447930800.0	45.79	852.78	1862
snapshot_11_20_2015_0_0.json	1447995600.0	48.36	916	1861
snapshot_11_20_2015_12_0.json	1448038800.0	48.36	916	1861
snapshot_11_21_2015_12_0.json	1448125200.0	48.36	916	1844
snapshot_11_21_2015_18_0.json	1448146800.0	48.36	916	1837
snapshot_11_22_2015_0_0.json	1448168400.0	48.36	916	1825
snapshot_11_22_2015_12_0.json	1448211600.0	48.36	916	1820
snapshot_11_22_2015_6_0.json	1448190000.0	48.36	916	1822
snapshot_11_23_2015_0_0.json	1448254800.0	48.36	916	1817
snapshot_11_23_2015_12_0.json	1448298000.0	50.47	916	1813
snapshot_11_23_2015_18_0.json	1448319600.0	50.47	916	1818
snapshot_11_23_2015_6_0.json	1448276400.0	50.47	916	1813
snapshot_11_24_2015_0_0.json	1448341200.0	50.47	916	1852
snapshot_11_24_2015_12_0.json	1448384400.0	50.47	916	1844
snapshot_11_24_2015_18_0.json	1448406000.0	50.47	916	1844
snapshot_11_24_2015_6_0.json	1448362800.0	50.47	916	1850
snapshot_11_24_2015_6_0.json	1448362800.0	50.47	916	1850
snapshot_11_25_2015_0_0.json	1448427600.0	50.47	916	1840
snapshot_11_25_2015_12_0.json	1448470800.0	50.47	916	1758
snapshot_11_25_2015_18_0.json	1448492400.0	50.47	916	1758
snapshot_11_26_2015_0_0.json	1448514000.0	50.47	916	1750
snapshot_11_26_2015_0_0.json	1448514000.0	50.47	916	1750
snapshot_11_27_2015_18_0.json	1448665200.0	50.47	916	1717
snapshot_11_28_2015_0_0.json	1448686800.0	50.47	916	1621
snapshot_11_28_2015_12_0.json	1448730000.0	50.47	916	1606
snapshot_11_28_2015_18_0.json	1448751600.0	50.47	916	1593
snapshot_11_28_2015_6_0.json	1448708400.0	50.47	916	1612
snapshot_11_29_2015_0_0.json	1448773200.0	50.47	916	1621
snapshot_11_29_2015_0_0.json	1448773200.0	50.47	916	1621
snapshot_11_29_2015_12_0.json	1448816400.0	50.47	916	1606
snapshot_11_29_2015_18_0.json	1448838000.0	50.47	916	1610
snapshot_11_29_2015_6_0.json	1448794800.0	50.47	916	1610
snapshot_11_30_2015_0_0.json	1448859600.0	50.47	916	1599
snapshot_11_30_2015_0_0.json	1448859600.0	50.47	916	1599
snapshot_11_30_2015_12_0.json	1448902800.0	50.47	916	1597
snapshot_11_30_2015_18_0.json	1448924400.0	50.47	916	1592
snapshot_11_30_2015_6_0.json	1448881200.0	50.47	916	1597
snapshot_12_1_2015_0_0.json	1448946000.0	50.47	916	1682
snapshot_12_1_2015_12_0.json	1448989200.0	50.47	916	1686
snapshot_12_1_2015_18_0.json	1449010800.0	48.5	916	1706
snapshot_12_2_2015_0_0.json	1449032400.0	39.94	916	1697
snapshot_12_2_2015_0_0.json	1449032400.0	39.94	916	1697
snapshot_12_2_2015_12_0.json	1449075600.0	39.94	916	1667
snapshot_12_2_2015_18_0.json	1449097200.0	39.94	916	1697
snapshot_12_2_2015_6_0.json	1449054000.0	39.94	916	1677
snapshot_12_3_2015_0_0.json	1449118800.0	38.77	916	1714
snapshot_12_3_2015_12_0.json	1449162000.0	38.77	916	1729
snapshot_12_3_2015_18_0.json	1449183600.0	38.77	916	1720
snapshot_12_4_2015_12_0.json	1449248400.0	39.94	860	1645
snapshot_12_4_2015_18_0.json	1449270000.0	39.94	860	1653
snapshot_12_4_2015_18_0.json	1449270000.0	39.94	860	1653
snapshot_12_4_2015_6_0.json	1449226800.0	39.94	860	1651
snapshot_12_5_2015_0_0.json	1449291600.0	39.94	860	1613
snapshot_12_5_2015_12_0.json	1449334800.0	39.94	860	1583
snapshot_12_5_2015_18_0.json	1449356400.0	39.94	860	1566
snapshot_12_5_2015_6_0.json	1449313200.0	39.94	860	1590
9199757	2015-12-12T23:00:00Z	Disney On Ice Frozen	STAPLES Center	California Los Angeles Metro|10	90015
snapshot_11_16_2015_0_0.json	1447650000.0	45.79	852.78	1901
snapshot_11_17_2015_12_0.json	1447779600.0	45.79	852.78	1886
snapshot_11_17_2015_18_0.json	1447801200.0	45.79	852.78	1884
snapshot_11_17_2015_6_0.json	1447758000.0	45.79	852.78	1886
snapshot_11_17_2015_6_0.json	1447758000.0	45.79	852.78	1886
snapshot_11_18_2015_0_0.json	1447822800.0	45.79	852.78	1890
snapshot_11_18_2015_12_0.json	1447866000.0	45.79	852.78	1876
snapshot_11_18_2015_18_0.json	1447887600.0	45.79	852.78	1876
snapshot_11_18_2015_6_0.json	1447844400.0	45.79	852.78	1876
snapshot_11_19_2015_0_0.json	1447909200.0	45.79	852.78	1866
snapshot_11_19_2015_12_0.json	1447952400.0	45.79	852.78	1862
snapshot_11_19_2015_6_0.json	1447930800.0	45.79	852.78	1862
snapshot_11_20_2015_0_0.json	1447995600.0	48.36	916	1861
snapshot_11_20_2015_12_0.json	1448038800.0	48.36	916	1861
snapshot_11_21_2015_12_0.json	1448125200.0	48.36	916	1844
snapshot_11_21_2015_18_0.json	1448146800.0	48.36	916	1837
snapshot_11_22_2015_0_0.json	1448168400.0	48.36	916	1825
snapshot_11_22_2015_12_0.json	1448211600.0	48.36	916	1820
snapshot_11_22_2015_6_0.json	1448190000.0	48.36	916	1822
snapshot_11_23_2015_0_0.json	1448254800.0	48.36	916	1817
snapshot_11_23_2015_12_0.json	1448298000.0	50.47	916	1813
snapshot_11_23_2015_18_0.json	1448319600.0	50.47	916	1818
snapshot_11_23_2015_6_0.json	1448276400.0	50.47	916	1813
snapshot_11_24_2015_0_0.json	1448341200.0	50.47	916	1852
snapshot_11_24_2015_12_0.json	1448384400.0	50.47	916	1844
snapshot_11_24_2015_18_0.json	1448406000.0	50.47	916	1844
snapshot_11_24_2015_6_0.json	1448362800.0	50.47	916	1850
snapshot_11_24_2015_6_0.json	1448362800.0	50.47	916	1850
snapshot_11_25_2015_0_0.json	1448427600.0	50.47	916	1840
snapshot_11_25_2015_12_0.json	1448470800.0	50.47	916	1758
snapshot_11_25_2015_18_0.json	1448492400.0	50.47	916	1758
snapshot_11_26_2015_0_0.json	1448514000.0	50.47	916	1750
snapshot_11_26_2015_0_0.json	1448514000.0	50.47	916	1750
snapshot_11_27_2015_18_0.json	1448665200.0	50.47	916	1717
snapshot_11_28_2015_0_0.json	1448686800.0	50.47	916	1621
snapshot_11_28_2015_12_0.json	1448730000.0	50.47	916	1606
snapshot_11_28_2015_18_0.json	1448751600.0	50.47	916	1593
snapshot_11_28_2015_6_0.json	1448708400.0	50.47	916	1612
snapshot_11_29_2015_0_0.json	1448773200.0	50.47	916	1621
snapshot_11_29_2015_0_0.json	1448773200.0	50.47	916	1621
snapshot_11_29_2015_12_0.json	1448816400.0	50.47	916	1606
snapshot_11_29_2015_18_0.json	1448838000.0	50.47	916	1610
snapshot_11_29_2015_6_0.json	1448794800.0	50.47	916	1610
snapshot_11_30_2015_0_0.json	1448859600.0	50.47	916	1599
snapshot_11_30_2015_0_0.json	1448859600.0	50.47	916	1599
snapshot_11_30_2015_12_0.json	1448902800.0	50.47	916	1597
snapshot_11_30_2015_18_0.json	1448924400.0	50.47	916	1592
snapshot_11_30_2015_6_0.json	1448881200.0	50.47	916	1597
snapshot_12_1_2015_0_0.json	1448946000.0	50.47	916	1682
snapshot_12_1_2015_12_0.json	1448989200.0	50.47	916	1686
snapshot_12_1_2015_18_0.json	1449010800.0	48.5	916	1706
snapshot_12_2_2015_0_0.json	1449032400.0	39.94	916	1697
snapshot_12_2_2015_0_0.json	1449032400.0	39.94	916	1697
snapshot_12_2_2015_12_0.json	1449075600.0	39.94	916	1667
snapshot_12_2_2015_18_0.json	1449097200.0	39.94	916	1697
snapshot_12_2_2015_6_0.json	1449054000.0	39.94	916	1677
snapshot_12_3_2015_0_0.json	1449118800.0	38.77	916	1714
snapshot_12_3_2015_12_0.json	1449162000.0	38.77	916	1729
snapshot_12_3_2015_18_0.json	1449183600.0	38.77	916	1720
snapshot_12_4_2015_12_0.json	1449248400.0	39.94	860	1645
snapshot_12_4_2015_18_0.json	1449270000.0	39.94	860	1653
snapshot_12_4_2015_18_0.json	1449270000.0	39.94	860	1653
snapshot_12_4_2015_6_0.json	1449226800.0	39.94	860	1651
snapshot_12_5_2015_0_0.json	1449291600.0	39.94	860	1613
snapshot_12_5_2015_12_0.json	1449334800.0	39.94	860	1583
snapshot_12_5_2015_18_0.json	1449356400.0	39.94	860	1566
snapshot_12_5_2015_6_0.json	1449313200.0	39.94	860	1590
9199757	2015-12-12T23:00:00Z	Disney On Ice Frozen	STAPLES Center	California Los Angeles Metro|10	90015
snapshot_11_16_2015_0_0.json	1447650000.0	45.79	852.78	1901
snapshot_11_17_2015_12_0.json	1447779600.0	45.79	852.78	1886
snapshot_11_17_2015_18_0.json	1447801200.0	45.79	852.78	1884
snapshot_11_17_2015_6_0.json	1447758000.0	45.79	852.78	1886
snapshot_11_17_2015_6_0.json	1447758000.0	45.79	852.78	1886
snapshot_11_18_2015_0_0.json	1447822800.0	45.79	852.78	1890
snapshot_11_18_2015_12_0.json	1447866000.0	45.79	852.78	1876
snapshot_11_18_2015_18_0.json	1447887600.0	45.79	852.78	1876
snapshot_11_18_2015_6_0.json	1447844400.0	45.79	852.78	1876
snapshot_11_19_2015_0_0.json	1447909200.0	45.79	852.78	1866
snapshot_11_19_2015_12_0.json	1447952400.0	45.79	852.78	1862
snapshot_11_19_2015_6_0.json	1447930800.0	45.79	852.78	1862
snapshot_11_20_2015_0_0.json	1447995600.0	48.36	916	1861
snapshot_11_20_2015_12_0.json	1448038800.0	48.36	916	1861
snapshot_11_21_2015_12_0.json	1448125200.0	48.36	916	1844
snapshot_11_21_2015_18_0.json	1448146800.0	48.36	916	1837
snapshot_11_22_2015_0_0.json	1448168400.0	48.36	916	1825
snapshot_11_22_2015_12_0.json	1448211600.0	48.36	916	1820
snapshot_11_22_2015_6_0.json	1448190000.0	48.36	916	1822
snapshot_11_23_2015_0_0.json	1448254800.0	48.36	916	1817
snapshot_11_23_2015_12_0.json	1448298000.0	50.47	916	1813
snapshot_11_23_2015_18_0.json	1448319600.0	50.47	916	1818
snapshot_11_23_2015_6_0.json	1448276400.0	50.47	916	1813
snapshot_11_24_2015_0_0.json	1448341200.0	50.47	916	1852
snapshot_11_24_2015_12_0.json	1448384400.0	50.47	916	1844
snapshot_11_24_2015_18_0.json	1448406000.0	50.47	916	1844
snapshot_11_24_2015_6_0.json	1448362800.0	50.47	916	1850
snapshot_11_24_2015_6_0.json	1448362800.0	50.47	916	1850
snapshot_11_25_2015_0_0.json	1448427600.0	50.47	916	1840
snapshot_11_25_2015_12_0.json	1448470800.0	50.47	916	1758
snapshot_11_25_2015_18_0.json	1448492400.0	50.47	916	1758
snapshot_11_26_2015_0_0.json	1448514000.0	50.47	916	1750
snapshot_11_26_2015_0_0.json	1448514000.0	50.47	916	1750
snapshot_11_27_2015_18_0.json	1448665200.0	50.47	916	1717
snapshot_11_28_2015_0_0.json	1448686800.0	50.47	916	1621
snapshot_11_28_2015_12_0.json	1448730000.0	50.47	916	1606
snapshot_11_28_2015_18_0.json	1448751600.0	50.47	916	1593
snapshot_11_28_2015_6_0.json	1448708400.0	50.47	916	1612
snapshot_11_29_2015_0_0.json	1448773200.0	50.47	916	1621
snapshot_11_29_2015_0_0.json	1448773200.0	50.47	916	1621
snapshot_11_29_2015_12_0.json	1448816400.0	50.47	916	1606
snapshot_11_29_2015_18_0.json	1448838000.0	50.47	916	1610
snapshot_11_29_2015_6_0.json	1448794800.0	50.47	916	1610
snapshot_11_30_2015_0_0.json	1448859600.0	50.47	916	1599
snapshot_11_30_2015_0_0.json	1448859600.0	50.47	916	1599
snapshot_11_30_2015_12_0.json	1448902800.0	50.47	916	1597
snapshot_11_30_2015_18_0.json	1448924400.0	50.47	916	1592
snapshot_11_30_2015_6_0.json	1448881200.0	50.47	916	1597
snapshot_12_1_2015_0_0.json	1448946000.0	50.47	916	1682
snapshot_12_1_2015_12_0.json	1448989200.0	50.47	916	1686
snapshot_12_1_2015_18_0.json	1449010800.0	48.5	916	1706
snapshot_12_2_2015_0_0.json	1449032400.0	39.94	916	1697
snapshot_12_2_2015_0_0.json	1449032400.0	39.94	916	1697
snapshot_12_2_2015_12_0.json	1449075600.0	39.94	916	1667
snapshot_12_2_2015_18_0.json	1449097200.0	39.94	916	1697
snapshot_12_2_2015_6_0.json	1449054000.0	39.94	916	1677
snapshot_12_3_2015_0_0.json	1449118800.0	38.77	916	1714
snapshot_12_3_2015_12_0.json	1449162000.0	38.77	916	1729
snapshot_12_3_2015_18_0.json	1449183600.0	38.77	916	1720
snapshot_12_4_2015_12_0.json	1449248400.0	39.94	860	1645
snapshot_12_4_2015_18_0.json	1449270000.0	39.94	860	1653
snapshot_12_4_2015_18_0.json	1449270000.0	39.94	860	1653
snapshot_12_4_2015_6_0.json	1449226800.0	39.94	860	1651
snapshot_12_5_2015_0_0.json	1449291600.0	39.94	860	1613
snapshot_12_5_2015_12_0.json	1449334800.0	39.94	860	1583
snapshot_12_5_2015_18_0.json	1449356400.0	39.94	860	1566
snapshot_12_5_2015_6_0.json	1449313200.0	39.94	860	1590
