9199756	2015-12-12T19:00:00Z	Disney On Ice Frozen	STAPLES Center	California Los Angeles Metro|10	90015
snapshot_11_16_2015_0_0.json	1447650000.0	45.79	800	2041
snapshot_11_16_2015_0_0.json	1447650000.0	45.79	800	2041
snapshot_11_17_2015_0_0.json	1447736400.0	45.79	800	2034
snapshot_11_17_2015_12_0.json	1447779600.0	45.79	800	2034
snapshot_11_17_2015_18_0.json	1447801200.0	45.79	800	2034
snapshot_11_17_2015_6_0.json	1447758000.0	45.79	800	2034
snapshot_11_18_2015_0_0.json	1447822800.0	45.79	800	2053
snapshot_11_18_2015_12_0.json	1447866000.0	45.79	800	2037
snapshot_11_18_2015_18_0.json	1447887600.0	45.79	800	2035
snapshot_11_18_2015_6_0.json	1447844400.0	45.79	800	2041
snapshot_11_19_2015_0_0.json	1447909200.0	45.79	800	2020
snapshot_11_19_2015_0_0.json	1447909200.0	45.79	800	2020
snapshot_11_19_2015_12_0.json	1447952400.0	45.79	800	2035
snapshot_11_19_2015_6_0.json	1447930800.0	45.79	800	2031
snapshot_11_20_2015_0_0.json	1447995600.0	46.96	800	2051
snapshot_11_21_2015_12_0.json	1448125200.0	48.36	800	2047
snapshot_11_22_2015_0_0.json	1448168400.0	48.36	800	2037
snapshot_11_22_2015_12_0.json	1448211600.0	48.36	800	2028
snapshot_11_22_2015_18_0.json	1448233200.0	48.36	800	2025
snapshot_11_22_2015_18_0.json	1448233200.0	48.36	800	2025
snapshot_11_22_2015_6_0.json	1448190000.0	48.36	800	2031
snapshot_11_22_2015_6_0.json	1448190000.0	48.36	800	2031
snapshot_11_23_2015_0_0.json	1448254800.0	48.36	800	2025
snapshot_11_23_2015_0_0.json	1448254800.0	48.36	800	2025
snapshot_11_23_2015_12_0.json	1448298000.0	48.36	800	2016
snapshot_11_23_2015_18_0.json	1448319600.0	48.36	800	1956
snapshot_11_23_2015_6_0.json	1448276400.0	48.36	800	2016
snapshot_11_24_2015_0_0.json	1448341200.0	48.36	800	2011
snapshot_11_24_2015_12_0.json	1448384400.0	48.36	800	2001
snapshot_11_24_2015_18_0.json	1448406000.0	48.36	800	2017
snapshot_11_25_2015_0_0.json	1448427600.0	48.36	800	2013
snapshot_11_25_2015_12_0.json	1448470800.0	48.36	800	2049
snapshot_11_25_2015_18_0.json	1448492400.0	48.36	800	2047
snapshot_11_25_2015_6_0.json	1448449200.0	48.36	800	2052
snapshot_11_26_2015_0_0.json	1448514000.0	48.36	800	2047
snapshot_11_26_2015_0_0.json	1448514000.0	48.36	800	2047
snapshot_11_28_2015_0_0.json	1448686800.0	47.99	800	1802
snapshot_11_28_2015_12_0.json	1448730000.0	47.99	800	1771
snapshot_11_28_2015_18_0.json	1448751600.0	47.99	800	1767
snapshot_11_28_2015_6_0.json	1448708400.0	47.99	800	1771
snapshot_11_29_2015_0_0.json	1448773200.0	47.99	800	1783
snapshot_11_29_2015_0_0.json	1448773200.0	47.99	800	1783
snapshot_11_29_2015_12_0.json	1448816400.0	48.36	800	1778
snapshot_11_29_2015_12_0.json	1448816400.0	48.36	800	1778
snapshot_11_29_2015_6_0.json	1448794800.0	47.99	800	1780
snapshot_11_30_2015_0_0.json	1448859600.0	48.36	800	1779
snapshot_11_30_2015_0_0.json	1448859600.0	48.36	800	1779
snapshot_11_30_2015_12_0.json	1448902800.0	48.13	800	1763
snapshot_11_30_2015_18_0.json	1448924400.0	48.13	800	1769
snapshot_11_30_2015_6_0.json	1448881200.0	48.13	800	1763
snapshot_12_1_2015_0_0.json	1448946000.0	48.13	800	1770
snapshot_12_1_2015_0_0.json	1448946000.0	48.13	800	1770
snapshot_12_1_2015_12_0.json	1448989200.0	48.13	800	1744
snapshot_12_1_2015_18_0.json	1449010800.0	46	800	1752
snapshot_12_1_2015_6_0.json	1448967600.0	48.13	800	1752
snapshot_12_2_2015_0_0.json	1449032400.0	35.26	700	1765
snapshot_12_2_2015_12_0.json	1449075600.0	35.26	700	1842
snapshot_12_2_2015_18_0.json	1449097200.0	35.26	700	1838
snapshot_12_2_2015_6_0.json	1449054000.0	35.26	700	1846
snapshot_12_3_2015_0_0.json	1449118800.0	35.26	700	1853
snapshot_12_3_2015_12_0.json	1449162000.0	35.26	700	1831
snapshot_12_3_2015_18_0.json	1449183600.0	35.26	700	1823
snapshot_12_3_2015_6_0.json	1449140400.0	35.26	700	1832
snapshot_12_4_2015_0_0.json	1449205200.0	35.26	700	1802
snapshot_12_4_2015_12_0.json	1449248400.0	35.26	700	1769
snapshot_12_4_2015_18_0.json	1449270000.0	35.26	700	1765
snapshot_12_4_2015_6_0.json	1449226800.0	35.26	700	1769
snapshot_12_5_2015_0_0.json	1449291600.0	35.26	700	1750
snapshot_12_5_2015_12_0.json	1449334800.0	37.6	596.15	1716
snapshot_12_5_2015_18_0.json	1449356400.0	37.6	596.15	1696
snapshot_12_5_2015_6_0.json	1449313200.0	37.6	596.15	1724
9199756	2015-12-12T19:00:00Z	Disney On Ice Frozen	STAPLES Center	California Los Angeles Metro|10	90015
snapshot_11_16_2015_0_0.json	1447650000.0	45.79	800	2041
snapshot_11_16_2015_0_0.json	1447650000.0	45.79	800	2041
snapshot_11_17_2015_0_0.json	1447736400.0	45.79	800	2034
snapshot_11_17_2015_12_0.json	1447779600.0	45.79	800	2034
snapshot_11_17_2015_18_0.json	1447801200.0	45.79	800	2034
snapshot_11_17_2015_6_0.json	1447758000.0	45.79	800	2034
snapshot_11_18_2015_0_0.json	1447822800.0	45.79	800	2053
snapshot_11_18_2015_12_0.json	1447866000.0	45.79	800	2037
snapshot_11_18_2015_18_0.json	1447887600.0	45.79	800	2035
snapshot_11_18_2015_6_0.json	1447844400.0	45.79	800	2041
snapshot_11_19_2015_0_0.json	1447909200.0	45.79	800	2020
snapshot_11_19_2015_0_0.json	1447909200.0	45.79	800	2020
snapshot_11_19_2015_12_0.json	1447952400.0	45.79	800	2035
snapshot_11_19_2015_6_0.json	1447930800.0	45.79	800	2031
snapshot_11_20_2015_0_0.json	1447995600.0	46.96	800	2051
snapshot_11_21_2015_12_0.json	1448125200.0	48.36	800	2047
snapshot_11_22_2015_0_0.json	1448168400.0	48.36	800	2037
snapshot_11_22_2015_12_0.json	1448211600.0	48.36	800	2028
snapshot_11_22_2015_18_0.json	1448233200.0	48.36	800	2025
snapshot_11_22_2015_18_0.json	1448233200.0	48.36	800	2025
snapshot_11_22_2015_6_0.json	1448190000.0	48.36	800	2031
snapshot_11_22_2015_6_0.json	1448190000.0	48.36	800	2031
snapshot_11_23_2015_0_0.json	1448254800.0	48.36	800	2025
snapshot_11_23_2015_0_0.json	1448254800.0	48.36	800	2025
snapshot_11_23_2015_12_0.json	1448298000.0	48.36	800	2016
snapshot_11_23_2015_18_0.json	1448319600.0	48.36	800	1956
snapshot_11_23_2015_6_0.json	1448276400.0	48.36	800	2016
snapshot_11_24_2015_0_0.json	1448341200.0	48.36	800	2011
snapshot_11_24_2015_12_0.json	1448384400.0	48.36	800	2001
snapshot_11_24_2015_18_0.json	1448406000.0	48.36	800	2017
snapshot_11_25_2015_0_0.json	1448427600.0	48.36	800	2013
snapshot_11_25_2015_12_0.json	1448470800.0	48.36	800	2049
snapshot_11_25_2015_18_0.json	1448492400.0	48.36	800	2047
snapshot_11_25_2015_6_0.json	1448449200.0	48.36	800	2052
snapshot_11_26_2015_0_0.json	1448514000.0	48.36	800	2047
snapshot_11_26_2015_0_0.json	1448514000.0	48.36	800	2047
snapshot_11_28_2015_0_0.json	1448686800.0	47.99	800	1802
snapshot_11_28_2015_12_0.json	1448730000.0	47.99	800	1771
snapshot_11_28_2015_18_0.json	1448751600.0	47.99	800	1767
snapshot_11_28_2015_6_0.json	1448708400.0	47.99	800	1771
snapshot_11_29_2015_0_0.json	1448773200.0	47.99	800	1783
snapshot_11_29_2015_0_0.json	1448773200.0	47.99	800	1783
snapshot_11_29_2015_12_0.json	1448816400.0	48.36	800	1778
snapshot_11_29_2015_12_0.json	1448816400.0	48.36	800	1778
snapshot_11_29_2015_6_0.json	1448794800.0	47.99	800	1780
snapshot_11_30_2015_0_0.json	1448859600.0	48.36	800	1779
snapshot_11_30_2015_0_0.json	1448859600.0	48.36	800	1779
snapshot_11_30_2015_12_0.json	1448902800.0	48.13	800	1763
snapshot_11_30_2015_18_0.json	1448924400.0	48.13	800	1769
snapshot_11_30_2015_6_0.json	1448881200.0	48.13	800	1763
snapshot_12_1_2015_0_0.json	1448946000.0	48.13	800	1770
snapshot_12_1_2015_0_0.json	1448946000.0	48.13	800	1770
snapshot_12_1_2015_12_0.json	1448989200.0	48.13	800	1744
snapshot_12_1_2015_18_0.json	1449010800.0	46	800	1752
snapshot_12_1_2015_6_0.json	1448967600.0	48.13	800	1752
snapshot_12_2_2015_0_0.json	1449032400.0	35.26	700	1765
snapshot_12_2_2015_12_0.json	1449075600.0	35.26	700	1842
snapshot_12_2_2015_18_0.json	1449097200.0	35.26	700	1838
snapshot_12_2_2015_6_0.json	1449054000.0	35.26	700	1846
snapshot_12_3_2015_0_0.json	1449118800.0	35.26	700	1853
snapshot_12_3_2015_12_0.json	1449162000.0	35.26	700	1831
snapshot_12_3_2015_18_0.json	1449183600.0	35.26	700	1823
snapshot_12_3_2015_6_0.json	1449140400.0	35.26	700	1832
snapshot_12_4_2015_0_0.json	1449205200.0	35.26	700	1802
snapshot_12_4_2015_12_0.json	1449248400.0	35.26	700	1769
snapshot_12_4_2015_18_0.json	1449270000.0	35.26	700	1765
snapshot_12_4_29199756	2015-12-12T19:00:00Z	Disney On Ice Frozen	STAPLES Center	California Los Angeles Metro|10	90015
snapshot_11_16_2015_0_0.json	1447650000.0	45.79	800	2041
snapshot_11_16_2015_0_0.json	1447650000.0	45.79	800	2041
snapshot_11_17_2015_0_0.json	1447736400.0	45.79	800	2034
snapshot_11_17_2015_12_0.json	1447779600.0	45.79	800	2034
snapshot_11_17_2015_18_0.json	1447801200.0	45.79	800	2034
snapshot_11_17_2015_6_0.json	1447758000.0	45.79	800	2034
snapshot_11_18_2015_0_0.json	1447822800.0	45.79	800	2053
snapshot_11_18_2015_12_0.json	1447866000.0	45.79	800	2037
snapshot_11_18_2015_18_0.json	1447887600.0	45.79	800	2035
snapshot_11_18_2015_6_0.json	1447844400.0	45.79	800	2041
snapshot_11_19_2015_0_0.json	1447909200.0	45.79	800	2020
snapshot_11_19_2015_0_0.json	1447909200.0	45.79	800	2020
snapshot_11_19_2015_12_0.json	1447952400.0	45.79	800	2035
snapshot_11_19_2015_6_0.json	1447930800.0	45.79	800	2031
snapshot_11_20_2015_0_0.json	1447995600.0	46.96	800	2051
snapshot_11_21_2015_12_0.json	1448125200.0	48.36	800	2047
snapshot_11_22_2015_0_0.json	1448168400.0	48.36	800	2037
snapshot_11_22_2015_12_0.json	1448211600.0	48.36	800	2028
snapshot_11_22_2015_18_0.json	1448233200.0	48.36	800	2025
snapshot_11_22_2015_18_0.json	1448233200.0	48.36	800	2025
snapshot_11_22_2015_6_0.json	1448190000.0	48.36	800	2031
snapshot_11_22_2015_6_0.json	1448190000.0	48.36	800	2031
snapshot_11_23_2015_0_0.json	1448254800.0	48.36	800	2025
snapshot_11_23_2015_0_0.json	1448254800.0	48.36	800	2025
snapshot_11_23_2015_12_0.json	1448298000.0	48.36	800	2016
snapshot_11_23_2015_18_0.json	1448319600.0	48.36	800	1956
snapshot_11_23_2015_6_0.json	1448276400.0	48.36	800	2016
snapshot_11_24_2015_0_0.json	1448341200.0	48.36	800	2011
snapshot_11_24_2015_12_0.json	1448384400.0	48.36	800	2001
snapshot_11_24_2015_18_0.json	1448406000.0	48.36	800	2017
snapshot_11_25_2015_0_0.json	1448427600.0	48.36	800	2013
snapshot_11_25_2015_12_0.json	1448470800.0	48.36	800	2049
snapshot_11_25_2015_18_0.json	1448492400.0	48.36	800	2047
snapshot_11_25_2015_6_0.json	1448449200.0	48.36	800	2052
snapshot_11_26_2015_0_0.json	1448514000.0	48.36	800	2047
snapshot_11_26_2015_0_0.json	1448514000.0	48.36	800	2047
snapshot_11_28_2015_0_0.json	1448686800.0	47.99	800	1802
snapshot_11_28_2015_12_0.json	1448730000.0	47.99	800	1771
snapshot_11_28_2015_18_0.json	1448751600.0	47.99	800	1767
snapshot_11_28_2015_6_0.json	1448708400.0	47.99	800	1771
snapshot_11_29_2015_0_0.json	1448773200.0	47.99	800	1783
snapshot_11_29_2015_0_0.json	1448773200.0	47.99	800	1783
snapshot_11_29_2015_12_0.json	1448816400.0	48.36	800	1778
snapshot_11_29_2015_12_0.json	1448816400.0	48.36	800	1778
snapshot_11_29_2015_6_0.json	1448794800.0	47.99	800	1780
snapshot_11_30_2015_0_0.json	1448859600.0	48.36	800	1779
snapshot_11_30_2015_0_0.json	1448859600.0	48.36	800	1779
snapshot_11_30_2015_12_0.json	1448902800.0	48.13	800	1763
snapshot_11_30_2015_18_0.json	1448924400.0	48.13	800	1769
snapshot_11_30_2015_6_0.json	1448881200.0	48.13	800	1763
snapshot_12_1_2015_0_0.json	1448946000.0	48.13	800	1770
snapshot_12_1_2015_0_0.json	1448946000.0	48.13	800	1770
snapshot_12_1_2015_12_0.json	1448989200.0	48.13	800	1744
snapshot_12_1_2015_18_0.json	1449010800.0	46	800	1752
snapshot_12_1_2015_6_0.json	1448967600.0	48.13	800	1752
snapshot_12_2_2015_0_0.json	1449032400.0	35.26	700	1765
snapshot_12_2_2015_12_0.json	1449075600.0	35.26	700	1842
snapshot_12_2_2015_18_0.json	1449097200.0	35.26	700	1838
snapshot_12_2_2015_6_0.json	1449054000.0	35.26	700	1846
snapshot_12_3_2015_0_0.json	1449118800.0	35.26	700	1853
snapshot_12_3_2015_12_0.json	1449162000.0	35.26	700	1831
snapshot_12_3_2015_18_0.json	1449183600.0	35.26	700	1823
snapshot_12_3_2015_6_0.json	1449140400.0	35.26	700	1832
snapshot_12_4_2015_0_0.json	1449205200.0	35.26	700	1802
snapshot_12_4_2015_12_0.json	1449248400.0	35.26	700	1769
snapshot_12_4_2015_18_0.json	1449270000.0	35.26	700	1765
snapshot_12_4_2015_6_0.json	1449226800.0	35.26	700	1769
snapshot_12_5_2015_0_0.json	1449291600.0	35.26	700	1750
snapshot_12_5_2015_12_0.json	1449334800.0	37.6	596.15	1716
snapshot_12_5_2015_18_0.json	1449356400.0	37.6	596.15	1696
snapshot_12_5_2015_6_0.json	1449313200.0	37.6	596.15	1724
9199756	2015-12-12T19:00:00Z	Disney On Ice Frozen	STAPLES Center	California Los Angeles Metro|10	90015
snapshot_11_16_2015_0_0.json	1447650000.0	45.79	800	2041
snapshot_11_16_2015_0_0.json	1447650000.0	45.79	800	2041
snapshot_11_17_2015_0_0.json	1447736400.0	45.79	800	2034
snapshot_11_17_2015_12_0.json	1447779600.0	45.79	800	2034
snapshot_11_17_2015_18_0.json	1447801200.0	45.79	800	2034
snapshot_11_17_2015_6_0.json	1447758000.0	45.79	800	2034
snapshot_11_18_2015_0_0.json	1447822800.0	45.79	800	2053
snapshot_11_18_2015_12_0.json	1447866000.0	45.79	800	2037
snapshot_11_18_2015_18_0.json	1447887600.0	45.79	800	2035
snapshot_11_18_2015_6_0.json	1447844400.0	45.79	800	2041
snapshot_11_19_2015_0_0.json	1447909200.0	45.79	800	2020
snapshot_11_19_2015_0_0.json	1447909200.0	45.79	800	2020
snapshot_11_19_2015_12_0.json	1447952400.0	45.79	800	2035
snapshot_11_19_2015_6_0.json	1447930800.0	45.79	800	2031
snapshot_11_20_2015_0_0.json	1447995600.0	46.96	800	2051
snapshot_11_21_2015_12_0.json	1448125200.0	48.36	800	2047
snapshot_11_22_2015_0_0.json	1448168400.0	48.36	800	2037
snapshot_11_22_2015_12_0.json	1448211600.0	48.36	800	2028
snapshot_11_22_2015_18_0.json	1448233200.0	48.36	800	2025
snapshot_11_22_2015_18_0.json	1448233200.0	48.36	800	2025
snapshot_11_22_2015_6_0.json	1448190000.0	48.36	800	2031
snapshot_11_22_2015_6_0.json	1448190000.0	48.36	800	2031
snapshot_11_23_2015_0_0.json	1448254800.0	48.36	800	2025
snapshot_11_23_2015_0_0.json	1448254800.0	48.36	800	2025
snapshot_11_23_2015_12_0.json	1448298000.0	48.36	800	2016
snapshot_11_23_2015_18_0.json	1448319600.0	48.36	800	1956
snapshot_11_23_2015_6_0.json	1448276400.0	48.36	800	2016
snapshot_11_24_2015_0_0.json	1448341200.0	48.36	800	2011
snapshot_11_24_2015_12_0.json	1448384400.0	48.36	800	2001
snapshot_11_24_2015_18_0.json	1448406000.0	48.36	800	2017
snapshot_11_25_2015_0_0.json	1448427600.0	48.36	800	2013
snapshot_11_25_2015_12_0.json	1448470800.0	48.36	800	2049
snapshot_11_25_2015_18_0.json	1448492400.0	48.36	800	2047
snapshot_11_25_2015_6_0.json	1448449200.0	48.36	800	2052
snapshot_11_26_2015_0_0.json	1448514000.0	48.36	800	2047
snapshot_11_26_2015_0_0.json	1448514000.0	48.36	800	2047
snapshot_11_28_2015_0_0.json	1448686800.0	47.99	800	1802
snapshot_11_28_2015_12_0.json	1448730000.0	47.99	800	1771
snapshot_11_28_2015_18_0.json	1448751600.0	47.99	800	1767
snapshot_11_28_2015_6_0.json	1448708400.0	47.99	800	1771
snapshot_11_29_2015_0_0.json	1448773200.0	47.99	800	1783
snapshot_11_29_2015_0_0.json	1448773200.0	47.99	800	1783
snapshot_11_29_2015_12_0.json	1448816400.0	48.36	800	1778
snapshot_11_29_2015_12_0.json	1448816400.0	48.36	800	1778
snapshot_11_29_2015_6_0.json	1448794800.0	47.99	800	1780
snapshot_11_30_2015_0_0.json	1448859600.0	48.36	800	1779
snapshot_11_30_2015_0_0.json	1448859600.0	48.36	800	1779
snapshot_11_30_2015_12_0.json	1448902800.0	48.13	800	1763
snapshot_11_30_2015_18_0.json	1448924400.0	48.13	800	1769
snapshot_11_30_2015_6_0.json	1448881200.0	48.13	800	1763
snapshot_12_1_2015_0_0.json	1448946000.0	48.13	800	1770
snapshot_12_1_2015_0_0.json	1448946000.0	48.13	800	1770
snapshot_12_1_2015_12_0.json	1448989200.0	48.13	800	1744
snapshot_12_1_2015_18_0.json	1449010800.0	46	800	1752
snapshot_12_1_2015_6_0.json	1448967600.0	48.13	800	1752
snapshot_12_2_2015_0_0.json	1449032400.0	35.26	700	1765
snapshot_12_2_2015_12_0.json	1449075600.0	35.26	700	1842
snapshot_12_2_2015_18_0.json	1449097200.0	35.26	700	1838
snapshot_12_2_2015_6_0.json	1449054000.0	35.26	700	1846
snapshot_12_3_2015_0_0.json	1449118800.0	35.26	700	1853
snapshot_12_3_2015_12_0.json	1449162000.0	35.26	700	1831
snapshot_12_3_2015_18_0.json	1449183600.0	35.26	700	1823
snapshot_12_3_2015_6_0.json	1449140400.0	35.26	700	1832
snapshot_12_4_2015_0_0.json	1449205200.0	35.26	700	1802
snapshot_12_4_2015_12_0.json	1449248400.0	35.26	700	1769
snapshot_12_4_2015_18_0.json	1449270000.0	35.26	700	1765
snapshot_12_4_2
