9200752	2015-12-06T03:30:00Z	The Legend of Zelda	City National Civic	California SF Bay Area|81	95113
snapshot_11_16_2015_0_0.json	1447650000.0	234.16	198	2
snapshot_11_16_2015_0_0.json	1447650000.0	234.16	198	2
snapshot_11_17_2015_0_0.json	1447736400.0	232.99	197	2
snapshot_11_17_2015_18_0.json	1447801200.0	228.31	193	2
snapshot_11_17_2015_18_0.json	1447801200.0	228.31	193	2
snapshot_11_17_2015_6_0.json	1447758000.0	231.82	196	2
snapshot_11_18_2015_0_0.json	1447822800.0	227.14	192	2
snapshot_11_18_2015_12_0.json	1447866000.0	166.3	190	4
snapshot_11_18_2015_12_0.json	1447866000.0	166.3	190	4
snapshot_11_18_2015_18_0.json	1447887600.0	166.3	188	4
snapshot_11_18_2015_6_0.json	1447844400.0	225.97	191	2
snapshot_11_19_2015_0_0.json	1447909200.0	166.3	187	4
snapshot_11_19_2015_12_0.json	1447952400.0	166.3	185	4
snapshot_11_19_2015_6_0.json	1447930800.0	166.3	186	4
snapshot_11_20_2015_0_0.json	1447995600.0	166.3	182	4
snapshot_11_21_2015_12_0.json	1448125200.0	166.3	175	4
snapshot_11_22_2015_0_0.json	1448168400.0	166.3	173	8
snapshot_11_22_2015_12_0.json	1448211600.0	166.3	170	8
snapshot_11_22_2015_18_0.json	1448233200.0	166.3	169	8
snapshot_11_22_2015_18_0.json	1448233200.0	166.3	169	8
snapshot_11_23_2015_0_0.json	1448254800.0	166.3	168	8
snapshot_11_23_2015_0_0.json	1448254800.0	166.3	168	8
snapshot_11_23_2015_18_0.json	1448319600.0	166.3	164	8
snapshot_11_23_2015_18_0.json	1448319600.0	166.3	164	8
snapshot_11_23_2015_6_0.json	1448276400.0	166.3	167	8
snapshot_11_24_2015_12_0.json	1448384400.0	166.3	161	8
snapshot_11_24_2015_12_0.json	1448384400.0	166.3	161	8
snapshot_11_24_2015_18_0.json	1448406000.0	166.3	160	8
snapshot_11_24_2015_6_0.json	1448362800.0	166.3	162	8
snapshot_11_25_2015_0_0.json	1448427600.0	166.3	158	8
snapshot_11_25_2015_12_0.json	1448470800.0	131.2	156	8
snapshot_11_25_2015_18_0.json	1448492400.0	131.2	155	8
snapshot_11_25_2015_18_0.json	1448492400.0	131.2	155	8
snapshot_11_25_2015_6_0.json	1448449200.0	131.2	157	8
snapshot_11_26_2015_0_0.json	1448514000.0	131.2	154	8
snapshot_11_26_2015_0_0.json	1448514000.0	131.2	154	8
snapshot_11_27_2015_18_0.json	1448665200.0	113.65	150	12
snapshot_11_28_2015_0_0.json	1448686800.0	96.1	150	10
snapshot_11_28_2015_6_0.json	1448708400.0	96.1	150	12
snapshot_11_28_2015_6_0.json	1448708400.0	96.1	150	12
snapshot_11_29_2015_0_0.json	1448773200.0	96.1	150	10
snapshot_11_29_2015_12_0.json	1448816400.0	96.1	150	10
snapshot_11_29_2015_18_0.json	1448838000.0	96.1	150	8
snapshot_11_29_2015_18_0.json	1448838000.0	96.1	150	8
snapshot_11_29_2015_6_0.json	1448794800.0	96.1	150	10
snapshot_11_29_2015_6_0.json	1448794800.0	96.1	150	10
snapshot_11_30_2015_12_0.json	1448902800.0	96.1	150	4
snapshot_11_30_2015_18_0.json	1448924400.0	96.1	150	4
snapshot_11_30_2015_6_0.json	1448881200.0	96.1	150	4
snapshot_12_1_2015_0_0.json	1448946000.0	96.1	150	4
snapshot_12_1_2015_12_0.json	1448989200.0	90.25	249	9
snapshot_12_1_2015_18_0.json	1449010800.0	90.25	249	9
snapshot_12_1_2015_6_0.json	1448967600.0	90.25	249	9
snapshot_12_2_2015_0_0.json	1449032400.0	90.25	249	9
snapshot_12_2_2015_0_0.json	1449032400.0	90.25	249	9
snapshot_12_2_2015_12_0.json	1449075600.0	90.25	249	7
snapshot_12_2_2015_18_0.json	1449097200.0	90.25	249	7
snapshot_12_2_2015_6_0.json	1449054000.0	90.25	249	7
snapshot_12_3_2015_0_0.json	1449118800.0	78.55	249	5
snapshot_12_3_2015_12_0.json	1449162000.0	90.25	249	3
snapshot_12_3_2015_18_0.json	1449183600.0	90.25	249	3
snapshot_12_3_2015_6_0.json	1449140400.0	90.25	249	3
snapshot_12_4_2015_0_0.json	1449205200.0	293.83	249	2
snapshot_12_4_2015_12_0.json	1449248400.0	61	249	6
snapshot_12_4_2015_18_0.json	1449270000.0	131.2	249	5
snapshot_12_4_2015_6_0.json	1449226800.0	131.2	249	5
snapshot_12_5_2015_0_0.json	1449291600.0	84.4	249	9
snapshot_12_5_2015_18_0.json	1449356400.0	107.8	198	7
snapshot_12_5_2015_6_0.json	1449313200.0	107.8	198	7
snapshot_12_5_2015_6_0.json	1449313200.0	107.8	198	7
9200752	2015-12-06T03:30:00Z	The Legend of Zelda	City National Civic	California SF Bay Area|81	95113
snapshot_11_16_2015_0_0.json	1447650000.0	234.16	198	2
snapshot_11_16_2015_0_0.json	1447650000.0	234.16	198	2
snapshot_11_17_2015_0_0.json	1447736400.0	232.99	197	2
snapshot_11_17_2015_18_0.json	1447801200.0	228.31	193	2
snapshot_11_17_2015_18_0.json	1447801200.0	228.31	193	2
snapshot_11_17_2015_6_0.json	1447758000.0	231.82	196	2
snapshot_11_18_2015_0_0.json	1447822800.0	227.14	192	2
snapshot_11_18_2015_12_0.json	1447866000.0	166.3	190	4
snapshot_11_18_2015_12_0.json	1447866000.0	166.3	190	4
snapshot_11_18_2015_18_0.json	1447887600.0	166.3	188	4
snapshot_11_18_2015_6_0.json	1447844400.0	225.97	191	2
snapshot_11_19_2015_0_0.json	1447909200.0	166.3	187	4
snapshot_11_19_2015_12_0.json	1447952400.0	166.3	185	4
snapshot_11_19_2015_6_0.json	1447930800.0	166.3	186	4
snapshot_11_20_2015_0_0.json	1447995600.0	166.3	182	4
snapshot_11_21_2015_12_0.json	1448125200.0	166.3	175	4
snapshot_11_22_2015_0_0.json	1448168400.0	166.3	173	8
snapshot_11_22_2015_12_0.json	1448211600.0	166.3	170	8
snapshot_11_22_2015_18_0.json	1448233200.0	166.3	169	8
snapshot_11_22_2015_18_0.json	1448233200.0	166.3	169	8
snapshot_11_23_2015_0_0.json	1448254800.0	166.3	168	8
snapshot_11_23_2015_0_0.json	1448254800.0	166.3	168	8
snapshot_11_23_2015_18_0.json	1448319600.0	166.3	164	8
snapshot_11_23_2015_18_0.json	1448319600.0	166.3	164	8
snapshot_11_23_2015_6_0.json	1448276400.0	166.3	167	8
snapshot_11_24_2015_12_0.json	1448384400.0	166.3	161	8
snapshot_11_24_2015_12_0.json	1448384400.0	166.3	161	8
snapshot_11_24_2015_18_0.json	1448406000.0	166.3	160	8
snapshot_11_24_2015_6_0.json	1448362800.0	166.3	162	8
snapshot_11_25_2015_0_0.json	1448427600.0	166.3	158	8
snapshot_11_25_2015_12_0.json	1448470800.0	131.2	156	8
snapshot_11_25_2015_18_0.json	1448492400.0	131.2	155	8
snapshot_11_25_2015_18_0.json	1448492400.0	131.2	155	8
snapshot_11_25_2015_6_0.json	1448449200.0	131.2	157	8
snapshot_11_26_2015_0_0.json	1448514000.0	131.2	154	8
snapshot_11_26_2015_0_0.json	1448514000.0	131.2	154	8
snapshot_11_27_2015_18_0.json	1448665200.0	113.65	150	12
snapshot_11_28_2015_0_0.json	1448686800.0	96.1	150	10
snapshot_11_28_2015_6_0.json	1448708400.0	96.1	150	12
snapshot_11_28_2015_6_0.json	1448708400.0	96.1	150	12
snapshot_11_29_2015_0_0.json	1448773200.0	96.1	150	10
snapshot_11_29_2015_12_0.json	1448816400.0	96.1	150	10
snapshot_11_29_2015_18_0.json	1448838000.0	96.1	150	8
snapshot_11_29_2015_18_0.json	1448838000.0	96.1	150	8
snapshot_11_29_2015_6_0.json	1448794800.0	96.1	150	10
snapshot_11_29_2015_6_0.json	1448794800.0	96.1	150	10
snapshot_11_30_2015_12_0.json	1448902800.0	96.1	150	4
snapshot_11_30_2015_18_0.json	1448924400.0	96.1	150	4
snapshot_11_30_2015_6_0.json	1448881200.0	96.1	150	4
snapshot_12_1_2015_0_0.json	1448946000.0	96.1	150	4
snapshot_12_1_2015_12_0.json	1448989200.0	90.25	249	9
snapshot_12_1_2015_18_0.json	1449010800.0	90.25	249	9
snapshot_12_1_2015_6_0.json	1448967600.0	90.25	249	9
snapshot_12_2_2015_0_0.json	1449032400.0	90.25	249	9
snapshot_12_2_2015_0_0.json	1449032400.0	90.25	249	9
snapshot_12_2_2015_12_0.json	1449075600.0	90.25	249	7
snapshot_12_2_2015_18_0.json	1449097200.0	90.25	249	7
snapshot_12_2_2015_6_0.json	1449054000.0	90.25	249	7
snapshot_12_3_2015_0_0.json	1449118800.0	78.55	249	5
snapshot_12_3_2015_12_0.json	1449162000.0	90.25	249	3
snapshot_12_3_2015_18_0.json	1449183600.0	90.25	249	3
snapshot_12_3_2015_6_0.json	1449140400.0	90.25	249	3
snapshot_12_4_2015_0_0.json	1449205200.0	293.83	249	2
snapshot_12_4_2015_12_0.json	1449248400.0	61	249	6
snapshot_12_4_2015_18_0.json	1449270000.0	131.2	249	5
snapshot_12_4_2015_6_0.json	1449226800.0	131.2	249	5
snapshot_12_5_2015_0_0.json	1449291600.0	84.4	249	9
snapshot_12_5_2015_18_0.json	1449356400.0	107.8	198	7
snapshot_12_5_2015_6_0.json	1449313200.0	107.8	198	7
snapshot_12_5_2015_6_0.json	1449313200.0	107.8	198	7
9200752	2015-12-06T03:30:00Z	The Legend of Zelda	City National Civic	California SF Bay Area|81	95113
snapshot_11_16_2015_0_0.json	1447650000.0	234.16	198	2
snapshot_11_16_2015_0_0.json	1447650000.0	234.16	198	2
snapshot_11_17_2015_0_0.json	1447736400.0	232.99	197	2
snapshot_11_17_2015_18_0.json	1447801200.0	228.31	193	2
snapshot_11_17_2015_18_0.json	1447801200.0	228.31	193	2
snapshot_11_17_2015_6_0.json	1447758000.0	231.82	196	2
snapshot_11_18_2015_0_0.json	1447822800.0	227.14	192	2
snapshot_11_18_2015_12_0.json	1447866000.0	166.3	190	4
snapshot_11_18_2015_12_0.json	1447866000.0	166.3	190	4
snapshot_11_18_2015_18_0.json	1447887600.0	166.3	188	4
snapshot_11_18_2015_6_0.json	1447844400.0	225.97	191	2
snapshot_11_19_2015_0_0.json	1447909200.0	166.3	187	4
snapshot_11_19_2015_12_0.json	1447952400.0	166.3	185	4
snapshot_11_19_2015_6_0.json	1447930800.0	166.3	186	4
snapshot_11_20_2015_0_0.json	1447995600.0	166.3	182	4
snapshot_11_21_2015_12_0.json	1448125200.0	166.3	175	4
snapshot_11_22_2015_0_0.json	1448168400.0	166.3	173	8
snapshot_11_22_2015_12_0.json	1448211600.0	166.3	170	8
snapshot_11_22_2015_18_0.json	1448233200.0	166.3	169	8
snapshot_11_22_2015_18_0.json	1448233200.0	166.3	169	8
snapshot_11_23_2015_0_0.json	1448254800.0	166.3	168	8
snapshot_11_23_2015_0_0.json	1448254800.0	166.3	168	8
snapshot_11_23_2015_18_0.json	1448319600.0	166.3	164	8
snapshot_11_23_2015_18_0.json	1448319600.0	166.3	164	8
snapshot_11_23_2015_6_0.json	1448276400.0	166.3	167	8
snapshot_11_24_2015_12_0.json	1448384400.0	166.3	161	8
snapshot_11_24_2015_12_0.json	1448384400.0	166.3	161	8
snapshot_11_24_2015_18_0.json	1448406000.0	166.3	160	8
snapshot_11_24_2015_6_0.json	1448362800.0	166.3	162	8
snapshot_11_25_2015_0_0.json	1448427600.0	166.3	158	8
snapshot_11_25_2015_12_0.json	1448470800.0	131.2	156	8
snapshot_11_25_2015_18_0.json	1448492400.0	131.2	155	8
snapshot_11_25_2015_18_0.json	1448492400.0	131.2	155	8
snapshot_11_25_2015_6_0.json	1448449200.0	131.2	157	8
snapshot_11_26_2015_0_0.json	1448514000.0	131.2	154	8
snapshot_11_26_2015_0_0.json	1448514000.0	131.2	154	8
snapshot_11_27_2015_18_0.json	1448665200.0	113.65	150	12
snapshot_11_28_2015_0_0.json	1448686800.0	96.1	150	10
snapshot_11_28_2015_6_0.json	1448708400.0	96.1	150	12
snapshot_11_28_2015_6_0.json	1448708400.0	96.1	150	12
snapshot_11_29_2015_0_0.json	1448773200.0	96.1	150	10
snapshot_11_29_2015_12_0.json	1448816400.0	96.1	150	10
snapshot_11_29_2015_18_0.json	1448838000.0	96.1	150	8
snapshot_11_29_2015_18_0.json	1448838000.0	96.1	150	8
snapshot_11_29_2015_6_0.json	1448794800.0	96.1	150	10
snapshot_11_29_2015_6_0.json	1448794800.0	96.1	150	10
snapshot_11_30_2015_12_0.json	1448902800.0	96.1	150	4
snapshot_11_30_2015_18_0.json	1448924400.0	96.1	150	4
snapshot_11_30_2015_6_0.json	1448881200.0	96.1	150	4
snapshot_12_1_2015_0_0.json	1448946000.0	96.1	150	4
snapshot_12_1_2015_12_0.json	1448989200.0	90.25	249	9
snapshot_12_1_2015_18_0.json	1449010800.0	90.25	249	9
snapshot_12_1_2015_6_0.json	1448967600.0	90.25	249	9
snapshot_12_2_2015_0_0.json	1449032400.0	90.25	249	9
snapshot_12_2_2015_0_0.json	1449032400.0	90.25	249	9
snapshot_12_2_2015_12_0.json	1449075600.0	90.25	249	7
snapshot_12_2_2015_18_0.json	1449097200.0	90.25	249	7
snapshot_12_2_2015_6_0.json	1449054000.0	90.25	249	7
snapshot_12_3_2015_0_0.json	1449118800.0	78.55	249	5
snapshot_12_3_2015_12_0.json	1449162000.0	90.25	249	3
snapshot_12_3_2015_18_0.json	1449183600.0	90.25	249	3
snapshot_12_3_2015_6_0.json	1449140400.0	90.25	249	3
snapshot_12_4_2015_0_0.json	1449205200.0	293.83	249	2
snapshot_12_4_2015_12_0.json	1449248400.0	61	249	6
snapshot_12_4_2015_18_0.json	1449270000.0	131.2	249	5
snapshot_12_4_2015_6_0.json	1449226800.0	131.2	249	5
snapshot_12_5_2015_0_0.json	1449291600.0	84.4	249	9
snapshot_12_5_2015_18_0.json	1449356400.0	107.8	198	7
snapshot_12_5_2015_6_0.json	1449313200.0	107.8	198	7
snapshot_12_5_2015_6_0.json	1449313200.0	107.8	198	7
9200752	2015-12-06T03:30:00Z	The Legend of Zelda	City National Civic	California SF Bay Area|81	95113
snapshot_11_16_2015_0_0.json	1447650000.0	234.16	198	2
snapshot_11_16_2015_0_0.json	1447650000.0	234.16	198	2
snapshot_11_17_2015_0_0.json	1447736400.0	232.99	197	2
snapshot_11_17_2015_18_0.json	1447801200.0	228.31	193	2
snapshot_11_17_2015_18_0.json	1447801200.0	228.31	193	2
snapshot_11_17_2015_6_0.json	1447758000.0	231.82	196	2
snapshot_11_18_2015_0_0.json	1447822800.0	227.14	192	2
snapshot_11_18_2015_12_0.json	1447866000.0	166.3	190	4
snapshot_11_18_2015_12_0.json	1447866000.0	166.3	190	4
snapshot_11_18_2015_18_0.json	1447887600.0	166.3	188	4
snapshot_11_18_2015_6_0.json	1447844400.0	225.97	191	2
snapshot_11_19_2015_0_0.json	1447909200.0	166.3	187	4
snapshot_11_19_2015_12_0.json	1447952400.0	166.3	185	4
snapshot_11_19_2015_6_0.json	1447930800.0	166.3	186	4
snapshot_11_20_2015_0_0.json	1447995600.0	166.3	182	4
snapshot_11_21_2015_12_0.json	1448125200.0	166.3	175	4
snapshot_11_22_2015_0_0.json	1448168400.0	166.3	173	8
snapshot_11_22_2015_12_0.json	1448211600.0	166.3	170	8
snapshot_11_22_2015_18_0.json	1448233200.0	166.3	169	8
snapshot_11_22_2015_18_0.json	1448233200.0	166.3	169	8
snapshot_11_23_2015_0_0.json	1448254800.0	166.3	168	8
snapshot_11_23_2015_0_0.json	1448254800.0	166.3	168	8
snapshot_11_23_2015_18_0.json	1448319600.0	166.3	164	8
snapshot_11_23_2015_18_0.json	1448319600.0	166.3	164	8
snapshot_11_23_2015_6_0.json	1448276400.0	166.3	167	8
snapshot_11_24_2015_12_0.json	1448384400.0	166.3	161	8
snapshot_11_24_2015_12_0.json	1448384400.0	166.3	161	8
snapshot_11_24_2015_18_0.json	1448406000.0	166.3	160	8
snapshot_11_24_2015_6_0.json	1448362800.0	166.3	162	8
snapshot_11_25_2015_0_0.json	1448427600.0	166.3	158	8
snapshot_11_25_2015_12_0.json	1448470800.0	131.2	156	8
snapshot_11_25_2015_18_0.json	1448492400.0	131.2	155	8
snapshot_11_25_2015_18_0.json	1448492400.0	131.2	155	8
snapshot_11_25_2015_6_0.json	1448449200.0	131.2	157	8
snapshot_11_26_2015_0_0.json	1448514000.0	131.2	154	8
snapshot_11_26_2015_0_0.json	1448514000.0	131.2	154	8
snapshot_11_27_2015_18_0.json	1448665200.0	113.65	150	12
snapshot_11_28_2015_0_0.json	1448686800.0	96.1	150	10
snapshot_11_28_2015_6_0.json	1448708400.0	96.1	150	12
snapshot_11_28_2015_6_0.json	1448708400.0	96.1	150	12
snapshot_11_29_2015_0_0.json	1448773200.0	96.1	150	10
snapshot_11_29_2015_12_0.json	1448816400.0	96.1	150	10
snapshot_11_29_2015_18_0.json	1448838000.0	96.1	150	8
snapshot_11_29_2015_18_0.json	1448838000.0	96.1	150	8
snapshot_11_29_2015_6_0.json	1448794800.0	96.1	150	10
snapshot_11_29_2015_6_0.json	1448794800.0	96.1	150	10
snapshot_11_30_2015_12_0.json	1448902800.0	96.1	150	4
snapshot_11_30_2015_18_0.json	1448924400.0	96.1	150	4
snapshot_11_30_2015_6_0.json	1448881200.0	96.1	150	4
snapshot_12_1_2015_0_0.json	1448946000.0	96.1	150	4
snapshot_12_1_2015_12_0.json	1448989200.0	90.25	249	9
snapshot_12_1_2015_18_0.json	1449010800.0	90.25	249	9
snapshot_12_1_2015_6_0.json	1448967600.0	90.25	249	9
snapshot_12_2_2015_0_0.json	1449032400.0	90.25	249	9
snapshot_12_2_2015_0_0.json	1449032400.0	90.25	249	9
snapshot_12_2_2015_12_0.json	1449075600.0	90.25	249	7
snapshot_12_2_2015_18_0.json	1449097200.0	90.25	249	7
snapshot_12_2_2015_6_0.json	1449054000.0	90.25	249	7
snapshot_12_3_2015_0_0.json	1449118800.0	78.55	249	5
snapshot_12_3_2015_12_0.json	1449162000.0	90.25	249	3
snapshot_12_3_2015_18_0.json	1449183600.0	90.25	249	3
snapshot_12_3_2015_6_0.json	1449140400.0	90.25	249	3
snapshot_12_4_2015_0_0.json	1449205200.0	293.83	249	2
snapshot_12_4_2015_12_0.json	1449248400.0	61	249	6
snapshot_12_4_2015_18_0.json	1449270000.0	131.2	249	5
snapshot_12_4_2015_6_0.json	1449226800.0	131.2	249	5
snapshot_12_5_2015_0_0.json	1449291600.0	84.4	249	9
snapshot_12_5_2015_18_0.json	1449356400.0	107.8	198	7
snapshot_12_5_2015_6_0.json	1449313200.0	107.8	198	7
snapshot_12_5_2015_6_0.json	1449313200.0	107.8	198	7
