9201242	2015-11-22T03:45:00Z	Washington State Cougars	Martin Stadium	Washington Seattle|693	99163
snapshot_11_16_2015_0_0.json	1447650000.0	14.2	165	557
snapshot_11_17_2015_12_0.json	1447779600.0	15.6	150	499
snapshot_11_17_2015_18_0.json	1447801200.0	15.37	150	494
snapshot_11_17_2015_6_0.json	1447758000.0	15.6	150	500
snapshot_11_17_2015_6_0.json	1447758000.0	15.6	150	500
snapshot_11_18_2015_0_0.json	1447822800.0	15.37	150	524
snapshot_11_18_2015_12_0.json	1447866000.0	15.6	150	489
snapshot_11_18_2015_18_0.json	1447887600.0	15.6	150	494
snapshot_11_18_2015_6_0.json	1447844400.0	15.37	150	497
snapshot_11_19_2015_0_0.json	1447909200.0	15.6	83.81	458
snapshot_11_19_2015_12_0.json	1447952400.0	15.6	80	420
snapshot_11_19_2015_6_0.json	1447930800.0	15.6	80	420
snapshot_11_20_2015_12_0.json	1448038800.0	14.38	76	399
snapshot_11_21_2015_12_0.json	1448125200.0	9.52	509	309
snapshot_11_21_2015_18_0.json	1448146800.0	9.52	509	288
snapshot_11_22_2015_0_0.json	1448168400.0	9.52	509	223
snapshot_11_22_2015_12_0.json	1448211600.0	0	0	0
snapshot_11_22_2015_6_0.json	1448190000.0	0	0	0
snapshot_11_23_2015_0_0.json	1448254800.0	0	0	0
snapshot_11_23_2015_12_0.json	1448298000.0	0	0	0
snapshot_11_23_2015_6_0.json	1448276400.0	0	0	0
snapshot_11_23_2015_6_0.json	1448276400.0	0	0	0
9201242	2015-11-22T03:45:00Z	Washington State Cougars	Martin Stadium	Washington Seattle|693	99163
snapshot_11_16_2015_0_0.json	1447650000.0	14.2	165	557
snapshot_11_17_2015_12_0.json	1447779600.0	15.6	150	499
snapshot_11_17_2015_18_0.json	1447801200.0	15.37	150	494
snapshot_11_17_2015_6_0.json	1447758000.0	15.6	150	500
snapshot_11_17_2015_6_0.json	1447758000.0	15.6	150	500
snapshot_11_18_2015_0_0.json	1447822800.0	15.37	150	524
snapshot_11_18_2015_12_0.json	1447866000.0	15.6	150	489
snapshot_11_18_2015_18_0.json	1447887600.0	15.6	150	494
snapshot_11_18_2015_6_0.json	1447844400.0	15.37	150	497
snapshot_11_19_2015_0_0.json	1447909200.0	15.6	83.81	458
snapshot_11_19_2015_12_0.json	1447952400.0	15.6	80	420
snapshot_11_19_2015_6_0.json	1447930800.0	15.6	80	420
snapshot_11_20_2015_12_0.json	1448038800.0	14.38	76	399
snapshot_11_21_2015_12_0.json	1448125200.0	9.52	509	309
snapshot_11_21_2015_18_0.json	1448146800.0	9.52	509	288
snapshot_11_22_2015_0_0.json	1448168400.0	9.52	509	223
snapshot_11_22_2015_12_0.json	1448211600.0	0	0	0
snapshot_11_22_2015_6_0.json	1448190000.0	0	0	0
snapshot_11_23_2015_0_0.json	1448254800.0	0	0	0
snapshot_11_23_2015_12_0.json	1448298000.0	0	0	0
snapshot_11_23_2015_6_0.json	1448276400.0	0	0	0
snapshot_11_23_2015_6_0.json	1448276400.0	0	0	0
9201242	2015-11-22T03:45:00Z	Washington State Cougars	Martin Stadium	Washington Seattle|693	99163
snapshot_11_16_2015_0_0.json	1447650000.0	14.2	165	557
snapshot_11_17_2015_12_0.json	1447779600.0	15.6	150	499
snapshot_11_17_2015_18_0.json	1447801200.0	15.37	150	494
snapshot_11_17_2015_6_0.json	1447758000.0	15.6	150	500
snapshot_11_17_2015_6_0.json	1447758000.0	15.6	150	500
snapshot_11_18_2015_0_0.json	1447822800.0	15.37	150	524
snapshot_11_18_2015_12_0.json	1447866000.0	15.6	150	489
snapshot_11_18_2015_18_0.json	1447887600.0	15.6	150	494
snapshot_11_18_2015_6_0.json	1447844400.0	15.37	150	497
snapshot_11_19_2015_0_0.json	1447909200.0	15.6	83.81	458
snapshot_11_19_2015_12_0.json	1447952400.0	15.6	80	420
snapshot_11_19_2015_6_0.json	1447930800.0	15.6	80	420
snapshot_11_20_2015_12_0.json	1448038800.0	14.38	76	399
snapshot_11_21_2015_12_0.json	1448125200.0	9.52	509	309
snapshot_11_21_2015_18_0.json	1448146800.0	9.52	509	288
snapshot_11_22_2015_0_0.json	1448168400.0	9.52	509	223
snapshot_11_22_2015_12_0.json	1448211600.0	0	0	0
snapshot_11_22_2015_6_0.json	1448190000.0	0	0	0
snapshot_11_23_2015_0_0.json	1448254800.0	0	0	0
snapshot_11_23_2015_12_0.json	1448298000.0	0	0	0
snapshot_11_23_2015_6_0.json	1448276400.0	0	0	0
snapshot_11_23_2015_6_0.json	1448276400.0	0	0	0
9201242	2015-11-22T03:45:00Z	Washington State Cougars	Martin Stadium	Washington Seattle|693	99163
snapshot_11_16_2015_0_0.json	1447650000.0	14.2	165	557
snapshot_11_17_2015_12_0.json	1447779600.0	15.6	150	499
snapshot_11_17_2015_18_0.json	1447801200.0	15.37	150	494
snapshot_11_17_2015_6_0.json	1447758000.0	15.6	150	500
snapshot_11_17_2015_6_0.json	1447758000.0	15.6	150	500
snapshot_11_18_2015_0_0.json	1447822800.0	15.37	150	524
snapshot_11_18_2015_12_0.json	1447866000.0	15.6	150	489
snapshot_11_18_2015_18_0.json	1447887600.0	15.6	150	494
snapshot_11_18_2015_6_0.json	1447844400.0	15.37	150	497
snapshot_11_19_2015_0_0.json	1447909200.0	15.6	83.81	458
snapshot_11_19_2015_12_0.json	1447952400.0	15.6	80	420
snapshot_11_19_2015_6_0.json	1447930800.0	15.6	80	420
snapshot_11_20_2015_12_0.json	1448038800.0	14.38	76	399
snapshot_11_21_2015_12_0.json	1448125200.0	9.52	509	309
snapshot_11_21_2015_18_0.json	1448146800.0	9.52	509	288
snapshot_11_22_2015_0_0.json	1448168400.0	9.52	509	223
snapshot_11_22_2015_12_0.json	1448211600.0	0	0	0
snapshot_11_22_2015_6_0.json	1448190000.0	0	0	0
snapshot_11_23_2015_0_0.json	1448254800.0	0	0	0
snapshot_11_23_2015_12_0.json	1448298000.0	0	0	0
snapshot_11_23_2015_6_0.json	1448276400.0	0	0	0
snapshot_11_23_2015_6_0.json	1448276400.0	0	0	0
