9201244	2015-12-06T01:00:00Z	2015 PAC 12 Football Championship	Levi's Stadium	California SF Bay Area|81	95054
snapshot_11_16_2015_0_0.json	1447650000.0	28.24	1500	3721
snapshot_11_17_2015_0_0.json	1447736400.0	28.24	1500	3747
snapshot_11_17_2015_12_0.json	1447779600.0	28.24	1500	4330
snapshot_11_17_2015_18_0.json	1447801200.0	30.58	1500	4350
snapshot_11_17_2015_6_0.json	1447758000.0	28.24	1500	4335
snapshot_11_17_2015_6_0.json	1447758000.0	28.24	1500	4335
snapshot_11_18_2015_0_0.json	1447822800.0	28.24	1500	4497
snapshot_11_18_2015_12_0.json	1447866000.0	30	1500	4502
snapshot_11_18_2015_18_0.json	1447887600.0	30	1500	4502
snapshot_11_18_2015_18_0.json	1447887600.0	30	1500	4502
snapshot_11_18_2015_6_0.json	1447844400.0	30	1500	4484
snapshot_11_19_2015_0_0.json	1447909200.0	30	1500	4555
snapshot_11_19_2015_6_0.json	1447930800.0	29.41	1500	4542
snapshot_11_20_2015_0_0.json	1447995600.0	29	1500	4652
snapshot_11_21_2015_12_0.json	1448125200.0	29	1500	4803
snapshot_11_21_2015_18_0.json	1448146800.0	29	1500	4807
snapshot_11_22_2015_0_0.json	1448168400.0	29.41	1500	4781
snapshot_11_22_2015_12_0.json	1448211600.0	30	1500	4709
snapshot_11_22_2015_18_0.json	1448233200.0	34.09	1500	4804
snapshot_11_22_2015_6_0.json	1448190000.0	29.41	1500	4776
snapshot_11_23_2015_0_0.json	1448254800.0	34.09	1500	4764
snapshot_11_23_2015_12_0.json	1448298000.0	34.09	1500	4833
snapshot_11_23_2015_18_0.json	1448319600.0	34.09	1500	4876
snapshot_11_23_2015_6_0.json	1448276400.0	34.09	1500	4823
snapshot_11_24_2015_0_0.json	1448341200.0	34.09	1500	4865
snapshot_11_24_2015_12_0.json	1448384400.0	34.09	1500	4833
snapshot_11_24_2015_18_0.json	1448406000.0	34.09	1500	5073
snapshot_11_24_2015_6_0.json	1448362800.0	34.09	1500	4839
snapshot_11_25_2015_0_0.json	1448427600.0	32.92	1500	5173
snapshot_11_25_2015_12_0.json	1448470800.0	32.92	1500	5172
snapshot_11_25_2015_18_0.json	1448492400.0	32.92	1500	5165
snapshot_11_25_2015_6_0.json	1448449200.0	32.92	1500	5177
snapshot_11_26_2015_0_0.json	1448514000.0	23.56	1500	5184
snapshot_11_27_2015_18_0.json	1448665200.0	30.57	1500	5095
snapshot_11_28_2015_0_0.json	1448686800.0	30.57	1500	5060
snapshot_11_28_2015_12_0.json	1448730000.0	31.75	1500	4948
snapshot_11_28_2015_18_0.json	1448751600.0	33.86	1500	4997
snapshot_11_28_2015_6_0.json	1448708400.0	33.86	1500	4964
snapshot_11_28_2015_6_0.json	1448708400.0	33.86	1500	4964
snapshot_11_29_2015_0_0.json	1448773200.0	34.09	1500	4544
snapshot_11_29_2015_12_0.json	1448816400.0	42.28	1200	3144
snapshot_11_29_2015_18_0.json	1448838000.0	49.3	9999	3116
snapshot_11_29_2015_6_0.json	1448794800.0	42.28	1200	3199
snapshot_11_30_2015_0_0.json	1448859600.0	49.3	9999	2920
snapshot_11_30_2015_12_0.json	1448902800.0	49.3	1200	2772
snapshot_11_30_2015_18_0.json	1448924400.0	49.3	1435	2699
snapshot_11_30_2015_6_0.json	1448881200.0	43.45	9999	2835
snapshot_12_1_2015_0_0.json	1448946000.0	48.13	1435	2838
snapshot_12_1_2015_12_0.json	1448989200.0	45.01	1435	2958
snapshot_12_1_2015_18_0.json	1449010800.0	39.94	1435	2960
snapshot_12_1_2015_6_0.json	1448967600.0	44.62	1435	2914
snapshot_12_2_2015_0_0.json	1449032400.0	38.77	1435	2880
snapshot_12_2_2015_12_0.json	1449075600.0	31.75	1435	2768
snapshot_12_2_2015_18_0.json	1449097200.0	30.58	1435	2793
snapshot_12_2_2015_6_0.json	1449054000.0	31.75	9999	2836
snapshot_12_3_2015_0_0.json	1449118800.0	31.75	1435	2648
snapshot_12_3_2015_12_0.json	1449162000.0	31.75	1435	2674
snapshot_12_3_2015_18_0.json	1449183600.0	31.75	1435	2635
snapshot_12_3_2015_6_0.json	1449140400.0	31.75	1435	2687
snapshot_12_4_2015_0_0.json	1449205200.0	31.75	8888	2565
snapshot_12_4_2015_12_0.json	1449248400.0	39.94	1435	2120
snapshot_12_4_2015_18_0.json	1449270000.0	42.27	1435	2010
snapshot_12_4_2015_6_0.json	1449226800.0	37.6	1435	2150
snapshot_12_5_2015_0_0.json	1449291600.0	41.1	1435	1684
snapshot_12_5_2015_12_0.json	1449334800.0	49.3	1435	1223
snapshot_12_5_2015_18_0.json	1449356400.0	25.9	1435	981
snapshot_12_5_2015_6_0.json	1449313200.0	43.45	1435	1294
9201244	2015-12-06T01:00:00Z	2015 PAC 12 Football Championship	Levi's Stadium	California SF Bay Area|81	95054
snapshot_11_16_2015_0_0.json	1447650000.0	28.24	1500	3721
snapshot_11_17_2015_0_0.json	1447736400.0	28.24	1500	3747
snapshot_11_17_2015_12_0.json	1447779600.0	28.24	1500	4330
snapshot_11_17_2015_18_0.json	1447801200.0	30.58	1500	4350
snapshot_11_17_2015_6_0.json	1447758000.0	28.24	1500	4335
snapshot_11_17_2015_6_0.json	1447758000.0	28.24	1500	4335
snapshot_11_18_2015_0_0.json	1447822800.0	28.24	1500	4497
snapshot_11_18_2015_12_0.json	1447866000.0	30	1500	4502
snapshot_11_18_2015_18_0.json	1447887600.0	30	1500	4502
snapshot_11_18_2015_18_0.json	1447887600.0	30	1500	4502
snapshot_11_18_2015_6_0.json	1447844400.0	30	1500	4484
snapshot_11_19_2015_0_0.json	1447909200.0	30	1500	4555
snapshot_11_19_2015_6_0.json	1447930800.0	29.41	1500	4542
snapshot_11_20_2015_0_0.json	1447995600.0	29	1500	4652
snapshot_11_21_2015_12_0.json	1448125200.0	29	1500	4803
snapshot_11_21_2015_18_0.json	1448146800.0	29	1500	4807
snapshot_11_22_2015_0_0.json	1448168400.0	29.41	1500	4781
snapshot_11_22_2015_12_0.json	1448211600.0	30	1500	4709
snapshot_11_22_2015_18_0.json	1448233200.0	34.09	1500	4804
snapshot_11_22_2015_6_0.json	1448190000.0	29.41	1500	4776
snapshot_11_23_2015_0_0.json	1448254800.0	34.09	1500	4764
snapshot_11_23_2015_12_0.json	1448298000.0	34.09	1500	4833
snapshot_11_23_2015_18_0.json	1448319600.0	34.09	1500	4876
snapshot_11_23_2015_6_0.json	1448276400.0	34.09	1500	4823
snapshot_11_24_2015_0_0.json	1448341200.0	34.09	1500	4865
snapshot_11_24_2015_12_0.json	1448384400.0	34.09	1500	4833
snapshot_11_24_2015_18_0.json	1448406000.0	34.09	1500	5073
snapshot_11_24_2015_6_0.json	1448362800.0	34.09	1500	4839
snapshot_11_25_2015_0_0.json	1448427600.0	32.92	1500	5173
snapshot_11_25_2015_12_0.json	1448470800.0	32.92	1500	5172
snapshot_11_25_2015_18_0.json	1448492400.0	32.92	1500	5165
snapshot_11_25_2015_6_0.json	1448449200.0	32.92	1500	5177
snapshot_11_26_2015_0_0.json	1448514000.0	23.56	1500	5184
snapshot_11_27_2015_18_0.json	1448665200.0	30.57	1500	5095
snapshot_11_28_2015_0_0.json	1448686800.0	30.57	1500	5060
snapshot_11_28_2015_12_0.json	1448730000.0	31.75	1500	4948
snapshot_11_28_2015_18_0.json	1448751600.0	33.86	1500	4997
snapshot_11_28_2015_6_0.json	1448708400.0	33.86	1500	4964
snapshot_11_28_2015_6_0.json	1448708400.0	33.86	1500	4964
snapshot_11_29_2015_0_0.json	1448773200.0	34.09	1500	4544
snapshot_11_29_2015_12_0.json	1448816400.0	42.28	1200	3144
snapshot_11_29_2015_18_0.json	1448838000.0	49.3	9999	3116
snapshot_11_29_2015_6_0.json	1448794800.0	42.28	1200	3199
snapshot_11_30_2015_0_0.json	1448859600.0	49.3	9999	2920
snapshot_11_30_2015_12_0.json	1448902800.0	49.3	1200	2772
snapshot_11_30_2015_18_0.json	1448924400.0	49.3	1435	2699
snapshot_11_30_2015_6_0.json	1448881200.0	43.45	9999	2835
snapshot_12_1_2015_0_0.json	1448946000.0	48.13	1435	2838
snapshot_12_1_2015_12_0.json	1448989200.0	45.01	1435	2958
snapshot_12_1_2015_18_0.json	1449010800.0	39.94	1435	2960
snapshot_12_1_2015_6_0.json	1448967600.0	44.62	1435	2914
snapshot_12_2_2015_0_0.json	1449032400.0	38.77	1435	2880
snapshot_12_2_2015_12_0.json	1449075600.0	31.75	1435	2768
snapshot_12_2_2015_18_0.json	1449097200.0	30.58	1435	2793
snapshot_12_2_2015_6_0.json	1449054000.0	31.75	9999	2836
snapshot_12_3_2015_0_0.json	1449118800.0	31.75	1435	2648
snapshot_12_3_2015_12_0.json	1449162000.0	31.75	1435	2674
snapshot_12_3_2015_18_0.json	1449183600.0	31.75	1435	2635
snapshot_12_3_2015_6_0.json	1449140400.0	31.75	1435	2687
snapshot_12_4_2015_0_0.json	1449205200.0	31.75	8888	2565
snapshot_12_4_2015_12_0.json	1449248400.0	39.94	1435	2120
snapshot_12_4_2015_18_0.json	1449270000.0	42.27	1435	2010
snapshot_12_4_2015_6_0.json	1449226800.0	37.6	1435	2150
snapshot_12_5_2015_0_0.json	1449291600.0	41.1	1435	1684
snapshot_12_5_2015_12_0.json	1449334800.0	49.3	1435	1223
snapshot_12_5_2015_18_0.json	1449356400.0	25.9	1435	981
snapshot_12_5_2015_6_0.json	1449313200.0	43.45	1435	1294
9201244	2015-12-06T01:00:00Z	2015 PAC 12 Football Championship	Levi's Stadium	California SF Bay Area|81	95054
snapshot_11_16_2015_0_0.json	1447650000.0	28.24	1500	3721
snapshot_11_17_2015_0_0.json	1447736400.0	28.24	1500	3747
snapshot_11_17_2015_12_0.json	1447779600.0	28.24	1500	4330
snapshot_11_17_2015_18_0.json	1447801200.0	30.58	1500	4350
snapshot_11_17_2015_6_0.json	1447758000.0	28.24	1500	4335
snapshot_11_17_2015_6_0.json	1447758000.0	28.24	1500	4335
snapshot_11_18_2015_0_0.json	1447822800.0	28.24	1500	4497
snapshot_11_18_2015_12_0.json	1447866000.0	30	1500	4502
snapshot_11_18_2015_18_0.json	1447887600.0	30	1500	4502
snapshot_11_18_2015_18_0.json	1447887600.0	30	1500	4502
snapshot_11_18_2015_6_0.json	1447844400.0	30	1500	4484
snapshot_11_19_2015_0_0.json	1447909200.0	30	1500	4555
snapshot_11_19_2015_6_0.json	1447930800.0	29.41	1500	4542
snapshot_11_20_2015_0_0.json	1447995600.0	29	1500	4652
snapshot_11_21_2015_12_0.json	1448125200.0	29	1500	4803
snapshot_11_21_2015_18_0.json	1448146800.0	29	1500	4807
snapshot_11_22_2015_0_0.json	1448168400.0	29.41	1500	4781
snapshot_11_22_2015_12_0.json	1448211600.0	30	1500	4709
snapshot_11_22_2015_18_0.json	1448233200.0	34.09	1500	4804
snapshot_11_22_2015_6_0.json	1448190000.0	29.41	1500	4776
snapshot_11_23_2015_0_0.json	1448254800.0	34.09	1500	4764
snapshot_11_23_2015_12_0.json	1448298000.0	34.09	1500	4833
snapshot_11_23_2015_18_0.json	1448319600.0	34.09	1500	4876
snapshot_11_23_2015_6_0.json	1448276400.0	34.09	1500	4823
snapshot_11_24_2015_0_0.json	1448341200.0	34.09	1500	4865
snapshot_11_24_2015_12_0.json	1448384400.0	34.09	1500	4833
snapshot_11_24_2015_18_0.json	1448406000.0	34.09	1500	5073
snapshot_11_24_2015_6_0.json	1448362800.0	34.09	1500	4839
snapshot_11_25_2015_0_0.json	1448427600.0	32.92	1500	5173
snapshot_11_25_2015_12_0.json	1448470800.0	32.92	1500	5172
snapshot_11_25_2015_18_0.json	1448492400.0	32.92	1500	5165
snapshot_11_25_2015_6_0.json	1448449200.0	32.92	1500	5177
snapshot_11_26_2015_0_0.json	1448514000.0	23.56	1500	5184
snapshot_11_27_2015_18_0.json	1448665200.0	30.57	1500	5095
snapshot_11_28_2015_0_0.json	1448686800.0	30.57	1500	5060
snapshot_11_28_2015_12_0.json	1448730000.0	31.75	1500	4948
snapshot_11_28_2015_18_0.json	1448751600.0	33.86	1500	4997
snapshot_11_28_2015_6_0.json	1448708400.0	33.86	1500	4964
snapshot_11_28_2015_6_0.json	1448708400.0	33.86	1500	4964
snapshot_11_29_2015_0_0.json	1448773200.0	34.09	1500	4544
snapshot_11_29_2015_12_0.json	1448816400.0	42.28	1200	3144
snapshot_11_29_2015_18_0.json	1448838000.0	49.3	9999	3116
snapshot_11_29_2015_6_0.json	1448794800.0	42.28	1200	3199
snapshot_11_30_2015_0_0.json	1448859600.0	49.3	9999	2920
snapshot_11_30_2015_12_0.json	1448902800.0	49.3	1200	2772
snapshot_11_30_2015_18_0.json	1448924400.0	49.3	1435	2699
snapshot_11_30_2015_6_0.json	1448881200.0	43.45	9999	2835
snapshot_12_1_2015_0_0.json	1448946000.0	48.13	1435	2838
snapshot_12_1_2015_12_0.json	1448989200.0	45.01	1435	2958
snapshot_12_1_2015_18_0.json	1449010800.0	39.94	1435	2960
snapshot_12_1_2015_6_0.json	1448967600.0	44.62	1435	2914
snapshot_12_2_2015_0_0.json	1449032400.0	38.77	1435	2880
snapshot_12_2_2015_12_0.json	1449075600.0	31.75	1435	2768
snapshot_12_2_2015_18_0.json	1449097200.0	30.58	1435	2793
snapshot_12_2_2015_6_0.json	1449054000.0	31.75	9999	2836
snapshot_12_3_2015_0_0.json	1449118800.0	31.75	1435	2648
snapshot_12_3_2015_12_0.json	1449162000.0	31.75	1435	2674
snapshot_12_3_2015_18_0.json	1449183600.0	31.75	1435	2635
snapshot_12_3_2015_6_0.json	1449140400.0	31.75	1435	2687
snapshot_12_4_2015_0_0.json	1449205200.0	31.75	8888	2565
snapshot_12_4_2015_12_0.json	1449248400.0	39.94	1435	2120
snapshot_12_4_2015_18_0.json	1449270000.0	42.27	1435	2010
snapshot_12_4_2015_6_0.json	1449226800.0	37.6	1435	2150
snapshot_12_5_2015_0_0.json	1449291600.0	41.1	1435	1684
snapshot_12_5_2015_12_0.json	1449334800.0	49.3	1435	1223
snapshot_12_5_2015_18_0.json	1449356400.0	25.9	1435	981
snapshot_12_5_2015_6_0.json	1449313200.0	43.45	1435	1294
9201244	2015-12-06T01:00:00Z	2015 PAC 12 Football Championship	Levi's Stadium	California SF Bay Area|81	95054
snapshot_11_16_2015_0_0.json	1447650000.0	28.24	1500	3721
snapshot_11_17_2015_0_0.json	1447736400.0	28.24	1500	3747
snapshot_11_17_2015_12_0.json	1447779600.0	28.24	1500	4330
snapshot_11_17_2015_18_0.json	1447801200.0	30.58	1500	4350
snapshot_11_17_2015_6_0.json	1447758000.0	28.24	1500	4335
snapshot_11_17_2015_6_0.json	1447758000.0	28.24	1500	4335
snapshot_11_18_2015_0_0.json	1447822800.0	28.24	1500	4497
snapshot_11_18_2015_12_0.json	1447866000.0	30	1500	4502
snapshot_11_18_2015_18_0.json	1447887600.0	30	1500	4502
snapshot_11_18_2015_18_0.json	1447887600.0	30	1500	4502
snapshot_11_18_2015_6_0.json	1447844400.0	30	1500	4484
snapshot_11_19_2015_0_0.json	1447909200.0	30	1500	4555
snapshot_11_19_2015_6_0.json	1447930800.0	29.41	1500	4542
snapshot_11_20_2015_0_0.json	1447995600.0	29	1500	4652
snapshot_11_21_2015_12_0.json	1448125200.0	29	1500	4803
snapshot_11_21_2015_18_0.json	1448146800.0	29	1500	4807
snapshot_11_22_2015_0_0.json	1448168400.0	29.41	1500	4781
snapshot_11_22_2015_12_0.json	1448211600.0	30	1500	4709
snapshot_11_22_2015_18_0.json	1448233200.0	34.09	1500	4804
snapshot_11_22_2015_6_0.json	1448190000.0	29.41	1500	4776
snapshot_11_23_2015_0_0.json	1448254800.0	34.09	1500	4764
snapshot_11_23_2015_12_0.json	1448298000.0	34.09	1500	4833
snapshot_11_23_2015_18_0.json	1448319600.0	34.09	1500	4876
snapshot_11_23_2015_6_0.json	1448276400.0	34.09	1500	4823
snapshot_11_24_2015_0_0.json	1448341200.0	34.09	1500	4865
snapshot_11_24_2015_12_0.json	1448384400.0	34.09	1500	4833
snapshot_11_24_2015_18_0.json	1448406000.0	34.09	1500	5073
snapshot_11_24_2015_6_0.json	1448362800.0	34.09	1500	4839
snapshot_11_25_2015_0_0.json	1448427600.0	32.92	1500	5173
snapshot_11_25_2015_12_0.json	1448470800.0	32.92	1500	5172
snapshot_11_25_2015_18_0.json	1448492400.0	32.92	1500	5165
snapshot_11_25_2015_6_0.json	1448449200.0	32.92	1500	5177
snapshot_11_26_2015_0_0.json	1448514000.0	23.56	1500	5184
snapshot_11_27_2015_18_0.json	1448665200.0	30.57	1500	5095
snapshot_11_28_2015_0_0.json	1448686800.0	30.57	1500	5060
snapshot_11_28_2015_12_0.json	1448730000.0	31.75	1500	4948
snapshot_11_28_2015_18_0.json	1448751600.0	33.86	1500	4997
snapshot_11_28_2015_6_0.json	1448708400.0	33.86	1500	4964
snapshot_11_28_2015_6_0.json	1448708400.0	33.86	1500	4964
snapshot_11_29_2015_0_0.json	1448773200.0	34.09	1500	4544
snapshot_11_29_2015_12_0.json	1448816400.0	42.28	1200	3144
snapshot_11_29_2015_18_0.json	1448838000.0	49.3	9999	3116
snapshot_11_29_2015_6_0.json	1448794800.0	42.28	1200	3199
snapshot_11_30_2015_0_0.json	1448859600.0	49.3	9999	2920
snapshot_11_30_2015_12_0.json	1448902800.0	49.3	1200	2772
snapshot_11_30_2015_18_0.json	1448924400.0	49.3	1435	2699
snapshot_11_30_2015_6_0.json	1448881200.0	43.45	9999	2835
snapshot_12_1_2015_0_0.json	1448946000.0	48.13	1435	2838
snapshot_12_1_2015_12_0.json	1448989200.0	45.01	1435	2958
snapshot_12_1_2015_18_0.json	1449010800.0	39.94	1435	2960
snapshot_12_1_2015_6_0.json	1448967600.0	44.62	1435	2914
snapshot_12_2_2015_0_0.json	1449032400.0	38.77	1435	2880
snapshot_12_2_2015_12_0.json	1449075600.0	31.75	1435	2768
snapshot_12_2_2015_18_0.json	1449097200.0	30.58	1435	2793
snapshot_12_2_2015_6_0.json	1449054000.0	31.75	9999	2836
snapshot_12_3_2015_0_0.json	1449118800.0	31.75	1435	2648
snapshot_12_3_2015_12_0.json	1449162000.0	31.75	1435	2674
snapshot_12_3_2015_18_0.json	1449183600.0	31.75	1435	2635
snapshot_12_3_2015_6_0.json	1449140400.0	31.75	1435	2687
snapshot_12_4_2015_0_0.json	1449205200.0	31.75	8888	2565
snapshot_12_4_2015_12_0.json	1449248400.0	39.94	1435	2120
snapshot_12_4_2015_18_0.json	1449270000.0	42.27	1435	2010
snapshot_12_4_2015_6_0.json	1449226800.0	37.6	1435	2150
snapshot_12_5_2015_0_0.json	1449291600.0	41.1	1435	1684
snapshot_12_5_2015_12_0.json	1449334800.0	49.3	1435	1223
snapshot_12_5_2015_18_0.json	1449356400.0	25.9	1435	981
snapshot_12_5_2015_6_0.json	1449313200.0	43.45	1435	1294
