9202343	2015-11-21T18:01:00Z	PARKING PASSES ONLY Georgia Southern at Georgia	Sanford Stadium Parking Lots	Georgia Atlanta|670	30602
snapshot_11_16_2015_0_0.json	1447650000.0	33.27	5000	48
snapshot_11_17_2015_0_0.json	1447736400.0	37.6	5000	39
snapshot_11_17_2015_12_0.json	1447779600.0	43.86	5000	36
snapshot_11_17_2015_18_0.json	1447801200.0	62.58	500	30
snapshot_11_17_2015_6_0.json	1447758000.0	43.86	5000	34
snapshot_11_17_2015_6_0.json	1447758000.0	43.86	5000	34
snapshot_11_18_2015_0_0.json	1447822800.0	57.9	500	29
snapshot_11_18_2015_12_0.json	1447866000.0	93	500	20
snapshot_11_18_2015_18_0.json	1447887600.0	75.45	500	21
snapshot_11_18_2015_6_0.json	1447844400.0	93	500	20
snapshot_11_19_2015_0_0.json	1447909200.0	53.22	229	13
snapshot_11_19_2015_12_0.json	1447952400.0	72.7	199	10
snapshot_11_19_2015_12_0.json	1447952400.0	72.7	199	10
snapshot_11_19_2015_6_0.json	1447930800.0	72.7	199	10
snapshot_11_20_2015_0_0.json	1447995600.0	84.4	70	3
snapshot_11_20_2015_12_0.json	1448038800.0	84.4	70	2
snapshot_11_20_2015_12_0.json	1448038800.0	84.4	70	2
snapshot_11_21_2015_12_0.json	1448125200.0	83.23	70	5
snapshot_11_21_2015_18_0.json	1448146800.0	0	0	0
snapshot_11_22_2015_0_0.json	1448168400.0	0	0	0
snapshot_11_22_2015_0_0.json	1448168400.0	0	0	0
snapshot_11_22_2015_18_0.json	1448233200.0	0	0	0
snapshot_11_23_2015_0_0.json	1448254800.0	0	0	0
snapshot_11_23_2015_6_0.json	1448276400.0	0	0	0
snapshot_11_23_2015_6_0.json	1448276400.0	0	0	0
9202343	2015-11-21T18:01:00Z	PARKING PASSES ONLY Georgia Southern at Georgia	Sanford Stadium Parking Lots	Georgia Atlanta|670	30602
snapshot_11_16_2015_0_0.json	1447650000.0	33.27	5000	48
snapshot_11_17_2015_0_0.json	1447736400.0	37.6	5000	39
snapshot_11_17_2015_12_0.json	1447779600.0	43.86	5000	36
snapshot_11_17_2015_18_0.json	1447801200.0	62.58	500	30
snapshot_11_17_2015_6_0.json	1447758000.0	43.86	5000	34
snapshot_11_17_2015_6_0.json	1447758000.0	43.86	5000	34
snapshot_11_18_2015_0_0.json	1447822800.0	57.9	500	29
snapshot_11_18_2015_12_0.json	1447866000.0	93	500	20
snapshot_11_18_2015_18_0.json	1447887600.0	75.45	500	21
snapshot_11_18_2015_6_0.json	1447844400.0	93	500	20
snapshot_11_19_2015_0_0.json	1447909200.0	53.22	229	13
snapshot_11_19_2015_12_0.json	1447952400.0	72.7	199	10
snapshot_11_19_2015_12_0.json	1447952400.0	72.7	199	10
snapshot_11_19_2015_6_0.json	1447930800.0	72.7	199	10
snapshot_11_20_2015_0_0.json	1447995600.0	84.4	70	3
snapshot_11_20_2015_12_0.json	1448038800.0	84.4	70	2
snapshot_11_20_2015_12_0.json	1448038800.0	84.4	70	2
snapshot_11_21_2015_12_0.json	1448125200.0	83.23	70	5
snapshot_11_21_2015_18_0.json	1448146800.0	0	0	0
snapshot_11_22_2015_0_0.json	1448168400.0	0	0	0
snapshot_11_22_2015_0_0.json	1448168400.0	0	0	0
snapshot_11_22_2015_18_0.json	1448233200.0	0	0	0
snapshot_11_23_2015_0_0.json	1448254800.0	0	0	0
snapshot_11_23_2015_6_0.json	1448276400.0	0	0	0
snapshot_11_23_2015_6_0.json	1448276400.0	0	0	0
9202343	2015-11-21T18:01:00Z	PARKING PASSES ONLY Georgia Southern at Georgia	Sanford Stadium Parking Lots	Georgia Atlanta|670	30602
snapshot_11_16_2015_0_0.json	1447650000.0	33.27	5000	48
snapshot_11_17_2015_0_0.json	1447736400.0	37.6	5000	39
snapshot_11_17_2015_12_0.json	1447779600.0	43.86	5000	36
snapshot_11_17_2015_18_0.json	1447801200.0	62.58	500	30
snapshot_11_17_2015_6_0.json	1447758000.0	43.86	5000	34
snapshot_11_17_2015_6_0.json	1447758000.0	43.86	5000	34
snapshot_11_18_2015_0_0.json	1447822800.0	57.9	500	29
snapshot_11_18_2015_12_0.json	1447866000.0	93	500	20
snapshot_11_18_2015_18_0.json	1447887600.0	75.45	500	21
snapshot_11_18_2015_6_0.json	1447844400.0	93	500	20
snapshot_11_19_2015_0_0.json	1447909200.0	53.22	229	13
snapshot_11_19_2015_12_0.json	1447952400.0	72.7	199	10
snapshot_11_19_2015_12_0.json	1447952400.0	72.7	199	10
snapshot_11_19_2015_6_0.json	1447930800.0	72.7	199	10
snapshot_11_20_2015_0_0.json	1447995600.0	84.4	70	3
snapshot_11_20_2015_12_0.json	1448038800.0	84.4	70	2
snapshot_11_20_2015_12_0.json	1448038800.0	84.4	70	2
snapshot_11_21_2015_12_0.json	1448125200.0	83.23	70	5
snapshot_11_21_2015_18_0.json	1448146800.0	0	0	0
snapshot_11_22_2015_0_0.json	1448168400.0	0	0	0
snapshot_11_22_2015_0_0.json	1448168400.0	0	0	0
snapshot_11_22_2015_18_0.json	1448233200.0	0	0	0
snapshot_11_23_2015_0_0.json	1448254800.0	0	0	0
snapshot_11_23_2015_6_0.json	1448276400.0	0	0	0
snapshot_11_23_2015_6_0.json	1448276400.0	0	0	0
9202343	2015-11-21T18:01:00Z	PARKING PASSES ONLY Georgia Southern at Georgia	Sanford Stadium Parking Lots	Georgia Atlanta|670	30602
snapshot_11_16_2015_0_0.json	1447650000.0	33.27	5000	48
snapshot_11_17_2015_0_0.json	1447736400.0	37.6	5000	39
snapshot_11_17_2015_12_0.json	1447779600.0	43.86	5000	36
snapshot_11_17_2015_18_0.json	1447801200.0	62.58	500	30
snapshot_11_17_2015_6_0.json	1447758000.0	43.86	5000	34
snapshot_11_17_2015_6_0.json	1447758000.0	43.86	5000	34
snapshot_11_18_2015_0_0.json	1447822800.0	57.9	500	29
snapshot_11_18_2015_12_0.json	1447866000.0	93	500	20
snapshot_11_18_2015_18_0.json	1447887600.0	75.45	500	21
snapshot_11_18_2015_6_0.json	1447844400.0	93	500	20
snapshot_11_19_2015_0_0.json	1447909200.0	53.22	229	13
snapshot_11_19_2015_12_0.json	1447952400.0	72.7	199	10
snapshot_11_19_2015_12_0.json	1447952400.0	72.7	199	10
snapshot_11_19_2015_6_0.json	1447930800.0	72.7	199	10
snapshot_11_20_2015_0_0.json	1447995600.0	84.4	70	3
snapshot_11_20_2015_12_0.json	1448038800.0	84.4	70	2
snapshot_11_20_2015_12_0.json	1448038800.0	84.4	70	2
snapshot_11_21_2015_12_0.json	1448125200.0	83.23	70	5
snapshot_11_21_2015_18_0.json	1448146800.0	0	0	0
snapshot_11_22_2015_0_0.json	1448168400.0	0	0	0
snapshot_11_22_2015_0_0.json	1448168400.0	0	0	0
snapshot_11_22_2015_18_0.json	1448233200.0	0	0	0
snapshot_11_23_2015_0_0.json	1448254800.0	0	0	0
snapshot_11_23_2015_6_0.json	1448276400.0	0	0	0
snapshot_11_23_2015_6_0.json	1448276400.0	0	0	0
