9202309	2015-11-21T17:00:00Z	Florida Gators	Ben Hill Griffin Stadium	Florida Jacksonville|708	32601
snapshot_11_16_2015_0_0.json	1447650000.0	34.5	400	1074
snapshot_11_17_2015_0_0.json	1447736400.0	34.5	350	1128
snapshot_11_17_2015_12_0.json	1447779600.0	34.5	300	1106
snapshot_11_17_2015_18_0.json	1447801200.0	31.75	300	1054
snapshot_11_17_2015_6_0.json	1447758000.0	34.5	300	1101
snapshot_11_17_2015_6_0.json	1447758000.0	34.5	300	1101
snapshot_11_18_2015_0_0.json	1447822800.0	30.58	250	1115
snapshot_11_18_2015_12_0.json	1447866000.0	30.58	250	1060
snapshot_11_18_2015_18_0.json	1447887600.0	30.58	250	1001
snapshot_11_18_2015_6_0.json	1447844400.0	30.58	250	1062
snapshot_11_18_2015_6_0.json	1447844400.0	30.58	250	1062
snapshot_11_19_2015_0_0.json	1447909200.0	35	250	852
snapshot_11_19_2015_12_0.json	1447952400.0	37.6	250	769
snapshot_11_19_2015_6_0.json	1447930800.0	37.6	250	772
snapshot_11_20_2015_0_0.json	1447995600.0	31.75	250	597
snapshot_11_20_2015_12_0.json	1448038800.0	54	250	573
snapshot_11_21_2015_12_0.json	1448125200.0	47.55	180	555
snapshot_11_21_2015_18_0.json	1448146800.0	0	0	0
snapshot_11_22_2015_0_0.json	1448168400.0	0	0	0
snapshot_11_22_2015_12_0.json	1448211600.0	0	0	0
snapshot_11_22_2015_18_0.json	1448233200.0	0	0	0
snapshot_11_22_2015_6_0.json	1448190000.0	0	0	0
snapshot_11_23_2015_0_0.json	1448254800.0	0	0	0
snapshot_11_23_2015_12_0.json	1448298000.0	0	0	0
snapshot_11_23_2015_18_0.json	1448319600.0	0	0	0
snapshot_11_23_2015_6_0.json	1448276400.0	0	0	0
snapshot_11_27_2015_18_0.json	1448665200.0	0	0	0
snapshot_11_28_2015_0_0.json	1448686800.0	0	0	0
9202309	2015-11-21T17:00:00Z	Florida Gators	Ben Hill Griffin Stadium	Florida Jacksonville|708	32601
snapshot_11_16_2015_0_0.json	1447650000.0	34.5	400	1074
snapshot_11_17_2015_0_0.json	1447736400.0	34.5	350	1128
snapshot_11_17_2015_12_0.json	1447779600.0	34.5	300	1106
snapshot_11_17_2015_18_0.json	1447801200.0	31.75	300	1054
snapshot_11_17_2015_6_0.json	1447758000.0	34.5	300	1101
snapshot_11_17_2015_6_0.json	1447758000.0	34.5	300	1101
snapshot_11_18_2015_0_0.json	1447822800.0	30.58	250	1115
snapshot_11_18_2015_12_0.json	1447866000.0	30.58	250	1060
snapshot_11_18_2015_18_0.json	1447887600.0	30.58	250	1001
snapshot_11_18_2015_6_0.json	1447844400.0	30.58	250	1062
snapshot_11_18_2015_6_0.json	1447844400.0	30.58	250	1062
snapshot_11_19_2015_0_0.json	1447909200.0	35	250	852
snapshot_11_19_2015_12_0.json	1447952400.0	37.6	250	769
snapshot_11_19_2015_6_0.json	1447930800.0	37.6	250	772
snapshot_11_20_2015_0_0.json	1447995600.0	31.75	250	597
snapshot_11_20_2015_12_0.json	1448038800.0	54	250	573
snapshot_11_21_2015_12_0.json	1448125200.0	47.55	180	555
snapshot_11_21_2015_18_0.json	1448146800.0	0	0	0
snapshot_11_22_2015_0_0.json	1448168400.0	0	0	0
snapshot_11_22_2015_12_0.json	1448211600.0	0	0	0
snapshot_11_22_2015_18_0.json	1448233200.0	0	0	0
snapshot_11_22_2015_6_0.json	1448190000.0	0	0	0
snapshot_11_23_2015_0_0.json	1448254800.0	0	0	0
snapshot_11_23_2015_12_0.json	1448298000.0	0	0	0
snapshot_11_23_2015_18_0.json	1448319600.0	0	0	0
snapshot_11_23_2015_6_0.json	1448276400.0	0	0	0
snapshot_11_27_2015_18_0.json	1448665200.0	0	0	0
snapshot_11_28_2015_0_0.json	1448686800.0	0	0	0
9202309	2015-11-21T17:00:00Z	Florida Gators	Ben Hill Griffin Stadium	Florida Jacksonville|708	32601
snapshot_11_16_2015_0_0.json	1447650000.0	34.5	400	1074
snapshot_11_17_2015_0_0.json	1447736400.0	34.5	350	1128
snapshot_11_17_2015_12_0.json	1447779600.0	34.5	300	1106
snapshot_11_17_2015_18_0.json	1447801200.0	31.75	300	1054
snapshot_11_17_2015_6_0.json	1447758000.0	34.5	300	1101
snapshot_11_17_2015_6_0.json	1447758000.0	34.5	300	1101
snapshot_11_18_2015_0_0.json	1447822800.0	30.58	250	1115
snapshot_11_18_2015_12_0.json	1447866000.0	30.58	250	1060
snapshot_11_18_2015_18_0.json	1447887600.0	30.58	250	1001
snapshot_11_18_2015_6_0.json	1447844400.0	30.58	250	1062
snapshot_11_18_2015_6_0.json	1447844400.0	30.58	250	1062
snapshot_11_19_2015_0_0.json	1447909200.0	35	250	852
snapshot_11_19_2015_12_0.json	1447952400.0	37.6	250	769
snapshot_11_19_2015_6_0.json	1447930800.0	37.6	250	772
snapshot_11_20_2015_0_0.json	1447995600.0	31.75	250	597
snapshot_11_20_2015_12_0.json	1448038800.0	54	250	573
snapshot_11_21_2015_12_0.json	1448125200.0	47.55	180	555
snapshot_11_21_2015_18_0.json	1448146800.0	0	0	0
snapshot_11_22_2015_0_0.json	1448168400.0	0	0	0
snapshot_11_22_2015_12_0.json	1448211600.0	0	0	0
snapshot_11_22_2015_18_0.json	1448233200.0	0	0	0
snapshot_11_22_2015_6_0.json	1448190000.0	0	0	0
snapshot_11_23_2015_0_0.json	1448254800.0	0	0	0
snapshot_11_23_2015_12_0.json	1448298000.0	0	0	0
snapshot_11_23_2015_18_0.json	1448319600.0	0	0	0
snapshot_11_23_2015_6_0.json	1448276400.0	0	0	0
snapshot_11_27_2015_18_0.json	1448665200.0	0	0	0
snapshot_11_28_2015_0_0.json	1448686800.0	0	0	0
9202309	2015-11-21T17:00:00Z	Florida Gators	Ben Hill Griffin Stadium	Florida Jacksonville|708	32601
snapshot_11_16_2015_0_0.json	1447650000.0	34.5	400	1074
snapshot_11_17_2015_0_0.json	1447736400.0	34.5	350	1128
snapshot_11_17_2015_12_0.json	1447779600.0	34.5	300	1106
snapshot_11_17_2015_18_0.json	1447801200.0	31.75	300	1054
snapshot_11_17_2015_6_0.json	1447758000.0	34.5	300	1101
snapshot_11_17_2015_6_0.json	1447758000.0	34.5	300	1101
snapshot_11_18_2015_0_0.json	1447822800.0	30.58	250	1115
snapshot_11_18_2015_12_0.json	1447866000.0	30.58	250	1060
snapshot_11_18_2015_18_0.json	1447887600.0	30.58	250	1001
snapshot_11_18_2015_6_0.json	1447844400.0	30.58	250	1062
snapshot_11_18_2015_6_0.json	1447844400.0	30.58	250	1062
snapshot_11_19_2015_0_0.json	1447909200.0	35	250	852
snapshot_11_19_2015_12_0.json	1447952400.0	37.6	250	769
snapshot_11_19_2015_6_0.json	1447930800.0	37.6	250	772
snapshot_11_20_2015_0_0.json	1447995600.0	31.75	250	597
snapshot_11_20_2015_12_0.json	1448038800.0	54	250	573
snapshot_11_21_2015_12_0.json	1448125200.0	47.55	180	555
snapshot_11_21_2015_18_0.json	1448146800.0	0	0	0
snapshot_11_22_2015_0_0.json	1448168400.0	0	0	0
snapshot_11_22_2015_12_0.json	1448211600.0	0	0	0
snapshot_11_22_2015_18_0.json	1448233200.0	0	0	0
snapshot_11_22_2015_6_0.json	1448190000.0	0	0	0
snapshot_11_23_2015_0_0.json	1448254800.0	0	0	0
snapshot_11_23_2015_12_0.json	1448298000.0	0	0	0
snapshot_11_23_2015_18_0.json	1448319600.0	0	0	0
snapshot_11_23_2015_6_0.json	1448276400.0	0	0	0
snapshot_11_27_2015_18_0.json	1448665200.0	0	0	0
snapshot_11_28_2015_0_0.json	1448686800.0	0	0	0
