9202089	2015-11-28T17:00:00Z	Rutgers Scarlet Knights	High Point Solutions Stadium	New York New York Metro|664	08854
snapshot_11_16_2015_0_0.json	1447650000.0	24.73	495	2012
snapshot_11_17_2015_0_0.json	1447736400.0	24.26	495	2004
snapshot_11_17_2015_12_0.json	1447779600.0	24.73	495	1990
snapshot_11_17_2015_18_0.json	1447801200.0	24.72	495	1988
snapshot_11_17_2015_6_0.json	1447758000.0	24.73	495	1990
snapshot_11_17_2015_6_0.json	1447758000.0	24.73	495	1990
snapshot_11_18_2015_0_0.json	1447822800.0	19.88	495	1972
snapshot_11_18_2015_12_0.json	1447866000.0	22.39	495	1952
snapshot_11_18_2015_18_0.json	1447887600.0	24.72	495	1924
snapshot_11_18_2015_18_0.json	1447887600.0	24.72	495	1924
snapshot_11_18_2015_6_0.json	1447844400.0	22.39	495	1957
snapshot_11_19_2015_0_0.json	1447909200.0	25.14	495	1890
snapshot_11_19_2015_12_0.json	1447952400.0	24.72	495	1856
snapshot_11_19_2015_6_0.json	1447930800.0	24.72	495	1870
snapshot_11_20_2015_0_0.json	1447995600.0	24.72	495	1809
snapshot_11_20_2015_12_0.json	1448038800.0	23.97	495	1804
snapshot_11_21_2015_12_0.json	1448125200.0	23.56	495	1723
snapshot_11_21_2015_18_0.json	1448146800.0	23.56	495	1687
snapshot_11_22_2015_0_0.json	1448168400.0	20.05	495	1636
snapshot_11_22_2015_12_0.json	1448211600.0	20.05	495	1623
snapshot_11_22_2015_18_0.json	1448233200.0	22.8	495	1598
snapshot_11_22_2015_6_0.json	1448190000.0	20.05	495	1623
snapshot_11_23_2015_0_0.json	1448254800.0	23.56	495	1541
snapshot_11_23_2015_12_0.json	1448298000.0	25.73	495	1487
snapshot_11_23_2015_18_0.json	1448319600.0	25.9	495	1432
snapshot_11_23_2015_6_0.json	1448276400.0	25.73	495	1495
snapshot_11_24_2015_0_0.json	1448341200.0	25.9	268.75	601
snapshot_11_24_2015_12_0.json	1448384400.0	31.75	268.75	587
snapshot_11_24_2015_18_0.json	1448406000.0	24.56	268.75	736
snapshot_11_25_2015_0_0.json	1448427600.0	25.7	268.75	660
snapshot_11_25_2015_12_0.json	1448470800.0	25.7	268.75	617
snapshot_11_25_2015_18_0.json	1448492400.0	24.73	268.75	586
snapshot_11_25_2015_6_0.json	1448449200.0	25.7	268.75	627
snapshot_11_26_2015_0_0.json	1448514000.0	23.56	268.75	543
snapshot_11_27_2015_18_0.json	1448665200.0	30.58	268.75	210
snapshot_11_28_2015_0_0.json	1448686800.0	37.02	268.75	93
snapshot_11_28_2015_0_0.json	1448686800.0	37.02	268.75	93
snapshot_11_28_2015_12_0.json	1448730000.0	52.81	268.75	57
snapshot_11_28_2015_18_0.json	1448751600.0	0	0	0
snapshot_11_28_2015_6_0.json	1448708400.0	55	268.75	59
snapshot_11_29_2015_12_0.json	1448816400.0	0	0	0
snapshot_11_29_2015_18_0.json	1448838000.0	0	0	0
snapshot_11_29_2015_6_0.json	1448794800.0	0	0	0
snapshot_11_30_2015_0_0.json	1448859600.0	0	0	0
snapshot_11_30_2015_12_0.json	1448902800.0	0	0	0
9202089	2015-11-28T17:00:00Z	Rutgers Scarlet Knights	High Point Solutions Stadium	New York New York Metro|664	08854
snapshot_11_16_2015_0_0.json	1447650000.0	24.73	495	2012
snapshot_11_17_2015_0_0.json	1447736400.0	24.26	495	2004
snapshot_11_17_2015_12_0.json	1447779600.0	24.73	495	1990
snapshot_11_17_2015_18_0.json	1447801200.0	24.72	495	1988
snapshot_11_17_2015_6_0.json	1447758000.0	24.73	495	1990
snapshot_11_17_2015_6_0.json	1447758000.0	24.73	495	1990
snapshot_11_18_2015_0_0.json	1447822800.0	19.88	495	1972
snapshot_11_18_2015_12_0.json	1447866000.0	22.39	495	1952
snapshot_11_18_2015_18_0.json	1447887600.0	24.72	495	1924
snapshot_11_18_2015_18_0.json	1447887600.0	24.72	495	1924
snapshot_11_18_2015_6_0.json	1447844400.0	22.39	495	1957
snapshot_11_19_2015_0_0.json	1447909200.0	25.14	495	1890
snapshot_11_19_2015_12_0.json	1447952400.0	24.72	495	1856
snapshot_11_19_2015_6_0.json	1447930800.0	24.72	495	1870
snapshot_11_20_2015_0_0.json	1447995600.0	24.72	495	1809
snapshot_11_20_2015_12_0.json	1448038800.0	23.97	495	1804
snapshot_11_21_2015_12_0.json	1448125200.0	23.56	495	1723
snapshot_11_21_2015_18_0.json	1448146800.0	23.56	495	1687
snapshot_11_22_2015_0_0.json	1448168400.0	20.05	495	1636
snapshot_11_22_2015_12_0.json	1448211600.0	20.05	495	1623
snapshot_11_22_2015_18_0.json	1448233200.0	22.8	495	1598
snapshot_11_22_2015_6_0.json	1448190000.0	20.05	495	1623
snapshot_11_23_2015_0_0.json	1448254800.0	23.56	495	1541
snapshot_11_23_2015_12_0.json	1448298000.0	25.73	495	1487
snapshot_11_23_2015_18_0.json	1448319600.0	25.9	495	1432
snapshot_11_23_2015_6_0.json	1448276400.0	25.73	495	1495
snapshot_11_24_2015_0_0.json	1448341200.0	25.9	268.75	601
snapshot_11_24_2015_12_0.json	1448384400.0	31.75	268.75	587
snapshot_11_24_2015_18_0.json	1448406000.0	24.56	268.75	736
snapshot_11_25_2015_0_0.json	1448427600.0	25.7	268.75	660
snapshot_11_25_2015_12_0.json	1448470800.0	25.7	268.75	617
snapshot_11_25_2015_18_0.json	1448492400.0	24.73	268.75	586
snapshot_11_25_2015_6_0.json	1448449200.0	25.7	268.75	627
snapshot_11_26_2015_0_0.json	1448514000.0	23.56	268.75	543
snapshot_11_27_2015_18_0.json	1448665200.0	30.58	268.75	210
snapshot_11_28_2015_0_0.json	1448686800.0	37.02	268.75	93
snapshot_11_28_2015_0_0.json	1448686800.0	37.02	268.75	93
snapshot_11_28_2015_12_0.json	1448730000.0	52.81	268.75	57
snapshot_11_28_2015_18_0.json	1448751600.0	0	0	0
snapshot_11_28_2015_6_0.json	1448708400.0	55	268.75	59
snapshot_11_29_2015_12_0.json	1448816400.0	0	0	0
snapshot_11_29_2015_18_0.json	1448838000.0	0	0	0
snapshot_11_29_2015_6_0.json	1448794800.0	0	0	0
snapshot_11_30_2015_0_0.json	1448859600.0	0	0	0
snapshot_11_30_2015_12_0.json	1448902800.0	0	0	0
9202089	2015-11-28T17:00:00Z	Rutgers Scarlet Knights	High Point Solutions Stadium	New York New York Metro|664	08854
snapshot_11_16_2015_0_0.json	1447650000.0	24.73	495	2012
snapshot_11_17_2015_0_0.json	1447736400.0	24.26	495	2004
snapshot_11_17_2015_12_0.json	1447779600.0	24.73	495	1990
snapshot_11_17_2015_18_0.json	1447801200.0	24.72	495	1988
snapshot_11_17_2015_6_0.json	1447758000.0	24.73	495	1990
snapshot_11_17_2015_6_0.json	1447758000.0	24.73	495	1990
snapshot_11_18_2015_0_0.json	1447822800.0	19.88	495	1972
snapshot_11_18_2015_12_0.json	1447866000.0	22.39	495	1952
snapshot_11_18_2015_18_0.json	1447887600.0	24.72	495	1924
snapshot_11_18_2015_18_0.json	1447887600.0	24.72	495	1924
snapshot_11_18_2015_6_0.json	1447844400.0	22.39	495	1957
snapshot_11_19_2015_0_0.json	1447909200.0	25.14	495	1890
snapshot_11_19_2015_12_0.json	1447952400.0	24.72	495	1856
snapshot_11_19_2015_6_0.json	1447930800.0	24.72	495	1870
snapshot_11_20_2015_0_0.json	1447995600.0	24.72	495	1809
snapshot_11_20_2015_12_0.json	1448038800.0	23.97	495	1804
snapshot_11_21_2015_12_0.json	1448125200.0	23.56	495	1723
snapshot_11_21_2015_18_0.json	1448146800.0	23.56	495	1687
snapshot_11_22_2015_0_0.json	1448168400.0	20.05	495	1636
snapshot_11_22_2015_12_0.json	1448211600.0	20.05	495	1623
snapshot_11_22_2015_18_0.json	1448233200.0	22.8	495	1598
snapshot_11_22_2015_6_0.json	1448190000.0	20.05	495	1623
snapshot_11_23_2015_0_0.json	1448254800.0	23.56	495	1541
snapshot_11_23_2015_12_0.json	1448298000.0	25.73	495	1487
snapshot_11_23_2015_18_0.json	1448319600.0	25.9	495	1432
snapshot_11_23_2015_6_0.json	1448276400.0	25.73	495	1495
snapshot_11_24_2015_0_0.json	1448341200.0	25.9	268.75	601
snapshot_11_24_2015_12_0.json	1448384400.0	31.75	268.75	587
snapshot_11_24_2015_18_0.json	1448406000.0	24.56	268.75	736
snapshot_11_25_2015_0_0.json	1448427600.0	25.7	268.75	660
snapshot_11_25_2015_12_0.json	1448470800.0	25.7	268.75	617
snapshot_11_25_2015_18_0.json	1448492400.0	24.73	268.75	586
snapshot_11_25_2015_6_0.json	1448449200.0	25.7	268.75	627
snapshot_11_26_2015_0_0.json	1448514000.0	23.56	268.75	543
snapshot_11_27_2015_18_0.json	1448665200.0	30.58	268.75	210
snapshot_11_28_2015_0_0.json	1448686800.0	37.02	268.75	93
snapshot_11_28_2015_0_0.json	1448686800.0	37.02	268.75	93
snapshot_11_28_2015_12_0.json	1448730000.0	52.81	268.75	57
snapshot_11_28_2015_18_0.json	1448751600.0	0	0	0
snapshot_11_28_2015_6_0.json	1448708400.0	55	268.75	59
snapshot_11_29_2015_12_0.json	1448816400.0	0	0	0
snapshot_11_29_2015_18_0.json	1448838000.0	0	0	0
snapshot_11_29_2015_6_0.json	1448794800.0	0	0	0
snapshot_11_30_2015_0_0.json	1448859600.0	0	0	0
snapshot_11_30_2015_12_0.json	1448902800.0	0	0	0
9202089	2015-11-28T17:00:00Z	Rutgers Scarlet Knights	High Point Solutions Stadium	New York New York Metro|664	08854
snapshot_11_16_2015_0_0.json	1447650000.0	24.73	495	2012
snapshot_11_17_2015_0_0.json	1447736400.0	24.26	495	2004
snapshot_11_17_2015_12_0.json	1447779600.0	24.73	495	1990
snapshot_11_17_2015_18_0.json	1447801200.0	24.72	495	1988
snapshot_11_17_2015_6_0.json	1447758000.0	24.73	495	1990
snapshot_11_17_2015_6_0.json	1447758000.0	24.73	495	1990
snapshot_11_18_2015_0_0.json	1447822800.0	19.88	495	1972
snapshot_11_18_2015_12_0.json	1447866000.0	22.39	495	1952
snapshot_11_18_2015_18_0.json	1447887600.0	24.72	495	1924
snapshot_11_18_2015_18_0.json	1447887600.0	24.72	495	1924
snapshot_11_18_2015_6_0.json	1447844400.0	22.39	495	1957
snapshot_11_19_2015_0_0.json	1447909200.0	25.14	495	1890
snapshot_11_19_2015_12_0.json	1447952400.0	24.72	495	1856
snapshot_11_19_2015_6_0.json	1447930800.0	24.72	495	1870
snapshot_11_20_2015_0_0.json	1447995600.0	24.72	495	1809
snapshot_11_20_2015_12_0.json	1448038800.0	23.97	495	1804
snapshot_11_21_2015_12_0.json	1448125200.0	23.56	495	1723
snapshot_11_21_2015_18_0.json	1448146800.0	23.56	495	1687
snapshot_11_22_2015_0_0.json	1448168400.0	20.05	495	1636
snapshot_11_22_2015_12_0.json	1448211600.0	20.05	495	1623
snapshot_11_22_2015_18_0.json	1448233200.0	22.8	495	1598
snapshot_11_22_2015_6_0.json	1448190000.0	20.05	495	1623
snapshot_11_23_2015_0_0.json	1448254800.0	23.56	495	1541
snapshot_11_23_2015_12_0.json	1448298000.0	25.73	495	1487
snapshot_11_23_2015_18_0.json	1448319600.0	25.9	495	1432
snapshot_11_23_2015_6_0.json	1448276400.0	25.73	495	1495
snapshot_11_24_2015_0_0.json	1448341200.0	25.9	268.75	601
snapshot_11_24_2015_12_0.json	1448384400.0	31.75	268.75	587
snapshot_11_24_2015_18_0.json	1448406000.0	24.56	268.75	736
snapshot_11_25_2015_0_0.json	1448427600.0	25.7	268.75	660
snapshot_11_25_2015_12_0.json	1448470800.0	25.7	268.75	617
snapshot_11_25_2015_18_0.json	1448492400.0	24.73	268.75	586
snapshot_11_25_2015_6_0.json	1448449200.0	25.7	268.75	627
snapshot_11_26_2015_0_0.json	1448514000.0	23.56	268.75	543
snapshot_11_27_2015_18_0.json	1448665200.0	30.58	268.75	210
snapshot_11_28_2015_0_0.json	1448686800.0	37.02	268.75	93
snapshot_11_28_2015_0_0.json	1448686800.0	37.02	268.75	93
snapshot_11_28_2015_12_0.json	1448730000.0	52.81	268.75	57
snapshot_11_28_2015_18_0.json	1448751600.0	0	0	0
snapshot_11_28_2015_6_0.json	1448708400.0	55	268.75	59
snapshot_11_29_2015_12_0.json	1448816400.0	0	0	0
snapshot_11_29_2015_18_0.json	1448838000.0	0	0	0
snapshot_11_29_2015_6_0.json	1448794800.0	0	0	0
snapshot_11_30_2015_0_0.json	1448859600.0	0	0	0
snapshot_11_30_2015_12_0.json	1448902800.0	0	0	0
