9202213	2015-11-28T17:00:00Z	Purdue Boilermakers	Ross Ade Stadium	Indiana Indianapolis|697	47906
snapshot_11_16_2015_0_0.json	1447650000.0	25.9	125	417
snapshot_11_16_2015_0_0.json	1447650000.0	25.9	125	417
snapshot_11_17_2015_0_0.json	1447736400.0	25.9	125	425
snapshot_11_17_2015_12_0.json	1447779600.0	25.89	125	430
snapshot_11_17_2015_12_0.json	1447779600.0	25.89	125	430
snapshot_11_17_2015_18_0.json	1447801200.0	25.89	125	430
snapshot_11_17_2015_6_0.json	1447758000.0	25.89	125	430
snapshot_11_18_2015_0_0.json	1447822800.0	25.89	125	395
snapshot_11_18_2015_12_0.json	1447866000.0	25.89	125	385
snapshot_11_18_2015_18_0.json	1447887600.0	25.88	125	387
snapshot_11_18_2015_6_0.json	1447844400.0	25.89	125	385
snapshot_11_19_2015_0_0.json	1447909200.0	25.88	125	417
snapshot_11_19_2015_0_0.json	1447909200.0	25.88	125	417
snapshot_11_19_2015_12_0.json	1447952400.0	25.61	110	405
snapshot_11_19_2015_6_0.json	1447930800.0	25.61	110	431
snapshot_11_20_2015_0_0.json	1447995600.0	25.67	110	415
snapshot_11_20_2015_12_0.json	1448038800.0	25.67	110	383
snapshot_11_21_2015_12_0.json	1448125200.0	23.56	110	452
snapshot_11_21_2015_18_0.json	1448146800.0	23.56	110	439
snapshot_11_22_2015_0_0.json	1448168400.0	25.67	110	404
snapshot_11_22_2015_12_0.json	1448211600.0	25.72	110	398
snapshot_11_22_2015_18_0.json	1448233200.0	25.67	110	421
snapshot_11_23_2015_0_0.json	1448254800.0	25.67	110	428
snapshot_11_23_2015_0_0.json	1448254800.0	25.67	110	428
snapshot_11_23_2015_12_0.json	1448298000.0	25.67	110	418
snapshot_11_23_2015_18_0.json	1448319600.0	25.67	110	398
snapshot_11_23_2015_6_0.json	1448276400.0	25.67	110	418
snapshot_11_24_2015_0_0.json	1448341200.0	24.73	110	381
snapshot_11_24_2015_12_0.json	1448384400.0	25.9	110	364
snapshot_11_24_2015_12_0.json	1448384400.0	25.9	110	364
snapshot_11_24_2015_18_0.json	1448406000.0	25.9	110	411
snapshot_11_25_2015_0_0.json	1448427600.0	24.73	110	417
snapshot_11_25_2015_12_0.json	1448470800.0	24.73	110	448
snapshot_11_25_2015_18_0.json	1448492400.0	25.61	110	405
snapshot_11_25_2015_6_0.json	1448449200.0	24.73	110	451
snapshot_11_26_2015_0_0.json	1448514000.0	22.39	110	399
snapshot_11_27_2015_18_0.json	1448665200.0	24.73	110	252
snapshot_11_28_2015_0_0.json	1448686800.0	23.55	110	230
snapshot_11_28_2015_12_0.json	1448730000.0	29.41	110	163
snapshot_11_28_2015_18_0.json	1448751600.0	0	0	0
snapshot_11_28_2015_6_0.json	1448708400.0	28.24	110	171
snapshot_11_29_2015_0_0.json	1448773200.0	0	0	0
snapshot_11_29_2015_12_0.json	1448816400.0	0	0	0
snapshot_11_29_2015_18_0.json	1448838000.0	0	0	0
snapshot_11_29_2015_6_0.json	1448794800.0	0	0	0
snapshot_11_30_2015_0_0.json	1448859600.0	0	0	0
snapshot_11_30_2015_12_0.json	1448902800.0	0	0	0
snapshot_11_30_2015_6_0.json	1448881200.0	0	0	0
9202213	2015-11-28T17:00:00Z	Purdue Boilermakers	Ross Ade Stadium	Indiana Indianapolis|697	47906
snapshot_11_16_2015_0_0.json	1447650000.0	25.9	125	417
snapshot_11_16_2015_0_0.json	1447650000.0	25.9	125	417
snapshot_11_17_2015_0_0.json	1447736400.0	25.9	125	425
snapshot_11_17_2015_12_0.json	1447779600.0	25.89	125	430
snapshot_11_17_2015_12_0.json	1447779600.0	25.89	125	430
snapshot_11_17_2015_18_0.json	1447801200.0	25.89	125	430
snapshot_11_17_2015_6_0.json	1447758000.0	25.89	125	430
snapshot_11_18_2015_0_0.json	1447822800.0	25.89	125	395
snapshot_11_18_2015_12_0.json	1447866000.0	25.89	125	385
snapshot_11_18_2015_18_0.json	1447887600.0	25.88	125	387
snapshot_11_18_2015_6_0.json	1447844400.0	25.89	125	385
snapshot_11_19_2015_0_0.json	1447909200.0	25.88	125	417
snapshot_11_19_2015_0_0.json	1447909200.0	25.88	125	417
snapshot_11_19_2015_12_0.json	1447952400.0	25.61	110	405
snapshot_11_19_2015_6_0.json	1447930800.0	25.61	110	431
snapshot_11_20_2015_0_0.json	1447995600.0	25.67	110	415
snapshot_11_20_2015_12_0.json	1448038800.0	25.67	110	383
snapshot_11_21_2015_12_0.json	1448125200.0	23.56	110	452
snapshot_11_21_2015_18_0.json	1448146800.0	23.56	110	439
snapshot_11_22_2015_0_0.json	1448168400.0	25.67	110	404
snapshot_11_22_2015_12_0.json	1448211600.0	25.72	110	398
snapshot_11_22_2015_18_0.json	1448233200.0	25.67	110	421
snapshot_11_23_2015_0_0.json	1448254800.0	25.67	110	428
snapshot_11_23_2015_0_0.json	1448254800.0	25.67	110	428
snapshot_11_23_2015_12_0.json	1448298000.0	25.67	110	418
snapshot_11_23_2015_18_0.json	1448319600.0	25.67	110	398
snapshot_11_23_2015_6_0.json	1448276400.0	25.67	110	418
snapshot_11_24_2015_0_0.json	1448341200.0	24.73	110	381
snapshot_11_24_2015_12_0.json	1448384400.0	25.9	110	364
snapshot_11_24_2015_12_0.json	1448384400.0	25.9	110	364
snapshot_11_24_2015_18_0.json	1448406000.0	25.9	110	411
snapshot_11_25_2015_0_0.json	1448427600.0	24.73	110	417
snapshot_11_25_2015_12_0.json	1448470800.0	24.73	110	448
snapshot_11_25_2015_18_0.json	1448492400.0	25.61	110	405
snapshot_11_25_2015_6_0.json	1448449200.0	24.73	110	451
snapshot_11_26_2015_0_0.json	1448514000.0	22.39	110	399
snapshot_11_27_2015_18_0.json	1448665200.0	24.73	110	252
snapshot_11_28_2015_0_0.json	1448686800.0	23.55	110	230
snapshot_11_28_2015_12_0.json	1448730000.0	29.41	110	163
snapshot_11_28_2015_18_0.json	1448751600.0	0	0	0
snapshot_11_28_2015_6_0.json	1448708400.0	28.24	110	171
snapshot_11_29_2015_0_0.json	1448773200.0	0	0	0
snapshot_11_29_2015_12_0.json	1448816400.0	0	0	0
snapshot_11_29_2015_18_0.json	1448838000.0	0	0	0
snapshot_11_29_2015_6_0.json	1448794800.0	0	0	0
snapshot_11_30_2015_0_0.json	1448859600.0	0	0	0
snapshot_11_30_2015_12_0.json	1448902800.0	0	0	0
snapshot_11_30_2015_6_0.json	1448881200.0	0	0	0
9202213	2015-11-28T17:00:00Z	Purdue Boilermakers	Ross Ade Stadium	Indiana Indianapolis|697	47906
snapshot_11_16_2015_0_0.json	1447650000.0	25.9	125	417
snapshot_11_16_2015_0_0.json	1447650000.0	25.9	125	417
snapshot_11_17_2015_0_0.json	1447736400.0	25.9	125	425
snapshot_11_17_2015_12_0.json	1447779600.0	25.89	125	430
snapshot_11_17_2015_12_0.json	1447779600.0	25.89	125	430
snapshot_11_17_2015_18_0.json	1447801200.0	25.89	125	430
snapshot_11_17_2015_6_0.json	1447758000.0	25.89	125	430
snapshot_11_18_2015_0_0.json	1447822800.0	25.89	125	395
snapshot_11_18_2015_12_0.json	1447866000.0	25.89	125	385
snapshot_11_18_2015_18_0.json	1447887600.0	25.88	125	387
snapshot_11_18_2015_6_0.json	1447844400.0	25.89	125	385
snapshot_11_19_2015_0_0.json	1447909200.0	25.88	125	417
snapshot_11_19_2015_0_0.json	1447909200.0	25.88	125	417
snapshot_11_19_2015_12_0.json	1447952400.0	25.61	110	405
snapshot_11_19_2015_6_0.json	1447930800.0	25.61	110	431
snapshot_11_20_2015_0_0.json	1447995600.0	25.67	110	415
snapshot_11_20_2015_12_0.json	1448038800.0	25.67	110	383
snapshot_11_21_2015_12_0.json	1448125200.0	23.56	110	452
snapshot_11_21_2015_18_0.json	1448146800.0	23.56	110	439
snapshot_11_22_2015_0_0.json	1448168400.0	25.67	110	404
snapshot_11_22_2015_12_0.json	1448211600.0	25.72	110	398
snapshot_11_22_2015_18_0.json	1448233200.0	25.67	110	421
snapshot_11_23_2015_0_0.json	1448254800.0	25.67	110	428
snapshot_11_23_2015_0_0.json	1448254800.0	25.67	110	428
snapshot_11_23_2015_12_0.json	1448298000.0	25.67	110	418
snapshot_11_23_2015_18_0.json	1448319600.0	25.67	110	398
snapshot_11_23_2015_6_0.json	1448276400.0	25.67	110	418
snapshot_11_24_2015_0_0.json	1448341200.0	24.73	110	381
snapshot_11_24_2015_12_0.json	1448384400.0	25.9	110	364
snapshot_11_24_2015_12_0.json	1448384400.0	25.9	110	364
snapshot_11_24_2015_18_0.json	1448406000.0	25.9	110	411
snapshot_11_25_2015_0_0.json	1448427600.0	24.73	110	417
snapshot_11_25_2015_12_0.json	1448470800.0	24.73	110	448
snapshot_11_25_2015_18_0.json	1448492400.0	25.61	110	405
snapshot_11_25_2015_6_0.json	1448449200.0	24.73	110	451
snapshot_11_26_2015_0_0.json	1448514000.0	22.39	110	399
snapshot_11_27_2015_18_0.json	1448665200.0	24.73	110	252
snapshot_11_28_2015_0_0.json	1448686800.0	23.55	110	230
snapshot_11_28_2015_12_0.json	1448730000.0	29.41	110	163
snapshot_11_28_2015_18_0.json	1448751600.0	0	0	0
snapshot_11_28_2015_6_0.json	1448708400.0	28.24	110	171
snapshot_11_29_2015_0_0.json	1448773200.0	0	0	0
snapshot_11_29_2015_12_0.json	1448816400.0	0	0	0
snapshot_11_29_2015_18_0.json	1448838000.0	0	0	0
snapshot_11_29_2015_6_0.json	1448794800.0	0	0	0
snapshot_11_30_2015_0_0.json	1448859600.0	0	0	0
snapshot_11_30_2015_12_0.json	1448902800.0	0	0	0
snapshot_11_30_2015_6_0.json	1448881200.0	0	0	0
9202213	2015-11-28T17:00:00Z	Purdue Boilermakers	Ross Ade Stadium	Indiana Indianapolis|697	47906
snapshot_11_16_2015_0_0.json	1447650000.0	25.9	125	417
snapshot_11_16_2015_0_0.json	1447650000.0	25.9	125	417
snapshot_11_17_2015_0_0.json	1447736400.0	25.9	125	425
snapshot_11_17_2015_12_0.json	1447779600.0	25.89	125	430
snapshot_11_17_2015_12_0.json	1447779600.0	25.89	125	430
snapshot_11_17_2015_18_0.json	1447801200.0	25.89	125	430
snapshot_11_17_2015_6_0.json	1447758000.0	25.89	125	430
snapshot_11_18_2015_0_0.json	1447822800.0	25.89	125	395
snapshot_11_18_2015_12_0.json	1447866000.0	25.89	125	385
snapshot_11_18_2015_18_0.json	1447887600.0	25.88	125	387
snapshot_11_18_2015_6_0.json	1447844400.0	25.89	125	385
snapshot_11_19_2015_0_0.json	1447909200.0	25.88	125	417
snapshot_11_19_2015_0_0.json	1447909200.0	25.88	125	417
snapshot_11_19_2015_12_0.json	1447952400.0	25.61	110	405
snapshot_11_19_2015_6_0.json	1447930800.0	25.61	110	431
snapshot_11_20_2015_0_0.json	1447995600.0	25.67	110	415
snapshot_11_20_2015_12_0.json	1448038800.0	25.67	110	383
snapshot_11_21_2015_12_0.json	1448125200.0	23.56	110	452
snapshot_11_21_2015_18_0.json	1448146800.0	23.56	110	439
snapshot_11_22_2015_0_0.json	1448168400.0	25.67	110	404
snapshot_11_22_2015_12_0.json	1448211600.0	25.72	110	398
snapshot_11_22_2015_18_0.json	1448233200.0	25.67	110	421
snapshot_11_23_2015_0_0.json	1448254800.0	25.67	110	428
snapshot_11_23_2015_0_0.json	1448254800.0	25.67	110	428
snapshot_11_23_2015_12_0.json	1448298000.0	25.67	110	418
snapshot_11_23_2015_18_0.json	1448319600.0	25.67	110	398
snapshot_11_23_2015_6_0.json	1448276400.0	25.67	110	418
snapshot_11_24_2015_0_0.json	1448341200.0	24.73	110	381
snapshot_11_24_2015_12_0.json	1448384400.0	25.9	110	364
snapshot_11_24_2015_12_0.json	1448384400.0	25.9	110	364
snapshot_11_24_2015_18_0.json	1448406000.0	25.9	110	411
snapshot_11_25_2015_0_0.json	1448427600.0	24.73	110	417
snapshot_11_25_2015_12_0.json	1448470800.0	24.73	110	448
snapshot_11_25_2015_18_0.json	1448492400.0	25.61	110	405
snapshot_11_25_2015_6_0.json	1448449200.0	24.73	110	451
snapshot_11_26_2015_0_0.json	1448514000.0	22.39	110	399
snapshot_11_27_2015_18_0.json	1448665200.0	24.73	110	252
snapshot_11_28_2015_0_0.json	1448686800.0	23.55	110	230
snapshot_11_28_2015_12_0.json	1448730000.0	29.41	110	163
snapshot_11_28_2015_18_0.json	1448751600.0	0	0	0
snapshot_11_28_2015_6_0.json	1448708400.0	28.24	110	171
snapshot_11_29_2015_0_0.json	1448773200.0	0	0	0
snapshot_11_29_2015_12_0.json	1448816400.0	0	0	0
snapshot_11_29_2015_18_0.json	1448838000.0	0	0	0
snapshot_11_29_2015_6_0.json	1448794800.0	0	0	0
snapshot_11_30_2015_0_0.json	1448859600.0	0	0	0
snapshot_11_30_2015_12_0.json	1448902800.0	0	0	0
snapshot_11_30_2015_6_0.json	1448881200.0	0	0	0
