9202282	2015-11-28T20:31:00Z	PARKING PASSES ONLY Penn State Nittany Lions at Michigan State Spartans	Spartan Stadium Michigan State Parking Lots	Michigan Detroit|676	48824
snapshot_11_16_2015_0_0.json	1447650000.0	40.35	1000	52
snapshot_11_17_2015_12_0.json	1447779600.0	40.35	1000	54
snapshot_11_17_2015_18_0.json	1447801200.0	40.35	1000	53
snapshot_11_17_2015_6_0.json	1447758000.0	40.35	1000	54
snapshot_11_18_2015_0_0.json	1447822800.0	40.35	1000	54
snapshot_11_18_2015_12_0.json	1447866000.0	40.35	1000	53
snapshot_11_18_2015_18_0.json	1447887600.0	40.35	1000	51
snapshot_11_18_2015_6_0.json	1447844400.0	40.35	1000	53
snapshot_11_19_2015_12_0.json	1447952400.0	40.34	1000	45
snapshot_11_19_2015_6_0.json	1447930800.0	40.34	1000	45
snapshot_11_20_2015_0_0.json	1447995600.0	40.34	1000	46
snapshot_11_20_2015_12_0.json	1448038800.0	40.34	1000	46
snapshot_11_21_2015_12_0.json	1448125200.0	46.2	1000	38
snapshot_11_21_2015_18_0.json	1448146800.0	46.2	1000	36
snapshot_11_22_2015_0_0.json	1448168400.0	57.9	1000	36
snapshot_11_22_2015_12_0.json	1448211600.0	91.83	1000	29
snapshot_11_22_2015_6_0.json	1448190000.0	91.83	1000	29
snapshot_11_23_2015_0_0.json	1448254800.0	91.83	1000	26
snapshot_11_23_2015_12_0.json	1448298000.0	91.83	1000	24
snapshot_11_23_2015_18_0.json	1448319600.0	75.44	1000	30
snapshot_11_23_2015_6_0.json	1448276400.0	91.83	1000	24
snapshot_11_24_2015_0_0.json	1448341200.0	186.6	155	1
snapshot_11_24_2015_12_0.json	1448384400.0	93	200	3
snapshot_11_24_2015_18_0.json	1448406000.0	85.98	150	4
snapshot_11_24_2015_6_0.json	1448362800.0	157.35	200	2
snapshot_11_25_2015_0_0.json	1448427600.0	0	0	0
snapshot_11_25_2015_12_0.json	1448470800.0	0	0	0
snapshot_11_25_2015_18_0.json	1448492400.0	61	50	1
snapshot_11_25_2015_6_0.json	1448449200.0	0	0	0
snapshot_11_26_2015_0_0.json	1448514000.0	0	0	0
snapshot_11_27_2015_18_0.json	1448665200.0	0	0	0
snapshot_11_28_2015_12_0.json	1448730000.0	0	0	0
snapshot_11_28_2015_18_0.json	1448751600.0	0	0	0
snapshot_11_28_2015_6_0.json	1448708400.0	0	0	0
snapshot_11_29_2015_0_0.json	1448773200.0	0	0	0
snapshot_11_29_2015_12_0.json	1448816400.0	0	0	0
snapshot_11_29_2015_18_0.json	1448838000.0	0	0	0
snapshot_11_29_2015_6_0.json	1448794800.0	0	0	0
snapshot_11_30_2015_0_0.json	1448859600.0	0	0	0
snapshot_11_30_2015_12_0.json	1448902800.0	0	0	0
9202282	2015-11-28T20:31:00Z	PARKING PASSES ONLY Penn State Nittany Lions at Michigan State Spartans	Spartan Stadium Michigan State Parking Lots	Michigan Detroit|676	48824
snapshot_11_16_2015_0_0.json	1447650000.0	40.35	1000	52
snapshot_11_17_2015_12_0.json	1447779600.0	40.35	1000	54
snapshot_11_17_2015_18_0.json	1447801200.0	40.35	1000	53
snapshot_11_17_2015_6_0.json	1447758000.0	40.35	1000	54
snapshot_11_18_2015_0_0.json	1447822800.0	40.35	1000	54
snapshot_11_18_2015_12_0.json	1447866000.0	40.35	1000	53
snapshot_11_18_2015_18_0.json	1447887600.0	40.35	1000	51
snapshot_11_18_2015_6_0.json	1447844400.0	40.35	1000	53
snapshot_11_19_2015_12_0.json	1447952400.0	40.34	1000	45
snapshot_11_19_2015_6_0.json	1447930800.0	40.34	1000	45
snapshot_11_20_2015_0_0.json	1447995600.0	40.34	1000	46
snapshot_11_20_2015_12_0.json	1448038800.0	40.34	1000	46
snapshot_11_21_2015_12_0.json	1448125200.0	46.2	1000	38
snapshot_11_21_2015_18_0.json	1448146800.0	46.2	1000	36
snapshot_11_22_2015_0_0.json	1448168400.0	57.9	1000	36
snapshot_11_22_2015_12_0.json	1448211600.0	91.83	1000	29
snapshot_11_22_2015_6_0.json	1448190000.0	91.83	1000	29
snapshot_11_23_2015_0_0.json	1448254800.0	91.83	1000	26
snapshot_11_23_2015_12_0.json	1448298000.0	91.83	1000	24
snapshot_11_23_2015_18_0.json	1448319600.0	75.44	1000	30
snapshot_11_23_2015_6_0.json	1448276400.0	91.83	1000	24
snapshot_11_24_2015_0_0.json	1448341200.0	186.6	155	1
snapshot_11_24_2015_12_0.json	1448384400.0	93	200	3
snapshot_11_24_2015_18_0.json	1448406000.0	85.98	150	4
snapshot_11_24_2015_6_0.json	1448362800.0	157.35	200	2
snapshot_11_25_2015_0_0.json	1448427600.0	0	0	0
snapshot_11_25_2015_12_0.json	1448470800.0	0	0	0
snapshot_11_25_2015_18_0.json	1448492400.0	61	50	1
snapshot_11_25_2015_6_0.json	1448449200.0	0	0	0
snapshot_11_26_2015_0_0.json	1448514000.0	0	0	0
snapshot_11_27_2015_18_0.json	1448665200.0	0	0	0
snapshot_11_28_2015_12_0.json	1448730000.0	0	0	0
snapshot_11_28_2015_18_0.json	1448751600.0	0	0	0
snapshot_11_28_2015_6_0.json	1448708400.0	0	0	0
snapshot_11_29_2015_0_0.json	1448773200.0	0	0	0
snapshot_11_29_2015_12_0.json	1448816400.0	0	0	0
snapshot_11_29_2015_18_0.json	1448838000.0	0	0	0
snapshot_11_29_2015_6_0.json	1448794800.0	0	0	0
snapshot_11_30_2015_0_0.json	1448859600.0	0	0	0
snapshot_11_30_2015_12_0.json	1448902800.0	0	0	0
9202282	2015-11-28T20:31:00Z	PARKING PASSES ONLY Penn State Nittany Lions at Michigan State Spartans	Spartan Stadium Michigan State Parking Lots	Michigan Detroit|676	48824
snapshot_11_16_2015_0_0.json	1447650000.0	40.35	1000	52
snapshot_11_17_2015_12_0.json	1447779600.0	40.35	1000	54
snapshot_11_17_2015_18_0.json	1447801200.0	40.35	1000	53
snapshot_11_17_2015_6_0.json	1447758000.0	40.35	1000	54
snapshot_11_18_2015_0_0.json	1447822800.0	40.35	1000	54
snapshot_11_18_2015_12_0.json	1447866000.0	40.35	1000	53
snapshot_11_18_2015_18_0.json	1447887600.0	40.35	1000	51
snapshot_11_18_2015_6_0.json	1447844400.0	40.35	1000	53
snapshot_11_19_2015_12_0.json	1447952400.0	40.34	1000	45
snapshot_11_19_2015_6_0.json	1447930800.0	40.34	1000	45
snapshot_11_20_2015_0_0.json	1447995600.0	40.34	1000	46
snapshot_11_20_2015_12_0.json	1448038800.0	40.34	1000	46
snapshot_11_21_2015_12_0.json	1448125200.0	46.2	1000	38
snapshot_11_21_2015_18_0.json	1448146800.0	46.2	1000	36
snapshot_11_22_2015_0_0.json	1448168400.0	57.9	1000	36
snapshot_11_22_2015_12_0.json	1448211600.0	91.83	1000	29
snapshot_11_22_2015_6_0.json	1448190000.0	91.83	1000	29
snapshot_11_23_2015_0_0.json	1448254800.0	91.83	1000	26
snapshot_11_23_2015_12_0.json	1448298000.0	91.83	1000	24
snapshot_11_23_2015_18_0.json	1448319600.0	75.44	1000	30
snapshot_11_23_2015_6_0.json	1448276400.0	91.83	1000	24
snapshot_11_24_2015_0_0.json	1448341200.0	186.6	155	1
snapshot_11_24_2015_12_0.json	1448384400.0	93	200	3
snapshot_11_24_2015_18_0.json	1448406000.0	85.98	150	4
snapshot_11_24_2015_6_0.json	1448362800.0	157.35	200	2
snapshot_11_25_2015_0_0.json	1448427600.0	0	0	0
snapshot_11_25_2015_12_0.json	1448470800.0	0	0	0
snapshot_11_25_2015_18_0.json	1448492400.0	61	50	1
snapshot_11_25_2015_6_0.json	1448449200.0	0	0	0
snapshot_11_26_2015_0_0.json	1448514000.0	0	0	0
snapshot_11_27_2015_18_0.json	1448665200.0	0	0	0
snapshot_11_28_2015_12_0.json	1448730000.0	0	0	0
snapshot_11_28_2015_18_0.json	1448751600.0	0	0	0
snapshot_11_28_2015_6_0.json	1448708400.0	0	0	0
snapshot_11_29_2015_0_0.json	1448773200.0	0	0	0
snapshot_11_29_2015_12_0.json	1448816400.0	0	0	0
snapshot_11_29_2015_18_0.json	1448838000.0	0	0	0
snapshot_11_29_2015_6_0.json	1448794800.0	0	0	0
snapshot_11_30_2015_0_0.json	1448859600.0	0	0	0
snapshot_11_30_2015_12_0.json	1448902800.0	0	0	0
9202282	2015-11-28T20:31:00Z	PARKING PASSES ONLY Penn State Nittany Lions at Michigan State Spartans	Spartan Stadium Michigan State Parking Lots	Michigan Detroit|676	48824
snapshot_11_16_2015_0_0.json	1447650000.0	40.35	1000	52
snapshot_11_17_2015_12_0.json	1447779600.0	40.35	1000	54
snapshot_11_17_2015_18_0.json	1447801200.0	40.35	1000	53
snapshot_11_17_2015_6_0.json	1447758000.0	40.35	1000	54
snapshot_11_18_2015_0_0.json	1447822800.0	40.35	1000	54
snapshot_11_18_2015_12_0.json	1447866000.0	40.35	1000	53
snapshot_11_18_2015_18_0.json	1447887600.0	40.35	1000	51
snapshot_11_18_2015_6_0.json	1447844400.0	40.35	1000	53
snapshot_11_19_2015_12_0.json	1447952400.0	40.34	1000	45
snapshot_11_19_2015_6_0.json	1447930800.0	40.34	1000	45
snapshot_11_20_2015_0_0.json	1447995600.0	40.34	1000	46
snapshot_11_20_2015_12_0.json	1448038800.0	40.34	1000	46
snapshot_11_21_2015_12_0.json	1448125200.0	46.2	1000	38
snapshot_11_21_2015_18_0.json	1448146800.0	46.2	1000	36
snapshot_11_22_2015_0_0.json	1448168400.0	57.9	1000	36
snapshot_11_22_2015_12_0.json	1448211600.0	91.83	1000	29
snapshot_11_22_2015_6_0.json	1448190000.0	91.83	1000	29
snapshot_11_23_2015_0_0.json	1448254800.0	91.83	1000	26
snapshot_11_23_2015_12_0.json	1448298000.0	91.83	1000	24
snapshot_11_23_2015_18_0.json	1448319600.0	75.44	1000	30
snapshot_11_23_2015_6_0.json	1448276400.0	91.83	1000	24
snapshot_11_24_2015_0_0.json	1448341200.0	186.6	155	1
snapshot_11_24_2015_12_0.json	1448384400.0	93	200	3
snapshot_11_24_2015_18_0.json	1448406000.0	85.98	150	4
snapshot_11_24_2015_6_0.json	1448362800.0	157.35	200	2
snapshot_11_25_2015_0_0.json	1448427600.0	0	0	0
snapshot_11_25_2015_12_0.json	1448470800.0	0	0	0
snapshot_11_25_2015_18_0.json	1448492400.0	61	50	1
snapshot_11_25_2015_6_0.json	1448449200.0	0	0	0
snapshot_11_26_2015_0_0.json	1448514000.0	0	0	0
snapshot_11_27_2015_18_0.json	1448665200.0	0	0	0
snapshot_11_28_2015_12_0.json	1448730000.0	0	0	0
snapshot_11_28_2015_18_0.json	1448751600.0	0	0	0
snapshot_11_28_2015_6_0.json	1448708400.0	0	0	0
snapshot_11_29_2015_0_0.json	1448773200.0	0	0	0
snapshot_11_29_2015_12_0.json	1448816400.0	0	0	0
snapshot_11_29_2015_18_0.json	1448838000.0	0	0	0
snapshot_11_29_2015_6_0.json	1448794800.0	0	0	0
snapshot_11_30_2015_0_0.json	1448859600.0	0	0	0
snapshot_11_30_2015_12_0.json	1448902800.0	0	0	0
