9202122	2015-12-17T01:30:00Z	Amy Grant	Ryman Auditorium	Tennessee Nashville|700	37219
snapshot_11_16_2015_0_0.json	1447650000.0	87.15	336	155
snapshot_11_17_2015_0_0.json	1447736400.0	87.15	336	151
snapshot_11_17_2015_12_0.json	1447779600.0	87.15	249	145
snapshot_11_17_2015_6_0.json	1447758000.0	87.15	336	147
snapshot_11_17_2015_6_0.json	1447758000.0	87.15	336	147
snapshot_11_18_2015_0_0.json	1447822800.0	87.15	249	145
snapshot_11_18_2015_12_0.json	1447866000.0	87.15	249	145
snapshot_11_18_2015_18_0.json	1447887600.0	87.15	249	141
snapshot_11_18_2015_6_0.json	1447844400.0	87.15	249	145
snapshot_11_19_2015_0_0.json	1447909200.0	87.15	249	141
snapshot_11_19_2015_12_0.json	1447952400.0	87.15	249	139
snapshot_11_19_2015_6_0.json	1447930800.0	87.15	249	139
snapshot_11_20_2015_0_0.json	1447995600.0	96.78	249	131
snapshot_11_20_2015_12_0.json	1448038800.0	113.65	249	129
snapshot_11_21_2015_12_0.json	1448125200.0	113.65	249	137
snapshot_11_21_2015_18_0.json	1448146800.0	113.65	249	135
snapshot_11_22_2015_0_0.json	1448168400.0	113.65	249	135
snapshot_11_22_2015_12_0.json	1448211600.0	113.65	249	135
snapshot_11_22_2015_6_0.json	1448190000.0	113.65	249	135
snapshot_11_23_2015_0_0.json	1448254800.0	113.65	249	135
snapshot_11_23_2015_12_0.json	1448298000.0	113.65	249	135
snapshot_11_23_2015_18_0.json	1448319600.0	113.65	299	133
snapshot_11_23_2015_6_0.json	1448276400.0	113.65	249	135
snapshot_11_24_2015_0_0.json	1448341200.0	113.65	299	131
snapshot_11_24_2015_12_0.json	1448384400.0	113.65	299	127
snapshot_11_24_2015_18_0.json	1448406000.0	113.65	299	127
snapshot_11_24_2015_6_0.json	1448362800.0	113.65	299	127
snapshot_11_25_2015_0_0.json	1448427600.0	113.65	299	125
snapshot_11_25_2015_12_0.json	1448470800.0	113.65	299	121
snapshot_11_25_2015_18_0.json	1448492400.0	113.65	299	121
snapshot_11_25_2015_6_0.json	1448449200.0	113.65	299	121
snapshot_11_26_2015_0_0.json	1448514000.0	116.01	299	119
snapshot_11_27_2015_18_0.json	1448665200.0	116.01	299	119
snapshot_11_28_2015_0_0.json	1448686800.0	116.01	299	115
snapshot_11_28_2015_12_0.json	1448730000.0	116.01	299	115
snapshot_11_28_2015_6_0.json	1448708400.0	116.01	299	115
snapshot_11_29_2015_0_0.json	1448773200.0	116.01	299	113
snapshot_11_29_2015_0_0.json	1448773200.0	116.01	299	113
snapshot_11_29_2015_12_0.json	1448816400.0	116.01	299	113
snapshot_11_29_2015_18_0.json	1448838000.0	116.01	299	110
snapshot_11_29_2015_6_0.json	1448794800.0	116.01	299	113
snapshot_11_29_2015_6_0.json	1448794800.0	116.01	299	113
snapshot_11_30_2015_0_0.json	1448859600.0	116.01	299	108
snapshot_11_30_2015_0_0.json	1448859600.0	116.01	299	108
snapshot_11_30_2015_12_0.json	1448902800.0	116.01	299	108
snapshot_11_30_2015_18_0.json	1448924400.0	116.01	299	108
snapshot_11_30_2015_6_0.json	1448881200.0	116.01	299	108
snapshot_12_1_2015_0_0.json	1448946000.0	116.01	299	108
snapshot_12_1_2015_12_0.json	1448989200.0	116.01	299	105
snapshot_12_1_2015_18_0.json	1449010800.0	116.01	299	99
snapshot_12_1_2015_6_0.json	1448967600.0	116.01	299	105
snapshot_12_2_2015_0_0.json	1449032400.0	98.85	299	94
snapshot_12_2_2015_12_0.json	1449075600.0	98.85	299	90
snapshot_12_2_2015_18_0.json	1449097200.0	98.85	299	88
snapshot_12_3_2015_12_0.json	1449162000.0	98.85	299	86
snapshot_12_3_2015_18_0.json	1449183600.0	116.01	299	96
snapshot_12_3_2015_6_0.json	1449140400.0	98.85	299	86
snapshot_12_4_2015_12_0.json	1449248400.0	116.01	299	86
snapshot_12_4_2015_18_0.json	1449270000.0	116.01	184.8	80
snapshot_12_4_2015_6_0.json	1449226800.0	116.01	299	86
snapshot_12_5_2015_0_0.json	1449291600.0	116.01	184.8	65
snapshot_12_5_2015_12_0.json	1449334800.0	116.01	184.8	63
snapshot_12_5_2015_18_0.json	1449356400.0	116.01	184.8	61
snapshot_12_5_2015_6_0.json	1449313200.0	116.01	184.8	63
snapshot_12_5_2015_6_0.json	1449313200.0	116.01	184.8	63
9202122	2015-12-17T01:30:00Z	Amy Grant	Ryman Auditorium	Tennessee Nashville|700	37219
snapshot_11_16_2015_0_0.json	1447650000.0	87.15	336	155
snapshot_11_17_2015_0_0.json	1447736400.0	87.15	336	151
snapshot_11_17_2015_12_0.json	1447779600.0	87.15	249	145
snapshot_11_17_2015_6_0.json	1447758000.0	87.15	336	147
snapshot_11_17_2015_6_0.json	1447758000.0	87.15	336	147
snapshot_11_18_2015_0_0.json	1447822800.0	87.15	249	145
snapshot_11_18_2015_12_0.json	1447866000.0	87.15	249	145
snapshot_11_18_2015_18_0.json	1447887600.0	87.15	249	141
snapshot_11_18_2015_6_0.json	1447844400.0	87.15	249	145
snapshot_11_19_2015_0_0.json	1447909200.0	87.15	249	141
snapshot_11_19_2015_12_0.json	1447952400.0	87.15	249	139
snapshot_11_19_2015_6_0.json	1447930800.0	87.15	249	139
snapshot_11_20_2015_0_0.json	1447995600.0	96.78	249	131
snapshot_11_20_2015_12_0.json	1448038800.0	113.65	249	129
snapshot_11_21_2015_12_0.json	1448125200.0	113.65	249	137
snapshot_11_21_2015_18_0.json	1448146800.0	113.65	249	135
snapshot_11_22_2015_0_0.json	1448168400.0	113.65	249	135
snapshot_11_22_2015_12_0.json	1448211600.0	113.65	249	135
snapshot_11_22_2015_6_0.json	1448190000.0	113.65	249	135
snapshot_11_23_2015_0_0.json	1448254800.0	113.65	249	135
snapshot_11_23_2015_12_0.json	1448298000.0	113.65	249	135
snapshot_11_23_2015_18_0.json	1448319600.0	113.65	299	133
snapshot_11_23_2015_6_0.json	1448276400.0	113.65	249	135
snapshot_11_24_2015_0_0.json	1448341200.0	113.65	299	131
snapshot_11_24_2015_12_0.json	1448384400.0	113.65	299	127
snapshot_11_24_2015_18_0.json	1448406000.0	113.65	299	127
snapshot_11_24_2015_6_0.json	1448362800.0	113.65	299	127
snapshot_11_25_2015_0_0.json	1448427600.0	113.65	299	125
snapshot_11_25_2015_12_0.json	1448470800.0	113.65	299	121
snapshot_11_25_2015_18_0.json	1448492400.0	113.65	299	121
snapshot_11_25_2015_6_0.json	1448449200.0	113.65	299	121
snapshot_11_26_2015_0_0.json	1448514000.0	116.01	299	119
snapshot_11_27_2015_18_0.json	1448665200.0	116.01	299	119
snapshot_11_28_2015_0_0.json	1448686800.0	116.01	299	115
snapshot_11_28_2015_12_0.json	1448730000.0	116.01	299	115
snapshot_11_28_2015_6_0.json	1448708400.0	116.01	299	115
snapshot_11_29_2015_0_0.json	1448773200.0	116.01	299	113
snapshot_11_29_2015_0_0.json	1448773200.0	116.01	299	113
snapshot_11_29_2015_12_0.json	1448816400.0	116.01	299	113
snapshot_11_29_2015_18_0.json	1448838000.0	116.01	299	110
snapshot_11_29_2015_6_0.json	1448794800.0	116.01	299	113
snapshot_11_29_2015_6_0.json	1448794800.0	116.01	299	113
snapshot_11_30_2015_0_0.json	1448859600.0	116.01	299	108
snapshot_11_30_2015_0_0.json	1448859600.0	116.01	299	108
snapshot_11_30_2015_12_0.json	1448902800.0	116.01	299	108
snapshot_11_30_2015_18_0.json	1448924400.0	116.01	299	108
snapshot_11_30_2015_6_0.json	1448881200.0	116.01	299	108
snapshot_12_1_2015_0_0.json	1448946000.0	116.01	299	108
snapshot_12_1_2015_12_0.json	1448989200.0	116.01	299	105
snapshot_12_1_2015_18_0.json	1449010800.0	116.01	299	99
snapshot_12_1_2015_6_0.json	1448967600.0	116.01	299	105
snapshot_12_2_2015_0_0.json	1449032400.0	98.85	299	94
snapshot_12_2_2015_12_0.json	1449075600.0	98.85	299	90
snapshot_12_2_2015_18_0.json	1449097200.0	98.85	299	88
snapshot_12_3_2015_12_0.json	1449162000.0	98.85	299	86
snapshot_12_3_2015_18_0.json	1449183600.0	116.01	299	96
snapshot_12_3_2015_6_0.json	1449140400.0	98.85	299	86
snapshot_12_4_2015_12_0.json	1449248400.0	116.01	299	86
snapshot_12_4_2015_18_0.json	1449270000.0	116.01	184.8	80
snapshot_12_4_2015_6_0.json	1449226800.0	116.01	299	86
snapshot_12_5_2015_0_0.json	1449291600.0	116.01	184.8	65
snapshot_12_5_2015_12_0.json	1449334800.0	116.01	184.8	63
snapshot_12_5_2015_18_0.json	1449356400.0	116.01	184.8	61
snapshot_12_5_2015_6_0.json	1449313200.0	116.01	184.8	63
snapshot_12_5_2015_6_0.json	1449313200.0	116.01	184.8	63
9202122	2015-12-17T01:30:00Z	Amy Grant	Ryman Auditorium	Tennessee Nashville|700	37219
snapshot_11_16_2015_0_0.json	1447650000.0	87.15	336	155
snapshot_11_17_2015_0_0.json	1447736400.0	87.15	336	151
snapshot_11_17_2015_12_0.json	1447779600.0	87.15	249	145
snapshot_11_17_2015_6_0.json	1447758000.0	87.15	336	147
snapshot_11_17_2015_6_0.json	1447758000.0	87.15	336	147
snapshot_11_18_2015_0_0.json	1447822800.0	87.15	249	145
snapshot_11_18_2015_12_0.json	1447866000.0	87.15	249	145
snapshot_11_18_2015_18_0.json	1447887600.0	87.15	249	141
snapshot_11_18_2015_6_0.json	1447844400.0	87.15	249	145
snapshot_11_19_2015_0_0.json	1447909200.0	87.15	249	141
snapshot_11_19_2015_12_0.json	1447952400.0	87.15	249	139
snapshot_11_19_2015_6_0.json	1447930800.0	87.15	249	139
snapshot_11_20_2015_0_0.json	1447995600.0	96.78	249	131
snapshot_11_20_2015_12_0.json	1448038800.0	113.65	249	129
snapshot_11_21_2015_12_0.json	1448125200.0	113.65	249	137
snapshot_11_21_2015_18_0.json	1448146800.0	113.65	249	135
snapshot_11_22_2015_0_0.json	1448168400.0	113.65	249	135
snapshot_11_22_2015_12_0.json	1448211600.0	113.65	249	135
snapshot_11_22_2015_6_0.json	1448190000.0	113.65	249	135
snapshot_11_23_2015_0_0.json	1448254800.0	113.65	249	135
snapshot_11_23_2015_12_0.json	1448298000.0	113.65	249	135
snapshot_11_23_2015_18_0.json	1448319600.0	113.65	299	133
snapshot_11_23_2015_6_0.json	1448276400.0	113.65	249	135
snapshot_11_24_2015_0_0.json	1448341200.0	113.65	299	131
snapshot_11_24_2015_12_0.json	1448384400.0	113.65	299	127
snapshot_11_24_2015_18_0.json	1448406000.0	113.65	299	127
snapshot_11_24_2015_6_0.json	1448362800.0	113.65	299	127
snapshot_11_25_2015_0_0.json	1448427600.0	113.65	299	125
snapshot_11_25_2015_12_0.json	1448470800.0	113.65	299	121
snapshot_11_25_2015_18_0.json	1448492400.0	113.65	299	121
snapshot_11_25_2015_6_0.json	1448449200.0	113.65	299	121
snapshot_11_26_2015_0_0.json	1448514000.0	116.01	299	119
snapshot_11_27_2015_18_0.json	1448665200.0	116.01	299	119
snapshot_11_28_2015_0_0.json	1448686800.0	116.01	299	115
snapshot_11_28_2015_12_0.json	1448730000.0	116.01	299	115
snapshot_11_28_2015_6_0.json	1448708400.0	116.01	299	115
snapshot_11_29_2015_0_0.json	1448773200.0	116.01	299	113
snapshot_11_29_2015_0_0.json	1448773200.0	116.01	299	113
snapshot_11_29_2015_12_0.json	1448816400.0	116.01	299	113
snapshot_11_29_2015_18_0.json	1448838000.0	116.01	299	110
snapshot_11_29_2015_6_0.json	1448794800.0	116.01	299	113
snapshot_11_29_2015_6_0.json	1448794800.0	116.01	299	113
snapshot_11_30_2015_0_0.json	1448859600.0	116.01	299	108
snapshot_11_30_2015_0_0.json	1448859600.0	116.01	299	108
snapshot_11_30_2015_12_0.json	1448902800.0	116.01	299	108
snapshot_11_30_2015_18_0.json	1448924400.0	116.01	299	108
snapshot_11_30_2015_6_0.json	1448881200.0	116.01	299	108
snapshot_12_1_2015_0_0.json	1448946000.0	116.01	299	108
snapshot_12_1_2015_12_0.json	1448989200.0	116.01	299	105
snapshot_12_1_2015_18_0.json	1449010800.0	116.01	299	99
snapshot_12_1_2015_6_0.json	1448967600.0	116.01	299	105
snapshot_12_2_2015_0_0.json	1449032400.0	98.85	299	94
snapshot_12_2_2015_12_0.json	1449075600.0	98.85	299	90
snapshot_12_2_2015_18_0.json	1449097200.0	98.85	299	88
snapshot_12_3_2015_12_0.json	1449162000.0	98.85	299	86
snapshot_12_3_2015_18_0.json	1449183600.0	116.01	299	96
snapshot_12_3_2015_6_0.json	1449140400.0	98.85	299	86
snapshot_12_4_2015_12_0.json	1449248400.0	116.01	299	86
snapshot_12_4_2015_18_0.json	1449270000.0	116.01	184.8	80
snapshot_12_4_2015_6_0.json	1449226800.0	116.01	299	86
snapshot_12_5_2015_0_0.json	1449291600.0	116.01	184.8	65
snapshot_12_5_2015_12_0.json	1449334800.0	116.01	184.8	63
snapshot_12_5_2015_18_0.json	1449356400.0	116.01	184.8	61
snapshot_12_5_2015_6_0.json	1449313200.0	116.01	184.8	63
snapshot_12_5_2015_6_0.json	1449313200.0	116.01	184.8	63
9202122	2015-12-17T01:30:00Z	Amy Grant	Ryman Auditorium	Tennessee Nashville|700	37219
snapshot_11_16_2015_0_0.json	1447650000.0	87.15	336	155
snapshot_11_17_2015_0_0.json	1447736400.0	87.15	336	151
snapshot_11_17_2015_12_0.json	1447779600.0	87.15	249	145
snapshot_11_17_2015_6_0.json	1447758000.0	87.15	336	147
snapshot_11_17_2015_6_0.json	1447758000.0	87.15	336	147
snapshot_11_18_2015_0_0.json	1447822800.0	87.15	249	145
snapshot_11_18_2015_12_0.json	1447866000.0	87.15	249	145
snapshot_11_18_2015_18_0.json	1447887600.0	87.15	249	141
snapshot_11_18_2015_6_0.json	1447844400.0	87.15	249	145
snapshot_11_19_2015_0_0.json	1447909200.0	87.15	249	141
snapshot_11_19_2015_12_0.json	1447952400.0	87.15	249	139
snapshot_11_19_2015_6_0.json	1447930800.0	87.15	249	139
snapshot_11_20_2015_0_0.json	1447995600.0	96.78	249	131
snapshot_11_20_2015_12_0.json	1448038800.0	113.65	249	129
snapshot_11_21_2015_12_0.json	1448125200.0	113.65	249	137
snapshot_11_21_2015_18_0.json	1448146800.0	113.65	249	135
snapshot_11_22_2015_0_0.json	1448168400.0	113.65	249	135
snapshot_11_22_2015_12_0.json	1448211600.0	113.65	249	135
snapshot_11_22_2015_6_0.json	1448190000.0	113.65	249	135
snapshot_11_23_2015_0_0.json	1448254800.0	113.65	249	135
snapshot_11_23_2015_12_0.json	1448298000.0	113.65	249	135
snapshot_11_23_2015_18_0.json	1448319600.0	113.65	299	133
snapshot_11_23_2015_6_0.json	1448276400.0	113.65	249	135
snapshot_11_24_2015_0_0.json	1448341200.0	113.65	299	131
snapshot_11_24_2015_12_0.json	1448384400.0	113.65	299	127
snapshot_11_24_2015_18_0.json	1448406000.0	113.65	299	127
snapshot_11_24_2015_6_0.json	1448362800.0	113.65	299	127
snapshot_11_25_2015_0_0.json	1448427600.0	113.65	299	125
snapshot_11_25_2015_12_0.json	1448470800.0	113.65	299	121
snapshot_11_25_2015_18_0.json	1448492400.0	113.65	299	121
snapshot_11_25_2015_6_0.json	1448449200.0	113.65	299	121
snapshot_11_26_2015_0_0.json	1448514000.0	116.01	299	119
snapshot_11_27_2015_18_0.json	1448665200.0	116.01	299	119
snapshot_11_28_2015_0_0.json	1448686800.0	116.01	299	115
snapshot_11_28_2015_12_0.json	1448730000.0	116.01	299	115
snapshot_11_28_2015_6_0.json	1448708400.0	116.01	299	115
snapshot_11_29_2015_0_0.json	1448773200.0	116.01	299	113
snapshot_11_29_2015_0_0.json	1448773200.0	116.01	299	113
snapshot_11_29_2015_12_0.json	1448816400.0	116.01	299	113
snapshot_11_29_2015_18_0.json	1448838000.0	116.01	299	110
snapshot_11_29_2015_6_0.json	1448794800.0	116.01	299	113
snapshot_11_29_2015_6_0.json	1448794800.0	116.01	299	113
snapshot_11_30_2015_0_0.json	1448859600.0	116.01	299	108
snapshot_11_30_2015_0_0.json	1448859600.0	116.01	299	108
snapshot_11_30_2015_12_0.json	1448902800.0	116.01	299	108
snapshot_11_30_2015_18_0.json	1448924400.0	116.01	299	108
snapshot_11_30_2015_6_0.json	1448881200.0	116.01	299	108
snapshot_12_1_2015_0_0.json	1448946000.0	116.01	299	108
snapshot_12_1_2015_12_0.json	1448989200.0	116.01	299	105
snapshot_12_1_2015_18_0.json	1449010800.0	116.01	299	99
snapshot_12_1_2015_6_0.json	1448967600.0	116.01	299	105
snapshot_12_2_2015_0_0.json	1449032400.0	98.85	299	94
snapshot_12_2_2015_12_0.json	1449075600.0	98.85	299	90
snapshot_12_2_2015_18_0.json	1449097200.0	98.85	299	88
snapshot_12_3_2015_12_0.json	1449162000.0	98.85	299	86
snapshot_12_3_2015_18_0.json	1449183600.0	116.01	299	96
snapshot_12_3_2015_6_0.json	1449140400.0	98.85	299	86
snapshot_12_4_2015_12_0.json	1449248400.0	116.01	299	86
snapshot_12_4_2015_18_0.json	1449270000.0	116.01	184.8	80
snapshot_12_4_2015_6_0.json	1449226800.0	116.01	299	86
snapshot_12_5_2015_0_0.json	1449291600.0	116.01	184.8	65
snapshot_12_5_2015_12_0.json	1449334800.0	116.01	184.8	63
snapshot_12_5_2015_18_0.json	1449356400.0	116.01	184.8	61
snapshot_12_5_2015_6_0.json	1449313200.0	116.01	184.8	63
snapshot_12_5_2015_6_0.json	1449313200.0	116.01	184.8	63
