9202359	2015-11-27T20:31:00Z	PARKING PASSES ONLY Iowa Hawkeyes at Nebraska Cornhuskers	Memorial Stadium Nebraska Parking Lots	Nebraska Lincoln|5530	68588
snapshot_11_17_2015_0_0.json	1447736400.0	34.5	124.99	3
snapshot_11_17_2015_18_0.json	1447801200.0	138.63	124.99	2
snapshot_11_17_2015_18_0.json	1447801200.0	138.63	124.99	2
snapshot_11_17_2015_6_0.json	1447758000.0	34.5	124.99	3
snapshot_11_18_2015_0_0.json	1447822800.0	138.63	124.99	2
snapshot_11_18_2015_12_0.json	1447866000.0	151.49	124.99	1
snapshot_11_18_2015_12_0.json	1447866000.0	151.49	124.99	1
snapshot_11_18_2015_18_0.json	1447887600.0	151.49	124.99	1
snapshot_11_18_2015_6_0.json	1447844400.0	151.49	124.99	1
snapshot_11_19_2015_0_0.json	1447909200.0	122.25	200	3
snapshot_11_19_2015_12_0.json	1447952400.0	122.25	124.99	2
snapshot_11_19_2015_12_0.json	1447952400.0	122.25	124.99	2
snapshot_11_19_2015_6_0.json	1447930800.0	122.25	124.99	2
snapshot_11_20_2015_0_0.json	1447995600.0	63.17	125	5
snapshot_11_20_2015_12_0.json	1448038800.0	63.17	175	7
snapshot_11_21_2015_12_0.json	1448125200.0	122.24	175	4
snapshot_11_21_2015_18_0.json	1448146800.0	122.24	125	3
snapshot_11_22_2015_0_0.json	1448168400.0	122.24	125	3
snapshot_11_22_2015_18_0.json	1448233200.0	122.24	125	3
snapshot_11_23_2015_0_0.json	1448254800.0	0	0	0
snapshot_11_23_2015_0_0.json	1448254800.0	0	0	0
snapshot_11_23_2015_12_0.json	1448298000.0	0	0	0
snapshot_11_23_2015_18_0.json	1448319600.0	0	0	0
snapshot_11_24_2015_0_0.json	1448341200.0	0	0	0
snapshot_11_24_2015_18_0.json	1448406000.0	0	0	0
snapshot_11_25_2015_0_0.json	1448427600.0	0	0	0
snapshot_11_25_2015_0_0.json	1448427600.0	0	0	0
snapshot_11_25_2015_12_0.json	1448470800.0	119.5	100	2
snapshot_11_25_2015_18_0.json	1448492400.0	0	0	0
snapshot_11_25_2015_6_0.json	1448449200.0	119.5	100	2
snapshot_11_27_2015_18_0.json	1448665200.0	0	0	0
snapshot_11_28_2015_0_0.json	1448686800.0	0	0	0
snapshot_11_28_2015_12_0.json	1448730000.0	0	0	0
snapshot_11_28_2015_18_0.json	1448751600.0	0	0	0
snapshot_11_28_2015_6_0.json	1448708400.0	0	0	0
snapshot_11_29_2015_6_0.json	1448794800.0	0	0	0
snapshot_11_29_2015_6_0.json	1448794800.0	0	0	0
9202359	2015-11-27T20:31:00Z	PARKING PASSES ONLY Iowa Hawkeyes at Nebraska Cornhuskers	Memorial Stadium Nebraska Parking Lots	Nebraska Lincoln|5530	68588
snapshot_11_17_2015_0_0.json	1447736400.0	34.5	124.99	3
snapshot_11_17_2015_18_0.json	1447801200.0	138.63	124.99	2
snapshot_11_17_2015_18_0.json	1447801200.0	138.63	124.99	2
snapshot_11_17_2015_6_0.json	1447758000.0	34.5	124.99	3
snapshot_11_18_2015_0_0.json	1447822800.0	138.63	124.99	2
snapshot_11_18_2015_12_0.json	1447866000.0	151.49	124.99	1
snapshot_11_18_2015_12_0.json	1447866000.0	151.49	124.99	1
snapshot_11_18_2015_18_0.json	1447887600.0	151.49	124.99	1
snapshot_11_18_2015_6_0.json	1447844400.0	151.49	124.99	1
snapshot_11_19_2015_0_0.json	1447909200.0	122.25	200	3
snapshot_11_19_2015_12_0.json	1447952400.0	122.25	124.99	2
snapshot_11_19_2015_12_0.json	1447952400.0	122.25	124.99	2
snapshot_11_19_2015_6_0.json	1447930800.0	122.25	124.99	2
snapshot_11_20_2015_0_0.json	1447995600.0	63.17	125	5
snapshot_11_20_2015_12_0.json	1448038800.0	63.17	175	7
snapshot_11_21_2015_12_0.json	1448125200.0	122.24	175	4
snapshot_11_21_2015_18_0.json	1448146800.0	122.24	125	3
snapshot_11_22_2015_0_0.json	1448168400.0	122.24	125	3
snapshot_11_22_2015_18_0.json	1448233200.0	122.24	125	3
snapshot_11_23_2015_0_0.json	1448254800.0	0	0	0
snapshot_11_23_2015_0_0.json	1448254800.0	0	0	0
snapshot_11_23_2015_12_0.json	1448298000.0	0	0	0
snapshot_11_23_2015_18_0.json	1448319600.0	0	0	0
snapshot_11_24_2015_0_0.json	1448341200.0	0	0	0
snapshot_11_24_2015_18_0.json	1448406000.0	0	0	0
snapshot_11_25_2015_0_0.json	1448427600.0	0	0	0
snapshot_11_25_2015_0_0.json	1448427600.0	0	0	0
snapshot_11_25_2015_12_0.json	1448470800.0	119.5	100	2
snapshot_11_25_2015_18_0.json	1448492400.0	0	0	0
snapshot_11_25_2015_6_0.json	1448449200.0	119.5	100	2
snapshot_11_27_2015_18_0.json	1448665200.0	0	0	0
snapshot_11_28_2015_0_0.json	1448686800.0	0	0	0
snapshot_11_28_2015_12_0.json	1448730000.0	0	0	0
snapshot_11_28_2015_18_0.json	1448751600.0	0	0	0
snapshot_11_28_2015_6_0.json	1448708400.0	0	0	0
snapshot_11_29_2015_6_0.json	1448794800.0	0	0	0
snapshot_11_29_2015_6_0.json	1448794800.0	0	0	0
9202359	2015-11-27T20:31:00Z	PARKING PASSES ONLY Iowa Hawkeyes at Nebraska Cornhuskers	Memorial Stadium Nebraska Parking Lots	Nebraska Lincoln|5530	68588
snapshot_11_17_2015_0_0.json	1447736400.0	34.5	124.99	3
snapshot_11_17_2015_18_0.json	1447801200.0	138.63	124.99	2
snapshot_11_17_2015_18_0.json	1447801200.0	138.63	124.99	2
snapshot_11_17_2015_6_0.json	1447758000.0	34.5	124.99	3
snapshot_11_18_2015_0_0.json	1447822800.0	138.63	124.99	2
snapshot_11_18_2015_12_0.json	1447866000.0	151.49	124.99	1
snapshot_11_18_2015_12_0.json	1447866000.0	151.49	124.99	1
snapshot_11_18_2015_18_0.json	1447887600.0	151.49	124.99	1
snapshot_11_18_2015_6_0.json	1447844400.0	151.49	124.99	1
snapshot_11_19_2015_0_0.json	1447909200.0	122.25	200	3
snapshot_11_19_2015_12_0.json	1447952400.0	122.25	124.99	2
snapshot_11_19_2015_12_0.json	1447952400.0	122.25	124.99	2
snapshot_11_19_2015_6_0.json	1447930800.0	122.25	124.99	2
snapshot_11_20_2015_0_0.json	1447995600.0	63.17	125	5
snapshot_11_20_2015_12_0.json	1448038800.0	63.17	175	7
snapshot_11_21_2015_12_0.json	1448125200.0	122.24	175	4
snapshot_11_21_2015_18_0.json	1448146800.0	122.24	125	3
snapshot_11_22_2015_0_0.json	1448168400.0	122.24	125	3
snapshot_11_22_2015_18_0.json	1448233200.0	122.24	125	3
snapshot_11_23_2015_0_0.json	1448254800.0	0	0	0
snapshot_11_23_2015_0_0.json	1448254800.0	0	0	0
snapshot_11_23_2015_12_0.json	1448298000.0	0	0	0
snapshot_11_23_2015_18_0.json	1448319600.0	0	0	0
snapshot_11_24_2015_0_0.json	1448341200.0	0	0	0
snapshot_11_24_2015_18_0.json	1448406000.0	0	0	0
snapshot_11_25_2015_0_0.json	1448427600.0	0	0	0
snapshot_11_25_2015_0_0.json	1448427600.0	0	0	0
snapshot_11_25_2015_12_0.json	1448470800.0	119.5	100	2
snapshot_11_25_2015_18_0.json	1448492400.0	0	0	0
snapshot_11_25_2015_6_0.json	1448449200.0	119.5	100	2
snapshot_11_27_2015_18_0.json	1448665200.0	0	0	0
snapshot_11_28_2015_0_0.json	1448686800.0	0	0	0
snapshot_11_28_2015_12_0.json	1448730000.0	0	0	0
snapshot_11_28_2015_18_0.json	1448751600.0	0	0	0
snapshot_11_28_2015_6_0.json	1448708400.0	0	0	0
snapshot_11_29_2015_6_0.json	1448794800.0	0	0	0
snapshot_11_29_2015_6_0.json	1448794800.0	0	0	0
9202359	2015-11-27T20:31:00Z	PARKING PASSES ONLY Iowa Hawkeyes at Nebraska Cornhuskers	Memorial Stadium Nebraska Parking Lots	Nebraska Lincoln|5530	68588
snapshot_11_17_2015_0_0.json	1447736400.0	34.5	124.99	3
snapshot_11_17_2015_18_0.json	1447801200.0	138.63	124.99	2
snapshot_11_17_2015_18_0.json	1447801200.0	138.63	124.99	2
snapshot_11_17_2015_6_0.json	1447758000.0	34.5	124.99	3
snapshot_11_18_2015_0_0.json	1447822800.0	138.63	124.99	2
snapshot_11_18_2015_12_0.json	1447866000.0	151.49	124.99	1
snapshot_11_18_2015_12_0.json	1447866000.0	151.49	124.99	1
snapshot_11_18_2015_18_0.json	1447887600.0	151.49	124.99	1
snapshot_11_18_2015_6_0.json	1447844400.0	151.49	124.99	1
snapshot_11_19_2015_0_0.json	1447909200.0	122.25	200	3
snapshot_11_19_2015_12_0.json	1447952400.0	122.25	124.99	2
snapshot_11_19_2015_12_0.json	1447952400.0	122.25	124.99	2
snapshot_11_19_2015_6_0.json	1447930800.0	122.25	124.99	2
snapshot_11_20_2015_0_0.json	1447995600.0	63.17	125	5
snapshot_11_20_2015_12_0.json	1448038800.0	63.17	175	7
snapshot_11_21_2015_12_0.json	1448125200.0	122.24	175	4
snapshot_11_21_2015_18_0.json	1448146800.0	122.24	125	3
snapshot_11_22_2015_0_0.json	1448168400.0	122.24	125	3
snapshot_11_22_2015_18_0.json	1448233200.0	122.24	125	3
snapshot_11_23_2015_0_0.json	1448254800.0	0	0	0
snapshot_11_23_2015_0_0.json	1448254800.0	0	0	0
snapshot_11_23_2015_12_0.json	1448298000.0	0	0	0
snapshot_11_23_2015_18_0.json	1448319600.0	0	0	0
snapshot_11_24_2015_0_0.json	1448341200.0	0	0	0
snapshot_11_24_2015_18_0.json	1448406000.0	0	0	0
snapshot_11_25_2015_0_0.json	1448427600.0	0	0	0
snapshot_11_25_2015_0_0.json	1448427600.0	0	0	0
snapshot_11_25_2015_12_0.json	1448470800.0	119.5	100	2
snapshot_11_25_2015_18_0.json	1448492400.0	0	0	0
snapshot_11_25_2015_6_0.json	1448449200.0	119.5	100	2
snapshot_11_27_2015_18_0.json	1448665200.0	0	0	0
snapshot_11_28_2015_0_0.json	1448686800.0	0	0	0
snapshot_11_28_2015_12_0.json	1448730000.0	0	0	0
snapshot_11_28_2015_18_0.json	1448751600.0	0	0	0
snapshot_11_28_2015_6_0.json	1448708400.0	0	0	0
snapshot_11_29_2015_6_0.json	1448794800.0	0	0	0
snapshot_11_29_2015_6_0.json	1448794800.0	0	0	0
