9202149	2015-11-28T19:00:00Z	Auburn Tigers	Jordan-Hare Stadium	Alabama Birmingham|4945	36849
snapshot_11_17_2015_0_0.json	1447736400.0	218.95	2707	2444
snapshot_11_17_2015_12_0.json	1447779600.0	218.95	2707	2510
snapshot_11_17_2015_18_0.json	1447801200.0	207.25	2707	2511
snapshot_11_17_2015_6_0.json	1447758000.0	218.95	2707	2505
snapshot_11_17_2015_6_0.json	1447758000.0	218.95	2707	2505
snapshot_11_18_2015_0_0.json	1447822800.0	218.95	2707	2517
snapshot_11_18_2015_12_0.json	1447866000.0	236.5	2707	2538
snapshot_11_18_2015_18_0.json	1447887600.0	219.54	2707	2531
snapshot_11_18_2015_6_0.json	1447844400.0	236.5	2707	2540
snapshot_11_19_2015_0_0.json	1447909200.0	213.1	2707	2570
snapshot_11_19_2015_12_0.json	1447952400.0	230.65	2707	2579
snapshot_11_19_2015_6_0.json	1447930800.0	230.65	2707	2577
snapshot_11_20_2015_0_0.json	1447995600.0	213.04	2707	2605
snapshot_11_20_2015_12_0.json	1448038800.0	201.4	2707	2628
snapshot_11_21_2015_12_0.json	1448125200.0	213.1	2707	2584
snapshot_11_21_2015_18_0.json	1448146800.0	211.93	2707	2591
snapshot_11_22_2015_0_0.json	1448168400.0	201.4	2707	2537
snapshot_11_22_2015_12_0.json	1448211600.0	201.4	2707	2539
snapshot_11_22_2015_18_0.json	1448233200.0	189.7	2500	2531
snapshot_11_22_2015_6_0.json	1448190000.0	201.4	2707	2541
snapshot_11_23_2015_0_0.json	1448254800.0	189.7	2500	2495
snapshot_11_23_2015_12_0.json	1448298000.0	189.7	2500	2498
snapshot_11_23_2015_18_0.json	1448319600.0	207.13	2500	2463
snapshot_11_23_2015_6_0.json	1448276400.0	148.75	2500	2500
snapshot_11_24_2015_0_0.json	1448341200.0	189.7	2500	2454
snapshot_11_24_2015_12_0.json	1448384400.0	177.01	2500	2436
snapshot_11_24_2015_18_0.json	1448406000.0	163.61	2500	2318
snapshot_11_24_2015_6_0.json	1448362800.0	148.75	2500	2441
snapshot_11_25_2015_0_0.json	1448427600.0	166.3	2500	2251
snapshot_11_25_2015_12_0.json	1448470800.0	166.3	7737.61	2209
snapshot_11_25_2015_18_0.json	1448492400.0	156.94	2500	2068
snapshot_11_25_2015_6_0.json	1448449200.0	166.3	7737.61	2210
snapshot_11_26_2015_0_0.json	1448514000.0	161.74	2500	1982
snapshot_11_27_2015_18_0.json	1448665200.0	170.98	1549	1301
snapshot_11_28_2015_0_0.json	1448686800.0	165	1549	1034
snapshot_11_28_2015_12_0.json	1448730000.0	159.26	1549	858
snapshot_11_28_2015_18_0.json	1448751600.0	119.5	1500	396
snapshot_11_28_2015_6_0.json	1448708400.0	154.6	1549	882
snapshot_11_29_2015_6_0.json	1448794800.0	0	0	0
snapshot_11_30_2015_12_0.json	1448902800.0	0	0	0
snapshot_11_30_2015_6_0.json	1448881200.0	0	0	0
snapshot_11_30_2015_6_0.json	1448881200.0	0	0	0
snapshot_12_2_2015_18_0.json	1449097200.0	0	0	0
snapshot_12_3_2015_0_0.json	1449118800.0	0	0	0
snapshot_12_3_2015_0_0.json	1449118800.0	0	0	0
snapshot_12_3_2015_12_0.json	1449162000.0	0	0	0
snapshot_12_4_2015_0_0.json	1449205200.0	0	0	0
snapshot_12_4_2015_12_0.json	1449248400.0	0	0	0
snapshot_12_4_2015_6_0.json	1449226800.0	0	0	0
9202149	2015-11-28T19:00:00Z	Auburn Tigers	Jordan-Hare Stadium	Alabama Birmingham|4945	36849
snapshot_11_17_2015_0_0.json	1447736400.0	218.95	2707	2444
snapshot_11_17_2015_12_0.json	1447779600.0	218.95	2707	2510
snapshot_11_17_2015_18_0.json	1447801200.0	207.25	2707	2511
snapshot_11_17_2015_6_0.json	1447758000.0	218.95	2707	2505
snapshot_11_17_2015_6_0.json	1447758000.0	218.95	2707	2505
snapshot_11_18_2015_0_0.json	1447822800.0	218.95	2707	2517
snapshot_11_18_2015_12_0.json	1447866000.0	236.5	2707	2538
snapshot_11_18_2015_18_0.json	1447887600.0	219.54	2707	2531
snapshot_11_18_2015_6_0.json	1447844400.0	236.5	2707	2540
snapshot_11_19_2015_0_0.json	1447909200.0	213.1	2707	2570
snapshot_11_19_2015_12_0.json	1447952400.0	230.65	2707	2579
snapshot_11_19_2015_6_0.json	1447930800.0	230.65	2707	2577
snapshot_11_20_2015_0_0.json	1447995600.0	213.04	2707	2605
snapshot_11_20_2015_12_0.json	1448038800.0	201.4	2707	2628
snapshot_11_21_2015_12_0.json	1448125200.0	213.1	2707	2584
snapshot_11_21_2015_18_0.json	1448146800.0	211.93	2707	2591
snapshot_11_22_2015_0_0.json	1448168400.0	201.4	2707	2537
snapshot_11_22_2015_12_0.json	1448211600.0	201.4	2707	2539
snapshot_11_22_2015_18_0.json	1448233200.0	189.7	2500	2531
snapshot_11_22_2015_6_0.json	1448190000.0	201.4	2707	2541
snapshot_11_23_2015_0_0.json	1448254800.0	189.7	2500	2495
snapshot_11_23_2015_12_0.json	1448298000.0	189.7	2500	2498
snapshot_11_23_2015_18_0.json	1448319600.0	207.13	2500	2463
snapshot_11_23_2015_6_0.json	1448276400.0	148.75	2500	2500
snapshot_11_24_2015_0_0.json	1448341200.0	189.7	2500	2454
snapshot_11_24_2015_12_0.json	1448384400.0	177.01	2500	2436
snapshot_11_24_2015_18_0.json	1448406000.0	163.61	2500	2318
snapshot_11_24_2015_6_0.json	1448362800.0	148.75	2500	2441
snapshot_11_25_2015_0_0.json	1448427600.0	166.3	2500	2251
snapshot_11_25_2015_12_0.json	1448470800.0	166.3	7737.61	2209
snapshot_11_25_2015_18_0.json	1448492400.0	156.94	2500	2068
snapshot_11_25_2015_6_0.json	1448449200.0	166.3	7737.61	2210
snapshot_11_26_2015_0_0.json	1448514000.0	161.74	2500	1982
snapshot_11_27_2015_18_0.json	1448665200.0	170.98	1549	1301
snapshot_11_28_2015_0_0.json	1448686800.0	165	1549	1034
snapshot_11_28_2015_12_0.json	1448730000.0	159.26	1549	858
snapshot_11_28_2015_18_0.json	1448751600.0	119.5	1500	396
snapshot_11_28_2015_6_0.json	1448708400.0	154.6	1549	882
snapshot_11_29_2015_6_0.json	1448794800.0	0	0	0
snapshot_11_30_2015_12_0.json	1448902800.0	0	0	0
snapshot_11_30_2015_6_0.json	1448881200.0	0	0	0
snapshot_11_30_2015_6_0.json	1448881200.0	0	0	0
snapshot_12_2_2015_18_0.json	1449097200.0	0	0	0
snapshot_12_3_2015_0_0.json	1449118800.0	0	0	0
snapshot_12_3_2015_0_0.json	1449118800.0	0	0	0
snapshot_12_3_2015_12_0.json	1449162000.0	0	0	0
snapshot_12_4_2015_0_0.json	1449205200.0	0	0	0
snapshot_12_4_2015_12_0.json	1449248400.0	0	0	0
snapshot_12_4_2015_6_0.json	1449226800.0	0	0	0
9202149	2015-11-28T19:00:00Z	Auburn Tigers	Jordan-Hare Stadium	Alabama Birmingham|4945	36849
snapshot_11_17_2015_0_0.json	1447736400.0	218.95	2707	2444
snapshot_11_17_2015_12_0.json	1447779600.0	218.95	2707	2510
snapshot_11_17_2015_18_0.json	1447801200.0	207.25	2707	2511
snapshot_11_17_2015_6_0.json	1447758000.0	218.95	2707	2505
snapshot_11_17_2015_6_0.json	1447758000.0	218.95	2707	2505
snapshot_11_18_2015_0_0.json	1447822800.0	218.95	2707	2517
snapshot_11_18_2015_12_0.json	1447866000.0	236.5	2707	2538
snapshot_11_18_2015_18_0.json	1447887600.0	219.54	2707	2531
snapshot_11_18_2015_6_0.json	1447844400.0	236.5	2707	2540
snapshot_11_19_2015_0_0.json	1447909200.0	213.1	2707	2570
snapshot_11_19_2015_12_0.json	1447952400.0	230.65	2707	2579
snapshot_11_19_2015_6_0.json	1447930800.0	230.65	2707	2577
snapshot_11_20_2015_0_0.json	1447995600.0	213.04	2707	2605
snapshot_11_20_2015_12_0.json	1448038800.0	201.4	2707	2628
snapshot_11_21_2015_12_0.json	1448125200.0	213.1	2707	2584
snapshot_11_21_2015_18_0.json	1448146800.0	211.93	2707	2591
snapshot_11_22_2015_0_0.json	1448168400.0	201.4	2707	2537
snapshot_11_22_2015_12_0.json	1448211600.0	201.4	2707	2539
snapshot_11_22_2015_18_0.json	1448233200.0	189.7	2500	2531
snapshot_11_22_2015_6_0.json	1448190000.0	201.4	2707	2541
snapshot_11_23_2015_0_0.json	1448254800.0	189.7	2500	2495
snapshot_11_23_2015_12_0.json	1448298000.0	189.7	2500	2498
snapshot_11_23_2015_18_0.json	1448319600.0	207.13	2500	2463
snapshot_11_23_2015_6_0.json	1448276400.0	148.75	2500	2500
snapshot_11_24_2015_0_0.json	1448341200.0	189.7	2500	2454
snapshot_11_24_2015_12_0.json	1448384400.0	177.01	2500	2436
snapshot_11_24_2015_18_0.json	1448406000.0	163.61	2500	2318
snapshot_11_24_2015_6_0.json	1448362800.0	148.75	2500	2441
snapshot_11_25_2015_0_0.json	1448427600.0	166.3	2500	2251
snapshot_11_25_2015_12_0.json	1448470800.0	166.3	7737.61	2209
snapshot_11_25_2015_18_0.json	1448492400.0	156.94	2500	2068
snapshot_11_25_2015_6_0.json	1448449200.0	166.3	7737.61	2210
snapshot_11_26_2015_0_0.json	1448514000.0	161.74	2500	1982
snapshot_11_27_2015_18_0.json	1448665200.0	170.98	1549	1301
snapshot_11_28_2015_0_0.json	1448686800.0	165	1549	1034
snapshot_11_28_2015_12_0.json	1448730000.0	159.26	1549	858
snapshot_11_28_2015_18_0.json	1448751600.0	119.5	1500	396
snapshot_11_28_2015_6_0.json	1448708400.0	154.6	1549	882
snapshot_11_29_2015_6_0.json	1448794800.0	0	0	0
snapshot_11_30_2015_12_0.json	1448902800.0	0	0	0
snapshot_11_30_2015_6_0.json	1448881200.0	0	0	0
snapshot_11_30_2015_6_0.json	1448881200.0	0	0	0
snapshot_12_2_2015_18_0.json	1449097200.0	0	0	0
snapshot_12_3_2015_0_0.json	1449118800.0	0	0	0
snapshot_12_3_2015_0_0.json	1449118800.0	0	0	0
snapshot_12_3_2015_12_0.json	1449162000.0	0	0	0
snapshot_12_4_2015_0_0.json	1449205200.0	0	0	0
snapshot_12_4_2015_12_0.json	1449248400.0	0	0	0
snapshot_12_4_2015_6_0.json	1449226800.0	0	0	0
9202149	2015-11-28T19:00:00Z	Auburn Tigers	Jordan-Hare Stadium	Alabama Birmingham|4945	36849
snapshot_11_17_2015_0_0.json	1447736400.0	218.95	2707	2444
snapshot_11_17_2015_12_0.json	1447779600.0	218.95	2707	2510
snapshot_11_17_2015_18_0.json	1447801200.0	207.25	2707	2511
snapshot_11_17_2015_6_0.json	1447758000.0	218.95	2707	2505
snapshot_11_17_2015_6_0.json	1447758000.0	218.95	2707	2505
snapshot_11_18_2015_0_0.json	1447822800.0	218.95	2707	2517
snapshot_11_18_2015_12_0.json	1447866000.0	236.5	2707	2538
snapshot_11_18_2015_18_0.json	1447887600.0	219.54	2707	2531
snapshot_11_18_2015_6_0.json	1447844400.0	236.5	2707	2540
snapshot_11_19_2015_0_0.json	1447909200.0	213.1	2707	2570
snapshot_11_19_2015_12_0.json	1447952400.0	230.65	2707	2579
snapshot_11_19_2015_6_0.json	1447930800.0	230.65	2707	2577
snapshot_11_20_2015_0_0.json	1447995600.0	213.04	2707	2605
snapshot_11_20_2015_12_0.json	1448038800.0	201.4	2707	2628
snapshot_11_21_2015_12_0.json	1448125200.0	213.1	2707	2584
snapshot_11_21_2015_18_0.json	1448146800.0	211.93	2707	2591
snapshot_11_22_2015_0_0.json	1448168400.0	201.4	2707	2537
snapshot_11_22_2015_12_0.json	1448211600.0	201.4	2707	2539
snapshot_11_22_2015_18_0.json	1448233200.0	189.7	2500	2531
snapshot_11_22_2015_6_0.json	1448190000.0	201.4	2707	2541
snapshot_11_23_2015_0_0.json	1448254800.0	189.7	2500	2495
snapshot_11_23_2015_12_0.json	1448298000.0	189.7	2500	2498
snapshot_11_23_2015_18_0.json	1448319600.0	207.13	2500	2463
snapshot_11_23_2015_6_0.json	1448276400.0	148.75	2500	2500
snapshot_11_24_2015_0_0.json	1448341200.0	189.7	2500	2454
snapshot_11_24_2015_12_0.json	1448384400.0	177.01	2500	2436
snapshot_11_24_2015_18_0.json	1448406000.0	163.61	2500	2318
snapshot_11_24_2015_6_0.json	1448362800.0	148.75	2500	2441
snapshot_11_25_2015_0_0.json	1448427600.0	166.3	2500	2251
snapshot_11_25_2015_12_0.json	1448470800.0	166.3	7737.61	2209
snapshot_11_25_2015_18_0.json	1448492400.0	156.94	2500	2068
snapshot_11_25_2015_6_0.json	1448449200.0	166.3	7737.61	2210
snapshot_11_26_2015_0_0.json	1448514000.0	161.74	2500	1982
snapshot_11_27_2015_18_0.json	1448665200.0	170.98	1549	1301
snapshot_11_28_2015_0_0.json	1448686800.0	165	1549	1034
snapshot_11_28_2015_12_0.json	1448730000.0	159.26	1549	858
snapshot_11_28_2015_18_0.json	1448751600.0	119.5	1500	396
snapshot_11_28_2015_6_0.json	1448708400.0	154.6	1549	882
snapshot_11_29_2015_6_0.json	1448794800.0	0	0	0
snapshot_11_30_2015_12_0.json	1448902800.0	0	0	0
snapshot_11_30_2015_6_0.json	1448881200.0	0	0	0
snapshot_11_30_2015_6_0.json	1448881200.0	0	0	0
snapshot_12_2_2015_18_0.json	1449097200.0	0	0	0
snapshot_12_3_2015_0_0.json	1449118800.0	0	0	0
snapshot_12_3_2015_0_0.json	1449118800.0	0	0	0
snapshot_12_3_2015_12_0.json	1449162000.0	0	0	0
snapshot_12_4_2015_0_0.json	1449205200.0	0	0	0
snapshot_12_4_2015_12_0.json	1449248400.0	0	0	0
snapshot_12_4_2015_6_0.json	1449226800.0	0	0	0
