9202153	2015-11-28T20:30:00Z	Minnesota Golden Gophers	TCF Bank Stadium	Minnesota Minneapolis|680	55455
snapshot_11_16_2015_0_0.json	1447650000.0	87.15	750	1412
snapshot_11_17_2015_0_0.json	1447736400.0	87.15	750	1407
snapshot_11_17_2015_12_0.json	1447779600.0	87.15	750	1383
snapshot_11_17_2015_12_0.json	1447779600.0	87.15	750	1383
snapshot_11_17_2015_18_0.json	1447801200.0	83.64	750	1383
snapshot_11_18_2015_0_0.json	1447822800.0	73.11	750	1401
snapshot_11_18_2015_12_0.json	1447866000.0	74.28	750	1390
snapshot_11_18_2015_18_0.json	1447887600.0	66.09	750	1384
snapshot_11_18_2015_6_0.json	1447844400.0	74.28	750	1388
snapshot_11_19_2015_0_0.json	1447909200.0	66.09	750	1396
snapshot_11_19_2015_12_0.json	1447952400.0	84.81	750	1363
snapshot_11_19_2015_6_0.json	1447930800.0	84.81	750	1367
snapshot_11_20_2015_0_0.json	1447995600.0	82.05	750	1352
snapshot_11_20_2015_12_0.json	1448038800.0	78.38	750	1334
snapshot_11_21_2015_12_0.json	1448125200.0	69.6	750	1328
snapshot_11_21_2015_18_0.json	1448146800.0	78.55	1135	1302
snapshot_11_22_2015_0_0.json	1448168400.0	66.09	1135	1270
snapshot_11_22_2015_12_0.json	1448211600.0	59.69	1135	1259
snapshot_11_22_2015_18_0.json	1448233200.0	59.69	1135	1258
snapshot_11_22_2015_6_0.json	1448190000.0	59.69	1135	1261
snapshot_11_22_2015_6_0.json	1448190000.0	59.69	1135	1261
snapshot_11_23_2015_0_0.json	1448254800.0	47.31	1135	1241
snapshot_11_23_2015_12_0.json	1448298000.0	47.31	1135	1203
snapshot_11_23_2015_18_0.json	1448319600.0	47.31	1135	1205
snapshot_11_23_2015_6_0.json	1448276400.0	47.31	1135	1203
snapshot_11_24_2015_0_0.json	1448341200.0	61.41	1135	771
snapshot_11_24_2015_12_0.json	1448384400.0	61.41	1135	751
snapshot_11_24_2015_18_0.json	1448406000.0	62	1135	739
snapshot_11_24_2015_6_0.json	1448362800.0	61.41	1135	750
snapshot_11_25_2015_0_0.json	1448427600.0	64.92	1135	648
snapshot_11_25_2015_12_0.json	1448470800.0	54	1135	606
snapshot_11_25_2015_18_0.json	1448492400.0	78.55	1135	559
snapshot_11_25_2015_6_0.json	1448449200.0	54.39	1135	606
snapshot_11_26_2015_0_0.json	1448514000.0	87.79	1135	498
snapshot_11_27_2015_18_0.json	1448665200.0	78.55	1135	386
snapshot_11_28_2015_0_0.json	1448686800.0	83.23	1135	312
snapshot_11_28_2015_12_0.json	1448730000.0	78.55	1135	242
snapshot_11_28_2015_18_0.json	1448751600.0	90.25	1135	124
snapshot_11_28_2015_6_0.json	1448708400.0	78.55	1135	252
snapshot_11_29_2015_12_0.json	1448816400.0	0	0	0
snapshot_11_29_2015_18_0.json	1448838000.0	0	0	0
snapshot_11_29_2015_6_0.json	1448794800.0	0	0	0
snapshot_11_29_2015_6_0.json	1448794800.0	0	0	0
snapshot_11_30_2015_0_0.json	1448859600.0	0	0	0
snapshot_11_30_2015_12_0.json	1448902800.0	0	0	0
snapshot_11_30_2015_12_0.json	1448902800.0	0	0	0
snapshot_11_30_2015_6_0.json	1448881200.0	0	0	0
snapshot_12_4_2015_0_0.json	1449205200.0	0	0	0
snapshot_12_4_2015_12_0.json	1449248400.0	0	0	0
snapshot_12_4_2015_6_0.json	1449226800.0	0	0	0
snapshot_12_5_2015_0_0.json	1449291600.0	0	0	0
snapshot_12_5_2015_12_0.json	1449334800.0	0	0	0
9202153	2015-11-28T20:30:00Z	Minnesota Golden Gophers	TCF Bank Stadium	Minnesota Minneapolis|680	55455
snapshot_11_16_2015_0_0.json	1447650000.0	87.15	750	1412
snapshot_11_17_2015_0_0.json	1447736400.0	87.15	750	1407
snapshot_11_17_2015_12_0.json	1447779600.0	87.15	750	1383
snapshot_11_17_2015_12_0.json	1447779600.0	87.15	750	1383
snapshot_11_17_2015_18_0.json	1447801200.0	83.64	750	1383
snapshot_11_18_2015_0_0.json	1447822800.0	73.11	750	1401
snapshot_11_18_2015_12_0.json	1447866000.0	74.28	750	1390
snapshot_11_18_2015_18_0.json	1447887600.0	66.09	750	1384
snapshot_11_18_2015_6_0.json	1447844400.0	74.28	750	1388
snapshot_11_19_2015_0_0.json	1447909200.0	66.09	750	1396
snapshot_11_19_2015_12_0.json	1447952400.0	84.81	750	1363
snapshot_11_19_2015_6_0.json	1447930800.0	84.81	750	1367
snapshot_11_20_2015_0_0.json	1447995600.0	82.05	750	1352
snapshot_11_20_2015_12_0.json	1448038800.0	78.38	750	1334
snapshot_11_21_2015_12_0.json	1448125200.0	69.6	750	1328
snapshot_11_21_2015_18_0.json	1448146800.0	78.55	1135	1302
snapshot_11_22_2015_0_0.json	1448168400.0	66.09	1135	1270
snapshot_11_22_2015_12_0.json	1448211600.0	59.69	1135	1259
snapshot_11_22_2015_18_0.json	1448233200.0	59.69	1135	1258
snapshot_11_22_2015_6_0.json	1448190000.0	59.69	1135	1261
snapshot_11_22_2015_6_0.json	1448190000.0	59.69	1135	1261
snapshot_11_23_2015_0_0.json	1448254800.0	47.31	1135	1241
snapshot_11_23_2015_12_0.json	1448298000.0	47.31	1135	1203
snapshot_11_23_2015_18_0.json	1448319600.0	47.31	1135	1205
snapshot_11_23_2015_6_0.json	1448276400.0	47.31	1135	1203
snapshot_11_24_2015_0_0.json	1448341200.0	61.41	1135	771
snapshot_11_24_2015_12_0.json	1448384400.0	61.41	1135	751
snapshot_11_24_2015_18_0.json	1448406000.0	62	1135	739
snapshot_11_24_2015_6_0.json	1448362800.0	61.41	1135	750
snapshot_11_25_2015_0_0.json	1448427600.0	64.92	1135	648
snapshot_11_25_2015_12_0.json	1448470800.0	54	1135	606
snapshot_11_25_2015_18_0.json	1448492400.0	78.55	1135	559
snapshot_11_25_2015_6_0.json	1448449200.0	54.39	1135	606
snapshot_11_26_2015_0_0.json	1448514000.0	87.79	1135	498
snapshot_11_27_2015_18_0.json	1448665200.0	78.55	1135	386
snapshot_11_28_2015_0_0.json	1448686800.0	83.23	1135	312
snapshot_11_28_2015_12_0.json	1448730000.0	78.55	1135	242
snapshot_11_28_2015_18_0.json	1448751600.0	90.25	1135	124
snapshot_11_28_2015_6_0.json	1448708400.0	78.55	1135	252
snapshot_11_29_2015_12_0.json	1448816400.0	0	0	0
snapshot_11_29_2015_18_0.json	1448838000.0	0	0	0
snapshot_11_29_2015_6_0.json	1448794800.0	0	0	0
snapshot_11_29_2015_6_0.json	1448794800.0	0	0	0
snapshot_11_30_2015_0_0.json	1448859600.0	0	0	0
snapshot_11_30_2015_12_0.json	1448902800.0	0	0	0
snapshot_11_30_2015_12_0.json	1448902800.0	0	0	0
snapshot_11_30_2015_6_0.json	1448881200.0	0	0	0
snapshot_12_4_2015_0_0.json	1449205200.0	0	0	0
snapshot_12_4_2015_12_0.json	1449248400.0	0	0	0
snapshot_12_4_2015_6_0.json	1449226800.0	0	0	0
snapshot_12_5_2015_0_0.json	1449291600.0	0	0	0
snapshot_12_5_2015_12_0.json	1449334800.0	0	0	0
9202153	2015-11-28T20:30:00Z	Minnesota Golden Gophers	TCF Bank Stadium	Minnesota Minneapolis|680	55455
snapshot_11_16_2015_0_0.json	1447650000.0	87.15	750	1412
snapshot_11_17_2015_0_0.json	1447736400.0	87.15	750	1407
snapshot_11_17_2015_12_0.json	1447779600.0	87.15	750	1383
snapshot_11_17_2015_12_0.json	1447779600.0	87.15	750	1383
snapshot_11_17_2015_18_0.json	1447801200.0	83.64	750	1383
snapshot_11_18_2015_0_0.json	1447822800.0	73.11	750	1401
snapshot_11_18_2015_12_0.json	1447866000.0	74.28	750	1390
snapshot_11_18_2015_18_0.json	1447887600.0	66.09	750	1384
snapshot_11_18_2015_6_0.json	1447844400.0	74.28	750	1388
snapshot_11_19_2015_0_0.json	1447909200.0	66.09	750	1396
snapshot_11_19_2015_12_0.json	1447952400.0	84.81	750	1363
snapshot_11_19_2015_6_0.json	1447930800.0	84.81	750	1367
snapshot_11_20_2015_0_0.json	1447995600.0	82.05	750	1352
snapshot_11_20_2015_12_0.json	1448038800.0	78.38	750	1334
snapshot_11_21_2015_12_0.json	1448125200.0	69.6	750	1328
snapshot_11_21_2015_18_0.json	1448146800.0	78.55	1135	1302
snapshot_11_22_2015_0_0.json	1448168400.0	66.09	1135	1270
snapshot_11_22_2015_12_0.json	1448211600.0	59.69	1135	1259
snapshot_11_22_2015_18_0.json	1448233200.0	59.69	1135	1258
snapshot_11_22_2015_6_0.json	1448190000.0	59.69	1135	1261
snapshot_11_22_2015_6_0.json	1448190000.0	59.69	1135	1261
snapshot_11_23_2015_0_0.json	1448254800.0	47.31	1135	1241
snapshot_11_23_2015_12_0.json	1448298000.0	47.31	1135	1203
snapshot_11_23_2015_18_0.json	1448319600.0	47.31	1135	1205
snapshot_11_23_2015_6_0.json	1448276400.0	47.31	1135	1203
snapshot_11_24_2015_0_0.json	1448341200.0	61.41	1135	771
snapshot_11_24_2015_12_0.json	1448384400.0	61.41	1135	751
snapshot_11_24_2015_18_0.json	1448406000.0	62	1135	739
snapshot_11_24_2015_6_0.json	1448362800.0	61.41	1135	750
snapshot_11_25_2015_0_0.json	1448427600.0	64.92	1135	648
snapshot_11_25_2015_12_0.json	1448470800.0	54	1135	606
snapshot_11_25_2015_18_0.json	1448492400.0	78.55	1135	559
snapshot_11_25_2015_6_0.json	1448449200.0	54.39	1135	606
snapshot_11_26_2015_0_0.json	1448514000.0	87.79	1135	498
snapshot_11_27_2015_18_0.json	1448665200.0	78.55	1135	386
snapshot_11_28_2015_0_0.json	1448686800.0	83.23	1135	312
snapshot_11_28_2015_12_0.json	1448730000.0	78.55	1135	242
snapshot_11_28_2015_18_0.json	1448751600.0	90.25	1135	124
snapshot_11_28_2015_6_0.json	1448708400.0	78.55	1135	252
snapshot_11_29_2015_12_0.json	1448816400.0	0	0	0
snapshot_11_29_2015_18_0.json	1448838000.0	0	0	0
snapshot_11_29_2015_6_0.json	1448794800.0	0	0	0
snapshot_11_29_2015_6_0.json	1448794800.0	0	0	0
snapshot_11_30_2015_0_0.json	1448859600.0	0	0	0
snapshot_11_30_2015_12_0.json	1448902800.0	0	0	0
snapshot_11_30_2015_12_0.json	1448902800.0	0	0	0
snapshot_11_30_2015_6_0.json	1448881200.0	0	0	0
snapshot_12_4_2015_0_0.json	1449205200.0	0	0	0
snapshot_12_4_2015_12_0.json	1449248400.0	0	0	0
snapshot_12_4_2015_6_0.json	1449226800.0	0	0	0
snapshot_12_5_2015_0_0.json	1449291600.0	0	0	0
snapshot_12_5_2015_12_0.json	1449334800.0	0	0	0
9202153	2015-11-28T20:30:00Z	Minnesota Golden Gophers	TCF Bank Stadium	Minnesota Minneapolis|680	55455
snapshot_11_16_2015_0_0.json	1447650000.0	87.15	750	1412
snapshot_11_17_2015_0_0.json	1447736400.0	87.15	750	1407
snapshot_11_17_2015_12_0.json	1447779600.0	87.15	750	1383
snapshot_11_17_2015_12_0.json	1447779600.0	87.15	750	1383
snapshot_11_17_2015_18_0.json	1447801200.0	83.64	750	1383
snapshot_11_18_2015_0_0.json	1447822800.0	73.11	750	1401
snapshot_11_18_2015_12_0.json	1447866000.0	74.28	750	1390
snapshot_11_18_2015_18_0.json	1447887600.0	66.09	750	1384
snapshot_11_18_2015_6_0.json	1447844400.0	74.28	750	1388
snapshot_11_19_2015_0_0.json	1447909200.0	66.09	750	1396
snapshot_11_19_2015_12_0.json	1447952400.0	84.81	750	1363
snapshot_11_19_2015_6_0.json	1447930800.0	84.81	750	1367
snapshot_11_20_2015_0_0.json	1447995600.0	82.05	750	1352
snapshot_11_20_2015_12_0.json	1448038800.0	78.38	750	1334
snapshot_11_21_2015_12_0.json	1448125200.0	69.6	750	1328
snapshot_11_21_2015_18_0.json	1448146800.0	78.55	1135	1302
snapshot_11_22_2015_0_0.json	1448168400.0	66.09	1135	1270
snapshot_11_22_2015_12_0.json	1448211600.0	59.69	1135	1259
snapshot_11_22_2015_18_0.json	1448233200.0	59.69	1135	1258
snapshot_11_22_2015_6_0.json	1448190000.0	59.69	1135	1261
snapshot_11_22_2015_6_0.json	1448190000.0	59.69	1135	1261
snapshot_11_23_2015_0_0.json	1448254800.0	47.31	1135	1241
snapshot_11_23_2015_12_0.json	1448298000.0	47.31	1135	1203
snapshot_11_23_2015_18_0.json	1448319600.0	47.31	1135	1205
snapshot_11_23_2015_6_0.json	1448276400.0	47.31	1135	1203
snapshot_11_24_2015_0_0.json	1448341200.0	61.41	1135	771
snapshot_11_24_2015_12_0.json	1448384400.0	61.41	1135	751
snapshot_11_24_2015_18_0.json	1448406000.0	62	1135	739
snapshot_11_24_2015_6_0.json	1448362800.0	61.41	1135	750
snapshot_11_25_2015_0_0.json	1448427600.0	64.92	1135	648
snapshot_11_25_2015_12_0.json	1448470800.0	54	1135	606
snapshot_11_25_2015_18_0.json	1448492400.0	78.55	1135	559
snapshot_11_25_2015_6_0.json	1448449200.0	54.39	1135	606
snapshot_11_26_2015_0_0.json	1448514000.0	87.79	1135	498
snapshot_11_27_2015_18_0.json	1448665200.0	78.55	1135	386
snapshot_11_28_2015_0_0.json	1448686800.0	83.23	1135	312
snapshot_11_28_2015_12_0.json	1448730000.0	78.55	1135	242
snapshot_11_28_2015_18_0.json	1448751600.0	90.25	1135	124
snapshot_11_28_2015_6_0.json	1448708400.0	78.55	1135	252
snapshot_11_29_2015_12_0.json	1448816400.0	0	0	0
snapshot_11_29_2015_18_0.json	1448838000.0	0	0	0
snapshot_11_29_2015_6_0.json	1448794800.0	0	0	0
snapshot_11_29_2015_6_0.json	1448794800.0	0	0	0
snapshot_11_30_2015_0_0.json	1448859600.0	0	0	0
snapshot_11_30_2015_12_0.json	1448902800.0	0	0	0
snapshot_11_30_2015_12_0.json	1448902800.0	0	0	0
snapshot_11_30_2015_6_0.json	1448881200.0	0	0	0
snapshot_12_4_2015_0_0.json	1449205200.0	0	0	0
snapshot_12_4_2015_12_0.json	1449248400.0	0	0	0
snapshot_12_4_2015_6_0.json	1449226800.0	0	0	0
snapshot_12_5_2015_0_0.json	1449291600.0	0	0	0
snapshot_12_5_2015_12_0.json	1449334800.0	0	0	0
