9202295	2015-11-22T00:16:00Z	PARKING PASSES ONLY Tennessee at Missouri	Faurot Field and Mizzou Arena Parking Lots	Missouri Kansas City|702	65201
snapshot_11_16_2015_0_0.json	1447650000.0	34.5	225	36
snapshot_11_17_2015_12_0.json	1447779600.0	34.5	225	33
snapshot_11_17_2015_18_0.json	1447801200.0	34.5	225	31
snapshot_11_17_2015_6_0.json	1447758000.0	34.5	225	33
snapshot_11_17_2015_6_0.json	1447758000.0	34.5	225	33
snapshot_11_18_2015_0_0.json	1447822800.0	34.5	225	29
snapshot_11_18_2015_12_0.json	1447866000.0	26.31	225	22
snapshot_11_18_2015_18_0.json	1447887600.0	26.31	225	21
snapshot_11_18_2015_6_0.json	1447844400.0	34.5	225	22
snapshot_11_19_2015_0_0.json	1447909200.0	38.01	80	7
snapshot_11_19_2015_12_0.json	1447952400.0	57.89	59	6
snapshot_11_19_2015_6_0.json	1447930800.0	57.89	59	6
snapshot_11_20_2015_0_0.json	1447995600.0	0	0	0
snapshot_11_20_2015_12_0.json	1448038800.0	0	0	0
snapshot_11_21_2015_12_0.json	1448125200.0	0	0	0
snapshot_11_21_2015_18_0.json	1448146800.0	0	0	0
snapshot_11_22_2015_0_0.json	1448168400.0	0	0	0
snapshot_11_22_2015_18_0.json	1448233200.0	0	0	0
snapshot_11_22_2015_6_0.json	1448190000.0	0	0	0
snapshot_11_23_2015_0_0.json	1448254800.0	0	0	0
snapshot_11_23_2015_12_0.json	1448298000.0	0	0	0
snapshot_11_23_2015_6_0.json	1448276400.0	0	0	0
snapshot_11_23_2015_6_0.json	1448276400.0	0	0	0
9202295	2015-11-22T00:16:00Z	PARKING PASSES ONLY Tennessee at Missouri	Faurot Field and Mizzou Arena Parking Lots	Missouri Kansas City|702	65201
snapshot_11_16_2015_0_0.json	1447650000.0	34.5	225	36
snapshot_11_17_2015_12_0.json	1447779600.0	34.5	225	33
snapshot_11_17_2015_18_0.json	1447801200.0	34.5	225	31
snapshot_11_17_2015_6_0.json	1447758000.0	34.5	225	33
snapshot_11_17_2015_6_0.json	1447758000.0	34.5	225	33
snapshot_11_18_2015_0_0.json	1447822800.0	34.5	225	29
snapshot_11_18_2015_12_0.json	1447866000.0	26.31	225	22
snapshot_11_18_2015_18_0.json	1447887600.0	26.31	225	21
snapshot_11_18_2015_6_0.json	1447844400.0	34.5	225	22
snapshot_11_19_2015_0_0.json	1447909200.0	38.01	80	7
snapshot_11_19_2015_12_0.json	1447952400.0	57.89	59	6
snapshot_11_19_2015_6_0.json	1447930800.0	57.89	59	6
snapshot_11_20_2015_0_0.json	1447995600.0	0	0	0
snapshot_11_20_2015_12_0.json	1448038800.0	0	0	0
snapshot_11_21_2015_12_0.json	1448125200.0	0	0	0
snapshot_11_21_2015_18_0.json	1448146800.0	0	0	0
snapshot_11_22_2015_0_0.json	1448168400.0	0	0	0
snapshot_11_22_2015_18_0.json	1448233200.0	0	0	0
snapshot_11_22_2015_6_0.json	1448190000.0	0	0	0
snapshot_11_23_2015_0_0.json	1448254800.0	0	0	0
snapshot_11_23_2015_12_0.json	1448298000.0	0	0	0
snapshot_11_23_2015_6_0.json	1448276400.0	0	0	0
snapshot_11_23_2015_6_0.json	1448276400.0	0	0	0
9202295	2015-11-22T00:16:00Z	PARKING PASSES ONLY Tennessee at Missouri	Faurot Field and Mizzou Arena Parking Lots	Missouri Kansas City|702	65201
snapshot_11_16_2015_0_0.json	1447650000.0	34.5	225	36
snapshot_11_17_2015_12_0.json	1447779600.0	34.5	225	33
snapshot_11_17_2015_18_0.json	1447801200.0	34.5	225	31
snapshot_11_17_2015_6_0.json	1447758000.0	34.5	225	33
snapshot_11_17_2015_6_0.json	1447758000.0	34.5	225	33
snapshot_11_18_2015_0_0.json	1447822800.0	34.5	225	29
snapshot_11_18_2015_12_0.json	1447866000.0	26.31	225	22
snapshot_11_18_2015_18_0.json	1447887600.0	26.31	225	21
snapshot_11_18_2015_6_0.json	1447844400.0	34.5	225	22
snapshot_11_19_2015_0_0.json	1447909200.0	38.01	80	7
snapshot_11_19_2015_12_0.json	1447952400.0	57.89	59	6
snapshot_11_19_2015_6_0.json	1447930800.0	57.89	59	6
snapshot_11_20_2015_0_0.json	1447995600.0	0	0	0
snapshot_11_20_2015_12_0.json	1448038800.0	0	0	0
snapshot_11_21_2015_12_0.json	1448125200.0	0	0	0
snapshot_11_21_2015_18_0.json	1448146800.0	0	0	0
snapshot_11_22_2015_0_0.json	1448168400.0	0	0	0
snapshot_11_22_2015_18_0.json	1448233200.0	0	0	0
snapshot_11_22_2015_6_0.json	1448190000.0	0	0	0
snapshot_11_23_2015_0_0.json	1448254800.0	0	0	0
snapshot_11_23_2015_12_0.json	1448298000.0	0	0	0
snapshot_11_23_2015_6_0.json	1448276400.0	0	0	0
snapshot_11_23_2015_6_0.json	1448276400.0	0	0	0
9202295	2015-11-22T00:16:00Z	PARKING PASSES ONLY Tennessee at Missouri	Faurot Field and Mizzou Arena Parking Lots	Missouri Kansas City|702	65201
snapshot_11_16_2015_0_0.json	1447650000.0	34.5	225	36
snapshot_11_17_2015_12_0.json	1447779600.0	34.5	225	33
snapshot_11_17_2015_18_0.json	1447801200.0	34.5	225	31
snapshot_11_17_2015_6_0.json	1447758000.0	34.5	225	33
snapshot_11_17_2015_6_0.json	1447758000.0	34.5	225	33
snapshot_11_18_2015_0_0.json	1447822800.0	34.5	225	29
snapshot_11_18_2015_12_0.json	1447866000.0	26.31	225	22
snapshot_11_18_2015_18_0.json	1447887600.0	26.31	225	21
snapshot_11_18_2015_6_0.json	1447844400.0	34.5	225	22
snapshot_11_19_2015_0_0.json	1447909200.0	38.01	80	7
snapshot_11_19_2015_12_0.json	1447952400.0	57.89	59	6
snapshot_11_19_2015_6_0.json	1447930800.0	57.89	59	6
snapshot_11_20_2015_0_0.json	1447995600.0	0	0	0
snapshot_11_20_2015_12_0.json	1448038800.0	0	0	0
snapshot_11_21_2015_12_0.json	1448125200.0	0	0	0
snapshot_11_21_2015_18_0.json	1448146800.0	0	0	0
snapshot_11_22_2015_0_0.json	1448168400.0	0	0	0
snapshot_11_22_2015_18_0.json	1448233200.0	0	0	0
snapshot_11_22_2015_6_0.json	1448190000.0	0	0	0
snapshot_11_23_2015_0_0.json	1448254800.0	0	0	0
snapshot_11_23_2015_12_0.json	1448298000.0	0	0	0
snapshot_11_23_2015_6_0.json	1448276400.0	0	0	0
snapshot_11_23_2015_6_0.json	1448276400.0	0	0	0
