9202176	2015-11-28T20:31:00Z	PARKING PASSES ONLY Wisconsin Badgers at Minnesota Golden Gophers	TCF Bank Stadium Parking Lots	Minnesota Minneapolis|680	55455
snapshot_11_16_2015_0_0.json	1447650000.0	40.35	222.01	42
snapshot_11_17_2015_0_0.json	1447736400.0	40.35	222.01	42
snapshot_11_17_2015_12_0.json	1447779600.0	49.13	222.01	39
snapshot_11_17_2015_12_0.json	1447779600.0	49.13	222.01	38
snapshot_11_17_2015_18_0.json	1447801200.0	49.13	222.01	37
snapshot_11_17_2015_6_0.json	1447758000.0	49.13	222.01	39
snapshot_11_18_2015_0_0.json	1447822800.0	49.13	222.01	37
snapshot_11_18_2015_18_0.json	1447887600.0	52.04	222.01	37
snapshot_11_18_2015_6_0.json	1447844400.0	52.05	222.01	37
snapshot_11_19_2015_0_0.json	1447909200.0	52.04	250	45
snapshot_11_19_2015_12_0.json	1447952400.0	52.03	250	44
snapshot_11_19_2015_12_0.json	1447952400.0	52.03	250	44
snapshot_11_19_2015_6_0.json	1447930800.0	52.03	250	44
snapshot_11_20_2015_0_0.json	1447995600.0	52.03	420	43
snapshot_11_20_2015_12_0.json	1448038800.0	52.03	420	40
snapshot_11_21_2015_12_0.json	1448125200.0	46.2	229	39
snapshot_11_21_2015_18_0.json	1448146800.0	52.04	229	36
snapshot_11_22_2015_0_0.json	1448168400.0	52.04	229	36
snapshot_11_22_2015_0_0.json	1448168400.0	52.04	229	36
snapshot_11_22_2015_12_0.json	1448211600.0	52.04	229	35
snapshot_11_23_2015_0_0.json	1448254800.0	46.19	222.99	38
snapshot_11_23_2015_0_0.json	1448254800.0	46.19	222.99	38
snapshot_11_23_2015_12_0.json	1448298000.0	46.18	222.01	37
snapshot_11_23_2015_18_0.json	1448319600.0	38.01	222.01	40
snapshot_11_23_2015_6_0.json	1448276400.0	46.18	222.01	37
snapshot_11_24_2015_0_0.json	1448341200.0	46.19	211.99	28
snapshot_11_24_2015_12_0.json	1448384400.0	46.19	205.99	29
snapshot_11_24_2015_12_0.json	1448384400.0	46.19	205.99	29
snapshot_11_24_2015_18_0.json	1448406000.0	46.19	174.99	27
snapshot_11_24_2015_6_0.json	1448362800.0	46.19	208.99	30
snapshot_11_25_2015_0_0.json	1448427600.0	46.19	203.99	27
snapshot_11_25_2015_12_0.json	1448470800.0	46.19	197.99	26
snapshot_11_25_2015_18_0.json	1448492400.0	52.04	194.99	22
snapshot_11_25_2015_6_0.json	1448449200.0	46.19	200.99	27
snapshot_11_26_2015_0_0.json	1448514000.0	57.89	191.99	19
snapshot_11_27_2015_18_0.json	1448665200.0	43.85	147.99	18
snapshot_11_28_2015_12_0.json	1448730000.0	43.85	42.99	16
snapshot_11_28_2015_18_0.json	1448751600.0	38	37.99	13
snapshot_11_28_2015_6_0.json	1448708400.0	43.85	42.99	16
snapshot_11_29_2015_12_0.json	1448816400.0	0	0	0
snapshot_11_29_2015_18_0.json	1448838000.0	0	0	0
snapshot_11_29_2015_6_0.json	1448794800.0	0	0	0
snapshot_11_30_2015_0_0.json	1448859600.0	0	0	0
snapshot_11_30_2015_12_0.json	1448902800.0	0	0	0
snapshot_12_2_2015_0_0.json	1449032400.0	0	0	0
snapshot_12_2_2015_12_0.json	1449075600.0	0	0	0
snapshot_12_2_2015_6_0.json	1449054000.0	0	0	0
9202176	2015-11-28T20:31:00Z	PARKING PASSES ONLY Wisconsin Badgers at Minnesota Golden Gophers	TCF Bank Stadium Parking Lots	Minnesota Minneapolis|680	55455
snapshot_11_16_2015_0_0.json	1447650000.0	40.35	222.01	42
snapshot_11_17_2015_0_0.json	1447736400.0	40.35	222.01	42
snapshot_11_17_2015_12_0.json	1447779600.0	49.13	222.01	39
snapshot_11_17_2015_12_0.json	1447779600.0	49.13	222.01	38
snapshot_11_17_2015_18_0.json	1447801200.0	49.13	222.01	37
snapshot_11_17_2015_6_0.json	1447758000.0	49.13	222.01	39
snapshot_11_18_2015_0_0.json	1447822800.0	49.13	222.01	37
snapshot_11_18_2015_18_0.json	1447887600.0	52.04	222.01	37
snapshot_11_18_2015_6_0.json	1447844400.0	52.05	222.01	37
snapshot_11_19_2015_0_0.json	1447909200.0	52.04	250	45
snapshot_11_19_2015_12_0.json	1447952400.0	52.03	250	44
snapshot_11_19_2015_12_0.json	1447952400.0	52.03	250	44
snapshot_11_19_2015_6_0.json	1447930800.0	52.03	250	44
snapshot_11_20_2015_0_0.json	1447995600.0	52.03	420	43
snapshot_11_20_2015_12_0.json	1448038800.0	52.03	420	40
snapshot_11_21_2015_12_0.json	1448125200.0	46.2	229	39
snapshot_11_21_2015_18_0.json	1448146800.0	52.04	229	36
snapshot_11_22_2015_0_0.json	1448168400.0	52.04	229	36
snapshot_11_22_2015_0_0.json	1448168400.0	52.04	229	36
snapshot_11_22_2015_12_0.json	1448211600.0	52.04	229	35
snapshot_11_23_2015_0_0.json	1448254800.0	46.19	222.99	38
snapshot_11_23_2015_0_0.json	1448254800.0	46.19	222.99	38
snapshot_11_23_2015_12_0.json	1448298000.0	46.18	222.01	37
snapshot_11_23_2015_18_0.json	1448319600.0	38.01	222.01	40
snapshot_11_23_2015_6_0.json	1448276400.0	46.18	222.01	37
snapshot_11_24_2015_0_0.json	1448341200.0	46.19	211.99	28
snapshot_11_24_2015_12_0.json	1448384400.0	46.19	205.99	29
snapshot_11_24_2015_12_0.json	1448384400.0	46.19	205.99	29
snapshot_11_24_2015_18_0.json	1448406000.0	46.19	174.99	27
snapshot_11_24_2015_6_0.json	1448362800.0	46.19	208.99	30
snapshot_11_25_2015_0_0.json	1448427600.0	46.19	203.99	27
snapshot_11_25_2015_12_0.json	1448470800.0	46.19	197.99	26
snapshot_11_25_2015_18_0.json	1448492400.0	52.04	194.99	22
snapshot_11_25_2015_6_0.json	1448449200.0	46.19	200.99	27
snapshot_11_26_2015_0_0.json	1448514000.0	57.89	191.99	19
snapshot_11_27_2015_18_0.json	1448665200.0	43.85	147.99	18
snapshot_11_28_2015_12_0.json	1448730000.0	43.85	42.99	16
snapshot_11_28_2015_18_0.json	1448751600.0	38	37.99	13
snapshot_11_28_2015_6_0.json	1448708400.0	43.85	42.99	16
snapshot_11_29_2015_12_0.json	1448816400.0	0	0	0
snapshot_11_29_2015_18_0.json	1448838000.0	0	0	0
snapshot_11_29_2015_6_0.json	1448794800.0	0	0	0
snapshot_11_30_2015_0_0.json	1448859600.0	0	0	0
snapshot_11_30_2015_12_0.json	1448902800.0	0	0	0
snapshot_12_2_2015_0_0.json	1449032400.0	0	0	0
snapshot_12_2_2015_12_0.json	1449075600.0	0	0	0
snapshot_12_2_2015_6_0.json	1449054000.0	0	0	0
9202176	2015-11-28T20:31:00Z	PARKING PASSES ONLY Wisconsin Badgers at Minnesota Golden Gophers	TCF Bank Stadium Parking Lots	Minnesota Minneapolis|680	55455
snapshot_11_16_2015_0_0.json	1447650000.0	40.35	222.01	42
snapshot_11_17_2015_0_0.json	1447736400.0	40.35	222.01	42
snapshot_11_17_2015_12_0.json	1447779600.0	49.13	222.01	39
snapshot_11_17_2015_12_0.json	1447779600.0	49.13	222.01	38
snapshot_11_17_2015_18_0.json	1447801200.0	49.13	222.01	37
snapshot_11_17_2015_6_0.json	1447758000.0	49.13	222.01	39
snapshot_11_18_2015_0_0.json	1447822800.0	49.13	222.01	37
snapshot_11_18_2015_18_0.json	1447887600.0	52.04	222.01	37
snapshot_11_18_2015_6_0.json	1447844400.0	52.05	222.01	37
snapshot_11_19_2015_0_0.json	1447909200.0	52.04	250	45
snapshot_11_19_2015_12_0.json	1447952400.0	52.03	250	44
snapshot_11_19_2015_12_0.json	1447952400.0	52.03	250	44
snapshot_11_19_2015_6_0.json	1447930800.0	52.03	250	44
snapshot_11_20_2015_0_0.json	1447995600.0	52.03	420	43
snapshot_11_20_2015_12_0.json	1448038800.0	52.03	420	40
snapshot_11_21_2015_12_0.json	1448125200.0	46.2	229	39
snapshot_11_21_2015_18_0.json	1448146800.0	52.04	229	36
snapshot_11_22_2015_0_0.json	1448168400.0	52.04	229	36
snapshot_11_22_2015_0_0.json	1448168400.0	52.04	229	36
snapshot_11_22_2015_12_0.json	1448211600.0	52.04	229	35
snapshot_11_23_2015_0_0.json	1448254800.0	46.19	222.99	38
snapshot_11_23_2015_0_0.json	1448254800.0	46.19	222.99	38
snapshot_11_23_2015_12_0.json	1448298000.0	46.18	222.01	37
snapshot_11_23_2015_18_0.json	1448319600.0	38.01	222.01	40
snapshot_11_23_2015_6_0.json	1448276400.0	46.18	222.01	37
snapshot_11_24_2015_0_0.json	1448341200.0	46.19	211.99	28
snapshot_11_24_2015_12_0.json	1448384400.0	46.19	205.99	29
snapshot_11_24_2015_12_0.json	1448384400.0	46.19	205.99	29
snapshot_11_24_2015_18_0.json	1448406000.0	46.19	174.99	27
snapshot_11_24_2015_6_0.json	1448362800.0	46.19	208.99	30
snapshot_11_25_2015_0_0.json	1448427600.0	46.19	203.99	27
snapshot_11_25_2015_12_0.json	1448470800.0	46.19	197.99	26
snapshot_11_25_2015_18_0.json	1448492400.0	52.04	194.99	22
snapshot_11_25_2015_6_0.json	1448449200.0	46.19	200.99	27
snapshot_11_26_2015_0_0.json	1448514000.0	57.89	191.99	19
snapshot_11_27_2015_18_0.json	1448665200.0	43.85	147.99	18
snapshot_11_28_2015_12_0.json	1448730000.0	43.85	42.99	16
snapshot_11_28_2015_18_0.json	1448751600.0	38	37.99	13
snapshot_11_28_2015_6_0.json	1448708400.0	43.85	42.99	16
snapshot_11_29_2015_12_0.json	1448816400.0	0	0	0
snapshot_11_29_2015_18_0.json	1448838000.0	0	0	0
snapshot_11_29_2015_6_0.json	1448794800.0	0	0	0
snapshot_11_30_2015_0_0.json	1448859600.0	0	0	0
snapshot_11_30_2015_12_0.json	1448902800.0	0	0	0
snapshot_12_2_2015_0_0.json	1449032400.0	0	0	0
snapshot_12_2_2015_12_0.json	1449075600.0	0	0	0
snapshot_12_2_2015_6_0.json	1449054000.0	0	0	0
9202176	2015-11-28T20:31:00Z	PARKING PASSES ONLY Wisconsin Badgers at Minnesota Golden Gophers	TCF Bank Stadium Parking Lots	Minnesota Minneapolis|680	55455
snapshot_11_16_2015_0_0.json	1447650000.0	40.35	222.01	42
snapshot_11_17_2015_0_0.json	1447736400.0	40.35	222.01	42
snapshot_11_17_2015_12_0.json	1447779600.0	49.13	222.01	39
snapshot_11_17_2015_12_0.json	1447779600.0	49.13	222.01	38
snapshot_11_17_2015_18_0.json	1447801200.0	49.13	222.01	37
snapshot_11_17_2015_6_0.json	1447758000.0	49.13	222.01	39
snapshot_11_18_2015_0_0.json	1447822800.0	49.13	222.01	37
snapshot_11_18_2015_18_0.json	1447887600.0	52.04	222.01	37
snapshot_11_18_2015_6_0.json	1447844400.0	52.05	222.01	37
snapshot_11_19_2015_0_0.json	1447909200.0	52.04	250	45
snapshot_11_19_2015_12_0.json	1447952400.0	52.03	250	44
snapshot_11_19_2015_12_0.json	1447952400.0	52.03	250	44
snapshot_11_19_2015_6_0.json	1447930800.0	52.03	250	44
snapshot_11_20_2015_0_0.json	1447995600.0	52.03	420	43
snapshot_11_20_2015_12_0.json	1448038800.0	52.03	420	40
snapshot_11_21_2015_12_0.json	1448125200.0	46.2	229	39
snapshot_11_21_2015_18_0.json	1448146800.0	52.04	229	36
snapshot_11_22_2015_0_0.json	1448168400.0	52.04	229	36
snapshot_11_22_2015_0_0.json	1448168400.0	52.04	229	36
snapshot_11_22_2015_12_0.json	1448211600.0	52.04	229	35
snapshot_11_23_2015_0_0.json	1448254800.0	46.19	222.99	38
snapshot_11_23_2015_0_0.json	1448254800.0	46.19	222.99	38
snapshot_11_23_2015_12_0.json	1448298000.0	46.18	222.01	37
snapshot_11_23_2015_18_0.json	1448319600.0	38.01	222.01	40
snapshot_11_23_2015_6_0.json	1448276400.0	46.18	222.01	37
snapshot_11_24_2015_0_0.json	1448341200.0	46.19	211.99	28
snapshot_11_24_2015_12_0.json	1448384400.0	46.19	205.99	29
snapshot_11_24_2015_12_0.json	1448384400.0	46.19	205.99	29
snapshot_11_24_2015_18_0.json	1448406000.0	46.19	174.99	27
snapshot_11_24_2015_6_0.json	1448362800.0	46.19	208.99	30
snapshot_11_25_2015_0_0.json	1448427600.0	46.19	203.99	27
snapshot_11_25_2015_12_0.json	1448470800.0	46.19	197.99	26
snapshot_11_25_2015_18_0.json	1448492400.0	52.04	194.99	22
snapshot_11_25_2015_6_0.json	1448449200.0	46.19	200.99	27
snapshot_11_26_2015_0_0.json	1448514000.0	57.89	191.99	19
snapshot_11_27_2015_18_0.json	1448665200.0	43.85	147.99	18
snapshot_11_28_2015_12_0.json	1448730000.0	43.85	42.99	16
snapshot_11_28_2015_18_0.json	1448751600.0	38	37.99	13
snapshot_11_28_2015_6_0.json	1448708400.0	43.85	42.99	16
snapshot_11_29_2015_12_0.json	1448816400.0	0	0	0
snapshot_11_29_2015_18_0.json	1448838000.0	0	0	0
snapshot_11_29_2015_6_0.json	1448794800.0	0	0	0
snapshot_11_30_2015_0_0.json	1448859600.0	0	0	0
snapshot_11_30_2015_12_0.json	1448902800.0	0	0	0
snapshot_12_2_2015_0_0.json	1449032400.0	0	0	0
snapshot_12_2_2015_12_0.json	1449075600.0	0	0	0
snapshot_12_2_2015_6_0.json	1449054000.0	0	0	0
