9202319	2015-11-28T18:01:00Z	PARKING PASSES ONLY Florida State at Florida	Ben Hill Griffin Stadium Parking Lots	Florida Jacksonville|708	32601
snapshot_11_16_2015_0_0.json	1447650000.0	262.65	390	2
snapshot_11_17_2015_0_0.json	1447736400.0	262.65	390	2
snapshot_11_17_2015_0_0.json	1447736400.0	262.65	390	2
snapshot_11_17_2015_18_0.json	1447801200.0	198.3	390	3
snapshot_11_18_2015_0_0.json	1447822800.0	198.3	390	4
snapshot_11_18_2015_0_0.json	1447822800.0	198.3	390	4
snapshot_11_18_2015_18_0.json	1447887600.0	198.3	800	5
snapshot_11_18_2015_6_0.json	1447844400.0	198.3	390	4
snapshot_11_19_2015_0_0.json	1447909200.0	198.3	800	4
snapshot_11_19_2015_12_0.json	1447952400.0	198.3	800	4
snapshot_11_19_2015_6_0.json	1447930800.0	198.3	800	4
snapshot_11_20_2015_0_0.json	1447995600.0	233.4	750	5
snapshot_11_20_2015_12_0.json	1448038800.0	233.4	750	4
snapshot_11_21_2015_12_0.json	1448125200.0	291.9	750	3
snapshot_11_21_2015_18_0.json	1448146800.0	291.9	750	3
snapshot_11_22_2015_0_0.json	1448168400.0	291.9	750	3
snapshot_11_22_2015_12_0.json	1448211600.0	461.55	750	2
snapshot_11_22_2015_18_0.json	1448233200.0	461.55	750	2
snapshot_11_22_2015_6_0.json	1448190000.0	461.55	750	2
snapshot_11_22_2015_6_0.json	1448190000.0	461.55	750	2
snapshot_11_23_2015_0_0.json	1448254800.0	461.55	750	2
snapshot_11_23_2015_18_0.json	1448319600.0	151.5	500	5
snapshot_11_24_2015_0_0.json	1448341200.0	0	0	0
snapshot_11_24_2015_12_0.json	1448384400.0	0	0	0
snapshot_11_24_2015_18_0.json	1448406000.0	180.75	500	3
snapshot_11_24_2015_6_0.json	1448362800.0	0	0	0
snapshot_11_25_2015_0_0.json	1448427600.0	0	0	0
snapshot_11_25_2015_0_0.json	1448427600.0	0	0	0
snapshot_11_25_2015_12_0.json	1448470800.0	180.75	150	1
snapshot_11_25_2015_18_0.json	1448492400.0	180.75	150	1
snapshot_11_26_2015_0_0.json	1448514000.0	0	0	0
snapshot_11_26_2015_0_0.json	1448514000.0	0	0	0
snapshot_11_27_2015_18_0.json	1448665200.0	0	0	0
snapshot_11_27_2015_18_0.json	1448665200.0	0	0	0
snapshot_11_28_2015_0_0.json	1448686800.0	0	0	0
snapshot_11_28_2015_12_0.json	1448730000.0	0	0	0
snapshot_11_28_2015_18_0.json	1448751600.0	0	0	0
snapshot_11_28_2015_6_0.json	1448708400.0	0	0	0
snapshot_11_29_2015_0_0.json	1448773200.0	0	0	0
snapshot_11_29_2015_12_0.json	1448816400.0	0	0	0
snapshot_11_29_2015_18_0.json	1448838000.0	0	0	0
snapshot_11_29_2015_6_0.json	1448794800.0	0	0	0
snapshot_11_30_2015_0_0.json	1448859600.0	0	0	0
snapshot_11_30_2015_12_0.json	1448902800.0	0	0	0
9202319	2015-11-28T18:01:00Z	PARKING PASSES ONLY Florida State at Florida	Ben Hill Griffin Stadium Parking Lots	Florida Jacksonville|708	32601
snapshot_11_16_2015_0_0.json	1447650000.0	262.65	390	2
snapshot_11_17_2015_0_0.json	1447736400.0	262.65	390	2
snapshot_11_17_2015_0_0.json	1447736400.0	262.65	390	2
snapshot_11_17_2015_18_0.json	1447801200.0	198.3	390	3
snapshot_11_18_2015_0_0.json	1447822800.0	198.3	390	4
snapshot_11_18_2015_0_0.json	1447822800.0	198.3	390	4
snapshot_11_18_2015_18_0.json	1447887600.0	198.3	800	5
snapshot_11_18_2015_6_0.json	1447844400.0	198.3	390	4
snapshot_11_19_2015_0_0.json	1447909200.0	198.3	800	4
snapshot_11_19_2015_12_0.json	1447952400.0	198.3	800	4
snapshot_11_19_2015_6_0.json	1447930800.0	198.3	800	4
snapshot_11_20_2015_0_0.json	1447995600.0	233.4	750	5
snapshot_11_20_2015_12_0.json	1448038800.0	233.4	750	4
snapshot_11_21_2015_12_0.json	1448125200.0	291.9	750	3
snapshot_11_21_2015_18_0.json	1448146800.0	291.9	750	3
snapshot_11_22_2015_0_0.json	1448168400.0	291.9	750	3
snapshot_11_22_2015_12_0.json	1448211600.0	461.55	750	2
snapshot_11_22_2015_18_0.json	1448233200.0	461.55	750	2
snapshot_11_22_2015_6_0.json	1448190000.0	461.55	750	2
snapshot_11_22_2015_6_0.json	1448190000.0	461.55	750	2
snapshot_11_23_2015_0_0.json	1448254800.0	461.55	750	2
snapshot_11_23_2015_18_0.json	1448319600.0	151.5	500	5
snapshot_11_24_2015_0_0.json	1448341200.0	0	0	0
snapshot_11_24_2015_12_0.json	1448384400.0	0	0	0
snapshot_11_24_2015_18_0.json	1448406000.0	180.75	500	3
snapshot_11_24_2015_6_0.json	1448362800.0	0	0	0
snapshot_11_25_2015_0_0.json	1448427600.0	0	0	0
snapshot_11_25_2015_0_0.json	1448427600.0	0	0	0
snapshot_11_25_2015_12_0.json	1448470800.0	180.75	150	1
snapshot_11_25_2015_18_0.json	1448492400.0	180.75	150	1
snapshot_11_26_2015_0_0.json	1448514000.0	0	0	0
snapshot_11_26_2015_0_0.json	1448514000.0	0	0	0
snapshot_11_27_2015_18_0.json	1448665200.0	0	0	0
snapshot_11_27_2015_18_0.json	1448665200.0	0	0	0
snapshot_11_28_2015_0_0.json	1448686800.0	0	0	0
snapshot_11_28_2015_12_0.json	1448730000.0	0	0	0
snapshot_11_28_2015_18_0.json	1448751600.0	0	0	0
snapshot_11_28_2015_6_0.json	1448708400.0	0	0	0
snapshot_11_29_2015_0_0.json	1448773200.0	0	0	0
snapshot_11_29_2015_12_0.json	1448816400.0	0	0	0
snapshot_11_29_2015_18_0.json	1448838000.0	0	0	0
snapshot_11_29_2015_6_0.json	1448794800.0	0	0	0
snapshot_11_30_2015_0_0.json	1448859600.0	0	0	0
snapshot_11_30_2015_12_0.json	1448902800.0	0	0	0
9202319	2015-11-28T18:01:00Z	PARKING PASSES ONLY Florida State at Florida	Ben Hill Griffin Stadium Parking Lots	Florida Jacksonville|708	32601
snapshot_11_16_2015_0_0.json	1447650000.0	262.65	390	2
snapshot_11_17_2015_0_0.json	1447736400.0	262.65	390	2
snapshot_11_17_2015_0_0.json	1447736400.0	262.65	390	2
snapshot_11_17_2015_18_0.json	1447801200.0	198.3	390	3
snapshot_11_18_2015_0_0.json	1447822800.0	198.3	390	4
snapshot_11_18_2015_0_0.json	1447822800.0	198.3	390	4
snapshot_11_18_2015_18_0.json	1447887600.0	198.3	800	5
snapshot_11_18_2015_6_0.json	1447844400.0	198.3	390	4
snapshot_11_19_2015_0_0.json	1447909200.0	198.3	800	4
snapshot_11_19_2015_12_0.json	1447952400.0	198.3	800	4
snapshot_11_19_2015_6_0.json	1447930800.0	198.3	800	4
snapshot_11_20_2015_0_0.json	1447995600.0	233.4	750	5
snapshot_11_20_2015_12_0.json	1448038800.0	233.4	750	4
snapshot_11_21_2015_12_0.json	1448125200.0	291.9	750	3
snapshot_11_21_2015_18_0.json	1448146800.0	291.9	750	3
snapshot_11_22_2015_0_0.json	1448168400.0	291.9	750	3
snapshot_11_22_2015_12_0.json	1448211600.0	461.55	750	2
snapshot_11_22_2015_18_0.json	1448233200.0	461.55	750	2
snapshot_11_22_2015_6_0.json	1448190000.0	461.55	750	2
snapshot_11_22_2015_6_0.json	1448190000.0	461.55	750	2
snapshot_11_23_2015_0_0.json	1448254800.0	461.55	750	2
snapshot_11_23_2015_18_0.json	1448319600.0	151.5	500	5
snapshot_11_24_2015_0_0.json	1448341200.0	0	0	0
snapshot_11_24_2015_12_0.json	1448384400.0	0	0	0
snapshot_11_24_2015_18_0.json	1448406000.0	180.75	500	3
snapshot_11_24_2015_6_0.json	1448362800.0	0	0	0
snapshot_11_25_2015_0_0.json	1448427600.0	0	0	0
snapshot_11_25_2015_0_0.json	1448427600.0	0	0	0
snapshot_11_25_2015_12_0.json	1448470800.0	180.75	150	1
snapshot_11_25_2015_18_0.json	1448492400.0	180.75	150	1
snapshot_11_26_2015_0_0.json	1448514000.0	0	0	0
snapshot_11_26_2015_0_0.json	1448514000.0	0	0	0
snapshot_11_27_2015_18_0.json	1448665200.0	0	0	0
snapshot_11_27_2015_18_0.json	1448665200.0	0	0	0
snapshot_11_28_2015_0_0.json	1448686800.0	0	0	0
snapshot_11_28_2015_12_0.json	1448730000.0	0	0	0
snapshot_11_28_2015_18_0.json	1448751600.0	0	0	0
snapshot_11_28_2015_6_0.json	1448708400.0	0	0	0
snapshot_11_29_2015_0_0.json	1448773200.0	0	0	0
snapshot_11_29_2015_12_0.json	1448816400.0	0	0	0
snapshot_11_29_2015_18_0.json	1448838000.0	0	0	0
snapshot_11_29_2015_6_0.json	1448794800.0	0	0	0
snapshot_11_30_2015_0_0.json	1448859600.0	0	0	0
snapshot_11_30_2015_12_0.json	1448902800.0	0	0	0
9202319	2015-11-28T18:01:00Z	PARKING PASSES ONLY Florida State at Florida	Ben Hill Griffin Stadium Parking Lots	Florida Jacksonville|708	32601
snapshot_11_16_2015_0_0.json	1447650000.0	262.65	390	2
snapshot_11_17_2015_0_0.json	1447736400.0	262.65	390	2
snapshot_11_17_2015_0_0.json	1447736400.0	262.65	390	2
snapshot_11_17_2015_18_0.json	1447801200.0	198.3	390	3
snapshot_11_18_2015_0_0.json	1447822800.0	198.3	390	4
snapshot_11_18_2015_0_0.json	1447822800.0	198.3	390	4
snapshot_11_18_2015_18_0.json	1447887600.0	198.3	800	5
snapshot_11_18_2015_6_0.json	1447844400.0	198.3	390	4
snapshot_11_19_2015_0_0.json	1447909200.0	198.3	800	4
snapshot_11_19_2015_12_0.json	1447952400.0	198.3	800	4
snapshot_11_19_2015_6_0.json	1447930800.0	198.3	800	4
snapshot_11_20_2015_0_0.json	1447995600.0	233.4	750	5
snapshot_11_20_2015_12_0.json	1448038800.0	233.4	750	4
snapshot_11_21_2015_12_0.json	1448125200.0	291.9	750	3
snapshot_11_21_2015_18_0.json	1448146800.0	291.9	750	3
snapshot_11_22_2015_0_0.json	1448168400.0	291.9	750	3
snapshot_11_22_2015_12_0.json	1448211600.0	461.55	750	2
snapshot_11_22_2015_18_0.json	1448233200.0	461.55	750	2
snapshot_11_22_2015_6_0.json	1448190000.0	461.55	750	2
snapshot_11_22_2015_6_0.json	1448190000.0	461.55	750	2
snapshot_11_23_2015_0_0.json	1448254800.0	461.55	750	2
snapshot_11_23_2015_18_0.json	1448319600.0	151.5	500	5
snapshot_11_24_2015_0_0.json	1448341200.0	0	0	0
snapshot_11_24_2015_12_0.json	1448384400.0	0	0	0
snapshot_11_24_2015_18_0.json	1448406000.0	180.75	500	3
snapshot_11_24_2015_6_0.json	1448362800.0	0	0	0
snapshot_11_25_2015_0_0.json	1448427600.0	0	0	0
snapshot_11_25_2015_0_0.json	1448427600.0	0	0	0
snapshot_11_25_2015_12_0.json	1448470800.0	180.75	150	1
snapshot_11_25_2015_18_0.json	1448492400.0	180.75	150	1
snapshot_11_26_2015_0_0.json	1448514000.0	0	0	0
snapshot_11_26_2015_0_0.json	1448514000.0	0	0	0
snapshot_11_27_2015_18_0.json	1448665200.0	0	0	0
snapshot_11_27_2015_18_0.json	1448665200.0	0	0	0
snapshot_11_28_2015_0_0.json	1448686800.0	0	0	0
snapshot_11_28_2015_12_0.json	1448730000.0	0	0	0
snapshot_11_28_2015_18_0.json	1448751600.0	0	0	0
snapshot_11_28_2015_6_0.json	1448708400.0	0	0	0
snapshot_11_29_2015_0_0.json	1448773200.0	0	0	0
snapshot_11_29_2015_12_0.json	1448816400.0	0	0	0
snapshot_11_29_2015_18_0.json	1448838000.0	0	0	0
snapshot_11_29_2015_6_0.json	1448794800.0	0	0	0
snapshot_11_30_2015_0_0.json	1448859600.0	0	0	0
snapshot_11_30_2015_12_0.json	1448902800.0	0	0	0
