9202147	2015-11-21T21:00:00Z	Auburn Tigers	Jordan-Hare Stadium	Alabama Birmingham|4945	36849
snapshot_11_16_2015_0_0.json	1447650000.0	25.9	1088	1014
snapshot_11_17_2015_0_0.json	1447736400.0	22.79	1088	1011
snapshot_11_17_2015_12_0.json	1447779600.0	25.9	1088	1039
snapshot_11_17_2015_18_0.json	1447801200.0	23.98	1088	1046
snapshot_11_17_2015_18_0.json	1447801200.0	23.98	1088	1046
snapshot_11_17_2015_6_0.json	1447758000.0	25.9	1088	1038
snapshot_11_17_2015_6_0.json	1447758000.0	25.9	1088	1038
snapshot_11_18_2015_0_0.json	1447822800.0	25.9	1088	1096
snapshot_11_18_2015_12_0.json	1447866000.0	25.9	1088	1060
snapshot_11_18_2015_18_0.json	1447887600.0	23.56	1088	1072
snapshot_11_18_2015_6_0.json	1447844400.0	25.9	1088	1070
snapshot_11_19_2015_0_0.json	1447909200.0	20.05	565.56	1090
snapshot_11_19_2015_12_0.json	1447952400.0	18.88	515.56	1106
snapshot_11_19_2015_6_0.json	1447930800.0	18.88	515.56	1113
snapshot_11_20_2015_0_0.json	1447995600.0	18.88	515.56	1050
snapshot_11_20_2015_12_0.json	1448038800.0	20.05	515.56	1002
snapshot_11_21_2015_12_0.json	1448125200.0	18.87	515.56	672
snapshot_11_21_2015_18_0.json	1448146800.0	14.2	515.56	449
snapshot_11_22_2015_0_0.json	1448168400.0	0	0	0
snapshot_11_22_2015_12_0.json	1448211600.0	0	0	0
snapshot_11_22_2015_18_0.json	1448233200.0	0	0	0
snapshot_11_22_2015_6_0.json	1448190000.0	0	0	0
snapshot_11_23_2015_0_0.json	1448254800.0	0	0	0
snapshot_11_23_2015_12_0.json	1448298000.0	0	0	0
snapshot_11_23_2015_18_0.json	1448319600.0	0	0	0
snapshot_11_23_2015_6_0.json	1448276400.0	0	0	0
snapshot_11_24_2015_18_0.json	1448406000.0	0	0	0
9202147	2015-11-21T21:00:00Z	Auburn Tigers	Jordan-Hare Stadium	Alabama Birmingham|4945	36849
snapshot_11_16_2015_0_0.json	1447650000.0	25.9	1088	1014
snapshot_11_17_2015_0_0.json	1447736400.0	22.79	1088	1011
snapshot_11_17_2015_12_0.json	1447779600.0	25.9	1088	1039
snapshot_11_17_2015_18_0.json	1447801200.0	23.98	1088	1046
snapshot_11_17_2015_18_0.json	1447801200.0	23.98	1088	1046
snapshot_11_17_2015_6_0.json	1447758000.0	25.9	1088	1038
snapshot_11_17_2015_6_0.json	1447758000.0	25.9	1088	1038
snapshot_11_18_2015_0_0.json	1447822800.0	25.9	1088	1096
snapshot_11_18_2015_12_0.json	1447866000.0	25.9	1088	1060
snapshot_11_18_2015_18_0.json	1447887600.0	23.56	1088	1072
snapshot_11_18_2015_6_0.json	1447844400.0	25.9	1088	1070
snapshot_11_19_2015_0_0.json	1447909200.0	20.05	565.56	1090
snapshot_11_19_2015_12_0.json	1447952400.0	18.88	515.56	1106
snapshot_11_19_2015_6_0.json	1447930800.0	18.88	515.56	1113
snapshot_11_20_2015_0_0.json	1447995600.0	18.88	515.56	1050
snapshot_11_20_2015_12_0.json	1448038800.0	20.05	515.56	1002
snapshot_11_21_2015_12_0.json	1448125200.0	18.87	515.56	672
snapshot_11_21_2015_18_0.json	1448146800.0	14.2	515.56	449
snapshot_11_22_2015_0_0.json	1448168400.0	0	0	0
snapshot_11_22_2015_12_0.json	1448211600.0	0	0	0
snapshot_11_22_2015_18_0.json	1448233200.0	0	0	0
snapshot_11_22_2015_6_0.json	1448190000.0	0	0	0
snapshot_11_23_2015_0_0.json	1448254800.0	0	0	0
snapshot_11_23_2015_12_0.json	1448298000.0	0	0	0
snapshot_11_23_2015_18_0.json	1448319600.0	0	0	0
snapshot_11_23_2015_6_0.json	1448276400.0	0	0	0
snapshot_11_24_2015_18_0.json	1448406000.0	0	0	0
9202147	2015-11-21T21:00:00Z	Auburn Tigers	Jordan-Hare Stadium	Alabama Birmingham|4945	36849
snapshot_11_16_2015_0_0.json	1447650000.0	25.9	1088	1014
snapshot_11_17_2015_0_0.json	1447736400.0	22.79	1088	1011
snapshot_11_17_2015_12_0.json	1447779600.0	25.9	1088	1039
snapshot_11_17_2015_18_0.json	1447801200.0	23.98	1088	1046
snapshot_11_17_2015_18_0.json	1447801200.0	23.98	1088	1046
snapshot_11_17_2015_6_0.json	1447758000.0	25.9	1088	1038
snapshot_11_17_2015_6_0.json	1447758000.0	25.9	1088	1038
snapshot_11_18_2015_0_0.json	1447822800.0	25.9	1088	1096
snapshot_11_18_2015_12_0.json	1447866000.0	25.9	1088	1060
snapshot_11_18_2015_18_0.json	1447887600.0	23.56	1088	1072
snapshot_11_18_2015_6_0.json	1447844400.0	25.9	1088	1070
snapshot_11_19_2015_0_0.json	1447909200.0	20.05	565.56	1090
snapshot_11_19_2015_12_0.json	1447952400.0	18.88	515.56	1106
snapshot_11_19_2015_6_0.json	1447930800.0	18.88	515.56	1113
snapshot_11_20_2015_0_0.json	1447995600.0	18.88	515.56	1050
snapshot_11_20_2015_12_0.json	1448038800.0	20.05	515.56	1002
snapshot_11_21_2015_12_0.json	1448125200.0	18.87	515.56	672
snapshot_11_21_2015_18_0.json	1448146800.0	14.2	515.56	449
snapshot_11_22_2015_0_0.json	1448168400.0	0	0	0
snapshot_11_22_2015_12_0.json	1448211600.0	0	0	0
snapshot_11_22_2015_18_0.json	1448233200.0	0	0	0
snapshot_11_22_2015_6_0.json	1448190000.0	0	0	0
snapshot_11_23_2015_0_0.json	1448254800.0	0	0	0
snapshot_11_23_2015_12_0.json	1448298000.0	0	0	0
snapshot_11_23_2015_18_0.json	1448319600.0	0	0	0
snapshot_11_23_2015_6_0.json	1448276400.0	0	0	0
snapshot_11_24_2015_18_0.json	1448406000.0	0	0	0
9202147	2015-11-21T21:00:00Z	Auburn Tigers	Jordan-Hare Stadium	Alabama Birmingham|4945	36849
snapshot_11_16_2015_0_0.json	1447650000.0	25.9	1088	1014
snapshot_11_17_2015_0_0.json	1447736400.0	22.79	1088	1011
snapshot_11_17_2015_12_0.json	1447779600.0	25.9	1088	1039
snapshot_11_17_2015_18_0.json	1447801200.0	23.98	1088	1046
snapshot_11_17_2015_18_0.json	1447801200.0	23.98	1088	1046
snapshot_11_17_2015_6_0.json	1447758000.0	25.9	1088	1038
snapshot_11_17_2015_6_0.json	1447758000.0	25.9	1088	1038
snapshot_11_18_2015_0_0.json	1447822800.0	25.9	1088	1096
snapshot_11_18_2015_12_0.json	1447866000.0	25.9	1088	1060
snapshot_11_18_2015_18_0.json	1447887600.0	23.56	1088	1072
snapshot_11_18_2015_6_0.json	1447844400.0	25.9	1088	1070
snapshot_11_19_2015_0_0.json	1447909200.0	20.05	565.56	1090
snapshot_11_19_2015_12_0.json	1447952400.0	18.88	515.56	1106
snapshot_11_19_2015_6_0.json	1447930800.0	18.88	515.56	1113
snapshot_11_20_2015_0_0.json	1447995600.0	18.88	515.56	1050
snapshot_11_20_2015_12_0.json	1448038800.0	20.05	515.56	1002
snapshot_11_21_2015_12_0.json	1448125200.0	18.87	515.56	672
snapshot_11_21_2015_18_0.json	1448146800.0	14.2	515.56	449
snapshot_11_22_2015_0_0.json	1448168400.0	0	0	0
snapshot_11_22_2015_12_0.json	1448211600.0	0	0	0
snapshot_11_22_2015_18_0.json	1448233200.0	0	0	0
snapshot_11_22_2015_6_0.json	1448190000.0	0	0	0
snapshot_11_23_2015_0_0.json	1448254800.0	0	0	0
snapshot_11_23_2015_12_0.json	1448298000.0	0	0	0
snapshot_11_23_2015_18_0.json	1448319600.0	0	0	0
snapshot_11_23_2015_6_0.json	1448276400.0	0	0	0
snapshot_11_24_2015_18_0.json	1448406000.0	0	0	0
