9202169	2015-11-28T19:01:00Z	PARKING PASSES ONLY Alabama at Auburn	Jordan-Hare Stadium Parking Lots	Alabama Birmingham|4945	36849
snapshot_11_17_2015_0_0.json	1447736400.0	54.39	750	79
snapshot_11_17_2015_12_0.json	1447779600.0	52.81	800	98
snapshot_11_17_2015_18_0.json	1447801200.0	52.81	800	101
snapshot_11_17_2015_6_0.json	1447758000.0	43.45	800	99
snapshot_11_18_2015_0_0.json	1447822800.0	43.45	800	100
snapshot_11_18_2015_12_0.json	1447866000.0	43.39	800	93
snapshot_11_18_2015_18_0.json	1447887600.0	43.39	800	95
snapshot_11_18_2015_6_0.json	1447844400.0	43.39	800	103
snapshot_11_19_2015_0_0.json	1447909200.0	43.33	800	94
snapshot_11_19_2015_12_0.json	1447952400.0	43.33	800	96
snapshot_11_19_2015_6_0.json	1447930800.0	43.33	800	97
snapshot_11_20_2015_0_0.json	1447995600.0	43.32	800	98
snapshot_11_20_2015_12_0.json	1448038800.0	43.32	800	98
snapshot_11_21_2015_12_0.json	1448125200.0	37.59	800	96
snapshot_11_21_2015_12_0.json	1448125200.0	37.59	800	96
snapshot_11_21_2015_18_0.json	1448146800.0	37.59	800	95
snapshot_11_21_2015_18_0.json	1448146800.0	37.59	800	95
snapshot_11_22_2015_0_0.json	1448168400.0	52.81	633.03	80
snapshot_11_22_2015_12_0.json	1448211600.0	50.24	650	91
snapshot_11_22_2015_18_0.json	1448233200.0	46.96	650	92
snapshot_11_22_2015_6_0.json	1448190000.0	50.24	650	91
snapshot_11_22_2015_6_0.json	1448190000.0	50.24	650	91
snapshot_11_23_2015_0_0.json	1448254800.0	43.45	650	100
snapshot_11_23_2015_18_0.json	1448319600.0	37.6	650	78
snapshot_11_23_2015_18_0.json	1448319600.0	37.6	650	78
snapshot_11_23_2015_6_0.json	1448276400.0	43.44	650	80
snapshot_11_24_2015_0_0.json	1448341200.0	43.45	350	47
snapshot_11_24_2015_12_0.json	1448384400.0	47.55	350	49
snapshot_11_24_2015_12_0.json	1448384400.0	47.55	350	49
snapshot_11_24_2015_18_0.json	1448406000.0	48.07	1111.12	52
snapshot_11_25_2015_0_0.json	1448427600.0	48.07	420	62
snapshot_11_25_2015_12_0.json	1448470800.0	48.07	420	55
snapshot_11_25_2015_18_0.json	1448492400.0	48.07	315	53
snapshot_11_25_2015_6_0.json	1448449200.0	48.07	420	55
snapshot_11_26_2015_0_0.json	1448514000.0	48.42	295	36
snapshot_11_27_2015_18_0.json	1448665200.0	47.78	220	35
snapshot_11_28_2015_0_0.json	1448686800.0	49.29	220	34
snapshot_11_28_2015_12_0.json	1448730000.0	49.29	220	26
snapshot_11_28_2015_18_0.json	1448751600.0	49.17	125	10
snapshot_11_28_2015_6_0.json	1448708400.0	49.29	220	23
snapshot_11_29_2015_12_0.json	1448816400.0	0	0	0
snapshot_11_29_2015_18_0.json	1448838000.0	0	0	0
snapshot_11_29_2015_6_0.json	1448794800.0	0	0	0
snapshot_11_30_2015_0_0.json	1448859600.0	0	0	0
snapshot_11_30_2015_12_0.json	1448902800.0	0	0	0
snapshot_12_3_2015_0_0.json	1449118800.0	0	0	0
snapshot_12_3_2015_0_0.json	1449118800.0	0	0	0
snapshot_12_3_2015_12_0.json	1449162000.0	0	0	0
9202169	2015-11-28T19:01:00Z	PARKING PASSES ONLY Alabama at Auburn	Jordan-Hare Stadium Parking Lots	Alabama Birmingham|4945	36849
snapshot_11_17_2015_0_0.json	1447736400.0	54.39	750	79
snapshot_11_17_2015_12_0.json	1447779600.0	52.81	800	98
snapshot_11_17_2015_18_0.json	1447801200.0	52.81	800	101
snapshot_11_17_2015_6_0.json	1447758000.0	43.45	800	99
snapshot_11_18_2015_0_0.json	1447822800.0	43.45	800	100
snapshot_11_18_2015_12_0.json	1447866000.0	43.39	800	93
snapshot_11_18_2015_18_0.json	1447887600.0	43.39	800	95
snapshot_11_18_2015_6_0.json	1447844400.0	43.39	800	103
snapshot_11_19_2015_0_0.json	1447909200.0	43.33	800	94
snapshot_11_19_2015_12_0.json	1447952400.0	43.33	800	96
snapshot_11_19_2015_6_0.json	1447930800.0	43.33	800	97
snapshot_11_20_2015_0_0.json	1447995600.0	43.32	800	98
snapshot_11_20_2015_12_0.json	1448038800.0	43.32	800	98
snapshot_11_21_2015_12_0.json	1448125200.0	37.59	800	96
snapshot_11_21_2015_12_0.json	1448125200.0	37.59	800	96
snapshot_11_21_2015_18_0.json	1448146800.0	37.59	800	95
snapshot_11_21_2015_18_0.json	1448146800.0	37.59	800	95
snapshot_11_22_2015_0_0.json	1448168400.0	52.81	633.03	80
snapshot_11_22_2015_12_0.json	1448211600.0	50.24	650	91
snapshot_11_22_2015_18_0.json	1448233200.0	46.96	650	92
snapshot_11_22_2015_6_0.json	1448190000.0	50.24	650	91
snapshot_11_22_2015_6_0.json	1448190000.0	50.24	650	91
snapshot_11_23_2015_0_0.json	1448254800.0	43.45	650	100
snapshot_11_23_2015_18_0.json	1448319600.0	37.6	650	78
snapshot_11_23_2015_18_0.json	1448319600.0	37.6	650	78
snapshot_11_23_2015_6_0.json	1448276400.0	43.44	650	80
snapshot_11_24_2015_0_0.json	1448341200.0	43.45	350	47
snapshot_11_24_2015_12_0.json	1448384400.0	47.55	350	49
snapshot_11_24_2015_12_0.json	1448384400.0	47.55	350	49
snapshot_11_24_2015_18_0.json	1448406000.0	48.07	1111.12	52
snapshot_11_25_2015_0_0.json	1448427600.0	48.07	420	62
snapshot_11_25_2015_12_0.json	1448470800.0	48.07	420	55
snapshot_11_25_2015_18_0.json	1448492400.0	48.07	315	53
snapshot_11_25_2015_6_0.json	1448449200.0	48.07	420	55
snapshot_11_26_2015_0_0.json	1448514000.0	48.42	295	36
snapshot_11_27_2015_18_0.json	1448665200.0	47.78	220	35
snapshot_11_28_2015_0_0.json	1448686800.0	49.29	220	34
snapshot_11_28_2015_12_0.json	1448730000.0	49.29	220	26
snapshot_11_28_2015_18_0.json	1448751600.0	49.17	125	10
snapshot_11_28_2015_6_0.json	1448708400.0	49.29	220	23
snapshot_11_29_2015_12_0.json	1448816400.0	0	0	0
snapshot_11_29_2015_18_0.json	1448838000.0	0	0	0
snapshot_11_29_2015_6_0.json	1448794800.0	0	0	0
snapshot_11_30_2015_0_0.json	1448859600.0	0	0	0
snapshot_11_30_2015_12_0.json	1448902800.0	0	0	0
snapshot_12_3_2015_0_0.json	1449118800.0	0	0	0
snapshot_12_3_2015_0_0.json	1449118800.0	0	0	0
snapshot_12_3_2015_12_0.json	1449162000.0	0	0	0
9202169	2015-11-28T19:01:00Z	PARKING PASSES ONLY Alabama at Auburn	Jordan-Hare Stadium Parking Lots	Alabama Birmingham|4945	36849
snapshot_11_17_2015_0_0.json	1447736400.0	54.39	750	79
snapshot_11_17_2015_12_0.json	1447779600.0	52.81	800	98
snapshot_11_17_2015_18_0.json	1447801200.0	52.81	800	101
snapshot_11_17_2015_6_0.json	1447758000.0	43.45	800	99
snapshot_11_18_2015_0_0.json	1447822800.0	43.45	800	100
snapshot_11_18_2015_12_0.json	1447866000.0	43.39	800	93
snapshot_11_18_2015_18_0.json	1447887600.0	43.39	800	95
snapshot_11_18_2015_6_0.json	1447844400.0	43.39	800	103
snapshot_11_19_2015_0_0.json	1447909200.0	43.33	800	94
snapshot_11_19_2015_12_0.json	1447952400.0	43.33	800	96
snapshot_11_19_2015_6_0.json	1447930800.0	43.33	800	97
snapshot_11_20_2015_0_0.json	1447995600.0	43.32	800	98
snapshot_11_20_2015_12_0.json	1448038800.0	43.32	800	98
snapshot_11_21_2015_12_0.json	1448125200.0	37.59	800	96
snapshot_11_21_2015_12_0.json	1448125200.0	37.59	800	96
snapshot_11_21_2015_18_0.json	1448146800.0	37.59	800	95
snapshot_11_21_2015_18_0.json	1448146800.0	37.59	800	95
snapshot_11_22_2015_0_0.json	1448168400.0	52.81	633.03	80
snapshot_11_22_2015_12_0.json	1448211600.0	50.24	650	91
snapshot_11_22_2015_18_0.json	1448233200.0	46.96	650	92
snapshot_11_22_2015_6_0.json	1448190000.0	50.24	650	91
snapshot_11_22_2015_6_0.json	1448190000.0	50.24	650	91
snapshot_11_23_2015_0_0.json	1448254800.0	43.45	650	100
snapshot_11_23_2015_18_0.json	1448319600.0	37.6	650	78
snapshot_11_23_2015_18_0.json	1448319600.0	37.6	650	78
snapshot_11_23_2015_6_0.json	1448276400.0	43.44	650	80
snapshot_11_24_2015_0_0.json	1448341200.0	43.45	350	47
snapshot_11_24_2015_12_0.json	1448384400.0	47.55	350	49
snapshot_11_24_2015_12_0.json	1448384400.0	47.55	350	49
snapshot_11_24_2015_18_0.json	1448406000.0	48.07	1111.12	52
snapshot_11_25_2015_0_0.json	1448427600.0	48.07	420	62
snapshot_11_25_2015_12_0.json	1448470800.0	48.07	420	55
snapshot_11_25_2015_18_0.json	1448492400.0	48.07	315	53
snapshot_11_25_2015_6_0.json	1448449200.0	48.07	420	55
snapshot_11_26_2015_0_0.json	1448514000.0	48.42	295	36
snapshot_11_27_2015_18_0.json	1448665200.0	47.78	220	35
snapshot_11_28_2015_0_0.json	1448686800.0	49.29	220	34
snapshot_11_28_2015_12_0.json	1448730000.0	49.29	220	26
snapshot_11_28_2015_18_0.json	1448751600.0	49.17	125	10
snapshot_11_28_2015_6_0.json	1448708400.0	49.29	220	23
snapshot_11_29_2015_12_0.json	1448816400.0	0	0	0
snapshot_11_29_2015_18_0.json	1448838000.0	0	0	0
snapshot_11_29_2015_6_0.json	1448794800.0	0	0	0
snapshot_11_30_2015_0_0.json	1448859600.0	0	0	0
snapshot_11_30_2015_12_0.json	1448902800.0	0	0	0
snapshot_12_3_2015_0_0.json	1449118800.0	0	0	0
snapshot_12_3_2015_0_0.json	1449118800.0	0	0	0
snapshot_12_3_2015_12_0.json	1449162000.0	0	0	0
9202169	2015-11-28T19:01:00Z	PARKING PASSES ONLY Alabama at Auburn	Jordan-Hare Stadium Parking Lots	Alabama Birmingham|4945	36849
snapshot_11_17_2015_0_0.json	1447736400.0	54.39	750	79
snapshot_11_17_2015_12_0.json	1447779600.0	52.81	800	98
snapshot_11_17_2015_18_0.json	1447801200.0	52.81	800	101
snapshot_11_17_2015_6_0.json	1447758000.0	43.45	800	99
snapshot_11_18_2015_0_0.json	1447822800.0	43.45	800	100
snapshot_11_18_2015_12_0.json	1447866000.0	43.39	800	93
snapshot_11_18_2015_18_0.json	1447887600.0	43.39	800	95
snapshot_11_18_2015_6_0.json	1447844400.0	43.39	800	103
snapshot_11_19_2015_0_0.json	1447909200.0	43.33	800	94
snapshot_11_19_2015_12_0.json	1447952400.0	43.33	800	96
snapshot_11_19_2015_6_0.json	1447930800.0	43.33	800	97
snapshot_11_20_2015_0_0.json	1447995600.0	43.32	800	98
snapshot_11_20_2015_12_0.json	1448038800.0	43.32	800	98
snapshot_11_21_2015_12_0.json	1448125200.0	37.59	800	96
snapshot_11_21_2015_12_0.json	1448125200.0	37.59	800	96
snapshot_11_21_2015_18_0.json	1448146800.0	37.59	800	95
snapshot_11_21_2015_18_0.json	1448146800.0	37.59	800	95
snapshot_11_22_2015_0_0.json	1448168400.0	52.81	633.03	80
snapshot_11_22_2015_12_0.json	1448211600.0	50.24	650	91
snapshot_11_22_2015_18_0.json	1448233200.0	46.96	650	92
snapshot_11_22_2015_6_0.json	1448190000.0	50.24	650	91
snapshot_11_22_2015_6_0.json	1448190000.0	50.24	650	91
snapshot_11_23_2015_0_0.json	1448254800.0	43.45	650	100
snapshot_11_23_2015_18_0.json	1448319600.0	37.6	650	78
snapshot_11_23_2015_18_0.json	1448319600.0	37.6	650	78
snapshot_11_23_2015_6_0.json	1448276400.0	43.44	650	80
snapshot_11_24_2015_0_0.json	1448341200.0	43.45	350	47
snapshot_11_24_2015_12_0.json	1448384400.0	47.55	350	49
snapshot_11_24_2015_12_0.json	1448384400.0	47.55	350	49
snapshot_11_24_2015_18_0.json	1448406000.0	48.07	1111.12	52
snapshot_11_25_2015_0_0.json	1448427600.0	48.07	420	62
snapshot_11_25_2015_12_0.json	1448470800.0	48.07	420	55
snapshot_11_25_2015_18_0.json	1448492400.0	48.07	315	53
snapshot_11_25_2015_6_0.json	1448449200.0	48.07	420	55
snapshot_11_26_2015_0_0.json	1448514000.0	48.42	295	36
snapshot_11_27_2015_18_0.json	1448665200.0	47.78	220	35
snapshot_11_28_2015_0_0.json	1448686800.0	49.29	220	34
snapshot_11_28_2015_12_0.json	1448730000.0	49.29	220	26
snapshot_11_28_2015_18_0.json	1448751600.0	49.17	125	10
snapshot_11_28_2015_6_0.json	1448708400.0	49.29	220	23
snapshot_11_29_2015_12_0.json	1448816400.0	0	0	0
snapshot_11_29_2015_18_0.json	1448838000.0	0	0	0
snapshot_11_29_2015_6_0.json	1448794800.0	0	0	0
snapshot_11_30_2015_0_0.json	1448859600.0	0	0	0
snapshot_11_30_2015_12_0.json	1448902800.0	0	0	0
snapshot_12_3_2015_0_0.json	1449118800.0	0	0	0
snapshot_12_3_2015_0_0.json	1449118800.0	0	0	0
snapshot_12_3_2015_12_0.json	1449162000.0	0	0	0
