9202174	2015-11-21T17:01:00Z	PARKING PASSES ONLY Illinois Fighting Illini at Minnesota Golden Gophers	TCF Bank Stadium Parking Lots	Minnesota Minneapolis|680	55455
snapshot_11_16_2015_0_0.json	1447650000.0	28.64	153.63	54
snapshot_11_17_2015_0_0.json	1447736400.0	28.64	153.63	52
snapshot_11_17_2015_0_0.json	1447736400.0	28.64	153.63	52
snapshot_11_17_2015_6_0.json	1447758000.0	28.64	153.63	51
snapshot_11_17_2015_6_0.json	1447758000.0	28.64	153.63	51
snapshot_11_18_2015_0_0.json	1447822800.0	28.64	153.63	49
snapshot_11_18_2015_0_0.json	1447822800.0	28.64	153.63	49
snapshot_11_18_2015_12_0.json	1447866000.0	28.64	153.63	48
snapshot_11_18_2015_18_0.json	1447887600.0	28.64	153.63	49
snapshot_11_18_2015_6_0.json	1447844400.0	28.64	153.63	48
snapshot_11_19_2015_0_0.json	1447909200.0	34.49	74.99	35
snapshot_11_19_2015_12_0.json	1447952400.0	34.49	74.99	34
snapshot_11_19_2015_6_0.json	1447930800.0	34.49	74.99	34
snapshot_11_20_2015_0_0.json	1447995600.0	34.49	69.99	22
snapshot_11_20_2015_12_0.json	1448038800.0	34.49	69.99	21
snapshot_11_21_2015_12_0.json	1448125200.0	34.49	64.99	20
snapshot_11_21_2015_18_0.json	1448146800.0	0	0	0
snapshot_11_22_2015_0_0.json	1448168400.0	0	0	0
snapshot_11_22_2015_0_0.json	1448168400.0	0	0	0
snapshot_11_22_2015_18_0.json	1448233200.0	0	0	0
snapshot_11_22_2015_6_0.json	1448190000.0	0	0	0
snapshot_11_23_2015_0_0.json	1448254800.0	0	0	0
snapshot_11_23_2015_6_0.json	1448276400.0	0	0	0
snapshot_11_23_2015_6_0.json	1448276400.0	0	0	0
snapshot_11_28_2015_12_0.json	1448730000.0	0	0	0
9202174	2015-11-21T17:01:00Z	PARKING PASSES ONLY Illinois Fighting Illini at Minnesota Golden Gophers	TCF Bank Stadium Parking Lots	Minnesota Minneapolis|680	55455
snapshot_11_16_2015_0_0.json	1447650000.0	28.64	153.63	54
snapshot_11_17_2015_0_0.json	1447736400.0	28.64	153.63	52
snapshot_11_17_2015_0_0.json	1447736400.0	28.64	153.63	52
snapshot_11_17_2015_6_0.json	1447758000.0	28.64	153.63	51
snapshot_11_17_2015_6_0.json	1447758000.0	28.64	153.63	51
snapshot_11_18_2015_0_0.json	1447822800.0	28.64	153.63	49
snapshot_11_18_2015_0_0.json	1447822800.0	28.64	153.63	49
snapshot_11_18_2015_12_0.json	1447866000.0	28.64	153.63	48
snapshot_11_18_2015_18_0.json	1447887600.0	28.64	153.63	49
snapshot_11_18_2015_6_0.json	1447844400.0	28.64	153.63	48
snapshot_11_19_2015_0_0.json	1447909200.0	34.49	74.99	35
snapshot_11_19_2015_12_0.json	1447952400.0	34.49	74.99	34
snapshot_11_19_2015_6_0.json	1447930800.0	34.49	74.99	34
snapshot_11_20_2015_0_0.json	1447995600.0	34.49	69.99	22
snapshot_11_20_2015_12_0.json	1448038800.0	34.49	69.99	21
snapshot_11_21_2015_12_0.json	1448125200.0	34.49	64.99	20
snapshot_11_21_2015_18_0.json	1448146800.0	0	0	0
snapshot_11_22_2015_0_0.json	1448168400.0	0	0	0
snapshot_11_22_2015_0_0.json	1448168400.0	0	0	0
snapshot_11_22_2015_18_0.json	1448233200.0	0	0	0
snapshot_11_22_2015_6_0.json	1448190000.0	0	0	0
snapshot_11_23_2015_0_0.json	1448254800.0	0	0	0
snapshot_11_23_2015_6_0.json	1448276400.0	0	0	0
snapshot_11_23_2015_6_0.json	1448276400.0	0	0	0
snapshot_11_28_2015_12_0.json	1448730000.0	0	0	0
9202174	2015-11-21T17:01:00Z	PARKING PASSES ONLY Illinois Fighting Illini at Minnesota Golden Gophers	TCF Bank Stadium Parking Lots	Minnesota Minneapolis|680	55455
snapshot_11_16_2015_0_0.json	1447650000.0	28.64	153.63	54
snapshot_11_17_2015_0_0.json	1447736400.0	28.64	153.63	52
snapshot_11_17_2015_0_0.json	1447736400.0	28.64	153.63	52
snapshot_11_17_2015_6_0.json	1447758000.0	28.64	153.63	51
snapshot_11_17_2015_6_0.json	1447758000.0	28.64	153.63	51
snapshot_11_18_2015_0_0.json	1447822800.0	28.64	153.63	49
snapshot_11_18_2015_0_0.json	1447822800.0	28.64	153.63	49
snapshot_11_18_2015_12_0.json	1447866000.0	28.64	153.63	48
snapshot_11_18_2015_18_0.json	1447887600.0	28.64	153.63	49
snapshot_11_18_2015_6_0.json	1447844400.0	28.64	153.63	48
snapshot_11_19_2015_0_0.json	1447909200.0	34.49	74.99	35
snapshot_11_19_2015_12_0.json	1447952400.0	34.49	74.99	34
snapshot_11_19_2015_6_0.json	1447930800.0	34.49	74.99	34
snapshot_11_20_2015_0_0.json	1447995600.0	34.49	69.99	22
snapshot_11_20_2015_12_0.json	1448038800.0	34.49	69.99	21
snapshot_11_21_2015_12_0.json	1448125200.0	34.49	64.99	20
snapshot_11_21_2015_18_0.json	1448146800.0	0	0	0
snapshot_11_22_2015_0_0.json	1448168400.0	0	0	0
snapshot_11_22_2015_0_0.json	1448168400.0	0	0	0
snapshot_11_22_2015_18_0.json	1448233200.0	0	0	0
snapshot_11_22_2015_6_0.json	1448190000.0	0	0	0
snapshot_11_23_2015_0_0.json	1448254800.0	0	0	0
snapshot_11_23_2015_6_0.json	1448276400.0	0	0	0
snapshot_11_23_2015_6_0.json	1448276400.0	0	0	0
snapshot_11_28_2015_12_0.json	1448730000.0	0	0	0
9202174	2015-11-21T17:01:00Z	PARKING PASSES ONLY Illinois Fighting Illini at Minnesota Golden Gophers	TCF Bank Stadium Parking Lots	Minnesota Minneapolis|680	55455
snapshot_11_16_2015_0_0.json	1447650000.0	28.64	153.63	54
snapshot_11_17_2015_0_0.json	1447736400.0	28.64	153.63	52
snapshot_11_17_2015_0_0.json	1447736400.0	28.64	153.63	52
snapshot_11_17_2015_6_0.json	1447758000.0	28.64	153.63	51
snapshot_11_17_2015_6_0.json	1447758000.0	28.64	153.63	51
snapshot_11_18_2015_0_0.json	1447822800.0	28.64	153.63	49
snapshot_11_18_2015_0_0.json	1447822800.0	28.64	153.63	49
snapshot_11_18_2015_12_0.json	1447866000.0	28.64	153.63	48
snapshot_11_18_2015_18_0.json	1447887600.0	28.64	153.63	49
snapshot_11_18_2015_6_0.json	1447844400.0	28.64	153.63	48
snapshot_11_19_2015_0_0.json	1447909200.0	34.49	74.99	35
snapshot_11_19_2015_12_0.json	1447952400.0	34.49	74.99	34
snapshot_11_19_2015_6_0.json	1447930800.0	34.49	74.99	34
snapshot_11_20_2015_0_0.json	1447995600.0	34.49	69.99	22
snapshot_11_20_2015_12_0.json	1448038800.0	34.49	69.99	21
snapshot_11_21_2015_12_0.json	1448125200.0	34.49	64.99	20
snapshot_11_21_2015_18_0.json	1448146800.0	0	0	0
snapshot_11_22_2015_0_0.json	1448168400.0	0	0	0
snapshot_11_22_2015_0_0.json	1448168400.0	0	0	0
snapshot_11_22_2015_18_0.json	1448233200.0	0	0	0
snapshot_11_22_2015_6_0.json	1448190000.0	0	0	0
snapshot_11_23_2015_0_0.json	1448254800.0	0	0	0
snapshot_11_23_2015_6_0.json	1448276400.0	0	0	0
snapshot_11_23_2015_6_0.json	1448276400.0	0	0	0
snapshot_11_28_2015_12_0.json	1448730000.0	0	0	0
