9202118	2015-12-04T01:30:00Z	Amy Grant	Ryman Auditorium	Tennessee Nashville|700	37219
snapshot_11_16_2015_0_0.json	1447650000.0	96.1	360	125
snapshot_11_17_2015_12_0.json	1447779600.0	96.1	360	133
snapshot_11_17_2015_18_0.json	1447801200.0	93.76	360	143
snapshot_11_17_2015_6_0.json	1447758000.0	96.1	360	131
snapshot_11_18_2015_0_0.json	1447822800.0	96.1	360	133
snapshot_11_18_2015_18_0.json	1447887600.0	96.1	360	133
snapshot_11_18_2015_18_0.json	1447887600.0	96.1	360	133
snapshot_11_18_2015_6_0.json	1447844400.0	96.1	360	133
snapshot_11_19_2015_0_0.json	1447909200.0	94.93	360	133
snapshot_11_19_2015_12_0.json	1447952400.0	94.93	360	133
snapshot_11_19_2015_6_0.json	1447930800.0	94.93	360	131
snapshot_11_20_2015_0_0.json	1447995600.0	94.93	9000	135
snapshot_11_20_2015_12_0.json	1448038800.0	93.76	360	135
snapshot_11_21_2015_12_0.json	1448125200.0	93.76	360	137
snapshot_11_21_2015_18_0.json	1448146800.0	93.76	360	137
snapshot_11_22_2015_12_0.json	1448211600.0	93.76	360	135
snapshot_11_22_2015_18_0.json	1448233200.0	92.59	360	128
snapshot_11_22_2015_18_0.json	1448233200.0	92.59	360	128
snapshot_11_22_2015_6_0.json	1448190000.0	93.76	360	135
snapshot_11_23_2015_0_0.json	1448254800.0	92.59	360	130
snapshot_11_23_2015_12_0.json	1448298000.0	92.59	360	127
snapshot_11_23_2015_18_0.json	1448319600.0	92.59	360	125
snapshot_11_23_2015_6_0.json	1448276400.0	92.59	360	129
snapshot_11_24_2015_12_0.json	1448384400.0	91.42	360	123
snapshot_11_24_2015_12_0.json	1448384400.0	91.42	360	123
snapshot_11_24_2015_18_0.json	1448406000.0	91.42	360	117
snapshot_11_24_2015_6_0.json	1448362800.0	91.42	360	123
snapshot_11_25_2015_0_0.json	1448427600.0	91.42	360	107
snapshot_11_25_2015_12_0.json	1448470800.0	91.42	360	107
snapshot_11_25_2015_18_0.json	1448492400.0	96.1	360	103
snapshot_11_26_2015_0_0.json	1448514000.0	94.93	360	97
snapshot_11_26_2015_0_0.json	1448514000.0	94.93	360	97
snapshot_11_27_2015_18_0.json	1448665200.0	84.4	360	95
snapshot_11_28_2015_0_0.json	1448686800.0	90.25	360	91
snapshot_11_28_2015_12_0.json	1448730000.0	90.25	360	91
snapshot_11_28_2015_18_0.json	1448751600.0	90.25	360	86
snapshot_11_29_2015_0_0.json	1448773200.0	88.13	282	78
snapshot_11_29_2015_0_0.json	1448773200.0	88.13	282	78
snapshot_11_29_2015_12_0.json	1448816400.0	88.13	282	76
snapshot_11_29_2015_18_0.json	1448838000.0	86.74	220	70
snapshot_11_29_2015_6_0.json	1448794800.0	88.13	282	76
snapshot_11_30_2015_0_0.json	1448859600.0	91.42	220	61
snapshot_11_30_2015_0_0.json	1448859600.0	91.42	220	61
snapshot_11_30_2015_12_0.json	1448902800.0	90.25	220	55
snapshot_11_30_2015_18_0.json	1448924400.0	86.74	218	51
snapshot_11_30_2015_6_0.json	1448881200.0	91.42	220	55
snapshot_12_1_2015_0_0.json	1448946000.0	84.4	218	65
snapshot_12_1_2015_12_0.json	1448989200.0	84.18	218	58
snapshot_12_1_2015_18_0.json	1449010800.0	83.23	218	60
snapshot_12_1_2015_6_0.json	1448967600.0	84.18	218	58
snapshot_12_2_2015_0_0.json	1449032400.0	78.55	218	58
snapshot_12_2_2015_12_0.json	1449075600.0	72.7	218	47
snapshot_12_2_2015_6_0.json	1449054000.0	72.7	218	47
snapshot_12_3_2015_0_0.json	1449118800.0	61	218	38
snapshot_12_3_2015_12_0.json	1449162000.0	61	218	33
snapshot_12_3_2015_18_0.json	1449183600.0	63.38	218	14
snapshot_12_3_2015_6_0.json	1449140400.0	61	218	33
snapshot_12_3_2015_6_0.json	1449140400.0	61	218	33
snapshot_12_4_2015_0_0.json	1449205200.0	257.56	218	1
snapshot_12_4_2015_12_0.json	1449248400.0	0	0	0
snapshot_12_4_2015_12_0.json	1449248400.0	0	0	0
snapshot_12_4_2015_18_0.json	1449270000.0	0	0	0
snapshot_12_4_2015_6_0.json	1449226800.0	0	0	0
snapshot_12_5_2015_0_0.json	1449291600.0	0	0	0
snapshot_12_5_2015_12_0.json	1449334800.0	0	0	0
snapshot_12_5_2015_18_0.json	1449356400.0	0	0	0
9202118	2015-12-04T01:30:00Z	Amy Grant	Ryman Auditorium	Tennessee Nashville|700	37219
snapshot_11_16_2015_0_0.json	1447650000.0	96.1	360	125
snapshot_11_17_2015_12_0.json	1447779600.0	96.1	360	133
snapshot_11_17_2015_18_0.json	1447801200.0	93.76	360	143
snapshot_11_17_2015_6_0.json	1447758000.0	96.1	360	131
snapshot_11_18_2015_0_0.json	1447822800.0	96.1	360	133
snapshot_11_18_2015_18_0.json	1447887600.0	96.1	360	133
snapshot_11_18_2015_18_0.json	1447887600.0	96.1	360	133
snapshot_11_18_2015_6_0.json	1447844400.0	96.1	360	133
snapshot_11_19_2015_0_0.json	1447909200.0	94.93	360	133
snapshot_11_19_2015_12_0.json	1447952400.0	94.93	360	133
snapshot_11_19_2015_6_0.json	1447930800.0	94.93	360	131
snapshot_11_20_2015_0_0.json	1447995600.0	94.93	9000	135
snapshot_11_20_2015_12_0.json	1448038800.0	93.76	360	135
snapshot_11_21_2015_12_0.json	1448125200.0	93.76	360	137
snapshot_11_21_2015_18_0.json	1448146800.0	93.76	360	137
snapshot_11_22_2015_12_0.json	1448211600.0	93.76	360	135
snapshot_11_22_2015_18_0.json	1448233200.0	92.59	360	128
snapshot_11_22_2015_18_0.json	1448233200.0	92.59	360	128
snapshot_11_22_2015_6_0.json	1448190000.0	93.76	360	135
snapshot_11_23_2015_0_0.json	1448254800.0	92.59	360	130
snapshot_11_23_2015_12_0.json	1448298000.0	92.59	360	127
snapshot_11_23_2015_18_0.json	1448319600.0	92.59	360	125
snapshot_11_23_2015_6_0.json	1448276400.0	92.59	360	129
snapshot_11_24_2015_12_0.json	1448384400.0	91.42	360	123
snapshot_11_24_2015_12_0.json	1448384400.0	91.42	360	123
snapshot_11_24_2015_18_0.json	1448406000.0	91.42	360	117
snapshot_11_24_2015_6_0.json	1448362800.0	91.42	360	123
snapshot_11_25_2015_0_0.json	1448427600.0	91.42	360	107
snapshot_11_25_2015_12_0.json	1448470800.0	91.42	360	107
snapshot_11_25_2015_18_0.json	1448492400.0	96.1	360	103
snapshot_11_26_2015_0_0.json	1448514000.0	94.93	360	97
snapshot_11_26_2015_0_0.json	1448514000.0	94.93	360	97
snapshot_11_27_2015_18_0.json	1448665200.0	84.4	360	95
snapshot_11_28_2015_0_0.json	1448686800.0	90.25	360	91
snapshot_11_28_2015_12_0.json	1448730000.0	90.25	360	91
snapshot_11_28_2015_18_0.json	1448751600.0	90.25	360	86
snapshot_11_29_2015_0_0.json	1448773200.0	88.13	282	78
snapshot_11_29_2015_0_0.json	1448773200.0	88.13	282	78
snapshot_11_29_2015_12_0.json	1448816400.0	88.13	282	76
snapshot_11_29_2015_18_0.json	1448838000.0	86.74	220	70
snapshot_11_29_2015_6_0.json	1448794800.0	88.13	282	76
snapshot_11_30_2015_0_0.json	1448859600.0	91.42	220	61
snapshot_11_30_2015_0_0.json	1448859600.0	91.42	220	61
snapshot_11_30_2015_12_0.json	1448902800.0	90.25	220	55
snapshot_11_30_2015_18_0.json	1448924400.0	86.74	218	51
snapshot_11_30_2015_6_0.json	1448881200.0	91.42	220	55
snapshot_12_1_2015_0_0.json	1448946000.0	84.4	218	65
snapshot_12_1_2015_12_0.json	1448989200.0	84.18	218	58
snapshot_12_1_2015_18_0.json	1449010800.0	83.23	218	60
snapshot_12_1_2015_6_0.json	1448967600.0	84.18	218	58
snapshot_12_2_2015_0_0.json	1449032400.0	78.55	218	58
snapshot_12_2_2015_12_0.json	1449075600.0	72.7	218	47
snapshot_12_2_2015_6_0.json	1449054000.0	72.7	218	47
snapshot_12_3_2015_0_0.json	1449118800.0	61	218	38
snapshot_12_3_2015_12_0.json	1449162000.0	61	218	33
snapshot_12_3_2015_18_0.json	1449183600.0	63.38	218	14
snapshot_12_3_2015_6_0.json	1449140400.0	61	218	33
snapshot_12_3_2015_6_0.json	1449140400.0	61	218	33
snapshot_12_4_2015_0_0.json	1449205200.0	257.56	218	1
snapshot_12_4_2015_12_0.json	1449248400.0	0	0	0
snapshot_12_4_2015_12_0.json	1449248400.0	0	0	0
snapshot_12_4_2015_18_0.json	1449270000.0	0	0	0
snapshot_12_4_2015_6_0.json	1449226800.0	0	0	0
snapshot_12_5_2015_0_0.json	1449291600.0	0	0	0
snapshot_12_5_2015_12_0.json	1449334800.0	0	0	0
snapshot_12_5_2015_18_0.json	1449356400.0	0	0	0
9202118	2015-12-04T01:30:00Z	Amy Grant	Ryman Auditorium	Tennessee Nashville|700	37219
snapshot_11_16_2015_0_0.json	1447650000.0	96.1	360	125
snapshot_11_17_2015_12_0.json	1447779600.0	96.1	360	133
snapshot_11_17_2015_18_0.json	1447801200.0	93.76	360	143
snapshot_11_17_2015_6_0.json	1447758000.0	96.1	360	131
snapshot_11_18_2015_0_0.json	1447822800.0	96.1	360	133
snapshot_11_18_2015_18_0.json	1447887600.0	96.1	360	133
snapshot_11_18_2015_18_0.json	1447887600.0	96.1	360	133
snapshot_11_18_2015_6_0.json	1447844400.0	96.1	360	133
snapshot_11_19_2015_0_0.json	1447909200.0	94.93	360	133
snapshot_11_19_2015_12_0.json	1447952400.0	94.93	360	133
snapshot_11_19_2015_6_0.json	1447930800.0	94.93	360	131
snapshot_11_20_2015_0_0.json	1447995600.0	94.93	9000	135
snapshot_11_20_2015_12_0.json	1448038800.0	93.76	360	135
snapshot_11_21_2015_12_0.json	1448125200.0	93.76	360	137
snapshot_11_21_2015_18_0.json	1448146800.0	93.76	360	137
snapshot_11_22_2015_12_0.json	1448211600.0	93.76	360	135
snapshot_11_22_2015_18_0.json	1448233200.0	92.59	360	128
snapshot_11_22_2015_18_0.json	1448233200.0	92.59	360	128
snapshot_11_22_2015_6_0.json	1448190000.0	93.76	360	135
snapshot_11_23_2015_0_0.json	1448254800.0	92.59	360	130
snapshot_11_23_2015_12_0.json	1448298000.0	92.59	360	127
snapshot_11_23_2015_18_0.json	1448319600.0	92.59	360	125
snapshot_11_23_2015_6_0.json	1448276400.0	92.59	360	129
snapshot_11_24_2015_12_0.json	1448384400.0	91.42	360	123
snapshot_11_24_2015_12_0.json	1448384400.0	91.42	360	123
snapshot_11_24_2015_18_0.json	1448406000.0	91.42	360	117
snapshot_11_24_2015_6_0.json	1448362800.0	91.42	360	123
snapshot_11_25_2015_0_0.json	1448427600.0	91.42	360	107
snapshot_11_25_2015_12_0.json	1448470800.0	91.42	360	107
snapshot_11_25_2015_18_0.json	1448492400.0	96.1	360	103
snapshot_11_26_2015_0_0.json	1448514000.0	94.93	360	97
snapshot_11_26_2015_0_0.json	1448514000.0	94.93	360	97
snapshot_11_27_2015_18_0.json	1448665200.0	84.4	360	95
snapshot_11_28_2015_0_0.json	1448686800.0	90.25	360	91
snapshot_11_28_2015_12_0.json	1448730000.0	90.25	360	91
snapshot_11_28_2015_18_0.json	1448751600.0	90.25	360	86
snapshot_11_29_2015_0_0.json	1448773200.0	88.13	282	78
snapshot_11_29_2015_0_0.json	1448773200.0	88.13	282	78
snapshot_11_29_2015_12_0.json	1448816400.0	88.13	282	76
snapshot_11_29_2015_18_0.json	1448838000.0	86.74	220	70
snapshot_11_29_2015_6_0.json	1448794800.0	88.13	282	76
snapshot_11_30_2015_0_0.json	1448859600.0	91.42	220	61
snapshot_11_30_2015_0_0.json	1448859600.0	91.42	220	61
snapshot_11_30_2015_12_0.json	1448902800.0	90.25	220	55
snapshot_11_30_2015_18_0.json	1448924400.0	86.74	218	51
snapshot_11_30_2015_6_0.json	1448881200.0	91.42	220	55
snapshot_12_1_2015_0_0.json	1448946000.0	84.4	218	65
snapshot_12_1_2015_12_0.json	1448989200.0	84.18	218	58
snapshot_12_1_2015_18_0.json	1449010800.0	83.23	218	60
snapshot_12_1_2015_6_0.json	1448967600.0	84.18	218	58
snapshot_12_2_2015_0_0.json	1449032400.0	78.55	218	58
snapshot_12_2_2015_12_0.json	1449075600.0	72.7	218	47
snapshot_12_2_2015_6_0.json	1449054000.0	72.7	218	47
snapshot_12_3_2015_0_0.json	1449118800.0	61	218	38
snapshot_12_3_2015_12_0.json	1449162000.0	61	218	33
snapshot_12_3_2015_18_0.json	1449183600.0	63.38	218	14
snapshot_12_3_2015_6_0.json	1449140400.0	61	218	33
snapshot_12_3_2015_6_0.json	1449140400.0	61	218	33
snapshot_12_4_2015_0_0.json	1449205200.0	257.56	218	1
snapshot_12_4_2015_12_0.json	1449248400.0	0	0	0
snapshot_12_4_2015_12_0.json	1449248400.0	0	0	0
snapshot_12_4_2015_18_0.json	1449270000.0	0	0	0
snapshot_12_4_2015_6_0.json	1449226800.0	0	0	0
snapshot_12_5_2015_0_0.json	1449291600.0	0	0	0
snapshot_12_5_2015_12_0.json	1449334800.0	0	0	0
snapshot_12_5_2015_18_0.json	1449356400.0	0	0	0
9202118	2015-12-04T01:30:00Z	Amy Grant	Ryman Auditorium	Tennessee Nashville|700	37219
snapshot_11_16_2015_0_0.json	1447650000.0	96.1	360	125
snapshot_11_17_2015_12_0.json	1447779600.0	96.1	360	133
snapshot_11_17_2015_18_0.json	1447801200.0	93.76	360	143
snapshot_11_17_2015_6_0.json	1447758000.0	96.1	360	131
snapshot_11_18_2015_0_0.json	1447822800.0	96.1	360	133
snapshot_11_18_2015_18_0.json	1447887600.0	96.1	360	133
snapshot_11_18_2015_18_0.json	1447887600.0	96.1	360	133
snapshot_11_18_2015_6_0.json	1447844400.0	96.1	360	133
snapshot_11_19_2015_0_0.json	1447909200.0	94.93	360	133
snapshot_11_19_2015_12_0.json	1447952400.0	94.93	360	133
snapshot_11_19_2015_6_0.json	1447930800.0	94.93	360	131
snapshot_11_20_2015_0_0.json	1447995600.0	94.93	9000	135
snapshot_11_20_2015_12_0.json	1448038800.0	93.76	360	135
snapshot_11_21_2015_12_0.json	1448125200.0	93.76	360	137
snapshot_11_21_2015_18_0.json	1448146800.0	93.76	360	137
snapshot_11_22_2015_12_0.json	1448211600.0	93.76	360	135
snapshot_11_22_2015_18_0.json	1448233200.0	92.59	360	128
snapshot_11_22_2015_18_0.json	1448233200.0	92.59	360	128
snapshot_11_22_2015_6_0.json	1448190000.0	93.76	360	135
snapshot_11_23_2015_0_0.json	1448254800.0	92.59	360	130
snapshot_11_23_2015_12_0.json	1448298000.0	92.59	360	127
snapshot_11_23_2015_18_0.json	1448319600.0	92.59	360	125
snapshot_11_23_2015_6_0.json	1448276400.0	92.59	360	129
snapshot_11_24_2015_12_0.json	1448384400.0	91.42	360	123
snapshot_11_24_2015_12_0.json	1448384400.0	91.42	360	123
snapshot_11_24_2015_18_0.json	1448406000.0	91.42	360	117
snapshot_11_24_2015_6_0.json	1448362800.0	91.42	360	123
snapshot_11_25_2015_0_0.json	1448427600.0	91.42	360	107
snapshot_11_25_2015_12_0.json	1448470800.0	91.42	360	107
snapshot_11_25_2015_18_0.json	1448492400.0	96.1	360	103
snapshot_11_26_2015_0_0.json	1448514000.0	94.93	360	97
snapshot_11_26_2015_0_0.json	1448514000.0	94.93	360	97
snapshot_11_27_2015_18_0.json	1448665200.0	84.4	360	95
snapshot_11_28_2015_0_0.json	1448686800.0	90.25	360	91
snapshot_11_28_2015_12_0.json	1448730000.0	90.25	360	91
snapshot_11_28_2015_18_0.json	1448751600.0	90.25	360	86
snapshot_11_29_2015_0_0.json	1448773200.0	88.13	282	78
snapshot_11_29_2015_0_0.json	1448773200.0	88.13	282	78
snapshot_11_29_2015_12_0.json	1448816400.0	88.13	282	76
snapshot_11_29_2015_18_0.json	1448838000.0	86.74	220	70
snapshot_11_29_2015_6_0.json	1448794800.0	88.13	282	76
snapshot_11_30_2015_0_0.json	1448859600.0	91.42	220	61
snapshot_11_30_2015_0_0.json	1448859600.0	91.42	220	61
snapshot_11_30_2015_12_0.json	1448902800.0	90.25	220	55
snapshot_11_30_2015_18_0.json	1448924400.0	86.74	218	51
snapshot_11_30_2015_6_0.json	1448881200.0	91.42	220	55
snapshot_12_1_2015_0_0.json	1448946000.0	84.4	218	65
snapshot_12_1_2015_12_0.json	1448989200.0	84.18	218	58
snapshot_12_1_2015_18_0.json	1449010800.0	83.23	218	60
snapshot_12_1_2015_6_0.json	1448967600.0	84.18	218	58
snapshot_12_2_2015_0_0.json	1449032400.0	78.55	218	58
snapshot_12_2_2015_12_0.json	1449075600.0	72.7	218	47
snapshot_12_2_2015_6_0.json	1449054000.0	72.7	218	47
snapshot_12_3_2015_0_0.json	1449118800.0	61	218	38
snapshot_12_3_2015_12_0.json	1449162000.0	61	218	33
snapshot_12_3_2015_18_0.json	1449183600.0	63.38	218	14
snapshot_12_3_2015_6_0.json	1449140400.0	61	218	33
snapshot_12_3_2015_6_0.json	1449140400.0	61	218	33
snapshot_12_4_2015_0_0.json	1449205200.0	257.56	218	1
snapshot_12_4_2015_12_0.json	1449248400.0	0	0	0
snapshot_12_4_2015_12_0.json	1449248400.0	0	0	0
snapshot_12_4_2015_18_0.json	1449270000.0	0	0	0
snapshot_12_4_2015_6_0.json	1449226800.0	0	0	0
snapshot_12_5_2015_0_0.json	1449291600.0	0	0	0
snapshot_12_5_2015_12_0.json	1449334800.0	0	0	0
snapshot_12_5_2015_18_0.json	1449356400.0	0	0	0
