9202334	2015-11-22T00:00:00Z	Georgia Bulldogs	Sanford Stadium	Georgia Atlanta|670	30602
snapshot_11_16_2015_0_0.json	1447650000.0	61	500	863
snapshot_11_17_2015_0_0.json	1447736400.0	61	500	875
snapshot_11_17_2015_12_0.json	1447779600.0	55.15	500	900
snapshot_11_17_2015_18_0.json	1447801200.0	55.15	500	947
snapshot_11_17_2015_6_0.json	1447758000.0	61	500	901
snapshot_11_17_2015_6_0.json	1447758000.0	61	500	901
snapshot_11_18_2015_0_0.json	1447822800.0	58.66	500	921
snapshot_11_18_2015_12_0.json	1447866000.0	49.3	500	937
snapshot_11_18_2015_18_0.json	1447887600.0	55.15	500	916
snapshot_11_18_2015_6_0.json	1447844400.0	49.3	500	937
snapshot_11_19_2015_0_0.json	1447909200.0	49.3	500	940
snapshot_11_19_2015_12_0.json	1447952400.0	43.45	500	912
snapshot_11_19_2015_6_0.json	1447930800.0	43.45	500	923
snapshot_11_20_2015_0_0.json	1447995600.0	55.15	500	759
snapshot_11_20_2015_12_0.json	1448038800.0	49.3	500	662
snapshot_11_21_2015_12_0.json	1448125200.0	66.84	399	280
snapshot_11_21_2015_18_0.json	1448146800.0	82.06	399	196
snapshot_11_22_2015_0_0.json	1448168400.0	0	0	0
snapshot_11_22_2015_12_0.json	1448211600.0	0	0	0
snapshot_11_22_2015_18_0.json	1448233200.0	0	0	0
snapshot_11_22_2015_6_0.json	1448190000.0	0	0	0
snapshot_11_23_2015_0_0.json	1448254800.0	0	0	0
snapshot_11_23_2015_12_0.json	1448298000.0	0	0	0
snapshot_11_23_2015_18_0.json	1448319600.0	0	0	0
snapshot_11_23_2015_6_0.json	1448276400.0	0	0	0
snapshot_12_3_2015_0_0.json	1449118800.0	0	0	0
snapshot_12_3_2015_12_0.json	1449162000.0	0	0	0
9202334	2015-11-22T00:00:00Z	Georgia Bulldogs	Sanford Stadium	Georgia Atlanta|670	30602
snapshot_11_16_2015_0_0.json	1447650000.0	61	500	863
snapshot_11_17_2015_0_0.json	1447736400.0	61	500	875
snapshot_11_17_2015_12_0.json	1447779600.0	55.15	500	900
snapshot_11_17_2015_18_0.json	1447801200.0	55.15	500	947
snapshot_11_17_2015_6_0.json	1447758000.0	61	500	901
snapshot_11_17_2015_6_0.json	1447758000.0	61	500	901
snapshot_11_18_2015_0_0.json	1447822800.0	58.66	500	921
snapshot_11_18_2015_12_0.json	1447866000.0	49.3	500	937
snapshot_11_18_2015_18_0.json	1447887600.0	55.15	500	916
snapshot_11_18_2015_6_0.json	1447844400.0	49.3	500	937
snapshot_11_19_2015_0_0.json	1447909200.0	49.3	500	940
snapshot_11_19_2015_12_0.json	1447952400.0	43.45	500	912
snapshot_11_19_2015_6_0.json	1447930800.0	43.45	500	923
snapshot_11_20_2015_0_0.json	1447995600.0	55.15	500	759
snapshot_11_20_2015_12_0.json	1448038800.0	49.3	500	662
snapshot_11_21_2015_12_0.json	1448125200.0	66.84	399	280
snapshot_11_21_2015_18_0.json	1448146800.0	82.06	399	196
snapshot_11_22_2015_0_0.json	1448168400.0	0	0	0
snapshot_11_22_2015_12_0.json	1448211600.0	0	0	0
snapshot_11_22_2015_18_0.json	1448233200.0	0	0	0
snapshot_11_22_2015_6_0.json	1448190000.0	0	0	0
snapshot_11_23_2015_0_0.json	1448254800.0	0	0	0
snapshot_11_23_2015_12_0.json	1448298000.0	0	0	0
snapshot_11_23_2015_18_0.json	1448319600.0	0	0	0
snapshot_11_23_2015_6_0.json	1448276400.0	0	0	0
snapshot_12_3_2015_0_0.json	1449118800.0	0	0	0
snapshot_12_3_2015_12_0.json	1449162000.0	0	0	0
9202334	2015-11-22T00:00:00Z	Georgia Bulldogs	Sanford Stadium	Georgia Atlanta|670	30602
snapshot_11_16_2015_0_0.json	1447650000.0	61	500	863
snapshot_11_17_2015_0_0.json	1447736400.0	61	500	875
snapshot_11_17_2015_12_0.json	1447779600.0	55.15	500	900
snapshot_11_17_2015_18_0.json	1447801200.0	55.15	500	947
snapshot_11_17_2015_6_0.json	1447758000.0	61	500	901
snapshot_11_17_2015_6_0.json	1447758000.0	61	500	901
snapshot_11_18_2015_0_0.json	1447822800.0	58.66	500	921
snapshot_11_18_2015_12_0.json	1447866000.0	49.3	500	937
snapshot_11_18_2015_18_0.json	1447887600.0	55.15	500	916
snapshot_11_18_2015_6_0.json	1447844400.0	49.3	500	937
snapshot_11_19_2015_0_0.json	1447909200.0	49.3	500	940
snapshot_11_19_2015_12_0.json	1447952400.0	43.45	500	912
snapshot_11_19_2015_6_0.json	1447930800.0	43.45	500	923
snapshot_11_20_2015_0_0.json	1447995600.0	55.15	500	759
snapshot_11_20_2015_12_0.json	1448038800.0	49.3	500	662
snapshot_11_21_2015_12_0.json	1448125200.0	66.84	399	280
snapshot_11_21_2015_18_0.json	1448146800.0	82.06	399	196
snapshot_11_22_2015_0_0.json	1448168400.0	0	0	0
snapshot_11_22_2015_12_0.json	1448211600.0	0	0	0
snapshot_11_22_2015_18_0.json	1448233200.0	0	0	0
snapshot_11_22_2015_6_0.json	1448190000.0	0	0	0
snapshot_11_23_2015_0_0.json	1448254800.0	0	0	0
snapshot_11_23_2015_12_0.json	1448298000.0	0	0	0
snapshot_11_23_2015_18_0.json	1448319600.0	0	0	0
snapshot_11_23_2015_6_0.json	1448276400.0	0	0	0
snapshot_12_3_2015_0_0.json	1449118800.0	0	0	0
snapshot_12_3_2015_12_0.json	1449162000.0	0	0	0
9202334	2015-11-22T00:00:00Z	Georgia Bulldogs	Sanford Stadium	Georgia Atlanta|670	30602
snapshot_11_16_2015_0_0.json	1447650000.0	61	500	863
snapshot_11_17_2015_0_0.json	1447736400.0	61	500	875
snapshot_11_17_2015_12_0.json	1447779600.0	55.15	500	900
snapshot_11_17_2015_18_0.json	1447801200.0	55.15	500	947
snapshot_11_17_2015_6_0.json	1447758000.0	61	500	901
snapshot_11_17_2015_6_0.json	1447758000.0	61	500	901
snapshot_11_18_2015_0_0.json	1447822800.0	58.66	500	921
snapshot_11_18_2015_12_0.json	1447866000.0	49.3	500	937
snapshot_11_18_2015_18_0.json	1447887600.0	55.15	500	916
snapshot_11_18_2015_6_0.json	1447844400.0	49.3	500	937
snapshot_11_19_2015_0_0.json	1447909200.0	49.3	500	940
snapshot_11_19_2015_12_0.json	1447952400.0	43.45	500	912
snapshot_11_19_2015_6_0.json	1447930800.0	43.45	500	923
snapshot_11_20_2015_0_0.json	1447995600.0	55.15	500	759
snapshot_11_20_2015_12_0.json	1448038800.0	49.3	500	662
snapshot_11_21_2015_12_0.json	1448125200.0	66.84	399	280
snapshot_11_21_2015_18_0.json	1448146800.0	82.06	399	196
snapshot_11_22_2015_0_0.json	1448168400.0	0	0	0
snapshot_11_22_2015_12_0.json	1448211600.0	0	0	0
snapshot_11_22_2015_18_0.json	1448233200.0	0	0	0
snapshot_11_22_2015_6_0.json	1448190000.0	0	0	0
snapshot_11_23_2015_0_0.json	1448254800.0	0	0	0
snapshot_11_23_2015_12_0.json	1448298000.0	0	0	0
snapshot_11_23_2015_18_0.json	1448319600.0	0	0	0
snapshot_11_23_2015_6_0.json	1448276400.0	0	0	0
snapshot_12_3_2015_0_0.json	1449118800.0	0	0	0
snapshot_12_3_2015_12_0.json	1449162000.0	0	0	0
