9202260	2015-11-21T20:31:00Z	PARKING PASSES ONLY Michigan State Spartans at Ohio State Buckeyes	Ohio Stadium Parking Lots	Ohio Columbus|11883	43210
snapshot_11_16_2015_0_0.json	1447650000.0	210	679	5
snapshot_11_17_2015_0_0.json	1447736400.0	210	679	5
snapshot_11_17_2015_18_0.json	1447801200.0	209.99	642.56	10
snapshot_11_17_2015_18_0.json	1447801200.0	209.99	642.56	10
snapshot_11_18_2015_0_0.json	1447822800.0	208.83	609	10
snapshot_11_18_2015_12_0.json	1447866000.0	208.83	609	10
snapshot_11_18_2015_18_0.json	1447887600.0	93	609	10
snapshot_11_18_2015_6_0.json	1447844400.0	208.83	609	11
snapshot_11_18_2015_6_0.json	1447844400.0	208.83	609	11
snapshot_11_19_2015_0_0.json	1447909200.0	240.42	556	8
snapshot_11_19_2015_12_0.json	1447952400.0	240.42	599	9
snapshot_11_19_2015_6_0.json	1447930800.0	240.42	599	9
snapshot_11_20_2015_0_0.json	1447995600.0	227.55	527.78	11
snapshot_11_20_2015_12_0.json	1448038800.0	227.55	527.78	11
snapshot_11_21_2015_12_0.json	1448125200.0	297.75	401.11	3
snapshot_11_21_2015_18_0.json	1448146800.0	151.5	125	1
snapshot_11_22_2015_0_0.json	1448168400.0	0	0	0
snapshot_11_22_2015_18_0.json	1448233200.0	0	0	0
snapshot_11_22_2015_6_0.json	1448190000.0	0	0	0
snapshot_11_22_2015_6_0.json	1448190000.0	0	0	0
snapshot_11_23_2015_0_0.json	1448254800.0	0	0	0
snapshot_11_23_2015_12_0.json	1448298000.0	0	0	0
snapshot_11_23_2015_6_0.json	1448276400.0	0	0	0
snapshot_11_23_2015_6_0.json	1448276400.0	0	0	0
9202260	2015-11-21T20:31:00Z	PARKING PASSES ONLY Michigan State Spartans at Ohio State Buckeyes	Ohio Stadium Parking Lots	Ohio Columbus|11883	43210
snapshot_11_16_2015_0_0.json	1447650000.0	210	679	5
snapshot_11_17_2015_0_0.json	1447736400.0	210	679	5
snapshot_11_17_2015_18_0.json	1447801200.0	209.99	642.56	10
snapshot_11_17_2015_18_0.json	1447801200.0	209.99	642.56	10
snapshot_11_18_2015_0_0.json	1447822800.0	208.83	609	10
snapshot_11_18_2015_12_0.json	1447866000.0	208.83	609	10
snapshot_11_18_2015_18_0.json	1447887600.0	93	609	10
snapshot_11_18_2015_6_0.json	1447844400.0	208.83	609	11
snapshot_11_18_2015_6_0.json	1447844400.0	208.83	609	11
snapshot_11_19_2015_0_0.json	1447909200.0	240.42	556	8
snapshot_11_19_2015_12_0.json	1447952400.0	240.42	599	9
snapshot_11_19_2015_6_0.json	1447930800.0	240.42	599	9
snapshot_11_20_2015_0_0.json	1447995600.0	227.55	527.78	11
snapshot_11_20_2015_12_0.json	1448038800.0	227.55	527.78	11
snapshot_11_21_2015_12_0.json	1448125200.0	297.75	401.11	3
snapshot_11_21_2015_18_0.json	1448146800.0	151.5	125	1
snapshot_11_22_2015_0_0.json	1448168400.0	0	0	0
snapshot_11_22_2015_18_0.json	1448233200.0	0	0	0
snapshot_11_22_2015_6_0.json	1448190000.0	0	0	0
snapshot_11_22_2015_6_0.json	1448190000.0	0	0	0
snapshot_11_23_2015_0_0.json	1448254800.0	0	0	0
snapshot_11_23_2015_12_0.json	1448298000.0	0	0	0
snapshot_11_23_2015_6_0.json	1448276400.0	0	0	0
snapshot_11_23_2015_6_0.json	1448276400.0	0	0	0
9202260	2015-11-21T20:31:00Z	PARKING PASSES ONLY Michigan State Spartans at Ohio State Buckeyes	Ohio Stadium Parking Lots	Ohio Columbus|11883	43210
snapshot_11_16_2015_0_0.json	1447650000.0	210	679	5
snapshot_11_17_2015_0_0.json	1447736400.0	210	679	5
snapshot_11_17_2015_18_0.json	1447801200.0	209.99	642.56	10
snapshot_11_17_2015_18_0.json	1447801200.0	209.99	642.56	10
snapshot_11_18_2015_0_0.json	1447822800.0	208.83	609	10
snapshot_11_18_2015_12_0.json	1447866000.0	208.83	609	10
snapshot_11_18_2015_18_0.json	1447887600.0	93	609	10
snapshot_11_18_2015_6_0.json	1447844400.0	208.83	609	11
snapshot_11_18_2015_6_0.json	1447844400.0	208.83	609	11
snapshot_11_19_2015_0_0.json	1447909200.0	240.42	556	8
snapshot_11_19_2015_12_0.json	1447952400.0	240.42	599	9
snapshot_11_19_2015_6_0.json	1447930800.0	240.42	599	9
snapshot_11_20_2015_0_0.json	1447995600.0	227.55	527.78	11
snapshot_11_20_2015_12_0.json	1448038800.0	227.55	527.78	11
snapshot_11_21_2015_12_0.json	1448125200.0	297.75	401.11	3
snapshot_11_21_2015_18_0.json	1448146800.0	151.5	125	1
snapshot_11_22_2015_0_0.json	1448168400.0	0	0	0
snapshot_11_22_2015_18_0.json	1448233200.0	0	0	0
snapshot_11_22_2015_6_0.json	1448190000.0	0	0	0
snapshot_11_22_2015_6_0.json	1448190000.0	0	0	0
snapshot_11_23_2015_0_0.json	1448254800.0	0	0	0
snapshot_11_23_2015_12_0.json	1448298000.0	0	0	0
snapshot_11_23_2015_6_0.json	1448276400.0	0	0	0
snapshot_11_23_2015_6_0.json	1448276400.0	0	0	0
9202260	2015-11-21T20:31:00Z	PARKING PASSES ONLY Michigan State Spartans at Ohio State Buckeyes	Ohio Stadium Parking Lots	Ohio Columbus|11883	43210
snapshot_11_16_2015_0_0.json	1447650000.0	210	679	5
snapshot_11_17_2015_0_0.json	1447736400.0	210	679	5
snapshot_11_17_2015_18_0.json	1447801200.0	209.99	642.56	10
snapshot_11_17_2015_18_0.json	1447801200.0	209.99	642.56	10
snapshot_11_18_2015_0_0.json	1447822800.0	208.83	609	10
snapshot_11_18_2015_12_0.json	1447866000.0	208.83	609	10
snapshot_11_18_2015_18_0.json	1447887600.0	93	609	10
snapshot_11_18_2015_6_0.json	1447844400.0	208.83	609	11
snapshot_11_18_2015_6_0.json	1447844400.0	208.83	609	11
snapshot_11_19_2015_0_0.json	1447909200.0	240.42	556	8
snapshot_11_19_2015_12_0.json	1447952400.0	240.42	599	9
snapshot_11_19_2015_6_0.json	1447930800.0	240.42	599	9
snapshot_11_20_2015_0_0.json	1447995600.0	227.55	527.78	11
snapshot_11_20_2015_12_0.json	1448038800.0	227.55	527.78	11
snapshot_11_21_2015_12_0.json	1448125200.0	297.75	401.11	3
snapshot_11_21_2015_18_0.json	1448146800.0	151.5	125	1
snapshot_11_22_2015_0_0.json	1448168400.0	0	0	0
snapshot_11_22_2015_18_0.json	1448233200.0	0	0	0
snapshot_11_22_2015_6_0.json	1448190000.0	0	0	0
snapshot_11_22_2015_6_0.json	1448190000.0	0	0	0
snapshot_11_23_2015_0_0.json	1448254800.0	0	0	0
snapshot_11_23_2015_12_0.json	1448298000.0	0	0	0
snapshot_11_23_2015_6_0.json	1448276400.0	0	0	0
snapshot_11_23_2015_6_0.json	1448276400.0	0	0	0
