9202352	2015-11-21T20:31:00Z	PARKING PASSES ONLY Northwestern Wildcats at Wisconsin Badgers	Camp Randall Stadium Parking Lots	Wisconsin Milwaukee|691	53711
snapshot_11_16_2015_0_0.json	1447650000.0	27.48	125	9
snapshot_11_16_2015_0_0.json	1447650000.0	27.48	125	9
snapshot_11_17_2015_0_0.json	1447736400.0	27.48	125	11
snapshot_11_17_2015_0_0.json	1447736400.0	27.48	125	11
snapshot_11_17_2015_12_0.json	1447779600.0	16.95	125	13
snapshot_11_17_2015_6_0.json	1447758000.0	27.48	125	11
snapshot_11_17_2015_6_0.json	1447758000.0	27.48	125	11
snapshot_11_18_2015_0_0.json	1447822800.0	28.65	125	7
snapshot_11_18_2015_6_0.json	1447844400.0	52.05	125	6
snapshot_11_18_2015_6_0.json	1447844400.0	52.05	125	6
snapshot_11_19_2015_0_0.json	1447909200.0	74.28	59	1
snapshot_11_19_2015_12_0.json	1447952400.0	62.58	49	1
snapshot_11_19_2015_6_0.json	1447930800.0	62.58	49	1
snapshot_11_20_2015_0_0.json	1447995600.0	0	0	0
snapshot_11_20_2015_12_0.json	1448038800.0	0	0	0
snapshot_11_21_2015_12_0.json	1448125200.0	0	0	0
snapshot_11_22_2015_0_0.json	1448168400.0	0	0	0
snapshot_11_22_2015_18_0.json	1448233200.0	0	0	0
snapshot_11_22_2015_6_0.json	1448190000.0	0	0	0
snapshot_11_23_2015_0_0.json	1448254800.0	0	0	0
snapshot_11_23_2015_12_0.json	1448298000.0	0	0	0
snapshot_11_23_2015_6_0.json	1448276400.0	0	0	0
snapshot_11_23_2015_6_0.json	1448276400.0	0	0	0
snapshot_12_1_2015_0_0.json	1448946000.0	0	0	0
snapshot_12_5_2015_0_0.json	1449291600.0	0	0	0
snapshot_12_5_2015_12_0.json	1449334800.0	0	0	0
9202352	2015-11-21T20:31:00Z	PARKING PASSES ONLY Northwestern Wildcats at Wisconsin Badgers	Camp Randall Stadium Parking Lots	Wisconsin Milwaukee|691	53711
snapshot_11_16_2015_0_0.json	1447650000.0	27.48	125	9
snapshot_11_16_2015_0_0.json	1447650000.0	27.48	125	9
snapshot_11_17_2015_0_0.json	1447736400.0	27.48	125	11
snapshot_11_17_2015_0_0.json	1447736400.0	27.48	125	11
snapshot_11_17_2015_12_0.json	1447779600.0	16.95	125	13
snapshot_11_17_2015_6_0.json	1447758000.0	27.48	125	11
snapshot_11_17_2015_6_0.json	1447758000.0	27.48	125	11
snapshot_11_18_2015_0_0.json	1447822800.0	28.65	125	7
snapshot_11_18_2015_6_0.json	1447844400.0	52.05	125	6
snapshot_11_18_2015_6_0.json	1447844400.0	52.05	125	6
snapshot_11_19_2015_0_0.json	1447909200.0	74.28	59	1
snapshot_11_19_2015_12_0.json	1447952400.0	62.58	49	1
snapshot_11_19_2015_6_0.json	1447930800.0	62.58	49	1
snapshot_11_20_2015_0_0.json	1447995600.0	0	0	0
snapshot_11_20_2015_12_0.json	1448038800.0	0	0	0
snapshot_11_21_2015_12_0.json	1448125200.0	0	0	0
snapshot_11_22_2015_0_0.json	1448168400.0	0	0	0
snapshot_11_22_2015_18_0.json	1448233200.0	0	0	0
snapshot_11_22_2015_6_0.json	1448190000.0	0	0	0
snapshot_11_23_2015_0_0.json	1448254800.0	0	0	0
snapshot_11_23_2015_12_0.json	1448298000.0	0	0	0
snapshot_11_23_2015_6_0.json	1448276400.0	0	0	0
snapshot_11_23_2015_6_0.json	1448276400.0	0	0	0
snapshot_12_1_2015_0_0.json	1448946000.0	0	0	0
snapshot_12_5_2015_0_0.json	1449291600.0	0	0	0
snapshot_12_5_2015_12_0.json	1449334800.0	0	0	0
9202352	2015-11-21T20:31:00Z	PARKING PASSES ONLY Northwestern Wildcats at Wisconsin Badgers	Camp Randall Stadium Parking Lots	Wisconsin Milwaukee|691	53711
snapshot_11_16_2015_0_0.json	1447650000.0	27.48	125	9
snapshot_11_16_2015_0_0.json	1447650000.0	27.48	125	9
snapshot_11_17_2015_0_0.json	1447736400.0	27.48	125	11
snapshot_11_17_2015_0_0.json	1447736400.0	27.48	125	11
snapshot_11_17_2015_12_0.json	1447779600.0	16.95	125	13
snapshot_11_17_2015_6_0.json	1447758000.0	27.48	125	11
snapshot_11_17_2015_6_0.json	1447758000.0	27.48	125	11
snapshot_11_18_2015_0_0.json	1447822800.0	28.65	125	7
snapshot_11_18_2015_6_0.json	1447844400.0	52.05	125	6
snapshot_11_18_2015_6_0.json	1447844400.0	52.05	125	6
snapshot_11_19_2015_0_0.json	1447909200.0	74.28	59	1
snapshot_11_19_2015_12_0.json	1447952400.0	62.58	49	1
snapshot_11_19_2015_6_0.json	1447930800.0	62.58	49	1
snapshot_11_20_2015_0_0.json	1447995600.0	0	0	0
snapshot_11_20_2015_12_0.json	1448038800.0	0	0	0
snapshot_11_21_2015_12_0.json	1448125200.0	0	0	0
snapshot_11_22_2015_0_0.json	1448168400.0	0	0	0
snapshot_11_22_2015_18_0.json	1448233200.0	0	0	0
snapshot_11_22_2015_6_0.json	1448190000.0	0	0	0
snapshot_11_23_2015_0_0.json	1448254800.0	0	0	0
snapshot_11_23_2015_12_0.json	1448298000.0	0	0	0
snapshot_11_23_2015_6_0.json	1448276400.0	0	0	0
snapshot_11_23_2015_6_0.json	1448276400.0	0	0	0
snapshot_12_1_2015_0_0.json	1448946000.0	0	0	0
snapshot_12_5_2015_0_0.json	1449291600.0	0	0	0
snapshot_12_5_2015_12_0.json	1449334800.0	0	0	0
9202352	2015-11-21T20:31:00Z	PARKING PASSES ONLY Northwestern Wildcats at Wisconsin Badgers	Camp Randall Stadium Parking Lots	Wisconsin Milwaukee|691	53711
snapshot_11_16_2015_0_0.json	1447650000.0	27.48	125	9
snapshot_11_16_2015_0_0.json	1447650000.0	27.48	125	9
snapshot_11_17_2015_0_0.json	1447736400.0	27.48	125	11
snapshot_11_17_2015_0_0.json	1447736400.0	27.48	125	11
snapshot_11_17_2015_12_0.json	1447779600.0	16.95	125	13
snapshot_11_17_2015_6_0.json	1447758000.0	27.48	125	11
snapshot_11_17_2015_6_0.json	1447758000.0	27.48	125	11
snapshot_11_18_2015_0_0.json	1447822800.0	28.65	125	7
snapshot_11_18_2015_6_0.json	1447844400.0	52.05	125	6
snapshot_11_18_2015_6_0.json	1447844400.0	52.05	125	6
snapshot_11_19_2015_0_0.json	1447909200.0	74.28	59	1
snapshot_11_19_2015_12_0.json	1447952400.0	62.58	49	1
snapshot_11_19_2015_6_0.json	1447930800.0	62.58	49	1
snapshot_11_20_2015_0_0.json	1447995600.0	0	0	0
snapshot_11_20_2015_12_0.json	1448038800.0	0	0	0
snapshot_11_21_2015_12_0.json	1448125200.0	0	0	0
snapshot_11_22_2015_0_0.json	1448168400.0	0	0	0
snapshot_11_22_2015_18_0.json	1448233200.0	0	0	0
snapshot_11_22_2015_6_0.json	1448190000.0	0	0	0
snapshot_11_23_2015_0_0.json	1448254800.0	0	0	0
snapshot_11_23_2015_12_0.json	1448298000.0	0	0	0
snapshot_11_23_2015_6_0.json	1448276400.0	0	0	0
snapshot_11_23_2015_6_0.json	1448276400.0	0	0	0
snapshot_12_1_2015_0_0.json	1448946000.0	0	0	0
snapshot_12_5_2015_0_0.json	1449291600.0	0	0	0
snapshot_12_5_2015_12_0.json	1449334800.0	0	0	0
