9202278	2015-11-22T00:15:00Z	Missouri Tigers	Faurot Field (Memorial Stadium)	Missouri Kansas City|702	65201
snapshot_11_16_2015_0_0.json	1447650000.0	23.55	300	1320
snapshot_11_17_2015_0_0.json	1447736400.0	23.55	300	1349
snapshot_11_17_2015_12_0.json	1447779600.0	22.38	300	1281
snapshot_11_17_2015_18_0.json	1447801200.0	22.38	300	1276
snapshot_11_17_2015_6_0.json	1447758000.0	23.55	300	1284
snapshot_11_17_2015_6_0.json	1447758000.0	23.55	300	1284
snapshot_11_18_2015_0_0.json	1447822800.0	17.7	300	1228
snapshot_11_18_2015_12_0.json	1447866000.0	17.7	300	1223
snapshot_11_18_2015_18_0.json	1447887600.0	17.7	300	1202
snapshot_11_18_2015_6_0.json	1447844400.0	17.7	300	1223
snapshot_11_19_2015_0_0.json	1447909200.0	16.53	210	831
snapshot_11_19_2015_12_0.json	1447952400.0	16.53	180	755
snapshot_11_19_2015_6_0.json	1447930800.0	16.53	180	757
snapshot_11_20_2015_0_0.json	1447995600.0	20.04	180	701
snapshot_11_20_2015_12_0.json	1448038800.0	14.19	180	602
snapshot_11_21_2015_12_0.json	1448125200.0	28.3	210	472
snapshot_11_21_2015_18_0.json	1448146800.0	20.05	180	391
snapshot_11_22_2015_0_0.json	1448168400.0	14.2	80	227
snapshot_11_22_2015_12_0.json	1448211600.0	0	0	0
snapshot_11_22_2015_18_0.json	1448233200.0	0	0	0
snapshot_11_22_2015_6_0.json	1448190000.0	0	0	0
snapshot_11_23_2015_0_0.json	1448254800.0	0	0	0
snapshot_11_23_2015_12_0.json	1448298000.0	0	0	0
snapshot_11_23_2015_18_0.json	1448319600.0	0	0	0
snapshot_11_23_2015_6_0.json	1448276400.0	0	0	0
snapshot_12_3_2015_0_0.json	1449118800.0	0	0	0
snapshot_12_3_2015_0_0.json	1449118800.0	0	0	0
snapshot_12_3_2015_12_0.json	1449162000.0	0	0	0
9202278	2015-11-22T00:15:00Z	Missouri Tigers	Faurot Field (Memorial Stadium)	Missouri Kansas City|702	65201
snapshot_11_16_2015_0_0.json	1447650000.0	23.55	300	1320
snapshot_11_17_2015_0_0.json	1447736400.0	23.55	300	1349
snapshot_11_17_2015_12_0.json	1447779600.0	22.38	300	1281
snapshot_11_17_2015_18_0.json	1447801200.0	22.38	300	1276
snapshot_11_17_2015_6_0.json	1447758000.0	23.55	300	1284
snapshot_11_17_2015_6_0.json	1447758000.0	23.55	300	1284
snapshot_11_18_2015_0_0.json	1447822800.0	17.7	300	1228
snapshot_11_18_2015_12_0.json	1447866000.0	17.7	300	1223
snapshot_11_18_2015_18_0.json	1447887600.0	17.7	300	1202
snapshot_11_18_2015_6_0.json	1447844400.0	17.7	300	1223
snapshot_11_19_2015_0_0.json	1447909200.0	16.53	210	831
snapshot_11_19_2015_12_0.json	1447952400.0	16.53	180	755
snapshot_11_19_2015_6_0.json	1447930800.0	16.53	180	757
snapshot_11_20_2015_0_0.json	1447995600.0	20.04	180	701
snapshot_11_20_2015_12_0.json	1448038800.0	14.19	180	602
snapshot_11_21_2015_12_0.json	1448125200.0	28.3	210	472
snapshot_11_21_2015_18_0.json	1448146800.0	20.05	180	391
snapshot_11_22_2015_0_0.json	1448168400.0	14.2	80	227
snapshot_11_22_2015_12_0.json	1448211600.0	0	0	0
snapshot_11_22_2015_18_0.json	1448233200.0	0	0	0
snapshot_11_22_2015_6_0.json	1448190000.0	0	0	0
snapshot_11_23_2015_0_0.json	1448254800.0	0	0	0
snapshot_11_23_2015_12_0.json	1448298000.0	0	0	0
snapshot_11_23_2015_18_0.json	1448319600.0	0	0	0
snapshot_11_23_2015_6_0.json	1448276400.0	0	0	0
snapshot_12_3_2015_0_0.json	1449118800.0	0	0	0
snapshot_12_3_2015_0_0.json	1449118800.0	0	0	0
snapshot_12_3_2015_12_0.json	1449162000.0	0	0	0
9202278	2015-11-22T00:15:00Z	Missouri Tigers	Faurot Field (Memorial Stadium)	Missouri Kansas City|702	65201
snapshot_11_16_2015_0_0.json	1447650000.0	23.55	300	1320
snapshot_11_17_2015_0_0.json	1447736400.0	23.55	300	1349
snapshot_11_17_2015_12_0.json	1447779600.0	22.38	300	1281
snapshot_11_17_2015_18_0.json	1447801200.0	22.38	300	1276
snapshot_11_17_2015_6_0.json	1447758000.0	23.55	300	1284
snapshot_11_17_2015_6_0.json	1447758000.0	23.55	300	1284
snapshot_11_18_2015_0_0.json	1447822800.0	17.7	300	1228
snapshot_11_18_2015_12_0.json	1447866000.0	17.7	300	1223
snapshot_11_18_2015_18_0.json	1447887600.0	17.7	300	1202
snapshot_11_18_2015_6_0.json	1447844400.0	17.7	300	1223
snapshot_11_19_2015_0_0.json	1447909200.0	16.53	210	831
snapshot_11_19_2015_12_0.json	1447952400.0	16.53	180	755
snapshot_11_19_2015_6_0.json	1447930800.0	16.53	180	757
snapshot_11_20_2015_0_0.json	1447995600.0	20.04	180	701
snapshot_11_20_2015_12_0.json	1448038800.0	14.19	180	602
snapshot_11_21_2015_12_0.json	1448125200.0	28.3	210	472
snapshot_11_21_2015_18_0.json	1448146800.0	20.05	180	391
snapshot_11_22_2015_0_0.json	1448168400.0	14.2	80	227
snapshot_11_22_2015_12_0.json	1448211600.0	0	0	0
snapshot_11_22_2015_18_0.json	1448233200.0	0	0	0
snapshot_11_22_2015_6_0.json	1448190000.0	0	0	0
snapshot_11_23_2015_0_0.json	1448254800.0	0	0	0
snapshot_11_23_2015_12_0.json	1448298000.0	0	0	0
snapshot_11_23_2015_18_0.json	1448319600.0	0	0	0
snapshot_11_23_2015_6_0.json	1448276400.0	0	0	0
snapshot_12_3_2015_0_0.json	1449118800.0	0	0	0
snapshot_12_3_2015_0_0.json	1449118800.0	0	0	0
snapshot_12_3_2015_12_0.json	1449162000.0	0	0	0
9202278	2015-11-22T00:15:00Z	Missouri Tigers	Faurot Field (Memorial Stadium)	Missouri Kansas City|702	65201
snapshot_11_16_2015_0_0.json	1447650000.0	23.55	300	1320
snapshot_11_17_2015_0_0.json	1447736400.0	23.55	300	1349
snapshot_11_17_2015_12_0.json	1447779600.0	22.38	300	1281
snapshot_11_17_2015_18_0.json	1447801200.0	22.38	300	1276
snapshot_11_17_2015_6_0.json	1447758000.0	23.55	300	1284
snapshot_11_17_2015_6_0.json	1447758000.0	23.55	300	1284
snapshot_11_18_2015_0_0.json	1447822800.0	17.7	300	1228
snapshot_11_18_2015_12_0.json	1447866000.0	17.7	300	1223
snapshot_11_18_2015_18_0.json	1447887600.0	17.7	300	1202
snapshot_11_18_2015_6_0.json	1447844400.0	17.7	300	1223
snapshot_11_19_2015_0_0.json	1447909200.0	16.53	210	831
snapshot_11_19_2015_12_0.json	1447952400.0	16.53	180	755
snapshot_11_19_2015_6_0.json	1447930800.0	16.53	180	757
snapshot_11_20_2015_0_0.json	1447995600.0	20.04	180	701
snapshot_11_20_2015_12_0.json	1448038800.0	14.19	180	602
snapshot_11_21_2015_12_0.json	1448125200.0	28.3	210	472
snapshot_11_21_2015_18_0.json	1448146800.0	20.05	180	391
snapshot_11_22_2015_0_0.json	1448168400.0	14.2	80	227
snapshot_11_22_2015_12_0.json	1448211600.0	0	0	0
snapshot_11_22_2015_18_0.json	1448233200.0	0	0	0
snapshot_11_22_2015_6_0.json	1448190000.0	0	0	0
snapshot_11_23_2015_0_0.json	1448254800.0	0	0	0
snapshot_11_23_2015_12_0.json	1448298000.0	0	0	0
snapshot_11_23_2015_18_0.json	1448319600.0	0	0	0
snapshot_11_23_2015_6_0.json	1448276400.0	0	0	0
snapshot_12_3_2015_0_0.json	1449118800.0	0	0	0
snapshot_12_3_2015_0_0.json	1449118800.0	0	0	0
snapshot_12_3_2015_12_0.json	1449162000.0	0	0	0
