9202252	2015-11-21T21:01:00Z	PARKING PASSES ONLY Charleston Southern at Alabama	Bryant Denny Stadium Parking Lots	Alabama Birmingham|4945	35401
snapshot_11_16_2015_0_0.json	1447650000.0	41.5	179	36
snapshot_11_17_2015_12_0.json	1447779600.0	41.5	179	25
snapshot_11_17_2015_18_0.json	1447801200.0	43.44	165	25
snapshot_11_18_2015_12_0.json	1447866000.0	36.43	153	22
snapshot_11_18_2015_6_0.json	1447844400.0	36.43	153	22
snapshot_11_19_2015_0_0.json	1447909200.0	35.14	165	26
snapshot_11_19_2015_12_0.json	1447952400.0	34.68	126	15
snapshot_11_19_2015_6_0.json	1447930800.0	34.68	126	15
snapshot_11_20_2015_0_0.json	1447995600.0	34.09	35	8
snapshot_11_21_2015_12_0.json	1448125200.0	35.14	45	4
snapshot_11_21_2015_18_0.json	1448146800.0	0	0	0
snapshot_11_22_2015_0_0.json	1448168400.0	0	0	0
snapshot_11_22_2015_12_0.json	1448211600.0	0	0	0
snapshot_11_22_2015_18_0.json	1448233200.0	0	0	0
snapshot_11_22_2015_6_0.json	1448190000.0	0	0	0
snapshot_11_23_2015_0_0.json	1448254800.0	0	0	0
snapshot_11_23_2015_12_0.json	1448298000.0	0	0	0
snapshot_11_23_2015_18_0.json	1448319600.0	0	0	0
snapshot_11_23_2015_6_0.json	1448276400.0	0	0	0
snapshot_11_30_2015_0_0.json	1448859600.0	0	0	0
snapshot_11_30_2015_0_0.json	1448859600.0	0	0	0
snapshot_11_30_2015_12_0.json	1448902800.0	0	0	0
snapshot_11_30_2015_12_0.json	1448902800.0	0	0	0
snapshot_11_30_2015_6_0.json	1448881200.0	0	0	0
9202252	2015-11-21T21:01:00Z	PARKING PASSES ONLY Charleston Southern at Alabama	Bryant Denny Stadium Parking Lots	Alabama Birmingham|4945	35401
snapshot_11_16_2015_0_0.json	1447650000.0	41.5	179	36
snapshot_11_17_2015_12_0.json	1447779600.0	41.5	179	25
snapshot_11_17_2015_18_0.json	1447801200.0	43.44	165	25
snapshot_11_18_2015_12_0.json	1447866000.0	36.43	153	22
snapshot_11_18_2015_6_0.json	1447844400.0	36.43	153	22
snapshot_11_19_2015_0_0.json	1447909200.0	35.14	165	26
snapshot_11_19_2015_12_0.json	1447952400.0	34.68	126	15
snapshot_11_19_2015_6_0.json	1447930800.0	34.68	126	15
snapshot_11_20_2015_0_0.json	1447995600.0	34.09	35	8
snapshot_11_21_2015_12_0.json	1448125200.0	35.14	45	4
snapshot_11_21_2015_18_0.json	1448146800.0	0	0	0
snapshot_11_22_2015_0_0.json	1448168400.0	0	0	0
snapshot_11_22_2015_12_0.json	1448211600.0	0	0	0
snapshot_11_22_2015_18_0.json	1448233200.0	0	0	0
snapshot_11_22_2015_6_0.json	1448190000.0	0	0	0
snapshot_11_23_2015_0_0.json	1448254800.0	0	0	0
snapshot_11_23_2015_12_0.json	1448298000.0	0	0	0
snapshot_11_23_2015_18_0.json	1448319600.0	0	0	0
snapshot_11_23_2015_6_0.json	1448276400.0	0	0	0
snapshot_11_30_2015_0_0.json	1448859600.0	0	0	0
snapshot_11_30_2015_0_0.json	1448859600.0	0	0	0
snapshot_11_30_2015_12_0.json	1448902800.0	0	0	0
snapshot_11_30_2015_12_0.json	1448902800.0	0	0	0
snapshot_11_30_2015_6_0.json	1448881200.0	0	0	0
9202252	2015-11-21T21:01:00Z	PARKING PASSES ONLY Charleston Southern at Alabama	Bryant Denny Stadium Parking Lots	Alabama Birmingham|4945	35401
snapshot_11_16_2015_0_0.json	1447650000.0	41.5	179	36
snapshot_11_17_2015_12_0.json	1447779600.0	41.5	179	25
snapshot_11_17_2015_18_0.json	1447801200.0	43.44	165	25
snapshot_11_18_2015_12_0.json	1447866000.0	36.43	153	22
snapshot_11_18_2015_6_0.json	1447844400.0	36.43	153	22
snapshot_11_19_2015_0_0.json	1447909200.0	35.14	165	26
snapshot_11_19_2015_12_0.json	1447952400.0	34.68	126	15
snapshot_11_19_2015_6_0.json	1447930800.0	34.68	126	15
snapshot_11_20_2015_0_0.json	1447995600.0	34.09	35	8
snapshot_11_21_2015_12_0.json	1448125200.0	35.14	45	4
snapshot_11_21_2015_18_0.json	1448146800.0	0	0	0
snapshot_11_22_2015_0_0.json	1448168400.0	0	0	0
snapshot_11_22_2015_12_0.json	1448211600.0	0	0	0
snapshot_11_22_2015_18_0.json	1448233200.0	0	0	0
snapshot_11_22_2015_6_0.json	1448190000.0	0	0	0
snapshot_11_23_2015_0_0.json	1448254800.0	0	0	0
snapshot_11_23_2015_12_0.json	1448298000.0	0	0	0
snapshot_11_23_2015_18_0.json	1448319600.0	0	0	0
snapshot_11_23_2015_6_0.json	1448276400.0	0	0	0
snapshot_11_30_2015_0_0.json	1448859600.0	0	0	0
snapshot_11_30_2015_0_0.json	1448859600.0	0	0	0
snapshot_11_30_2015_12_0.json	1448902800.0	0	0	0
snapshot_11_30_2015_12_0.json	1448902800.0	0	0	0
snapshot_11_30_2015_6_0.json	1448881200.0	0	0	0
9202252	2015-11-21T21:01:00Z	PARKING PASSES ONLY Charleston Southern at Alabama	Bryant Denny Stadium Parking Lots	Alabama Birmingham|4945	35401
snapshot_11_16_2015_0_0.json	1447650000.0	41.5	179	36
snapshot_11_17_2015_12_0.json	1447779600.0	41.5	179	25
snapshot_11_17_2015_18_0.json	1447801200.0	43.44	165	25
snapshot_11_18_2015_12_0.json	1447866000.0	36.43	153	22
snapshot_11_18_2015_6_0.json	1447844400.0	36.43	153	22
snapshot_11_19_2015_0_0.json	1447909200.0	35.14	165	26
snapshot_11_19_2015_12_0.json	1447952400.0	34.68	126	15
snapshot_11_19_2015_6_0.json	1447930800.0	34.68	126	15
snapshot_11_20_2015_0_0.json	1447995600.0	34.09	35	8
snapshot_11_21_2015_12_0.json	1448125200.0	35.14	45	4
snapshot_11_21_2015_18_0.json	1448146800.0	0	0	0
snapshot_11_22_2015_0_0.json	1448168400.0	0	0	0
snapshot_11_22_2015_12_0.json	1448211600.0	0	0	0
snapshot_11_22_2015_18_0.json	1448233200.0	0	0	0
snapshot_11_22_2015_6_0.json	1448190000.0	0	0	0
snapshot_11_23_2015_0_0.json	1448254800.0	0	0	0
snapshot_11_23_2015_12_0.json	1448298000.0	0	0	0
snapshot_11_23_2015_18_0.json	1448319600.0	0	0	0
snapshot_11_23_2015_6_0.json	1448276400.0	0	0	0
snapshot_11_30_2015_0_0.json	1448859600.0	0	0	0
snapshot_11_30_2015_0_0.json	1448859600.0	0	0	0
snapshot_11_30_2015_12_0.json	1448902800.0	0	0	0
snapshot_11_30_2015_12_0.json	1448902800.0	0	0	0
snapshot_11_30_2015_6_0.json	1448881200.0	0	0	0
