9202303	2015-11-28T17:01:00Z	PARKING PASSES ONLY Maryland Terrapins at Rutgers Scarlet Knights	High Point Solutions Stadium Parking Lots	New York New York Metro|664	08854
snapshot_11_16_2015_0_0.json	1447650000.0	25.33	500	85
snapshot_11_17_2015_0_0.json	1447736400.0	25.33	500	88
snapshot_11_17_2015_12_0.json	1447779600.0	25.61	500	87
snapshot_11_17_2015_6_0.json	1447758000.0	25.33	500	87
snapshot_11_17_2015_6_0.json	1447758000.0	25.33	500	87
snapshot_11_18_2015_12_0.json	1447866000.0	23.97	500	88
snapshot_11_18_2015_18_0.json	1447887600.0	23.97	500	89
snapshot_11_18_2015_6_0.json	1447844400.0	23.97	500	88
snapshot_11_19_2015_0_0.json	1447909200.0	25.61	500	85
snapshot_11_19_2015_12_0.json	1447952400.0	25.61	500	90
snapshot_11_19_2015_6_0.json	1447930800.0	25.61	500	90
snapshot_11_20_2015_0_0.json	1447995600.0	26.31	500	85
snapshot_11_20_2015_12_0.json	1448038800.0	26.31	500	86
snapshot_11_21_2015_12_0.json	1448125200.0	25.14	500	85
snapshot_11_21_2015_18_0.json	1448146800.0	25.14	500	86
snapshot_11_22_2015_0_0.json	1448168400.0	22.8	500	83
snapshot_11_22_2015_12_0.json	1448211600.0	22.8	500	80
snapshot_11_23_2015_0_0.json	1448254800.0	25.14	500	66
snapshot_11_23_2015_0_0.json	1448254800.0	25.14	500	66
snapshot_11_23_2015_18_0.json	1448319600.0	23.97	400	59
snapshot_11_24_2015_0_0.json	1448341200.0	0	0	0
snapshot_11_24_2015_12_0.json	1448384400.0	52.04	39.99	2
snapshot_11_24_2015_18_0.json	1448406000.0	45.62	60	8
snapshot_11_24_2015_6_0.json	1448362800.0	52.04	39.99	2
snapshot_11_25_2015_0_0.json	1448427600.0	46.19	34.99	2
snapshot_11_25_2015_0_0.json	1448427600.0	46.19	34.99	2
snapshot_11_25_2015_12_0.json	1448470800.0	40.34	29.99	2
snapshot_11_25_2015_18_0.json	1448492400.0	28.64	19.99	1
snapshot_11_25_2015_6_0.json	1448449200.0	40.34	29.99	2
snapshot_11_26_2015_0_0.json	1448514000.0	0	0	0
snapshot_11_27_2015_18_0.json	1448665200.0	0	0	0
snapshot_11_28_2015_12_0.json	1448730000.0	0	0	0
snapshot_11_28_2015_18_0.json	1448751600.0	0	0	0
snapshot_11_28_2015_18_0.json	1448751600.0	0	0	0
snapshot_11_29_2015_0_0.json	1448773200.0	0	0	0
snapshot_11_29_2015_12_0.json	1448816400.0	0	0	0
snapshot_11_29_2015_18_0.json	1448838000.0	0	0	0
snapshot_11_29_2015_6_0.json	1448794800.0	0	0	0
snapshot_11_30_2015_0_0.json	1448859600.0	0	0	0
snapshot_11_30_2015_12_0.json	1448902800.0	0	0	0
9202303	2015-11-28T17:01:00Z	PARKING PASSES ONLY Maryland Terrapins at Rutgers Scarlet Knights	High Point Solutions Stadium Parking Lots	New York New York Metro|664	08854
snapshot_11_16_2015_0_0.json	1447650000.0	25.33	500	85
snapshot_11_17_2015_0_0.json	1447736400.0	25.33	500	88
snapshot_11_17_2015_12_0.json	1447779600.0	25.61	500	87
snapshot_11_17_2015_6_0.json	1447758000.0	25.33	500	87
snapshot_11_17_2015_6_0.json	1447758000.0	25.33	500	87
snapshot_11_18_2015_12_0.json	1447866000.0	23.97	500	88
snapshot_11_18_2015_18_0.json	1447887600.0	23.97	500	89
snapshot_11_18_2015_6_0.json	1447844400.0	23.97	500	88
snapshot_11_19_2015_0_0.json	1447909200.0	25.61	500	85
snapshot_11_19_2015_12_0.json	1447952400.0	25.61	500	90
snapshot_11_19_2015_6_0.json	1447930800.0	25.61	500	90
snapshot_11_20_2015_0_0.json	1447995600.0	26.31	500	85
snapshot_11_20_2015_12_0.json	1448038800.0	26.31	500	86
snapshot_11_21_2015_12_0.json	1448125200.0	25.14	500	85
snapshot_11_21_2015_18_0.json	1448146800.0	25.14	500	86
snapshot_11_22_2015_0_0.json	1448168400.0	22.8	500	83
snapshot_11_22_2015_12_0.json	1448211600.0	22.8	500	80
snapshot_11_23_2015_0_0.json	1448254800.0	25.14	500	66
snapshot_11_23_2015_0_0.json	1448254800.0	25.14	500	66
snapshot_11_23_2015_18_0.json	1448319600.0	23.97	400	59
snapshot_11_24_2015_0_0.json	1448341200.0	0	0	0
snapshot_11_24_2015_12_0.json	1448384400.0	52.04	39.99	2
snapshot_11_24_2015_18_0.json	1448406000.0	45.62	60	8
snapshot_11_24_2015_6_0.json	1448362800.0	52.04	39.99	2
snapshot_11_25_2015_0_0.json	1448427600.0	46.19	34.99	2
snapshot_11_25_2015_0_0.json	1448427600.0	46.19	34.99	2
snapshot_11_25_2015_12_0.json	1448470800.0	40.34	29.99	2
snapshot_11_25_2015_18_0.json	1448492400.0	28.64	19.99	1
snapshot_11_25_2015_6_0.json	1448449200.0	40.34	29.99	2
snapshot_11_26_2015_0_0.json	1448514000.0	0	0	0
snapshot_11_27_2015_18_0.json	1448665200.0	0	0	0
snapshot_11_28_2015_12_0.json	1448730000.0	0	0	0
snapshot_11_28_2015_18_0.json	1448751600.0	0	0	0
snapshot_11_28_2015_18_0.json	1448751600.0	0	0	0
snapshot_11_29_2015_0_0.json	1448773200.0	0	0	0
snapshot_11_29_2015_12_0.json	1448816400.0	0	0	0
snapshot_11_29_2015_18_0.json	1448838000.0	0	0	0
snapshot_11_29_2015_6_0.json	1448794800.0	0	0	0
snapshot_11_30_2015_0_0.json	1448859600.0	0	0	0
snapshot_11_30_2015_12_0.json	1448902800.0	0	0	0
9202303	2015-11-28T17:01:00Z	PARKING PASSES ONLY Maryland Terrapins at Rutgers Scarlet Knights	High Point Solutions Stadium Parking Lots	New York New York Metro|664	08854
snapshot_11_16_2015_0_0.json	1447650000.0	25.33	500	85
snapshot_11_17_2015_0_0.json	1447736400.0	25.33	500	88
snapshot_11_17_2015_12_0.json	1447779600.0	25.61	500	87
snapshot_11_17_2015_6_0.json	1447758000.0	25.33	500	87
snapshot_11_17_2015_6_0.json	1447758000.0	25.33	500	87
snapshot_11_18_2015_12_0.json	1447866000.0	23.97	500	88
snapshot_11_18_2015_18_0.json	1447887600.0	23.97	500	89
snapshot_11_18_2015_6_0.json	1447844400.0	23.97	500	88
snapshot_11_19_2015_0_0.json	1447909200.0	25.61	500	85
snapshot_11_19_2015_12_0.json	1447952400.0	25.61	500	90
snapshot_11_19_2015_6_0.json	1447930800.0	25.61	500	90
snapshot_11_20_2015_0_0.json	1447995600.0	26.31	500	85
snapshot_11_20_2015_12_0.json	1448038800.0	26.31	500	86
snapshot_11_21_2015_12_0.json	1448125200.0	25.14	500	85
snapshot_11_21_2015_18_0.json	1448146800.0	25.14	500	86
snapshot_11_22_2015_0_0.json	1448168400.0	22.8	500	83
snapshot_11_22_2015_12_0.json	1448211600.0	22.8	500	80
snapshot_11_23_2015_0_0.json	1448254800.0	25.14	500	66
snapshot_11_23_2015_0_0.json	1448254800.0	25.14	500	66
snapshot_11_23_2015_18_0.json	1448319600.0	23.97	400	59
snapshot_11_24_2015_0_0.json	1448341200.0	0	0	0
snapshot_11_24_2015_12_0.json	1448384400.0	52.04	39.99	2
snapshot_11_24_2015_18_0.json	1448406000.0	45.62	60	8
snapshot_11_24_2015_6_0.json	1448362800.0	52.04	39.99	2
snapshot_11_25_2015_0_0.json	1448427600.0	46.19	34.99	2
snapshot_11_25_2015_0_0.json	1448427600.0	46.19	34.99	2
snapshot_11_25_2015_12_0.json	1448470800.0	40.34	29.99	2
snapshot_11_25_2015_18_0.json	1448492400.0	28.64	19.99	1
snapshot_11_25_2015_6_0.json	1448449200.0	40.34	29.99	2
snapshot_11_26_2015_0_0.json	1448514000.0	0	0	0
snapshot_11_27_2015_18_0.json	1448665200.0	0	0	0
snapshot_11_28_2015_12_0.json	1448730000.0	0	0	0
snapshot_11_28_2015_18_0.json	1448751600.0	0	0	0
snapshot_11_28_2015_18_0.json	1448751600.0	0	0	0
snapshot_11_29_2015_0_0.json	1448773200.0	0	0	0
snapshot_11_29_2015_12_0.json	1448816400.0	0	0	0
snapshot_11_29_2015_18_0.json	1448838000.0	0	0	0
snapshot_11_29_2015_6_0.json	1448794800.0	0	0	0
snapshot_11_30_2015_0_0.json	1448859600.0	0	0	0
snapshot_11_30_2015_12_0.json	1448902800.0	0	0	0
9202303	2015-11-28T17:01:00Z	PARKING PASSES ONLY Maryland Terrapins at Rutgers Scarlet Knights	High Point Solutions Stadium Parking Lots	New York New York Metro|664	08854
snapshot_11_16_2015_0_0.json	1447650000.0	25.33	500	85
snapshot_11_17_2015_0_0.json	1447736400.0	25.33	500	88
snapshot_11_17_2015_12_0.json	1447779600.0	25.61	500	87
snapshot_11_17_2015_6_0.json	1447758000.0	25.33	500	87
snapshot_11_17_2015_6_0.json	1447758000.0	25.33	500	87
snapshot_11_18_2015_12_0.json	1447866000.0	23.97	500	88
snapshot_11_18_2015_18_0.json	1447887600.0	23.97	500	89
snapshot_11_18_2015_6_0.json	1447844400.0	23.97	500	88
snapshot_11_19_2015_0_0.json	1447909200.0	25.61	500	85
snapshot_11_19_2015_12_0.json	1447952400.0	25.61	500	90
snapshot_11_19_2015_6_0.json	1447930800.0	25.61	500	90
snapshot_11_20_2015_0_0.json	1447995600.0	26.31	500	85
snapshot_11_20_2015_12_0.json	1448038800.0	26.31	500	86
snapshot_11_21_2015_12_0.json	1448125200.0	25.14	500	85
snapshot_11_21_2015_18_0.json	1448146800.0	25.14	500	86
snapshot_11_22_2015_0_0.json	1448168400.0	22.8	500	83
snapshot_11_22_2015_12_0.json	1448211600.0	22.8	500	80
snapshot_11_23_2015_0_0.json	1448254800.0	25.14	500	66
snapshot_11_23_2015_0_0.json	1448254800.0	25.14	500	66
snapshot_11_23_2015_18_0.json	1448319600.0	23.97	400	59
snapshot_11_24_2015_0_0.json	1448341200.0	0	0	0
snapshot_11_24_2015_12_0.json	1448384400.0	52.04	39.99	2
snapshot_11_24_2015_18_0.json	1448406000.0	45.62	60	8
snapshot_11_24_2015_6_0.json	1448362800.0	52.04	39.99	2
snapshot_11_25_2015_0_0.json	1448427600.0	46.19	34.99	2
snapshot_11_25_2015_0_0.json	1448427600.0	46.19	34.99	2
snapshot_11_25_2015_12_0.json	1448470800.0	40.34	29.99	2
snapshot_11_25_2015_18_0.json	1448492400.0	28.64	19.99	1
snapshot_11_25_2015_6_0.json	1448449200.0	40.34	29.99	2
snapshot_11_26_2015_0_0.json	1448514000.0	0	0	0
snapshot_11_27_2015_18_0.json	1448665200.0	0	0	0
snapshot_11_28_2015_12_0.json	1448730000.0	0	0	0
snapshot_11_28_2015_18_0.json	1448751600.0	0	0	0
snapshot_11_28_2015_18_0.json	1448751600.0	0	0	0
snapshot_11_29_2015_0_0.json	1448773200.0	0	0	0
snapshot_11_29_2015_12_0.json	1448816400.0	0	0	0
snapshot_11_29_2015_18_0.json	1448838000.0	0	0	0
snapshot_11_29_2015_6_0.json	1448794800.0	0	0	0
snapshot_11_30_2015_0_0.json	1448859600.0	0	0	0
snapshot_11_30_2015_12_0.json	1448902800.0	0	0	0
