9202234	2015-11-21T21:00:00Z	Alabama Crimson Tide	Bryant Denny Stadium	Alabama Birmingham|4945	35401
snapshot_11_16_2015_0_0.json	1447650000.0	43.45	314	857
snapshot_11_17_2015_0_0.json	1447736400.0	46.2	314	845
snapshot_11_17_2015_12_0.json	1447779600.0	52.05	314	817
snapshot_11_17_2015_18_0.json	1447801200.0	52.05	310	849
snapshot_11_17_2015_6_0.json	1447758000.0	52.05	314	811
snapshot_11_17_2015_6_0.json	1447758000.0	52.05	314	811
snapshot_11_18_2015_0_0.json	1447822800.0	52.05	310	799
snapshot_11_18_2015_12_0.json	1447866000.0	52.05	310	782
snapshot_11_18_2015_18_0.json	1447887600.0	49.71	310	773
snapshot_11_18_2015_6_0.json	1447844400.0	52.05	310	776
snapshot_11_19_2015_0_0.json	1447909200.0	51.64	310	456
snapshot_11_19_2015_12_0.json	1447952400.0	51.64	299	399
snapshot_11_19_2015_6_0.json	1447930800.0	51.64	299	409
snapshot_11_20_2015_0_0.json	1447995600.0	53.98	299	408
snapshot_11_20_2015_12_0.json	1448038800.0	53.98	299	355
snapshot_11_21_2015_12_0.json	1448125200.0	57.9	300	268
snapshot_11_21_2015_18_0.json	1448146800.0	52.81	150	159
snapshot_11_22_2015_18_0.json	1448233200.0	0	0	0
snapshot_11_23_2015_0_0.json	1448254800.0	0	0	0
snapshot_11_23_2015_12_0.json	1448298000.0	0	0	0
snapshot_11_23_2015_6_0.json	1448276400.0	0	0	0
snapshot_11_23_2015_6_0.json	1448276400.0	0	0	0
snapshot_11_30_2015_0_0.json	1448859600.0	0	0	0
snapshot_11_30_2015_0_0.json	1448859600.0	0	0	0
snapshot_11_30_2015_12_0.json	1448902800.0	0	0	0
snapshot_11_30_2015_12_0.json	1448902800.0	0	0	0
snapshot_11_30_2015_6_0.json	1448881200.0	0	0	0
snapshot_12_3_2015_0_0.json	1449118800.0	0	0	0
snapshot_12_3_2015_12_0.json	1449162000.0	0	0	0
9202234	2015-11-21T21:00:00Z	Alabama Crimson Tide	Bryant Denny Stadium	Alabama Birmingham|4945	35401
snapshot_11_16_2015_0_0.json	1447650000.0	43.45	314	857
snapshot_11_17_2015_0_0.json	1447736400.0	46.2	314	845
snapshot_11_17_2015_12_0.json	1447779600.0	52.05	314	817
snapshot_11_17_2015_18_0.json	1447801200.0	52.05	310	849
snapshot_11_17_2015_6_0.json	1447758000.0	52.05	314	811
snapshot_11_17_2015_6_0.json	1447758000.0	52.05	314	811
snapshot_11_18_2015_0_0.json	1447822800.0	52.05	310	799
snapshot_11_18_2015_12_0.json	1447866000.0	52.05	310	782
snapshot_11_18_2015_18_0.json	1447887600.0	49.71	310	773
snapshot_11_18_2015_6_0.json	1447844400.0	52.05	310	776
snapshot_11_19_2015_0_0.json	1447909200.0	51.64	310	456
snapshot_11_19_2015_12_0.json	1447952400.0	51.64	299	399
snapshot_11_19_2015_6_0.json	1447930800.0	51.64	299	409
snapshot_11_20_2015_0_0.json	1447995600.0	53.98	299	408
snapshot_11_20_2015_12_0.json	1448038800.0	53.98	299	355
snapshot_11_21_2015_12_0.json	1448125200.0	57.9	300	268
snapshot_11_21_2015_18_0.json	1448146800.0	52.81	150	159
snapshot_11_22_2015_18_0.json	1448233200.0	0	0	0
snapshot_11_23_2015_0_0.json	1448254800.0	0	0	0
snapshot_11_23_2015_12_0.json	1448298000.0	0	0	0
snapshot_11_23_2015_6_0.json	1448276400.0	0	0	0
snapshot_11_23_2015_6_0.json	1448276400.0	0	0	0
snapshot_11_30_2015_0_0.json	1448859600.0	0	0	0
snapshot_11_30_2015_0_0.json	1448859600.0	0	0	0
snapshot_11_30_2015_12_0.json	1448902800.0	0	0	0
snapshot_11_30_2015_12_0.json	1448902800.0	0	0	0
snapshot_11_30_2015_6_0.json	1448881200.0	0	0	0
snapshot_12_3_2015_0_0.json	1449118800.0	0	0	0
snapshot_12_3_2015_12_0.json	1449162000.0	0	0	0
9202234	2015-11-21T21:00:00Z	Alabama Crimson Tide	Bryant Denny Stadium	Alabama Birmingham|4945	35401
snapshot_11_16_2015_0_0.json	1447650000.0	43.45	314	857
snapshot_11_17_2015_0_0.json	1447736400.0	46.2	314	845
snapshot_11_17_2015_12_0.json	1447779600.0	52.05	314	817
snapshot_11_17_2015_18_0.json	1447801200.0	52.05	310	849
snapshot_11_17_2015_6_0.json	1447758000.0	52.05	314	811
snapshot_11_17_2015_6_0.json	1447758000.0	52.05	314	811
snapshot_11_18_2015_0_0.json	1447822800.0	52.05	310	799
snapshot_11_18_2015_12_0.json	1447866000.0	52.05	310	782
snapshot_11_18_2015_18_0.json	1447887600.0	49.71	310	773
snapshot_11_18_2015_6_0.json	1447844400.0	52.05	310	776
snapshot_11_19_2015_0_0.json	1447909200.0	51.64	310	456
snapshot_11_19_2015_12_0.json	1447952400.0	51.64	299	399
snapshot_11_19_2015_6_0.json	1447930800.0	51.64	299	409
snapshot_11_20_2015_0_0.json	1447995600.0	53.98	299	408
snapshot_11_20_2015_12_0.json	1448038800.0	53.98	299	355
snapshot_11_21_2015_12_0.json	1448125200.0	57.9	300	268
snapshot_11_21_2015_18_0.json	1448146800.0	52.81	150	159
snapshot_11_22_2015_18_0.json	1448233200.0	0	0	0
snapshot_11_23_2015_0_0.json	1448254800.0	0	0	0
snapshot_11_23_2015_12_0.json	1448298000.0	0	0	0
snapshot_11_23_2015_6_0.json	1448276400.0	0	0	0
snapshot_11_23_2015_6_0.json	1448276400.0	0	0	0
snapshot_11_30_2015_0_0.json	1448859600.0	0	0	0
snapshot_11_30_2015_0_0.json	1448859600.0	0	0	0
snapshot_11_30_2015_12_0.json	1448902800.0	0	0	0
snapshot_11_30_2015_12_0.json	1448902800.0	0	0	0
snapshot_11_30_2015_6_0.json	1448881200.0	0	0	0
snapshot_12_3_2015_0_0.json	1449118800.0	0	0	0
snapshot_12_3_2015_12_0.json	1449162000.0	0	0	0
9202234	2015-11-21T21:00:00Z	Alabama Crimson Tide	Bryant Denny Stadium	Alabama Birmingham|4945	35401
snapshot_11_16_2015_0_0.json	1447650000.0	43.45	314	857
snapshot_11_17_2015_0_0.json	1447736400.0	46.2	314	845
snapshot_11_17_2015_12_0.json	1447779600.0	52.05	314	817
snapshot_11_17_2015_18_0.json	1447801200.0	52.05	310	849
snapshot_11_17_2015_6_0.json	1447758000.0	52.05	314	811
snapshot_11_17_2015_6_0.json	1447758000.0	52.05	314	811
snapshot_11_18_2015_0_0.json	1447822800.0	52.05	310	799
snapshot_11_18_2015_12_0.json	1447866000.0	52.05	310	782
snapshot_11_18_2015_18_0.json	1447887600.0	49.71	310	773
snapshot_11_18_2015_6_0.json	1447844400.0	52.05	310	776
snapshot_11_19_2015_0_0.json	1447909200.0	51.64	310	456
snapshot_11_19_2015_12_0.json	1447952400.0	51.64	299	399
snapshot_11_19_2015_6_0.json	1447930800.0	51.64	299	409
snapshot_11_20_2015_0_0.json	1447995600.0	53.98	299	408
snapshot_11_20_2015_12_0.json	1448038800.0	53.98	299	355
snapshot_11_21_2015_12_0.json	1448125200.0	57.9	300	268
snapshot_11_21_2015_18_0.json	1448146800.0	52.81	150	159
snapshot_11_22_2015_18_0.json	1448233200.0	0	0	0
snapshot_11_23_2015_0_0.json	1448254800.0	0	0	0
snapshot_11_23_2015_12_0.json	1448298000.0	0	0	0
snapshot_11_23_2015_6_0.json	1448276400.0	0	0	0
snapshot_11_23_2015_6_0.json	1448276400.0	0	0	0
snapshot_11_30_2015_0_0.json	1448859600.0	0	0	0
snapshot_11_30_2015_0_0.json	1448859600.0	0	0	0
snapshot_11_30_2015_12_0.json	1448902800.0	0	0	0
snapshot_11_30_2015_12_0.json	1448902800.0	0	0	0
snapshot_11_30_2015_6_0.json	1448881200.0	0	0	0
snapshot_12_3_2015_0_0.json	1449118800.0	0	0	0
snapshot_12_3_2015_12_0.json	1449162000.0	0	0	0
