9202074	2015-11-21T17:00:00Z	Maryland Terrapins	Byrd Stadium	Maryland Baltimore|81691	20742
snapshot_11_16_2015_0_0.json	1447650000.0	9.52	397.5	3798
snapshot_11_17_2015_0_0.json	1447736400.0	9.52	397.5	3749
snapshot_11_17_2015_12_0.json	1447779600.0	9.52	397.5	3698
snapshot_11_17_2015_18_0.json	1447801200.0	9.52	397.5	3618
snapshot_11_17_2015_6_0.json	1447758000.0	9.52	397.5	3698
snapshot_11_17_2015_6_0.json	1447758000.0	9.52	397.5	3698
snapshot_11_18_2015_0_0.json	1447822800.0	9.52	397.5	3570
snapshot_11_18_2015_12_0.json	1447866000.0	9.52	397.5	3512
snapshot_11_18_2015_18_0.json	1447887600.0	9.52	397.5	3435
snapshot_11_19_2015_0_0.json	1447909200.0	9.52	397.5	3369
snapshot_11_19_2015_12_0.json	1447952400.0	9.52	397.5	3316
snapshot_11_19_2015_6_0.json	1447930800.0	9.52	397.5	3324
snapshot_11_20_2015_0_0.json	1447995600.0	9.52	561.8	3082
snapshot_11_20_2015_12_0.json	1448038800.0	9.52	561.8	3018
snapshot_11_21_2015_12_0.json	1448125200.0	9.52	397.5	2584
snapshot_11_21_2015_18_0.json	1448146800.0	0	0	0
snapshot_11_22_2015_0_0.json	1448168400.0	0	0	0
snapshot_11_22_2015_12_0.json	1448211600.0	0	0	0
snapshot_11_22_2015_18_0.json	1448233200.0	0	0	0
snapshot_11_22_2015_6_0.json	1448190000.0	0	0	0
snapshot_11_23_2015_0_0.json	1448254800.0	0	0	0
snapshot_11_23_2015_12_0.json	1448298000.0	0	0	0
snapshot_11_23_2015_6_0.json	1448276400.0	0	0	0
snapshot_11_23_2015_6_0.json	1448276400.0	0	0	0
snapshot_11_25_2015_6_0.json	1448449200.0	0	0	0
snapshot_12_4_2015_0_0.json	1449205200.0	0	0	0
snapshot_12_4_2015_12_0.json	1449248400.0	0	0	0
snapshot_12_4_2015_6_0.json	1449226800.0	0	0	0
9202074	2015-11-21T17:00:00Z	Maryland Terrapins	Byrd Stadium	Maryland Baltimore|81691	20742
snapshot_11_16_2015_0_0.json	1447650000.0	9.52	397.5	3798
snapshot_11_17_2015_0_0.json	1447736400.0	9.52	397.5	3749
snapshot_11_17_2015_12_0.json	1447779600.0	9.52	397.5	3698
snapshot_11_17_2015_18_0.json	1447801200.0	9.52	397.5	3618
snapshot_11_17_2015_6_0.json	1447758000.0	9.52	397.5	3698
snapshot_11_17_2015_6_0.json	1447758000.0	9.52	397.5	3698
snapshot_11_18_2015_0_0.json	1447822800.0	9.52	397.5	3570
snapshot_11_18_2015_12_0.json	1447866000.0	9.52	397.5	3512
snapshot_11_18_2015_18_0.json	1447887600.0	9.52	397.5	3435
snapshot_11_19_2015_0_0.json	1447909200.0	9.52	397.5	3369
snapshot_11_19_2015_12_0.json	1447952400.0	9.52	397.5	3316
snapshot_11_19_2015_6_0.json	1447930800.0	9.52	397.5	3324
snapshot_11_20_2015_0_0.json	1447995600.0	9.52	561.8	3082
snapshot_11_20_2015_12_0.json	1448038800.0	9.52	561.8	3018
snapshot_11_21_2015_12_0.json	1448125200.0	9.52	397.5	2584
snapshot_11_21_2015_18_0.json	1448146800.0	0	0	0
snapshot_11_22_2015_0_0.json	1448168400.0	0	0	0
snapshot_11_22_2015_12_0.json	1448211600.0	0	0	0
snapshot_11_22_2015_18_0.json	1448233200.0	0	0	0
snapshot_11_22_2015_6_0.json	1448190000.0	0	0	0
snapshot_11_23_2015_0_0.json	1448254800.0	0	0	0
snapshot_11_23_2015_12_0.json	1448298000.0	0	0	0
snapshot_11_23_2015_6_0.json	1448276400.0	0	0	0
snapshot_11_23_2015_6_0.json	1448276400.0	0	0	0
snapshot_11_25_2015_6_0.json	1448449200.0	0	0	0
snapshot_12_4_2015_0_0.json	1449205200.0	0	0	0
snapshot_12_4_2015_12_0.json	1449248400.0	0	0	0
snapshot_12_4_2015_6_0.json	1449226800.0	0	0	0
9202074	2015-11-21T17:00:00Z	Maryland Terrapins	Byrd Stadium	Maryland Baltimore|81691	20742
snapshot_11_16_2015_0_0.json	1447650000.0	9.52	397.5	3798
snapshot_11_17_2015_0_0.json	1447736400.0	9.52	397.5	3749
snapshot_11_17_2015_12_0.json	1447779600.0	9.52	397.5	3698
snapshot_11_17_2015_18_0.json	1447801200.0	9.52	397.5	3618
snapshot_11_17_2015_6_0.json	1447758000.0	9.52	397.5	3698
snapshot_11_17_2015_6_0.json	1447758000.0	9.52	397.5	3698
snapshot_11_18_2015_0_0.json	1447822800.0	9.52	397.5	3570
snapshot_11_18_2015_12_0.json	1447866000.0	9.52	397.5	3512
snapshot_11_18_2015_18_0.json	1447887600.0	9.52	397.5	3435
snapshot_11_19_2015_0_0.json	1447909200.0	9.52	397.5	3369
snapshot_11_19_2015_12_0.json	1447952400.0	9.52	397.5	3316
snapshot_11_19_2015_6_0.json	1447930800.0	9.52	397.5	3324
snapshot_11_20_2015_0_0.json	1447995600.0	9.52	561.8	3082
snapshot_11_20_2015_12_0.json	1448038800.0	9.52	561.8	3018
snapshot_11_21_2015_12_0.json	1448125200.0	9.52	397.5	2584
snapshot_11_21_2015_18_0.json	1448146800.0	0	0	0
snapshot_11_22_2015_0_0.json	1448168400.0	0	0	0
snapshot_11_22_2015_12_0.json	1448211600.0	0	0	0
snapshot_11_22_2015_18_0.json	1448233200.0	0	0	0
snapshot_11_22_2015_6_0.json	1448190000.0	0	0	0
snapshot_11_23_2015_0_0.json	1448254800.0	0	0	0
snapshot_11_23_2015_12_0.json	1448298000.0	0	0	0
snapshot_11_23_2015_6_0.json	1448276400.0	0	0	0
snapshot_11_23_2015_6_0.json	1448276400.0	0	0	0
snapshot_11_25_2015_6_0.json	1448449200.0	0	0	0
snapshot_12_4_2015_0_0.json	1449205200.0	0	0	0
snapshot_12_4_2015_12_0.json	1449248400.0	0	0	0
snapshot_12_4_2015_6_0.json	1449226800.0	0	0	0
9202074	2015-11-21T17:00:00Z	Maryland Terrapins	Byrd Stadium	Maryland Baltimore|81691	20742
snapshot_11_16_2015_0_0.json	1447650000.0	9.52	397.5	3798
snapshot_11_17_2015_0_0.json	1447736400.0	9.52	397.5	3749
snapshot_11_17_2015_12_0.json	1447779600.0	9.52	397.5	3698
snapshot_11_17_2015_18_0.json	1447801200.0	9.52	397.5	3618
snapshot_11_17_2015_6_0.json	1447758000.0	9.52	397.5	3698
snapshot_11_17_2015_6_0.json	1447758000.0	9.52	397.5	3698
snapshot_11_18_2015_0_0.json	1447822800.0	9.52	397.5	3570
snapshot_11_18_2015_12_0.json	1447866000.0	9.52	397.5	3512
snapshot_11_18_2015_18_0.json	1447887600.0	9.52	397.5	3435
snapshot_11_19_2015_0_0.json	1447909200.0	9.52	397.5	3369
snapshot_11_19_2015_12_0.json	1447952400.0	9.52	397.5	3316
snapshot_11_19_2015_6_0.json	1447930800.0	9.52	397.5	3324
snapshot_11_20_2015_0_0.json	1447995600.0	9.52	561.8	3082
snapshot_11_20_2015_12_0.json	1448038800.0	9.52	561.8	3018
snapshot_11_21_2015_12_0.json	1448125200.0	9.52	397.5	2584
snapshot_11_21_2015_18_0.json	1448146800.0	0	0	0
snapshot_11_22_2015_0_0.json	1448168400.0	0	0	0
snapshot_11_22_2015_12_0.json	1448211600.0	0	0	0
snapshot_11_22_2015_18_0.json	1448233200.0	0	0	0
snapshot_11_22_2015_6_0.json	1448190000.0	0	0	0
snapshot_11_23_2015_0_0.json	1448254800.0	0	0	0
snapshot_11_23_2015_12_0.json	1448298000.0	0	0	0
snapshot_11_23_2015_6_0.json	1448276400.0	0	0	0
snapshot_11_23_2015_6_0.json	1448276400.0	0	0	0
snapshot_11_25_2015_6_0.json	1448449200.0	0	0	0
snapshot_12_4_2015_0_0.json	1449205200.0	0	0	0
snapshot_12_4_2015_12_0.json	1449248400.0	0	0	0
snapshot_12_4_2015_6_0.json	1449226800.0	0	0	0
