9202340	2015-11-21T17:01:00Z	PARKING PASSES ONLY Michigan Wolverines at Penn State Nittany Lions	Beaver Stadium Parking Lots	Pennsylvania Philadelphia|522	16802
snapshot_11_16_2015_0_0.json	1447650000.0	88.32	450	36
snapshot_11_16_2015_0_0.json	1447650000.0	88.32	450	36
snapshot_11_17_2015_0_0.json	1447736400.0	89.49	450	29
snapshot_11_17_2015_12_0.json	1447779600.0	95.34	450	28
snapshot_11_17_2015_18_0.json	1447801200.0	93	450	31
snapshot_11_17_2015_6_0.json	1447758000.0	95.34	450	29
snapshot_11_17_2015_6_0.json	1447758000.0	95.34	450	29
snapshot_11_18_2015_0_0.json	1447822800.0	91.83	450	25
snapshot_11_18_2015_18_0.json	1447887600.0	93	450	20
snapshot_11_18_2015_18_0.json	1447887600.0	93	450	20
snapshot_11_18_2015_6_0.json	1447844400.0	95.34	450	24
snapshot_11_19_2015_0_0.json	1447909200.0	89.48	118	13
snapshot_11_19_2015_12_0.json	1447952400.0	84.79	100	13
snapshot_11_19_2015_6_0.json	1447930800.0	81.3	100	18
snapshot_11_20_2015_0_0.json	1447995600.0	0	0	0
snapshot_11_20_2015_12_0.json	1448038800.0	0	0	0
snapshot_11_21_2015_18_0.json	1448146800.0	0	0	0
snapshot_11_22_2015_0_0.json	1448168400.0	0	0	0
snapshot_11_22_2015_18_0.json	1448233200.0	0	0	0
snapshot_11_22_2015_6_0.json	1448190000.0	0	0	0
snapshot_11_23_2015_0_0.json	1448254800.0	0	0	0
snapshot_11_23_2015_6_0.json	1448276400.0	0	0	0
snapshot_11_23_2015_6_0.json	1448276400.0	0	0	0
snapshot_12_3_2015_0_0.json	1449118800.0	0	0	0
snapshot_12_3_2015_12_0.json	1449162000.0	0	0	0
9202340	2015-11-21T17:01:00Z	PARKING PASSES ONLY Michigan Wolverines at Penn State Nittany Lions	Beaver Stadium Parking Lots	Pennsylvania Philadelphia|522	16802
snapshot_11_16_2015_0_0.json	1447650000.0	88.32	450	36
snapshot_11_16_2015_0_0.json	1447650000.0	88.32	450	36
snapshot_11_17_2015_0_0.json	1447736400.0	89.49	450	29
snapshot_11_17_2015_12_0.json	1447779600.0	95.34	450	28
snapshot_11_17_2015_18_0.json	1447801200.0	93	450	31
snapshot_11_17_2015_6_0.json	1447758000.0	95.34	450	29
snapshot_11_17_2015_6_0.json	1447758000.0	95.34	450	29
snapshot_11_18_2015_0_0.json	1447822800.0	91.83	450	25
snapshot_11_18_2015_18_0.json	1447887600.0	93	450	20
snapshot_11_18_2015_18_0.json	1447887600.0	93	450	20
snapshot_11_18_2015_6_0.json	1447844400.0	95.34	450	24
snapshot_11_19_2015_0_0.json	1447909200.0	89.48	118	13
snapshot_11_19_2015_12_0.json	1447952400.0	84.79	100	13
snapshot_11_19_2015_6_0.json	1447930800.0	81.3	100	18
snapshot_11_20_2015_0_0.json	1447995600.0	0	0	0
snapshot_11_20_2015_12_0.json	1448038800.0	0	0	0
snapshot_11_21_2015_18_0.json	1448146800.0	0	0	0
snapshot_11_22_2015_0_0.json	1448168400.0	0	0	0
snapshot_11_22_2015_18_0.json	1448233200.0	0	0	0
snapshot_11_22_2015_6_0.json	1448190000.0	0	0	0
snapshot_11_23_2015_0_0.json	1448254800.0	0	0	0
snapshot_11_23_2015_6_0.json	1448276400.0	0	0	0
snapshot_11_23_2015_6_0.json	1448276400.0	0	0	0
snapshot_12_3_2015_0_0.json	1449118800.0	0	0	0
snapshot_12_3_2015_12_0.json	1449162000.0	0	0	0
9202340	2015-11-21T17:01:00Z	PARKING PASSES ONLY Michigan Wolverines at Penn State Nittany Lions	Beaver Stadium Parking Lots	Pennsylvania Philadelphia|522	16802
snapshot_11_16_2015_0_0.json	1447650000.0	88.32	450	36
snapshot_11_16_2015_0_0.json	1447650000.0	88.32	450	36
snapshot_11_17_2015_0_0.json	1447736400.0	89.49	450	29
snapshot_11_17_2015_12_0.json	1447779600.0	95.34	450	28
snapshot_11_17_2015_18_0.json	1447801200.0	93	450	31
snapshot_11_17_2015_6_0.json	1447758000.0	95.34	450	29
snapshot_11_17_2015_6_0.json	1447758000.0	95.34	450	29
snapshot_11_18_2015_0_0.json	1447822800.0	91.83	450	25
snapshot_11_18_2015_18_0.json	1447887600.0	93	450	20
snapshot_11_18_2015_18_0.json	1447887600.0	93	450	20
snapshot_11_18_2015_6_0.json	1447844400.0	95.34	450	24
snapshot_11_19_2015_0_0.json	1447909200.0	89.48	118	13
snapshot_11_19_2015_12_0.json	1447952400.0	84.79	100	13
snapshot_11_19_2015_6_0.json	1447930800.0	81.3	100	18
snapshot_11_20_2015_0_0.json	1447995600.0	0	0	0
snapshot_11_20_2015_12_0.json	1448038800.0	0	0	0
snapshot_11_21_2015_18_0.json	1448146800.0	0	0	0
snapshot_11_22_2015_0_0.json	1448168400.0	0	0	0
snapshot_11_22_2015_18_0.json	1448233200.0	0	0	0
snapshot_11_22_2015_6_0.json	1448190000.0	0	0	0
snapshot_11_23_2015_0_0.json	1448254800.0	0	0	0
snapshot_11_23_2015_6_0.json	1448276400.0	0	0	0
snapshot_11_23_2015_6_0.json	1448276400.0	0	0	0
snapshot_12_3_2015_0_0.json	1449118800.0	0	0	0
snapshot_12_3_2015_12_0.json	1449162000.0	0	0	0
9202340	2015-11-21T17:01:00Z	PARKING PASSES ONLY Michigan Wolverines at Penn State Nittany Lions	Beaver Stadium Parking Lots	Pennsylvania Philadelphia|522	16802
snapshot_11_16_2015_0_0.json	1447650000.0	88.32	450	36
snapshot_11_16_2015_0_0.json	1447650000.0	88.32	450	36
snapshot_11_17_2015_0_0.json	1447736400.0	89.49	450	29
snapshot_11_17_2015_12_0.json	1447779600.0	95.34	450	28
snapshot_11_17_2015_18_0.json	1447801200.0	93	450	31
snapshot_11_17_2015_6_0.json	1447758000.0	95.34	450	29
snapshot_11_17_2015_6_0.json	1447758000.0	95.34	450	29
snapshot_11_18_2015_0_0.json	1447822800.0	91.83	450	25
snapshot_11_18_2015_18_0.json	1447887600.0	93	450	20
snapshot_11_18_2015_18_0.json	1447887600.0	93	450	20
snapshot_11_18_2015_6_0.json	1447844400.0	95.34	450	24
snapshot_11_19_2015_0_0.json	1447909200.0	89.48	118	13
snapshot_11_19_2015_12_0.json	1447952400.0	84.79	100	13
snapshot_11_19_2015_6_0.json	1447930800.0	81.3	100	18
snapshot_11_20_2015_0_0.json	1447995600.0	0	0	0
snapshot_11_20_2015_12_0.json	1448038800.0	0	0	0
snapshot_11_21_2015_18_0.json	1448146800.0	0	0	0
snapshot_11_22_2015_0_0.json	1448168400.0	0	0	0
snapshot_11_22_2015_18_0.json	1448233200.0	0	0	0
snapshot_11_22_2015_6_0.json	1448190000.0	0	0	0
snapshot_11_23_2015_0_0.json	1448254800.0	0	0	0
snapshot_11_23_2015_6_0.json	1448276400.0	0	0	0
snapshot_11_23_2015_6_0.json	1448276400.0	0	0	0
snapshot_12_3_2015_0_0.json	1449118800.0	0	0	0
snapshot_12_3_2015_12_0.json	1449162000.0	0	0	0
