9202151	2015-11-21T17:00:00Z	Minnesota Golden Gophers	TCF Bank Stadium	Minnesota Minneapolis|680	55455
snapshot_11_17_2015_0_0.json	1447736400.0	14.2	250	1350
snapshot_11_17_2015_12_0.json	1447779600.0	16.54	250	1293
snapshot_11_17_2015_18_0.json	1447801200.0	14.2	250	1259
snapshot_11_17_2015_6_0.json	1447758000.0	16.54	250	1291
snapshot_11_17_2015_6_0.json	1447758000.0	16.54	250	1291
snapshot_11_18_2015_0_0.json	1447822800.0	16.54	250	1189
snapshot_11_18_2015_12_0.json	1447866000.0	17.24	250	1149
snapshot_11_18_2015_18_0.json	1447887600.0	16.54	250	1143
snapshot_11_18_2015_6_0.json	1447844400.0	16.54	250	1156
snapshot_11_19_2015_0_0.json	1447909200.0	16.54	250	742
snapshot_11_19_2015_12_0.json	1447952400.0	21.22	250	663
snapshot_11_19_2015_6_0.json	1447930800.0	21.22	250	663
snapshot_11_20_2015_0_0.json	1447995600.0	19.35	250	542
snapshot_11_20_2015_12_0.json	1448038800.0	17.71	250	530
snapshot_11_21_2015_12_0.json	1448125200.0	13.03	250	362
snapshot_11_21_2015_18_0.json	1448146800.0	0	0	0
snapshot_11_22_2015_18_0.json	1448233200.0	0	0	0
snapshot_11_22_2015_6_0.json	1448190000.0	0	0	0
snapshot_11_23_2015_0_0.json	1448254800.0	0	0	0
snapshot_11_23_2015_12_0.json	1448298000.0	0	0	0
snapshot_11_23_2015_18_0.json	1448319600.0	0	0	0
snapshot_11_23_2015_6_0.json	1448276400.0	0	0	0
snapshot_11_23_2015_6_0.json	1448276400.0	0	0	0
snapshot_11_24_2015_0_0.json	1448341200.0	0	0	0
snapshot_11_24_2015_12_0.json	1448384400.0	0	0	0
snapshot_11_25_2015_6_0.json	1448449200.0	0	0	0
snapshot_11_28_2015_12_0.json	1448730000.0	0	0	0
snapshot_11_30_2015_0_0.json	1448859600.0	0	0	0
snapshot_11_30_2015_12_0.json	1448902800.0	0	0	0
snapshot_11_30_2015_6_0.json	1448881200.0	0	0	0
snapshot_11_30_2015_6_0.json	1448881200.0	0	0	0
snapshot_12_4_2015_0_0.json	1449205200.0	0	0	0
snapshot_12_4_2015_12_0.json	1449248400.0	0	0	0
snapshot_12_4_2015_6_0.json	1449226800.0	0	0	0
9202151	2015-11-21T17:00:00Z	Minnesota Golden Gophers	TCF Bank Stadium	Minnesota Minneapolis|680	55455
snapshot_11_17_2015_0_0.json	1447736400.0	14.2	250	1350
snapshot_11_17_2015_12_0.json	1447779600.0	16.54	250	1293
snapshot_11_17_2015_18_0.json	1447801200.0	14.2	250	1259
snapshot_11_17_2015_6_0.json	1447758000.0	16.54	250	1291
snapshot_11_17_2015_6_0.json	1447758000.0	16.54	250	1291
snapshot_11_18_2015_0_0.json	1447822800.0	16.54	250	1189
snapshot_11_18_2015_12_0.json	1447866000.0	17.24	250	1149
snapshot_11_18_2015_18_0.json	1447887600.0	16.54	250	1143
snapshot_11_18_2015_6_0.json	1447844400.0	16.54	250	1156
snapshot_11_19_2015_0_0.json	1447909200.0	16.54	250	742
snapshot_11_19_2015_12_0.json	1447952400.0	21.22	250	663
snapshot_11_19_2015_6_0.json	1447930800.0	21.22	250	663
snapshot_11_20_2015_0_0.json	1447995600.0	19.35	250	542
snapshot_11_20_2015_12_0.json	1448038800.0	17.71	250	530
snapshot_11_21_2015_12_0.json	1448125200.0	13.03	250	362
snapshot_11_21_2015_18_0.json	1448146800.0	0	0	0
snapshot_11_22_2015_18_0.json	1448233200.0	0	0	0
snapshot_11_22_2015_6_0.json	1448190000.0	0	0	0
snapshot_11_23_2015_0_0.json	1448254800.0	0	0	0
snapshot_11_23_2015_12_0.json	1448298000.0	0	0	0
snapshot_11_23_2015_18_0.json	1448319600.0	0	0	0
snapshot_11_23_2015_6_0.json	1448276400.0	0	0	0
snapshot_11_23_2015_6_0.json	1448276400.0	0	0	0
snapshot_11_24_2015_0_0.json	1448341200.0	0	0	0
snapshot_11_24_2015_12_0.json	1448384400.0	0	0	0
snapshot_11_25_2015_6_0.json	1448449200.0	0	0	0
snapshot_11_28_2015_12_0.json	1448730000.0	0	0	0
snapshot_11_30_2015_0_0.json	1448859600.0	0	0	0
snapshot_11_30_2015_12_0.json	1448902800.0	0	0	0
snapshot_11_30_2015_6_0.json	1448881200.0	0	0	0
snapshot_11_30_2015_6_0.json	1448881200.0	0	0	0
snapshot_12_4_2015_0_0.json	1449205200.0	0	0	0
snapshot_12_4_2015_12_0.json	1449248400.0	0	0	0
snapshot_12_4_2015_6_0.json	1449226800.0	0	0	0
9202151	2015-11-21T17:00:00Z	Minnesota Golden Gophers	TCF Bank Stadium	Minnesota Minneapolis|680	55455
snapshot_11_17_2015_0_0.json	1447736400.0	14.2	250	1350
snapshot_11_17_2015_12_0.json	1447779600.0	16.54	250	1293
snapshot_11_17_2015_18_0.json	1447801200.0	14.2	250	1259
snapshot_11_17_2015_6_0.json	1447758000.0	16.54	250	1291
snapshot_11_17_2015_6_0.json	1447758000.0	16.54	250	1291
snapshot_11_18_2015_0_0.json	1447822800.0	16.54	250	1189
snapshot_11_18_2015_12_0.json	1447866000.0	17.24	250	1149
snapshot_11_18_2015_18_0.json	1447887600.0	16.54	250	1143
snapshot_11_18_2015_6_0.json	1447844400.0	16.54	250	1156
snapshot_11_19_2015_0_0.json	1447909200.0	16.54	250	742
snapshot_11_19_2015_12_0.json	1447952400.0	21.22	250	663
snapshot_11_19_2015_6_0.json	1447930800.0	21.22	250	663
snapshot_11_20_2015_0_0.json	1447995600.0	19.35	250	542
snapshot_11_20_2015_12_0.json	1448038800.0	17.71	250	530
snapshot_11_21_2015_12_0.json	1448125200.0	13.03	250	362
snapshot_11_21_2015_18_0.json	1448146800.0	0	0	0
snapshot_11_22_2015_18_0.json	1448233200.0	0	0	0
snapshot_11_22_2015_6_0.json	1448190000.0	0	0	0
snapshot_11_23_2015_0_0.json	1448254800.0	0	0	0
snapshot_11_23_2015_12_0.json	1448298000.0	0	0	0
snapshot_11_23_2015_18_0.json	1448319600.0	0	0	0
snapshot_11_23_2015_6_0.json	1448276400.0	0	0	0
snapshot_11_23_2015_6_0.json	1448276400.0	0	0	0
snapshot_11_24_2015_0_0.json	1448341200.0	0	0	0
snapshot_11_24_2015_12_0.json	1448384400.0	0	0	0
snapshot_11_25_2015_6_0.json	1448449200.0	0	0	0
snapshot_11_28_2015_12_0.json	1448730000.0	0	0	0
snapshot_11_30_2015_0_0.json	1448859600.0	0	0	0
snapshot_11_30_2015_12_0.json	1448902800.0	0	0	0
snapshot_11_30_2015_6_0.json	1448881200.0	0	0	0
snapshot_11_30_2015_6_0.json	1448881200.0	0	0	0
snapshot_12_4_2015_0_0.json	1449205200.0	0	0	0
snapshot_12_4_2015_12_0.json	1449248400.0	0	0	0
snapshot_12_4_2015_6_0.json	1449226800.0	0	0	0
9202151	2015-11-21T17:00:00Z	Minnesota Golden Gophers	TCF Bank Stadium	Minnesota Minneapolis|680	55455
snapshot_11_17_2015_0_0.json	1447736400.0	14.2	250	1350
snapshot_11_17_2015_12_0.json	1447779600.0	16.54	250	1293
snapshot_11_17_2015_18_0.json	1447801200.0	14.2	250	1259
snapshot_11_17_2015_6_0.json	1447758000.0	16.54	250	1291
snapshot_11_17_2015_6_0.json	1447758000.0	16.54	250	1291
snapshot_11_18_2015_0_0.json	1447822800.0	16.54	250	1189
snapshot_11_18_2015_12_0.json	1447866000.0	17.24	250	1149
snapshot_11_18_2015_18_0.json	1447887600.0	16.54	250	1143
snapshot_11_18_2015_6_0.json	1447844400.0	16.54	250	1156
snapshot_11_19_2015_0_0.json	1447909200.0	16.54	250	742
snapshot_11_19_2015_12_0.json	1447952400.0	21.22	250	663
snapshot_11_19_2015_6_0.json	1447930800.0	21.22	250	663
snapshot_11_20_2015_0_0.json	1447995600.0	19.35	250	542
snapshot_11_20_2015_12_0.json	1448038800.0	17.71	250	530
snapshot_11_21_2015_12_0.json	1448125200.0	13.03	250	362
snapshot_11_21_2015_18_0.json	1448146800.0	0	0	0
snapshot_11_22_2015_18_0.json	1448233200.0	0	0	0
snapshot_11_22_2015_6_0.json	1448190000.0	0	0	0
snapshot_11_23_2015_0_0.json	1448254800.0	0	0	0
snapshot_11_23_2015_12_0.json	1448298000.0	0	0	0
snapshot_11_23_2015_18_0.json	1448319600.0	0	0	0
snapshot_11_23_2015_6_0.json	1448276400.0	0	0	0
snapshot_11_23_2015_6_0.json	1448276400.0	0	0	0
snapshot_11_24_2015_0_0.json	1448341200.0	0	0	0
snapshot_11_24_2015_12_0.json	1448384400.0	0	0	0
snapshot_11_25_2015_6_0.json	1448449200.0	0	0	0
snapshot_11_28_2015_12_0.json	1448730000.0	0	0	0
snapshot_11_30_2015_0_0.json	1448859600.0	0	0	0
snapshot_11_30_2015_12_0.json	1448902800.0	0	0	0
snapshot_11_30_2015_6_0.json	1448881200.0	0	0	0
snapshot_11_30_2015_6_0.json	1448881200.0	0	0	0
snapshot_12_4_2015_0_0.json	1449205200.0	0	0	0
snapshot_12_4_2015_12_0.json	1449248400.0	0	0	0
snapshot_12_4_2015_6_0.json	1449226800.0	0	0	0
