9202311	2015-11-28T18:00:00Z	Florida Gators	Ben Hill Griffin Stadium	Florida Jacksonville|708	32601
snapshot_11_16_2015_0_0.json	1447650000.0	148.74	1395	835
snapshot_11_17_2015_0_0.json	1447736400.0	131.2	1395	1040
snapshot_11_17_2015_12_0.json	1447779600.0	125.34	5000	1104
snapshot_11_17_2015_18_0.json	1447801200.0	117.84	1395	1113
snapshot_11_17_2015_6_0.json	1447758000.0	125.35	1395	1108
snapshot_11_18_2015_0_0.json	1447822800.0	135.27	1395	1100
snapshot_11_18_2015_12_0.json	1447866000.0	140.54	1395	1096
snapshot_11_18_2015_18_0.json	1447887600.0	138.22	1395	1027
snapshot_11_18_2015_6_0.json	1447844400.0	140.54	1395	1103
snapshot_11_19_2015_0_0.json	1447909200.0	141.73	1395	985
snapshot_11_19_2015_12_0.json	1447952400.0	165.13	1395	992
snapshot_11_19_2015_6_0.json	1447930800.0	165.13	1395	992
snapshot_11_20_2015_0_0.json	1447995600.0	157.35	1395	1054
snapshot_11_20_2015_12_0.json	1448038800.0	178	1395	968
snapshot_11_21_2015_12_0.json	1448125200.0	180.75	1395	986
snapshot_11_21_2015_18_0.json	1448146800.0	177.5	6000	1004
snapshot_11_22_2015_0_0.json	1448168400.0	145.65	1395	976
snapshot_11_22_2015_12_0.json	1448211600.0	145.65	1395	982
snapshot_11_22_2015_18_0.json	1448233200.0	145.65	1200	960
snapshot_11_22_2015_6_0.json	1448190000.0	145.65	1395	990
snapshot_11_23_2015_0_0.json	1448254800.0	145.65	1200	910
snapshot_11_23_2015_12_0.json	1448298000.0	145.65	1000	881
snapshot_11_23_2015_18_0.json	1448319600.0	145.65	1000	826
snapshot_11_23_2015_6_0.json	1448276400.0	145.65	1000	885
snapshot_11_24_2015_0_0.json	1448341200.0	170.3	999	570
snapshot_11_24_2015_12_0.json	1448384400.0	133.95	899	629
snapshot_11_24_2015_18_0.json	1448406000.0	145.65	799	610
snapshot_11_24_2015_6_0.json	1448362800.0	173.32	899	569
snapshot_11_25_2015_0_0.json	1448427600.0	185.99	799	463
snapshot_11_25_2015_12_0.json	1448470800.0	202.06	799	445
snapshot_11_25_2015_18_0.json	1448492400.0	207.25	799	437
snapshot_11_25_2015_6_0.json	1448449200.0	202.06	799	423
snapshot_11_26_2015_0_0.json	1448514000.0	207.25	799	337
snapshot_11_27_2015_18_0.json	1448665200.0	236.5	750	193
snapshot_11_28_2015_0_0.json	1448686800.0	242.35	725	170
snapshot_11_28_2015_12_0.json	1448730000.0	211.77	2205	138
snapshot_11_28_2015_18_0.json	1448751600.0	178	2205	98
snapshot_11_28_2015_6_0.json	1448708400.0	224.8	2205	139
snapshot_11_29_2015_0_0.json	1448773200.0	412	2205	4
snapshot_11_29_2015_12_0.json	1448816400.0	0	0	0
snapshot_11_29_2015_18_0.json	1448838000.0	0	0	0
snapshot_11_29_2015_6_0.json	1448794800.0	0	0	0
snapshot_11_30_2015_0_0.json	1448859600.0	0	0	0
snapshot_11_30_2015_12_0.json	1448902800.0	0	0	0
snapshot_11_30_2015_6_0.json	1448881200.0	0	0	0
snapshot_12_1_2015_18_0.json	1449010800.0	0	0	0
snapshot_12_2_2015_6_0.json	1449054000.0	0	0	0
snapshot_12_3_2015_0_0.json	1449118800.0	0	0	0
snapshot_12_3_2015_12_0.json	1449162000.0	0	0	0
snapshot_12_5_2015_18_0.json	1449356400.0	0	0	0
9202311	2015-11-28T18:00:00Z	Florida Gators	Ben Hill Griffin Stadium	Florida Jacksonville|708	32601
snapshot_11_16_2015_0_0.json	1447650000.0	148.74	1395	835
snapshot_11_17_2015_0_0.json	1447736400.0	131.2	1395	1040
snapshot_11_17_2015_12_0.json	1447779600.0	125.34	5000	1104
snapshot_11_17_2015_18_0.json	1447801200.0	117.84	1395	1113
snapshot_11_17_2015_6_0.json	1447758000.0	125.35	1395	1108
snapshot_11_18_2015_0_0.json	1447822800.0	135.27	1395	1100
snapshot_11_18_2015_12_0.json	1447866000.0	140.54	1395	1096
snapshot_11_18_2015_18_0.json	1447887600.0	138.22	1395	1027
snapshot_11_18_2015_6_0.json	1447844400.0	140.54	1395	1103
snapshot_11_19_2015_0_0.json	1447909200.0	141.73	1395	985
snapshot_11_19_2015_12_0.json	1447952400.0	165.13	1395	992
snapshot_11_19_2015_6_0.json	1447930800.0	165.13	1395	992
snapshot_11_20_2015_0_0.json	1447995600.0	157.35	1395	1054
snapshot_11_20_2015_12_0.json	1448038800.0	178	1395	968
snapshot_11_21_2015_12_0.json	1448125200.0	180.75	1395	986
snapshot_11_21_2015_18_0.json	1448146800.0	177.5	6000	1004
snapshot_11_22_2015_0_0.json	1448168400.0	145.65	1395	976
snapshot_11_22_2015_12_0.json	1448211600.0	145.65	1395	982
snapshot_11_22_2015_18_0.json	1448233200.0	145.65	1200	960
snapshot_11_22_2015_6_0.json	1448190000.0	145.65	1395	990
snapshot_11_23_2015_0_0.json	1448254800.0	145.65	1200	910
snapshot_11_23_2015_12_0.json	1448298000.0	145.65	1000	881
snapshot_11_23_2015_18_0.json	1448319600.0	145.65	1000	826
snapshot_11_23_2015_6_0.json	1448276400.0	145.65	1000	885
snapshot_11_24_2015_0_0.json	1448341200.0	170.3	999	570
snapshot_11_24_2015_12_0.json	1448384400.0	133.95	899	629
snapshot_11_24_2015_18_0.json	1448406000.0	145.65	799	610
snapshot_11_24_2015_6_0.json	1448362800.0	173.32	899	569
snapshot_11_25_2015_0_0.json	1448427600.0	185.99	799	463
snapshot_11_25_2015_12_0.json	1448470800.0	202.06	799	445
snapshot_11_25_2015_18_0.json	1448492400.0	207.25	799	437
snapshot_11_25_2015_6_0.json	1448449200.0	202.06	799	423
snapshot_11_26_2015_0_0.json	1448514000.0	207.25	799	337
snapshot_11_27_2015_18_0.json	1448665200.0	236.5	750	193
snapshot_11_28_2015_0_0.json	1448686800.0	242.35	725	170
snapshot_11_28_2015_12_0.json	1448730000.0	211.77	2205	138
snapshot_11_28_2015_18_0.json	1448751600.0	178	2205	98
snapshot_11_28_2015_6_0.json	1448708400.0	224.8	2205	139
snapshot_11_29_2015_0_0.json	1448773200.0	412	2205	4
snapshot_11_29_2015_12_0.json	1448816400.0	0	0	0
snapshot_11_29_2015_18_0.json	1448838000.0	0	0	0
snapshot_11_29_2015_6_0.json	1448794800.0	0	0	0
snapshot_11_30_2015_0_0.json	1448859600.0	0	0	0
snapshot_11_30_2015_12_0.json	1448902800.0	0	0	0
snapshot_11_30_2015_6_0.json	1448881200.0	0	0	0
snapshot_12_1_2015_18_0.json	1449010800.0	0	0	0
snapshot_12_2_2015_6_0.json	1449054000.0	0	0	0
snapshot_12_3_2015_0_0.json	1449118800.0	0	0	0
snapshot_12_3_2015_12_0.json	1449162000.0	0	0	0
snapshot_12_5_2015_18_0.json	1449356400.0	0	0	0
9202311	2015-11-28T18:00:00Z	Florida Gators	Ben Hill Griffin Stadium	Florida Jacksonville|708	32601
snapshot_11_16_2015_0_0.json	1447650000.0	148.74	1395	835
snapshot_11_17_2015_0_0.json	1447736400.0	131.2	1395	1040
snapshot_11_17_2015_12_0.json	1447779600.0	125.34	5000	1104
snapshot_11_17_2015_18_0.json	1447801200.0	117.84	1395	1113
snapshot_11_17_2015_6_0.json	1447758000.0	125.35	1395	1108
snapshot_11_18_2015_0_0.json	1447822800.0	135.27	1395	1100
snapshot_11_18_2015_12_0.json	1447866000.0	140.54	1395	1096
snapshot_11_18_2015_18_0.json	1447887600.0	138.22	1395	1027
snapshot_11_18_2015_6_0.json	1447844400.0	140.54	1395	1103
snapshot_11_19_2015_0_0.json	1447909200.0	141.73	1395	985
snapshot_11_19_2015_12_0.json	1447952400.0	165.13	1395	992
snapshot_11_19_2015_6_0.json	1447930800.0	165.13	1395	992
snapshot_11_20_2015_0_0.json	1447995600.0	157.35	1395	1054
snapshot_11_20_2015_12_0.json	1448038800.0	178	1395	968
snapshot_11_21_2015_12_0.json	1448125200.0	180.75	1395	986
snapshot_11_21_2015_18_0.json	1448146800.0	177.5	6000	1004
snapshot_11_22_2015_0_0.json	1448168400.0	145.65	1395	976
snapshot_11_22_2015_12_0.json	1448211600.0	145.65	1395	982
snapshot_11_22_2015_18_0.json	1448233200.0	145.65	1200	960
snapshot_11_22_2015_6_0.json	1448190000.0	145.65	1395	990
snapshot_11_23_2015_0_0.json	1448254800.0	145.65	1200	910
snapshot_11_23_2015_12_0.json	1448298000.0	145.65	1000	881
snapshot_11_23_2015_18_0.json	1448319600.0	145.65	1000	826
snapshot_11_23_2015_6_0.json	1448276400.0	145.65	1000	885
snapshot_11_24_2015_0_0.json	1448341200.0	170.3	999	570
snapshot_11_24_2015_12_0.json	1448384400.0	133.95	899	629
snapshot_11_24_2015_18_0.json	1448406000.0	145.65	799	610
snapshot_11_24_2015_6_0.json	1448362800.0	173.32	899	569
snapshot_11_25_2015_0_0.json	1448427600.0	185.99	799	463
snapshot_11_25_2015_12_0.json	1448470800.0	202.06	799	445
snapshot_11_25_2015_18_0.json	1448492400.0	207.25	799	437
snapshot_11_25_2015_6_0.json	1448449200.0	202.06	799	423
snapshot_11_26_2015_0_0.json	1448514000.0	207.25	799	337
snapshot_11_27_2015_18_0.json	1448665200.0	236.5	750	193
snapshot_11_28_2015_0_0.json	1448686800.0	242.35	725	170
snapshot_11_28_2015_12_0.json	1448730000.0	211.77	2205	138
snapshot_11_28_2015_18_0.json	1448751600.0	178	2205	98
snapshot_11_28_2015_6_0.json	1448708400.0	224.8	2205	139
snapshot_11_29_2015_0_0.json	1448773200.0	412	2205	4
snapshot_11_29_2015_12_0.json	1448816400.0	0	0	0
snapshot_11_29_2015_18_0.json	1448838000.0	0	0	0
snapshot_11_29_2015_6_0.json	1448794800.0	0	0	0
snapshot_11_30_2015_0_0.json	1448859600.0	0	0	0
snapshot_11_30_2015_12_0.json	1448902800.0	0	0	0
snapshot_11_30_2015_6_0.json	1448881200.0	0	0	0
snapshot_12_1_2015_18_0.json	1449010800.0	0	0	0
snapshot_12_2_2015_6_0.json	1449054000.0	0	0	0
snapshot_12_3_2015_0_0.json	1449118800.0	0	0	0
snapshot_12_3_2015_12_0.json	1449162000.0	0	0	0
snapshot_12_5_2015_18_0.json	1449356400.0	0	0	0
9202311	2015-11-28T18:00:00Z	Florida Gators	Ben Hill Griffin Stadium	Florida Jacksonville|708	32601
snapshot_11_16_2015_0_0.json	1447650000.0	148.74	1395	835
snapshot_11_17_2015_0_0.json	1447736400.0	131.2	1395	1040
snapshot_11_17_2015_12_0.json	1447779600.0	125.34	5000	1104
snapshot_11_17_2015_18_0.json	1447801200.0	117.84	1395	1113
snapshot_11_17_2015_6_0.json	1447758000.0	125.35	1395	1108
snapshot_11_18_2015_0_0.json	1447822800.0	135.27	1395	1100
snapshot_11_18_2015_12_0.json	1447866000.0	140.54	1395	1096
snapshot_11_18_2015_18_0.json	1447887600.0	138.22	1395	1027
snapshot_11_18_2015_6_0.json	1447844400.0	140.54	1395	1103
snapshot_11_19_2015_0_0.json	1447909200.0	141.73	1395	985
snapshot_11_19_2015_12_0.json	1447952400.0	165.13	1395	992
snapshot_11_19_2015_6_0.json	1447930800.0	165.13	1395	992
snapshot_11_20_2015_0_0.json	1447995600.0	157.35	1395	1054
snapshot_11_20_2015_12_0.json	1448038800.0	178	1395	968
snapshot_11_21_2015_12_0.json	1448125200.0	180.75	1395	986
snapshot_11_21_2015_18_0.json	1448146800.0	177.5	6000	1004
snapshot_11_22_2015_0_0.json	1448168400.0	145.65	1395	976
snapshot_11_22_2015_12_0.json	1448211600.0	145.65	1395	982
snapshot_11_22_2015_18_0.json	1448233200.0	145.65	1200	960
snapshot_11_22_2015_6_0.json	1448190000.0	145.65	1395	990
snapshot_11_23_2015_0_0.json	1448254800.0	145.65	1200	910
snapshot_11_23_2015_12_0.json	1448298000.0	145.65	1000	881
snapshot_11_23_2015_18_0.json	1448319600.0	145.65	1000	826
snapshot_11_23_2015_6_0.json	1448276400.0	145.65	1000	885
snapshot_11_24_2015_0_0.json	1448341200.0	170.3	999	570
snapshot_11_24_2015_12_0.json	1448384400.0	133.95	899	629
snapshot_11_24_2015_18_0.json	1448406000.0	145.65	799	610
snapshot_11_24_2015_6_0.json	1448362800.0	173.32	899	569
snapshot_11_25_2015_0_0.json	1448427600.0	185.99	799	463
snapshot_11_25_2015_12_0.json	1448470800.0	202.06	799	445
snapshot_11_25_2015_18_0.json	1448492400.0	207.25	799	437
snapshot_11_25_2015_6_0.json	1448449200.0	202.06	799	423
snapshot_11_26_2015_0_0.json	1448514000.0	207.25	799	337
snapshot_11_27_2015_18_0.json	1448665200.0	236.5	750	193
snapshot_11_28_2015_0_0.json	1448686800.0	242.35	725	170
snapshot_11_28_2015_12_0.json	1448730000.0	211.77	2205	138
snapshot_11_28_2015_18_0.json	1448751600.0	178	2205	98
snapshot_11_28_2015_6_0.json	1448708400.0	224.8	2205	139
snapshot_11_29_2015_0_0.json	1448773200.0	412	2205	4
snapshot_11_29_2015_12_0.json	1448816400.0	0	0	0
snapshot_11_29_2015_18_0.json	1448838000.0	0	0	0
snapshot_11_29_2015_6_0.json	1448794800.0	0	0	0
snapshot_11_30_2015_0_0.json	1448859600.0	0	0	0
snapshot_11_30_2015_12_0.json	1448902800.0	0	0	0
snapshot_11_30_2015_6_0.json	1448881200.0	0	0	0
snapshot_12_1_2015_18_0.json	1449010800.0	0	0	0
snapshot_12_2_2015_6_0.json	1449054000.0	0	0	0
snapshot_12_3_2015_0_0.json	1449118800.0	0	0	0
snapshot_12_3_2015_12_0.json	1449162000.0	0	0	0
snapshot_12_5_2015_18_0.json	1449356400.0	0	0	0
