9203931	2015-12-21T23:00:00Z	Disney On Ice Frozen	Honda Center	California Los Angeles Metro|10	92806
snapshot_11_16_2015_0_0.json	1447650000.0	48.13	211	472
snapshot_11_17_2015_0_0.json	1447736400.0	48.13	211	472
snapshot_11_17_2015_12_0.json	1447779600.0	48.13	211	472
snapshot_11_17_2015_18_0.json	1447801200.0	48.13	211	467
snapshot_11_17_2015_6_0.json	1447758000.0	48.13	211	472
snapshot_11_18_2015_0_0.json	1447822800.0	48.13	211	495
snapshot_11_18_2015_12_0.json	1447866000.0	48.13	211	495
snapshot_11_18_2015_18_0.json	1447887600.0	48.13	211	492
snapshot_11_18_2015_6_0.json	1447844400.0	48.13	211	495
snapshot_11_19_2015_12_0.json	1447952400.0	48.13	211	495
snapshot_11_19_2015_6_0.json	1447930800.0	48.13	211	491
snapshot_11_20_2015_0_0.json	1447995600.0	48.13	211	485
snapshot_11_20_2015_12_0.json	1448038800.0	48.13	211	481
snapshot_11_21_2015_12_0.json	1448125200.0	48.13	211	481
snapshot_11_22_2015_0_0.json	1448168400.0	48.13	211	483
snapshot_11_22_2015_12_0.json	1448211600.0	48.13	211	479
snapshot_11_22_2015_18_0.json	1448233200.0	48.13	211	493
snapshot_11_22_2015_18_0.json	1448233200.0	48.13	211	493
snapshot_11_22_2015_6_0.json	1448190000.0	48.13	211	479
snapshot_11_23_2015_0_0.json	1448254800.0	48.13	211	493
snapshot_11_23_2015_0_0.json	1448254800.0	48.13	211	493
snapshot_11_23_2015_12_0.json	1448298000.0	48.13	211	495
snapshot_11_23_2015_6_0.json	1448276400.0	48.13	211	495
snapshot_11_24_2015_18_0.json	1448406000.0	48.13	211	509
snapshot_11_24_2015_6_0.json	1448362800.0	48.13	211	509
snapshot_11_25_2015_12_0.json	1448470800.0	48.13	211	505
snapshot_11_25_2015_18_0.json	1448492400.0	48.13	211	501
snapshot_11_25_2015_6_0.json	1448449200.0	48.13	211	505
snapshot_11_26_2015_0_0.json	1448514000.0	48.13	211	505
snapshot_11_27_2015_18_0.json	1448665200.0	48.13	211	497
snapshot_11_28_2015_12_0.json	1448730000.0	48.13	211	491
snapshot_11_28_2015_18_0.json	1448751600.0	48.13	211	491
snapshot_11_28_2015_6_0.json	1448708400.0	48.13	211	491
snapshot_11_28_2015_6_0.json	1448708400.0	48.13	211	491
snapshot_11_29_2015_0_0.json	1448773200.0	48.13	211	481
snapshot_11_29_2015_12_0.json	1448816400.0	48.13	211	481
snapshot_11_29_2015_12_0.json	1448816400.0	48.13	211	481
snapshot_11_29_2015_6_0.json	1448794800.0	48.13	211	481
snapshot_11_30_2015_0_0.json	1448859600.0	48.13	211	483
snapshot_11_30_2015_0_0.json	1448859600.0	48.13	211	483
snapshot_11_30_2015_0_0.json	1448859600.0	48.13	211	483
snapshot_11_30_2015_12_0.json	1448902800.0	48.13	211	483
snapshot_11_30_2015_18_0.json	1448924400.0	48.13	206.7	483
snapshot_12_1_2015_0_0.json	1448946000.0	48.13	206.7	509
snapshot_12_1_2015_12_0.json	1448989200.0	57.49	550	498
snapshot_12_1_2015_18_0.json	1449010800.0	45.79	550	493
snapshot_12_1_2015_6_0.json	1448967600.0	48.13	550	500
snapshot_12_2_2015_18_0.json	1449097200.0	45.79	550	448
snapshot_12_2_2015_6_0.json	1449054000.0	45.79	550	460
snapshot_12_2_2015_6_0.json	1449054000.0	45.79	550	460
snapshot_12_3_2015_0_0.json	1449118800.0	45.79	550	441
snapshot_12_3_2015_12_0.json	1449162000.0	45.79	550	432
snapshot_12_3_2015_18_0.json	1449183600.0	45.79	550	421
snapshot_12_3_2015_6_0.json	1449140400.0	45.79	550	424
snapshot_12_3_2015_6_0.json	1449140400.0	45.79	550	424
snapshot_12_4_2015_0_0.json	1449205200.0	57.49	550	417
snapshot_12_4_2015_18_0.json	1449270000.0	57.49	550	401
snapshot_12_4_2015_6_0.json	1449226800.0	57.49	550	414
snapshot_12_4_2015_6_0.json	1449226800.0	57.49	550	414
snapshot_12_5_2015_0_0.json	1449291600.0	57.49	550	393
snapshot_12_5_2015_0_0.json	1449291600.0	57.49	550	393
snapshot_12_5_2015_12_0.json	1449334800.0	57.49	550	373
snapshot_12_5_2015_12_0.json	1449334800.0	57.49	550	373
snapshot_12_5_2015_18_0.json	1449356400.0	57.49	550	373
snapshot_12_5_2015_6_0.json	1449313200.0	57.49	550	373
9203931	2015-12-21T23:00:00Z	Disney On Ice Frozen	Honda Center	California Los Angeles Metro|10	92806
snapshot_11_16_2015_0_0.json	1447650000.0	48.13	211	472
snapshot_11_17_2015_0_0.json	1447736400.0	48.13	211	472
snapshot_11_17_2015_12_0.json	1447779600.0	48.13	211	472
snapshot_11_17_2015_18_0.json	1447801200.0	48.13	211	467
snapshot_11_17_2015_6_0.json	1447758000.0	48.13	211	472
snapshot_11_18_2015_0_0.json	1447822800.0	48.13	211	495
snapshot_11_18_2015_12_0.json	1447866000.0	48.13	211	495
snapshot_11_18_2015_18_0.json	1447887600.0	48.13	211	492
snapshot_11_18_2015_6_0.json	1447844400.0	48.13	211	495
snapshot_11_19_2015_12_0.json	1447952400.0	48.13	211	495
snapshot_11_19_2015_6_0.json	1447930800.0	48.13	211	491
snapshot_11_20_2015_0_0.json	1447995600.0	48.13	211	485
snapshot_11_20_2015_12_0.json	1448038800.0	48.13	211	481
snapshot_11_21_2015_12_0.json	1448125200.0	48.13	211	481
snapshot_11_22_2015_0_0.json	1448168400.0	48.13	211	483
snapshot_11_22_2015_12_0.json	1448211600.0	48.13	211	479
snapshot_11_22_2015_18_0.json	1448233200.0	48.13	211	493
snapshot_11_22_2015_18_0.json	1448233200.0	48.13	211	493
snapshot_11_22_2015_6_0.json	1448190000.0	48.13	211	479
snapshot_11_23_2015_0_0.json	1448254800.0	48.13	211	493
snapshot_11_23_2015_0_0.json	1448254800.0	48.13	211	493
snapshot_11_23_2015_12_0.json	1448298000.0	48.13	211	495
snapshot_11_23_2015_6_0.json	1448276400.0	48.13	211	495
snapshot_11_24_2015_18_0.json	1448406000.0	48.13	211	509
snapshot_11_24_2015_6_0.json	1448362800.0	48.13	211	509
snapshot_11_25_2015_12_0.json	1448470800.0	48.13	211	505
snapshot_11_25_2015_18_0.json	1448492400.0	48.13	211	501
snapshot_11_25_2015_6_0.json	1448449200.0	48.13	211	505
snapshot_11_26_2015_0_0.json	1448514000.0	48.13	211	505
snapshot_11_27_2015_18_0.json	1448665200.0	48.13	211	497
snapshot_11_28_2015_12_0.json	1448730000.0	48.13	211	491
snapshot_11_28_2015_18_0.json	1448751600.0	48.13	211	491
snapshot_11_28_2015_6_0.json	1448708400.0	48.13	211	491
snapshot_11_28_2015_6_0.json	1448708400.0	48.13	211	491
snapshot_11_29_2015_0_0.json	1448773200.0	48.13	211	481
snapshot_11_29_2015_12_0.json	1448816400.0	48.13	211	481
snapshot_11_29_2015_12_0.json	1448816400.0	48.13	211	481
snapshot_11_29_2015_6_0.json	1448794800.0	48.13	211	481
snapshot_11_30_2015_0_0.json	1448859600.0	48.13	211	483
snapshot_11_30_2015_0_0.json	1448859600.0	48.13	211	483
snapshot_11_30_2015_0_0.json	1448859600.0	48.13	211	483
snapshot_11_30_2015_12_0.json	1448902800.0	48.13	211	483
snapshot_11_30_2015_18_0.json	1448924400.0	48.13	206.7	483
snapshot_12_1_2015_0_0.json	1448946000.0	48.13	206.7	509
snapshot_12_1_2015_12_0.json	1448989200.0	57.49	550	498
snapshot_12_1_2015_18_0.json	1449010800.0	45.79	550	493
snapshot_12_1_2015_6_0.json	1448967600.0	48.13	550	500
snapshot_12_2_2015_18_0.json	1449097200.0	45.79	550	448
snapshot_12_2_2015_6_0.json	1449054000.0	45.79	550	460
snapshot_12_2_2015_6_0.json	1449054000.0	45.79	550	460
snapshot_12_3_2015_0_0.json	1449118800.0	45.79	550	441
snapshot_12_3_2015_12_0.json	1449162000.0	45.79	550	432
snapshot_12_3_2015_18_0.json	1449183600.0	45.79	550	421
snapshot_12_3_2015_6_0.json	1449140400.0	45.79	550	424
snapshot_12_3_2015_6_0.json	1449140400.0	45.79	550	424
snapshot_12_4_2015_0_0.json	1449205200.0	57.49	550	417
snapshot_12_4_2015_18_0.json	1449270000.0	57.49	550	401
snapshot_12_4_2015_6_0.json	1449226800.0	57.49	550	414
snapshot_12_4_2015_6_0.json	1449226800.0	57.49	550	414
snapshot_12_5_2015_0_0.json	1449291600.0	57.49	550	393
snapshot_12_5_2015_0_0.json	1449291600.0	57.49	550	393
snapshot_12_5_2015_12_0.json	1449334800.0	57.49	550	373
snapshot_12_5_2015_12_0.json	1449334800.0	57.49	550	373
snapshot_12_5_2015_18_0.json	1449356400.0	57.49	550	373
snapshot_12_5_2015_6_0.json	1449313200.0	57.49	550	373
9203931	2015-12-21T23:00:00Z	Disney On Ice Frozen	Honda Center	California Los Angeles Metro|10	92806
snapshot_11_16_2015_0_0.json	1447650000.0	48.13	211	472
snapshot_11_17_2015_0_0.json	1447736400.0	48.13	211	472
snapshot_11_17_2015_12_0.json	1447779600.0	48.13	211	472
snapshot_11_17_2015_18_0.json	1447801200.0	48.13	211	467
snapshot_11_17_2015_6_0.json	1447758000.0	48.13	211	472
snapshot_11_18_2015_0_0.json	1447822800.0	48.13	211	495
snapshot_11_18_2015_12_0.json	1447866000.0	48.13	211	495
snapshot_11_18_2015_18_0.json	1447887600.0	48.13	211	492
snapshot_11_18_2015_6_0.json	1447844400.0	48.13	211	495
snapshot_11_19_2015_12_0.json	1447952400.0	48.13	211	495
snapshot_11_19_2015_6_0.json	1447930800.0	48.13	211	491
snapshot_11_20_2015_0_0.json	1447995600.0	48.13	211	485
snapshot_11_20_2015_12_0.json	1448038800.0	48.13	211	481
snapshot_11_21_2015_12_0.json	1448125200.0	48.13	211	481
snapshot_11_22_2015_0_0.json	1448168400.0	48.13	211	483
snapshot_11_22_2015_12_0.json	1448211600.0	48.13	211	479
snapshot_11_22_2015_18_0.json	1448233200.0	48.13	211	493
snapshot_11_22_2015_18_0.json	1448233200.0	48.13	211	493
snapshot_11_22_2015_6_0.json	1448190000.0	48.13	211	479
snapshot_11_23_2015_0_0.json	1448254800.0	48.13	211	493
snapshot_11_23_2015_0_0.json	1448254800.0	48.13	211	493
snapshot_11_23_2015_12_0.json	1448298000.0	48.13	211	495
snapshot_11_23_2015_6_0.json	1448276400.0	48.13	211	495
snapshot_11_24_2015_18_0.json	1448406000.0	48.13	211	509
snapshot_11_24_2015_6_0.json	1448362800.0	48.13	211	509
snapshot_11_25_2015_12_0.json	1448470800.0	48.13	211	505
snapshot_11_25_2015_18_0.json	1448492400.0	48.13	211	501
snapshot_11_25_2015_6_0.json	1448449200.0	48.13	211	505
snapshot_11_26_2015_0_0.json	1448514000.0	48.13	211	505
snapshot_11_27_2015_18_0.json	1448665200.0	48.13	211	497
snapshot_11_28_2015_12_0.json	1448730000.0	48.13	211	491
snapshot_11_28_2015_18_0.json	1448751600.0	48.13	211	491
snapshot_11_28_2015_6_0.json	1448708400.0	48.13	211	491
snapshot_11_28_2015_6_0.json	1448708400.0	48.13	211	491
snapshot_11_29_2015_0_0.json	1448773200.0	48.13	211	481
snapshot_11_29_2015_12_0.json	1448816400.0	48.13	211	481
snapshot_11_29_2015_12_0.json	1448816400.0	48.13	211	481
snapshot_11_29_2015_6_0.json	1448794800.0	48.13	211	481
snapshot_11_30_2015_0_0.json	1448859600.0	48.13	211	483
snapshot_11_30_2015_0_0.json	1448859600.0	48.13	211	483
snapshot_11_30_2015_0_0.json	1448859600.0	48.13	211	483
snapshot_11_30_2015_12_0.json	1448902800.0	48.13	211	483
snapshot_11_30_2015_18_0.json	1448924400.0	48.13	206.7	483
snapshot_12_1_2015_0_0.json	1448946000.0	48.13	206.7	509
snapshot_12_1_2015_12_0.json	1448989200.0	57.49	550	498
snapshot_12_1_2015_18_0.json	1449010800.0	45.79	550	493
snapshot_12_1_2015_6_0.json	1448967600.0	48.13	550	500
snapshot_12_2_2015_18_0.json	1449097200.0	45.79	550	448
snapshot_12_2_2015_6_0.json	1449054000.0	45.79	550	460
snapshot_12_2_2015_6_0.json	1449054000.0	45.79	550	460
snapshot_12_3_2015_0_0.json	1449118800.0	45.79	550	441
snapshot_12_3_2015_12_0.json	1449162000.0	45.79	550	432
snapshot_12_3_2015_18_0.json	1449183600.0	45.79	550	421
snapshot_12_3_2015_6_0.json	1449140400.0	45.79	550	424
snapshot_12_3_2015_6_0.json	1449140400.0	45.79	550	424
snapshot_12_4_2015_0_0.json	1449205200.0	57.49	550	417
snapshot_12_4_2015_18_0.json	1449270000.0	57.49	550	401
snapshot_12_4_2015_6_0.json	1449226800.0	57.49	550	414
snapshot_12_4_2015_6_0.json	1449226800.0	57.49	550	414
snapshot_12_5_2015_0_0.json	1449291600.0	57.49	550	393
snapshot_12_5_2015_0_0.json	1449291600.0	57.49	550	393
snapshot_12_5_2015_12_0.json	1449334800.0	57.49	550	373
snapshot_12_5_2015_12_0.json	1449334800.0	57.49	550	373
snapshot_12_5_2015_18_0.json	1449356400.0	57.49	550	373
snapshot_12_5_2015_6_0.json	1449313200.0	57.49	550	373
9203931	2015-12-21T23:00:00Z	Disney On Ice Frozen	Honda Center	California Los Angeles Metro|10	92806
snapshot_11_16_2015_0_0.json	1447650000.0	48.13	211	472
snapshot_11_17_2015_0_0.json	1447736400.0	48.13	211	472
snapshot_11_17_2015_12_0.json	1447779600.0	48.13	211	472
snapshot_11_17_2015_18_0.json	1447801200.0	48.13	211	467
snapshot_11_17_2015_6_0.json	1447758000.0	48.13	211	472
snapshot_11_18_2015_0_0.json	1447822800.0	48.13	211	495
snapshot_11_18_2015_12_0.json	1447866000.0	48.13	211	495
snapshot_11_18_2015_18_0.json	1447887600.0	48.13	211	492
snapshot_11_18_2015_6_0.json	1447844400.0	48.13	211	495
snapshot_11_19_2015_12_0.json	1447952400.0	48.13	211	495
snapshot_11_19_2015_6_0.json	1447930800.0	48.13	211	491
snapshot_11_20_2015_0_0.json	1447995600.0	48.13	211	485
snapshot_11_20_2015_12_0.json	1448038800.0	48.13	211	481
snapshot_11_21_2015_12_0.json	1448125200.0	48.13	211	481
snapshot_11_22_2015_0_0.json	1448168400.0	48.13	211	483
snapshot_11_22_2015_12_0.json	1448211600.0	48.13	211	479
snapshot_11_22_2015_18_0.json	1448233200.0	48.13	211	493
snapshot_11_22_2015_18_0.json	1448233200.0	48.13	211	493
snapshot_11_22_2015_6_0.json	1448190000.0	48.13	211	479
snapshot_11_23_2015_0_0.json	1448254800.0	48.13	211	493
snapshot_11_23_2015_0_0.json	1448254800.0	48.13	211	493
snapshot_11_23_2015_12_0.json	1448298000.0	48.13	211	495
snapshot_11_23_2015_6_0.json	1448276400.0	48.13	211	495
snapshot_11_24_2015_18_0.json	1448406000.0	48.13	211	509
snapshot_11_24_2015_6_0.json	1448362800.0	48.13	211	509
snapshot_11_25_2015_12_0.json	1448470800.0	48.13	211	505
snapshot_11_25_2015_18_0.json	1448492400.0	48.13	211	501
snapshot_11_25_2015_6_0.json	1448449200.0	48.13	211	505
snapshot_11_26_2015_0_0.json	1448514000.0	48.13	211	505
snapshot_11_27_2015_18_0.json	1448665200.0	48.13	211	497
snapshot_11_28_2015_12_0.json	1448730000.0	48.13	211	491
snapshot_11_28_2015_18_0.json	1448751600.0	48.13	211	491
snapshot_11_28_2015_6_0.json	1448708400.0	48.13	211	491
snapshot_11_28_2015_6_0.json	1448708400.0	48.13	211	491
snapshot_11_29_2015_0_0.json	1448773200.0	48.13	211	481
snapshot_11_29_2015_12_0.json	1448816400.0	48.13	211	481
snapshot_11_29_2015_12_0.json	1448816400.0	48.13	211	481
snapshot_11_29_2015_6_0.json	1448794800.0	48.13	211	481
snapshot_11_30_2015_0_0.json	1448859600.0	48.13	211	483
snapshot_11_30_2015_0_0.json	1448859600.0	48.13	211	483
snapshot_11_30_2015_0_0.json	1448859600.0	48.13	211	483
snapshot_11_30_2015_12_0.json	1448902800.0	48.13	211	483
snapshot_11_30_2015_18_0.json	1448924400.0	48.13	206.7	483
snapshot_12_1_2015_0_0.json	1448946000.0	48.13	206.7	509
snapshot_12_1_2015_12_0.json	1448989200.0	57.49	550	498
snapshot_12_1_2015_18_0.json	1449010800.0	45.79	550	493
snapshot_12_1_2015_6_0.json	1448967600.0	48.13	550	500
snapshot_12_2_2015_18_0.json	1449097200.0	45.79	550	448
snapshot_12_2_2015_6_0.json	1449054000.0	45.79	550	460
snapshot_12_2_2015_6_0.json	1449054000.0	45.79	550	460
snapshot_12_3_2015_0_0.json	1449118800.0	45.79	550	441
snapshot_12_3_2015_12_0.json	1449162000.0	45.79	550	432
snapshot_12_3_2015_18_0.json	1449183600.0	45.79	550	421
snapshot_12_3_2015_6_0.json	1449140400.0	45.79	550	424
snapshot_12_3_2015_6_0.json	1449140400.0	45.79	550	424
snapshot_12_4_2015_0_0.json	1449205200.0	57.49	550	417
snapshot_12_4_2015_18_0.json	1449270000.0	57.49	550	401
snapshot_12_4_2015_6_0.json	1449226800.0	57.49	550	414
snapshot_12_4_2015_6_0.json	1449226800.0	57.49	550	414
snapshot_12_5_2015_0_0.json	1449291600.0	57.49	550	393
snapshot_12_5_2015_0_0.json	1449291600.0	57.49	550	393
snapshot_12_5_2015_12_0.json	1449334800.0	57.49	550	373
snapshot_12_5_2015_12_0.json	1449334800.0	57.49	550	373
snapshot_12_5_2015_18_0.json	1449356400.0	57.49	550	373
snapshot_12_5_2015_6_0.json	1449313200.0	57.49	550	373
