9203939	2015-12-19T19:00:00Z	Disney On Ice Frozen	Honda Center	California Los Angeles Metro|10	92806
snapshot_11_16_2015_0_0.json	1447650000.0	42.28	369	1190
snapshot_11_17_2015_0_0.json	1447736400.0	42.28	369	1186
snapshot_11_17_2015_12_0.json	1447779600.0	42.28	369	1175
snapshot_11_17_2015_18_0.json	1447801200.0	42.28	369	1171
snapshot_11_17_2015_18_0.json	1447801200.0	42.28	369	1171
snapshot_11_17_2015_6_0.json	1447758000.0	42.28	369	1175
snapshot_11_18_2015_0_0.json	1447822800.0	42.28	369	1167
snapshot_11_18_2015_12_0.json	1447866000.0	42.28	369	1185
snapshot_11_18_2015_18_0.json	1447887600.0	42.28	369	1179
snapshot_11_18_2015_6_0.json	1447844400.0	42.28	369	1171
snapshot_11_19_2015_0_0.json	1447909200.0	42.28	369	1159
snapshot_11_19_2015_12_0.json	1447952400.0	42.28	369	1160
snapshot_11_19_2015_12_0.json	1447952400.0	42.28	369	1160
snapshot_11_19_2015_6_0.json	1447930800.0	42.28	369	1156
snapshot_11_21_2015_12_0.json	1448125200.0	42.28	369	1143
snapshot_11_22_2015_0_0.json	1448168400.0	42.28	369	1143
snapshot_11_22_2015_18_0.json	1448233200.0	42.28	369	1130
snapshot_11_22_2015_18_0.json	1448233200.0	42.28	369	1130
snapshot_11_22_2015_6_0.json	1448190000.0	42.28	369	1134
snapshot_11_23_2015_12_0.json	1448298000.0	42.28	369	1132
snapshot_11_24_2015_0_0.json	1448341200.0	42.28	369	1120
snapshot_11_24_2015_18_0.json	1448406000.0	42.28	369	1146
snapshot_11_24_2015_6_0.json	1448362800.0	42.28	369	1146
snapshot_11_25_2015_0_0.json	1448427600.0	42.28	369	1154
snapshot_11_25_2015_0_0.json	1448427600.0	42.28	369	1154
snapshot_11_25_2015_12_0.json	1448470800.0	41.4	369	1181
snapshot_11_25_2015_12_0.json	1448470800.0	41.4	369	1181
snapshot_11_25_2015_18_0.json	1448492400.0	39.18	369	1179
snapshot_11_25_2015_6_0.json	1448449200.0	41.4	369	1184
snapshot_11_26_2015_0_0.json	1448514000.0	39.18	369	1180
snapshot_11_27_2015_18_0.json	1448665200.0	36.96	369	1221
snapshot_11_28_2015_12_0.json	1448730000.0	36.96	369	1215
snapshot_11_28_2015_18_0.json	1448751600.0	31.75	369	1215
snapshot_11_28_2015_6_0.json	1448708400.0	36.96	369	1221
snapshot_11_29_2015_0_0.json	1448773200.0	35.26	369	1204
snapshot_11_29_2015_12_0.json	1448816400.0	36.96	369	1200
snapshot_11_29_2015_18_0.json	1448838000.0	36.96	369	1196
snapshot_11_30_2015_0_0.json	1448859600.0	34.73	369	1208
snapshot_11_30_2015_0_0.json	1448859600.0	34.73	369	1208
snapshot_11_30_2015_12_0.json	1448902800.0	34.73	369	1201
snapshot_11_30_2015_18_0.json	1448924400.0	33.95	369	1199
snapshot_11_30_2015_6_0.json	1448881200.0	34.73	369	1201
snapshot_12_1_2015_12_0.json	1448989200.0	31.4	369	1196
snapshot_12_1_2015_18_0.json	1449010800.0	31.4	369	1186
snapshot_12_1_2015_6_0.json	1448967600.0	31.4	369	1206
snapshot_12_2_2015_0_0.json	1449032400.0	31.4	369	1178
snapshot_12_2_2015_12_0.json	1449075600.0	31.4	369	1170
snapshot_12_2_2015_18_0.json	1449097200.0	31.4	369	1163
snapshot_12_2_2015_6_0.json	1449054000.0	31.4	369	1170
snapshot_12_2_2015_6_0.json	1449054000.0	31.4	369	1170
snapshot_12_3_2015_0_0.json	1449118800.0	31.4	369	1207
snapshot_12_3_2015_12_0.json	1449162000.0	31.4	369	1207
snapshot_12_3_2015_18_0.json	1449183600.0	31.4	369	1200
snapshot_12_4_2015_0_0.json	1449205200.0	31.4	369	1184
snapshot_12_4_2015_12_0.json	1449248400.0	31.4	369	1173
snapshot_12_4_2015_18_0.json	1449270000.0	31.4	369	1166
snapshot_12_5_2015_0_0.json	1449291600.0	31.4	369	1156
snapshot_12_5_2015_12_0.json	1449334800.0	31.4	369	1125
snapshot_12_5_2015_18_0.json	1449356400.0	31.4	369	1124
snapshot_12_5_2015_6_0.json	1449313200.0	31.4	369	1133
9203939	2015-12-19T19:00:00Z	Disney On Ice Frozen	Honda Center	California Los Angeles Metro|10	92806
snapshot_11_16_2015_0_0.json	1447650000.0	42.28	369	1190
snapshot_11_17_2015_0_0.json	1447736400.0	42.28	369	1186
snapshot_11_17_2015_12_0.json	1447779600.0	42.28	369	1175
snapshot_11_17_2015_18_0.json	1447801200.0	42.28	369	1171
snapshot_11_17_2015_18_0.json	1447801200.0	42.28	369	1171
snapshot_11_17_2015_6_0.json	1447758000.0	42.28	369	1175
snapshot_11_18_2015_0_0.json	1447822800.0	42.28	369	1167
snapshot_11_18_2015_12_0.json	1447866000.0	42.28	369	1185
snapshot_11_18_2015_18_0.json	1447887600.0	42.28	369	1179
snapshot_11_18_2015_6_0.json	1447844400.0	42.28	369	1171
snapshot_11_19_2015_0_0.json	1447909200.0	42.28	369	1159
snapshot_11_19_2015_12_0.json	1447952400.0	42.28	369	1160
snapshot_11_19_2015_12_0.json	1447952400.0	42.28	369	1160
snapshot_11_19_2015_6_0.json	1447930800.0	42.28	369	1156
snapshot_11_21_2015_12_0.json	1448125200.0	42.28	369	1143
snapshot_11_22_2015_0_0.json	1448168400.0	42.28	369	1143
snapshot_11_22_2015_18_0.json	1448233200.0	42.28	369	1130
snapshot_11_22_2015_18_0.json	1448233200.0	42.28	369	1130
snapshot_11_22_2015_6_0.json	1448190000.0	42.28	369	1134
snapshot_11_23_2015_12_0.json	1448298000.0	42.28	369	1132
snapshot_11_24_2015_0_0.json	1448341200.0	42.28	369	1120
snapshot_11_24_2015_18_0.json	1448406000.0	42.28	369	1146
snapshot_11_24_2015_6_0.json	1448362800.0	42.28	369	1146
snapshot_11_25_2015_0_0.json	1448427600.0	42.28	369	1154
snapshot_11_25_2015_0_0.json	1448427600.0	42.28	369	1154
snapshot_11_25_2015_12_0.json	1448470800.0	41.4	369	1181
snapshot_11_25_2015_12_0.json	1448470800.0	41.4	369	1181
snapshot_11_25_2015_18_0.json	1448492400.0	39.18	369	1179
snapshot_11_25_2015_6_0.json	1448449200.0	41.4	369	1184
snapshot_11_26_2015_0_0.json	1448514000.0	39.18	369	1180
snapshot_11_27_2015_18_0.json	1448665200.0	36.96	369	1221
snapshot_11_28_2015_12_0.json	1448730000.0	36.96	369	1215
snapshot_11_28_2015_18_0.json	1448751600.0	31.75	369	1215
snapshot_11_28_2015_6_0.json	1448708400.0	36.96	369	1221
snapshot_11_29_2015_0_0.json	1448773200.0	35.26	369	1204
snapshot_11_29_2015_12_0.json	1448816400.0	36.96	369	1200
snapshot_11_29_2015_18_0.json	1448838000.0	36.96	369	1196
snapshot_11_30_2015_0_0.json	1448859600.0	34.73	369	1208
snapshot_11_30_2015_0_0.json	1448859600.0	34.73	369	1208
snapshot_11_30_2015_12_0.json	1448902800.0	34.73	369	1201
snapshot_11_30_2015_18_0.json	1448924400.0	33.95	369	1199
snapshot_11_30_2015_6_0.json	1448881200.0	34.73	369	1201
snapshot_12_1_2015_12_0.json	1448989200.0	31.4	369	1196
snapshot_12_1_2015_18_0.json	1449010800.0	31.4	369	1186
snapshot_12_1_2015_6_0.json	1448967600.0	31.4	369	1206
snapshot_12_2_2015_0_0.json	1449032400.0	31.4	369	1178
snapshot_12_2_2015_12_0.json	1449075600.0	31.4	369	1170
snapshot_12_2_2015_18_0.json	1449097200.0	31.4	369	1163
snapshot_12_2_2015_6_0.json	1449054000.0	31.4	369	1170
snapshot_12_2_2015_6_0.json	1449054000.0	31.4	369	1170
snapshot_12_3_2015_0_0.json	1449118800.0	31.4	369	1207
snapshot_12_3_2015_12_0.json	1449162000.0	31.4	369	1207
snapshot_12_3_2015_18_0.json	1449183600.0	31.4	369	1200
snapshot_12_4_2015_0_0.json	1449205200.0	31.4	369	1184
snapshot_12_4_2015_12_0.json	1449248400.0	31.4	369	1173
snapshot_12_4_2015_18_0.json	1449270000.0	31.4	369	1166
snapshot_12_5_2015_0_0.json	1449291600.0	31.4	369	1156
snapshot_12_5_2015_12_0.json	1449334800.0	31.4	369	1125
snapshot_12_5_2015_18_0.json	1449356400.0	31.4	369	1124
snapshot_12_5_2015_6_0.json	1449313200.0	31.4	369	1133
9203939	2015-12-19T19:00:00Z	Disney On Ice Frozen	Honda Center	California Los Angeles Metro|10	92806
snapshot_11_16_2015_0_0.json	1447650000.0	42.28	369	1190
snapshot_11_17_2015_0_0.json	1447736400.0	42.28	369	1186
snapshot_11_17_2015_12_0.json	1447779600.0	42.28	369	1175
snapshot_11_17_2015_18_0.json	1447801200.0	42.28	369	1171
snapshot_11_17_2015_18_0.json	1447801200.0	42.28	369	1171
snapshot_11_17_2015_6_0.json	1447758000.0	42.28	369	1175
snapshot_11_18_2015_0_0.json	1447822800.0	42.28	369	1167
snapshot_11_18_2015_12_0.json	1447866000.0	42.28	369	1185
snapshot_11_18_2015_18_0.json	1447887600.0	42.28	369	1179
snapshot_11_18_2015_6_0.json	1447844400.0	42.28	369	1171
snapshot_11_19_2015_0_0.json	1447909200.0	42.28	369	1159
snapshot_11_19_2015_12_0.json	1447952400.0	42.28	369	1160
snapshot_11_19_2015_12_0.json	1447952400.0	42.28	369	1160
snapshot_11_19_2015_6_0.json	1447930800.0	42.28	369	1156
snapshot_11_21_2015_12_0.json	1448125200.0	42.28	369	1143
snapshot_11_22_2015_0_0.json	1448168400.0	42.28	369	1143
snapshot_11_22_2015_18_0.json	1448233200.0	42.28	369	1130
snapshot_11_22_2015_18_0.json	1448233200.0	42.28	369	1130
snapshot_11_22_2015_6_0.json	1448190000.0	42.28	369	1134
snapshot_11_23_2015_12_0.json	1448298000.0	42.28	369	1132
snapshot_11_24_2015_0_0.json	1448341200.0	42.28	369	1120
snapshot_11_24_2015_18_0.json	1448406000.0	42.28	369	1146
snapshot_11_24_2015_6_0.json	1448362800.0	42.28	369	1146
snapshot_11_25_2015_0_0.json	1448427600.0	42.28	369	1154
snapshot_11_25_2015_0_0.json	1448427600.0	42.28	369	1154
snapshot_11_25_2015_12_0.json	1448470800.0	41.4	369	1181
snapshot_11_25_2015_12_0.json	1448470800.0	41.4	369	1181
snapshot_11_25_2015_18_0.json	1448492400.0	39.18	369	1179
snapshot_11_25_2015_6_0.json	1448449200.0	41.4	369	1184
snapshot_11_26_2015_0_0.json	1448514000.0	39.18	369	1180
snapshot_11_27_2015_18_0.json	1448665200.0	36.96	369	1221
snapshot_11_28_2015_12_0.json	1448730000.0	36.96	369	1215
snapshot_11_28_2015_18_0.json	1448751600.0	31.75	369	1215
snapshot_11_28_2015_6_0.json	1448708400.0	36.96	369	1221
snapshot_11_29_2015_0_0.json	1448773200.0	35.26	369	1204
snapshot_11_29_2015_12_0.json	1448816400.0	36.96	369	1200
snapshot_11_29_2015_18_0.json	1448838000.0	36.96	369	1196
snapshot_11_30_2015_0_0.json	1448859600.0	34.73	369	1208
snapshot_11_30_2015_0_0.json	1448859600.0	34.73	369	1208
snapshot_11_30_2015_12_0.json	1448902800.0	34.73	369	1201
snapshot_11_30_2015_18_0.json	1448924400.0	33.95	369	1199
snapshot_11_30_2015_6_0.json	1448881200.0	34.73	369	1201
snapshot_12_1_2015_12_0.json	1448989200.0	31.4	369	1196
snapshot_12_1_2015_18_0.json	1449010800.0	31.4	369	1186
snapshot_12_1_2015_6_0.json	1448967600.0	31.4	369	1206
snapshot_12_2_2015_0_0.json	1449032400.0	31.4	369	1178
snapshot_12_2_2015_12_0.json	1449075600.0	31.4	369	1170
snapshot_12_2_2015_18_0.json	1449097200.0	31.4	369	1163
snapshot_12_2_2015_6_0.json	1449054000.0	31.4	369	1170
snapshot_12_2_2015_6_0.json	1449054000.0	31.4	369	1170
snapshot_12_3_2015_0_0.json	1449118800.0	31.4	369	1207
snapshot_12_3_2015_12_0.json	1449162000.0	31.4	369	1207
snapshot_12_3_2015_18_0.json	1449183600.0	31.4	369	1200
snapshot_12_4_2015_0_0.json	1449205200.0	31.4	369	1184
snapshot_12_4_2015_12_0.json	1449248400.0	31.4	369	1173
snapshot_12_4_2015_18_0.json	1449270000.0	31.4	369	1166
snapshot_12_5_2015_0_0.json	1449291600.0	31.4	369	1156
snapshot_12_5_2015_12_0.json	1449334800.0	31.4	369	1125
snapshot_12_5_2015_18_0.json	1449356400.0	31.4	369	1124
snapshot_12_5_2015_6_0.json	1449313200.0	31.4	369	1133
9203939	2015-12-19T19:00:00Z	Disney On Ice Frozen	Honda Center	California Los Angeles Metro|10	92806
snapshot_11_16_2015_0_0.json	1447650000.0	42.28	369	1190
snapshot_11_17_2015_0_0.json	1447736400.0	42.28	369	1186
snapshot_11_17_2015_12_0.json	1447779600.0	42.28	369	1175
snapshot_11_17_2015_18_0.json	1447801200.0	42.28	369	1171
snapshot_11_17_2015_18_0.json	1447801200.0	42.28	369	1171
snapshot_11_17_2015_6_0.json	1447758000.0	42.28	369	1175
snapshot_11_18_2015_0_0.json	1447822800.0	42.28	369	1167
snapshot_11_18_2015_12_0.json	1447866000.0	42.28	369	1185
snapshot_11_18_2015_18_0.json	1447887600.0	42.28	369	1179
snapshot_11_18_2015_6_0.json	1447844400.0	42.28	369	1171
snapshot_11_19_2015_0_0.json	1447909200.0	42.28	369	1159
snapshot_11_19_2015_12_0.json	1447952400.0	42.28	369	1160
snapshot_11_19_2015_12_0.json	1447952400.0	42.28	369	1160
snapshot_11_19_2015_6_0.json	1447930800.0	42.28	369	1156
snapshot_11_21_2015_12_0.json	1448125200.0	42.28	369	1143
snapshot_11_22_2015_0_0.json	1448168400.0	42.28	369	1143
snapshot_11_22_2015_18_0.json	1448233200.0	42.28	369	1130
snapshot_11_22_2015_18_0.json	1448233200.0	42.28	369	1130
snapshot_11_22_2015_6_0.json	1448190000.0	42.28	369	1134
snapshot_11_23_2015_12_0.json	1448298000.0	42.28	369	1132
snapshot_11_24_2015_0_0.json	1448341200.0	42.28	369	1120
snapshot_11_24_2015_18_0.json	1448406000.0	42.28	369	1146
snapshot_11_24_2015_6_0.json	1448362800.0	42.28	369	1146
snapshot_11_25_2015_0_0.json	1448427600.0	42.28	369	1154
snapshot_11_25_2015_0_0.json	1448427600.0	42.28	369	1154
snapshot_11_25_2015_12_0.json	1448470800.0	41.4	369	1181
snapshot_11_25_2015_12_0.json	1448470800.0	41.4	369	1181
snapshot_11_25_2015_18_0.json	1448492400.0	39.18	369	1179
snapshot_11_25_2015_6_0.json	1448449200.0	41.4	369	1184
snapshot_11_26_2015_0_0.json	1448514000.0	39.18	369	1180
snapshot_11_27_2015_18_0.json	1448665200.0	36.96	369	1221
snapshot_11_28_2015_12_0.json	1448730000.0	36.96	369	1215
snapshot_11_28_2015_18_0.json	1448751600.0	31.75	369	1215
snapshot_11_28_2015_6_0.json	1448708400.0	36.96	369	1221
snapshot_11_29_2015_0_0.json	1448773200.0	35.26	369	1204
snapshot_11_29_2015_12_0.json	1448816400.0	36.96	369	1200
snapshot_11_29_2015_18_0.json	1448838000.0	36.96	369	1196
snapshot_11_30_2015_0_0.json	1448859600.0	34.73	369	1208
snapshot_11_30_2015_0_0.json	1448859600.0	34.73	369	1208
snapshot_11_30_2015_12_0.json	1448902800.0	34.73	369	1201
snapshot_11_30_2015_18_0.json	1448924400.0	33.95	369	1199
snapshot_11_30_2015_6_0.json	1448881200.0	34.73	369	1201
snapshot_12_1_2015_12_0.json	1448989200.0	31.4	369	1196
snapshot_12_1_2015_18_0.json	1449010800.0	31.4	369	1186
snapshot_12_1_2015_6_0.json	1448967600.0	31.4	369	1206
snapshot_12_2_2015_0_0.json	1449032400.0	31.4	369	1178
snapshot_12_2_2015_12_0.json	1449075600.0	31.4	369	1170
snapshot_12_2_2015_18_0.json	1449097200.0	31.4	369	1163
snapshot_12_2_2015_6_0.json	1449054000.0	31.4	369	1170
snapshot_12_2_2015_6_0.json	1449054000.0	31.4	369	1170
snapshot_12_3_2015_0_0.json	1449118800.0	31.4	369	1207
snapshot_12_3_2015_12_0.json	1449162000.0	31.4	369	1207
snapshot_12_3_2015_18_0.json	1449183600.0	31.4	369	1200
snapshot_12_4_2015_0_0.json	1449205200.0	31.4	369	1184
snapshot_12_4_2015_12_0.json	1449248400.0	31.4	369	1173
snapshot_12_4_2015_18_0.json	1449270000.0	31.4	369	1166
snapshot_12_5_2015_0_0.json	1449291600.0	31.4	369	1156
snapshot_12_5_2015_12_0.json	1449334800.0	31.4	369	1125
snapshot_12_5_2015_18_0.json	1449356400.0	31.4	369	1124
snapshot_12_5_2015_6_0.json	1449313200.0	31.4	369	1133
