9203932	2015-12-18T03:30:00Z	Disney On Ice Frozen	Honda Center	California Los Angeles Metro|10	92806
snapshot_11_16_2015_0_0.json	1447650000.0	52.05	290	546
snapshot_11_17_2015_0_0.json	1447736400.0	52.05	290	544
snapshot_11_17_2015_12_0.json	1447779600.0	52.05	290	544
snapshot_11_17_2015_6_0.json	1447758000.0	52.05	290	544
snapshot_11_18_2015_0_0.json	1447822800.0	52.05	290	544
snapshot_11_18_2015_12_0.json	1447866000.0	52.05	290	544
snapshot_11_18_2015_12_0.json	1447866000.0	52.05	290	544
snapshot_11_18_2015_18_0.json	1447887600.0	52.05	290	544
snapshot_11_18_2015_18_0.json	1447887600.0	52.05	290	544
snapshot_11_18_2015_6_0.json	1447844400.0	52.05	290	544
snapshot_11_18_2015_6_0.json	1447844400.0	52.05	290	544
snapshot_11_19_2015_0_0.json	1447909200.0	52.05	290	544
snapshot_11_19_2015_12_0.json	1447952400.0	52.05	290	543
snapshot_11_19_2015_6_0.json	1447930800.0	52.05	290	549
snapshot_11_20_2015_12_0.json	1448038800.0	52.05	290	539
snapshot_11_21_2015_12_0.json	1448125200.0	52.05	290	532
snapshot_11_22_2015_0_0.json	1448168400.0	52.05	290	538
snapshot_11_22_2015_6_0.json	1448190000.0	52.05	290	531
snapshot_11_23_2015_0_0.json	1448254800.0	52.05	290	525
snapshot_11_23_2015_0_0.json	1448254800.0	52.05	290	525
snapshot_11_23_2015_12_0.json	1448298000.0	52.05	290	527
snapshot_11_23_2015_6_0.json	1448276400.0	52.05	290	527
snapshot_11_24_2015_0_0.json	1448341200.0	49.3	290	533
snapshot_11_24_2015_12_0.json	1448384400.0	49.3	290	561
snapshot_11_24_2015_18_0.json	1448406000.0	49.3	290	561
snapshot_11_24_2015_6_0.json	1448362800.0	49.3	290	561
snapshot_11_25_2015_12_0.json	1448470800.0	49.3	290	561
snapshot_11_25_2015_18_0.json	1448492400.0	49.3	290	562
snapshot_11_26_2015_0_0.json	1448514000.0	49.3	290	562
snapshot_11_27_2015_18_0.json	1448665200.0	49.3	290	560
snapshot_11_28_2015_0_0.json	1448686800.0	49.3	290	560
snapshot_11_28_2015_12_0.json	1448730000.0	49.3	290	555
snapshot_11_28_2015_18_0.json	1448751600.0	49.3	290	555
snapshot_11_28_2015_18_0.json	1448751600.0	49.3	290	555
snapshot_11_28_2015_6_0.json	1448708400.0	49.3	290	555
snapshot_11_29_2015_0_0.json	1448773200.0	49.3	290	552
snapshot_11_29_2015_12_0.json	1448816400.0	49.3	290	552
snapshot_11_29_2015_12_0.json	1448816400.0	49.3	290	552
snapshot_11_29_2015_18_0.json	1448838000.0	49.3	290	552
snapshot_11_29_2015_6_0.json	1448794800.0	49.3	290	552
snapshot_11_30_2015_0_0.json	1448859600.0	49.3	290	551
snapshot_11_30_2015_0_0.json	1448859600.0	49.3	290	551
snapshot_11_30_2015_0_0.json	1448859600.0	49.3	290	551
snapshot_11_30_2015_12_0.json	1448902800.0	49.3	290	547
snapshot_11_30_2015_18_0.json	1448924400.0	49.3	290	543
snapshot_11_30_2015_6_0.json	1448881200.0	49.3	290	547
snapshot_12_1_2015_0_0.json	1448946000.0	49.3	290	540
snapshot_12_1_2015_12_0.json	1448989200.0	49.3	290	519
snapshot_12_1_2015_18_0.json	1449010800.0	49.3	290	517
snapshot_12_1_2015_6_0.json	1448967600.0	49.3	290	519
snapshot_12_2_2015_12_0.json	1449075600.0	49.3	290	498
snapshot_12_2_2015_12_0.json	1449075600.0	49.3	290	498
snapshot_12_2_2015_18_0.json	1449097200.0	49.3	290	498
snapshot_12_3_2015_0_0.json	1449118800.0	45.79	290	490
snapshot_12_3_2015_12_0.json	1449162000.0	45.79	290	487
snapshot_12_3_2015_18_0.json	1449183600.0	45.79	290	489
snapshot_12_3_2015_6_0.json	1449140400.0	45.79	290	487
snapshot_12_3_2015_6_0.json	1449140400.0	45.79	290	487
snapshot_12_4_2015_0_0.json	1449205200.0	45.79	290	489
snapshot_12_4_2015_18_0.json	1449270000.0	45.79	290	470
snapshot_12_4_2015_6_0.json	1449226800.0	45.79	290	484
snapshot_12_4_2015_6_0.json	1449226800.0	45.79	290	484
snapshot_12_5_2015_12_0.json	1449334800.0	45.79	290	457
snapshot_12_5_2015_18_0.json	1449356400.0	45.79	290	457
snapshot_12_5_2015_6_0.json	1449313200.0	45.79	290	457
9203932	2015-12-18T03:30:00Z	Disney On Ice Frozen	Honda Center	California Los Angeles Metro|10	92806
snapshot_11_16_2015_0_0.json	1447650000.0	52.05	290	546
snapshot_11_17_2015_0_0.json	1447736400.0	52.05	290	544
snapshot_11_17_2015_12_0.json	1447779600.0	52.05	290	544
snapshot_11_17_2015_6_0.json	1447758000.0	52.05	290	544
snapshot_11_18_2015_0_0.json	1447822800.0	52.05	290	544
snapshot_11_18_2015_12_0.json	1447866000.0	52.05	290	544
snapshot_11_18_2015_12_0.json	1447866000.0	52.05	290	544
snapshot_11_18_2015_18_0.json	1447887600.0	52.05	290	544
snapshot_11_18_2015_18_0.json	1447887600.0	52.05	290	544
snapshot_11_18_2015_6_0.json	1447844400.0	52.05	290	544
snapshot_11_18_2015_6_0.json	1447844400.0	52.05	290	544
snapshot_11_19_2015_0_0.json	1447909200.0	52.05	290	544
snapshot_11_19_2015_12_0.json	1447952400.0	52.05	290	543
snapshot_11_19_2015_6_0.json	1447930800.0	52.05	290	549
snapshot_11_20_2015_12_0.json	1448038800.0	52.05	290	539
snapshot_11_21_2015_12_0.json	1448125200.0	52.05	290	532
snapshot_11_22_2015_0_0.json	1448168400.0	52.05	290	538
snapshot_11_22_2015_6_0.json	1448190000.0	52.05	290	531
snapshot_11_23_2015_0_0.json	1448254800.0	52.05	290	525
snapshot_11_23_2015_0_0.json	1448254800.0	52.05	290	525
snapshot_11_23_2015_12_0.json	1448298000.0	52.05	290	527
snapshot_11_23_2015_6_0.json	1448276400.0	52.05	290	527
snapshot_11_24_2015_0_0.json	1448341200.0	49.3	290	533
snapshot_11_24_2015_12_0.json	1448384400.0	49.3	290	561
snapshot_11_24_2015_18_0.json	1448406000.0	49.3	290	561
snapshot_11_24_2015_6_0.json	1448362800.0	49.3	290	561
snapshot_11_25_2015_12_0.json	1448470800.0	49.3	290	561
snapshot_11_25_2015_18_0.json	1448492400.0	49.3	290	562
snapshot_11_26_2015_0_0.json	1448514000.0	49.3	290	562
snapshot_11_27_2015_18_0.json	1448665200.0	49.3	290	560
snapshot_11_28_2015_0_0.json	1448686800.0	49.3	290	560
snapshot_11_28_2015_12_0.json	1448730000.0	49.3	290	555
snapshot_11_28_2015_18_0.json	1448751600.0	49.3	290	555
snapshot_11_28_2015_18_0.json	1448751600.0	49.3	290	555
snapshot_11_28_2015_6_0.json	1448708400.0	49.3	290	555
snapshot_11_29_2015_0_0.json	1448773200.0	49.3	290	552
snapshot_11_29_2015_12_0.json	1448816400.0	49.3	290	552
snapshot_11_29_2015_12_0.json	1448816400.0	49.3	290	552
snapshot_11_29_2015_18_0.json	1448838000.0	49.3	290	552
snapshot_11_29_2015_6_0.json	1448794800.0	49.3	290	552
snapshot_11_30_2015_0_0.json	1448859600.0	49.3	290	551
snapshot_11_30_2015_0_0.json	1448859600.0	49.3	290	551
snapshot_11_30_2015_0_0.json	1448859600.0	49.3	290	551
snapshot_11_30_2015_12_0.json	1448902800.0	49.3	290	547
snapshot_11_30_2015_18_0.json	1448924400.0	49.3	290	543
snapshot_11_30_2015_6_0.json	1448881200.0	49.3	290	547
snapshot_12_1_2015_0_0.json	1448946000.0	49.3	290	540
snapshot_12_1_2015_12_0.json	1448989200.0	49.3	290	519
snapshot_12_1_2015_18_0.json	1449010800.0	49.3	290	517
snapshot_12_1_2015_6_0.json	1448967600.0	49.3	290	519
snapshot_12_2_2015_12_0.json	1449075600.0	49.3	290	498
snapshot_12_2_2015_12_0.json	1449075600.0	49.3	290	498
snapshot_12_2_2015_18_0.json	1449097200.0	49.3	290	498
snapshot_12_3_2015_0_0.json	1449118800.0	45.79	290	490
snapshot_12_3_2015_12_0.json	1449162000.0	45.79	290	487
snapshot_12_3_2015_18_0.json	1449183600.0	45.79	290	489
snapshot_12_3_2015_6_0.json	1449140400.0	45.79	290	487
snapshot_12_3_2015_6_0.json	1449140400.0	45.79	290	487
snapshot_12_4_2015_0_0.json	1449205200.0	45.79	290	489
snapshot_12_4_2015_18_0.json	1449270000.0	45.79	290	470
snapshot_12_4_2015_6_0.json	1449226800.0	45.79	290	484
snapshot_12_4_2015_6_0.json	1449226800.0	45.79	290	484
snapshot_12_5_2015_12_0.json	1449334800.0	45.79	290	457
snapshot_12_5_2015_18_0.json	1449356400.0	45.79	290	457
snapshot_12_5_2015_6_0.json	1449313200.0	45.79	290	457
9203932	2015-12-18T03:30:00Z	Disney On Ice Frozen	Honda Center	California Los Angeles Metro|10	92806
snapshot_11_16_2015_0_0.json	1447650000.0	52.05	290	546
snapshot_11_17_2015_0_0.json	1447736400.0	52.05	290	544
snapshot_11_17_2015_12_0.json	1447779600.0	52.05	290	544
snapshot_11_17_2015_6_0.json	1447758000.0	52.05	290	544
snapshot_11_18_2015_0_0.json	1447822800.0	52.05	290	544
snapshot_11_18_2015_12_0.json	1447866000.0	52.05	290	544
snapshot_11_18_2015_12_0.json	1447866000.0	52.05	290	544
snapshot_11_18_2015_18_0.json	1447887600.0	52.05	290	544
snapshot_11_18_2015_18_0.json	1447887600.0	52.05	290	544
snapshot_11_18_2015_6_0.json	1447844400.0	52.05	290	544
snapshot_11_18_2015_6_0.json	1447844400.0	52.05	290	544
snapshot_11_19_2015_0_0.json	1447909200.0	52.05	290	544
snapshot_11_19_2015_12_0.json	1447952400.0	52.05	290	543
snapshot_11_19_2015_6_0.json	1447930800.0	52.05	290	549
snapshot_11_20_2015_12_0.json	1448038800.0	52.05	290	539
snapshot_11_21_2015_12_0.json	1448125200.0	52.05	290	532
snapshot_11_22_2015_0_0.json	1448168400.0	52.05	290	538
snapshot_11_22_2015_6_0.json	1448190000.0	52.05	290	531
snapshot_11_23_2015_0_0.json	1448254800.0	52.05	290	525
snapshot_11_23_2015_0_0.json	1448254800.0	52.05	290	525
snapshot_11_23_2015_12_0.json	1448298000.0	52.05	290	527
snapshot_11_23_2015_6_0.json	1448276400.0	52.05	290	527
snapshot_11_24_2015_0_0.json	1448341200.0	49.3	290	533
snapshot_11_24_2015_12_0.json	1448384400.0	49.3	290	561
snapshot_11_24_2015_18_0.json	1448406000.0	49.3	290	561
snapshot_11_24_2015_6_0.json	1448362800.0	49.3	290	561
snapshot_11_25_2015_12_0.json	1448470800.0	49.3	290	561
snapshot_11_25_2015_18_0.json	1448492400.0	49.3	290	562
snapshot_11_26_2015_0_0.json	1448514000.0	49.3	290	562
snapshot_11_27_2015_18_0.json	1448665200.0	49.3	290	560
snapshot_11_28_2015_0_0.json	1448686800.0	49.3	290	560
snapshot_11_28_2015_12_0.json	1448730000.0	49.3	290	555
snapshot_11_28_2015_18_0.json	1448751600.0	49.3	290	555
snapshot_11_28_2015_18_0.json	1448751600.0	49.3	290	555
snapshot_11_28_2015_6_0.json	1448708400.0	49.3	290	555
snapshot_11_29_2015_0_0.json	1448773200.0	49.3	290	552
snapshot_11_29_2015_12_0.json	1448816400.0	49.3	290	552
snapshot_11_29_2015_12_0.json	1448816400.0	49.3	290	552
snapshot_11_29_2015_18_0.json	1448838000.0	49.3	290	552
snapshot_11_29_2015_6_0.json	1448794800.0	49.3	290	552
snapshot_11_30_2015_0_0.json	1448859600.0	49.3	290	551
snapshot_11_30_2015_0_0.json	1448859600.0	49.3	290	551
snapshot_11_30_2015_0_0.json	1448859600.0	49.3	290	551
snapshot_11_30_2015_12_0.json	1448902800.0	49.3	290	547
snapshot_11_30_2015_18_0.json	1448924400.0	49.3	290	543
snapshot_11_30_2015_6_0.json	1448881200.0	49.3	290	547
snapshot_12_1_2015_0_0.json	1448946000.0	49.3	290	540
snapshot_12_1_2015_12_0.json	1448989200.0	49.3	290	519
snapshot_12_1_2015_18_0.json	1449010800.0	49.3	290	517
snapshot_12_1_2015_6_0.json	1448967600.0	49.3	290	519
snapshot_12_2_2015_12_0.json	1449075600.0	49.3	290	498
snapshot_12_2_2015_12_0.json	1449075600.0	49.3	290	498
snapshot_12_2_2015_18_0.json	1449097200.0	49.3	290	498
snapshot_12_3_2015_0_0.json	1449118800.0	45.79	290	490
snapshot_12_3_2015_12_0.json	1449162000.0	45.79	290	487
snapshot_12_3_2015_18_0.json	1449183600.0	45.79	290	489
snapshot_12_3_2015_6_0.json	1449140400.0	45.79	290	487
snapshot_12_3_2015_6_0.json	1449140400.0	45.79	290	487
snapshot_12_4_2015_0_0.json	1449205200.0	45.79	290	489
snapshot_12_4_2015_18_0.json	1449270000.0	45.79	290	470
snapshot_12_4_2015_6_0.json	1449226800.0	45.79	290	484
snapshot_12_4_2015_6_0.json	1449226800.0	45.79	290	484
snapshot_12_5_2015_12_0.json	1449334800.0	45.79	290	457
snapshot_12_5_2015_18_0.json	1449356400.0	45.79	290	457
snapshot_12_5_2015_6_0.json	1449313200.0	45.79	290	457
9203932	2015-12-18T03:30:00Z	Disney On Ice Frozen	Honda Center	California Los Angeles Metro|10	92806
snapshot_11_16_2015_0_0.json	1447650000.0	52.05	290	546
snapshot_11_17_2015_0_0.json	1447736400.0	52.05	290	544
snapshot_11_17_2015_12_0.json	1447779600.0	52.05	290	544
snapshot_11_17_2015_6_0.json	1447758000.0	52.05	290	544
snapshot_11_18_2015_0_0.json	1447822800.0	52.05	290	544
snapshot_11_18_2015_12_0.json	1447866000.0	52.05	290	544
snapshot_11_18_2015_12_0.json	1447866000.0	52.05	290	544
snapshot_11_18_2015_18_0.json	1447887600.0	52.05	290	544
snapshot_11_18_2015_18_0.json	1447887600.0	52.05	290	544
snapshot_11_18_2015_6_0.json	1447844400.0	52.05	290	544
snapshot_11_18_2015_6_0.json	1447844400.0	52.05	290	544
snapshot_11_19_2015_0_0.json	1447909200.0	52.05	290	544
snapshot_11_19_2015_12_0.json	1447952400.0	52.05	290	543
snapshot_11_19_2015_6_0.json	1447930800.0	52.05	290	549
snapshot_11_20_2015_12_0.json	1448038800.0	52.05	290	539
snapshot_11_21_2015_12_0.json	1448125200.0	52.05	290	532
snapshot_11_22_2015_0_0.json	1448168400.0	52.05	290	538
snapshot_11_22_2015_6_0.json	1448190000.0	52.05	290	531
snapshot_11_23_2015_0_0.json	1448254800.0	52.05	290	525
snapshot_11_23_2015_0_0.json	1448254800.0	52.05	290	525
snapshot_11_23_2015_12_0.json	1448298000.0	52.05	290	527
snapshot_11_23_2015_6_0.json	1448276400.0	52.05	290	527
snapshot_11_24_2015_0_0.json	1448341200.0	49.3	290	533
snapshot_11_24_2015_12_0.json	1448384400.0	49.3	290	561
snapshot_11_24_2015_18_0.json	1448406000.0	49.3	290	561
snapshot_11_24_2015_6_0.json	1448362800.0	49.3	290	561
snapshot_11_25_2015_12_0.json	1448470800.0	49.3	290	561
snapshot_11_25_2015_18_0.json	1448492400.0	49.3	290	562
snapshot_11_26_2015_0_0.json	1448514000.0	49.3	290	562
snapshot_11_27_2015_18_0.json	1448665200.0	49.3	290	560
snapshot_11_28_2015_0_0.json	1448686800.0	49.3	290	560
snapshot_11_28_2015_12_0.json	1448730000.0	49.3	290	555
snapshot_11_28_2015_18_0.json	1448751600.0	49.3	290	555
snapshot_11_28_2015_18_0.json	1448751600.0	49.3	290	555
snapshot_11_28_2015_6_0.json	1448708400.0	49.3	290	555
snapshot_11_29_2015_0_0.json	1448773200.0	49.3	290	552
snapshot_11_29_2015_12_0.json	1448816400.0	49.3	290	552
snapshot_11_29_2015_12_0.json	1448816400.0	49.3	290	552
snapshot_11_29_2015_18_0.json	1448838000.0	49.3	290	552
snapshot_11_29_2015_6_0.json	1448794800.0	49.3	290	552
snapshot_11_30_2015_0_0.json	1448859600.0	49.3	290	551
snapshot_11_30_2015_0_0.json	1448859600.0	49.3	290	551
snapshot_11_30_2015_0_0.json	1448859600.0	49.3	290	551
snapshot_11_30_2015_12_0.json	1448902800.0	49.3	290	547
snapshot_11_30_2015_18_0.json	1448924400.0	49.3	290	543
snapshot_11_30_2015_6_0.json	1448881200.0	49.3	290	547
snapshot_12_1_2015_0_0.json	1448946000.0	49.3	290	540
snapshot_12_1_2015_12_0.json	1448989200.0	49.3	290	519
snapshot_12_1_2015_18_0.json	1449010800.0	49.3	290	517
snapshot_12_1_2015_6_0.json	1448967600.0	49.3	290	519
snapshot_12_2_2015_12_0.json	1449075600.0	49.3	290	498
snapshot_12_2_2015_12_0.json	1449075600.0	49.3	290	498
snapshot_12_2_2015_18_0.json	1449097200.0	49.3	290	498
snapshot_12_3_2015_0_0.json	1449118800.0	45.79	290	490
snapshot_12_3_2015_12_0.json	1449162000.0	45.79	290	487
snapshot_12_3_2015_18_0.json	1449183600.0	45.79	290	489
snapshot_12_3_2015_6_0.json	1449140400.0	45.79	290	487
snapshot_12_3_2015_6_0.json	1449140400.0	45.79	290	487
snapshot_12_4_2015_0_0.json	1449205200.0	45.79	290	489
snapshot_12_4_2015_18_0.json	1449270000.0	45.79	290	470
snapshot_12_4_2015_6_0.json	1449226800.0	45.79	290	484
snapshot_12_4_2015_6_0.json	1449226800.0	45.79	290	484
snapshot_12_5_2015_12_0.json	1449334800.0	45.79	290	457
snapshot_12_5_2015_18_0.json	1449356400.0	45.79	290	457
snapshot_12_5_2015_6_0.json	1449313200.0	45.79	290	457
