9203937	2015-12-20T03:00:00Z	Disney On Ice Frozen	Honda Center	California Los Angeles Metro|10	92806
snapshot_11_16_2015_0_0.json	1447650000.0	39.94	430	1377
snapshot_11_17_2015_0_0.json	1447736400.0	39.94	430	1372
snapshot_11_17_2015_6_0.json	1447758000.0	42.69	430	1364
snapshot_11_18_2015_0_0.json	1447822800.0	37.6	430	1381
snapshot_11_18_2015_12_0.json	1447866000.0	37.6	430	1393
snapshot_11_18_2015_18_0.json	1447887600.0	37.6	430	1393
snapshot_11_18_2015_18_0.json	1447887600.0	37.6	430	1393
snapshot_11_18_2015_6_0.json	1447844400.0	37.6	430	1381
snapshot_11_19_2015_0_0.json	1447909200.0	37.6	430	1388
snapshot_11_19_2015_0_0.json	1447909200.0	37.6	430	1388
snapshot_11_19_2015_12_0.json	1447952400.0	37.6	430	1388
snapshot_11_19_2015_6_0.json	1447930800.0	37.6	430	1388
snapshot_11_20_2015_0_0.json	1447995600.0	37.6	430	1368
snapshot_11_20_2015_12_0.json	1448038800.0	37.6	430	1362
snapshot_11_21_2015_18_0.json	1448146800.0	43.45	430	1343
snapshot_11_22_2015_0_0.json	1448168400.0	43.45	430	1345
snapshot_11_22_2015_12_0.json	1448211600.0	43.45	430	1333
snapshot_11_22_2015_18_0.json	1448233200.0	43.45	430	1333
snapshot_11_22_2015_6_0.json	1448190000.0	43.45	430	1333
snapshot_11_23_2015_0_0.json	1448254800.0	43.45	430	1321
snapshot_11_23_2015_12_0.json	1448298000.0	43.45	430	1323
snapshot_11_23_2015_6_0.json	1448276400.0	43.45	430	1323
snapshot_11_24_2015_0_0.json	1448341200.0	43.45	430	1338
snapshot_11_24_2015_12_0.json	1448384400.0	43.45	430	1345
snapshot_11_24_2015_12_0.json	1448384400.0	43.45	430	1345
snapshot_11_24_2015_18_0.json	1448406000.0	43.45	430	1345
snapshot_11_24_2015_6_0.json	1448362800.0	43.45	430	1350
snapshot_11_25_2015_12_0.json	1448470800.0	43.45	430	1345
snapshot_11_25_2015_18_0.json	1448492400.0	43.45	430	1345
snapshot_11_25_2015_6_0.json	1448449200.0	43.45	430	1345
snapshot_11_26_2015_0_0.json	1448514000.0	43.45	430	1349
snapshot_11_27_2015_18_0.json	1448665200.0	43.45	430	1342
snapshot_11_28_2015_12_0.json	1448730000.0	43.45	430	1337
snapshot_11_28_2015_6_0.json	1448708400.0	43.45	430	1337
snapshot_11_29_2015_0_0.json	1448773200.0	43.45	430	1342
snapshot_11_29_2015_0_0.json	1448773200.0	43.45	430	1342
snapshot_11_29_2015_12_0.json	1448816400.0	43.45	430	1342
snapshot_11_29_2015_12_0.json	1448816400.0	43.45	430	1342
snapshot_11_29_2015_18_0.json	1448838000.0	43.45	430	1342
snapshot_11_29_2015_6_0.json	1448794800.0	43.45	430	1342
snapshot_11_30_2015_0_0.json	1448859600.0	43.45	430	1355
snapshot_11_30_2015_0_0.json	1448859600.0	43.45	430	1355
snapshot_11_30_2015_0_0.json	1448859600.0	43.45	430	1355
snapshot_11_30_2015_12_0.json	1448902800.0	43.45	430	1351
snapshot_12_1_2015_18_0.json	1449010800.0	43.45	430	1379
snapshot_12_1_2015_6_0.json	1448967600.0	43.45	430	1388
snapshot_12_1_2015_6_0.json	1448967600.0	43.45	430	1388
snapshot_12_2_2015_0_0.json	1449032400.0	43.45	430	1342
snapshot_12_2_2015_12_0.json	1449075600.0	43.45	430	1331
snapshot_12_2_2015_18_0.json	1449097200.0	43.45	430	1331
snapshot_12_2_2015_6_0.json	1449054000.0	43.45	430	1331
snapshot_12_2_2015_6_0.json	1449054000.0	43.45	430	1331
snapshot_12_3_2015_0_0.json	1449118800.0	43.45	430	1345
snapshot_12_3_2015_12_0.json	1449162000.0	43.45	430	1354
snapshot_12_4_2015_0_0.json	1449205200.0	43.45	430	1336
snapshot_12_4_2015_12_0.json	1449248400.0	43.45	430	1325
snapshot_12_4_2015_12_0.json	1449248400.0	43.45	430	1325
snapshot_12_4_2015_18_0.json	1449270000.0	43.45	430	1313
snapshot_12_4_2015_6_0.json	1449226800.0	43.45	430	1323
snapshot_12_5_2015_0_0.json	1449291600.0	43.45	430	1315
snapshot_12_5_2015_12_0.json	1449334800.0	43.39	430	1303
snapshot_12_5_2015_18_0.json	1449356400.0	43.39	430	1299
snapshot_12_5_2015_6_0.json	1449313200.0	43.39	430	1307
9203937	2015-12-20T03:00:00Z	Disney On Ice Frozen	Honda Center	California Los Angeles Metro|10	92806
snapshot_11_16_2015_0_0.json	1447650000.0	39.94	430	1377
snapshot_11_17_2015_0_0.json	1447736400.0	39.94	430	1372
snapshot_11_17_2015_6_0.json	1447758000.0	42.69	430	1364
snapshot_11_18_2015_0_0.json	1447822800.0	37.6	430	1381
snapshot_11_18_2015_12_0.json	1447866000.0	37.6	430	1393
snapshot_11_18_2015_18_0.json	1447887600.0	37.6	430	1393
snapshot_11_18_2015_18_0.json	1447887600.0	37.6	430	1393
snapshot_11_18_2015_6_0.json	1447844400.0	37.6	430	1381
snapshot_11_19_2015_0_0.json	1447909200.0	37.6	430	1388
snapshot_11_19_2015_0_0.json	1447909200.0	37.6	430	1388
snapshot_11_19_2015_12_0.json	1447952400.0	37.6	430	1388
snapshot_11_19_2015_6_0.json	1447930800.0	37.6	430	1388
snapshot_11_20_2015_0_0.json	1447995600.0	37.6	430	1368
snapshot_11_20_2015_12_0.json	1448038800.0	37.6	430	1362
snapshot_11_21_2015_18_0.json	1448146800.0	43.45	430	1343
snapshot_11_22_2015_0_0.json	1448168400.0	43.45	430	1345
snapshot_11_22_2015_12_0.json	1448211600.0	43.45	430	1333
snapshot_11_22_2015_18_0.json	1448233200.0	43.45	430	1333
snapshot_11_22_2015_6_0.json	1448190000.0	43.45	430	1333
snapshot_11_23_2015_0_0.json	1448254800.0	43.45	430	1321
snapshot_11_23_2015_12_0.json	1448298000.0	43.45	430	1323
snapshot_11_23_2015_6_0.json	1448276400.0	43.45	430	1323
snapshot_11_24_2015_0_0.json	1448341200.0	43.45	430	1338
snapshot_11_24_2015_12_0.json	1448384400.0	43.45	430	1345
snapshot_11_24_2015_12_0.json	1448384400.0	43.45	430	1345
snapshot_11_24_2015_18_0.json	1448406000.0	43.45	430	1345
snapshot_11_24_2015_6_0.json	1448362800.0	43.45	430	1350
snapshot_11_25_2015_12_0.json	1448470800.0	43.45	430	1345
snapshot_11_25_2015_18_0.json	1448492400.0	43.45	430	1345
snapshot_11_25_2015_6_0.json	1448449200.0	43.45	430	1345
snapshot_11_26_2015_0_0.json	1448514000.0	43.45	430	1349
snapshot_11_27_2015_18_0.json	1448665200.0	43.45	430	1342
snapshot_11_28_2015_12_0.json	1448730000.0	43.45	430	1337
snapshot_11_28_2015_6_0.json	1448708400.0	43.45	430	1337
snapshot_11_29_2015_0_0.json	1448773200.0	43.45	430	1342
snapshot_11_29_2015_0_0.json	1448773200.0	43.45	430	1342
snapshot_11_29_2015_12_0.json	1448816400.0	43.45	430	1342
snapshot_11_29_2015_12_0.json	1448816400.0	43.45	430	1342
snapshot_11_29_2015_18_0.json	1448838000.0	43.45	430	1342
snapshot_11_29_2015_6_0.json	1448794800.0	43.45	430	1342
snapshot_11_30_2015_0_0.json	1448859600.0	43.45	430	1355
snapshot_11_30_2015_0_0.json	1448859600.0	43.45	430	1355
snapshot_11_30_2015_0_0.json	1448859600.0	43.45	430	1355
snapshot_11_30_2015_12_0.json	1448902800.0	43.45	430	1351
snapshot_12_1_2015_18_0.json	1449010800.0	43.45	430	1379
snapshot_12_1_2015_6_0.json	1448967600.0	43.45	430	1388
snapshot_12_1_2015_6_0.json	1448967600.0	43.45	430	1388
snapshot_12_2_2015_0_0.json	1449032400.0	43.45	430	1342
snapshot_12_2_2015_12_0.json	1449075600.0	43.45	430	1331
snapshot_12_2_2015_18_0.json	1449097200.0	43.45	430	1331
snapshot_12_2_2015_6_0.json	1449054000.0	43.45	430	1331
snapshot_12_2_2015_6_0.json	1449054000.0	43.45	430	1331
snapshot_12_3_2015_0_0.json	1449118800.0	43.45	430	1345
snapshot_12_3_2015_12_0.json	1449162000.0	43.45	430	1354
snapshot_12_4_2015_0_0.json	1449205200.0	43.45	430	1336
snapshot_12_4_2015_12_0.json	1449248400.0	43.45	430	1325
snapshot_12_4_2015_12_0.json	1449248400.0	43.45	430	1325
snapshot_12_4_2015_18_0.json	1449270000.0	43.45	430	1313
snapshot_12_4_2015_6_0.json	1449226800.0	43.45	430	1323
snapshot_12_5_2015_0_0.json	1449291600.0	43.45	430	1315
snapshot_12_5_2015_12_0.json	1449334800.0	43.39	430	1303
snapshot_12_5_2015_18_0.json	1449356400.0	43.39	430	1299
snapshot_12_5_2015_6_0.json	1449313200.0	43.39	430	1307
9203937	2015-12-20T03:00:00Z	Disney On Ice Frozen	Honda Center	California Los Angeles Metro|10	92806
snapshot_11_16_2015_0_0.json	1447650000.0	39.94	430	1377
snapshot_11_17_2015_0_0.json	1447736400.0	39.94	430	1372
snapshot_11_17_2015_6_0.json	1447758000.0	42.69	430	1364
snapshot_11_18_2015_0_0.json	1447822800.0	37.6	430	1381
snapshot_11_18_2015_12_0.json	1447866000.0	37.6	430	1393
snapshot_11_18_2015_18_0.json	1447887600.0	37.6	430	1393
snapshot_11_18_2015_18_0.json	1447887600.0	37.6	430	1393
snapshot_11_18_2015_6_0.json	1447844400.0	37.6	430	1381
snapshot_11_19_2015_0_0.json	1447909200.0	37.6	430	1388
snapshot_11_19_2015_0_0.json	1447909200.0	37.6	430	1388
snapshot_11_19_2015_12_0.json	1447952400.0	37.6	430	1388
snapshot_11_19_2015_6_0.json	1447930800.0	37.6	430	1388
snapshot_11_20_2015_0_0.json	1447995600.0	37.6	430	1368
snapshot_11_20_2015_12_0.json	1448038800.0	37.6	430	1362
snapshot_11_21_2015_18_0.json	1448146800.0	43.45	430	1343
snapshot_11_22_2015_0_0.json	1448168400.0	43.45	430	1345
snapshot_11_22_2015_12_0.json	1448211600.0	43.45	430	1333
snapshot_11_22_2015_18_0.json	1448233200.0	43.45	430	1333
snapshot_11_22_2015_6_0.json	1448190000.0	43.45	430	1333
snapshot_11_23_2015_0_0.json	1448254800.0	43.45	430	1321
snapshot_11_23_2015_12_0.json	1448298000.0	43.45	430	1323
snapshot_11_23_2015_6_0.json	1448276400.0	43.45	430	1323
snapshot_11_24_2015_0_0.json	1448341200.0	43.45	430	1338
snapshot_11_24_2015_12_0.json	1448384400.0	43.45	430	1345
snapshot_11_24_2015_12_0.json	1448384400.0	43.45	430	1345
snapshot_11_24_2015_18_0.json	1448406000.0	43.45	430	1345
snapshot_11_24_2015_6_0.json	1448362800.0	43.45	430	1350
snapshot_11_25_2015_12_0.json	1448470800.0	43.45	430	1345
snapshot_11_25_2015_18_0.json	1448492400.0	43.45	430	1345
snapshot_11_25_2015_6_0.json	1448449200.0	43.45	430	1345
snapshot_11_26_2015_0_0.json	1448514000.0	43.45	430	1349
snapshot_11_27_2015_18_0.json	1448665200.0	43.45	430	1342
snapshot_11_28_2015_12_0.json	1448730000.0	43.45	430	1337
snapshot_11_28_2015_6_0.json	1448708400.0	43.45	430	1337
snapshot_11_29_2015_0_0.json	1448773200.0	43.45	430	1342
snapshot_11_29_2015_0_0.json	1448773200.0	43.45	430	1342
snapshot_11_29_2015_12_0.json	1448816400.0	43.45	430	1342
snapshot_11_29_2015_12_0.json	1448816400.0	43.45	430	1342
snapshot_11_29_2015_18_0.json	1448838000.0	43.45	430	1342
snapshot_11_29_2015_6_0.json	1448794800.0	43.45	430	1342
snapshot_11_30_2015_0_0.json	1448859600.0	43.45	430	1355
snapshot_11_30_2015_0_0.json	1448859600.0	43.45	430	1355
snapshot_11_30_2015_0_0.json	1448859600.0	43.45	430	1355
snapshot_11_30_2015_12_0.json	1448902800.0	43.45	430	1351
snapshot_12_1_2015_18_0.json	1449010800.0	43.45	430	1379
snapshot_12_1_2015_6_0.json	1448967600.0	43.45	430	1388
snapshot_12_1_2015_6_0.json	1448967600.0	43.45	430	1388
snapshot_12_2_2015_0_0.json	1449032400.0	43.45	430	1342
snapshot_12_2_2015_12_0.json	1449075600.0	43.45	430	1331
snapshot_12_2_2015_18_0.json	1449097200.0	43.45	430	1331
snapshot_12_2_2015_6_0.json	1449054000.0	43.45	430	1331
snapshot_12_2_2015_6_0.json	1449054000.0	43.45	430	1331
snapshot_12_3_2015_0_0.json	1449118800.0	43.45	430	1345
snapshot_12_3_2015_12_0.json	1449162000.0	43.45	430	1354
snapshot_12_4_2015_0_0.json	1449205200.0	43.45	430	1336
snapshot_12_4_2015_12_0.json	1449248400.0	43.45	430	1325
snapshot_12_4_2015_12_0.json	1449248400.0	43.45	430	1325
snapshot_12_4_2015_18_0.json	1449270000.0	43.45	430	1313
snapshot_12_4_2015_6_0.json	1449226800.0	43.45	430	1323
snapshot_12_5_2015_0_0.json	1449291600.0	43.45	430	1315
snapshot_12_5_2015_12_0.json	1449334800.0	43.39	430	1303
snapshot_12_5_2015_18_0.json	1449356400.0	43.39	430	1299
snapshot_12_5_2015_6_0.json	1449313200.0	43.39	430	1307
9203937	2015-12-20T03:00:00Z	Disney On Ice Frozen	Honda Center	California Los Angeles Metro|10	92806
snapshot_11_16_2015_0_0.json	1447650000.0	39.94	430	1377
snapshot_11_17_2015_0_0.json	1447736400.0	39.94	430	1372
snapshot_11_17_2015_6_0.json	1447758000.0	42.69	430	1364
snapshot_11_18_2015_0_0.json	1447822800.0	37.6	430	1381
snapshot_11_18_2015_12_0.json	1447866000.0	37.6	430	1393
snapshot_11_18_2015_18_0.json	1447887600.0	37.6	430	1393
snapshot_11_18_2015_18_0.json	1447887600.0	37.6	430	1393
snapshot_11_18_2015_6_0.json	1447844400.0	37.6	430	1381
snapshot_11_19_2015_0_0.json	1447909200.0	37.6	430	1388
snapshot_11_19_2015_0_0.json	1447909200.0	37.6	430	1388
snapshot_11_19_2015_12_0.json	1447952400.0	37.6	430	1388
snapshot_11_19_2015_6_0.json	1447930800.0	37.6	430	1388
snapshot_11_20_2015_0_0.json	1447995600.0	37.6	430	1368
snapshot_11_20_2015_12_0.json	1448038800.0	37.6	430	1362
snapshot_11_21_2015_18_0.json	1448146800.0	43.45	430	1343
snapshot_11_22_2015_0_0.json	1448168400.0	43.45	430	1345
snapshot_11_22_2015_12_0.json	1448211600.0	43.45	430	1333
snapshot_11_22_2015_18_0.json	1448233200.0	43.45	430	1333
snapshot_11_22_2015_6_0.json	1448190000.0	43.45	430	1333
snapshot_11_23_2015_0_0.json	1448254800.0	43.45	430	1321
snapshot_11_23_2015_12_0.json	1448298000.0	43.45	430	1323
snapshot_11_23_2015_6_0.json	1448276400.0	43.45	430	1323
snapshot_11_24_2015_0_0.json	1448341200.0	43.45	430	1338
snapshot_11_24_2015_12_0.json	1448384400.0	43.45	430	1345
snapshot_11_24_2015_12_0.json	1448384400.0	43.45	430	1345
snapshot_11_24_2015_18_0.json	1448406000.0	43.45	430	1345
snapshot_11_24_2015_6_0.json	1448362800.0	43.45	430	1350
snapshot_11_25_2015_12_0.json	1448470800.0	43.45	430	1345
snapshot_11_25_2015_18_0.json	1448492400.0	43.45	430	1345
snapshot_11_25_2015_6_0.json	1448449200.0	43.45	430	1345
snapshot_11_26_2015_0_0.json	1448514000.0	43.45	430	1349
snapshot_11_27_2015_18_0.json	1448665200.0	43.45	430	1342
snapshot_11_28_2015_12_0.json	1448730000.0	43.45	430	1337
snapshot_11_28_2015_6_0.json	1448708400.0	43.45	430	1337
snapshot_11_29_2015_0_0.json	1448773200.0	43.45	430	1342
snapshot_11_29_2015_0_0.json	1448773200.0	43.45	430	1342
snapshot_11_29_2015_12_0.json	1448816400.0	43.45	430	1342
snapshot_11_29_2015_12_0.json	1448816400.0	43.45	430	1342
snapshot_11_29_2015_18_0.json	1448838000.0	43.45	430	1342
snapshot_11_29_2015_6_0.json	1448794800.0	43.45	430	1342
snapshot_11_30_2015_0_0.json	1448859600.0	43.45	430	1355
snapshot_11_30_2015_0_0.json	1448859600.0	43.45	430	1355
snapshot_11_30_2015_0_0.json	1448859600.0	43.45	430	1355
snapshot_11_30_2015_12_0.json	1448902800.0	43.45	430	1351
snapshot_12_1_2015_18_0.json	1449010800.0	43.45	430	1379
snapshot_12_1_2015_6_0.json	1448967600.0	43.45	430	1388
snapshot_12_1_2015_6_0.json	1448967600.0	43.45	430	1388
snapshot_12_2_2015_0_0.json	1449032400.0	43.45	430	1342
snapshot_12_2_2015_12_0.json	1449075600.0	43.45	430	1331
snapshot_12_2_2015_18_0.json	1449097200.0	43.45	430	1331
snapshot_12_2_2015_6_0.json	1449054000.0	43.45	430	1331
snapshot_12_2_2015_6_0.json	1449054000.0	43.45	430	1331
snapshot_12_3_2015_0_0.json	1449118800.0	43.45	430	1345
snapshot_12_3_2015_12_0.json	1449162000.0	43.45	430	1354
snapshot_12_4_2015_0_0.json	1449205200.0	43.45	430	1336
snapshot_12_4_2015_12_0.json	1449248400.0	43.45	430	1325
snapshot_12_4_2015_12_0.json	1449248400.0	43.45	430	1325
snapshot_12_4_2015_18_0.json	1449270000.0	43.45	430	1313
snapshot_12_4_2015_6_0.json	1449226800.0	43.45	430	1323
snapshot_12_5_2015_0_0.json	1449291600.0	43.45	430	1315
snapshot_12_5_2015_12_0.json	1449334800.0	43.39	430	1303
snapshot_12_5_2015_18_0.json	1449356400.0	43.39	430	1299
snapshot_12_5_2015_6_0.json	1449313200.0	43.39	430	1307
