9203935	2015-12-20T23:00:00Z	Disney On Ice Frozen	Honda Center	California Los Angeles Metro|10	92806
snapshot_11_16_2015_0_0.json	1447650000.0	52.81	271.58	1516
snapshot_11_17_2015_0_0.json	1447736400.0	52.81	271.58	1516
snapshot_11_17_2015_12_0.json	1447779600.0	52.81	271.58	1509
snapshot_11_17_2015_18_0.json	1447801200.0	52.81	271.58	1507
snapshot_11_17_2015_6_0.json	1447758000.0	52.81	271.58	1509
snapshot_11_18_2015_0_0.json	1447822800.0	52.81	271.58	1534
snapshot_11_18_2015_12_0.json	1447866000.0	52.81	271.58	1562
snapshot_11_18_2015_18_0.json	1447887600.0	52.81	271.58	1562
snapshot_11_18_2015_6_0.json	1447844400.0	52.81	271.58	1534
snapshot_11_19_2015_12_0.json	1447952400.0	52.81	271.58	1553
snapshot_11_19_2015_12_0.json	1447952400.0	52.81	271.58	1553
snapshot_11_19_2015_6_0.json	1447930800.0	52.81	271.58	1553
snapshot_11_20_2015_12_0.json	1448038800.0	48.13	271.58	1513
snapshot_11_21_2015_12_0.json	1448125200.0	48.13	271.58	1508
snapshot_11_21_2015_18_0.json	1448146800.0	48.13	271.58	1500
snapshot_11_22_2015_12_0.json	1448211600.0	48.13	271.58	1491
snapshot_11_22_2015_12_0.json	1448211600.0	48.13	271.58	1491
snapshot_11_22_2015_18_0.json	1448233200.0	48.13	271.58	1491
snapshot_11_22_2015_6_0.json	1448190000.0	48.13	271.58	1491
snapshot_11_23_2015_12_0.json	1448298000.0	48.13	271.58	1489
snapshot_11_23_2015_12_0.json	1448298000.0	48.13	271.58	1489
snapshot_11_23_2015_6_0.json	1448276400.0	48.13	271.58	1489
snapshot_11_24_2015_0_0.json	1448341200.0	48.13	271.58	1500
snapshot_11_24_2015_18_0.json	1448406000.0	48.13	271.58	1501
snapshot_11_24_2015_6_0.json	1448362800.0	48.13	271.58	1501
snapshot_11_25_2015_0_0.json	1448427600.0	48.13	271.58	1493
snapshot_11_25_2015_0_0.json	1448427600.0	48.13	271.58	1493
snapshot_11_25_2015_12_0.json	1448470800.0	48.13	271.58	1497
snapshot_11_25_2015_18_0.json	1448492400.0	48.13	271.58	1491
snapshot_11_25_2015_6_0.json	1448449200.0	48.13	271.58	1497
snapshot_11_26_2015_0_0.json	1448514000.0	48.13	271.58	1483
snapshot_11_26_2015_0_0.json	1448514000.0	48.13	271.58	1483
snapshot_11_26_2015_0_0.json	1448514000.0	48.13	271.58	1483
snapshot_11_27_2015_18_0.json	1448665200.0	48.13	271.58	1475
snapshot_11_28_2015_0_0.json	1448686800.0	48.13	271.58	1467
snapshot_11_28_2015_12_0.json	1448730000.0	48.13	271.58	1465
snapshot_11_28_2015_18_0.json	1448751600.0	48.13	271.58	1465
snapshot_11_28_2015_6_0.json	1448708400.0	48.13	271.58	1465
snapshot_11_28_2015_6_0.json	1448708400.0	48.13	271.58	1465
snapshot_11_29_2015_0_0.json	1448773200.0	48.13	271.58	1456
snapshot_11_29_2015_0_0.json	1448773200.0	48.13	271.58	1456
snapshot_11_29_2015_12_0.json	1448816400.0	48.13	271.58	1454
snapshot_11_29_2015_18_0.json	1448838000.0	48.13	271.58	1454
snapshot_11_29_2015_6_0.json	1448794800.0	48.13	271.58	1454
snapshot_11_30_2015_0_0.json	1448859600.0	48.13	271.58	1456
snapshot_11_30_2015_12_0.json	1448902800.0	48.13	271.58	1431
snapshot_11_30_2015_18_0.json	1448924400.0	48.13	271.58	1411
snapshot_11_30_2015_18_0.json	1448924400.0	48.13	271.58	1397
snapshot_11_30_2015_6_0.json	1448881200.0	48.13	271.58	1442
snapshot_12_1_2015_0_0.json	1448946000.0	48.13	271.58	1436
snapshot_12_1_2015_12_0.json	1448989200.0	48.13	271.58	1409
snapshot_12_1_2015_12_0.json	1448989200.0	48.13	271.58	1409
snapshot_12_1_2015_18_0.json	1449010800.0	48.13	271.58	1409
snapshot_12_1_2015_6_0.json	1448967600.0	48.13	271.58	1412
snapshot_12_2_2015_0_0.json	1449032400.0	48.13	271.58	1388
snapshot_12_2_2015_0_0.json	1449032400.0	48.13	271.58	1388
snapshot_12_2_2015_12_0.json	1449075600.0	48.08	271.58	1370
snapshot_12_2_2015_18_0.json	1449097200.0	48.08	271.58	1361
snapshot_12_3_2015_12_0.json	1449162000.0	48.08	271.58	1352
snapshot_12_3_2015_18_0.json	1449183600.0	48.08	271.58	1340
snapshot_12_3_2015_18_0.json	1449183600.0	48.08	271.58	1340
snapshot_12_3_2015_6_0.json	1449140400.0	48.08	271.58	1352
snapshot_12_3_2015_6_0.json	1449140400.0	48.08	271.58	1352
snapshot_12_4_2015_0_0.json	1449205200.0	48.08	271.58	1323
snapshot_12_4_2015_12_0.json	1449248400.0	48.08	271.58	1304
snapshot_12_4_2015_18_0.json	1449270000.0	48.08	271.58	1285
snapshot_12_4_2015_18_0.json	1449270000.0	48.08	271.58	1285
snapshot_12_4_2015_6_0.json	1449226800.0	48.08	271.58	1313
snapshot_12_4_2015_6_0.json	1449226800.0	48.08	271.58	1313
snapshot_12_5_2015_0_0.json	1449291600.0	48.08	271.58	1318
snapshot_12_5_2015_12_0.json	1449334800.0	48.08	271.58	1302
snapshot_12_5_2015_18_0.json	1449356400.0	48.08	271.58	1296
snapshot_12_5_2015_6_0.json	1449313200.0	48.08	271.58	1308
9203935	2015-12-20T23:00:00Z	Disney On Ice Frozen	Honda Center	California Los Angeles Metro|10	92806
snapshot_11_16_2015_0_0.json	1447650000.0	52.81	271.58	1516
snapshot_11_17_2015_0_0.json	1447736400.0	52.81	271.58	1516
snapshot_11_17_2015_12_0.json	1447779600.0	52.81	271.58	1509
snapshot_11_17_2015_18_0.json	1447801200.0	52.81	271.58	1507
snapshot_11_17_2015_6_0.json	1447758000.0	52.81	271.58	1509
snapshot_11_18_2015_0_0.json	1447822800.0	52.81	271.58	1534
snapshot_11_18_2015_12_0.json	1447866000.0	52.81	271.58	1562
snapshot_11_18_2015_18_0.json	1447887600.0	52.81	271.58	1562
snapshot_11_18_2015_6_0.json	1447844400.0	52.81	271.58	1534
snapshot_11_19_2015_12_0.json	1447952400.0	52.81	271.58	1553
snapshot_11_19_2015_12_0.json	1447952400.0	52.81	271.58	1553
snapshot_11_19_2015_6_0.json	1447930800.0	52.81	271.58	1553
snapshot_11_20_2015_12_0.json	1448038800.0	48.13	271.58	1513
snapshot_11_21_2015_12_0.json	1448125200.0	48.13	271.58	1508
snapshot_11_21_2015_18_0.json	1448146800.0	48.13	271.58	1500
snapshot_11_22_2015_12_0.json	1448211600.0	48.13	271.58	1491
snapshot_11_22_2015_12_0.json	1448211600.0	48.13	271.58	1491
snapshot_11_22_2015_18_0.json	1448233200.0	48.13	271.58	1491
snapshot_11_22_2015_6_0.json	1448190000.0	48.13	271.58	1491
snapshot_11_23_2015_12_0.json	1448298000.0	48.13	271.58	1489
snapshot_11_23_2015_12_0.json	1448298000.0	48.13	271.58	1489
snapshot_11_23_2015_6_0.json	1448276400.0	48.13	271.58	1489
snapshot_11_24_2015_0_0.json	1448341200.0	48.13	271.58	1500
snapshot_11_24_2015_18_0.json	1448406000.0	48.13	271.58	1501
snapshot_11_24_2015_6_0.json	1448362800.0	48.13	271.58	1501
snapshot_11_25_2015_0_0.json	1448427600.0	48.13	271.58	1493
snapshot_11_25_2015_0_0.json	1448427600.0	48.13	271.58	1493
snapshot_11_25_2015_12_0.json	1448470800.0	48.13	271.58	1497
snapshot_11_25_2015_18_0.json	1448492400.0	48.13	271.58	1491
snapshot_11_25_2015_6_0.json	1448449200.0	48.13	271.58	1497
snapshot_11_26_2015_0_0.json	1448514000.0	48.13	271.58	1483
snapshot_11_26_2015_0_0.json	1448514000.0	48.13	271.58	1483
snapshot_11_26_2015_0_0.json	1448514000.0	48.13	271.58	1483
snapshot_11_27_2015_18_0.json	1448665200.0	48.13	271.58	1475
snapshot_11_28_2015_0_0.json	1448686800.0	48.13	271.58	1467
snapshot_11_28_2015_12_0.json	1448730000.0	48.13	271.58	1465
snapshot_11_28_2015_18_0.json	1448751600.0	48.13	271.58	1465
snapshot_11_28_2015_6_0.json	1448708400.0	48.13	271.58	1465
snapshot_11_28_2015_6_0.json	1448708400.0	48.13	271.58	1465
snapshot_11_29_2015_0_0.json	1448773200.0	48.13	271.58	1456
snapshot_11_29_2015_0_0.json	1448773200.0	48.13	271.58	1456
snapshot_11_29_2015_12_0.json	1448816400.0	48.13	271.58	1454
snapshot_11_29_2015_18_0.json	1448838000.0	48.13	271.58	1454
snapshot_11_29_2015_6_0.json	1448794800.0	48.13	271.58	1454
snapshot_11_30_2015_0_0.json	1448859600.0	48.13	271.58	1456
snapshot_11_30_2015_12_0.json	1448902800.0	48.13	271.58	1431
snapshot_11_30_2015_18_0.json	1448924400.0	48.13	271.58	1411
snapshot_11_30_2015_18_0.json	1448924400.0	48.13	271.58	1397
snapshot_11_30_2015_6_0.json	1448881200.0	48.13	271.58	1442
snapshot_12_1_2015_0_0.json	1448946000.0	48.13	271.58	1436
snapshot_12_1_2015_12_0.json	1448989200.0	48.13	271.58	1409
snapshot_12_1_2015_12_0.json	1448989200.0	48.13	271.58	1409
snapshot_12_1_2015_18_0.json	1449010800.0	48.13	271.58	1409
snapshot_12_1_2015_6_0.json	1448967600.0	48.13	271.58	1412
snapshot_12_2_2015_0_0.json	1449032400.0	48.13	271.58	1388
snapshot_12_2_2015_0_0.json	1449032400.0	48.13	271.58	1388
snapshot_12_2_2015_12_0.json	1449075600.0	48.08	271.58	1370
snapshot_12_2_2015_18_09203935	2015-12-20T23:00:00Z	Disney On Ice Frozen	Honda Center	California Los Angeles Metro|10	92806
snapshot_11_16_2015_0_0.json	1447650000.0	52.81	271.58	1516
snapshot_11_17_2015_0_0.json	1447736400.0	52.81	271.58	1516
snapshot_11_17_2015_12_0.json	1447779600.0	52.81	271.58	1509
snapshot_11_17_2015_18_0.json	1447801200.0	52.81	271.58	1507
snapshot_11_17_2015_6_0.json	1447758000.0	52.81	271.58	1509
snapshot_11_18_2015_0_0.json	1447822800.0	52.81	271.58	1534
snapshot_11_18_2015_12_0.json	1447866000.0	52.81	271.58	1562
snapshot_11_18_2015_18_0.json	1447887600.0	52.81	271.58	1562
snapshot_11_18_2015_6_0.json	1447844400.0	52.81	271.58	1534
snapshot_11_19_2015_12_0.json	1447952400.0	52.81	271.58	1553
snapshot_11_19_2015_12_0.json	1447952400.0	52.81	271.58	1553
snapshot_11_19_2015_6_0.json	1447930800.0	52.81	271.58	1553
snapshot_11_20_2015_12_0.json	1448038800.0	48.13	271.58	1513
snapshot_11_21_2015_12_0.json	1448125200.0	48.13	271.58	1508
snapshot_11_21_2015_18_0.json	1448146800.0	48.13	271.58	1500
snapshot_11_22_2015_12_0.json	1448211600.0	48.13	271.58	1491
snapshot_11_22_2015_12_0.json	1448211600.0	48.13	271.58	1491
snapshot_11_22_2015_18_0.json	1448233200.0	48.13	271.58	1491
snapshot_11_22_2015_6_0.json	1448190000.0	48.13	271.58	1491
snapshot_11_23_2015_12_0.json	1448298000.0	48.13	271.58	1489
snapshot_11_23_2015_12_0.json	1448298000.0	48.13	271.58	1489
snapshot_11_23_2015_6_0.json	1448276400.0	48.13	271.58	1489
snapshot_11_24_2015_0_0.json	1448341200.0	48.13	271.58	1500
snapshot_11_24_2015_18_0.json	1448406000.0	48.13	271.58	1501
snapshot_11_24_2015_6_0.json	1448362800.0	48.13	271.58	1501
snapshot_11_25_2015_0_0.json	1448427600.0	48.13	271.58	1493
snapshot_11_25_2015_0_0.json	1448427600.0	48.13	271.58	1493
snapshot_11_25_2015_12_0.json	1448470800.0	48.13	271.58	1497
snapshot_11_25_2015_18_0.json	1448492400.0	48.13	271.58	1491
snapshot_11_25_2015_6_0.json	1448449200.0	48.13	271.58	1497
snapshot_11_26_2015_0_0.json	1448514000.0	48.13	271.58	1483
snapshot_11_26_2015_0_0.json	1448514000.0	48.13	271.58	1483
snapshot_11_26_2015_0_0.json	1448514000.0	48.13	271.58	1483
snapshot_11_27_2015_18_0.json	1448665200.0	48.13	271.58	1475
snapshot_11_28_2015_0_0.json	1448686800.0	48.13	271.58	1467
snapshot_11_28_2015_12_0.json	1448730000.0	48.13	271.58	1465
snapshot_11_28_2015_18_0.json	1448751600.0	48.13	271.58	1465
snapshot_11_28_2015_6_0.json	1448708400.0	48.13	271.58	1465
snapshot_11_28_2015_6_0.json	1448708400.0	48.13	271.58	1465
snapshot_11_29_2015_0_0.json	1448773200.0	48.13	271.58	1456
snapshot_11_29_2015_0_0.json	1448773200.0	48.13	271.58	1456
snapshot_11_29_2015_12_0.json	1448816400.0	48.13	271.58	1454
snapshot_11_29_2015_18_0.json	1448838000.0	48.13	271.58	1454
snapshot_11_29_2015_6_0.json	1448794800.0	48.13	271.58	1454
snapshot_11_30_2015_0_0.json	1448859600.0	48.13	271.58	1456
snapshot_11_30_2015_12_0.json	1448902800.0	48.13	271.58	1431
snapshot_11_30_2015_18_0.json	1448924400.0	48.13	271.58	1411
snapshot_11_30_2015_18_0.json	1448924400.0	48.13	271.58	1397
snapshot_11_30_2015_6_0.json	1448881200.0	48.13	271.58	1442
snapshot_12_1_2015_0_0.json	1448946000.0	48.13	271.58	1436
snapshot_12_1_2015_12_0.json	1448989200.0	48.13	271.58	1409
snapshot_12_1_2015_12_0.json	1448989200.0	48.13	271.58	1409
snapshot_12_1_2015_18_0.json	1449010800.0	48.13	271.58	1409
snapshot_12_1_2015_6_0.json	1448967600.0	48.13	271.58	1412
snapshot_12_2_2015_0_0.json	1449032400.0	48.13	271.58	1388
snapshot_12_2_2015_0_0.json	1449032400.0	48.13	271.58	1388
snapshot_12_2_2015_12_0.json	1449075600.0	48.08	271.58	1370
snapshot_12_2_2015_18_0.json	1449097200.0	48.08	271.58	1361
snapshot_12_3_2015_12_0.json	1449162000.0	48.08	271.58	1352
snapshot_12_3_2015_18_0.json	1449183600.0	48.08	271.58	1340
snapshot_12_3_2015_18_0.json	1449183600.0	48.08	271.58	1340
snapshot_12_3_2015_6_0.json	1449140400.0	48.08	271.58	1352
snapshot_12_3_2015_6_0.json	1449140400.0	48.08	271.58	1352
snapshot_12_4_2015_0_0.json	1449205200.0	48.08	271.58	1323
snapshot_12_4_2015_12_0.json	1449248400.0	48.08	271.58	1304
snapshot_12_4_2015_18_0.json	1449270000.0	48.08	271.58	1285
snapshot_12_4_2015_18_0.json	1449270000.0	48.08	271.58	1285
snapshot_12_4_2015_6_0.json	1449226800.0	48.08	271.58	1313
snapshot_12_4_2015_6_0.json	1449226800.0	48.08	271.58	1313
snapshot_12_5_2015_0_0.json	1449291600.0	48.08	271.58	1318
snapshot_12_5_2015_12_0.json	1449334800.0	48.08	271.58	1302
snapshot_12_5_2015_18_0.json	1449356400.0	48.08	271.58	1296
snapshot_12_5_2015_6_0.json	1449313200.0	48.08	271.58	1308
9203935	2015-12-20T23:00:00Z	Disney On Ice Frozen	Honda Center	California Los Angeles Metro|10	92806
snapshot_11_16_2015_0_0.json	1447650000.0	52.81	271.58	1516
snapshot_11_17_2015_0_0.json	1447736400.0	52.81	271.58	1516
snapshot_11_17_2015_12_0.json	1447779600.0	52.81	271.58	1509
snapshot_11_17_2015_18_0.json	1447801200.0	52.81	271.58	1507
snapshot_11_17_2015_6_0.json	1447758000.0	52.81	271.58	1509
snapshot_11_18_2015_0_0.json	1447822800.0	52.81	271.58	1534
snapshot_11_18_2015_12_0.json	1447866000.0	52.81	271.58	1562
snapshot_11_18_2015_18_0.json	1447887600.0	52.81	271.58	1562
snapshot_11_18_2015_6_0.json	1447844400.0	52.81	271.58	1534
snapshot_11_19_2015_12_0.json	1447952400.0	52.81	271.58	1553
snapshot_11_19_2015_12_0.json	1447952400.0	52.81	271.58	1553
snapshot_11_19_2015_6_0.json	1447930800.0	52.81	271.58	1553
snapshot_11_20_2015_12_0.json	1448038800.0	48.13	271.58	1513
snapshot_11_21_2015_12_0.json	1448125200.0	48.13	271.58	1508
snapshot_11_21_2015_18_0.json	1448146800.0	48.13	271.58	1500
snapshot_11_22_2015_12_0.json	1448211600.0	48.13	271.58	1491
snapshot_11_22_2015_12_0.json	1448211600.0	48.13	271.58	1491
snapshot_11_22_2015_18_0.json	1448233200.0	48.13	271.58	1491
snapshot_11_22_2015_6_0.json	1448190000.0	48.13	271.58	1491
snapshot_11_23_2015_12_0.json	1448298000.0	48.13	271.58	1489
snapshot_11_23_2015_12_0.json	1448298000.0	48.13	271.58	1489
snapshot_11_23_2015_6_0.json	1448276400.0	48.13	271.58	1489
snapshot_11_24_2015_0_0.json	1448341200.0	48.13	271.58	1500
snapshot_11_24_2015_18_0.json	1448406000.0	48.13	271.58	1501
snapshot_11_24_2015_6_0.json	1448362800.0	48.13	271.58	1501
snapshot_11_25_2015_0_0.json	1448427600.0	48.13	271.58	1493
snapshot_11_25_2015_0_0.json	1448427600.0	48.13	271.58	1493
snapshot_11_25_2015_12_0.json	1448470800.0	48.13	271.58	1497
snapshot_11_25_2015_18_0.json	1448492400.0	48.13	271.58	1491
snapshot_11_25_2015_6_0.json	1448449200.0	48.13	271.58	1497
snapshot_11_26_2015_0_0.json	1448514000.0	48.13	271.58	1483
snapshot_11_26_2015_0_0.json	1448514000.0	48.13	271.58	1483
snapshot_11_26_2015_0_0.json	1448514000.0	48.13	271.58	1483
snapshot_11_27_2015_18_0.json	1448665200.0	48.13	271.58	1475
snapshot_11_28_2015_0_0.json	1448686800.0	48.13	271.58	1467
snapshot_11_28_2015_12_0.json	1448730000.0	48.13	271.58	1465
snapshot_11_28_2015_18_0.json	1448751600.0	48.13	271.58	1465
snapshot_11_28_2015_6_0.json	1448708400.0	48.13	271.58	1465
snapshot_11_28_2015_6_0.json	1448708400.0	48.13	271.58	1465
snapshot_11_29_2015_0_0.json	1448773200.0	48.13	271.58	1456
snapshot_11_29_2015_0_0.json	1448773200.0	48.13	271.58	1456
snapshot_11_29_2015_12_0.json	1448816400.0	48.13	271.58	1454
snapshot_11_29_2015_18_0.json	1448838000.0	48.13	271.58	1454
snapshot_11_29_2015_6_0.json	1448794800.0	48.13	271.58	1454
snapshot_11_30_2015_0_0.json	1448859600.0	48.13	271.58	1456
snapshot_11_30_2015_12_0.json	1448902800.0	48.13	271.58	1431
snapshot_11_30_2015_18_0.json	1448924400.0	48.13	271.58	1411
snapshot_11_30_2015_18_0.json	1448924400.0	48.13	271.58	1397
snapshot_11_30_2015_6_0.json	1448881200.0	48.13	271.58	1442
snapshot_12_1_2015_0_0.json	1448946000.0	48.13	271.58	1436
snapshot_12_1_2015_12_0.json	1448989200.0	48.13	271.58	1409
snapshot_12_1_2015_12_0.json	1448989200.0	48.13	271.58	1409
snapshot_12_1_2015_18_0.json	1449010800.0	48.13	271.58	1409
snapshot_12_1_2015_6_0.json	1448967600.0	48.13	271.58	1412
snapshot_12_2_2015_0_0.json	1449032400.0	48.13	271.58	1388
snapshot_12_2_2015_0_0.json	1449032400.0	48.13	271.58	1388
snapshot_12_2_2015_12_0.json	1449075600.0	48.08	271.58	1370
snapshot_12_2_2015_18_0
