9203938	2015-12-19T23:00:00Z	Disney On Ice Frozen	Honda Center	California Los Angeles Metro|10	92806
snapshot_11_16_2015_0_0.json	1447650000.0	37.6	369	1356
snapshot_11_17_2015_0_0.json	1447736400.0	37.6	369	1356
snapshot_11_17_2015_0_0.json	1447736400.0	37.6	369	1356
snapshot_11_17_2015_6_0.json	1447758000.0	37.6	369	1353
snapshot_11_17_2015_6_0.json	1447758000.0	37.6	369	1353
snapshot_11_18_2015_12_0.json	1447866000.0	37.6	369	1367
snapshot_11_18_2015_18_0.json	1447887600.0	37.6	369	1367
snapshot_11_18_2015_18_0.json	1447887600.0	37.6	369	1367
snapshot_11_18_2015_6_0.json	1447844400.0	37.6	369	1353
snapshot_11_19_2015_0_0.json	1447909200.0	37.6	369	1355
snapshot_11_19_2015_12_0.json	1447952400.0	37.6	369	1352
snapshot_11_19_2015_6_0.json	1447930800.0	37.6	369	1352
snapshot_11_20_2015_0_0.json	1447995600.0	37.6	369	1322
snapshot_11_20_2015_12_0.json	1448038800.0	37.6	369	1324
snapshot_11_21_2015_12_0.json	1448125200.0	37.6	369	1319
snapshot_11_21_2015_12_0.json	1448125200.0	37.6	369	1319
snapshot_11_22_2015_0_0.json	1448168400.0	37.6	369	1329
snapshot_11_22_2015_18_0.json	1448233200.0	37.6	369	1322
snapshot_11_22_2015_6_0.json	1448190000.0	37.6	369	1325
snapshot_11_22_2015_6_0.json	1448190000.0	37.6	369	1325
snapshot_11_23_2015_0_0.json	1448254800.0	37.6	369	1318
snapshot_11_23_2015_0_0.json	1448254800.0	37.6	369	1318
snapshot_11_23_2015_18_0.json	1448319600.0	37.6	369	1314
snapshot_11_23_2015_6_0.json	1448276400.0	37.6	369	1318
snapshot_11_24_2015_0_0.json	1448341200.0	37.6	369	1325
snapshot_11_24_2015_18_0.json	1448406000.0	43.45	369	1363
snapshot_11_24_2015_6_0.json	1448362800.0	43.45	369	1363
snapshot_11_25_2015_0_0.json	1448427600.0	43.45	369	1356
snapshot_11_25_2015_12_0.json	1448470800.0	43.45	369	1348
snapshot_11_25_2015_6_0.json	1448449200.0	43.45	369	1348
snapshot_11_26_2015_0_0.json	1448514000.0	43.45	369	1343
snapshot_11_26_2015_0_0.json	1448514000.0	43.45	369	1343
snapshot_11_27_2015_18_0.json	1448665200.0	43.45	369	1455
snapshot_11_27_2015_18_0.json	1448665200.0	43.45	369	1455
snapshot_11_28_2015_0_0.json	1448686800.0	43.45	369	1451
snapshot_11_28_2015_18_0.json	1448751600.0	40.58	369	1448
snapshot_11_28_2015_6_0.json	1448708400.0	43.45	369	1448
snapshot_11_29_2015_0_0.json	1448773200.0	29.41	369	1453
snapshot_11_29_2015_12_0.json	1448816400.0	32.16	369	1453
snapshot_11_29_2015_18_0.json	1448838000.0	29.41	369	1450
snapshot_11_29_2015_6_0.json	1448794800.0	32.16	369	1453
snapshot_11_30_2015_0_0.json	1448859600.0	29.41	369	1423
snapshot_11_30_2015_0_0.json	1448859600.0	29.41	369	1416
snapshot_11_30_2015_12_0.json	1448902800.0	32.16	369	1423
snapshot_11_30_2015_18_0.json	1448924400.0	29.41	369	1420
snapshot_12_1_2015_0_0.json	1448946000.0	29.41	369	1478
snapshot_12_1_2015_12_0.json	1448989200.0	32.16	369	1456
snapshot_12_1_2015_12_0.json	1448989200.0	32.16	369	1456
snapshot_12_1_2015_18_0.json	1449010800.0	29.41	369	1456
snapshot_12_1_2015_6_0.json	1448967600.0	32.16	369	1472
snapshot_12_2_2015_0_0.json	1449032400.0	29.41	369	1430
snapshot_12_2_2015_12_0.json	1449075600.0	32.16	249	1433
snapshot_12_2_2015_18_0.json	1449097200.0	29.41	249	1423
snapshot_12_2_2015_6_0.json	1449054000.0	32.16	249	1435
snapshot_12_3_2015_0_0.json	1449118800.0	29.41	249	1486
snapshot_12_3_2015_12_0.json	1449162000.0	32.16	249	1471
snapshot_12_3_2015_18_0.json	1449183600.0	29.41	249	1463
snapshot_12_3_2015_6_0.json	1449140400.0	32.16	249	1464
snapshot_12_4_2015_0_0.json	1449205200.0	29.41	249	1440
snapshot_12_4_2015_12_0.json	1449248400.0	32.16	249	1419
snapshot_12_4_2015_18_0.json	1449270000.0	29.41	249	1400
snapshot_12_4_2015_6_0.json	1449226800.0	32.16	249	1422
snapshot_12_5_2015_0_0.json	1449291600.0	29.41	249	1402
snapshot_12_5_2015_0_0.json	1449291600.0	29.41	249	1402
snapshot_12_5_2015_12_0.json	1449334800.0	32.16	249	1392
snapshot_12_5_2015_18_0.json	1449356400.0	29.41	249	1382
snapshot_12_5_2015_6_0.json	1449313200.0	32.16	249	1398
9203938	2015-12-19T23:00:00Z	Disney On Ice Frozen	Honda Center	California Los Angeles Metro|10	92806
snapshot_11_16_2015_0_0.json	1447650000.0	37.6	369	1356
snapshot_11_17_2015_0_0.json	1447736400.0	37.6	369	1356
snapshot_11_17_2015_0_0.json	1447736400.0	37.6	369	1356
snapshot_11_17_2015_6_0.json	1447758000.0	37.6	369	1353
snapshot_11_17_2015_6_0.json	1447758000.0	37.6	369	1353
snapshot_11_18_2015_12_0.json	1447866000.0	37.6	369	1367
snapshot_11_18_2015_18_0.json	1447887600.0	37.6	369	1367
snapshot_11_18_2015_18_0.json	1447887600.0	37.6	369	1367
snapshot_11_18_2015_6_0.json	1447844400.0	37.6	369	1353
snapshot_11_19_2015_0_0.json	1447909200.0	37.6	369	1355
snapshot_11_19_2015_12_0.json	1447952400.0	37.6	369	1352
snapshot_11_19_2015_6_0.json	1447930800.0	37.6	369	1352
snapshot_11_20_2015_0_0.json	1447995600.0	37.6	369	1322
snapshot_11_20_2015_12_0.json	1448038800.0	37.6	369	1324
snapshot_11_21_2015_12_0.json	1448125200.0	37.6	369	1319
snapshot_11_21_2015_12_0.json	1448125200.0	37.6	369	1319
snapshot_11_22_2015_0_0.json	1448168400.0	37.6	369	1329
snapshot_11_22_2015_18_0.json	1448233200.0	37.6	369	1322
snapshot_11_22_2015_6_0.json	1448190000.0	37.6	369	1325
snapshot_11_22_2015_6_0.json	1448190000.0	37.6	369	1325
snapshot_11_23_2015_0_0.json	1448254800.0	37.6	369	1318
snapshot_11_23_2015_0_0.json	1448254800.0	37.6	369	1318
snapshot_11_23_2015_18_0.json	1448319600.0	37.6	369	1314
snapshot_11_23_2015_6_0.json	1448276400.0	37.6	369	1318
snapshot_11_24_2015_0_0.json	1448341200.0	37.6	369	1325
snapshot_11_24_2015_18_0.json	1448406000.0	43.45	369	1363
snapshot_11_24_2015_6_0.json	1448362800.0	43.45	369	1363
snapshot_11_25_2015_0_0.json	1448427600.0	43.45	369	1356
snapshot_11_25_2015_12_0.json	1448470800.0	43.45	369	1348
snapshot_11_25_2015_6_0.json	1448449200.0	43.45	369	1348
snapshot_11_26_2015_0_0.json	1448514000.0	43.45	369	1343
snapshot_11_26_2015_0_0.json	1448514000.0	43.45	369	1343
snapshot_11_27_2015_18_0.json	1448665200.0	43.45	369	1455
snapshot_11_27_2015_18_0.json	1448665200.0	43.45	369	1455
snapshot_11_28_2015_0_0.json	1448686800.0	43.45	369	1451
snapshot_11_28_2015_18_0.json	1448751600.0	40.58	369	1448
snapshot_11_28_2015_6_0.json	1448708400.0	43.45	369	1448
snapshot_11_29_2015_0_0.json	1448773200.0	29.41	369	1453
snapshot_11_29_2015_12_0.json	1448816400.0	32.16	369	1453
snapshot_11_29_2015_18_0.json	1448838000.0	29.41	369	1450
snapshot_11_29_2015_6_0.json	1448794800.0	32.16	369	1453
snapshot_11_30_2015_0_0.json	1448859600.0	29.41	369	1423
snapshot_11_30_2015_0_0.json	1448859600.0	29.41	369	1416
snapshot_11_30_2015_12_0.json	1448902800.0	32.16	369	1423
snapshot_11_30_2015_18_0.json	1448924400.0	29.41	369	1420
snapshot_12_1_2015_0_0.json	1448946000.0	29.41	369	1478
snapshot_12_1_2015_12_0.json	1448989200.0	32.16	369	1456
snapshot_12_1_2015_12_0.json	1448989200.0	32.16	369	1456
snapshot_12_1_2015_18_0.json	1449010800.0	29.41	369	1456
snapshot_12_1_2015_6_0.json	1448967600.0	32.16	369	1472
snapshot_12_2_2015_0_0.json	1449032400.0	29.41	369	1430
snapshot_12_2_2015_12_0.json	1449075600.0	32.16	249	1433
snapshot_12_2_2015_18_0.json	1449097200.0	29.41	249	1423
snapshot_12_2_2015_6_0.json	1449054000.0	32.16	249	1435
snapshot_12_3_2015_0_0.json	1449118800.0	29.41	249	1486
snapshot_12_3_2015_12_0.json	1449162000.0	32.16	249	1471
snapshot_12_3_2015_18_0.json	1449183600.0	29.41	249	1463
snapshot_12_3_2015_6_0.json	1449140400.0	32.16	249	1464
snapshot_12_4_2015_0_0.json	1449205200.0	29.41	249	1440
snapshot_12_4_2015_12_0.json	1449248400.0	32.16	249	1419
snapshot_12_4_2015_18_0.json	1449270000.0	29.41	249	1400
snapshot_12_4_2015_6_0.json	1449226800.0	32.16	249	1422
snapshot_12_5_2015_0_0.json	1449291600.0	29.41	249	1402
snapshot_12_5_2015_0_0.json	1449291600.0	29.41	249	1402
snapshot_12_5_2015_12_0.json	1449334800.0	32.16	249	1392
snapshot_12_5_2015_18_0.json	1449356400.0	29.41	249	1382
snapshot_12_5_2015_6_0.json	1449313200.0	32.16	249	1398
9203938	2015-12-19T23:00:00Z	Disney On Ice Frozen	Honda Center	California Los Angeles Metro|10	92806
snapshot_11_16_2015_0_0.json	1447650000.0	37.6	369	1356
snapshot_11_17_2015_0_0.json	1447736400.0	37.6	369	1356
snapshot_11_17_2015_0_0.json	1447736400.0	37.6	369	1356
snapshot_11_17_2015_6_0.json	1447758000.0	37.6	369	1353
snapshot_11_17_2015_6_0.json	1447758000.0	37.6	369	1353
snapshot_11_18_2015_12_0.json	1447866000.0	37.6	369	1367
snapshot_11_18_2015_18_0.json	1447887600.0	37.6	369	1367
snapshot_11_18_2015_18_0.json	1447887600.0	37.6	369	1367
snapshot_11_18_2015_6_0.json	1447844400.0	37.6	369	1353
snapshot_11_19_2015_0_0.json	1447909200.0	37.6	369	1355
snapshot_11_19_2015_12_0.json	1447952400.0	37.6	369	1352
snapshot_11_19_2015_6_0.json	1447930800.0	37.6	369	1352
snapshot_11_20_2015_0_0.json	1447995600.0	37.6	369	1322
snapshot_11_20_2015_12_0.json	1448038800.0	37.6	369	1324
snapshot_11_21_2015_12_0.json	1448125200.0	37.6	369	1319
snapshot_11_21_2015_12_0.json	1448125200.0	37.6	369	1319
snapshot_11_22_2015_0_0.json	1448168400.0	37.6	369	1329
snapshot_11_22_2015_18_0.json	1448233200.0	37.6	369	1322
snapshot_11_22_2015_6_0.json	1448190000.0	37.6	369	1325
snapshot_11_22_2015_6_0.json	1448190000.0	37.6	369	1325
snapshot_11_23_2015_0_0.json	1448254800.0	37.6	369	1318
snapshot_11_23_2015_0_0.json	1448254800.0	37.6	369	1318
snapshot_11_23_2015_18_0.json	1448319600.0	37.6	369	1314
snapshot_11_23_2015_6_0.json	1448276400.0	37.6	369	1318
snapshot_11_24_2015_0_0.json	1448341200.0	37.6	369	1325
snapshot_11_24_2015_18_0.json	1448406000.0	43.45	369	1363
snapshot_11_24_2015_6_0.json	1448362800.0	43.45	369	1363
snapshot_11_25_2015_0_0.json	1448427600.0	43.45	369	1356
snapshot_11_25_2015_12_0.json	1448470800.0	43.45	369	1348
snapshot_11_25_2015_6_0.json	1448449200.0	43.45	369	1348
snapshot_11_26_2015_0_0.json	1448514000.0	43.45	369	1343
snapshot_11_26_2015_0_0.json	1448514000.0	43.45	369	1343
snapshot_11_27_2015_18_0.json	1448665200.0	43.45	369	1455
snapshot_11_27_2015_18_0.json	1448665200.0	43.45	369	1455
snapshot_11_28_2015_0_0.json	1448686800.0	43.45	369	1451
snapshot_11_28_2015_18_0.json	1448751600.0	40.58	369	1448
snapshot_11_28_2015_6_0.json	1448708400.0	43.45	369	1448
snapshot_11_29_2015_0_0.json	1448773200.0	29.41	369	1453
snapshot_11_29_2015_12_0.json	1448816400.0	32.16	369	1453
snapshot_11_29_2015_18_0.json	1448838000.0	29.41	369	1450
snapshot_11_29_2015_6_0.json	1448794800.0	32.16	369	1453
snapshot_11_30_2015_0_0.json	1448859600.0	29.41	369	1423
snapshot_11_30_2015_0_0.json	1448859600.0	29.41	369	1416
snapshot_11_30_2015_12_0.json	1448902800.0	32.16	369	1423
snapshot_11_30_2015_18_0.json	1448924400.0	29.41	369	1420
snapshot_12_1_2015_0_0.json	1448946000.0	29.41	369	1478
snapshot_12_1_2015_12_0.json	1448989200.0	32.16	369	1456
snapshot_12_1_2015_12_0.json	1448989200.0	32.16	369	1456
snapshot_12_1_2015_18_0.json	1449010800.0	29.41	369	1456
snapshot_12_1_2015_6_0.json	1448967600.0	32.16	369	1472
snapshot_12_2_2015_0_0.json	1449032400.0	29.41	369	1430
snapshot_12_2_2015_12_0.json	1449075600.0	32.16	249	1433
snapshot_12_2_2015_18_0.json	1449097200.0	29.41	249	1423
snapshot_12_2_2015_6_0.json	1449054000.0	32.16	249	1435
snapshot_12_3_2015_0_0.json	1449118800.0	29.41	249	1486
snapshot_12_3_2015_12_0.json	1449162000.0	32.16	249	1471
snapshot_12_3_2015_18_0.json	1449183600.0	29.41	249	1463
snapshot_12_3_2015_6_0.json	1449140400.0	32.16	249	1464
snapshot_12_4_2015_0_0.json	1449205200.0	29.41	249	1440
snapshot_12_4_2015_12_0.json	1449248400.0	32.16	249	1419
snapshot_12_4_2015_18_0.json	1449270000.0	29.41	249	1400
snapshot_12_4_2015_6_0.json	1449226800.0	32.16	249	1422
snapshot_12_5_2015_0_0.json	1449291600.0	29.41	249	1402
snapshot_12_5_2015_0_0.json	1449291600.0	29.41	249	1402
snapshot_12_5_2015_12_0.json	1449334800.0	32.16	249	1392
snapshot_12_5_2015_18_0.json	1449356400.0	29.41	249	1382
snapshot_12_5_2015_6_0.json	1449313200.0	32.16	249	1398
9203938	2015-12-19T23:00:00Z	Disney On Ice Frozen	Honda Center	California Los Angeles Metro|10	92806
snapshot_11_16_2015_0_0.json	1447650000.0	37.6	369	1356
snapshot_11_17_2015_0_0.json	1447736400.0	37.6	369	1356
snapshot_11_17_2015_0_0.json	1447736400.0	37.6	369	1356
snapshot_11_17_2015_6_0.json	1447758000.0	37.6	369	1353
snapshot_11_17_2015_6_0.json	1447758000.0	37.6	369	1353
snapshot_11_18_2015_12_0.json	1447866000.0	37.6	369	1367
snapshot_11_18_2015_18_0.json	1447887600.0	37.6	369	1367
snapshot_11_18_2015_18_0.json	1447887600.0	37.6	369	1367
snapshot_11_18_2015_6_0.json	1447844400.0	37.6	369	1353
snapshot_11_19_2015_0_0.json	1447909200.0	37.6	369	1355
snapshot_11_19_2015_12_0.json	1447952400.0	37.6	369	1352
snapshot_11_19_2015_6_0.json	1447930800.0	37.6	369	1352
snapshot_11_20_2015_0_0.json	1447995600.0	37.6	369	1322
snapshot_11_20_2015_12_0.json	1448038800.0	37.6	369	1324
snapshot_11_21_2015_12_0.json	1448125200.0	37.6	369	1319
snapshot_11_21_2015_12_0.json	1448125200.0	37.6	369	1319
snapshot_11_22_2015_0_0.json	1448168400.0	37.6	369	1329
snapshot_11_22_2015_18_0.json	1448233200.0	37.6	369	1322
snapshot_11_22_2015_6_0.json	1448190000.0	37.6	369	1325
snapshot_11_22_2015_6_0.json	1448190000.0	37.6	369	1325
snapshot_11_23_2015_0_0.json	1448254800.0	37.6	369	1318
snapshot_11_23_2015_0_0.json	1448254800.0	37.6	369	1318
snapshot_11_23_2015_18_0.json	1448319600.0	37.6	369	1314
snapshot_11_23_2015_6_0.json	1448276400.0	37.6	369	1318
snapshot_11_24_2015_0_0.json	1448341200.0	37.6	369	1325
snapshot_11_24_2015_18_0.json	1448406000.0	43.45	369	1363
snapshot_11_24_2015_6_0.json	1448362800.0	43.45	369	1363
snapshot_11_25_2015_0_0.json	1448427600.0	43.45	369	1356
snapshot_11_25_2015_12_0.json	1448470800.0	43.45	369	1348
snapshot_11_25_2015_6_0.json	1448449200.0	43.45	369	1348
snapshot_11_26_2015_0_0.json	1448514000.0	43.45	369	1343
snapshot_11_26_2015_0_0.json	1448514000.0	43.45	369	1343
snapshot_11_27_2015_18_0.json	1448665200.0	43.45	369	1455
snapshot_11_27_2015_18_0.json	1448665200.0	43.45	369	1455
snapshot_11_28_2015_0_0.json	1448686800.0	43.45	369	1451
snapshot_11_28_2015_18_0.json	1448751600.0	40.58	369	1448
snapshot_11_28_2015_6_0.json	1448708400.0	43.45	369	1448
snapshot_11_29_2015_0_0.json	1448773200.0	29.41	369	1453
snapshot_11_29_2015_12_0.json	1448816400.0	32.16	369	1453
snapshot_11_29_2015_18_0.json	1448838000.0	29.41	369	1450
snapshot_11_29_2015_6_0.json	1448794800.0	32.16	369	1453
snapshot_11_30_2015_0_0.json	1448859600.0	29.41	369	1423
snapshot_11_30_2015_0_0.json	1448859600.0	29.41	369	1416
snapshot_11_30_2015_12_0.json	1448902800.0	32.16	369	1423
snapshot_11_30_2015_18_0.json	1448924400.0	29.41	369	1420
snapshot_12_1_2015_0_0.json	1448946000.0	29.41	369	1478
snapshot_12_1_2015_12_0.json	1448989200.0	32.16	369	1456
snapshot_12_1_2015_12_0.json	1448989200.0	32.16	369	1456
snapshot_12_1_2015_18_0.json	1449010800.0	29.41	369	1456
snapshot_12_1_2015_6_0.json	1448967600.0	32.16	369	1472
snapshot_12_2_2015_0_0.json	1449032400.0	29.41	369	1430
snapshot_12_2_2015_12_0.json	1449075600.0	32.16	249	1433
snapshot_12_2_2015_18_0.json	1449097200.0	29.41	249	1423
snapshot_12_2_2015_6_0.json	1449054000.0	32.16	249	1435
snapshot_12_3_2015_0_0.json	1449118800.0	29.41	249	1486
snapshot_12_3_2015_12_0.json	1449162000.0	32.16	249	1471
snapshot_12_3_2015_18_0.json	1449183600.0	29.41	249	1463
snapshot_12_3_2015_6_0.json	1449140400.0	32.16	249	1464
snapshot_12_4_2015_0_0.json	1449205200.0	29.41	249	1440
snapshot_12_4_2015_12_0.json	1449248400.0	32.16	249	1419
snapshot_12_4_2015_18_0.json	1449270000.0	29.41	249	1400
snapshot_12_4_2015_6_0.json	1449226800.0	32.16	249	1422
snapshot_12_5_2015_0_0.json	1449291600.0	29.41	249	1402
snapshot_12_5_2015_0_0.json	1449291600.0	29.41	249	1402
snapshot_12_5_2015_12_0.json	1449334800.0	32.16	249	1392
snapshot_12_5_2015_18_0.json	1449356400.0	29.41	249	1382
snapshot_12_5_2015_6_0.json	1449313200.0	32.16	249	1398
