9204211	2015-11-21T21:00:00Z	Stubhub Horn	Fresno Downtown Stadium	California SF Bay Area|81	93721
snapshot_11_16_2015_0_0.json	1447650000.0	7.25	1	3
snapshot_11_17_2015_12_0.json	1447779600.0	7.25	1	3
snapshot_11_17_2015_6_0.json	1447758000.0	7.25	1	3
snapshot_11_18_2015_0_0.json	1447822800.0	7.25	1	3
snapshot_11_18_2015_0_0.json	1447822800.0	7.25	1	3
snapshot_11_18_2015_12_0.json	1447866000.0	7.25	1	3
snapshot_11_18_2015_18_0.json	1447887600.0	7.25	1	3
snapshot_11_18_2015_6_0.json	1447844400.0	7.25	1	3
snapshot_11_18_2015_6_0.json	1447844400.0	7.25	1	3
snapshot_11_19_2015_0_0.json	1447909200.0	7.25	1	3
snapshot_11_19_2015_12_0.json	1447952400.0	7.25	1	3
snapshot_11_19_2015_18_0.json	1447974000.0	7.25	1	3
snapshot_11_20_2015_0_0.json	1447995600.0	7.25	1	3
snapshot_11_20_2015_0_0.json	1447995600.0	7.25	1	3
snapshot_11_21_2015_12_0.json	1448125200.0	7.25	1	3
snapshot_11_21_2015_12_0.json	1448125200.0	7.25	1	3
snapshot_11_21_2015_18_0.json	1448146800.0	7.25	1	3
snapshot_11_21_2015_18_0.json	1448146800.0	7.25	1	3
snapshot_11_22_2015_0_0.json	1448168400.0	7.25	1	3
snapshot_11_22_2015_0_0.json	1448168400.0	7.25	1	3
snapshot_11_22_2015_12_0.json	1448211600.0	7.25	1	3
snapshot_11_22_2015_12_0.json	1448211600.0	7.25	1	3
snapshot_11_22_2015_12_0.json	1448211600.0	7.25	1	3
snapshot_11_22_2015_6_0.json	1448190000.0	7.25	1	3
snapshot_11_23_2015_0_0.json	1448254800.0	7.25	1	3
9204211	2015-11-21T21:00:00Z	Stubhub Horn	Fresno Downtown Stadium	California SF Bay Area|81	93721
snapshot_11_16_2015_0_0.json	1447650000.0	7.25	1	3
snapshot_11_17_2015_12_0.json	1447779600.0	7.25	1	3
snapshot_11_17_2015_6_0.json	1447758000.0	7.25	1	3
snapshot_11_18_2015_0_0.json	1447822800.0	7.25	1	3
snapshot_11_18_2015_0_0.json	1447822800.0	7.25	1	3
snapshot_11_18_2015_12_0.json	1447866000.0	7.25	1	3
snapshot_11_18_2015_18_0.json	1447887600.0	7.25	1	3
snapshot_11_18_2015_6_0.json	1447844400.0	7.25	1	3
snapshot_11_18_2015_6_0.json	1447844400.0	7.25	1	3
snapshot_11_19_2015_0_0.json	1447909200.0	7.25	1	3
snapshot_11_19_2015_12_0.json	1447952400.0	7.25	1	3
snapshot_11_19_2015_18_0.json	1447974000.0	7.25	1	3
snapshot_11_20_2015_0_0.json	1447995600.0	7.25	1	3
snapshot_11_20_2015_0_0.json	1447995600.0	7.25	1	3
snapshot_11_21_2015_12_0.json	1448125200.0	7.25	1	3
snapshot_11_21_2015_12_0.json	1448125200.0	7.25	1	3
snapshot_11_21_2015_18_0.json	1448146800.0	7.25	1	3
snapshot_11_21_2015_18_0.json	1448146800.0	7.25	1	3
snapshot_11_22_2015_0_0.json	1448168400.0	7.25	1	3
snapshot_11_22_2015_0_0.json	1448168400.0	7.25	1	3
snapshot_11_22_2015_12_0.json	1448211600.0	7.25	1	3
snapshot_11_22_2015_12_0.json	1448211600.0	7.25	1	3
snapshot_11_22_2015_12_0.json	1448211600.0	7.25	1	3
snapshot_11_22_2015_6_0.json	1448190000.0	7.25	1	3
snapshot_11_23_2015_0_0.json	1448254800.0	7.25	1	3
9204211	2015-11-21T21:00:00Z	Stubhub Horn	Fresno Downtown Stadium	California SF Bay Area|81	93721
snapshot_11_16_2015_0_0.json	1447650000.0	7.25	1	3
snapshot_11_17_2015_12_0.json	1447779600.0	7.25	1	3
snapshot_11_17_2015_6_0.json	1447758000.0	7.25	1	3
snapshot_11_18_2015_0_0.json	1447822800.0	7.25	1	3
snapshot_11_18_2015_0_0.json	1447822800.0	7.25	1	3
snapshot_11_18_2015_12_0.json	1447866000.0	7.25	1	3
snapshot_11_18_2015_18_0.json	1447887600.0	7.25	1	3
snapshot_11_18_2015_6_0.json	1447844400.0	7.25	1	3
snapshot_11_18_2015_6_0.json	1447844400.0	7.25	1	3
snapshot_11_19_2015_0_0.json	1447909200.0	7.25	1	3
snapshot_11_19_2015_12_0.json	1447952400.0	7.25	1	3
snapshot_11_19_2015_18_0.json	1447974000.0	7.25	1	3
snapshot_11_20_2015_0_0.json	1447995600.0	7.25	1	3
snapshot_11_20_2015_0_0.json	1447995600.0	7.25	1	3
snapshot_11_21_2015_12_0.json	1448125200.0	7.25	1	3
snapshot_11_21_2015_12_0.json	1448125200.0	7.25	1	3
snapshot_11_21_2015_18_0.json	1448146800.0	7.25	1	3
snapshot_11_21_2015_18_0.json	1448146800.0	7.25	1	3
snapshot_11_22_2015_0_0.json	1448168400.0	7.25	1	3
snapshot_11_22_2015_0_0.json	1448168400.0	7.25	1	3
snapshot_11_22_2015_12_0.json	1448211600.0	7.25	1	3
snapshot_11_22_2015_12_0.json	1448211600.0	7.25	1	3
snapshot_11_22_2015_12_0.json	1448211600.0	7.25	1	3
snapshot_11_22_2015_6_0.json	1448190000.0	7.25	1	3
snapshot_11_23_2015_0_0.json	1448254800.0	7.25	1	3
9204211	2015-11-21T21:00:00Z	Stubhub Horn	Fresno Downtown Stadium	California SF Bay Area|81	93721
snapshot_11_16_2015_0_0.json	1447650000.0	7.25	1	3
snapshot_11_17_2015_12_0.json	1447779600.0	7.25	1	3
snapshot_11_17_2015_6_0.json	1447758000.0	7.25	1	3
snapshot_11_18_2015_0_0.json	1447822800.0	7.25	1	3
snapshot_11_18_2015_0_0.json	1447822800.0	7.25	1	3
snapshot_11_18_2015_12_0.json	1447866000.0	7.25	1	3
snapshot_11_18_2015_18_0.json	1447887600.0	7.25	1	3
snapshot_11_18_2015_6_0.json	1447844400.0	7.25	1	3
snapshot_11_18_2015_6_0.json	1447844400.0	7.25	1	3
snapshot_11_19_2015_0_0.json	1447909200.0	7.25	1	3
snapshot_11_19_2015_12_0.json	1447952400.0	7.25	1	3
snapshot_11_19_2015_18_0.json	1447974000.0	7.25	1	3
snapshot_11_20_2015_0_0.json	1447995600.0	7.25	1	3
snapshot_11_20_2015_0_0.json	1447995600.0	7.25	1	3
snapshot_11_21_2015_12_0.json	1448125200.0	7.25	1	3
snapshot_11_21_2015_12_0.json	1448125200.0	7.25	1	3
snapshot_11_21_2015_18_0.json	1448146800.0	7.25	1	3
snapshot_11_21_2015_18_0.json	1448146800.0	7.25	1	3
snapshot_11_22_2015_0_0.json	1448168400.0	7.25	1	3
snapshot_11_22_2015_0_0.json	1448168400.0	7.25	1	3
snapshot_11_22_2015_12_0.json	1448211600.0	7.25	1	3
snapshot_11_22_2015_12_0.json	1448211600.0	7.25	1	3
snapshot_11_22_2015_12_0.json	1448211600.0	7.25	1	3
snapshot_11_22_2015_6_0.json	1448190000.0	7.25	1	3
snapshot_11_23_2015_0_0.json	1448254800.0	7.25	1	3
