9208160	2015-11-22T00:00:00Z	Arkansas Razorbacks	Razorback Stadium	Arkansas Little Rock|3864	72701
snapshot_11_16_2015_0_0.json	1447650000.0	38.89	1102	1260
snapshot_11_17_2015_0_0.json	1447736400.0	42.28	1102	1234
snapshot_11_17_2015_12_0.json	1447779600.0	46.2	1102	1158
snapshot_11_17_2015_18_0.json	1447801200.0	40.35	1102	1116
snapshot_11_17_2015_6_0.json	1447758000.0	46.2	1102	1162
snapshot_11_17_2015_6_0.json	1447758000.0	46.2	1102	1158
snapshot_11_18_2015_0_0.json	1447822800.0	46.2	1102	846
snapshot_11_18_2015_12_0.json	1447866000.0	42.69	1102	793
snapshot_11_18_2015_18_0.json	1447887600.0	46.23	1102	717
snapshot_11_18_2015_6_0.json	1447844400.0	42.69	1102	800
snapshot_11_19_2015_0_0.json	1447909200.0	46.96	350	467
snapshot_11_19_2015_12_0.json	1447952400.0	43.45	350	624
snapshot_11_19_2015_6_0.json	1447930800.0	43.45	350	625
snapshot_11_20_2015_0_0.json	1447995600.0	39.94	300	536
snapshot_11_20_2015_12_0.json	1448038800.0	39.94	300	460
snapshot_11_21_2015_12_0.json	1448125200.0	42.28	250	292
snapshot_11_21_2015_18_0.json	1448146800.0	35.56	190	216
snapshot_11_22_2015_0_0.json	1448168400.0	0	0	0
snapshot_11_22_2015_12_0.json	1448211600.0	0	0	0
snapshot_11_22_2015_18_0.json	1448233200.0	0	0	0
snapshot_11_22_2015_6_0.json	1448190000.0	0	0	0
snapshot_11_23_2015_0_0.json	1448254800.0	0	0	0
snapshot_11_23_2015_12_0.json	1448298000.0	0	0	0
snapshot_11_23_2015_18_0.json	1448319600.0	0	0	0
snapshot_11_23_2015_6_0.json	1448276400.0	0	0	0
snapshot_11_24_2015_6_0.json	1448362800.0	0	0	0
snapshot_11_25_2015_0_0.json	1448427600.0	0	0	0
snapshot_12_3_2015_0_0.json	1449118800.0	0	0	0
snapshot_12_3_2015_0_0.json	1449118800.0	0	0	0
snapshot_12_3_2015_12_0.json	1449162000.0	0	0	0
snapshot_12_4_2015_12_0.json	1449248400.0	0	0	0
9208160	2015-11-22T00:00:00Z	Arkansas Razorbacks	Razorback Stadium	Arkansas Little Rock|3864	72701
snapshot_11_16_2015_0_0.json	1447650000.0	38.89	1102	1260
snapshot_11_17_2015_0_0.json	1447736400.0	42.28	1102	1234
snapshot_11_17_2015_12_0.json	1447779600.0	46.2	1102	1158
snapshot_11_17_2015_18_0.json	1447801200.0	40.35	1102	1116
snapshot_11_17_2015_6_0.json	1447758000.0	46.2	1102	1162
snapshot_11_17_2015_6_0.json	1447758000.0	46.2	1102	1158
snapshot_11_18_2015_0_0.json	1447822800.0	46.2	1102	846
snapshot_11_18_2015_12_0.json	1447866000.0	42.69	1102	793
snapshot_11_18_2015_18_0.json	1447887600.0	46.23	1102	717
snapshot_11_18_2015_6_0.json	1447844400.0	42.69	1102	800
snapshot_11_19_2015_0_0.json	1447909200.0	46.96	350	467
snapshot_11_19_2015_12_0.json	1447952400.0	43.45	350	624
snapshot_11_19_2015_6_0.json	1447930800.0	43.45	350	625
snapshot_11_20_2015_0_0.json	1447995600.0	39.94	300	536
snapshot_11_20_2015_12_0.json	1448038800.0	39.94	300	460
snapshot_11_21_2015_12_0.json	1448125200.0	42.28	250	292
snapshot_11_21_2015_18_0.json	1448146800.0	35.56	190	216
snapshot_11_22_2015_0_0.json	1448168400.0	0	0	0
snapshot_11_22_2015_12_0.json	1448211600.0	0	0	0
snapshot_11_22_2015_18_0.json	1448233200.0	0	0	0
snapshot_11_22_2015_6_0.json	1448190000.0	0	0	0
snapshot_11_23_2015_0_0.json	1448254800.0	0	0	0
snapshot_11_23_2015_12_0.json	1448298000.0	0	0	0
snapshot_11_23_2015_18_0.json	1448319600.0	0	0	0
snapshot_11_23_2015_6_0.json	1448276400.0	0	0	0
snapshot_11_24_2015_6_0.json	1448362800.0	0	0	0
snapshot_11_25_2015_0_0.json	1448427600.0	0	0	0
snapshot_12_3_2015_0_0.json	1449118800.0	0	0	0
snapshot_12_3_2015_0_0.json	1449118800.0	0	0	0
snapshot_12_3_2015_12_0.json	1449162000.0	0	0	0
snapshot_12_4_2015_12_0.json	1449248400.0	0	0	0
9208160	2015-11-22T00:00:00Z	Arkansas Razorbacks	Razorback Stadium	Arkansas Little Rock|3864	72701
snapshot_11_16_2015_0_0.json	1447650000.0	38.89	1102	1260
snapshot_11_17_2015_0_0.json	1447736400.0	42.28	1102	1234
snapshot_11_17_2015_12_0.json	1447779600.0	46.2	1102	1158
snapshot_11_17_2015_18_0.json	1447801200.0	40.35	1102	1116
snapshot_11_17_2015_6_0.json	1447758000.0	46.2	1102	1162
snapshot_11_17_2015_6_0.json	1447758000.0	46.2	1102	1158
snapshot_11_18_2015_0_0.json	1447822800.0	46.2	1102	846
snapshot_11_18_2015_12_0.json	1447866000.0	42.69	1102	793
snapshot_11_18_2015_18_0.json	1447887600.0	46.23	1102	717
snapshot_11_18_2015_6_0.json	1447844400.0	42.69	1102	800
snapshot_11_19_2015_0_0.json	1447909200.0	46.96	350	467
snapshot_11_19_2015_12_0.json	1447952400.0	43.45	350	624
snapshot_11_19_2015_6_0.json	1447930800.0	43.45	350	625
snapshot_11_20_2015_0_0.json	1447995600.0	39.94	300	536
snapshot_11_20_2015_12_0.json	1448038800.0	39.94	300	460
snapshot_11_21_2015_12_0.json	1448125200.0	42.28	250	292
snapshot_11_21_2015_18_0.json	1448146800.0	35.56	190	216
snapshot_11_22_2015_0_0.json	1448168400.0	0	0	0
snapshot_11_22_2015_12_0.json	1448211600.0	0	0	0
snapshot_11_22_2015_18_0.json	1448233200.0	0	0	0
snapshot_11_22_2015_6_0.json	1448190000.0	0	0	0
snapshot_11_23_2015_0_0.json	1448254800.0	0	0	0
snapshot_11_23_2015_12_0.json	1448298000.0	0	0	0
snapshot_11_23_2015_18_0.json	1448319600.0	0	0	0
snapshot_11_23_2015_6_0.json	1448276400.0	0	0	0
snapshot_11_24_2015_6_0.json	1448362800.0	0	0	0
snapshot_11_25_2015_0_0.json	1448427600.0	0	0	0
snapshot_12_3_2015_0_0.json	1449118800.0	0	0	0
snapshot_12_3_2015_0_0.json	1449118800.0	0	0	0
snapshot_12_3_2015_12_0.json	1449162000.0	0	0	0
snapshot_12_4_2015_12_0.json	1449248400.0	0	0	0
9208160	2015-11-22T00:00:00Z	Arkansas Razorbacks	Razorback Stadium	Arkansas Little Rock|3864	72701
snapshot_11_16_2015_0_0.json	1447650000.0	38.89	1102	1260
snapshot_11_17_2015_0_0.json	1447736400.0	42.28	1102	1234
snapshot_11_17_2015_12_0.json	1447779600.0	46.2	1102	1158
snapshot_11_17_2015_18_0.json	1447801200.0	40.35	1102	1116
snapshot_11_17_2015_6_0.json	1447758000.0	46.2	1102	1162
snapshot_11_17_2015_6_0.json	1447758000.0	46.2	1102	1158
snapshot_11_18_2015_0_0.json	1447822800.0	46.2	1102	846
snapshot_11_18_2015_12_0.json	1447866000.0	42.69	1102	793
snapshot_11_18_2015_18_0.json	1447887600.0	46.23	1102	717
snapshot_11_18_2015_6_0.json	1447844400.0	42.69	1102	800
snapshot_11_19_2015_0_0.json	1447909200.0	46.96	350	467
snapshot_11_19_2015_12_0.json	1447952400.0	43.45	350	624
snapshot_11_19_2015_6_0.json	1447930800.0	43.45	350	625
snapshot_11_20_2015_0_0.json	1447995600.0	39.94	300	536
snapshot_11_20_2015_12_0.json	1448038800.0	39.94	300	460
snapshot_11_21_2015_12_0.json	1448125200.0	42.28	250	292
snapshot_11_21_2015_18_0.json	1448146800.0	35.56	190	216
snapshot_11_22_2015_0_0.json	1448168400.0	0	0	0
snapshot_11_22_2015_12_0.json	1448211600.0	0	0	0
snapshot_11_22_2015_18_0.json	1448233200.0	0	0	0
snapshot_11_22_2015_6_0.json	1448190000.0	0	0	0
snapshot_11_23_2015_0_0.json	1448254800.0	0	0	0
snapshot_11_23_2015_12_0.json	1448298000.0	0	0	0
snapshot_11_23_2015_18_0.json	1448319600.0	0	0	0
snapshot_11_23_2015_6_0.json	1448276400.0	0	0	0
snapshot_11_24_2015_6_0.json	1448362800.0	0	0	0
snapshot_11_25_2015_0_0.json	1448427600.0	0	0	0
snapshot_12_3_2015_0_0.json	1449118800.0	0	0	0
snapshot_12_3_2015_0_0.json	1449118800.0	0	0	0
snapshot_12_3_2015_12_0.json	1449162000.0	0	0	0
snapshot_12_4_2015_12_0.json	1449248400.0	0	0	0
