9208161	2015-11-27T19:30:00Z	Arkansas Razorbacks	Razorback Stadium	Arkansas Little Rock|3864	72701
snapshot_11_16_2015_0_0.json	1447650000.0	49.44	500	1488
snapshot_11_17_2015_0_0.json	1447736400.0	49.44	500	1443
snapshot_11_17_2015_12_0.json	1447779600.0	49.44	500	1367
snapshot_11_17_2015_18_0.json	1447801200.0	49.44	500	1339
snapshot_11_17_2015_6_0.json	1447758000.0	49.44	500	1371
snapshot_11_17_2015_6_0.json	1447758000.0	49.44	500	1371
snapshot_11_18_2015_0_0.json	1447822800.0	49.44	500	1149
snapshot_11_18_2015_12_0.json	1447866000.0	49.44	500	1088
snapshot_11_18_2015_18_0.json	1447887600.0	49.44	500	1086
snapshot_11_18_2015_18_0.json	1447887600.0	49.44	500	1086
snapshot_11_18_2015_6_0.json	1447844400.0	49.44	500	1088
snapshot_11_19_2015_0_0.json	1447909200.0	49.44	500	1249
snapshot_11_19_2015_12_0.json	1447952400.0	49.44	500	1210
snapshot_11_19_2015_6_0.json	1447930800.0	49.44	500	1213
snapshot_11_20_2015_0_0.json	1447995600.0	46.2	500	1175
snapshot_11_20_2015_12_0.json	1448038800.0	49.3	500	1114
snapshot_11_21_2015_12_0.json	1448125200.0	43.45	500	1069
snapshot_11_21_2015_18_0.json	1448146800.0	43.45	500	1041
snapshot_11_22_2015_0_0.json	1448168400.0	43.45	500	1030
snapshot_11_22_2015_12_0.json	1448211600.0	43.45	500	1023
snapshot_11_22_2015_6_0.json	1448190000.0	43.45	500	1017
snapshot_11_23_2015_0_0.json	1448254800.0	40.35	500	1035
snapshot_11_23_2015_12_0.json	1448298000.0	46.2	495	993
snapshot_11_23_2015_18_0.json	1448319600.0	44.25	495	993
snapshot_11_23_2015_6_0.json	1448276400.0	46.2	500	995
snapshot_11_24_2015_0_0.json	1448341200.0	44.36	360	698
snapshot_11_24_2015_12_0.json	1448384400.0	39.94	360	680
snapshot_11_24_2015_12_0.json	1448384400.0	39.94	360	680
snapshot_11_24_2015_18_0.json	1448406000.0	36.43	287.5	695
snapshot_11_24_2015_6_0.json	1448362800.0	39.94	360	680
snapshot_11_25_2015_0_0.json	1448427600.0	21.22	285	715
snapshot_11_25_2015_12_0.json	1448470800.0	16.54	285	700
snapshot_11_25_2015_18_0.json	1448492400.0	14.2	285	675
snapshot_11_25_2015_6_0.json	1448449200.0	16.54	285	698
snapshot_11_26_2015_0_0.json	1448514000.0	16.54	285	651
snapshot_11_27_2015_18_0.json	1448665200.0	11.8	224.25	554
snapshot_11_28_2015_0_0.json	1448686800.0	0	0	0
snapshot_11_28_2015_0_0.json	1448686800.0	0	0	0
snapshot_11_28_2015_12_0.json	1448730000.0	0	0	0
snapshot_11_28_2015_18_0.json	1448751600.0	0	0	0
snapshot_11_28_2015_6_0.json	1448708400.0	0	0	0
snapshot_11_29_2015_0_0.json	1448773200.0	0	0	0
snapshot_11_29_2015_12_0.json	1448816400.0	0	0	0
snapshot_11_29_2015_6_0.json	1448794800.0	0	0	0
snapshot_12_3_2015_0_0.json	1449118800.0	0	0	0
snapshot_12_3_2015_0_0.json	1449118800.0	0	0	0
snapshot_12_3_2015_12_0.json	1449162000.0	0	0	0
9208161	2015-11-27T19:30:00Z	Arkansas Razorbacks	Razorback Stadium	Arkansas Little Rock|3864	72701
snapshot_11_16_2015_0_0.json	1447650000.0	49.44	500	1488
snapshot_11_17_2015_0_0.json	1447736400.0	49.44	500	1443
snapshot_11_17_2015_12_0.json	1447779600.0	49.44	500	1367
snapshot_11_17_2015_18_0.json	1447801200.0	49.44	500	1339
snapshot_11_17_2015_6_0.json	1447758000.0	49.44	500	1371
snapshot_11_17_2015_6_0.json	1447758000.0	49.44	500	1371
snapshot_11_18_2015_0_0.json	1447822800.0	49.44	500	1149
snapshot_11_18_2015_12_0.json	1447866000.0	49.44	500	1088
snapshot_11_18_2015_18_0.json	1447887600.0	49.44	500	1086
snapshot_11_18_2015_18_0.json	1447887600.0	49.44	500	1086
snapshot_11_18_2015_6_0.json	1447844400.0	49.44	500	1088
snapshot_11_19_2015_0_0.json	1447909200.0	49.44	500	1249
snapshot_11_19_2015_12_0.json	1447952400.0	49.44	500	1210
snapshot_11_19_2015_6_0.json	1447930800.0	49.44	500	1213
snapshot_11_20_2015_0_0.json	1447995600.0	46.2	500	1175
snapshot_11_20_2015_12_0.json	1448038800.0	49.3	500	1114
snapshot_11_21_2015_12_0.json	1448125200.0	43.45	500	1069
snapshot_11_21_2015_18_0.json	1448146800.0	43.45	500	1041
snapshot_11_22_2015_0_0.json	1448168400.0	43.45	500	1030
snapshot_11_22_2015_12_0.json	1448211600.0	43.45	500	1023
snapshot_11_22_2015_6_0.json	1448190000.0	43.45	500	1017
snapshot_11_23_2015_0_0.json	1448254800.0	40.35	500	1035
snapshot_11_23_2015_12_0.json	1448298000.0	46.2	495	993
snapshot_11_23_2015_18_0.json	1448319600.0	44.25	495	993
snapshot_11_23_2015_6_0.json	1448276400.0	46.2	500	995
snapshot_11_24_2015_0_0.json	1448341200.0	44.36	360	698
snapshot_11_24_2015_12_0.json	1448384400.0	39.94	360	680
snapshot_11_24_2015_12_0.json	1448384400.0	39.94	360	680
snapshot_11_24_2015_18_0.json	1448406000.0	36.43	287.5	695
snapshot_11_24_2015_6_0.json	1448362800.0	39.94	360	680
snapshot_11_25_2015_0_0.json	1448427600.0	21.22	285	715
snapshot_11_25_2015_12_0.json	1448470800.0	16.54	285	700
snapshot_11_25_2015_18_0.json	1448492400.0	14.2	285	675
snapshot_11_25_2015_6_0.json	1448449200.0	16.54	285	698
snapshot_11_26_2015_0_0.json	1448514000.0	16.54	285	651
snapshot_11_27_2015_18_0.json	1448665200.0	11.8	224.25	554
snapshot_11_28_2015_0_0.json	1448686800.0	0	0	0
snapshot_11_28_2015_0_0.json	1448686800.0	0	0	0
snapshot_11_28_2015_12_0.json	1448730000.0	0	0	0
snapshot_11_28_2015_18_0.json	1448751600.0	0	0	0
snapshot_11_28_2015_6_0.json	1448708400.0	0	0	0
snapshot_11_29_2015_0_0.json	1448773200.0	0	0	0
snapshot_11_29_2015_12_0.json	1448816400.0	0	0	0
snapshot_11_29_2015_6_0.json	1448794800.0	0	0	0
snapshot_12_3_2015_0_0.json	1449118800.0	0	0	0
snapshot_12_3_2015_0_0.json	1449118800.0	0	0	0
snapshot_12_3_2015_12_0.json	1449162000.0	0	0	0
9208161	2015-11-27T19:30:00Z	Arkansas Razorbacks	Razorback Stadium	Arkansas Little Rock|3864	72701
snapshot_11_16_2015_0_0.json	1447650000.0	49.44	500	1488
snapshot_11_17_2015_0_0.json	1447736400.0	49.44	500	1443
snapshot_11_17_2015_12_0.json	1447779600.0	49.44	500	1367
snapshot_11_17_2015_18_0.json	1447801200.0	49.44	500	1339
snapshot_11_17_2015_6_0.json	1447758000.0	49.44	500	1371
snapshot_11_17_2015_6_0.json	1447758000.0	49.44	500	1371
snapshot_11_18_2015_0_0.json	1447822800.0	49.44	500	1149
snapshot_11_18_2015_12_0.json	1447866000.0	49.44	500	1088
snapshot_11_18_2015_18_0.json	1447887600.0	49.44	500	1086
snapshot_11_18_2015_18_0.json	1447887600.0	49.44	500	1086
snapshot_11_18_2015_6_0.json	1447844400.0	49.44	500	1088
snapshot_11_19_2015_0_0.json	1447909200.0	49.44	500	1249
snapshot_11_19_2015_12_0.json	1447952400.0	49.44	500	1210
snapshot_11_19_2015_6_0.json	1447930800.0	49.44	500	1213
snapshot_11_20_2015_0_0.json	1447995600.0	46.2	500	1175
snapshot_11_20_2015_12_0.json	1448038800.0	49.3	500	1114
snapshot_11_21_2015_12_0.json	1448125200.0	43.45	500	1069
snapshot_11_21_2015_18_0.json	1448146800.0	43.45	500	1041
snapshot_11_22_2015_0_0.json	1448168400.0	43.45	500	1030
snapshot_11_22_2015_12_0.json	1448211600.0	43.45	500	1023
snapshot_11_22_2015_6_0.json	1448190000.0	43.45	500	1017
snapshot_11_23_2015_0_0.json	1448254800.0	40.35	500	1035
snapshot_11_23_2015_12_0.json	1448298000.0	46.2	495	993
snapshot_11_23_2015_18_0.json	1448319600.0	44.25	495	993
snapshot_11_23_2015_6_0.json	1448276400.0	46.2	500	995
snapshot_11_24_2015_0_0.json	1448341200.0	44.36	360	698
snapshot_11_24_2015_12_0.json	1448384400.0	39.94	360	680
snapshot_11_24_2015_12_0.json	1448384400.0	39.94	360	680
snapshot_11_24_2015_18_0.json	1448406000.0	36.43	287.5	695
snapshot_11_24_2015_6_0.json	1448362800.0	39.94	360	680
snapshot_11_25_2015_0_0.json	1448427600.0	21.22	285	715
snapshot_11_25_2015_12_0.json	1448470800.0	16.54	285	700
snapshot_11_25_2015_18_0.json	1448492400.0	14.2	285	675
snapshot_11_25_2015_6_0.json	1448449200.0	16.54	285	698
snapshot_11_26_2015_0_0.json	1448514000.0	16.54	285	651
snapshot_11_27_2015_18_0.json	1448665200.0	11.8	224.25	554
snapshot_11_28_2015_0_0.json	1448686800.0	0	0	0
snapshot_11_28_2015_0_0.json	1448686800.0	0	0	0
snapshot_11_28_2015_12_0.json	1448730000.0	0	0	0
snapshot_11_28_2015_18_0.json	1448751600.0	0	0	0
snapshot_11_28_2015_6_0.json	1448708400.0	0	0	0
snapshot_11_29_2015_0_0.json	1448773200.0	0	0	0
snapshot_11_29_2015_12_0.json	1448816400.0	0	0	0
snapshot_11_29_2015_6_0.json	1448794800.0	0	0	0
snapshot_12_3_2015_0_0.json	1449118800.0	0	0	0
snapshot_12_3_2015_0_0.json	1449118800.0	0	0	0
snapshot_12_3_2015_12_0.json	1449162000.0	0	0	0
9208161	2015-11-27T19:30:00Z	Arkansas Razorbacks	Razorback Stadium	Arkansas Little Rock|3864	72701
snapshot_11_16_2015_0_0.json	1447650000.0	49.44	500	1488
snapshot_11_17_2015_0_0.json	1447736400.0	49.44	500	1443
snapshot_11_17_2015_12_0.json	1447779600.0	49.44	500	1367
snapshot_11_17_2015_18_0.json	1447801200.0	49.44	500	1339
snapshot_11_17_2015_6_0.json	1447758000.0	49.44	500	1371
snapshot_11_17_2015_6_0.json	1447758000.0	49.44	500	1371
snapshot_11_18_2015_0_0.json	1447822800.0	49.44	500	1149
snapshot_11_18_2015_12_0.json	1447866000.0	49.44	500	1088
snapshot_11_18_2015_18_0.json	1447887600.0	49.44	500	1086
snapshot_11_18_2015_18_0.json	1447887600.0	49.44	500	1086
snapshot_11_18_2015_6_0.json	1447844400.0	49.44	500	1088
snapshot_11_19_2015_0_0.json	1447909200.0	49.44	500	1249
snapshot_11_19_2015_12_0.json	1447952400.0	49.44	500	1210
snapshot_11_19_2015_6_0.json	1447930800.0	49.44	500	1213
snapshot_11_20_2015_0_0.json	1447995600.0	46.2	500	1175
snapshot_11_20_2015_12_0.json	1448038800.0	49.3	500	1114
snapshot_11_21_2015_12_0.json	1448125200.0	43.45	500	1069
snapshot_11_21_2015_18_0.json	1448146800.0	43.45	500	1041
snapshot_11_22_2015_0_0.json	1448168400.0	43.45	500	1030
snapshot_11_22_2015_12_0.json	1448211600.0	43.45	500	1023
snapshot_11_22_2015_6_0.json	1448190000.0	43.45	500	1017
snapshot_11_23_2015_0_0.json	1448254800.0	40.35	500	1035
snapshot_11_23_2015_12_0.json	1448298000.0	46.2	495	993
snapshot_11_23_2015_18_0.json	1448319600.0	44.25	495	993
snapshot_11_23_2015_6_0.json	1448276400.0	46.2	500	995
snapshot_11_24_2015_0_0.json	1448341200.0	44.36	360	698
snapshot_11_24_2015_12_0.json	1448384400.0	39.94	360	680
snapshot_11_24_2015_12_0.json	1448384400.0	39.94	360	680
snapshot_11_24_2015_18_0.json	1448406000.0	36.43	287.5	695
snapshot_11_24_2015_6_0.json	1448362800.0	39.94	360	680
snapshot_11_25_2015_0_0.json	1448427600.0	21.22	285	715
snapshot_11_25_2015_12_0.json	1448470800.0	16.54	285	700
snapshot_11_25_2015_18_0.json	1448492400.0	14.2	285	675
snapshot_11_25_2015_6_0.json	1448449200.0	16.54	285	698
snapshot_11_26_2015_0_0.json	1448514000.0	16.54	285	651
snapshot_11_27_2015_18_0.json	1448665200.0	11.8	224.25	554
snapshot_11_28_2015_0_0.json	1448686800.0	0	0	0
snapshot_11_28_2015_0_0.json	1448686800.0	0	0	0
snapshot_11_28_2015_12_0.json	1448730000.0	0	0	0
snapshot_11_28_2015_18_0.json	1448751600.0	0	0	0
snapshot_11_28_2015_6_0.json	1448708400.0	0	0	0
snapshot_11_29_2015_0_0.json	1448773200.0	0	0	0
snapshot_11_29_2015_12_0.json	1448816400.0	0	0	0
snapshot_11_29_2015_6_0.json	1448794800.0	0	0	0
snapshot_12_3_2015_0_0.json	1449118800.0	0	0	0
snapshot_12_3_2015_0_0.json	1449118800.0	0	0	0
snapshot_12_3_2015_12_0.json	1449162000.0	0	0	0
