9208554	2015-11-28T19:00:00Z	Doctor Zhivago	Broadway Theatre-NY	New York New York Metro|664	10019
snapshot_11_16_2015_0_0.json	1447650000.0	218.17	863.41	35
snapshot_11_17_2015_0_0.json	1447736400.0	218.17	863.41	35
snapshot_11_17_2015_12_0.json	1447779600.0	218.17	863.41	35
snapshot_11_17_2015_18_0.json	1447801200.0	218.17	863.41	35
snapshot_11_17_2015_18_0.json	1447801200.0	218.17	863.41	35
snapshot_11_17_2015_18_0.json	1447801200.0	218.17	863.41	35
snapshot_11_17_2015_6_0.json	1447758000.0	218.17	863.41	35
snapshot_11_18_2015_12_0.json	1447866000.0	218.17	863.41	35
snapshot_11_18_2015_12_0.json	1447866000.0	218.17	863.41	35
snapshot_11_19_2015_0_0.json	1447909200.0	218.17	863.41	35
snapshot_11_19_2015_12_0.json	1447952400.0	218.17	863.41	35
snapshot_11_19_2015_18_0.json	1447974000.0	218.17	863.41	35
snapshot_11_19_2015_18_0.json	1447974000.0	218.17	863.41	35
snapshot_11_19_2015_6_0.json	1447930800.0	218.17	863.41	35
snapshot_11_19_2015_6_0.json	1447930800.0	218.17	863.41	35
snapshot_11_20_2015_12_0.json	1448038800.0	218.17	863.41	35
snapshot_11_20_2015_12_0.json	1448038800.0	218.17	863.41	35
snapshot_11_21_2015_12_0.json	1448125200.0	218.17	863.41	35
snapshot_11_21_2015_18_0.json	1448146800.0	218.17	863.41	35
snapshot_11_21_2015_18_0.json	1448146800.0	218.17	863.41	35
snapshot_11_22_2015_12_0.json	1448211600.0	218.17	863.41	35
snapshot_11_22_2015_12_0.json	1448211600.0	218.17	863.41	35
snapshot_11_22_2015_6_0.json	1448190000.0	218.17	863.41	35
snapshot_11_23_2015_0_0.json	1448254800.0	218.17	863.41	35
snapshot_11_23_2015_12_0.json	1448298000.0	218.17	863.41	35
snapshot_11_23_2015_12_0.json	1448298000.0	218.17	863.41	35
snapshot_11_23_2015_18_0.json	1448319600.0	218.17	863.41	35
snapshot_11_23_2015_6_0.json	1448276400.0	218.17	863.41	35
snapshot_11_23_2015_6_0.json	1448276400.0	218.17	863.41	35
snapshot_11_24_2015_0_0.json	1448341200.0	218.17	863.41	35
snapshot_11_24_2015_0_0.json	1448341200.0	218.17	863.41	35
snapshot_11_24_2015_12_0.json	1448384400.0	218.17	863.41	35
snapshot_11_24_2015_18_0.json	1448406000.0	218.17	863.41	35
snapshot_11_24_2015_18_0.json	1448406000.0	218.17	863.41	35
snapshot_11_24_2015_6_0.json	1448362800.0	218.17	863.41	35
snapshot_11_25_2015_0_0.json	1448427600.0	0	0	0
snapshot_11_25_2015_0_0.json	1448427600.0	0	0	0
snapshot_11_25_2015_12_0.json	1448470800.0	0	0	0
snapshot_11_25_2015_18_0.json	1448492400.0	0	0	0
snapshot_11_25_2015_6_0.json	1448449200.0	0	0	0
snapshot_11_25_2015_6_0.json	1448449200.0	0	0	0
snapshot_11_26_2015_0_0.json	1448514000.0	0	0	0
snapshot_11_27_2015_18_0.json	1448665200.0	0	0	0
snapshot_11_28_2015_0_0.json	1448686800.0	0	0	0
snapshot_11_28_2015_12_0.json	1448730000.0	0	0	0
snapshot_11_28_2015_18_0.json	1448751600.0	0	0	0
snapshot_11_28_2015_6_0.json	1448708400.0	0	0	0
snapshot_11_29_2015_0_0.json	1448773200.0	0	0	0
snapshot_11_29_2015_12_0.json	1448816400.0	0	0	0
snapshot_11_29_2015_18_0.json	1448838000.0	0	0	0
snapshot_11_29_2015_6_0.json	1448794800.0	0	0	0
snapshot_11_30_2015_0_0.json	1448859600.0	0	0	0
9208554	2015-11-28T19:00:00Z	Doctor Zhivago	Broadway Theatre-NY	New York New York Metro|664	10019
snapshot_11_16_2015_0_0.json	1447650000.0	218.17	863.41	35
snapshot_11_17_2015_0_0.json	1447736400.0	218.17	863.41	35
snapshot_11_17_2015_12_0.json	1447779600.0	218.17	863.41	35
snapshot_11_17_2015_18_0.json	1447801200.0	218.17	863.41	35
snapshot_11_17_2015_18_0.json	1447801200.0	218.17	863.41	35
snapshot_11_17_2015_18_0.json	1447801200.0	218.17	863.41	35
snapshot_11_17_2015_6_0.json	1447758000.0	218.17	863.41	35
snapshot_11_18_2015_12_0.json	1447866000.0	218.17	863.41	35
snapshot_11_18_2015_12_0.json	1447866000.0	218.17	863.41	35
snapshot_11_19_2015_0_0.json	1447909200.0	218.17	863.41	35
snapshot_11_19_2015_12_0.json	1447952400.0	218.17	863.41	35
snapshot_11_19_2015_18_0.json	1447974000.0	218.17	863.41	35
snapshot_11_19_2015_18_0.json	1447974000.0	218.17	863.41	35
snapshot_11_19_2015_6_0.json	1447930800.0	218.17	863.41	35
snapshot_11_19_2015_6_0.json	1447930800.0	218.17	863.41	35
snapshot_11_20_2015_12_0.json	1448038800.0	218.17	863.41	35
snapshot_11_20_2015_12_0.json	1448038800.0	218.17	863.41	35
snapshot_11_21_2015_12_0.json	1448125200.0	218.17	863.41	35
snapshot_11_21_2015_18_0.json	1448146800.0	218.17	863.41	35
snapshot_11_21_2015_18_0.json	1448146800.0	218.17	863.41	35
snapshot_11_22_2015_12_0.json	1448211600.0	218.17	863.41	35
snapshot_11_22_2015_12_0.json	1448211600.0	218.17	863.41	35
snapshot_11_22_2015_6_0.json	1448190000.0	218.17	863.41	35
snapshot_11_23_2015_0_0.json	1448254800.0	218.17	863.41	35
snapshot_11_23_2015_12_0.json	1448298000.0	218.17	863.41	35
snapshot_11_23_2015_12_0.json	1448298000.0	218.17	863.41	35
snapshot_11_23_2015_18_0.json	1448319600.0	218.17	863.41	35
snapshot_11_23_2015_6_0.json	1448276400.0	218.17	863.41	35
snapshot_11_23_2015_6_0.json	1448276400.0	218.17	863.41	35
snapshot_11_24_2015_0_0.json	1448341200.0	218.17	863.41	35
snapshot_11_24_2015_0_0.json	1448341200.0	218.17	863.41	35
snapshot_11_24_2015_12_0.json	1448384400.0	218.17	863.41	35
snapshot_11_24_2015_18_0.json	1448406000.0	218.17	863.41	35
snapshot_11_24_2015_18_0.json	1448406000.0	218.17	863.41	35
snapshot_11_24_2015_6_0.json	1448362800.0	218.17	863.41	35
snapshot_11_25_2015_0_0.json	1448427600.0	0	0	0
snapshot_11_25_2015_0_0.json	1448427600.0	0	0	0
snapshot_11_25_2015_12_0.json	1448470800.0	0	0	0
snapshot_11_25_2015_18_0.json	1448492400.0	0	0	0
snapshot_11_25_2015_6_0.json	1448449200.0	0	0	0
snapshot_11_25_2015_6_0.json	1448449200.0	0	0	0
snapshot_11_26_2015_0_0.json	1448514000.0	0	0	0
snapshot_11_27_2015_18_0.json	1448665200.0	0	0	0
snapshot_11_28_2015_0_0.json	1448686800.0	0	0	0
snapshot_11_28_2015_12_0.json	1448730000.0	0	0	0
snapshot_11_28_2015_18_0.json	1448751600.0	0	0	0
snapshot_11_28_2015_6_0.json	1448708400.0	0	0	0
snapshot_11_29_2015_0_0.json	1448773200.0	0	0	0
snapshot_11_29_2015_12_0.json	1448816400.0	0	0	0
snapshot_11_29_2015_18_0.json	1448838000.0	0	0	0
snapshot_11_29_2015_6_0.json	1448794800.0	0	0	0
snapshot_11_30_2015_0_0.json	1448859600.0	0	0	0
9208554	2015-11-28T19:00:00Z	Doctor Zhivago	Broadway Theatre-NY	New York New York Metro|664	10019
snapshot_11_16_2015_0_0.json	1447650000.0	218.17	863.41	35
snapshot_11_17_2015_0_0.json	1447736400.0	218.17	863.41	35
snapshot_11_17_2015_12_0.json	1447779600.0	218.17	863.41	35
snapshot_11_17_2015_18_0.json	1447801200.0	218.17	863.41	35
snapshot_11_17_2015_18_0.json	1447801200.0	218.17	863.41	35
snapshot_11_17_2015_18_0.json	1447801200.0	218.17	863.41	35
snapshot_11_17_2015_6_0.json	1447758000.0	218.17	863.41	35
snapshot_11_18_2015_12_0.json	1447866000.0	218.17	863.41	35
snapshot_11_18_2015_12_0.json	1447866000.0	218.17	863.41	35
snapshot_11_19_2015_0_0.json	1447909200.0	218.17	863.41	35
snapshot_11_19_2015_12_0.json	1447952400.0	218.17	863.41	35
snapshot_11_19_2015_18_0.json	1447974000.0	218.17	863.41	35
snapshot_11_19_2015_18_0.json	1447974000.0	218.17	863.41	35
snapshot_11_19_2015_6_0.json	1447930800.0	218.17	863.41	35
snapshot_11_19_2015_6_0.json	1447930800.0	218.17	863.41	35
snapshot_11_20_2015_12_0.json	1448038800.0	218.17	863.41	35
snapshot_11_20_2015_12_0.json	1448038800.0	218.17	863.41	35
snapshot_11_21_2015_12_0.json	1448125200.0	218.17	863.41	35
snapshot_11_21_2015_18_0.json	1448146800.0	218.17	863.41	35
snapshot_11_21_2015_18_0.json	1448146800.0	218.17	863.41	35
snapshot_11_22_2015_12_0.json	1448211600.0	218.17	863.41	35
snapshot_11_22_2015_12_0.json	1448211600.0	218.17	863.41	35
snapshot_11_22_2015_6_0.json	1448190000.0	218.17	863.41	35
snapshot_11_23_2015_0_0.json	1448254800.0	218.17	863.41	35
snapshot_11_23_2015_12_0.json	1448298000.0	218.17	863.41	35
snapshot_11_23_2015_12_0.json	1448298000.0	218.17	863.41	35
snapshot_11_23_2015_18_0.json	1448319600.0	218.17	863.41	35
snapshot_11_23_2015_6_0.json	1448276400.0	218.17	863.41	35
snapshot_11_23_2015_6_0.json	1448276400.0	218.17	863.41	35
snapshot_11_24_2015_0_0.json	1448341200.0	218.17	863.41	35
snapshot_11_24_2015_0_0.json	1448341200.0	218.17	863.41	35
snapshot_11_24_2015_12_0.json	1448384400.0	218.17	863.41	35
snapshot_11_24_2015_18_0.json	1448406000.0	218.17	863.41	35
snapshot_11_24_2015_18_0.json	1448406000.0	218.17	863.41	35
snapshot_11_24_2015_6_0.json	1448362800.0	218.17	863.41	35
snapshot_11_25_2015_0_0.json	1448427600.0	0	0	0
snapshot_11_25_2015_0_0.json	1448427600.0	0	0	0
snapshot_11_25_2015_12_0.json	1448470800.0	0	0	0
snapshot_11_25_2015_18_0.json	1448492400.0	0	0	0
snapshot_11_25_2015_6_0.json	1448449200.0	0	0	0
snapshot_11_25_2015_6_0.json	1448449200.0	0	0	0
snapshot_11_26_2015_0_0.json	1448514000.0	0	0	0
snapshot_11_27_2015_18_0.json	1448665200.0	0	0	0
snapshot_11_28_2015_0_0.json	1448686800.0	0	0	0
snapshot_11_28_2015_12_0.json	1448730000.0	0	0	0
snapshot_11_28_2015_18_0.json	1448751600.0	0	0	0
snapshot_11_28_2015_6_0.json	1448708400.0	0	0	0
snapshot_11_29_2015_0_0.json	1448773200.0	0	0	0
snapshot_11_29_2015_12_0.json	1448816400.0	0	0	0
snapshot_11_29_2015_18_0.json	1448838000.0	0	0	0
snapshot_11_29_2015_6_0.json	1448794800.0	0	0	0
snapshot_11_30_2015_0_0.json	1448859600.0	0	0	0
9208554	2015-11-28T19:00:00Z	Doctor Zhivago	Broadway Theatre-NY	New York New York Metro|664	10019
snapshot_11_16_2015_0_0.json	1447650000.0	218.17	863.41	35
snapshot_11_17_2015_0_0.json	1447736400.0	218.17	863.41	35
snapshot_11_17_2015_12_0.json	1447779600.0	218.17	863.41	35
snapshot_11_17_2015_18_0.json	1447801200.0	218.17	863.41	35
snapshot_11_17_2015_18_0.json	1447801200.0	218.17	863.41	35
snapshot_11_17_2015_18_0.json	1447801200.0	218.17	863.41	35
snapshot_11_17_2015_6_0.json	1447758000.0	218.17	863.41	35
snapshot_11_18_2015_12_0.json	1447866000.0	218.17	863.41	35
snapshot_11_18_2015_12_0.json	1447866000.0	218.17	863.41	35
snapshot_11_19_2015_0_0.json	1447909200.0	218.17	863.41	35
snapshot_11_19_2015_12_0.json	1447952400.0	218.17	863.41	35
snapshot_11_19_2015_18_0.json	1447974000.0	218.17	863.41	35
snapshot_11_19_2015_18_0.json	1447974000.0	218.17	863.41	35
snapshot_11_19_2015_6_0.json	1447930800.0	218.17	863.41	35
snapshot_11_19_2015_6_0.json	1447930800.0	218.17	863.41	35
snapshot_11_20_2015_12_0.json	1448038800.0	218.17	863.41	35
snapshot_11_20_2015_12_0.json	1448038800.0	218.17	863.41	35
snapshot_11_21_2015_12_0.json	1448125200.0	218.17	863.41	35
snapshot_11_21_2015_18_0.json	1448146800.0	218.17	863.41	35
snapshot_11_21_2015_18_0.json	1448146800.0	218.17	863.41	35
snapshot_11_22_2015_12_0.json	1448211600.0	218.17	863.41	35
snapshot_11_22_2015_12_0.json	1448211600.0	218.17	863.41	35
snapshot_11_22_2015_6_0.json	1448190000.0	218.17	863.41	35
snapshot_11_23_2015_0_0.json	1448254800.0	218.17	863.41	35
snapshot_11_23_2015_12_0.json	1448298000.0	218.17	863.41	35
snapshot_11_23_2015_12_0.json	1448298000.0	218.17	863.41	35
snapshot_11_23_2015_18_0.json	1448319600.0	218.17	863.41	35
snapshot_11_23_2015_6_0.json	1448276400.0	218.17	863.41	35
snapshot_11_23_2015_6_0.json	1448276400.0	218.17	863.41	35
snapshot_11_24_2015_0_0.json	1448341200.0	218.17	863.41	35
snapshot_11_24_2015_0_0.json	1448341200.0	218.17	863.41	35
snapshot_11_24_2015_12_0.json	1448384400.0	218.17	863.41	35
snapshot_11_24_2015_18_0.json	1448406000.0	218.17	863.41	35
snapshot_11_24_2015_18_0.json	1448406000.0	218.17	863.41	35
snapshot_11_24_2015_6_0.json	1448362800.0	218.17	863.41	35
snapshot_11_25_2015_0_0.json	1448427600.0	0	0	0
snapshot_11_25_2015_0_0.json	1448427600.0	0	0	0
snapshot_11_25_2015_12_0.json	1448470800.0	0	0	0
snapshot_11_25_2015_18_0.json	1448492400.0	0	0	0
snapshot_11_25_2015_6_0.json	1448449200.0	0	0	0
snapshot_11_25_2015_6_0.json	1448449200.0	0	0	0
snapshot_11_26_2015_0_0.json	1448514000.0	0	0	0
snapshot_11_27_2015_18_0.json	1448665200.0	0	0	0
snapshot_11_28_2015_0_0.json	1448686800.0	0	0	0
snapshot_11_28_2015_12_0.json	1448730000.0	0	0	0
snapshot_11_28_2015_18_0.json	1448751600.0	0	0	0
snapshot_11_28_2015_6_0.json	1448708400.0	0	0	0
snapshot_11_29_2015_0_0.json	1448773200.0	0	0	0
snapshot_11_29_2015_12_0.json	1448816400.0	0	0	0
snapshot_11_29_2015_18_0.json	1448838000.0	0	0	0
snapshot_11_29_2015_6_0.json	1448794800.0	0	0	0
snapshot_11_30_2015_0_0.json	1448859600.0	0	0	0
