9213495	2016-01-03T23:00:00Z	Disney On Ice Frozen	Long Beach Arena - Long Beach Convention Center	California Los Angeles Metro|10	90802
snapshot_11_16_2015_0_0.json	1447650000.0	46.66	335	1453
snapshot_11_17_2015_0_0.json	1447736400.0	46.66	335	1453
snapshot_11_17_2015_18_0.json	1447801200.0	46.66	335	1453
snapshot_11_18_2015_0_0.json	1447822800.0	46.66	335	1453
snapshot_11_18_2015_12_0.json	1447866000.0	46.66	340	1453
snapshot_11_18_2015_18_0.json	1447887600.0	46.66	335	1453
snapshot_11_18_2015_18_0.json	1447887600.0	46.66	335	1453
snapshot_11_18_2015_6_0.json	1447844400.0	46.66	335	1453
snapshot_11_19_2015_0_0.json	1447909200.0	49.04	340	1441
snapshot_11_19_2015_12_0.json	1447952400.0	49.04	340	1441
snapshot_11_19_2015_6_0.json	1447930800.0	49.04	335	1441
snapshot_11_21_2015_12_0.json	1448125200.0	49.04	572	1441
snapshot_11_21_2015_18_0.json	1448146800.0	49.04	335	1441
snapshot_11_22_2015_0_0.json	1448168400.0	49.04	335	1441
snapshot_11_22_2015_12_0.json	1448211600.0	49.04	688	1441
snapshot_11_22_2015_18_0.json	1448233200.0	49.04	688	1441
snapshot_11_22_2015_6_0.json	1448190000.0	49.04	335	1441
snapshot_11_22_2015_6_0.json	1448190000.0	49.04	335	1441
snapshot_11_23_2015_0_0.json	1448254800.0	49.04	688	1441
snapshot_11_23_2015_12_0.json	1448298000.0	49.04	688	1441
snapshot_11_23_2015_18_0.json	1448319600.0	49.04	688	1435
snapshot_11_23_2015_6_0.json	1448276400.0	49.04	335	1441
snapshot_11_24_2015_12_0.json	1448384400.0	41.88	688	1435
snapshot_11_24_2015_12_0.json	1448384400.0	41.88	688	1435
snapshot_11_24_2015_18_0.json	1448406000.0	41.88	335	1435
snapshot_11_25_2015_0_0.json	1448427600.0	41.88	396	1435
snapshot_11_25_2015_0_0.json	1448427600.0	41.88	396	1435
snapshot_11_25_2015_12_0.json	1448470800.0	41.88	688	1431
snapshot_11_25_2015_18_0.json	1448492400.0	41.88	335	1425
snapshot_11_25_2015_6_0.json	1448449200.0	41.88	335	1431
snapshot_11_26_2015_0_0.json	1448514000.0	41.88	335	1418
snapshot_11_27_2015_18_0.json	1448665200.0	45.46	335	1415
snapshot_11_28_2015_0_0.json	1448686800.0	45.46	335	1415
snapshot_11_28_2015_12_0.json	1448730000.0	45.46	688	1415
snapshot_11_28_2015_6_0.json	1448708400.0	45.46	335	1415
snapshot_11_28_2015_6_0.json	1448708400.0	45.46	335	1415
snapshot_11_29_2015_0_0.json	1448773200.0	45.46	335	1415
snapshot_11_29_2015_12_0.json	1448816400.0	45.46	688	1415
snapshot_11_29_2015_18_0.json	1448838000.0	45.46	335	1419
snapshot_11_29_2015_6_0.json	1448794800.0	45.46	335	1415
snapshot_11_30_2015_0_0.json	1448859600.0	45.46	335	1406
snapshot_11_30_2015_0_0.json	1448859600.0	45.46	335	1406
snapshot_11_30_2015_12_0.json	1448902800.0	45.46	688	1403
snapshot_11_30_2015_18_0.json	1448924400.0	45.46	688	1403
snapshot_11_30_2015_6_0.json	1448881200.0	45.46	335	1406
snapshot_12_1_2015_0_0.json	1448946000.0	45.46	335	1390
snapshot_12_1_2015_18_0.json	1449010800.0	45.46	335	1369
snapshot_12_1_2015_6_0.json	1448967600.0	45.46	335	1369
snapshot_12_2_2015_0_0.json	1449032400.0	45.46	335	1369
snapshot_12_2_2015_12_0.json	1449075600.0	45.46	688	1366
snapshot_12_2_2015_18_0.json	1449097200.0	45.46	335	1366
snapshot_12_2_2015_6_0.json	1449054000.0	45.46	335	1366
snapshot_12_2_2015_6_0.json	1449054000.0	45.46	335	1366
snapshot_12_3_2015_0_0.json	1449118800.0	45.46	392	1364
snapshot_12_3_2015_12_0.json	1449162000.0	45.46	688	1344
snapshot_12_3_2015_18_0.json	1449183600.0	45.46	335	1342
snapshot_12_3_2015_6_0.json	1449140400.0	45.46	688	1350
snapshot_12_4_2015_0_0.json	1449205200.0	45.46	396	1321
snapshot_12_4_2015_12_0.json	1449248400.0	45.46	688	1319
snapshot_12_4_2015_18_0.json	1449270000.0	45.46	335	1319
snapshot_12_4_2015_6_0.json	1449226800.0	45.46	335	1321
snapshot_12_5_2015_0_0.json	1449291600.0	45.46	335	1316
snapshot_12_5_2015_12_0.json	1449334800.0	45.46	688	1313
snapshot_12_5_2015_12_0.json	1449334800.0	45.46	688	1313
snapshot_12_5_2015_18_0.json	1449356400.0	45.46	335	1339
snapshot_12_5_2015_6_0.json	1449313200.0	45.46	335	1313
9213495	2016-01-03T23:00:00Z	Disney On Ice Frozen	Long Beach Arena - Long Beach Convention Center	California Los Angeles Metro|10	90802
snapshot_11_16_2015_0_0.json	1447650000.0	46.66	335	1453
snapshot_11_17_2015_0_0.json	1447736400.0	46.66	335	1453
snapshot_11_17_2015_18_0.json	1447801200.0	46.66	335	1453
snapshot_11_18_2015_0_0.json	1447822800.0	46.66	335	1453
snapshot_11_18_2015_12_0.json	1447866000.0	46.66	340	1453
snapshot_11_18_2015_18_0.json	1447887600.0	46.66	335	1453
snapshot_11_18_2015_18_0.json	1447887600.0	46.66	335	1453
snapshot_11_18_2015_6_0.json	1447844400.0	46.66	335	1453
snapshot_11_19_2015_0_0.json	1447909200.0	49.04	340	1441
snapshot_11_19_2015_12_0.json	1447952400.0	49.04	340	1441
snapshot_11_19_2015_6_0.json	1447930800.0	49.04	335	1441
snapshot_11_21_2015_12_0.json	1448125200.0	49.04	572	1441
snapshot_11_21_2015_18_0.json	1448146800.0	49.04	335	1441
snapshot_11_22_2015_0_0.json	1448168400.0	49.04	335	1441
snapshot_11_22_2015_12_0.json	1448211600.0	49.04	688	1441
snapshot_11_22_2015_18_0.json	1448233200.0	49.04	688	1441
snapshot_11_22_2015_6_0.json	1448190000.0	49.04	335	1441
snapshot_11_22_2015_6_0.json	1448190000.0	49.04	335	1441
snapshot_11_23_2015_0_0.json	1448254800.0	49.04	688	1441
snapshot_11_23_2015_12_0.json	1448298000.0	49.04	688	1441
snapshot_11_23_2015_18_0.json	1448319600.0	49.04	688	1435
snapshot_11_23_2015_6_0.json	1448276400.0	49.04	335	1441
snapshot_11_24_2015_12_0.json	1448384400.0	41.88	688	1435
snapshot_11_24_2015_12_0.json	1448384400.0	41.88	688	1435
snapshot_11_24_2015_18_0.json	1448406000.0	41.88	335	1435
snapshot_11_25_2015_0_0.json	1448427600.0	41.88	396	1435
snapshot_11_25_2015_0_0.json	1448427600.0	41.88	396	1435
snapshot_11_25_2015_12_0.json	1448470800.0	41.88	688	1431
snapshot_11_25_2015_18_0.json	1448492400.0	41.88	335	1425
snapshot_11_25_2015_6_0.json	1448449200.0	41.88	335	1431
snapshot_11_26_2015_0_0.json	1448514000.0	41.88	335	1418
snapshot_11_27_2015_18_0.json	1448665200.0	45.46	335	1415
snapshot_11_28_2015_0_0.json	1448686800.0	45.46	335	1415
snapshot_11_28_2015_12_0.json	1448730000.0	45.46	688	1415
snapshot_11_28_2015_6_0.json	1448708400.0	45.46	335	1415
snapshot_11_28_2015_6_0.json	1448708400.0	45.46	335	1415
snapshot_11_29_2015_0_0.json	1448773200.0	45.46	335	1415
snapshot_11_29_2015_12_0.json	1448816400.0	45.46	688	1415
snapshot_11_29_2015_18_0.json	1448838000.0	45.46	335	1419
snapshot_11_29_2015_6_0.json	1448794800.0	45.46	335	1415
snapshot_11_30_2015_0_0.json	1448859600.0	45.46	335	1406
snapshot_11_30_2015_0_0.json	1448859600.0	45.46	335	1406
snapshot_11_30_2015_12_0.json	1448902800.0	45.46	688	1403
snapshot_11_30_2015_18_0.json	1448924400.0	45.46	688	1403
snapshot_11_30_2015_6_0.json	1448881200.0	45.46	335	1406
snapshot_12_1_2015_0_0.json	1448946000.0	45.46	335	1390
snapshot_12_1_2015_18_0.json	1449010800.0	45.46	335	1369
snapshot_12_1_2015_6_0.json	1448967600.0	45.46	335	1369
snapshot_12_2_2015_0_0.json	1449032400.0	45.46	335	1369
snapshot_12_2_2015_12_0.json	1449075600.0	45.46	688	1366
snapshot_12_2_2015_18_0.json	1449097200.0	45.46	335	1366
snapshot_12_2_2015_6_0.json	1449054000.0	45.46	335	1366
snapshot_12_2_2015_6_0.json	1449054000.0	45.46	335	1366
snapshot_12_3_2015_0_0.json	1449118800.0	45.46	392	1364
snapshot_12_3_2015_12_0.json	1449162000.0	45.46	688	1344
snapshot_12_3_2015_18_0.json	1449183600.0	45.46	335	1342
snapshot_12_3_2015_6_0.json	1449140400.0	45.46	688	1350
snapshot_12_4_2015_0_0.json	1449205200.0	45.46	396	1321
snapshot_12_4_2015_12_0.json	1449248400.0	45.46	688	1319
snapshot_12_4_2015_18_0.json	1449270000.0	45.46	335	1319
snapshot_12_4_2015_6_0.json	1449226800.0	45.46	335	1321
snapshot_12_5_2015_0_0.json	1449291600.0	45.46	335	1316
snapshot_12_5_2015_12_0.json	1449334800.0	45.46	688	1313
snapshot_12_5_2015_12_0.json	1449334800.0	45.46	688	1313
snapshot_12_5_2015_18_0.json	1449356400.0	45.46	335	1339
snapshot_12_5_2015_6_0.json	1449313200.0	45.46	335	1313
9213495	2016-01-03T23:00:00Z	Disney On Ice Frozen	Long Beach Arena - Long Beach Convention Center	California Los Angeles Metro|10	90802
snapshot_11_16_2015_0_0.json	1447650000.0	46.66	335	1453
snapshot_11_17_2015_0_0.json	1447736400.0	46.66	335	1453
snapshot_11_17_2015_18_0.json	1447801200.0	46.66	335	1453
snapshot_11_18_2015_0_0.json	1447822800.0	46.66	335	1453
snapshot_11_18_2015_12_0.json	1447866000.0	46.66	340	1453
snapshot_11_18_2015_18_0.json	1447887600.0	46.66	335	1453
snapshot_11_18_2015_18_0.json	1447887600.0	46.66	335	1453
snapshot_11_18_2015_6_0.json	1447844400.0	46.66	335	1453
snapshot_11_19_2015_0_0.json	1447909200.0	49.04	340	1441
snapshot_11_19_2015_12_0.json	1447952400.0	49.04	340	1441
snapshot_11_19_2015_6_0.json	1447930800.0	49.04	335	1441
snapshot_11_21_2015_12_0.json	1448125200.0	49.04	572	1441
snapshot_11_21_2015_18_0.json	1448146800.0	49.04	335	1441
snapshot_11_22_2015_0_0.json	1448168400.0	49.04	335	1441
snapshot_11_22_2015_12_0.json	1448211600.0	49.04	688	1441
snapshot_11_22_2015_18_0.json	1448233200.0	49.04	688	1441
snapshot_11_22_2015_6_0.json	1448190000.0	49.04	335	1441
snapshot_11_22_2015_6_0.json	1448190000.0	49.04	335	1441
snapshot_11_23_2015_0_0.json	1448254800.0	49.04	688	1441
snapshot_11_23_2015_12_0.json	1448298000.0	49.04	688	1441
snapshot_11_23_2015_18_0.json	1448319600.0	49.04	688	1435
snapshot_11_23_2015_6_0.json	1448276400.0	49.04	335	1441
snapshot_11_24_2015_12_0.json	1448384400.0	41.88	688	1435
snapshot_11_24_2015_12_0.json	1448384400.0	41.88	688	1435
snapshot_11_24_2015_18_0.json	1448406000.0	41.88	335	1435
snapshot_11_25_2015_0_0.json	1448427600.0	41.88	396	1435
snapshot_11_25_2015_0_0.json	1448427600.0	41.88	396	1435
snapshot_11_25_2015_12_0.json	1448470800.0	41.88	688	1431
snapshot_11_25_2015_18_0.json	1448492400.0	41.88	335	1425
snapshot_11_25_2015_6_0.json	1448449200.0	41.88	335	1431
snapshot_11_26_2015_0_0.json	1448514000.0	41.88	335	1418
snapshot_11_27_2015_18_0.json	1448665200.0	45.46	335	1415
snapshot_11_28_2015_0_0.json	1448686800.0	45.46	335	1415
snapshot_11_28_2015_12_0.json	1448730000.0	45.46	688	1415
snapshot_11_28_2015_6_0.json	1448708400.0	45.46	335	1415
snapshot_11_28_2015_6_0.json	1448708400.0	45.46	335	1415
snapshot_11_29_2015_0_0.json	1448773200.0	45.46	335	1415
snapshot_11_29_2015_12_0.json	1448816400.0	45.46	688	1415
snapshot_11_29_2015_18_0.json	1448838000.0	45.46	335	1419
snapshot_11_29_2015_6_0.json	1448794800.0	45.46	335	1415
snapshot_11_30_2015_0_0.json	1448859600.0	45.46	335	1406
snapshot_11_30_2015_0_0.json	1448859600.0	45.46	335	1406
snapshot_11_30_2015_12_0.json	1448902800.0	45.46	688	1403
snapshot_11_30_2015_18_0.json	1448924400.0	45.46	688	1403
snapshot_11_30_2015_6_0.json	1448881200.0	45.46	335	1406
snapshot_12_1_2015_0_0.json	1448946000.0	45.46	335	1390
snapshot_12_1_2015_18_0.json	1449010800.0	45.46	335	1369
snapshot_12_1_2015_6_0.json	1448967600.0	45.46	335	1369
snapshot_12_2_2015_0_0.json	1449032400.0	45.46	335	1369
snapshot_12_2_2015_12_0.json	1449075600.0	45.46	688	1366
snapshot_12_2_2015_18_0.json	1449097200.0	45.46	335	1366
snapshot_12_2_2015_6_0.json	1449054000.0	45.46	335	1366
snapshot_12_2_2015_6_0.json	1449054000.0	45.46	335	1366
snapshot_12_3_2015_0_0.json	1449118800.0	45.46	392	1364
snapshot_12_3_2015_12_0.json	1449162000.0	45.46	688	1344
snapshot_12_3_2015_18_0.json	1449183600.0	45.46	335	1342
snapshot_12_3_2015_6_0.json	1449140400.0	45.46	688	1350
snapshot_12_4_2015_0_0.json	1449205200.0	45.46	396	1321
snapshot_12_4_2015_12_0.json	1449248400.0	45.46	688	1319
snapshot_12_4_2015_18_0.json	1449270000.0	45.46	335	1319
snapshot_12_4_2015_6_0.json	1449226800.0	45.46	335	1321
snapshot_12_5_2015_0_0.json	1449291600.0	45.46	335	1316
snapshot_12_5_2015_12_0.json	1449334800.0	45.46	688	1313
snapshot_12_5_2015_12_0.json	1449334800.0	45.46	688	1313
snapshot_12_5_2015_18_0.json	1449356400.0	45.46	335	1339
snapshot_12_5_2015_6_0.json	1449313200.0	45.46	335	1313
9213495	2016-01-03T23:00:00Z	Disney On Ice Frozen	Long Beach Arena - Long Beach Convention Center	California Los Angeles Metro|10	90802
snapshot_11_16_2015_0_0.json	1447650000.0	46.66	335	1453
snapshot_11_17_2015_0_0.json	1447736400.0	46.66	335	1453
snapshot_11_17_2015_18_0.json	1447801200.0	46.66	335	1453
snapshot_11_18_2015_0_0.json	1447822800.0	46.66	335	1453
snapshot_11_18_2015_12_0.json	1447866000.0	46.66	340	1453
snapshot_11_18_2015_18_0.json	1447887600.0	46.66	335	1453
snapshot_11_18_2015_18_0.json	1447887600.0	46.66	335	1453
snapshot_11_18_2015_6_0.json	1447844400.0	46.66	335	1453
snapshot_11_19_2015_0_0.json	1447909200.0	49.04	340	1441
snapshot_11_19_2015_12_0.json	1447952400.0	49.04	340	1441
snapshot_11_19_2015_6_0.json	1447930800.0	49.04	335	1441
snapshot_11_21_2015_12_0.json	1448125200.0	49.04	572	1441
snapshot_11_21_2015_18_0.json	1448146800.0	49.04	335	1441
snapshot_11_22_2015_0_0.json	1448168400.0	49.04	335	1441
snapshot_11_22_2015_12_0.json	1448211600.0	49.04	688	1441
snapshot_11_22_2015_18_0.json	1448233200.0	49.04	688	1441
snapshot_11_22_2015_6_0.json	1448190000.0	49.04	335	1441
snapshot_11_22_2015_6_0.json	1448190000.0	49.04	335	1441
snapshot_11_23_2015_0_0.json	1448254800.0	49.04	688	1441
snapshot_11_23_2015_12_0.json	1448298000.0	49.04	688	1441
snapshot_11_23_2015_18_0.json	1448319600.0	49.04	688	1435
snapshot_11_23_2015_6_0.json	1448276400.0	49.04	335	1441
snapshot_11_24_2015_12_0.json	1448384400.0	41.88	688	1435
snapshot_11_24_2015_12_0.json	1448384400.0	41.88	688	1435
snapshot_11_24_2015_18_0.json	1448406000.0	41.88	335	1435
snapshot_11_25_2015_0_0.json	1448427600.0	41.88	396	1435
snapshot_11_25_2015_0_0.json	1448427600.0	41.88	396	1435
snapshot_11_25_2015_12_0.json	1448470800.0	41.88	688	1431
snapshot_11_25_2015_18_0.json	1448492400.0	41.88	335	1425
snapshot_11_25_2015_6_0.json	1448449200.0	41.88	335	1431
snapshot_11_26_2015_0_0.json	1448514000.0	41.88	335	1418
snapshot_11_27_2015_18_0.json	1448665200.0	45.46	335	1415
snapshot_11_28_2015_0_0.json	1448686800.0	45.46	335	1415
snapshot_11_28_2015_12_0.json	1448730000.0	45.46	688	1415
snapshot_11_28_2015_6_0.json	1448708400.0	45.46	335	1415
snapshot_11_28_2015_6_0.json	1448708400.0	45.46	335	1415
snapshot_11_29_2015_0_0.json	1448773200.0	45.46	335	1415
snapshot_11_29_2015_12_0.json	1448816400.0	45.46	688	1415
snapshot_11_29_2015_18_0.json	1448838000.0	45.46	335	1419
snapshot_11_29_2015_6_0.json	1448794800.0	45.46	335	1415
snapshot_11_30_2015_0_0.json	1448859600.0	45.46	335	1406
snapshot_11_30_2015_0_0.json	1448859600.0	45.46	335	1406
snapshot_11_30_2015_12_0.json	1448902800.0	45.46	688	1403
snapshot_11_30_2015_18_0.json	1448924400.0	45.46	688	1403
snapshot_11_30_2015_6_0.json	1448881200.0	45.46	335	1406
snapshot_12_1_2015_0_0.json	1448946000.0	45.46	335	1390
snapshot_12_1_2015_18_0.json	1449010800.0	45.46	335	1369
snapshot_12_1_2015_6_0.json	1448967600.0	45.46	335	1369
snapshot_12_2_2015_0_0.json	1449032400.0	45.46	335	1369
snapshot_12_2_2015_12_0.json	1449075600.0	45.46	688	1366
snapshot_12_2_2015_18_0.json	1449097200.0	45.46	335	1366
snapshot_12_2_2015_6_0.json	1449054000.0	45.46	335	1366
snapshot_12_2_2015_6_0.json	1449054000.0	45.46	335	1366
snapshot_12_3_2015_0_0.json	1449118800.0	45.46	392	1364
snapshot_12_3_2015_12_0.json	1449162000.0	45.46	688	1344
snapshot_12_3_2015_18_0.json	1449183600.0	45.46	335	1342
snapshot_12_3_2015_6_0.json	1449140400.0	45.46	688	1350
snapshot_12_4_2015_0_0.json	1449205200.0	45.46	396	1321
snapshot_12_4_2015_12_0.json	1449248400.0	45.46	688	1319
snapshot_12_4_2015_18_0.json	1449270000.0	45.46	335	1319
snapshot_12_4_2015_6_0.json	1449226800.0	45.46	335	1321
snapshot_12_5_2015_0_0.json	1449291600.0	45.46	335	1316
snapshot_12_5_2015_12_0.json	1449334800.0	45.46	688	1313
snapshot_12_5_2015_12_0.json	1449334800.0	45.46	688	1313
snapshot_12_5_2015_18_0.json	1449356400.0	45.46	335	1339
snapshot_12_5_2015_6_0.json	1449313200.0	45.46	335	1313
