9213497	2016-01-02T19:00:00Z	Disney On Ice Frozen	Long Beach Arena - Long Beach Convention Center	California Los Angeles Metro|10	90802
snapshot_11_16_2015_0_0.json	1447650000.0	43.08	1098.9	1302
snapshot_11_17_2015_0_0.json	1447736400.0	43.08	1098.9	1302
snapshot_11_17_2015_0_0.json	1447736400.0	43.08	1098.9	1302
snapshot_11_17_2015_12_0.json	1447779600.0	43.08	1098.9	1299
snapshot_11_17_2015_18_0.json	1447801200.0	43.08	1098.9	1299
snapshot_11_17_2015_18_0.json	1447801200.0	43.08	1098.9	1299
snapshot_11_18_2015_0_0.json	1447822800.0	43.08	1098.9	1299
snapshot_11_18_2015_0_0.json	1447822800.0	43.08	1098.9	1299
snapshot_11_18_2015_12_0.json	1447866000.0	43.08	1098.9	1299
snapshot_11_18_2015_18_0.json	1447887600.0	43.08	1098.9	1299
snapshot_11_18_2015_6_0.json	1447844400.0	43.08	1098.9	1299
snapshot_11_19_2015_6_0.json	1447930800.0	43.08	1098.9	1293
snapshot_11_20_2015_0_0.json	1447995600.0	43.08	1098.9	1273
snapshot_11_20_2015_12_0.json	1448038800.0	43.08	1098.9	1273
snapshot_11_21_2015_12_0.json	1448125200.0	43.08	1098.9	1288
snapshot_11_21_2015_18_0.json	1448146800.0	43.08	1098.9	1288
snapshot_11_22_2015_0_0.json	1448168400.0	43.08	1098.9	1288
snapshot_11_22_2015_12_0.json	1448211600.0	43.08	1098.9	1288
snapshot_11_22_2015_6_0.json	1448190000.0	43.08	1098.9	1288
snapshot_11_22_2015_6_0.json	1448190000.0	43.08	1098.9	1288
snapshot_11_23_2015_0_0.json	1448254800.0	43.08	1098.9	1288
snapshot_11_23_2015_12_0.json	1448298000.0	43.08	1098.9	1285
snapshot_11_23_2015_18_0.json	1448319600.0	43.08	1098.9	1285
snapshot_11_23_2015_6_0.json	1448276400.0	43.08	1098.9	1285
snapshot_11_23_2015_6_0.json	1448276400.0	43.08	1098.9	1285
snapshot_11_24_2015_0_0.json	1448341200.0	43.08	1098.9	1286
snapshot_11_24_2015_0_0.json	1448341200.0	43.08	1098.9	1286
snapshot_11_24_2015_12_0.json	1448384400.0	35.92	1098.9	1286
snapshot_11_24_2015_12_0.json	1448384400.0	35.92	1098.9	1286
snapshot_11_24_2015_18_0.json	1448406000.0	35.92	1098.9	1286
snapshot_11_24_2015_6_0.json	1448362800.0	35.92	1098.9	1286
snapshot_11_25_2015_0_0.json	1448427600.0	35.92	1098.9	1286
snapshot_11_25_2015_0_0.json	1448427600.0	35.92	1098.9	1286
snapshot_11_25_2015_12_0.json	1448470800.0	35.92	1098.9	1286
snapshot_11_25_2015_6_0.json	1448449200.0	35.92	1098.9	1286
snapshot_11_26_2015_0_0.json	1448514000.0	35.92	1098.9	1283
snapshot_11_26_2015_0_0.json	1448514000.0	35.92	1098.9	1283
snapshot_11_28_2015_0_0.json	1448686800.0	35.92	1098.9	1349
snapshot_11_28_2015_12_0.json	1448730000.0	35.92	1098.9	1353
snapshot_11_28_2015_18_0.json	1448751600.0	35.92	1098.9	1349
snapshot_11_28_2015_18_0.json	1448751600.0	35.92	1098.9	1349
snapshot_11_28_2015_6_0.json	1448708400.0	35.92	1098.9	1339
snapshot_11_29_2015_0_0.json	1448773200.0	35.92	1098.9	1353
snapshot_11_29_2015_0_0.json	1448773200.0	35.92	1098.9	1353
snapshot_11_29_2015_12_0.json	1448816400.0	35.92	1098.9	1349
snapshot_11_29_2015_18_0.json	1448838000.0	35.92	1098.9	1345
snapshot_11_29_2015_6_0.json	1448794800.0	35.92	1098.9	1349
snapshot_11_29_2015_6_0.json	1448794800.0	35.92	1098.9	1349
snapshot_11_30_2015_0_0.json	1448859600.0	35.92	1098.9	1337
snapshot_11_30_2015_0_0.json	1448859600.0	35.92	1098.9	1337
snapshot_11_30_2015_12_0.json	1448902800.0	35.92	1098.9	1331
snapshot_11_30_2015_18_0.json	1448924400.0	35.92	1098.9	1329
snapshot_11_30_2015_6_0.json	1448881200.0	35.92	1098.9	1337
snapshot_11_30_2015_6_0.json	1448881200.0	35.92	1098.9	1337
snapshot_12_1_2015_0_0.json	1448946000.0	35.92	1098.9	1316
snapshot_12_1_2015_12_0.json	1448989200.0	35.92	1098.9	1312
snapshot_12_1_2015_18_0.json	1449010800.0	42.28	1098.9	1308
snapshot_12_1_2015_6_0.json	1448967600.0	35.92	1098.9	1312
snapshot_12_2_2015_0_0.json	1449032400.0	42.28	1098.9	1283
snapshot_12_2_2015_12_0.json	1449075600.0	42.28	1098.9	1273
snapshot_12_3_2015_0_0.json	1449118800.0	42.28	281.01	1262
snapshot_12_3_2015_12_0.json	1449162000.0	42.28	281.01	1263
snapshot_12_3_2015_18_0.json	1449183600.0	42.28	281.01	1263
snapshot_12_3_2015_6_0.json	1449140400.0	42.28	281.01	1263
snapshot_12_4_2015_12_0.json	1449248400.0	42.28	340	1258
snapshot_12_4_2015_6_0.json	1449226800.0	42.28	281.01	1260
snapshot_12_4_2015_6_0.json	1449226800.0	42.28	281.01	1260
snapshot_12_5_2015_12_0.json	1449334800.0	42.28	340	1231
snapshot_12_5_2015_18_0.json	1449356400.0	42.28	281.01	1246
snapshot_12_5_2015_6_0.json	1449313200.0	42.28	281.01	1231
9213497	2016-01-02T19:00:00Z	Disney On Ice Frozen	Long Beach Arena - Long Beach Convention Center	California Los Angeles Metro|10	90802
snapshot_11_16_2015_0_0.json	1447650000.0	43.08	1098.9	1302
snapshot_11_17_2015_0_0.json	1447736400.0	43.08	1098.9	1302
snapshot_11_17_2015_0_0.json	1447736400.0	43.08	1098.9	1302
snapshot_11_17_2015_12_0.json	1447779600.0	43.08	1098.9	1299
snapshot_11_17_2015_18_0.json	1447801200.0	43.08	1098.9	1299
snapshot_11_17_2015_18_0.json	1447801200.0	43.08	1098.9	1299
snapshot_11_18_2015_0_0.json	1447822800.0	43.08	1098.9	1299
snapshot_11_18_2015_0_0.json	1447822800.0	43.08	1098.9	1299
snapshot_11_18_2015_12_0.json	1447866000.0	43.08	1098.9	1299
snapshot_11_18_2015_18_0.json	1447887600.0	43.08	1098.9	1299
snapshot_11_18_2015_6_0.json	1447844400.0	43.08	1098.9	1299
snapshot_11_19_2015_6_0.json	1447930800.0	43.08	1098.9	1293
snapshot_11_20_2015_0_0.json	1447995600.0	43.08	1098.9	1273
snapshot_11_20_2015_12_0.json	1448038800.0	43.08	1098.9	1273
snapshot_11_21_2015_12_0.json	1448125200.0	43.08	1098.9	1288
snapshot_11_21_2015_18_0.json	1448146800.0	43.08	1098.9	1288
snapshot_11_22_2015_0_0.json	1448168400.0	43.08	1098.9	1288
snapshot_11_22_2015_12_0.json	1448211600.0	43.08	1098.9	1288
snapshot_11_22_2015_6_0.json	1448190000.0	43.08	1098.9	1288
snapshot_11_22_2015_6_0.json	1448190000.0	43.08	1098.9	1288
snapshot_11_23_2015_0_0.json	1448254800.0	43.08	1098.9	1288
snapshot_11_23_2015_12_0.json	1448298000.0	43.08	1098.9	1285
snapshot_11_23_2015_18_0.json	1448319600.0	43.08	1098.9	1285
snapshot_11_23_2015_6_0.json	1448276400.0	43.08	1098.9	1285
snapshot_11_23_2015_6_0.json	1448276400.0	43.08	1098.9	1285
snapshot_11_24_2015_0_0.json	1448341200.0	43.08	1098.9	1286
snapshot_11_24_2015_0_0.json	1448341200.0	43.08	1098.9	1286
snapshot_11_24_2015_12_0.json	1448384400.0	35.92	1098.9	1286
snapshot_11_24_2015_12_0.json	1448384400.0	35.92	1098.9	1286
snapshot_11_24_2015_18_0.json	1448406000.0	35.92	1098.9	1286
snapshot_11_24_2015_6_0.json	1448362800.0	35.92	1098.9	1286
snapshot_11_25_2015_0_0.json	1448427600.0	35.92	1098.9	1286
snapshot_11_25_2015_0_0.json	1448427600.0	35.92	1098.9	1286
snapshot_11_25_2015_12_0.json	1448470800.0	35.92	1098.9	1286
snapshot_11_25_2015_6_0.json	1448449200.0	35.92	1098.9	1286
snapshot_11_26_2015_0_0.json	1448514000.0	35.92	1098.9	1283
snapshot_11_26_2015_0_0.json	1448514000.0	35.92	1098.9	1283
snapshot_11_28_2015_0_0.json	1448686800.0	35.92	1098.9	1349
snapshot_11_28_2015_12_0.json	1448730000.0	35.92	1098.9	1353
snapshot_11_28_2015_18_0.json	1448751600.0	35.92	1098.9	1349
snapshot_11_28_2015_18_0.json	1448751600.0	35.92	1098.9	1349
snapshot_11_28_2015_6_0.json	1448708400.0	35.92	1098.9	1339
snapshot_11_29_2015_0_0.json	1448773200.0	35.92	1098.9	1353
snapshot_11_29_2015_0_0.json	1448773200.0	35.92	1098.9	1353
snapshot_11_29_2015_12_0.json	1448816400.0	35.92	1098.9	1349
snapshot_11_29_2015_18_0.json	1448838000.0	35.92	1098.9	1345
snapshot_11_29_2015_6_0.json	1448794800.0	35.92	1098.9	1349
snapshot_11_29_2015_6_0.json	1448794800.0	35.92	1098.9	1349
snapshot_11_30_2015_0_0.json	1448859600.0	35.92	1098.9	1337
snapshot_11_30_2015_0_0.json	1448859600.0	35.92	1098.9	1337
snapshot_11_30_2015_12_0.json	1448902800.0	35.92	1098.9	1331
snapshot_11_30_2015_18_0.json	1448924400.0	35.92	1098.9	1329
snapshot_11_30_2015_6_0.json	1448881200.0	35.92	1098.9	1337
snapshot_11_30_2015_6_0.json	1448881200.0	35.92	1098.9	1337
snapshot_12_1_2015_0_0.json	1448946000.0	35.92	1098.9	1316
snapshot_12_1_2015_12_0.json	1448989200.0	35.92	1098.9	1312
snapshot_12_1_2015_18_0.json	1449010800.0	42.28	1098.9	1308
snapshot_12_1_2015_6_0.json	1448967600.0	35.92	1098.9	1312
snapshot_12_2_2015_0_0.json	1449032400.0	42.28	1098.9	1283
snapshot_12_2_2015_12_9213497	2016-01-02T19:00:00Z	Disney On Ice Frozen	Long Beach Arena - Long Beach Convention Center	California Los Angeles Metro|10	90802
snapshot_11_16_2015_0_0.json	1447650000.0	43.08	1098.9	1302
snapshot_11_17_2015_0_0.json	1447736400.0	43.08	1098.9	1302
snapshot_11_17_2015_0_0.json	1447736400.0	43.08	1098.9	1302
snapshot_11_17_2015_12_0.json	1447779600.0	43.08	1098.9	1299
snapshot_11_17_2015_18_0.json	1447801200.0	43.08	1098.9	1299
snapshot_11_17_2015_18_0.json	1447801200.0	43.08	1098.9	1299
snapshot_11_18_2015_0_0.json	1447822800.0	43.08	1098.9	1299
snapshot_11_18_2015_0_0.json	1447822800.0	43.08	1098.9	1299
snapshot_11_18_2015_12_0.json	1447866000.0	43.08	1098.9	1299
snapshot_11_18_2015_18_0.json	1447887600.0	43.08	1098.9	1299
snapshot_11_18_2015_6_0.json	1447844400.0	43.08	1098.9	1299
snapshot_11_19_2015_6_0.json	1447930800.0	43.08	1098.9	1293
snapshot_11_20_2015_0_0.json	1447995600.0	43.08	1098.9	1273
snapshot_11_20_2015_12_0.json	1448038800.0	43.08	1098.9	1273
snapshot_11_21_2015_12_0.json	1448125200.0	43.08	1098.9	1288
snapshot_11_21_2015_18_0.json	1448146800.0	43.08	1098.9	1288
snapshot_11_22_2015_0_0.json	1448168400.0	43.08	1098.9	1288
snapshot_11_22_2015_12_0.json	1448211600.0	43.08	1098.9	1288
snapshot_11_22_2015_6_0.json	1448190000.0	43.08	1098.9	1288
snapshot_11_22_2015_6_0.json	1448190000.0	43.08	1098.9	1288
snapshot_11_23_2015_0_0.json	1448254800.0	43.08	1098.9	1288
snapshot_11_23_2015_12_0.json	1448298000.0	43.08	1098.9	1285
snapshot_11_23_2015_18_0.json	1448319600.0	43.08	1098.9	1285
snapshot_11_23_2015_6_0.json	1448276400.0	43.08	1098.9	1285
snapshot_11_23_2015_6_0.json	1448276400.0	43.08	1098.9	1285
snapshot_11_24_2015_0_0.json	1448341200.0	43.08	1098.9	1286
snapshot_11_24_2015_0_0.json	1448341200.0	43.08	1098.9	1286
snapshot_11_24_2015_12_0.json	1448384400.0	35.92	1098.9	1286
snapshot_11_24_2015_12_0.json	1448384400.0	35.92	1098.9	1286
snapshot_11_24_2015_18_0.json	1448406000.0	35.92	1098.9	1286
snapshot_11_24_2015_6_0.json	1448362800.0	35.92	1098.9	1286
snapshot_11_25_2015_0_0.json	1448427600.0	35.92	1098.9	1286
snapshot_11_25_2015_0_0.json	1448427600.0	35.92	1098.9	1286
snapshot_11_25_2015_12_0.json	1448470800.0	35.92	1098.9	1286
snapshot_11_25_2015_6_0.json	1448449200.0	35.92	1098.9	1286
snapshot_11_26_2015_0_0.json	1448514000.0	35.92	1098.9	1283
snapshot_11_26_2015_0_0.json	1448514000.0	35.92	1098.9	1283
snapshot_11_28_2015_0_0.json	1448686800.0	35.92	1098.9	1349
snapshot_11_28_2015_12_0.json	1448730000.0	35.92	1098.9	1353
snapshot_11_28_2015_18_0.json	1448751600.0	35.92	1098.9	1349
snapshot_11_28_2015_18_0.json	1448751600.0	35.92	1098.9	1349
snapshot_11_28_2015_6_0.json	1448708400.0	35.92	1098.9	1339
snapshot_11_29_2015_0_0.json	1448773200.0	35.92	1098.9	1353
snapshot_11_29_2015_0_0.json	1448773200.0	35.92	1098.9	1353
snapshot_11_29_2015_12_0.json	1448816400.0	35.92	1098.9	1349
snapshot_11_29_2015_18_0.json	1448838000.0	35.92	1098.9	1345
snapshot_11_29_2015_6_0.json	1448794800.0	35.92	1098.9	1349
snapshot_11_29_2015_6_0.json	1448794800.0	35.92	1098.9	1349
snapshot_11_30_2015_0_0.json	1448859600.0	35.92	1098.9	1337
snapshot_11_30_2015_0_0.json	1448859600.0	35.92	1098.9	1337
snapshot_11_30_2015_12_0.json	1448902800.0	35.92	1098.9	1331
snapshot_11_30_2015_18_0.json	1448924400.0	35.92	1098.9	1329
snapshot_11_30_2015_6_0.json	1448881200.0	35.92	1098.9	1337
snapshot_11_30_2015_6_0.json	1448881200.0	35.92	1098.9	1337
snapshot_12_1_2015_0_0.json	1448946000.0	35.92	1098.9	1316
snapshot_12_1_2015_12_0.json	1448989200.0	35.92	1098.9	1312
snapshot_12_1_2015_18_0.json	1449010800.0	42.28	1098.9	1308
snapshot_12_1_2015_6_0.json	1448967600.0	35.92	1098.9	1312
snapshot_12_2_2015_0_0.json	1449032400.0	42.28	1098.9	1283
snapshot_12_2_2015_12_0.json	1449075600.0	42.28	1098.9	1273
snapshot_12_3_2015_0_0.json	1449118800.0	42.28	281.01	1262
snapshot_12_3_2015_12_0.json	1449162000.0	42.28	281.01	1263
snapshot_12_3_2015_18_0.json	1449183600.0	42.28	281.01	1263
snapshot_12_3_2015_6_0.json	1449140400.0	42.28	281.01	1263
snapshot_12_4_2015_12_0.json	1449248400.0	42.28	340	1258
snapshot_12_4_2015_6_0.json	1449226800.0	42.28	281.01	1260
snapshot_12_4_2015_6_0.json	1449226800.0	42.28	281.01	1260
snapshot_12_5_2015_12_0.json	1449334800.0	42.28	340	1231
snapshot_12_5_2015_18_0.json	1449356400.0	42.28	281.01	1246
snapshot_12_5_2015_6_0.json	1449313200.0	42.28	281.01	1231
9213497	2016-01-02T19:00:00Z	Disney On Ice Frozen	Long Beach Arena - Long Beach Convention Center	California Los Angeles Metro|10	90802
snapshot_11_16_2015_0_0.json	1447650000.0	43.08	1098.9	1302
snapshot_11_17_2015_0_0.json	1447736400.0	43.08	1098.9	1302
snapshot_11_17_2015_0_0.json	1447736400.0	43.08	1098.9	1302
snapshot_11_17_2015_12_0.json	1447779600.0	43.08	1098.9	1299
snapshot_11_17_2015_18_0.json	1447801200.0	43.08	1098.9	1299
snapshot_11_17_2015_18_0.json	1447801200.0	43.08	1098.9	1299
snapshot_11_18_2015_0_0.json	1447822800.0	43.08	1098.9	1299
snapshot_11_18_2015_0_0.json	1447822800.0	43.08	1098.9	1299
snapshot_11_18_2015_12_0.json	1447866000.0	43.08	1098.9	1299
snapshot_11_18_2015_18_0.json	1447887600.0	43.08	1098.9	1299
snapshot_11_18_2015_6_0.json	1447844400.0	43.08	1098.9	1299
snapshot_11_19_2015_6_0.json	1447930800.0	43.08	1098.9	1293
snapshot_11_20_2015_0_0.json	1447995600.0	43.08	1098.9	1273
snapshot_11_20_2015_12_0.json	1448038800.0	43.08	1098.9	1273
snapshot_11_21_2015_12_0.json	1448125200.0	43.08	1098.9	1288
snapshot_11_21_2015_18_0.json	1448146800.0	43.08	1098.9	1288
snapshot_11_22_2015_0_0.json	1448168400.0	43.08	1098.9	1288
snapshot_11_22_2015_12_0.json	1448211600.0	43.08	1098.9	1288
snapshot_11_22_2015_6_0.json	1448190000.0	43.08	1098.9	1288
snapshot_11_22_2015_6_0.json	1448190000.0	43.08	1098.9	1288
snapshot_11_23_2015_0_0.json	1448254800.0	43.08	1098.9	1288
snapshot_11_23_2015_12_0.json	1448298000.0	43.08	1098.9	1285
snapshot_11_23_2015_18_0.json	1448319600.0	43.08	1098.9	1285
snapshot_11_23_2015_6_0.json	1448276400.0	43.08	1098.9	1285
snapshot_11_23_2015_6_0.json	1448276400.0	43.08	1098.9	1285
snapshot_11_24_2015_0_0.json	1448341200.0	43.08	1098.9	1286
snapshot_11_24_2015_0_0.json	1448341200.0	43.08	1098.9	1286
snapshot_11_24_2015_12_0.json	1448384400.0	35.92	1098.9	1286
snapshot_11_24_2015_12_0.json	1448384400.0	35.92	1098.9	1286
snapshot_11_24_2015_18_0.json	1448406000.0	35.92	1098.9	1286
snapshot_11_24_2015_6_0.json	1448362800.0	35.92	1098.9	1286
snapshot_11_25_2015_0_0.json	1448427600.0	35.92	1098.9	1286
snapshot_11_25_2015_0_0.json	1448427600.0	35.92	1098.9	1286
snapshot_11_25_2015_12_0.json	1448470800.0	35.92	1098.9	1286
snapshot_11_25_2015_6_0.json	1448449200.0	35.92	1098.9	1286
snapshot_11_26_2015_0_0.json	1448514000.0	35.92	1098.9	1283
snapshot_11_26_2015_0_0.json	1448514000.0	35.92	1098.9	1283
snapshot_11_28_2015_0_0.json	1448686800.0	35.92	1098.9	1349
snapshot_11_28_2015_12_0.json	1448730000.0	35.92	1098.9	1353
snapshot_11_28_2015_18_0.json	1448751600.0	35.92	1098.9	1349
snapshot_11_28_2015_18_0.json	1448751600.0	35.92	1098.9	1349
snapshot_11_28_2015_6_0.json	1448708400.0	35.92	1098.9	1339
snapshot_11_29_2015_0_0.json	1448773200.0	35.92	1098.9	1353
snapshot_11_29_2015_0_0.json	1448773200.0	35.92	1098.9	1353
snapshot_11_29_2015_12_0.json	1448816400.0	35.92	1098.9	1349
snapshot_11_29_2015_18_0.json	1448838000.0	35.92	1098.9	1345
snapshot_11_29_2015_6_0.json	1448794800.0	35.92	1098.9	1349
snapshot_11_29_2015_6_0.json	1448794800.0	35.92	1098.9	1349
snapshot_11_30_2015_0_0.json	1448859600.0	35.92	1098.9	1337
snapshot_11_30_2015_0_0.json	1448859600.0	35.92	1098.9	1337
snapshot_11_30_2015_12_0.json	1448902800.0	35.92	1098.9	1331
snapshot_11_30_2015_18_0.json	1448924400.0	35.92	1098.9	1329
snapshot_11_30_2015_6_0.json	1448881200.0	35.92	1098.9	1337
snapshot_11_30_2015_6_0.json	1448881200.0	35.92	1098.9	1337
snapshot_12_1_2015_0_0.json	1448946000.0	35.92	1098.9	1316
snapshot_12_1_2015_12_0.json	1448989200.0	35.92	1098.9	1312
snapshot_12_1_2015_18_0.json	1449010800.0	42.28	1098.9	1308
snapshot_12_1_2015_6_0.json	1448967600.0	35.92	1098.9	1312
snapshot_12_2_2015_0_0.json	1449032400.0	42.28	1098.9	1283
snapshot_12_2_2015_12_
