9213490	2015-12-31T03:00:00Z	Disney On Ice Frozen	Long Beach Arena - Long Beach Convention Center	California Los Angeles Metro|10	90802
snapshot_11_17_2015_0_0.json	1447736400.0	45.33	413	589
snapshot_11_17_2015_12_0.json	1447779600.0	45.33	448	589
snapshot_11_17_2015_18_0.json	1447801200.0	45.33	413	592
snapshot_11_17_2015_6_0.json	1447758000.0	45.33	413	589
snapshot_11_18_2015_0_0.json	1447822800.0	45.33	413	598
snapshot_11_18_2015_12_0.json	1447866000.0	45.33	456	590
snapshot_11_18_2015_18_0.json	1447887600.0	45.33	452	592
snapshot_11_18_2015_6_0.json	1447844400.0	45.33	413	594
snapshot_11_18_2015_6_0.json	1447844400.0	45.33	413	594
snapshot_11_19_2015_0_0.json	1447909200.0	51.11	452	578
snapshot_11_19_2015_12_0.json	1447952400.0	51.11	456	575
snapshot_11_19_2015_6_0.json	1447930800.0	51.11	413	575
snapshot_11_20_2015_0_0.json	1447995600.0	51.11	413	597
snapshot_11_20_2015_12_0.json	1448038800.0	51.11	456	600
snapshot_11_21_2015_12_0.json	1448125200.0	51.11	456	593
snapshot_11_21_2015_18_0.json	1448146800.0	51.11	413	593
snapshot_11_22_2015_0_0.json	1448168400.0	51.11	413	596
snapshot_11_22_2015_12_0.json	1448211600.0	51.11	520	592
snapshot_11_22_2015_18_0.json	1448233200.0	51.11	413	585
snapshot_11_22_2015_6_0.json	1448190000.0	51.11	413	592
snapshot_11_23_2015_0_0.json	1448254800.0	51.11	413	585
snapshot_11_23_2015_12_0.json	1448298000.0	51.11	520	583
snapshot_11_23_2015_18_0.json	1448319600.0	51.11	520	583
snapshot_11_23_2015_6_0.json	1448276400.0	51.11	413	583
snapshot_11_24_2015_0_0.json	1448341200.0	51.11	413	586
snapshot_11_24_2015_12_0.json	1448384400.0	47.85	520	588
snapshot_11_24_2015_18_0.json	1448406000.0	47.85	413	579
snapshot_11_25_2015_0_0.json	1448427600.0	47.85	413	583
snapshot_11_25_2015_12_0.json	1448470800.0	47.85	520	592
snapshot_11_25_2015_18_0.json	1448492400.0	47.85	413	584
snapshot_11_25_2015_18_0.json	1448492400.0	47.85	413	584
snapshot_11_25_2015_6_0.json	1448449200.0	47.85	413	587
snapshot_11_26_2015_0_0.json	1448514000.0	47.85	236	585
snapshot_11_27_2015_18_0.json	1448665200.0	47.85	240	591
snapshot_11_28_2015_12_0.json	1448730000.0	47.85	520	595
snapshot_11_28_2015_18_0.json	1448751600.0	47.85	171.5	587
snapshot_11_28_2015_18_0.json	1448751600.0	47.85	171.5	587
snapshot_11_28_2015_6_0.json	1448708400.0	47.85	171.5	587
snapshot_11_28_2015_6_0.json	1448708400.0	47.85	171.5	587
snapshot_11_29_2015_0_0.json	1448773200.0	47.85	236	589
snapshot_11_29_2015_0_0.json	1448773200.0	47.85	236	589
snapshot_11_29_2015_12_0.json	1448816400.0	47.85	520	585
snapshot_11_29_2015_18_0.json	1448838000.0	47.85	171.5	585
snapshot_11_29_2015_6_0.json	1448794800.0	47.85	171.5	585
snapshot_11_30_2015_0_0.json	1448859600.0	47.85	171.5	585
snapshot_11_30_2015_0_0.json	1448859600.0	47.85	171.5	585
snapshot_11_30_2015_12_0.json	1448902800.0	47.85	520	589
snapshot_11_30_2015_18_0.json	1448924400.0	47.85	520	581
snapshot_11_30_2015_6_0.json	1448881200.0	47.85	171.5	579
snapshot_12_1_2015_0_0.json	1448946000.0	47.85	244	581
snapshot_12_1_2015_0_0.json	1448946000.0	47.85	244	581
snapshot_12_1_2015_12_0.json	1448989200.0	47.85	520	572
snapshot_12_1_2015_18_0.json	1449010800.0	39.65	240	572
snapshot_12_1_2015_6_0.json	1448967600.0	47.85	171.5	572
snapshot_12_2_2015_0_0.json	1449032400.0	39.65	244	571
snapshot_12_2_2015_12_0.json	1449075600.0	39.65	520	571
snapshot_12_2_2015_18_0.json	1449097200.0	39.65	141.43	567
snapshot_12_2_2015_6_0.json	1449054000.0	39.65	240	575
snapshot_12_3_2015_0_0.json	1449118800.0	39.65	141.43	563
snapshot_12_3_2015_12_0.json	1449162000.0	39.65	141.43	521
snapshot_12_3_2015_18_0.json	1449183600.0	39.65	141.43	561
snapshot_12_3_2015_6_0.json	1449140400.0	39.65	520	565
snapshot_12_4_2015_12_0.json	1449248400.0	39.65	520	567
snapshot_12_4_2015_18_0.json	1449270000.0	39.65	512	563
snapshot_12_4_2015_18_0.json	1449270000.0	39.65	512	563
snapshot_12_4_2015_6_0.json	1449226800.0	39.65	141.43	563
snapshot_12_5_2015_0_0.json	1449291600.0	39.65	512	562
snapshot_12_5_2015_12_0.json	1449334800.0	39.65	520	563
snapshot_12_5_2015_18_0.json	1449356400.0	39.65	141.43	559
snapshot_12_5_2015_6_0.json	1449313200.0	39.65	244	567
9213490	2015-12-31T03:00:00Z	Disney On Ice Frozen	Long Beach Arena - Long Beach Convention Center	California Los Angeles Metro|10	90802
snapshot_11_17_2015_0_0.json	1447736400.0	45.33	413	589
snapshot_11_17_2015_12_0.json	1447779600.0	45.33	448	589
snapshot_11_17_2015_18_0.json	1447801200.0	45.33	413	592
snapshot_11_17_2015_6_0.json	1447758000.0	45.33	413	589
snapshot_11_18_2015_0_0.json	1447822800.0	45.33	413	598
snapshot_11_18_2015_12_0.json	1447866000.0	45.33	456	590
snapshot_11_18_2015_18_0.json	1447887600.0	45.33	452	592
snapshot_11_18_2015_6_0.json	1447844400.0	45.33	413	594
snapshot_11_18_2015_6_0.json	1447844400.0	45.33	413	594
snapshot_11_19_2015_0_0.json	1447909200.0	51.11	452	578
snapshot_11_19_2015_12_0.json	1447952400.0	51.11	456	575
snapshot_11_19_2015_6_0.json	1447930800.0	51.11	413	575
snapshot_11_20_2015_0_0.json	1447995600.0	51.11	413	597
snapshot_11_20_2015_12_0.json	1448038800.0	51.11	456	600
snapshot_11_21_2015_12_0.json	1448125200.0	51.11	456	593
snapshot_11_21_2015_18_0.json	1448146800.0	51.11	413	593
snapshot_11_22_2015_0_0.json	1448168400.0	51.11	413	596
snapshot_11_22_2015_12_0.json	1448211600.0	51.11	520	592
snapshot_11_22_2015_18_0.json	1448233200.0	51.11	413	585
snapshot_11_22_2015_6_0.json	1448190000.0	51.11	413	592
snapshot_11_23_2015_0_0.json	1448254800.0	51.11	413	585
snapshot_11_23_2015_12_0.json	1448298000.0	51.11	520	583
snapshot_11_23_2015_18_0.json	1448319600.0	51.11	520	583
snapshot_11_23_2015_6_0.json	1448276400.0	51.11	413	583
snapshot_11_24_2015_0_0.json	1448341200.0	51.11	413	586
snapshot_11_24_2015_12_0.json	1448384400.0	47.85	520	588
snapshot_11_24_2015_18_0.json	1448406000.0	47.85	413	579
snapshot_11_25_2015_0_0.json	1448427600.0	47.85	413	583
snapshot_11_25_2015_12_0.json	1448470800.0	47.85	520	592
snapshot_11_25_2015_18_0.json	1448492400.0	47.85	413	584
snapshot_11_25_2015_18_0.json	1448492400.0	47.85	413	584
snapshot_11_25_2015_6_0.json	1448449200.0	47.85	413	587
snapshot_11_26_2015_0_0.json	1448514000.0	47.85	236	585
snapshot_11_27_2015_18_0.json	1448665200.0	47.85	240	591
snapshot_11_28_2015_12_0.json	1448730000.0	47.85	520	595
snapshot_11_28_2015_18_0.json	1448751600.0	47.85	171.5	587
snapshot_11_28_2015_18_0.json	1448751600.0	47.85	171.5	587
snapshot_11_28_2015_6_0.json	1448708400.0	47.85	171.5	587
snapshot_11_28_2015_6_0.json	1448708400.0	47.85	171.5	587
snapshot_11_29_2015_0_0.json	1448773200.0	47.85	236	589
snapshot_11_29_2015_0_0.json	1448773200.0	47.85	236	589
snapshot_11_29_2015_12_0.json	1448816400.0	47.85	520	585
snapshot_11_29_2015_18_0.json	1448838000.0	47.85	171.5	585
snapshot_11_29_2015_6_0.json	1448794800.0	47.85	171.5	585
snapshot_11_30_2015_0_0.json	1448859600.0	47.85	171.5	585
snapshot_11_30_2015_0_0.json	1448859600.0	47.85	171.5	585
snapshot_11_30_2015_12_0.json	1448902800.0	47.85	520	589
snapshot_11_30_2015_18_0.json	1448924400.0	47.85	520	581
snapshot_11_30_2015_6_0.json	1448881200.0	47.85	171.5	579
snapshot_12_1_2015_0_0.json	1448946000.0	47.85	244	581
snapshot_12_1_2015_0_0.json	1448946000.0	47.85	244	581
snapshot_12_1_2015_12_0.json	1448989200.0	47.85	520	572
snapshot_12_1_2015_18_0.json	1449010800.0	39.65	240	572
snapshot_12_1_2015_6_0.json	1448967600.0	47.85	171.5	572
snapshot_12_2_2015_0_0.json	1449032400.0	39.65	244	571
snapshot_12_2_2015_12_0.json	1449075600.0	39.65	520	571
snapshot_12_2_2015_18_0.json	1449097200.0	39.65	141.43	567
snapshot_12_2_2015_6_0.json	1449054000.0	39.65	240	575
snapshot_12_3_2015_0_0.json	1449118800.0	39.65	141.43	563
snapshot_12_3_2015_12_0.json	1449162000.0	39.65	141.43	521
snapshot_12_3_2015_18_0.json	1449183600.0	39.65	141.43	561
snapshot_12_3_2015_6_0.json	1449140400.0	39.65	520	565
snapshot_12_4_2015_12_0.json	1449248400.0	39.65	520	567
snapshot_12_4_2015_18_0.json	1449270000.0	39.65	512	563
snapshot_12_4_2015_18_0.json	1449270000.0	39.65	512	563
snapshot_12_4_2015_6_0.json	1449226800.0	39.65	141.43	563
snapshot_12_5_2015_0_0.json	1449291600.0	39.65	512	562
snaps9213490	2015-12-31T03:00:00Z	Disney On Ice Frozen	Long Beach Arena - Long Beach Convention Center	California Los Angeles Metro|10	90802
snapshot_11_17_2015_0_0.json	1447736400.0	45.33	413	589
snapshot_11_17_2015_12_0.json	1447779600.0	45.33	448	589
snapshot_11_17_2015_18_0.json	1447801200.0	45.33	413	592
snapshot_11_17_2015_6_0.json	1447758000.0	45.33	413	589
snapshot_11_18_2015_0_0.json	1447822800.0	45.33	413	598
snapshot_11_18_2015_12_0.json	1447866000.0	45.33	456	590
snapshot_11_18_2015_18_0.json	1447887600.0	45.33	452	592
snapshot_11_18_2015_6_0.json	1447844400.0	45.33	413	594
snapshot_11_18_2015_6_0.json	1447844400.0	45.33	413	594
snapshot_11_19_2015_0_0.json	1447909200.0	51.11	452	578
snapshot_11_19_2015_12_0.json	1447952400.0	51.11	456	575
snapshot_11_19_2015_6_0.json	1447930800.0	51.11	413	575
snapshot_11_20_2015_0_0.json	1447995600.0	51.11	413	597
snapshot_11_20_2015_12_0.json	1448038800.0	51.11	456	600
snapshot_11_21_2015_12_0.json	1448125200.0	51.11	456	593
snapshot_11_21_2015_18_0.json	1448146800.0	51.11	413	593
snapshot_11_22_2015_0_0.json	1448168400.0	51.11	413	596
snapshot_11_22_2015_12_0.json	1448211600.0	51.11	520	592
snapshot_11_22_2015_18_0.json	1448233200.0	51.11	413	585
snapshot_11_22_2015_6_0.json	1448190000.0	51.11	413	592
snapshot_11_23_2015_0_0.json	1448254800.0	51.11	413	585
snapshot_11_23_2015_12_0.json	1448298000.0	51.11	520	583
snapshot_11_23_2015_18_0.json	1448319600.0	51.11	520	583
snapshot_11_23_2015_6_0.json	1448276400.0	51.11	413	583
snapshot_11_24_2015_0_0.json	1448341200.0	51.11	413	586
snapshot_11_24_2015_12_0.json	1448384400.0	47.85	520	588
snapshot_11_24_2015_18_0.json	1448406000.0	47.85	413	579
snapshot_11_25_2015_0_0.json	1448427600.0	47.85	413	583
snapshot_11_25_2015_12_0.json	1448470800.0	47.85	520	592
snapshot_11_25_2015_18_0.json	1448492400.0	47.85	413	584
snapshot_11_25_2015_18_0.json	1448492400.0	47.85	413	584
snapshot_11_25_2015_6_0.json	1448449200.0	47.85	413	587
snapshot_11_26_2015_0_0.json	1448514000.0	47.85	236	585
snapshot_11_27_2015_18_0.json	1448665200.0	47.85	240	591
snapshot_11_28_2015_12_0.json	1448730000.0	47.85	520	595
snapshot_11_28_2015_18_0.json	1448751600.0	47.85	171.5	587
snapshot_11_28_2015_18_0.json	1448751600.0	47.85	171.5	587
snapshot_11_28_2015_6_0.json	1448708400.0	47.85	171.5	587
snapshot_11_28_2015_6_0.json	1448708400.0	47.85	171.5	587
snapshot_11_29_2015_0_0.json	1448773200.0	47.85	236	589
snapshot_11_29_2015_0_0.json	1448773200.0	47.85	236	589
snapshot_11_29_2015_12_0.json	1448816400.0	47.85	520	585
snapshot_11_29_2015_18_0.json	1448838000.0	47.85	171.5	585
snapshot_11_29_2015_6_0.json	1448794800.0	47.85	171.5	585
snapshot_11_30_2015_0_0.json	1448859600.0	47.85	171.5	585
snapshot_11_30_2015_0_0.json	1448859600.0	47.85	171.5	585
snapshot_11_30_2015_12_0.json	1448902800.0	47.85	520	589
snapshot_11_30_2015_18_0.json	1448924400.0	47.85	520	581
snapshot_11_30_2015_6_0.json	1448881200.0	47.85	171.5	579
snapshot_12_1_2015_0_0.json	1448946000.0	47.85	244	581
snapshot_12_1_2015_0_0.json	1448946000.0	47.85	244	581
snapshot_12_1_2015_12_0.json	1448989200.0	47.85	520	572
snapshot_12_1_2015_18_0.json	1449010800.0	39.65	240	572
snapshot_12_1_2015_6_0.json	1448967600.0	47.85	171.5	572
snapshot_12_2_2015_0_0.json	1449032400.0	39.65	244	571
snapshot_12_2_2015_12_0.json	1449075600.0	39.65	520	571
snapshot_12_2_2015_18_0.json	1449097200.0	39.65	141.43	567
snapshot_12_2_2015_6_0.json	1449054000.0	39.65	240	575
snapshot_12_3_2015_0_0.json	1449118800.0	39.65	141.43	563
snapshot_12_3_2015_12_0.json	1449162000.0	39.65	141.43	521
snapshot_12_3_2015_18_0.json	1449183600.0	39.65	141.43	561
snapshot_12_3_2015_6_0.json	1449140400.0	39.65	520	565
snapshot_12_4_2015_12_0.json	1449248400.0	39.65	520	567
snapshot_12_4_2015_18_0.json	1449270000.0	39.65	512	563
snapshot_12_4_2015_18_0.json	1449270000.0	39.65	512	563
snapshot_12_4_2015_6_0.json	1449226800.0	39.65	141.43	563
snapshot_12_5_2015_0_0.json	1449291600.0	39.65	512	562
snapshot_12_5_2015_12_0.json	1449334800.0	39.65	520	563
snapshot_12_5_2015_18_0.json	1449356400.0	39.65	141.43	559
snapshot_12_5_2015_6_0.json	1449313200.0	39.65	244	567
9213490	2015-12-31T03:00:00Z	Disney On Ice Frozen	Long Beach Arena - Long Beach Convention Center	California Los Angeles Metro|10	90802
snapshot_11_17_2015_0_0.json	1447736400.0	45.33	413	589
snapshot_11_17_2015_12_0.json	1447779600.0	45.33	448	589
snapshot_11_17_2015_18_0.json	1447801200.0	45.33	413	592
snapshot_11_17_2015_6_0.json	1447758000.0	45.33	413	589
snapshot_11_18_2015_0_0.json	1447822800.0	45.33	413	598
snapshot_11_18_2015_12_0.json	1447866000.0	45.33	456	590
snapshot_11_18_2015_18_0.json	1447887600.0	45.33	452	592
snapshot_11_18_2015_6_0.json	1447844400.0	45.33	413	594
snapshot_11_18_2015_6_0.json	1447844400.0	45.33	413	594
snapshot_11_19_2015_0_0.json	1447909200.0	51.11	452	578
snapshot_11_19_2015_12_0.json	1447952400.0	51.11	456	575
snapshot_11_19_2015_6_0.json	1447930800.0	51.11	413	575
snapshot_11_20_2015_0_0.json	1447995600.0	51.11	413	597
snapshot_11_20_2015_12_0.json	1448038800.0	51.11	456	600
snapshot_11_21_2015_12_0.json	1448125200.0	51.11	456	593
snapshot_11_21_2015_18_0.json	1448146800.0	51.11	413	593
snapshot_11_22_2015_0_0.json	1448168400.0	51.11	413	596
snapshot_11_22_2015_12_0.json	1448211600.0	51.11	520	592
snapshot_11_22_2015_18_0.json	1448233200.0	51.11	413	585
snapshot_11_22_2015_6_0.json	1448190000.0	51.11	413	592
snapshot_11_23_2015_0_0.json	1448254800.0	51.11	413	585
snapshot_11_23_2015_12_0.json	1448298000.0	51.11	520	583
snapshot_11_23_2015_18_0.json	1448319600.0	51.11	520	583
snapshot_11_23_2015_6_0.json	1448276400.0	51.11	413	583
snapshot_11_24_2015_0_0.json	1448341200.0	51.11	413	586
snapshot_11_24_2015_12_0.json	1448384400.0	47.85	520	588
snapshot_11_24_2015_18_0.json	1448406000.0	47.85	413	579
snapshot_11_25_2015_0_0.json	1448427600.0	47.85	413	583
snapshot_11_25_2015_12_0.json	1448470800.0	47.85	520	592
snapshot_11_25_2015_18_0.json	1448492400.0	47.85	413	584
snapshot_11_25_2015_18_0.json	1448492400.0	47.85	413	584
snapshot_11_25_2015_6_0.json	1448449200.0	47.85	413	587
snapshot_11_26_2015_0_0.json	1448514000.0	47.85	236	585
snapshot_11_27_2015_18_0.json	1448665200.0	47.85	240	591
snapshot_11_28_2015_12_0.json	1448730000.0	47.85	520	595
snapshot_11_28_2015_18_0.json	1448751600.0	47.85	171.5	587
snapshot_11_28_2015_18_0.json	1448751600.0	47.85	171.5	587
snapshot_11_28_2015_6_0.json	1448708400.0	47.85	171.5	587
snapshot_11_28_2015_6_0.json	1448708400.0	47.85	171.5	587
snapshot_11_29_2015_0_0.json	1448773200.0	47.85	236	589
snapshot_11_29_2015_0_0.json	1448773200.0	47.85	236	589
snapshot_11_29_2015_12_0.json	1448816400.0	47.85	520	585
snapshot_11_29_2015_18_0.json	1448838000.0	47.85	171.5	585
snapshot_11_29_2015_6_0.json	1448794800.0	47.85	171.5	585
snapshot_11_30_2015_0_0.json	1448859600.0	47.85	171.5	585
snapshot_11_30_2015_0_0.json	1448859600.0	47.85	171.5	585
snapshot_11_30_2015_12_0.json	1448902800.0	47.85	520	589
snapshot_11_30_2015_18_0.json	1448924400.0	47.85	520	581
snapshot_11_30_2015_6_0.json	1448881200.0	47.85	171.5	579
snapshot_12_1_2015_0_0.json	1448946000.0	47.85	244	581
snapshot_12_1_2015_0_0.json	1448946000.0	47.85	244	581
snapshot_12_1_2015_12_0.json	1448989200.0	47.85	520	572
snapshot_12_1_2015_18_0.json	1449010800.0	39.65	240	572
snapshot_12_1_2015_6_0.json	1448967600.0	47.85	171.5	572
snapshot_12_2_2015_0_0.json	1449032400.0	39.65	244	571
snapshot_12_2_2015_12_0.json	1449075600.0	39.65	520	571
snapshot_12_2_2015_18_0.json	1449097200.0	39.65	141.43	567
snapshot_12_2_2015_6_0.json	1449054000.0	39.65	240	575
snapshot_12_3_2015_0_0.json	1449118800.0	39.65	141.43	563
snapshot_12_3_2015_12_0.json	1449162000.0	39.65	141.43	521
snapshot_12_3_2015_18_0.json	1449183600.0	39.65	141.43	561
snapshot_12_3_2015_6_0.json	1449140400.0	39.65	520	565
snapshot_12_4_2015_12_0.json	1449248400.0	39.65	520	567
snapshot_12_4_2015_18_0.json	1449270000.0	39.65	512	563
snapshot_12_4_2015_18_0.json	1449270000.0	39.65	512	563
snapshot_12_4_2015_6_0.json	1449226800.0	39.65	141.43	563
snapshot_12_5_2015_0_0.json	1449291600.0	39.65	512	562
snaps
