9213496	2016-01-02T23:00:00Z	Disney On Ice Frozen	Long Beach Arena - Long Beach Convention Center	California Los Angeles Metro|10	90802
snapshot_11_16_2015_0_0.json	1447650000.0	39.94	500	1236
snapshot_11_17_2015_12_0.json	1447779600.0	42.28	500	1236
snapshot_11_17_2015_12_0.json	1447779600.0	42.28	500	1236
snapshot_11_17_2015_18_0.json	1447801200.0	39.94	500	1232
snapshot_11_18_2015_12_0.json	1447866000.0	42.28	500	1220
snapshot_11_18_2015_18_0.json	1447887600.0	39.94	500	1220
snapshot_11_18_2015_18_0.json	1447887600.0	39.94	500	1220
snapshot_11_18_2015_6_0.json	1447844400.0	42.28	500	1220
snapshot_11_18_2015_6_0.json	1447844400.0	42.28	500	1220
snapshot_11_19_2015_0_0.json	1447909200.0	39.94	500	1213
snapshot_11_19_2015_6_0.json	1447930800.0	42.28	500	1206
snapshot_11_21_2015_18_0.json	1448146800.0	39.94	500	1159
snapshot_11_22_2015_0_0.json	1448168400.0	39.94	500	1159
snapshot_11_22_2015_12_0.json	1448211600.0	42.28	500	1159
snapshot_11_22_2015_18_0.json	1448233200.0	39.94	500	1159
snapshot_11_22_2015_6_0.json	1448190000.0	42.28	500	1159
snapshot_11_22_2015_6_0.json	1448190000.0	42.28	500	1159
snapshot_11_23_2015_0_0.json	1448254800.0	39.94	500	1142
snapshot_11_23_2015_0_0.json	1448254800.0	39.94	500	1142
snapshot_11_23_2015_12_0.json	1448298000.0	42.28	500	1142
snapshot_11_24_2015_0_0.json	1448341200.0	39.94	500	1132
snapshot_11_24_2015_18_0.json	1448406000.0	39.94	500	1129
snapshot_11_25_2015_18_0.json	1448492400.0	39.94	500	1148
snapshot_11_25_2015_6_0.json	1448449200.0	41.88	500	1129
snapshot_11_26_2015_0_0.json	1448514000.0	39.94	500	1145
snapshot_11_27_2015_18_0.json	1448665200.0	39.94	181.84	1199
snapshot_11_28_2015_0_0.json	1448686800.0	39.94	181.84	1201
snapshot_11_28_2015_12_0.json	1448730000.0	41.88	632	1199
snapshot_11_28_2015_6_0.json	1448708400.0	41.88	181.84	1199
snapshot_11_28_2015_6_0.json	1448708400.0	41.88	181.84	1199
snapshot_11_29_2015_0_0.json	1448773200.0	39.94	181.84	1191
snapshot_11_29_2015_0_0.json	1448773200.0	39.94	181.84	1191
snapshot_11_29_2015_12_0.json	1448816400.0	41.88	632	1191
snapshot_11_29_2015_18_0.json	1448838000.0	39.94	181.84	1191
snapshot_11_29_2015_6_0.json	1448794800.0	41.88	181.84	1189
snapshot_11_30_2015_0_0.json	1448859600.0	39.94	181.84	1192
snapshot_11_30_2015_12_0.json	1448902800.0	41.88	400	1186
snapshot_11_30_2015_18_0.json	1448924400.0	39.94	181.84	1186
snapshot_11_30_2015_6_0.json	1448881200.0	41.88	220	1186
snapshot_12_1_2015_0_0.json	1448946000.0	39.94	396	1184
snapshot_12_1_2015_0_0.json	1448946000.0	39.94	396	1184
snapshot_12_1_2015_12_0.json	1448989200.0	41.88	400	1167
snapshot_12_1_2015_18_0.json	1449010800.0	39.94	220	1167
snapshot_12_1_2015_6_0.json	1448967600.0	41.88	181.84	1176
snapshot_12_2_2015_0_0.json	1449032400.0	39.94	392	1167
snapshot_12_2_2015_12_0.json	1449075600.0	41.88	400	1157
snapshot_12_2_2015_18_0.json	1449097200.0	39.94	181.84	1154
snapshot_12_2_2015_6_0.json	1449054000.0	41.88	181.84	1157
snapshot_12_3_2015_12_0.json	1449162000.0	41.88	181.84	1140
snapshot_12_3_2015_18_0.json	1449183600.0	41.88	392	1150
snapshot_12_3_2015_6_0.json	1449140400.0	41.88	400	1162
snapshot_12_4_2015_0_0.json	1449205200.0	41.88	181.84	1139
snapshot_12_4_2015_12_0.json	1449248400.0	41.88	400	1135
snapshot_12_4_2015_18_0.json	1449270000.0	41.88	181.84	1127
snapshot_12_4_2015_6_0.json	1449226800.0	41.88	181.84	1132
snapshot_12_5_2015_0_0.json	1449291600.0	41.88	392	1127
snapshot_12_5_2015_12_0.json	1449334800.0	41.88	400	1116
snapshot_12_5_2015_18_0.json	1449356400.0	41.88	181.84	1140
snapshot_12_5_2015_6_0.json	1449313200.0	41.88	181.84	1113
9213496	2016-01-02T23:00:00Z	Disney On Ice Frozen	Long Beach Arena - Long Beach Convention Center	California Los Angeles Metro|10	90802
snapshot_11_16_2015_0_0.json	1447650000.0	39.94	500	1236
snapshot_11_17_2015_12_0.json	1447779600.0	42.28	500	1236
snapshot_11_17_2015_12_0.json	1447779600.0	42.28	500	1236
snapshot_11_17_2015_18_0.json	1447801200.0	39.94	500	1232
snapshot_11_18_2015_12_0.json	1447866000.0	42.28	500	1220
snapshot_11_18_2015_18_0.json	1447887600.0	39.94	500	1220
snapshot_11_18_2015_18_0.json	1447887600.0	39.94	500	1220
snapshot_11_18_2015_6_0.json	1447844400.0	42.28	500	1220
snapshot_11_18_2015_6_0.json	1447844400.0	42.28	500	1220
snapshot_11_19_2015_0_0.json	1447909200.0	39.94	500	1213
snapshot_11_19_2015_6_0.json	1447930800.0	42.28	500	1206
snapshot_11_21_2015_18_0.json	1448146800.0	39.94	500	1159
snapshot_11_22_2015_0_0.json	1448168400.0	39.94	500	1159
snapshot_11_22_2015_12_0.json	1448211600.0	42.28	500	1159
snapshot_11_22_2015_18_0.json	1448233200.0	39.94	500	1159
snapshot_11_22_2015_6_0.json	1448190000.0	42.28	500	1159
snapshot_11_22_2015_6_0.json	1448190000.0	42.28	500	1159
snapshot_11_23_2015_0_0.json	1448254800.0	39.94	500	1142
snapshot_11_23_2015_0_0.json	1448254800.0	39.94	500	1142
snapshot_11_23_2015_12_0.json	1448298000.0	42.28	500	1142
snapshot_11_24_2015_0_0.json	1448341200.0	39.94	500	1132
snapshot_11_24_2015_18_0.json	1448406000.0	39.94	500	1129
snapshot_11_25_2015_18_0.json	1448492400.0	39.94	500	1148
snapshot_11_25_2015_6_0.json	1448449200.0	41.88	500	1129
snapshot_11_26_2015_0_0.json	1448514000.0	39.94	500	1145
snapshot_11_27_2015_18_0.json	1448665200.0	39.94	181.84	1199
snapshot_11_28_2015_0_0.json	1448686800.0	39.94	181.84	1201
snapshot_11_28_2015_12_0.json	1448730000.0	41.88	632	1199
snapshot_11_28_2015_6_0.json	1448708400.0	41.88	181.84	1199
snapshot_11_28_2015_6_0.json	1448708400.0	41.88	181.84	1199
snapshot_11_29_2015_0_0.json	1448773200.0	39.94	181.84	1191
snapshot_11_29_2015_0_0.json	1448773200.0	39.94	181.84	1191
snapshot_11_29_2015_12_0.json	1448816400.0	41.88	632	1191
snapshot_11_29_2015_18_0.json	1448838000.0	39.94	181.84	1191
snapshot_11_29_2015_6_0.json	1448794800.0	41.88	181.84	1189
snapshot_11_30_2015_0_0.json	1448859600.0	39.94	181.84	1192
snapshot_11_30_2015_12_0.json	1448902800.0	41.88	400	1186
snapshot_11_30_2015_18_0.json	1448924400.0	39.94	181.84	1186
snapshot_11_30_2015_6_0.json	1448881200.0	41.88	220	1186
snapshot_12_1_2015_0_0.json	1448946000.0	39.94	396	1184
snapshot_12_1_2015_0_0.json	1448946000.0	39.94	396	1184
snapshot_12_1_2015_12_0.json	1448989200.0	41.88	400	1167
snapshot_12_1_2015_18_0.json	1449010800.0	39.94	220	1167
snapshot_12_1_2015_6_0.json	1448967600.0	41.88	181.84	1176
snapshot_12_2_2015_0_0.json	1449032400.0	39.94	392	1167
snapshot_12_2_2015_12_0.json	1449075600.0	41.88	400	1157
snapshot_12_2_2015_18_0.json	1449097200.0	39.94	181.84	1154
snapshot_12_2_2015_6_0.json	1449054000.0	41.88	181.84	1157
snapshot_12_3_2015_12_0.json	1449162000.0	41.88	181.84	1140
snapshot_12_3_2015_18_0.json	1449183600.0	41.88	392	1150
snapshot_12_3_2015_6_0.json	1449140400.0	41.88	400	1162
snapshot_12_4_2015_0_0.json	1449205200.0	41.88	181.84	1139
snapshot_12_4_2015_12_0.json	1449248400.0	41.88	400	1135
snapshot_12_4_2015_18_0.json	1449270000.0	41.88	181.84	1127
snapshot_12_4_2015_6_0.json	1449226800.0	41.88	181.84	1132
snapshot_12_5_2015_0_0.json	1449291600.0	41.88	392	1127
snapshot_12_5_2015_12_0.json	1449334800.0	41.88	400	1116
snapshot_12_5_2015_18_0.json	1449356400.0	41.88	181.84	1140
snapshot_12_5_2015_6_0.json	1449313200.0	41.88	181.84	1113
9213496	2016-01-02T23:00:00Z	Disney On Ice Frozen	Long Beach Arena - Long Beach Convention Center	California Los Angeles Metro|10	90802
snapshot_11_16_2015_0_0.json	1447650000.0	39.94	500	1236
snapshot_11_17_2015_12_0.json	1447779600.0	42.28	500	1236
snapshot_11_17_2015_12_0.json	1447779600.0	42.28	500	1236
snapshot_11_17_2015_18_0.json	1447801200.0	39.94	500	1232
snapshot_11_18_2015_12_0.json	1447866000.0	42.28	500	1220
snapshot_11_18_2015_18_0.json	1447887600.0	39.94	500	1220
snapshot_11_18_2015_18_0.json	1447887600.0	39.94	500	1220
snapshot_11_18_2015_6_0.json	1447844400.0	42.28	500	1220
snapshot_11_18_2015_6_0.json	1447844400.0	42.28	500	1220
snapshot_11_19_2015_0_0.json	1447909200.0	39.94	500	1213
snapshot_11_19_2015_6_0.json	1447930800.0	42.28	500	1206
snapshot_11_21_2015_18_0.json	1448146800.0	39.94	500	1159
snapshot_11_22_2015_0_0.json	1448168400.0	39.94	500	1159
snapshot_11_22_2015_12_0.json	1448211600.0	42.28	500	1159
snapshot_11_22_2015_18_0.json	1448233200.0	39.94	500	1159
snapshot_11_22_2015_6_0.json	1448190000.0	42.28	500	1159
snapshot_11_22_2015_6_0.json	1448190000.0	42.28	500	1159
snapshot_11_23_2015_0_0.json	1448254800.0	39.94	500	1142
snapshot_11_23_2015_0_0.json	1448254800.0	39.94	500	1142
snapshot_11_23_2015_12_0.json	1448298000.0	42.28	500	1142
snapshot_11_24_2015_0_0.json	1448341200.0	39.94	500	1132
snapshot_11_24_2015_18_0.json	1448406000.0	39.94	500	1129
snapshot_11_25_2015_18_0.json	1448492400.0	39.94	500	1148
snapshot_11_25_2015_6_0.json	1448449200.0	41.88	500	1129
snapshot_11_26_2015_0_0.json	1448514000.0	39.94	500	1145
snapshot_11_27_2015_18_0.json	1448665200.0	39.94	181.84	1199
snapshot_11_28_2015_0_0.json	1448686800.0	39.94	181.84	1201
snapshot_11_28_2015_12_0.json	1448730000.0	41.88	632	1199
snapshot_11_28_2015_6_0.json	1448708400.0	41.88	181.84	1199
snapshot_11_28_2015_6_0.json	1448708400.0	41.88	181.84	1199
snapshot_11_29_2015_0_0.json	1448773200.0	39.94	181.84	1191
snapshot_11_29_2015_0_0.json	1448773200.0	39.94	181.84	1191
snapshot_11_29_2015_12_0.json	1448816400.0	41.88	632	1191
snapshot_11_29_2015_18_0.json	1448838000.0	39.94	181.84	1191
snapshot_11_29_2015_6_0.json	1448794800.0	41.88	181.84	1189
snapshot_11_30_2015_0_0.json	1448859600.0	39.94	181.84	1192
snapshot_11_30_2015_12_0.json	1448902800.0	41.88	400	1186
snapshot_11_30_2015_18_0.json	1448924400.0	39.94	181.84	1186
snapshot_11_30_2015_6_0.json	1448881200.0	41.88	220	1186
snapshot_12_1_2015_0_0.json	1448946000.0	39.94	396	1184
snapshot_12_1_2015_0_0.json	1448946000.0	39.94	396	1184
snapshot_12_1_2015_12_0.json	1448989200.0	41.88	400	1167
snapshot_12_1_2015_18_0.json	1449010800.0	39.94	220	1167
snapshot_12_1_2015_6_0.json	1448967600.0	41.88	181.84	1176
snapshot_12_2_2015_0_0.json	1449032400.0	39.94	392	1167
snapshot_12_2_2015_12_0.json	1449075600.0	41.88	400	1157
snapshot_12_2_2015_18_0.json	1449097200.0	39.94	181.84	1154
snapshot_12_2_2015_6_0.json	1449054000.0	41.88	181.84	1157
snapshot_12_3_2015_12_0.json	1449162000.0	41.88	181.84	1140
snapshot_12_3_2015_18_0.json	1449183600.0	41.88	392	1150
snapshot_12_3_2015_6_0.json	1449140400.0	41.88	400	1162
snapshot_12_4_2015_0_0.json	1449205200.0	41.88	181.84	1139
snapshot_12_4_2015_12_0.json	1449248400.0	41.88	400	1135
snapshot_12_4_2015_18_0.json	1449270000.0	41.88	181.84	1127
snapshot_12_4_2015_6_0.json	1449226800.0	41.88	181.84	1132
snapshot_12_5_2015_0_0.json	1449291600.0	41.88	392	1127
snapshot_12_5_2015_12_0.json	1449334800.0	41.88	400	1116
snapshot_12_5_2015_18_0.json	1449356400.0	41.88	181.84	1140
snapshot_12_5_2015_6_0.json	1449313200.0	41.88	181.84	1113
9213496	2016-01-02T23:00:00Z	Disney On Ice Frozen	Long Beach Arena - Long Beach Convention Center	California Los Angeles Metro|10	90802
snapshot_11_16_2015_0_0.json	1447650000.0	39.94	500	1236
snapshot_11_17_2015_12_0.json	1447779600.0	42.28	500	1236
snapshot_11_17_2015_12_0.json	1447779600.0	42.28	500	1236
snapshot_11_17_2015_18_0.json	1447801200.0	39.94	500	1232
snapshot_11_18_2015_12_0.json	1447866000.0	42.28	500	1220
snapshot_11_18_2015_18_0.json	1447887600.0	39.94	500	1220
snapshot_11_18_2015_18_0.json	1447887600.0	39.94	500	1220
snapshot_11_18_2015_6_0.json	1447844400.0	42.28	500	1220
snapshot_11_18_2015_6_0.json	1447844400.0	42.28	500	1220
snapshot_11_19_2015_0_0.json	1447909200.0	39.94	500	1213
snapshot_11_19_2015_6_0.json	1447930800.0	42.28	500	1206
snapshot_11_21_2015_18_0.json	1448146800.0	39.94	500	1159
snapshot_11_22_2015_0_0.json	1448168400.0	39.94	500	1159
snapshot_11_22_2015_12_0.json	1448211600.0	42.28	500	1159
snapshot_11_22_2015_18_0.json	1448233200.0	39.94	500	1159
snapshot_11_22_2015_6_0.json	1448190000.0	42.28	500	1159
snapshot_11_22_2015_6_0.json	1448190000.0	42.28	500	1159
snapshot_11_23_2015_0_0.json	1448254800.0	39.94	500	1142
snapshot_11_23_2015_0_0.json	1448254800.0	39.94	500	1142
snapshot_11_23_2015_12_0.json	1448298000.0	42.28	500	1142
snapshot_11_24_2015_0_0.json	1448341200.0	39.94	500	1132
snapshot_11_24_2015_18_0.json	1448406000.0	39.94	500	1129
snapshot_11_25_2015_18_0.json	1448492400.0	39.94	500	1148
snapshot_11_25_2015_6_0.json	1448449200.0	41.88	500	1129
snapshot_11_26_2015_0_0.json	1448514000.0	39.94	500	1145
snapshot_11_27_2015_18_0.json	1448665200.0	39.94	181.84	1199
snapshot_11_28_2015_0_0.json	1448686800.0	39.94	181.84	1201
snapshot_11_28_2015_12_0.json	1448730000.0	41.88	632	1199
snapshot_11_28_2015_6_0.json	1448708400.0	41.88	181.84	1199
snapshot_11_28_2015_6_0.json	1448708400.0	41.88	181.84	1199
snapshot_11_29_2015_0_0.json	1448773200.0	39.94	181.84	1191
snapshot_11_29_2015_0_0.json	1448773200.0	39.94	181.84	1191
snapshot_11_29_2015_12_0.json	1448816400.0	41.88	632	1191
snapshot_11_29_2015_18_0.json	1448838000.0	39.94	181.84	1191
snapshot_11_29_2015_6_0.json	1448794800.0	41.88	181.84	1189
snapshot_11_30_2015_0_0.json	1448859600.0	39.94	181.84	1192
snapshot_11_30_2015_12_0.json	1448902800.0	41.88	400	1186
snapshot_11_30_2015_18_0.json	1448924400.0	39.94	181.84	1186
snapshot_11_30_2015_6_0.json	1448881200.0	41.88	220	1186
snapshot_12_1_2015_0_0.json	1448946000.0	39.94	396	1184
snapshot_12_1_2015_0_0.json	1448946000.0	39.94	396	1184
snapshot_12_1_2015_12_0.json	1448989200.0	41.88	400	1167
snapshot_12_1_2015_18_0.json	1449010800.0	39.94	220	1167
snapshot_12_1_2015_6_0.json	1448967600.0	41.88	181.84	1176
snapshot_12_2_2015_0_0.json	1449032400.0	39.94	392	1167
snapshot_12_2_2015_12_0.json	1449075600.0	41.88	400	1157
snapshot_12_2_2015_18_0.json	1449097200.0	39.94	181.84	1154
snapshot_12_2_2015_6_0.json	1449054000.0	41.88	181.84	1157
snapshot_12_3_2015_12_0.json	1449162000.0	41.88	181.84	1140
snapshot_12_3_2015_18_0.json	1449183600.0	41.88	392	1150
snapshot_12_3_2015_6_0.json	1449140400.0	41.88	400	1162
snapshot_12_4_2015_0_0.json	1449205200.0	41.88	181.84	1139
snapshot_12_4_2015_12_0.json	1449248400.0	41.88	400	1135
snapshot_12_4_2015_18_0.json	1449270000.0	41.88	181.84	1127
snapshot_12_4_2015_6_0.json	1449226800.0	41.88	181.84	1132
snapshot_12_5_2015_0_0.json	1449291600.0	41.88	392	1127
snapshot_12_5_2015_12_0.json	1449334800.0	41.88	400	1116
snapshot_12_5_2015_18_0.json	1449356400.0	41.88	181.84	1140
snapshot_12_5_2015_6_0.json	1449313200.0	41.88	181.84	1113
