9214358	2015-11-21T17:00:00Z	James Madison Dukes	Bridgeforth Stadium	Virginia Richmond|4425	22801
snapshot_11_16_2015_0_0.json	1447650000.0	20.05	250	122
snapshot_11_16_2015_0_0.json	1447650000.0	20.05	250	119
snapshot_11_17_2015_0_0.json	1447736400.0	16.54	250	128
snapshot_11_17_2015_12_0.json	1447779600.0	16.54	235	133
snapshot_11_17_2015_6_0.json	1447758000.0	16.54	235	133
snapshot_11_17_2015_6_0.json	1447758000.0	16.54	235	133
snapshot_11_18_2015_0_0.json	1447822800.0	16.54	235	145
snapshot_11_18_2015_12_0.json	1447866000.0	16.54	235	143
snapshot_11_18_2015_12_0.json	1447866000.0	16.54	235	143
snapshot_11_18_2015_18_0.json	1447887600.0	16.54	235	122
snapshot_11_18_2015_18_0.json	1447887600.0	16.54	235	122
snapshot_11_18_2015_6_0.json	1447844400.0	16.54	235	143
snapshot_11_19_2015_0_0.json	1447909200.0	16.54	200	118
snapshot_11_19_2015_12_0.json	1447952400.0	16.54	200	111
snapshot_11_20_2015_12_0.json	1448038800.0	16.54	200	96
snapshot_11_21_2015_12_0.json	1448125200.0	14.2	200	78
snapshot_11_21_2015_18_0.json	1448146800.0	0	0	0
snapshot_11_22_2015_0_0.json	1448168400.0	0	0	0
snapshot_11_22_2015_18_0.json	1448233200.0	0	0	0
snapshot_11_23_2015_0_0.json	1448254800.0	0	0	0
snapshot_11_23_2015_6_0.json	1448276400.0	0	0	0
snapshot_11_23_2015_6_0.json	1448276400.0	0	0	0
9214358	2015-11-21T17:00:00Z	James Madison Dukes	Bridgeforth Stadium	Virginia Richmond|4425	22801
snapshot_11_16_2015_0_0.json	1447650000.0	20.05	250	122
snapshot_11_16_2015_0_0.json	1447650000.0	20.05	250	119
snapshot_11_17_2015_0_0.json	1447736400.0	16.54	250	128
snapshot_11_17_2015_12_0.json	1447779600.0	16.54	235	133
snapshot_11_17_2015_6_0.json	1447758000.0	16.54	235	133
snapshot_11_17_2015_6_0.json	1447758000.0	16.54	235	133
snapshot_11_18_2015_0_0.json	1447822800.0	16.54	235	145
snapshot_11_18_2015_12_0.json	1447866000.0	16.54	235	143
snapshot_11_18_2015_12_0.json	1447866000.0	16.54	235	143
snapshot_11_18_2015_18_0.json	1447887600.0	16.54	235	122
snapshot_11_18_2015_18_0.json	1447887600.0	16.54	235	122
snapshot_11_18_2015_6_0.json	1447844400.0	16.54	235	143
snapshot_11_19_2015_0_0.json	1447909200.0	16.54	200	118
snapshot_11_19_2015_12_0.json	1447952400.0	16.54	200	111
snapshot_11_20_2015_12_0.json	1448038800.0	16.54	200	96
snapshot_11_21_2015_12_0.json	1448125200.0	14.2	200	78
snapshot_11_21_2015_18_0.json	1448146800.0	0	0	0
snapshot_11_22_2015_0_0.json	1448168400.0	0	0	0
snapshot_11_22_2015_18_0.json	1448233200.0	0	0	0
snapshot_11_23_2015_0_0.json	1448254800.0	0	0	0
snapshot_11_23_2015_6_0.json	1448276400.0	0	0	0
snapshot_11_23_2015_6_0.json	1448276400.0	0	0	0
9214358	2015-11-21T17:00:00Z	James Madison Dukes	Bridgeforth Stadium	Virginia Richmond|4425	22801
snapshot_11_16_2015_0_0.json	1447650000.0	20.05	250	122
snapshot_11_16_2015_0_0.json	1447650000.0	20.05	250	119
snapshot_11_17_2015_0_0.json	1447736400.0	16.54	250	128
snapshot_11_17_2015_12_0.json	1447779600.0	16.54	235	133
snapshot_11_17_2015_6_0.json	1447758000.0	16.54	235	133
snapshot_11_17_2015_6_0.json	1447758000.0	16.54	235	133
snapshot_11_18_2015_0_0.json	1447822800.0	16.54	235	145
snapshot_11_18_2015_12_0.json	1447866000.0	16.54	235	143
snapshot_11_18_2015_12_0.json	1447866000.0	16.54	235	143
snapshot_11_18_2015_18_0.json	1447887600.0	16.54	235	122
snapshot_11_18_2015_18_0.json	1447887600.0	16.54	235	122
snapshot_11_18_2015_6_0.json	1447844400.0	16.54	235	143
snapshot_11_19_2015_0_0.json	1447909200.0	16.54	200	118
snapshot_11_19_2015_12_0.json	1447952400.0	16.54	200	111
snapshot_11_20_2015_12_0.json	1448038800.0	16.54	200	96
snapshot_11_21_2015_12_0.json	1448125200.0	14.2	200	78
snapshot_11_21_2015_18_0.json	1448146800.0	0	0	0
snapshot_11_22_2015_0_0.json	1448168400.0	0	0	0
snapshot_11_22_2015_18_0.json	1448233200.0	0	0	0
snapshot_11_23_2015_0_0.json	1448254800.0	0	0	0
snapshot_11_23_2015_6_0.json	1448276400.0	0	0	0
snapshot_11_23_2015_6_0.json	1448276400.0	0	0	0
9214358	2015-11-21T17:00:00Z	James Madison Dukes	Bridgeforth Stadium	Virginia Richmond|4425	22801
snapshot_11_16_2015_0_0.json	1447650000.0	20.05	250	122
snapshot_11_16_2015_0_0.json	1447650000.0	20.05	250	119
snapshot_11_17_2015_0_0.json	1447736400.0	16.54	250	128
snapshot_11_17_2015_12_0.json	1447779600.0	16.54	235	133
snapshot_11_17_2015_6_0.json	1447758000.0	16.54	235	133
snapshot_11_17_2015_6_0.json	1447758000.0	16.54	235	133
snapshot_11_18_2015_0_0.json	1447822800.0	16.54	235	145
snapshot_11_18_2015_12_0.json	1447866000.0	16.54	235	143
snapshot_11_18_2015_12_0.json	1447866000.0	16.54	235	143
snapshot_11_18_2015_18_0.json	1447887600.0	16.54	235	122
snapshot_11_18_2015_18_0.json	1447887600.0	16.54	235	122
snapshot_11_18_2015_6_0.json	1447844400.0	16.54	235	143
snapshot_11_19_2015_0_0.json	1447909200.0	16.54	200	118
snapshot_11_19_2015_12_0.json	1447952400.0	16.54	200	111
snapshot_11_20_2015_12_0.json	1448038800.0	16.54	200	96
snapshot_11_21_2015_12_0.json	1448125200.0	14.2	200	78
snapshot_11_21_2015_18_0.json	1448146800.0	0	0	0
snapshot_11_22_2015_0_0.json	1448168400.0	0	0	0
snapshot_11_22_2015_18_0.json	1448233200.0	0	0	0
snapshot_11_23_2015_0_0.json	1448254800.0	0	0	0
snapshot_11_23_2015_6_0.json	1448276400.0	0	0	0
snapshot_11_23_2015_6_0.json	1448276400.0	0	0	0
