9214366	2015-11-28T17:00:00Z	South Carolina Gamecocks	Williams Brice Stadium	South Carolina Columbia, SC|5630	29201
snapshot_11_16_2015_0_0.json	1447650000.0	110.55	1200	2517
snapshot_11_17_2015_0_0.json	1447736400.0	110.55	1200	2567
snapshot_11_17_2015_12_0.json	1447779600.0	101.95	5000	2584
snapshot_11_17_2015_18_0.json	1447801200.0	110.55	5000	2557
snapshot_11_17_2015_6_0.json	1447758000.0	101.95	5000	2578
snapshot_11_17_2015_6_0.json	1447758000.0	101.95	5000	2578
snapshot_11_18_2015_0_0.json	1447822800.0	110.55	5000	2566
snapshot_11_18_2015_12_0.json	1447866000.0	110.55	1200	2561
snapshot_11_18_2015_18_0.json	1447887600.0	104.7	1200	2542
snapshot_11_18_2015_6_0.json	1447844400.0	110.55	1200	2555
snapshot_11_19_2015_0_0.json	1447909200.0	109.38	1200	2537
snapshot_11_19_2015_12_0.json	1447952400.0	109.38	1200	2550
snapshot_11_19_2015_6_0.json	1447930800.0	109.38	1200	2550
snapshot_11_20_2015_0_0.json	1447995600.0	115.24	1000	2501
snapshot_11_20_2015_12_0.json	1448038800.0	110.55	1000	2497
snapshot_11_21_2015_12_0.json	1448125200.0	106.4	1000	2441
snapshot_11_21_2015_18_0.json	1448146800.0	106.4	1000	2387
snapshot_11_22_2015_0_0.json	1448168400.0	98.85	1000	2353
snapshot_11_22_2015_12_0.json	1448211600.0	75.45	1000	2321
snapshot_11_22_2015_18_0.json	1448233200.0	96.51	1000	2302
snapshot_11_22_2015_6_0.json	1448190000.0	75.45	1000	2310
snapshot_11_23_2015_0_0.json	1448254800.0	103.53	1000	2237
snapshot_11_23_2015_12_0.json	1448298000.0	104.7	1000	2168
snapshot_11_23_2015_18_0.json	1448319600.0	96.1	1000	2096
snapshot_11_23_2015_6_0.json	1448276400.0	104.7	1000	2171
snapshot_11_24_2015_0_0.json	1448341200.0	97.68	900	1353
snapshot_11_24_2015_12_0.json	1448384400.0	78.96	900	1408
snapshot_11_24_2015_18_0.json	1448406000.0	75.45	900	1347
snapshot_11_24_2015_6_0.json	1448362800.0	89.49	900	1394
snapshot_11_25_2015_0_0.json	1448427600.0	78.55	900	1188
snapshot_11_25_2015_12_0.json	1448470800.0	84.81	900	1105
snapshot_11_25_2015_18_0.json	1448492400.0	81.3	900	1001
snapshot_11_25_2015_6_0.json	1448449200.0	84.81	900	1107
snapshot_11_26_2015_0_0.json	1448514000.0	88.72	900	770
snapshot_11_27_2015_18_0.json	1448665200.0	96.1	900	338
snapshot_11_28_2015_0_0.json	1448686800.0	113.65	900	226
snapshot_11_28_2015_12_0.json	1448730000.0	101.95	900	164
snapshot_11_28_2015_18_0.json	1448751600.0	0	0	0
snapshot_11_28_2015_6_0.json	1448708400.0	111.31	900	160
snapshot_11_29_2015_0_0.json	1448773200.0	0	0	0
snapshot_11_29_2015_12_0.json	1448816400.0	0	0	0
snapshot_11_29_2015_18_0.json	1448838000.0	0	0	0
snapshot_11_29_2015_6_0.json	1448794800.0	0	0	0
snapshot_11_30_2015_0_0.json	1448859600.0	0	0	0
snapshot_11_30_2015_12_0.json	1448902800.0	0	0	0
snapshot_11_30_2015_6_0.json	1448881200.0	0	0	0
snapshot_12_3_2015_0_0.json	1449118800.0	0	0	0
snapshot_12_3_2015_12_0.json	1449162000.0	0	0	0
9214366	2015-11-28T17:00:00Z	South Carolina Gamecocks	Williams Brice Stadium	South Carolina Columbia, SC|5630	29201
snapshot_11_16_2015_0_0.json	1447650000.0	110.55	1200	2517
snapshot_11_17_2015_0_0.json	1447736400.0	110.55	1200	2567
snapshot_11_17_2015_12_0.json	1447779600.0	101.95	5000	2584
snapshot_11_17_2015_18_0.json	1447801200.0	110.55	5000	2557
snapshot_11_17_2015_6_0.json	1447758000.0	101.95	5000	2578
snapshot_11_17_2015_6_0.json	1447758000.0	101.95	5000	2578
snapshot_11_18_2015_0_0.json	1447822800.0	110.55	5000	2566
snapshot_11_18_2015_12_0.json	1447866000.0	110.55	1200	2561
snapshot_11_18_2015_18_0.json	1447887600.0	104.7	1200	2542
snapshot_11_18_2015_6_0.json	1447844400.0	110.55	1200	2555
snapshot_11_19_2015_0_0.json	1447909200.0	109.38	1200	2537
snapshot_11_19_2015_12_0.json	1447952400.0	109.38	1200	2550
snapshot_11_19_2015_6_0.json	1447930800.0	109.38	1200	2550
snapshot_11_20_2015_0_0.json	1447995600.0	115.24	1000	2501
snapshot_11_20_2015_12_0.json	1448038800.0	110.55	1000	2497
snapshot_11_21_2015_12_0.json	1448125200.0	106.4	1000	2441
snapshot_11_21_2015_18_0.json	1448146800.0	106.4	1000	2387
snapshot_11_22_2015_0_0.json	1448168400.0	98.85	1000	2353
snapshot_11_22_2015_12_0.json	1448211600.0	75.45	1000	2321
snapshot_11_22_2015_18_0.json	1448233200.0	96.51	1000	2302
snapshot_11_22_2015_6_0.json	1448190000.0	75.45	1000	2310
snapshot_11_23_2015_0_0.json	1448254800.0	103.53	1000	2237
snapshot_11_23_2015_12_0.json	1448298000.0	104.7	1000	2168
snapshot_11_23_2015_18_0.json	1448319600.0	96.1	1000	2096
snapshot_11_23_2015_6_0.json	1448276400.0	104.7	1000	2171
snapshot_11_24_2015_0_0.json	1448341200.0	97.68	900	1353
snapshot_11_24_2015_12_0.json	1448384400.0	78.96	900	1408
snapshot_11_24_2015_18_0.json	1448406000.0	75.45	900	1347
snapshot_11_24_2015_6_0.json	1448362800.0	89.49	900	1394
snapshot_11_25_2015_0_0.json	1448427600.0	78.55	900	1188
snapshot_11_25_2015_12_0.json	1448470800.0	84.81	900	1105
snapshot_11_25_2015_18_0.json	1448492400.0	81.3	900	1001
snapshot_11_25_2015_6_0.json	1448449200.0	84.81	900	1107
snapshot_11_26_2015_0_0.json	1448514000.0	88.72	900	770
snapshot_11_27_2015_18_0.json	1448665200.0	96.1	900	338
snapshot_11_28_2015_0_0.json	1448686800.0	113.65	900	226
snapshot_11_28_2015_12_0.json	1448730000.0	101.95	900	164
snapshot_11_28_2015_18_0.json	1448751600.0	0	0	0
snapshot_11_28_2015_6_0.json	1448708400.0	111.31	900	160
snapshot_11_29_2015_0_0.json	1448773200.0	0	0	0
snapshot_11_29_2015_12_0.json	1448816400.0	0	0	0
snapshot_11_29_2015_18_0.json	1448838000.0	0	0	0
snapshot_11_29_2015_6_0.json	1448794800.0	0	0	0
snapshot_11_30_2015_0_0.json	1448859600.0	0	0	0
snapshot_11_30_2015_12_0.json	1448902800.0	0	0	0
snapshot_11_30_2015_6_0.json	1448881200.0	0	0	0
snapshot_12_3_2015_0_0.json	1449118800.0	0	0	0
snapshot_12_3_2015_12_0.json	1449162000.0	0	0	0
9214366	2015-11-28T17:00:00Z	South Carolina Gamecocks	Williams Brice Stadium	South Carolina Columbia, SC|5630	29201
snapshot_11_16_2015_0_0.json	1447650000.0	110.55	1200	2517
snapshot_11_17_2015_0_0.json	1447736400.0	110.55	1200	2567
snapshot_11_17_2015_12_0.json	1447779600.0	101.95	5000	2584
snapshot_11_17_2015_18_0.json	1447801200.0	110.55	5000	2557
snapshot_11_17_2015_6_0.json	1447758000.0	101.95	5000	2578
snapshot_11_17_2015_6_0.json	1447758000.0	101.95	5000	2578
snapshot_11_18_2015_0_0.json	1447822800.0	110.55	5000	2566
snapshot_11_18_2015_12_0.json	1447866000.0	110.55	1200	2561
snapshot_11_18_2015_18_0.json	1447887600.0	104.7	1200	2542
snapshot_11_18_2015_6_0.json	1447844400.0	110.55	1200	2555
snapshot_11_19_2015_0_0.json	1447909200.0	109.38	1200	2537
snapshot_11_19_2015_12_0.json	1447952400.0	109.38	1200	2550
snapshot_11_19_2015_6_0.json	1447930800.0	109.38	1200	2550
snapshot_11_20_2015_0_0.json	1447995600.0	115.24	1000	2501
snapshot_11_20_2015_12_0.json	1448038800.0	110.55	1000	2497
snapshot_11_21_2015_12_0.json	1448125200.0	106.4	1000	2441
snapshot_11_21_2015_18_0.json	1448146800.0	106.4	1000	2387
snapshot_11_22_2015_0_0.json	1448168400.0	98.85	1000	2353
snapshot_11_22_2015_12_0.json	1448211600.0	75.45	1000	2321
snapshot_11_22_2015_18_0.json	1448233200.0	96.51	1000	2302
snapshot_11_22_2015_6_0.json	1448190000.0	75.45	1000	2310
snapshot_11_23_2015_0_0.json	1448254800.0	103.53	1000	2237
snapshot_11_23_2015_12_0.json	1448298000.0	104.7	1000	2168
snapshot_11_23_2015_18_0.json	1448319600.0	96.1	1000	2096
snapshot_11_23_2015_6_0.json	1448276400.0	104.7	1000	2171
snapshot_11_24_2015_0_0.json	1448341200.0	97.68	900	1353
snapshot_11_24_2015_12_0.json	1448384400.0	78.96	900	1408
snapshot_11_24_2015_18_0.json	1448406000.0	75.45	900	1347
snapshot_11_24_2015_6_0.json	1448362800.0	89.49	900	1394
snapshot_11_25_2015_0_0.json	1448427600.0	78.55	900	1188
snapshot_11_25_2015_12_0.json	1448470800.0	84.81	900	1105
snapshot_11_25_2015_18_0.json	1448492400.0	81.3	900	1001
snapshot_11_25_2015_6_0.json	1448449200.0	84.81	900	1107
snapshot_11_26_2015_0_0.json	1448514000.0	88.72	900	770
snapshot_11_27_2015_18_0.json	1448665200.0	96.1	900	338
snapshot_11_28_2015_0_0.json	1448686800.0	113.65	900	226
snapshot_11_28_2015_12_0.json	1448730000.0	101.95	900	164
snapshot_11_28_2015_18_0.json	1448751600.0	0	0	0
snapshot_11_28_2015_6_0.json	1448708400.0	111.31	900	160
snapshot_11_29_2015_0_0.json	1448773200.0	0	0	0
snapshot_11_29_2015_12_0.json	1448816400.0	0	0	0
snapshot_11_29_2015_18_0.json	1448838000.0	0	0	0
snapshot_11_29_2015_6_0.json	1448794800.0	0	0	0
snapshot_11_30_2015_0_0.json	1448859600.0	0	0	0
snapshot_11_30_2015_12_0.json	1448902800.0	0	0	0
snapshot_11_30_2015_6_0.json	1448881200.0	0	0	0
snapshot_12_3_2015_0_0.json	1449118800.0	0	0	0
snapshot_12_3_2015_12_0.json	1449162000.0	0	0	0
9214366	2015-11-28T17:00:00Z	South Carolina Gamecocks	Williams Brice Stadium	South Carolina Columbia, SC|5630	29201
snapshot_11_16_2015_0_0.json	1447650000.0	110.55	1200	2517
snapshot_11_17_2015_0_0.json	1447736400.0	110.55	1200	2567
snapshot_11_17_2015_12_0.json	1447779600.0	101.95	5000	2584
snapshot_11_17_2015_18_0.json	1447801200.0	110.55	5000	2557
snapshot_11_17_2015_6_0.json	1447758000.0	101.95	5000	2578
snapshot_11_17_2015_6_0.json	1447758000.0	101.95	5000	2578
snapshot_11_18_2015_0_0.json	1447822800.0	110.55	5000	2566
snapshot_11_18_2015_12_0.json	1447866000.0	110.55	1200	2561
snapshot_11_18_2015_18_0.json	1447887600.0	104.7	1200	2542
snapshot_11_18_2015_6_0.json	1447844400.0	110.55	1200	2555
snapshot_11_19_2015_0_0.json	1447909200.0	109.38	1200	2537
snapshot_11_19_2015_12_0.json	1447952400.0	109.38	1200	2550
snapshot_11_19_2015_6_0.json	1447930800.0	109.38	1200	2550
snapshot_11_20_2015_0_0.json	1447995600.0	115.24	1000	2501
snapshot_11_20_2015_12_0.json	1448038800.0	110.55	1000	2497
snapshot_11_21_2015_12_0.json	1448125200.0	106.4	1000	2441
snapshot_11_21_2015_18_0.json	1448146800.0	106.4	1000	2387
snapshot_11_22_2015_0_0.json	1448168400.0	98.85	1000	2353
snapshot_11_22_2015_12_0.json	1448211600.0	75.45	1000	2321
snapshot_11_22_2015_18_0.json	1448233200.0	96.51	1000	2302
snapshot_11_22_2015_6_0.json	1448190000.0	75.45	1000	2310
snapshot_11_23_2015_0_0.json	1448254800.0	103.53	1000	2237
snapshot_11_23_2015_12_0.json	1448298000.0	104.7	1000	2168
snapshot_11_23_2015_18_0.json	1448319600.0	96.1	1000	2096
snapshot_11_23_2015_6_0.json	1448276400.0	104.7	1000	2171
snapshot_11_24_2015_0_0.json	1448341200.0	97.68	900	1353
snapshot_11_24_2015_12_0.json	1448384400.0	78.96	900	1408
snapshot_11_24_2015_18_0.json	1448406000.0	75.45	900	1347
snapshot_11_24_2015_6_0.json	1448362800.0	89.49	900	1394
snapshot_11_25_2015_0_0.json	1448427600.0	78.55	900	1188
snapshot_11_25_2015_12_0.json	1448470800.0	84.81	900	1105
snapshot_11_25_2015_18_0.json	1448492400.0	81.3	900	1001
snapshot_11_25_2015_6_0.json	1448449200.0	84.81	900	1107
snapshot_11_26_2015_0_0.json	1448514000.0	88.72	900	770
snapshot_11_27_2015_18_0.json	1448665200.0	96.1	900	338
snapshot_11_28_2015_0_0.json	1448686800.0	113.65	900	226
snapshot_11_28_2015_12_0.json	1448730000.0	101.95	900	164
snapshot_11_28_2015_18_0.json	1448751600.0	0	0	0
snapshot_11_28_2015_6_0.json	1448708400.0	111.31	900	160
snapshot_11_29_2015_0_0.json	1448773200.0	0	0	0
snapshot_11_29_2015_12_0.json	1448816400.0	0	0	0
snapshot_11_29_2015_18_0.json	1448838000.0	0	0	0
snapshot_11_29_2015_6_0.json	1448794800.0	0	0	0
snapshot_11_30_2015_0_0.json	1448859600.0	0	0	0
snapshot_11_30_2015_12_0.json	1448902800.0	0	0	0
snapshot_11_30_2015_6_0.json	1448881200.0	0	0	0
snapshot_12_3_2015_0_0.json	1449118800.0	0	0	0
snapshot_12_3_2015_12_0.json	1449162000.0	0	0	0
