9214364	2015-11-21T17:00:00Z	South Carolina Gamecocks	Williams Brice Stadium	South Carolina Columbia, SC|5630	29201
snapshot_11_17_2015_12_0.json	1447779600.0	33.32	337.39	542
snapshot_11_17_2015_18_0.json	1447801200.0	37.76	337.39	529
snapshot_11_17_2015_6_0.json	1447758000.0	33.32	337.39	545
snapshot_11_17_2015_6_0.json	1447758000.0	33.32	337.39	545
snapshot_11_18_2015_0_0.json	1447822800.0	37.76	337.39	482
snapshot_11_18_2015_12_0.json	1447866000.0	39.18	337.39	432
snapshot_11_18_2015_18_0.json	1447887600.0	39.18	337.39	384
snapshot_11_18_2015_6_0.json	1447844400.0	39.18	337.39	438
snapshot_11_19_2015_0_0.json	1447909200.0	43.39	225	259
snapshot_11_19_2015_12_0.json	1447952400.0	36.43	225	244
snapshot_11_19_2015_6_0.json	1447930800.0	36.43	225	244
snapshot_11_20_2015_0_0.json	1447995600.0	35.26	225	94
snapshot_11_20_2015_12_0.json	1448038800.0	52.28	225	81
snapshot_11_21_2015_12_0.json	1448125200.0	43.45	100	53
snapshot_11_21_2015_18_0.json	1448146800.0	0	0	0
snapshot_11_22_2015_0_0.json	1448168400.0	0	0	0
snapshot_11_22_2015_12_0.json	1448211600.0	0	0	0
snapshot_11_22_2015_18_0.json	1448233200.0	0	0	0
snapshot_11_22_2015_6_0.json	1448190000.0	0	0	0
snapshot_11_23_2015_0_0.json	1448254800.0	0	0	0
snapshot_11_23_2015_12_0.json	1448298000.0	0	0	0
snapshot_11_23_2015_18_0.json	1448319600.0	0	0	0
snapshot_11_23_2015_6_0.json	1448276400.0	0	0	0
snapshot_11_25_2015_0_0.json	1448427600.0	0	0	0
snapshot_11_25_2015_0_0.json	1448427600.0	0	0	0
snapshot_11_25_2015_6_0.json	1448449200.0	0	0	0
9214364	2015-11-21T17:00:00Z	South Carolina Gamecocks	Williams Brice Stadium	South Carolina Columbia, SC|5630	29201
snapshot_11_17_2015_12_0.json	1447779600.0	33.32	337.39	542
snapshot_11_17_2015_18_0.json	1447801200.0	37.76	337.39	529
snapshot_11_17_2015_6_0.json	1447758000.0	33.32	337.39	545
snapshot_11_17_2015_6_0.json	1447758000.0	33.32	337.39	545
snapshot_11_18_2015_0_0.json	1447822800.0	37.76	337.39	482
snapshot_11_18_2015_12_0.json	1447866000.0	39.18	337.39	432
snapshot_11_18_2015_18_0.json	1447887600.0	39.18	337.39	384
snapshot_11_18_2015_6_0.json	1447844400.0	39.18	337.39	438
snapshot_11_19_2015_0_0.json	1447909200.0	43.39	225	259
snapshot_11_19_2015_12_0.json	1447952400.0	36.43	225	244
snapshot_11_19_2015_6_0.json	1447930800.0	36.43	225	244
snapshot_11_20_2015_0_0.json	1447995600.0	35.26	225	94
snapshot_11_20_2015_12_0.json	1448038800.0	52.28	225	81
snapshot_11_21_2015_12_0.json	1448125200.0	43.45	100	53
snapshot_11_21_2015_18_0.json	1448146800.0	0	0	0
snapshot_11_22_2015_0_0.json	1448168400.0	0	0	0
snapshot_11_22_2015_12_0.json	1448211600.0	0	0	0
snapshot_11_22_2015_18_0.json	1448233200.0	0	0	0
snapshot_11_22_2015_6_0.json	1448190000.0	0	0	0
snapshot_11_23_2015_0_0.json	1448254800.0	0	0	0
snapshot_11_23_2015_12_0.json	1448298000.0	0	0	0
snapshot_11_23_2015_18_0.json	1448319600.0	0	0	0
snapshot_11_23_2015_6_0.json	1448276400.0	0	0	0
snapshot_11_25_2015_0_0.json	1448427600.0	0	0	0
snapshot_11_25_2015_0_0.json	1448427600.0	0	0	0
snapshot_11_25_2015_6_0.json	1448449200.0	0	0	0
9214364	2015-11-21T17:00:00Z	South Carolina Gamecocks	Williams Brice Stadium	South Carolina Columbia, SC|5630	29201
snapshot_11_17_2015_12_0.json	1447779600.0	33.32	337.39	542
snapshot_11_17_2015_18_0.json	1447801200.0	37.76	337.39	529
snapshot_11_17_2015_6_0.json	1447758000.0	33.32	337.39	545
snapshot_11_17_2015_6_0.json	1447758000.0	33.32	337.39	545
snapshot_11_18_2015_0_0.json	1447822800.0	37.76	337.39	482
snapshot_11_18_2015_12_0.json	1447866000.0	39.18	337.39	432
snapshot_11_18_2015_18_0.json	1447887600.0	39.18	337.39	384
snapshot_11_18_2015_6_0.json	1447844400.0	39.18	337.39	438
snapshot_11_19_2015_0_0.json	1447909200.0	43.39	225	259
snapshot_11_19_2015_12_0.json	1447952400.0	36.43	225	244
snapshot_11_19_2015_6_0.json	1447930800.0	36.43	225	244
snapshot_11_20_2015_0_0.json	1447995600.0	35.26	225	94
snapshot_11_20_2015_12_0.json	1448038800.0	52.28	225	81
snapshot_11_21_2015_12_0.json	1448125200.0	43.45	100	53
snapshot_11_21_2015_18_0.json	1448146800.0	0	0	0
snapshot_11_22_2015_0_0.json	1448168400.0	0	0	0
snapshot_11_22_2015_12_0.json	1448211600.0	0	0	0
snapshot_11_22_2015_18_0.json	1448233200.0	0	0	0
snapshot_11_22_2015_6_0.json	1448190000.0	0	0	0
snapshot_11_23_2015_0_0.json	1448254800.0	0	0	0
snapshot_11_23_2015_12_0.json	1448298000.0	0	0	0
snapshot_11_23_2015_18_0.json	1448319600.0	0	0	0
snapshot_11_23_2015_6_0.json	1448276400.0	0	0	0
snapshot_11_25_2015_0_0.json	1448427600.0	0	0	0
snapshot_11_25_2015_0_0.json	1448427600.0	0	0	0
snapshot_11_25_2015_6_0.json	1448449200.0	0	0	0
9214364	2015-11-21T17:00:00Z	South Carolina Gamecocks	Williams Brice Stadium	South Carolina Columbia, SC|5630	29201
snapshot_11_17_2015_12_0.json	1447779600.0	33.32	337.39	542
snapshot_11_17_2015_18_0.json	1447801200.0	37.76	337.39	529
snapshot_11_17_2015_6_0.json	1447758000.0	33.32	337.39	545
snapshot_11_17_2015_6_0.json	1447758000.0	33.32	337.39	545
snapshot_11_18_2015_0_0.json	1447822800.0	37.76	337.39	482
snapshot_11_18_2015_12_0.json	1447866000.0	39.18	337.39	432
snapshot_11_18_2015_18_0.json	1447887600.0	39.18	337.39	384
snapshot_11_18_2015_6_0.json	1447844400.0	39.18	337.39	438
snapshot_11_19_2015_0_0.json	1447909200.0	43.39	225	259
snapshot_11_19_2015_12_0.json	1447952400.0	36.43	225	244
snapshot_11_19_2015_6_0.json	1447930800.0	36.43	225	244
snapshot_11_20_2015_0_0.json	1447995600.0	35.26	225	94
snapshot_11_20_2015_12_0.json	1448038800.0	52.28	225	81
snapshot_11_21_2015_12_0.json	1448125200.0	43.45	100	53
snapshot_11_21_2015_18_0.json	1448146800.0	0	0	0
snapshot_11_22_2015_0_0.json	1448168400.0	0	0	0
snapshot_11_22_2015_12_0.json	1448211600.0	0	0	0
snapshot_11_22_2015_18_0.json	1448233200.0	0	0	0
snapshot_11_22_2015_6_0.json	1448190000.0	0	0	0
snapshot_11_23_2015_0_0.json	1448254800.0	0	0	0
snapshot_11_23_2015_12_0.json	1448298000.0	0	0	0
snapshot_11_23_2015_18_0.json	1448319600.0	0	0	0
snapshot_11_23_2015_6_0.json	1448276400.0	0	0	0
snapshot_11_25_2015_0_0.json	1448427600.0	0	0	0
snapshot_11_25_2015_0_0.json	1448427600.0	0	0	0
snapshot_11_25_2015_6_0.json	1448449200.0	0	0	0
