9214321	2015-11-22T00:30:00Z	Vanderbilt Commodores	Vanderbilt Stadium	Tennessee Nashville|700	37240
snapshot_11_16_2015_0_0.json	1447650000.0	34.5	250	798
snapshot_11_17_2015_0_0.json	1447736400.0	33.33	250	745
snapshot_11_17_2015_12_0.json	1447779600.0	49.96	250	734
snapshot_11_17_2015_18_0.json	1447801200.0	49.96	250	695
snapshot_11_17_2015_6_0.json	1447758000.0	49.96	250	735
snapshot_11_17_2015_6_0.json	1447758000.0	49.96	250	735
snapshot_11_18_2015_0_0.json	1447822800.0	40.35	250	665
snapshot_11_18_2015_12_0.json	1447866000.0	38.01	250	640
snapshot_11_18_2015_18_0.json	1447887600.0	38	250	610
snapshot_11_18_2015_6_0.json	1447844400.0	40.35	250	642
snapshot_11_19_2015_0_0.json	1447909200.0	37.6	146	269
snapshot_11_19_2015_12_0.json	1447952400.0	41.13	131	274
snapshot_11_19_2015_12_0.json	1447952400.0	41.13	131	274
snapshot_11_19_2015_6_0.json	1447930800.0	41.13	131	274
snapshot_11_20_2015_0_0.json	1447995600.0	66.85	113	110
snapshot_11_21_2015_12_0.json	1448125200.0	78.55	115	72
snapshot_11_21_2015_18_0.json	1448146800.0	55.15	110	59
snapshot_11_22_2015_0_0.json	1448168400.0	43.45	75	20
snapshot_11_22_2015_12_0.json	1448211600.0	0	0	0
snapshot_11_22_2015_18_0.json	1448233200.0	0	0	0
snapshot_11_22_2015_6_0.json	1448190000.0	0	0	0
snapshot_11_23_2015_0_0.json	1448254800.0	0	0	0
snapshot_11_23_2015_12_0.json	1448298000.0	0	0	0
snapshot_11_23_2015_18_0.json	1448319600.0	0	0	0
snapshot_11_23_2015_6_0.json	1448276400.0	0	0	0
snapshot_11_24_2015_18_0.json	1448406000.0	0	0	0
snapshot_11_25_2015_6_0.json	1448449200.0	0	0	0
9214321	2015-11-22T00:30:00Z	Vanderbilt Commodores	Vanderbilt Stadium	Tennessee Nashville|700	37240
snapshot_11_16_2015_0_0.json	1447650000.0	34.5	250	798
snapshot_11_17_2015_0_0.json	1447736400.0	33.33	250	745
snapshot_11_17_2015_12_0.json	1447779600.0	49.96	250	734
snapshot_11_17_2015_18_0.json	1447801200.0	49.96	250	695
snapshot_11_17_2015_6_0.json	1447758000.0	49.96	250	735
snapshot_11_17_2015_6_0.json	1447758000.0	49.96	250	735
snapshot_11_18_2015_0_0.json	1447822800.0	40.35	250	665
snapshot_11_18_2015_12_0.json	1447866000.0	38.01	250	640
snapshot_11_18_2015_18_0.json	1447887600.0	38	250	610
snapshot_11_18_2015_6_0.json	1447844400.0	40.35	250	642
snapshot_11_19_2015_0_0.json	1447909200.0	37.6	146	269
snapshot_11_19_2015_12_0.json	1447952400.0	41.13	131	274
snapshot_11_19_2015_12_0.json	1447952400.0	41.13	131	274
snapshot_11_19_2015_6_0.json	1447930800.0	41.13	131	274
snapshot_11_20_2015_0_0.json	1447995600.0	66.85	113	110
snapshot_11_21_2015_12_0.json	1448125200.0	78.55	115	72
snapshot_11_21_2015_18_0.json	1448146800.0	55.15	110	59
snapshot_11_22_2015_0_0.json	1448168400.0	43.45	75	20
snapshot_11_22_2015_12_0.json	1448211600.0	0	0	0
snapshot_11_22_2015_18_0.json	1448233200.0	0	0	0
snapshot_11_22_2015_6_0.json	1448190000.0	0	0	0
snapshot_11_23_2015_0_0.json	1448254800.0	0	0	0
snapshot_11_23_2015_12_0.json	1448298000.0	0	0	0
snapshot_11_23_2015_18_0.json	1448319600.0	0	0	0
snapshot_11_23_2015_6_0.json	1448276400.0	0	0	0
snapshot_11_24_2015_18_0.json	1448406000.0	0	0	0
snapshot_11_25_2015_6_0.json	1448449200.0	0	0	0
9214321	2015-11-22T00:30:00Z	Vanderbilt Commodores	Vanderbilt Stadium	Tennessee Nashville|700	37240
snapshot_11_16_2015_0_0.json	1447650000.0	34.5	250	798
snapshot_11_17_2015_0_0.json	1447736400.0	33.33	250	745
snapshot_11_17_2015_12_0.json	1447779600.0	49.96	250	734
snapshot_11_17_2015_18_0.json	1447801200.0	49.96	250	695
snapshot_11_17_2015_6_0.json	1447758000.0	49.96	250	735
snapshot_11_17_2015_6_0.json	1447758000.0	49.96	250	735
snapshot_11_18_2015_0_0.json	1447822800.0	40.35	250	665
snapshot_11_18_2015_12_0.json	1447866000.0	38.01	250	640
snapshot_11_18_2015_18_0.json	1447887600.0	38	250	610
snapshot_11_18_2015_6_0.json	1447844400.0	40.35	250	642
snapshot_11_19_2015_0_0.json	1447909200.0	37.6	146	269
snapshot_11_19_2015_12_0.json	1447952400.0	41.13	131	274
snapshot_11_19_2015_12_0.json	1447952400.0	41.13	131	274
snapshot_11_19_2015_6_0.json	1447930800.0	41.13	131	274
snapshot_11_20_2015_0_0.json	1447995600.0	66.85	113	110
snapshot_11_21_2015_12_0.json	1448125200.0	78.55	115	72
snapshot_11_21_2015_18_0.json	1448146800.0	55.15	110	59
snapshot_11_22_2015_0_0.json	1448168400.0	43.45	75	20
snapshot_11_22_2015_12_0.json	1448211600.0	0	0	0
snapshot_11_22_2015_18_0.json	1448233200.0	0	0	0
snapshot_11_22_2015_6_0.json	1448190000.0	0	0	0
snapshot_11_23_2015_0_0.json	1448254800.0	0	0	0
snapshot_11_23_2015_12_0.json	1448298000.0	0	0	0
snapshot_11_23_2015_18_0.json	1448319600.0	0	0	0
snapshot_11_23_2015_6_0.json	1448276400.0	0	0	0
snapshot_11_24_2015_18_0.json	1448406000.0	0	0	0
snapshot_11_25_2015_6_0.json	1448449200.0	0	0	0
9214321	2015-11-22T00:30:00Z	Vanderbilt Commodores	Vanderbilt Stadium	Tennessee Nashville|700	37240
snapshot_11_16_2015_0_0.json	1447650000.0	34.5	250	798
snapshot_11_17_2015_0_0.json	1447736400.0	33.33	250	745
snapshot_11_17_2015_12_0.json	1447779600.0	49.96	250	734
snapshot_11_17_2015_18_0.json	1447801200.0	49.96	250	695
snapshot_11_17_2015_6_0.json	1447758000.0	49.96	250	735
snapshot_11_17_2015_6_0.json	1447758000.0	49.96	250	735
snapshot_11_18_2015_0_0.json	1447822800.0	40.35	250	665
snapshot_11_18_2015_12_0.json	1447866000.0	38.01	250	640
snapshot_11_18_2015_18_0.json	1447887600.0	38	250	610
snapshot_11_18_2015_6_0.json	1447844400.0	40.35	250	642
snapshot_11_19_2015_0_0.json	1447909200.0	37.6	146	269
snapshot_11_19_2015_12_0.json	1447952400.0	41.13	131	274
snapshot_11_19_2015_12_0.json	1447952400.0	41.13	131	274
snapshot_11_19_2015_6_0.json	1447930800.0	41.13	131	274
snapshot_11_20_2015_0_0.json	1447995600.0	66.85	113	110
snapshot_11_21_2015_12_0.json	1448125200.0	78.55	115	72
snapshot_11_21_2015_18_0.json	1448146800.0	55.15	110	59
snapshot_11_22_2015_0_0.json	1448168400.0	43.45	75	20
snapshot_11_22_2015_12_0.json	1448211600.0	0	0	0
snapshot_11_22_2015_18_0.json	1448233200.0	0	0	0
snapshot_11_22_2015_6_0.json	1448190000.0	0	0	0
snapshot_11_23_2015_0_0.json	1448254800.0	0	0	0
snapshot_11_23_2015_12_0.json	1448298000.0	0	0	0
snapshot_11_23_2015_18_0.json	1448319600.0	0	0	0
snapshot_11_23_2015_6_0.json	1448276400.0	0	0	0
snapshot_11_24_2015_18_0.json	1448406000.0	0	0	0
snapshot_11_25_2015_6_0.json	1448449200.0	0	0	0
