9214343	2015-11-22T00:30:00Z	Kentucky Wildcats	Commonwealth Stadium	Kentucky Louisville|4421	40502
snapshot_11_16_2015_0_0.json	1447650000.0	11.67	300	990
snapshot_11_17_2015_0_0.json	1447736400.0	9.52	300	998
snapshot_11_17_2015_12_0.json	1447779600.0	9.52	300	975
snapshot_11_17_2015_18_0.json	1447801200.0	9.52	300	953
snapshot_11_18_2015_0_0.json	1447822800.0	9.52	300	946
snapshot_11_18_2015_12_0.json	1447866000.0	9.52	300	930
snapshot_11_18_2015_18_0.json	1447887600.0	9.52	300	913
snapshot_11_18_2015_6_0.json	1447844400.0	9.52	300	942
snapshot_11_19_2015_0_0.json	1447909200.0	9.52	300	662
snapshot_11_19_2015_12_0.json	1447952400.0	9.52	300	632
snapshot_11_19_2015_6_0.json	1447930800.0	9.52	300	622
snapshot_11_20_2015_0_0.json	1447995600.0	9.52	11110.39	641
snapshot_11_20_2015_12_0.json	1448038800.0	9.52	11110.39	578
snapshot_11_21_2015_12_0.json	1448125200.0	9.52	11110.39	500
snapshot_11_21_2015_18_0.json	1448146800.0	9.52	11110.39	457
snapshot_11_22_2015_0_0.json	1448168400.0	9.52	60	398
snapshot_11_22_2015_12_0.json	1448211600.0	0	0	0
snapshot_11_22_2015_18_0.json	1448233200.0	0	0	0
snapshot_11_22_2015_6_0.json	1448190000.0	0	0	0
snapshot_11_23_2015_0_0.json	1448254800.0	0	0	0
snapshot_11_23_2015_12_0.json	1448298000.0	0	0	0
snapshot_11_23_2015_6_0.json	1448276400.0	0	0	0
snapshot_11_23_2015_6_0.json	1448276400.0	0	0	0
snapshot_11_24_2015_18_0.json	1448406000.0	0	0	0
snapshot_11_25_2015_6_0.json	1448449200.0	0	0	0
snapshot_11_28_2015_0_0.json	1448686800.0	0	0	0
snapshot_11_28_2015_6_0.json	1448708400.0	0	0	0
9214343	2015-11-22T00:30:00Z	Kentucky Wildcats	Commonwealth Stadium	Kentucky Louisville|4421	40502
snapshot_11_16_2015_0_0.json	1447650000.0	11.67	300	990
snapshot_11_17_2015_0_0.json	1447736400.0	9.52	300	998
snapshot_11_17_2015_12_0.json	1447779600.0	9.52	300	975
snapshot_11_17_2015_18_0.json	1447801200.0	9.52	300	953
snapshot_11_18_2015_0_0.json	1447822800.0	9.52	300	946
snapshot_11_18_2015_12_0.json	1447866000.0	9.52	300	930
snapshot_11_18_2015_18_0.json	1447887600.0	9.52	300	913
snapshot_11_18_2015_6_0.json	1447844400.0	9.52	300	942
snapshot_11_19_2015_0_0.json	1447909200.0	9.52	300	662
snapshot_11_19_2015_12_0.json	1447952400.0	9.52	300	632
snapshot_11_19_2015_6_0.json	1447930800.0	9.52	300	622
snapshot_11_20_2015_0_0.json	1447995600.0	9.52	11110.39	641
snapshot_11_20_2015_12_0.json	1448038800.0	9.52	11110.39	578
snapshot_11_21_2015_12_0.json	1448125200.0	9.52	11110.39	500
snapshot_11_21_2015_18_0.json	1448146800.0	9.52	11110.39	457
snapshot_11_22_2015_0_0.json	1448168400.0	9.52	60	398
snapshot_11_22_2015_12_0.json	1448211600.0	0	0	0
snapshot_11_22_2015_18_0.json	1448233200.0	0	0	0
snapshot_11_22_2015_6_0.json	1448190000.0	0	0	0
snapshot_11_23_2015_0_0.json	1448254800.0	0	0	0
snapshot_11_23_2015_12_0.json	1448298000.0	0	0	0
snapshot_11_23_2015_6_0.json	1448276400.0	0	0	0
snapshot_11_23_2015_6_0.json	1448276400.0	0	0	0
snapshot_11_24_2015_18_0.json	1448406000.0	0	0	0
snapshot_11_25_2015_6_0.json	1448449200.0	0	0	0
snapshot_11_28_2015_0_0.json	1448686800.0	0	0	0
snapshot_11_28_2015_6_0.json	1448708400.0	0	0	0
9214343	2015-11-22T00:30:00Z	Kentucky Wildcats	Commonwealth Stadium	Kentucky Louisville|4421	40502
snapshot_11_16_2015_0_0.json	1447650000.0	11.67	300	990
snapshot_11_17_2015_0_0.json	1447736400.0	9.52	300	998
snapshot_11_17_2015_12_0.json	1447779600.0	9.52	300	975
snapshot_11_17_2015_18_0.json	1447801200.0	9.52	300	953
snapshot_11_18_2015_0_0.json	1447822800.0	9.52	300	946
snapshot_11_18_2015_12_0.json	1447866000.0	9.52	300	930
snapshot_11_18_2015_18_0.json	1447887600.0	9.52	300	913
snapshot_11_18_2015_6_0.json	1447844400.0	9.52	300	942
snapshot_11_19_2015_0_0.json	1447909200.0	9.52	300	662
snapshot_11_19_2015_12_0.json	1447952400.0	9.52	300	632
snapshot_11_19_2015_6_0.json	1447930800.0	9.52	300	622
snapshot_11_20_2015_0_0.json	1447995600.0	9.52	11110.39	641
snapshot_11_20_2015_12_0.json	1448038800.0	9.52	11110.39	578
snapshot_11_21_2015_12_0.json	1448125200.0	9.52	11110.39	500
snapshot_11_21_2015_18_0.json	1448146800.0	9.52	11110.39	457
snapshot_11_22_2015_0_0.json	1448168400.0	9.52	60	398
snapshot_11_22_2015_12_0.json	1448211600.0	0	0	0
snapshot_11_22_2015_18_0.json	1448233200.0	0	0	0
snapshot_11_22_2015_6_0.json	1448190000.0	0	0	0
snapshot_11_23_2015_0_0.json	1448254800.0	0	0	0
snapshot_11_23_2015_12_0.json	1448298000.0	0	0	0
snapshot_11_23_2015_6_0.json	1448276400.0	0	0	0
snapshot_11_23_2015_6_0.json	1448276400.0	0	0	0
snapshot_11_24_2015_18_0.json	1448406000.0	0	0	0
snapshot_11_25_2015_6_0.json	1448449200.0	0	0	0
snapshot_11_28_2015_0_0.json	1448686800.0	0	0	0
snapshot_11_28_2015_6_0.json	1448708400.0	0	0	0
9214343	2015-11-22T00:30:00Z	Kentucky Wildcats	Commonwealth Stadium	Kentucky Louisville|4421	40502
snapshot_11_16_2015_0_0.json	1447650000.0	11.67	300	990
snapshot_11_17_2015_0_0.json	1447736400.0	9.52	300	998
snapshot_11_17_2015_12_0.json	1447779600.0	9.52	300	975
snapshot_11_17_2015_18_0.json	1447801200.0	9.52	300	953
snapshot_11_18_2015_0_0.json	1447822800.0	9.52	300	946
snapshot_11_18_2015_12_0.json	1447866000.0	9.52	300	930
snapshot_11_18_2015_18_0.json	1447887600.0	9.52	300	913
snapshot_11_18_2015_6_0.json	1447844400.0	9.52	300	942
snapshot_11_19_2015_0_0.json	1447909200.0	9.52	300	662
snapshot_11_19_2015_12_0.json	1447952400.0	9.52	300	632
snapshot_11_19_2015_6_0.json	1447930800.0	9.52	300	622
snapshot_11_20_2015_0_0.json	1447995600.0	9.52	11110.39	641
snapshot_11_20_2015_12_0.json	1448038800.0	9.52	11110.39	578
snapshot_11_21_2015_12_0.json	1448125200.0	9.52	11110.39	500
snapshot_11_21_2015_18_0.json	1448146800.0	9.52	11110.39	457
snapshot_11_22_2015_0_0.json	1448168400.0	9.52	60	398
snapshot_11_22_2015_12_0.json	1448211600.0	0	0	0
snapshot_11_22_2015_18_0.json	1448233200.0	0	0	0
snapshot_11_22_2015_6_0.json	1448190000.0	0	0	0
snapshot_11_23_2015_0_0.json	1448254800.0	0	0	0
snapshot_11_23_2015_12_0.json	1448298000.0	0	0	0
snapshot_11_23_2015_6_0.json	1448276400.0	0	0	0
snapshot_11_23_2015_6_0.json	1448276400.0	0	0	0
snapshot_11_24_2015_18_0.json	1448406000.0	0	0	0
snapshot_11_25_2015_6_0.json	1448449200.0	0	0	0
snapshot_11_28_2015_0_0.json	1448686800.0	0	0	0
snapshot_11_28_2015_6_0.json	1448708400.0	0	0	0
