9214344	2015-11-28T18:00:00Z	Kentucky Wildcats	Commonwealth Stadium	Kentucky Louisville|4421	40502
snapshot_11_17_2015_12_0.json	1447779600.0	78.96	575	950
snapshot_11_17_2015_18_0.json	1447801200.0	69.6	575	962
snapshot_11_17_2015_6_0.json	1447758000.0	76.21	575	955
snapshot_11_18_2015_0_0.json	1447822800.0	69.6	575	966
snapshot_11_18_2015_12_0.json	1447866000.0	69.6	575	963
snapshot_11_18_2015_18_0.json	1447887600.0	69.6	575	956
snapshot_11_18_2015_6_0.json	1447844400.0	69.6	575	963
snapshot_11_19_2015_0_0.json	1447909200.0	68.43	575	972
snapshot_11_19_2015_12_0.json	1447952400.0	52.05	575	992
snapshot_11_19_2015_6_0.json	1447930800.0	52.05	575	994
snapshot_11_20_2015_0_0.json	1447995600.0	52.05	575	989
snapshot_11_20_2015_12_0.json	1448038800.0	68.43	575	1005
snapshot_11_21_2015_12_0.json	1448125200.0	72.7	575	998
snapshot_11_21_2015_18_0.json	1448146800.0	72.7	575	984
snapshot_11_22_2015_0_0.json	1448168400.0	70.26	575	981
snapshot_11_22_2015_12_0.json	1448211600.0	72.7	575	972
snapshot_11_22_2015_18_0.json	1448233200.0	63.75	575	979
snapshot_11_22_2015_6_0.json	1448190000.0	72.7	575	974
snapshot_11_23_2015_0_0.json	1448254800.0	69.6	575	955
snapshot_11_23_2015_12_0.json	1448298000.0	69.6	575	959
snapshot_11_23_2015_18_0.json	1448319600.0	61	575	940
snapshot_11_24_2015_0_0.json	1448341200.0	61	350	541
snapshot_11_24_2015_12_0.json	1448384400.0	58.66	350	546
snapshot_11_24_2015_18_0.json	1448406000.0	51.64	350	643
snapshot_11_24_2015_6_0.json	1448362800.0	58.66	350	544
snapshot_11_25_2015_0_0.json	1448427600.0	55	350	600
snapshot_11_25_2015_12_0.json	1448470800.0	58.85	350	594
snapshot_11_25_2015_18_0.json	1448492400.0	35.26	350	591
snapshot_11_25_2015_6_0.json	1448449200.0	58.85	350	594
snapshot_11_26_2015_0_0.json	1448514000.0	50.24	350	497
snapshot_11_27_2015_18_0.json	1448665200.0	56.91	275	368
snapshot_11_28_2015_0_0.json	1448686800.0	48.13	260	336
snapshot_11_28_2015_12_0.json	1448730000.0	39.94	194.19	300
snapshot_11_28_2015_18_0.json	1448751600.0	0	0	0
snapshot_11_28_2015_6_0.json	1448708400.0	41.11	194.19	303
snapshot_11_29_2015_0_0.json	1448773200.0	0	0	0
snapshot_11_29_2015_12_0.json	1448816400.0	0	0	0
snapshot_11_29_2015_18_0.json	1448838000.0	0	0	0
snapshot_11_29_2015_6_0.json	1448794800.0	0	0	0
snapshot_11_30_2015_0_0.json	1448859600.0	0	0	0
snapshot_11_30_2015_12_0.json	1448902800.0	0	0	0
snapshot_11_30_2015_6_0.json	1448881200.0	0	0	0
snapshot_12_3_2015_0_0.json	1449118800.0	0	0	0
snapshot_12_3_2015_0_0.json	1449118800.0	0	0	0
snapshot_12_3_2015_12_0.json	1449162000.0	0	0	0
9214344	2015-11-28T18:00:00Z	Kentucky Wildcats	Commonwealth Stadium	Kentucky Louisville|4421	40502
snapshot_11_17_2015_12_0.json	1447779600.0	78.96	575	950
snapshot_11_17_2015_18_0.json	1447801200.0	69.6	575	962
snapshot_11_17_2015_6_0.json	1447758000.0	76.21	575	955
snapshot_11_18_2015_0_0.json	1447822800.0	69.6	575	966
snapshot_11_18_2015_12_0.json	1447866000.0	69.6	575	963
snapshot_11_18_2015_18_0.json	1447887600.0	69.6	575	956
snapshot_11_18_2015_6_0.json	1447844400.0	69.6	575	963
snapshot_11_19_2015_0_0.json	1447909200.0	68.43	575	972
snapshot_11_19_2015_12_0.json	1447952400.0	52.05	575	992
snapshot_11_19_2015_6_0.json	1447930800.0	52.05	575	994
snapshot_11_20_2015_0_0.json	1447995600.0	52.05	575	989
snapshot_11_20_2015_12_0.json	1448038800.0	68.43	575	1005
snapshot_11_21_2015_12_0.json	1448125200.0	72.7	575	998
snapshot_11_21_2015_18_0.json	1448146800.0	72.7	575	984
snapshot_11_22_2015_0_0.json	1448168400.0	70.26	575	981
snapshot_11_22_2015_12_0.json	1448211600.0	72.7	575	972
snapshot_11_22_2015_18_0.json	1448233200.0	63.75	575	979
snapshot_11_22_2015_6_0.json	1448190000.0	72.7	575	974
snapshot_11_23_2015_0_0.json	1448254800.0	69.6	575	955
snapshot_11_23_2015_12_0.json	1448298000.0	69.6	575	959
snapshot_11_23_2015_18_0.json	1448319600.0	61	575	940
snapshot_11_24_2015_0_0.json	1448341200.0	61	350	541
snapshot_11_24_2015_12_0.json	1448384400.0	58.66	350	546
snapshot_11_24_2015_18_0.json	1448406000.0	51.64	350	643
snapshot_11_24_2015_6_0.json	1448362800.0	58.66	350	544
snapshot_11_25_2015_0_0.json	1448427600.0	55	350	600
snapshot_11_25_2015_12_0.json	1448470800.0	58.85	350	594
snapshot_11_25_2015_18_0.json	1448492400.0	35.26	350	591
snapshot_11_25_2015_6_0.json	1448449200.0	58.85	350	594
snapshot_11_26_2015_0_0.json	1448514000.0	50.24	350	497
snapshot_11_27_2015_18_0.json	1448665200.0	56.91	275	368
snapshot_11_28_2015_0_0.json	1448686800.0	48.13	260	336
snapshot_11_28_2015_12_0.json	1448730000.0	39.94	194.19	300
snapshot_11_28_2015_18_0.json	1448751600.0	0	0	0
snapshot_11_28_2015_6_0.json	1448708400.0	41.11	194.19	303
snapshot_11_29_2015_0_0.json	1448773200.0	0	0	0
snapshot_11_29_2015_12_0.json	1448816400.0	0	0	0
snapshot_11_29_2015_18_0.json	1448838000.0	0	0	0
snapshot_11_29_2015_6_0.json	1448794800.0	0	0	0
snapshot_11_30_2015_0_0.json	1448859600.0	0	0	0
snapshot_11_30_2015_12_0.json	1448902800.0	0	0	0
snapshot_11_30_2015_6_0.json	1448881200.0	0	0	0
snapshot_12_3_2015_0_0.json	1449118800.0	0	0	0
snapshot_12_3_2015_0_0.json	1449118800.0	0	0	0
snapshot_12_3_2015_12_0.json	1449162000.0	0	0	0
9214344	2015-11-28T18:00:00Z	Kentucky Wildcats	Commonwealth Stadium	Kentucky Louisville|4421	40502
snapshot_11_17_2015_12_0.json	1447779600.0	78.96	575	950
snapshot_11_17_2015_18_0.json	1447801200.0	69.6	575	962
snapshot_11_17_2015_6_0.json	1447758000.0	76.21	575	955
snapshot_11_18_2015_0_0.json	1447822800.0	69.6	575	966
snapshot_11_18_2015_12_0.json	1447866000.0	69.6	575	963
snapshot_11_18_2015_18_0.json	1447887600.0	69.6	575	956
snapshot_11_18_2015_6_0.json	1447844400.0	69.6	575	963
snapshot_11_19_2015_0_0.json	1447909200.0	68.43	575	972
snapshot_11_19_2015_12_0.json	1447952400.0	52.05	575	992
snapshot_11_19_2015_6_0.json	1447930800.0	52.05	575	994
snapshot_11_20_2015_0_0.json	1447995600.0	52.05	575	989
snapshot_11_20_2015_12_0.json	1448038800.0	68.43	575	1005
snapshot_11_21_2015_12_0.json	1448125200.0	72.7	575	998
snapshot_11_21_2015_18_0.json	1448146800.0	72.7	575	984
snapshot_11_22_2015_0_0.json	1448168400.0	70.26	575	981
snapshot_11_22_2015_12_0.json	1448211600.0	72.7	575	972
snapshot_11_22_2015_18_0.json	1448233200.0	63.75	575	979
snapshot_11_22_2015_6_0.json	1448190000.0	72.7	575	974
snapshot_11_23_2015_0_0.json	1448254800.0	69.6	575	955
snapshot_11_23_2015_12_0.json	1448298000.0	69.6	575	959
snapshot_11_23_2015_18_0.json	1448319600.0	61	575	940
snapshot_11_24_2015_0_0.json	1448341200.0	61	350	541
snapshot_11_24_2015_12_0.json	1448384400.0	58.66	350	546
snapshot_11_24_2015_18_0.json	1448406000.0	51.64	350	643
snapshot_11_24_2015_6_0.json	1448362800.0	58.66	350	544
snapshot_11_25_2015_0_0.json	1448427600.0	55	350	600
snapshot_11_25_2015_12_0.json	1448470800.0	58.85	350	594
snapshot_11_25_2015_18_0.json	1448492400.0	35.26	350	591
snapshot_11_25_2015_6_0.json	1448449200.0	58.85	350	594
snapshot_11_26_2015_0_0.json	1448514000.0	50.24	350	497
snapshot_11_27_2015_18_0.json	1448665200.0	56.91	275	368
snapshot_11_28_2015_0_0.json	1448686800.0	48.13	260	336
snapshot_11_28_2015_12_0.json	1448730000.0	39.94	194.19	300
snapshot_11_28_2015_18_0.json	1448751600.0	0	0	0
snapshot_11_28_2015_6_0.json	1448708400.0	41.11	194.19	303
snapshot_11_29_2015_0_0.json	1448773200.0	0	0	0
snapshot_11_29_2015_12_0.json	1448816400.0	0	0	0
snapshot_11_29_2015_18_0.json	1448838000.0	0	0	0
snapshot_11_29_2015_6_0.json	1448794800.0	0	0	0
snapshot_11_30_2015_0_0.json	1448859600.0	0	0	0
snapshot_11_30_2015_12_0.json	1448902800.0	0	0	0
snapshot_11_30_2015_6_0.json	1448881200.0	0	0	0
snapshot_12_3_2015_0_0.json	1449118800.0	0	0	0
snapshot_12_3_2015_0_0.json	1449118800.0	0	0	0
snapshot_12_3_2015_12_0.json	1449162000.0	0	0	0
9214344	2015-11-28T18:00:00Z	Kentucky Wildcats	Commonwealth Stadium	Kentucky Louisville|4421	40502
snapshot_11_17_2015_12_0.json	1447779600.0	78.96	575	950
snapshot_11_17_2015_18_0.json	1447801200.0	69.6	575	962
snapshot_11_17_2015_6_0.json	1447758000.0	76.21	575	955
snapshot_11_18_2015_0_0.json	1447822800.0	69.6	575	966
snapshot_11_18_2015_12_0.json	1447866000.0	69.6	575	963
snapshot_11_18_2015_18_0.json	1447887600.0	69.6	575	956
snapshot_11_18_2015_6_0.json	1447844400.0	69.6	575	963
snapshot_11_19_2015_0_0.json	1447909200.0	68.43	575	972
snapshot_11_19_2015_12_0.json	1447952400.0	52.05	575	992
snapshot_11_19_2015_6_0.json	1447930800.0	52.05	575	994
snapshot_11_20_2015_0_0.json	1447995600.0	52.05	575	989
snapshot_11_20_2015_12_0.json	1448038800.0	68.43	575	1005
snapshot_11_21_2015_12_0.json	1448125200.0	72.7	575	998
snapshot_11_21_2015_18_0.json	1448146800.0	72.7	575	984
snapshot_11_22_2015_0_0.json	1448168400.0	70.26	575	981
snapshot_11_22_2015_12_0.json	1448211600.0	72.7	575	972
snapshot_11_22_2015_18_0.json	1448233200.0	63.75	575	979
snapshot_11_22_2015_6_0.json	1448190000.0	72.7	575	974
snapshot_11_23_2015_0_0.json	1448254800.0	69.6	575	955
snapshot_11_23_2015_12_0.json	1448298000.0	69.6	575	959
snapshot_11_23_2015_18_0.json	1448319600.0	61	575	940
snapshot_11_24_2015_0_0.json	1448341200.0	61	350	541
snapshot_11_24_2015_12_0.json	1448384400.0	58.66	350	546
snapshot_11_24_2015_18_0.json	1448406000.0	51.64	350	643
snapshot_11_24_2015_6_0.json	1448362800.0	58.66	350	544
snapshot_11_25_2015_0_0.json	1448427600.0	55	350	600
snapshot_11_25_2015_12_0.json	1448470800.0	58.85	350	594
snapshot_11_25_2015_18_0.json	1448492400.0	35.26	350	591
snapshot_11_25_2015_6_0.json	1448449200.0	58.85	350	594
snapshot_11_26_2015_0_0.json	1448514000.0	50.24	350	497
snapshot_11_27_2015_18_0.json	1448665200.0	56.91	275	368
snapshot_11_28_2015_0_0.json	1448686800.0	48.13	260	336
snapshot_11_28_2015_12_0.json	1448730000.0	39.94	194.19	300
snapshot_11_28_2015_18_0.json	1448751600.0	0	0	0
snapshot_11_28_2015_6_0.json	1448708400.0	41.11	194.19	303
snapshot_11_29_2015_0_0.json	1448773200.0	0	0	0
snapshot_11_29_2015_12_0.json	1448816400.0	0	0	0
snapshot_11_29_2015_18_0.json	1448838000.0	0	0	0
snapshot_11_29_2015_6_0.json	1448794800.0	0	0	0
snapshot_11_30_2015_0_0.json	1448859600.0	0	0	0
snapshot_11_30_2015_12_0.json	1448902800.0	0	0	0
snapshot_11_30_2015_6_0.json	1448881200.0	0	0	0
snapshot_12_3_2015_0_0.json	1449118800.0	0	0	0
snapshot_12_3_2015_0_0.json	1449118800.0	0	0	0
snapshot_12_3_2015_12_0.json	1449162000.0	0	0	0
