9216743	2015-11-28T19:30:00Z	Disney On Ice Frozen	Pacific Coliseum	British Columbia Vancouver|5871	V5K4W3
snapshot_11_16_2015_0_0.json	1447650000.0	66.85	159.98	18
snapshot_11_17_2015_0_0.json	1447736400.0	66.85	159.98	15
snapshot_11_17_2015_12_0.json	1447779600.0	66.85	158.1	19
snapshot_11_17_2015_18_0.json	1447801200.0	66.85	158.1	19
snapshot_11_17_2015_18_0.json	1447801200.0	66.85	158.1	19
snapshot_11_17_2015_6_0.json	1447758000.0	66.85	158.1	11
snapshot_11_18_2015_0_0.json	1447822800.0	66.85	158.1	17
snapshot_11_18_2015_12_0.json	1447866000.0	66.85	158.1	17
snapshot_11_18_2015_12_0.json	1447866000.0	66.85	158.1	17
snapshot_11_18_2015_18_0.json	1447887600.0	66.85	158.1	12
snapshot_11_18_2015_6_0.json	1447844400.0	66.85	158.1	17
snapshot_11_19_2015_0_0.json	1447909200.0	66.85	158.1	24
snapshot_11_19_2015_6_0.json	1447930800.0	66.85	158.1	20
snapshot_11_20_2015_0_0.json	1447995600.0	66.85	158.1	22
snapshot_11_21_2015_12_0.json	1448125200.0	65.68	160	33
snapshot_11_21_2015_18_0.json	1448146800.0	65.68	160	25
snapshot_11_22_2015_0_0.json	1448168400.0	65.68	160	9
snapshot_11_22_2015_18_0.json	1448233200.0	65.68	160	25
snapshot_11_23_2015_12_0.json	1448298000.0	63.34	79	20
snapshot_11_23_2015_6_0.json	1448276400.0	65.68	79	20
snapshot_11_24_2015_0_0.json	1448341200.0	63.34	79	18
snapshot_11_24_2015_12_0.json	1448384400.0	63.34	79	18
snapshot_11_24_2015_12_0.json	1448384400.0	63.34	79	18
snapshot_11_24_2015_18_0.json	1448406000.0	63.34	79	18
snapshot_11_24_2015_6_0.json	1448362800.0	63.34	79	18
snapshot_11_25_2015_0_0.json	1448427600.0	63.34	79	18
snapshot_11_25_2015_12_0.json	1448470800.0	63.34	79	20
snapshot_11_25_2015_6_0.json	1448449200.0	63.34	79	20
snapshot_11_26_2015_0_0.json	1448514000.0	78.55	149	35
snapshot_11_26_2015_0_0.json	1448514000.0	78.55	149	35
snapshot_11_27_2015_18_0.json	1448665200.0	72.68	99.98	32
snapshot_11_28_2015_0_0.json	1448686800.0	60.98	73.98	23
snapshot_11_28_2015_12_0.json	1448730000.0	55.13	70.98	18
snapshot_11_28_2015_18_0.json	1448751600.0	37.58	65.98	15
snapshot_11_28_2015_6_0.json	1448708400.0	55.13	70.98	18
snapshot_11_28_2015_6_0.json	1448708400.0	55.13	70.98	18
snapshot_11_29_2015_0_0.json	1448773200.0	0	0	0
snapshot_11_29_2015_18_0.json	1448838000.0	0	0	0
snapshot_11_29_2015_6_0.json	1448794800.0	0	0	0
snapshot_11_30_2015_0_0.json	1448859600.0	0	0	0
snapshot_11_30_2015_0_0.json	1448859600.0	0	0	0
snapshot_11_30_2015_12_0.json	1448902800.0	0	0	0
snapshot_11_30_2015_6_0.json	1448881200.0	0	0	0
snapshot_11_30_2015_6_0.json	1448881200.0	0	0	0
9216743	2015-11-28T19:30:00Z	Disney On Ice Frozen	Pacific Coliseum	British Columbia Vancouver|5871	V5K4W3
snapshot_11_16_2015_0_0.json	1447650000.0	66.85	159.98	18
snapshot_11_17_2015_0_0.json	1447736400.0	66.85	159.98	15
snapshot_11_17_2015_12_0.json	1447779600.0	66.85	158.1	19
snapshot_11_17_2015_18_0.json	1447801200.0	66.85	158.1	19
snapshot_11_17_2015_18_0.json	1447801200.0	66.85	158.1	19
snapshot_11_17_2015_6_0.json	1447758000.0	66.85	158.1	11
snapshot_11_18_2015_0_0.json	1447822800.0	66.85	158.1	17
snapshot_11_18_2015_12_0.json	1447866000.0	66.85	158.1	17
snapshot_11_18_2015_12_0.json	1447866000.0	66.85	158.1	17
snapshot_11_18_2015_18_0.json	1447887600.0	66.85	158.1	12
snapshot_11_18_2015_6_0.json	1447844400.0	66.85	158.1	17
snapshot_11_19_2015_0_0.json	1447909200.0	66.85	158.1	24
snapshot_11_19_2015_6_0.json	1447930800.0	66.85	158.1	20
snapshot_11_20_2015_0_0.json	1447995600.0	66.85	158.1	22
snapshot_11_21_2015_12_0.json	1448125200.0	65.68	160	33
snapshot_11_21_2015_18_0.json	1448146800.0	65.68	160	25
snapshot_11_22_2015_0_0.json	1448168400.0	65.68	160	9
snapshot_11_22_2015_18_0.json	1448233200.0	65.68	160	25
snapshot_11_23_2015_12_0.json	1448298000.0	63.34	79	20
snapshot_11_23_2015_6_0.json	1448276400.0	65.68	79	20
snapshot_11_24_2015_0_0.json	1448341200.0	63.34	79	18
snapshot_11_24_2015_12_0.json	1448384400.0	63.34	79	18
snapshot_11_24_2015_12_0.json	1448384400.0	63.34	79	18
snapshot_11_24_2015_18_0.json	1448406000.0	63.34	79	18
snapshot_11_24_2015_6_0.json	1448362800.0	63.34	79	18
snapshot_11_25_2015_0_0.json	1448427600.0	63.34	79	18
snapshot_11_25_2015_12_0.json	1448470800.0	63.34	79	20
snapshot_11_25_2015_6_0.json	1448449200.0	63.34	79	20
snapshot_11_26_2015_0_0.json	1448514000.0	78.55	149	35
snapshot_11_26_2015_0_0.json	1448514000.0	78.55	149	35
snapshot_11_27_2015_18_0.json	1448665200.0	72.68	99.98	32
snapshot_11_28_2015_0_0.json	1448686800.0	60.98	73.98	23
snapshot_11_28_2015_12_0.json	1448730000.0	55.13	70.98	18
snapshot_11_28_2015_18_0.json	1448751600.0	37.58	65.98	15
snapshot_11_28_2015_6_0.json	1448708400.0	55.13	70.98	18
snapshot_11_28_2015_6_0.json	1448708400.0	55.13	70.98	18
snapshot_11_29_2015_0_0.json	1448773200.0	0	0	0
snapshot_11_29_2015_18_0.json	1448838000.0	0	0	0
snapshot_11_29_2015_6_0.json	1448794800.0	0	0	0
snapshot_11_30_2015_0_0.json	1448859600.0	0	0	0
snapshot_11_30_2015_0_0.json	1448859600.0	0	0	0
snapshot_11_30_2015_12_0.json	1448902800.0	0	0	0
snapshot_11_30_2015_6_0.json	1448881200.0	0	0	0
snapshot_11_30_2015_6_0.json	1448881200.0	0	0	0
9216743	2015-11-28T19:30:00Z	Disney On Ice Frozen	Pacific Coliseum	British Columbia Vancouver|5871	V5K4W3
snapshot_11_16_2015_0_0.json	1447650000.0	66.85	159.98	18
snapshot_11_17_2015_0_0.json	1447736400.0	66.85	159.98	15
snapshot_11_17_2015_12_0.json	1447779600.0	66.85	158.1	19
snapshot_11_17_2015_18_0.json	1447801200.0	66.85	158.1	19
snapshot_11_17_2015_18_0.json	1447801200.0	66.85	158.1	19
snapshot_11_17_2015_6_0.json	1447758000.0	66.85	158.1	11
snapshot_11_18_2015_0_0.json	1447822800.0	66.85	158.1	17
snapshot_11_18_2015_12_0.json	1447866000.0	66.85	158.1	17
snapshot_11_18_2015_12_0.json	1447866000.0	66.85	158.1	17
snapshot_11_18_2015_18_0.json	1447887600.0	66.85	158.1	12
snapshot_11_18_2015_6_0.json	1447844400.0	66.85	158.1	17
snapshot_11_19_2015_0_0.json	1447909200.0	66.85	158.1	24
snapshot_11_19_2015_6_0.json	1447930800.0	66.85	158.1	20
snapshot_11_20_2015_0_0.json	1447995600.0	66.85	158.1	22
snapshot_11_21_2015_12_0.json	1448125200.0	65.68	160	33
snapshot_11_21_2015_18_0.json	1448146800.0	65.68	160	25
snapshot_11_22_2015_0_0.json	1448168400.0	65.68	160	9
snapshot_11_22_2015_18_0.json	1448233200.0	65.68	160	25
snapshot_11_23_2015_12_0.json	1448298000.0	63.34	79	20
snapshot_11_23_2015_6_0.json	1448276400.0	65.68	79	20
snapshot_11_24_2015_0_0.json	1448341200.0	63.34	79	18
snapshot_11_24_2015_12_0.json	1448384400.0	63.34	79	18
snapshot_11_24_2015_12_0.json	1448384400.0	63.34	79	18
snapshot_11_24_2015_18_0.json	1448406000.0	63.34	79	18
snapshot_11_24_2015_6_0.json	1448362800.0	63.34	79	18
snapshot_11_25_2015_0_0.json	1448427600.0	63.34	79	18
snapshot_11_25_2015_12_0.json	1448470800.0	63.34	79	20
snapshot_11_25_2015_6_0.json	1448449200.0	63.34	79	20
snapshot_11_26_2015_0_0.json	1448514000.0	78.55	149	35
snapshot_11_26_2015_0_0.json	1448514000.0	78.55	149	35
snapshot_11_27_2015_18_0.json	1448665200.0	72.68	99.98	32
snapshot_11_28_2015_0_0.json	1448686800.0	60.98	73.98	23
snapshot_11_28_2015_12_0.json	1448730000.0	55.13	70.98	18
snapshot_11_28_2015_18_0.json	1448751600.0	37.58	65.98	15
snapshot_11_28_2015_6_0.json	1448708400.0	55.13	70.98	18
snapshot_11_28_2015_6_0.json	1448708400.0	55.13	70.98	18
snapshot_11_29_2015_0_0.json	1448773200.0	0	0	0
snapshot_11_29_2015_18_0.json	1448838000.0	0	0	0
snapshot_11_29_2015_6_0.json	1448794800.0	0	0	0
snapshot_11_30_2015_0_0.json	1448859600.0	0	0	0
snapshot_11_30_2015_0_0.json	1448859600.0	0	0	0
snapshot_11_30_2015_12_0.json	1448902800.0	0	0	0
snapshot_11_30_2015_6_0.json	1448881200.0	0	0	0
snapshot_11_30_2015_6_0.json	1448881200.0	0	0	0
9216743	2015-11-28T19:30:00Z	Disney On Ice Frozen	Pacific Coliseum	British Columbia Vancouver|5871	V5K4W3
snapshot_11_16_2015_0_0.json	1447650000.0	66.85	159.98	18
snapshot_11_17_2015_0_0.json	1447736400.0	66.85	159.98	15
snapshot_11_17_2015_12_0.json	1447779600.0	66.85	158.1	19
snapshot_11_17_2015_18_0.json	1447801200.0	66.85	158.1	19
snapshot_11_17_2015_18_0.json	1447801200.0	66.85	158.1	19
snapshot_11_17_2015_6_0.json	1447758000.0	66.85	158.1	11
snapshot_11_18_2015_0_0.json	1447822800.0	66.85	158.1	17
snapshot_11_18_2015_12_0.json	1447866000.0	66.85	158.1	17
snapshot_11_18_2015_12_0.json	1447866000.0	66.85	158.1	17
snapshot_11_18_2015_18_0.json	1447887600.0	66.85	158.1	12
snapshot_11_18_2015_6_0.json	1447844400.0	66.85	158.1	17
snapshot_11_19_2015_0_0.json	1447909200.0	66.85	158.1	24
snapshot_11_19_2015_6_0.json	1447930800.0	66.85	158.1	20
snapshot_11_20_2015_0_0.json	1447995600.0	66.85	158.1	22
snapshot_11_21_2015_12_0.json	1448125200.0	65.68	160	33
snapshot_11_21_2015_18_0.json	1448146800.0	65.68	160	25
snapshot_11_22_2015_0_0.json	1448168400.0	65.68	160	9
snapshot_11_22_2015_18_0.json	1448233200.0	65.68	160	25
snapshot_11_23_2015_12_0.json	1448298000.0	63.34	79	20
snapshot_11_23_2015_6_0.json	1448276400.0	65.68	79	20
snapshot_11_24_2015_0_0.json	1448341200.0	63.34	79	18
snapshot_11_24_2015_12_0.json	1448384400.0	63.34	79	18
snapshot_11_24_2015_12_0.json	1448384400.0	63.34	79	18
snapshot_11_24_2015_18_0.json	1448406000.0	63.34	79	18
snapshot_11_24_2015_6_0.json	1448362800.0	63.34	79	18
snapshot_11_25_2015_0_0.json	1448427600.0	63.34	79	18
snapshot_11_25_2015_12_0.json	1448470800.0	63.34	79	20
snapshot_11_25_2015_6_0.json	1448449200.0	63.34	79	20
snapshot_11_26_2015_0_0.json	1448514000.0	78.55	149	35
snapshot_11_26_2015_0_0.json	1448514000.0	78.55	149	35
snapshot_11_27_2015_18_0.json	1448665200.0	72.68	99.98	32
snapshot_11_28_2015_0_0.json	1448686800.0	60.98	73.98	23
snapshot_11_28_2015_12_0.json	1448730000.0	55.13	70.98	18
snapshot_11_28_2015_18_0.json	1448751600.0	37.58	65.98	15
snapshot_11_28_2015_6_0.json	1448708400.0	55.13	70.98	18
snapshot_11_28_2015_6_0.json	1448708400.0	55.13	70.98	18
snapshot_11_29_2015_0_0.json	1448773200.0	0	0	0
snapshot_11_29_2015_18_0.json	1448838000.0	0	0	0
snapshot_11_29_2015_6_0.json	1448794800.0	0	0	0
snapshot_11_30_2015_0_0.json	1448859600.0	0	0	0
snapshot_11_30_2015_0_0.json	1448859600.0	0	0	0
snapshot_11_30_2015_12_0.json	1448902800.0	0	0	0
snapshot_11_30_2015_6_0.json	1448881200.0	0	0	0
snapshot_11_30_2015_6_0.json	1448881200.0	0	0	0
