9216744	2015-11-29T19:30:00Z	Disney On Ice Frozen	Pacific Coliseum	British Columbia Vancouver|5871	V5K4W3
snapshot_11_16_2015_0_0.json	1447650000.0	148.73	174.98	18
snapshot_11_17_2015_0_0.json	1447736400.0	148.73	174.98	18
snapshot_11_17_2015_12_0.json	1447779600.0	148.73	174.98	18
snapshot_11_17_2015_6_0.json	1447758000.0	148.73	174.98	18
snapshot_11_18_2015_0_0.json	1447822800.0	78.55	145	29
snapshot_11_18_2015_12_0.json	1447866000.0	90.25	145	20
snapshot_11_18_2015_18_0.json	1447887600.0	90.25	145	20
snapshot_11_19_2015_0_0.json	1447909200.0	90.25	174.98	24
snapshot_11_19_2015_6_0.json	1447930800.0	90.25	145	22
snapshot_11_20_2015_0_0.json	1447995600.0	56.32	145	46
snapshot_11_21_2015_12_0.json	1448125200.0	78.55	144.98	22
snapshot_11_21_2015_18_0.json	1448146800.0	78.55	144.98	23
snapshot_11_21_2015_18_0.json	1448146800.0	78.55	144.98	23
snapshot_11_22_2015_0_0.json	1448168400.0	78.55	144.98	20
snapshot_11_22_2015_18_0.json	1448233200.0	78.55	144.98	15
snapshot_11_22_2015_6_0.json	1448190000.0	78.55	144.98	15
snapshot_11_22_2015_6_0.json	1448190000.0	78.55	144.98	15
snapshot_11_23_2015_0_0.json	1448254800.0	78.55	144.98	23
snapshot_11_23_2015_12_0.json	1448298000.0	78.55	159.99	23
snapshot_11_23_2015_18_0.json	1448319600.0	78.55	137.7	19
snapshot_11_23_2015_6_0.json	1448276400.0	78.55	159.99	23
snapshot_11_24_2015_0_0.json	1448341200.0	78.55	137.7	19
snapshot_11_24_2015_12_0.json	1448384400.0	78.55	137.7	14
snapshot_11_24_2015_18_0.json	1448406000.0	78.55	65	4
snapshot_11_24_2015_6_0.json	1448362800.0	78.55	137.7	14
snapshot_11_25_2015_0_0.json	1448427600.0	77.38	79	21
snapshot_11_25_2015_0_0.json	1448427600.0	77.38	79	21
snapshot_11_25_2015_12_0.json	1448470800.0	77.38	79	21
snapshot_11_25_2015_18_0.json	1448492400.0	77.38	79	21
snapshot_11_25_2015_6_0.json	1448449200.0	77.38	79	21
snapshot_11_27_2015_18_0.json	1448665200.0	71.53	140	40
snapshot_11_27_2015_18_0.json	1448665200.0	71.53	140	40
snapshot_11_28_2015_12_0.json	1448730000.0	60.98	100	24
snapshot_11_28_2015_18_0.json	1448751600.0	60.98	95	26
snapshot_11_28_2015_6_0.json	1448708400.0	60.98	100	21
snapshot_11_29_2015_0_0.json	1448773200.0	84.4	85	12
snapshot_11_29_2015_0_0.json	1448773200.0	84.4	85	12
snapshot_11_29_2015_12_0.json	1448816400.0	84.4	70	5
snapshot_11_29_2015_18_0.json	1448838000.0	84.4	70	5
snapshot_11_29_2015_6_0.json	1448794800.0	84.4	85	9
snapshot_11_30_2015_12_0.json	1448902800.0	0	0	0
snapshot_11_30_2015_18_0.json	1448924400.0	0	0	0
snapshot_11_30_2015_18_0.json	1448924400.0	0	0	0
snapshot_11_30_2015_6_0.json	1448881200.0	0	0	0
snapshot_11_30_2015_6_0.json	1448881200.0	0	0	0
snapshot_12_1_2015_0_0.json	1448946000.0	0	0	0
snapshot_12_1_2015_12_0.json	1448989200.0	0	0	0
snapshot_12_1_2015_6_0.json	1448967600.0	0	0	0
9216744	2015-11-29T19:30:00Z	Disney On Ice Frozen	Pacific Coliseum	British Columbia Vancouver|5871	V5K4W3
snapshot_11_16_2015_0_0.json	1447650000.0	148.73	174.98	18
snapshot_11_17_2015_0_0.json	1447736400.0	148.73	174.98	18
snapshot_11_17_2015_12_0.json	1447779600.0	148.73	174.98	18
snapshot_11_17_2015_6_0.json	1447758000.0	148.73	174.98	18
snapshot_11_18_2015_0_0.json	1447822800.0	78.55	145	29
snapshot_11_18_2015_12_0.json	1447866000.0	90.25	145	20
snapshot_11_18_2015_18_0.json	1447887600.0	90.25	145	20
snapshot_11_19_2015_0_0.json	1447909200.0	90.25	174.98	24
snapshot_11_19_2015_6_0.json	1447930800.0	90.25	145	22
snapshot_11_20_2015_0_0.json	1447995600.0	56.32	145	46
snapshot_11_21_2015_12_0.json	1448125200.0	78.55	144.98	22
snapshot_11_21_2015_18_0.json	1448146800.0	78.55	144.98	23
snapshot_11_21_2015_18_0.json	1448146800.0	78.55	144.98	23
snapshot_11_22_2015_0_0.json	1448168400.0	78.55	144.98	20
snapshot_11_22_2015_18_0.json	1448233200.0	78.55	144.98	15
snapshot_11_22_2015_6_0.json	1448190000.0	78.55	144.98	15
snapshot_11_22_2015_6_0.json	1448190000.0	78.55	144.98	15
snapshot_11_23_2015_0_0.json	1448254800.0	78.55	144.98	23
snapshot_11_23_2015_12_0.json	1448298000.0	78.55	159.99	23
snapshot_11_23_2015_18_0.json	1448319600.0	78.55	137.7	19
snapshot_11_23_2015_6_0.json	1448276400.0	78.55	159.99	23
snapshot_11_24_2015_0_0.json	1448341200.0	78.55	137.7	19
snapshot_11_24_2015_12_0.json	1448384400.0	78.55	137.7	14
snapshot_11_24_2015_18_0.json	1448406000.0	78.55	65	4
snapshot_11_24_2015_6_0.json	1448362800.0	78.55	137.7	14
snapshot_11_25_2015_0_0.json	1448427600.0	77.38	79	21
snapshot_11_25_2015_0_0.json	1448427600.0	77.38	79	21
snapshot_11_25_2015_12_0.json	1448470800.0	77.38	79	21
snapshot_11_25_2015_18_0.json	1448492400.0	77.38	79	21
snapshot_11_25_2015_6_0.json	1448449200.0	77.38	79	21
snapshot_11_27_2015_18_0.json	1448665200.0	71.53	140	40
snapshot_11_27_2015_18_0.json	1448665200.0	71.53	140	40
snapshot_11_28_2015_12_0.json	1448730000.0	60.98	100	24
snapshot_11_28_2015_18_0.json	1448751600.0	60.98	95	26
snapshot_11_28_2015_6_0.json	1448708400.0	60.98	100	21
snapshot_11_29_2015_0_0.json	1448773200.0	84.4	85	12
snapshot_11_29_2015_0_0.json	1448773200.0	84.4	85	12
snapshot_11_29_2015_12_0.json	1448816400.0	84.4	70	5
snapshot_11_29_2015_18_0.json	1448838000.0	84.4	70	5
snapshot_11_29_2015_6_0.json	1448794800.0	84.4	85	9
snapshot_11_30_2015_12_0.json	1448902800.0	0	0	0
snapshot_11_30_2015_18_0.json	1448924400.0	0	0	0
snapshot_11_30_2015_18_0.json	1448924400.0	0	0	0
snapshot_11_30_2015_6_0.json	1448881200.0	0	0	0
snapshot_11_30_2015_6_0.json	1448881200.0	0	0	0
snapshot_12_1_2015_0_0.json	1448946000.0	0	0	0
snapshot_12_1_2015_12_0.json	1448989200.0	0	0	0
snapshot_12_1_2015_6_0.json	1448967600.0	0	0	0
9216744	2015-11-29T19:30:00Z	Disney On Ice Frozen	Pacific Coliseum	British Columbia Vancouver|5871	V5K4W3
snapshot_11_16_2015_0_0.json	1447650000.0	148.73	174.98	18
snapshot_11_17_2015_0_0.json	1447736400.0	148.73	174.98	18
snapshot_11_17_2015_12_0.json	1447779600.0	148.73	174.98	18
snapshot_11_17_2015_6_0.json	1447758000.0	148.73	174.98	18
snapshot_11_18_2015_0_0.json	1447822800.0	78.55	145	29
snapshot_11_18_2015_12_0.json	1447866000.0	90.25	145	20
snapshot_11_18_2015_18_0.json	1447887600.0	90.25	145	20
snapshot_11_19_2015_0_0.json	1447909200.0	90.25	174.98	24
snapshot_11_19_2015_6_0.json	1447930800.0	90.25	145	22
snapshot_11_20_2015_0_0.json	1447995600.0	56.32	145	46
snapshot_11_21_2015_12_0.json	1448125200.0	78.55	144.98	22
snapshot_11_21_2015_18_0.json	1448146800.0	78.55	144.98	23
snapshot_11_21_2015_18_0.json	1448146800.0	78.55	144.98	23
snapshot_11_22_2015_0_0.json	1448168400.0	78.55	144.98	20
snapshot_11_22_2015_18_0.json	1448233200.0	78.55	144.98	15
snapshot_11_22_2015_6_0.json	1448190000.0	78.55	144.98	15
snapshot_11_22_2015_6_0.json	1448190000.0	78.55	144.98	15
snapshot_11_23_2015_0_0.json	1448254800.0	78.55	144.98	23
snapshot_11_23_2015_12_0.json	1448298000.0	78.55	159.99	23
snapshot_11_23_2015_18_0.json	1448319600.0	78.55	137.7	19
snapshot_11_23_2015_6_0.json	1448276400.0	78.55	159.99	23
snapshot_11_24_2015_0_0.json	1448341200.0	78.55	137.7	19
snapshot_11_24_2015_12_0.json	1448384400.0	78.55	137.7	14
snapshot_11_24_2015_18_0.json	1448406000.0	78.55	65	4
snapshot_11_24_2015_6_0.json	1448362800.0	78.55	137.7	14
snapshot_11_25_2015_0_0.json	1448427600.0	77.38	79	21
snapshot_11_25_2015_0_0.json	1448427600.0	77.38	79	21
snapshot_11_25_2015_12_0.json	1448470800.0	77.38	79	21
snapshot_11_25_2015_18_0.json	1448492400.0	77.38	79	21
snapshot_11_25_2015_6_0.json	1448449200.0	77.38	79	21
snapshot_11_27_2015_18_0.json	1448665200.0	71.53	140	40
snapshot_11_27_2015_18_0.json	1448665200.0	71.53	140	40
snapshot_11_28_2015_12_0.json	1448730000.0	60.98	100	24
snapshot_11_28_2015_18_0.json	1448751600.0	60.98	95	26
snapshot_11_28_2015_6_0.json	1448708400.0	60.98	100	21
snapshot_11_29_2015_0_0.json	1448773200.0	84.4	85	12
snapshot_11_29_2015_0_0.json	1448773200.0	84.4	85	12
snapshot_11_29_2015_12_0.json	1448816400.0	84.4	70	5
snapshot_11_29_2015_18_0.json	1448838000.0	84.4	70	5
snapshot_11_29_2015_6_0.json	1448794800.0	84.4	85	9
snapshot_11_30_2015_12_0.json	1448902800.0	0	0	0
snapshot_11_30_2015_18_0.json	1448924400.0	0	0	0
snapshot_11_30_2015_18_0.json	1448924400.0	0	0	0
snapshot_11_30_2015_6_0.json	1448881200.0	0	0	0
snapshot_11_30_2015_6_0.json	1448881200.0	0	0	0
snapshot_12_1_2015_0_0.json	1448946000.0	0	0	0
snapshot_12_1_2015_12_0.json	1448989200.0	0	0	0
snapshot_12_1_2015_6_0.json	1448967600.0	0	0	0
9216744	2015-11-29T19:30:00Z	Disney On Ice Frozen	Pacific Coliseum	British Columbia Vancouver|5871	V5K4W3
snapshot_11_16_2015_0_0.json	1447650000.0	148.73	174.98	18
snapshot_11_17_2015_0_0.json	1447736400.0	148.73	174.98	18
snapshot_11_17_2015_12_0.json	1447779600.0	148.73	174.98	18
snapshot_11_17_2015_6_0.json	1447758000.0	148.73	174.98	18
snapshot_11_18_2015_0_0.json	1447822800.0	78.55	145	29
snapshot_11_18_2015_12_0.json	1447866000.0	90.25	145	20
snapshot_11_18_2015_18_0.json	1447887600.0	90.25	145	20
snapshot_11_19_2015_0_0.json	1447909200.0	90.25	174.98	24
snapshot_11_19_2015_6_0.json	1447930800.0	90.25	145	22
snapshot_11_20_2015_0_0.json	1447995600.0	56.32	145	46
snapshot_11_21_2015_12_0.json	1448125200.0	78.55	144.98	22
snapshot_11_21_2015_18_0.json	1448146800.0	78.55	144.98	23
snapshot_11_21_2015_18_0.json	1448146800.0	78.55	144.98	23
snapshot_11_22_2015_0_0.json	1448168400.0	78.55	144.98	20
snapshot_11_22_2015_18_0.json	1448233200.0	78.55	144.98	15
snapshot_11_22_2015_6_0.json	1448190000.0	78.55	144.98	15
snapshot_11_22_2015_6_0.json	1448190000.0	78.55	144.98	15
snapshot_11_23_2015_0_0.json	1448254800.0	78.55	144.98	23
snapshot_11_23_2015_12_0.json	1448298000.0	78.55	159.99	23
snapshot_11_23_2015_18_0.json	1448319600.0	78.55	137.7	19
snapshot_11_23_2015_6_0.json	1448276400.0	78.55	159.99	23
snapshot_11_24_2015_0_0.json	1448341200.0	78.55	137.7	19
snapshot_11_24_2015_12_0.json	1448384400.0	78.55	137.7	14
snapshot_11_24_2015_18_0.json	1448406000.0	78.55	65	4
snapshot_11_24_2015_6_0.json	1448362800.0	78.55	137.7	14
snapshot_11_25_2015_0_0.json	1448427600.0	77.38	79	21
snapshot_11_25_2015_0_0.json	1448427600.0	77.38	79	21
snapshot_11_25_2015_12_0.json	1448470800.0	77.38	79	21
snapshot_11_25_2015_18_0.json	1448492400.0	77.38	79	21
snapshot_11_25_2015_6_0.json	1448449200.0	77.38	79	21
snapshot_11_27_2015_18_0.json	1448665200.0	71.53	140	40
snapshot_11_27_2015_18_0.json	1448665200.0	71.53	140	40
snapshot_11_28_2015_12_0.json	1448730000.0	60.98	100	24
snapshot_11_28_2015_18_0.json	1448751600.0	60.98	95	26
snapshot_11_28_2015_6_0.json	1448708400.0	60.98	100	21
snapshot_11_29_2015_0_0.json	1448773200.0	84.4	85	12
snapshot_11_29_2015_0_0.json	1448773200.0	84.4	85	12
snapshot_11_29_2015_12_0.json	1448816400.0	84.4	70	5
snapshot_11_29_2015_18_0.json	1448838000.0	84.4	70	5
snapshot_11_29_2015_6_0.json	1448794800.0	84.4	85	9
snapshot_11_30_2015_12_0.json	1448902800.0	0	0	0
snapshot_11_30_2015_18_0.json	1448924400.0	0	0	0
snapshot_11_30_2015_18_0.json	1448924400.0	0	0	0
snapshot_11_30_2015_6_0.json	1448881200.0	0	0	0
snapshot_11_30_2015_6_0.json	1448881200.0	0	0	0
snapshot_12_1_2015_0_0.json	1448946000.0	0	0	0
snapshot_12_1_2015_12_0.json	1448989200.0	0	0	0
snapshot_12_1_2015_6_0.json	1448967600.0	0	0	0
