9216275	2015-11-21T20:31:00Z	Ole Miss Rebels	Vaught Hemingway Stadium Parking Lots	Mississippi Jackson|5543	38677
snapshot_11_16_2015_0_0.json	1447650000.0	81.3	420	30
snapshot_11_17_2015_0_0.json	1447736400.0	87.15	420	29
snapshot_11_17_2015_12_0.json	1447779600.0	69.6	420	27
snapshot_11_17_2015_18_0.json	1447801200.0	81.3	420	22
snapshot_11_18_2015_0_0.json	1447822800.0	81.3	420	22
snapshot_11_18_2015_12_0.json	1447866000.0	98.85	420	16
snapshot_11_18_2015_18_0.json	1447887600.0	93	420	17
snapshot_11_18_2015_6_0.json	1447844400.0	98.85	420	18
snapshot_11_19_2015_0_0.json	1447909200.0	127.75	300	12
snapshot_11_19_2015_12_0.json	1447952400.0	126.93	300	11
snapshot_11_19_2015_6_0.json	1447930800.0	126.93	300	12
snapshot_11_20_2015_0_0.json	1447995600.0	127.69	130	3
snapshot_11_20_2015_12_0.json	1448038800.0	127.69	130	2
snapshot_11_20_2015_12_0.json	1448038800.0	127.69	130	2
snapshot_11_21_2015_12_0.json	1448125200.0	107.8	100	4
snapshot_11_21_2015_18_0.json	1448146800.0	0	0	0
snapshot_11_22_2015_0_0.json	1448168400.0	0	0	0
snapshot_11_22_2015_18_0.json	1448233200.0	0	0	0
snapshot_11_23_2015_0_0.json	1448254800.0	0	0	0
snapshot_11_23_2015_12_0.json	1448298000.0	0	0	0
snapshot_11_23_2015_6_0.json	1448276400.0	0	0	0
snapshot_11_23_2015_6_0.json	1448276400.0	0	0	0
9216275	2015-11-21T20:31:00Z	Ole Miss Rebels	Vaught Hemingway Stadium Parking Lots	Mississippi Jackson|5543	38677
snapshot_11_16_2015_0_0.json	1447650000.0	81.3	420	30
snapshot_11_17_2015_0_0.json	1447736400.0	87.15	420	29
snapshot_11_17_2015_12_0.json	1447779600.0	69.6	420	27
snapshot_11_17_2015_18_0.json	1447801200.0	81.3	420	22
snapshot_11_18_2015_0_0.json	1447822800.0	81.3	420	22
snapshot_11_18_2015_12_0.json	1447866000.0	98.85	420	16
snapshot_11_18_2015_18_0.json	1447887600.0	93	420	17
snapshot_11_18_2015_6_0.json	1447844400.0	98.85	420	18
snapshot_11_19_2015_0_0.json	1447909200.0	127.75	300	12
snapshot_11_19_2015_12_0.json	1447952400.0	126.93	300	11
snapshot_11_19_2015_6_0.json	1447930800.0	126.93	300	12
snapshot_11_20_2015_0_0.json	1447995600.0	127.69	130	3
snapshot_11_20_2015_12_0.json	1448038800.0	127.69	130	2
snapshot_11_20_2015_12_0.json	1448038800.0	127.69	130	2
snapshot_11_21_2015_12_0.json	1448125200.0	107.8	100	4
snapshot_11_21_2015_18_0.json	1448146800.0	0	0	0
snapshot_11_22_2015_0_0.json	1448168400.0	0	0	0
snapshot_11_22_2015_18_0.json	1448233200.0	0	0	0
snapshot_11_23_2015_0_0.json	1448254800.0	0	0	0
snapshot_11_23_2015_12_0.json	1448298000.0	0	0	0
snapshot_11_23_2015_6_0.json	1448276400.0	0	0	0
snapshot_11_23_2015_6_0.json	1448276400.0	0	0	0
9216275	2015-11-21T20:31:00Z	Ole Miss Rebels	Vaught Hemingway Stadium Parking Lots	Mississippi Jackson|5543	38677
snapshot_11_16_2015_0_0.json	1447650000.0	81.3	420	30
snapshot_11_17_2015_0_0.json	1447736400.0	87.15	420	29
snapshot_11_17_2015_12_0.json	1447779600.0	69.6	420	27
snapshot_11_17_2015_18_0.json	1447801200.0	81.3	420	22
snapshot_11_18_2015_0_0.json	1447822800.0	81.3	420	22
snapshot_11_18_2015_12_0.json	1447866000.0	98.85	420	16
snapshot_11_18_2015_18_0.json	1447887600.0	93	420	17
snapshot_11_18_2015_6_0.json	1447844400.0	98.85	420	18
snapshot_11_19_2015_0_0.json	1447909200.0	127.75	300	12
snapshot_11_19_2015_12_0.json	1447952400.0	126.93	300	11
snapshot_11_19_2015_6_0.json	1447930800.0	126.93	300	12
snapshot_11_20_2015_0_0.json	1447995600.0	127.69	130	3
snapshot_11_20_2015_12_0.json	1448038800.0	127.69	130	2
snapshot_11_20_2015_12_0.json	1448038800.0	127.69	130	2
snapshot_11_21_2015_12_0.json	1448125200.0	107.8	100	4
snapshot_11_21_2015_18_0.json	1448146800.0	0	0	0
snapshot_11_22_2015_0_0.json	1448168400.0	0	0	0
snapshot_11_22_2015_18_0.json	1448233200.0	0	0	0
snapshot_11_23_2015_0_0.json	1448254800.0	0	0	0
snapshot_11_23_2015_12_0.json	1448298000.0	0	0	0
snapshot_11_23_2015_6_0.json	1448276400.0	0	0	0
snapshot_11_23_2015_6_0.json	1448276400.0	0	0	0
9216275	2015-11-21T20:31:00Z	Ole Miss Rebels	Vaught Hemingway Stadium Parking Lots	Mississippi Jackson|5543	38677
snapshot_11_16_2015_0_0.json	1447650000.0	81.3	420	30
snapshot_11_17_2015_0_0.json	1447736400.0	87.15	420	29
snapshot_11_17_2015_12_0.json	1447779600.0	69.6	420	27
snapshot_11_17_2015_18_0.json	1447801200.0	81.3	420	22
snapshot_11_18_2015_0_0.json	1447822800.0	81.3	420	22
snapshot_11_18_2015_12_0.json	1447866000.0	98.85	420	16
snapshot_11_18_2015_18_0.json	1447887600.0	93	420	17
snapshot_11_18_2015_6_0.json	1447844400.0	98.85	420	18
snapshot_11_19_2015_0_0.json	1447909200.0	127.75	300	12
snapshot_11_19_2015_12_0.json	1447952400.0	126.93	300	11
snapshot_11_19_2015_6_0.json	1447930800.0	126.93	300	12
snapshot_11_20_2015_0_0.json	1447995600.0	127.69	130	3
snapshot_11_20_2015_12_0.json	1448038800.0	127.69	130	2
snapshot_11_20_2015_12_0.json	1448038800.0	127.69	130	2
snapshot_11_21_2015_12_0.json	1448125200.0	107.8	100	4
snapshot_11_21_2015_18_0.json	1448146800.0	0	0	0
snapshot_11_22_2015_0_0.json	1448168400.0	0	0	0
snapshot_11_22_2015_18_0.json	1448233200.0	0	0	0
snapshot_11_23_2015_0_0.json	1448254800.0	0	0	0
snapshot_11_23_2015_12_0.json	1448298000.0	0	0	0
snapshot_11_23_2015_6_0.json	1448276400.0	0	0	0
snapshot_11_23_2015_6_0.json	1448276400.0	0	0	0
