9216137	2015-12-27T19:00:00Z	Disney On Ice Frozen	Citizens Business Bank Arena	California Los Angeles Metro|10	91764
snapshot_11_16_2015_0_0.json	1447650000.0	57.49	555	853
snapshot_11_16_2015_0_0.json	1447650000.0	57.49	555	853
snapshot_11_17_2015_0_0.json	1447736400.0	57.49	555	853
snapshot_11_17_2015_12_0.json	1447779600.0	57.49	555	853
snapshot_11_18_2015_0_0.json	1447822800.0	57.49	555	853
snapshot_11_18_2015_0_0.json	1447822800.0	57.49	555	853
snapshot_11_18_2015_12_0.json	1447866000.0	57.49	555	853
snapshot_11_18_2015_18_0.json	1447887600.0	57.49	555	848
snapshot_11_18_2015_6_0.json	1447844400.0	57.49	555	853
snapshot_11_18_2015_6_0.json	1447844400.0	57.49	555	853
snapshot_11_19_2015_6_0.json	1447930800.0	57.49	555	845
snapshot_11_20_2015_0_0.json	1447995600.0	57.49	555	855
snapshot_11_21_2015_18_0.json	1448146800.0	57.49	555	837
snapshot_11_22_2015_0_0.json	1448168400.0	57.49	555	837
snapshot_11_22_2015_12_0.json	1448211600.0	57.49	555	837
snapshot_11_22_2015_18_0.json	1448233200.0	57.49	555	837
snapshot_11_22_2015_18_0.json	1448233200.0	57.49	555	837
snapshot_11_22_2015_6_0.json	1448190000.0	57.49	555	837
snapshot_11_22_2015_6_0.json	1448190000.0	57.49	555	837
snapshot_11_23_2015_0_0.json	1448254800.0	57.49	555	837
snapshot_11_23_2015_12_0.json	1448298000.0	57.49	555	833
snapshot_11_23_2015_6_0.json	1448276400.0	57.49	555	829
snapshot_11_24_2015_0_0.json	1448341200.0	57.49	555	830
snapshot_11_24_2015_18_0.json	1448406000.0	57.49	555	825
snapshot_11_25_2015_0_0.json	1448427600.0	57.49	555	825
snapshot_11_25_2015_12_0.json	1448470800.0	57.49	555	825
snapshot_11_25_2015_6_0.json	1448449200.0	57.49	555	825
snapshot_11_27_2015_18_0.json	1448665200.0	57.49	555	831
snapshot_11_28_2015_12_0.json	1448730000.0	57.49	555	831
snapshot_11_28_2015_6_0.json	1448708400.0	57.49	555	831
snapshot_11_28_2015_6_0.json	1448708400.0	57.49	555	831
snapshot_11_29_2015_0_0.json	1448773200.0	55.15	555	838
snapshot_11_29_2015_18_0.json	1448838000.0	55.15	555	838
snapshot_11_29_2015_6_0.json	1448794800.0	55.15	555	838
snapshot_11_30_2015_0_0.json	1448859600.0	55.15	555	835
snapshot_11_30_2015_0_0.json	1448859600.0	55.15	555	835
snapshot_11_30_2015_12_0.json	1448902800.0	55.15	555	830
snapshot_11_30_2015_12_0.json	1448902800.0	55.15	555	830
snapshot_11_30_2015_18_0.json	1448924400.0	46.54	555	826
snapshot_11_30_2015_6_0.json	1448881200.0	55.15	555	830
snapshot_12_1_2015_6_0.json	1448967600.0	46.54	555	837
snapshot_12_1_2015_6_0.json	1448967600.0	46.54	555	837
snapshot_12_2_2015_0_0.json	1449032400.0	46.54	555	812
snapshot_12_2_2015_12_0.json	1449075600.0	46.54	555	799
snapshot_12_2_2015_18_0.json	1449097200.0	46.54	555	796
snapshot_12_3_2015_12_0.json	1449162000.0	46.54	555	799
snapshot_12_3_2015_18_0.json	1449183600.0	46.54	555	799
snapshot_12_3_2015_18_0.json	1449183600.0	46.54	555	799
snapshot_12_4_2015_0_0.json	1449205200.0	46.54	555	799
snapshot_12_4_2015_12_0.json	1449248400.0	46.54	555	788
snapshot_12_4_2015_18_0.json	1449270000.0	46.54	555	775
snapshot_12_4_2015_6_0.json	1449226800.0	46.54	555	788
snapshot_12_5_2015_12_0.json	1449334800.0	46.54	555	761
snapshot_12_5_2015_12_0.json	1449334800.0	46.54	555	761
snapshot_12_5_2015_18_0.json	1449356400.0	46.54	555	758
snapshot_12_5_2015_6_0.json	1449313200.0	46.54	555	766
9216137	2015-12-27T19:00:00Z	Disney On Ice Frozen	Citizens Business Bank Arena	California Los Angeles Metro|10	91764
snapshot_11_16_2015_0_0.json	1447650000.0	57.49	555	853
snapshot_11_16_2015_0_0.json	1447650000.0	57.49	555	853
snapshot_11_17_2015_0_0.json	1447736400.0	57.49	555	853
snapshot_11_17_2015_12_0.json	1447779600.0	57.49	555	853
snapshot_11_18_2015_0_0.json	1447822800.0	57.49	555	853
snapshot_11_18_2015_0_0.json	1447822800.0	57.49	555	853
snapshot_11_18_2015_12_0.json	1447866000.0	57.49	555	853
snapshot_11_18_2015_18_0.json	1447887600.0	57.49	555	848
snapshot_11_18_2015_6_0.json	1447844400.0	57.49	555	853
snapshot_11_18_2015_6_0.json	1447844400.0	57.49	555	853
snapshot_11_19_2015_6_0.json	1447930800.0	57.49	555	845
snapshot_11_20_2015_0_0.json	1447995600.0	57.49	555	855
snapshot_11_21_2015_18_0.json	1448146800.0	57.49	555	837
snapshot_11_22_2015_0_0.json	1448168400.0	57.49	555	837
snapshot_11_22_2015_12_0.json	1448211600.0	57.49	555	837
snapshot_11_22_2015_18_0.json	1448233200.0	57.49	555	837
snapshot_11_22_2015_18_0.json	1448233200.0	57.49	555	837
snapshot_11_22_2015_6_0.json	1448190000.0	57.49	555	837
snapshot_11_22_2015_6_0.json	1448190000.0	57.49	555	837
snapshot_11_23_2015_0_0.json	1448254800.0	57.49	555	837
snapshot_11_23_2015_12_0.json	1448298000.0	57.49	555	833
snapshot_11_23_2015_6_0.json	1448276400.0	57.49	555	829
snapshot_11_24_2015_0_0.json	1448341200.0	57.49	555	830
snapshot_11_24_2015_18_0.json	1448406000.0	57.49	555	825
snapshot_11_25_2015_0_0.json	1448427600.0	57.49	555	825
snapshot_11_25_2015_12_0.json	1448470800.0	57.49	555	825
snapshot_11_25_2015_6_0.json	1448449200.0	57.49	555	825
snapshot_11_27_2015_18_0.json	1448665200.0	57.49	555	831
snapshot_11_28_2015_12_0.json	1448730000.0	57.49	555	831
snapshot_11_28_2015_6_0.json	1448708400.0	57.49	555	831
snapshot_11_28_2015_6_0.json	1448708400.0	57.49	555	831
snapshot_11_29_2015_0_0.json	1448773200.0	55.15	555	838
snapshot_11_29_2015_18_0.json	1448838000.0	55.15	555	838
snapshot_11_29_2015_6_0.json	1448794800.0	55.15	555	838
snapshot_11_30_2015_0_0.json	1448859600.0	55.15	555	835
snapshot_11_30_2015_0_0.json	1448859600.0	55.15	555	835
snapshot_11_30_2015_12_0.json	1448902800.0	55.15	555	830
snapshot_11_30_2015_12_0.json	1448902800.0	55.15	555	830
snapshot_11_30_2015_18_0.json	1448924400.0	46.54	555	826
snapshot_11_30_2015_6_0.json	1448881200.0	55.15	555	830
snapshot_12_1_2015_6_0.json	1448967600.0	46.54	555	837
snapshot_12_1_2015_6_0.json	1448967600.0	46.54	555	837
snapshot_12_2_2015_0_0.json	1449032400.0	46.54	555	812
snapshot_12_2_2015_12_0.json	1449075600.0	46.54	555	799
snapshot_12_2_2015_18_0.json	1449097200.0	46.54	555	796
snapshot_12_3_2015_12_0.json	1449162000.0	46.54	555	799
snapshot_12_3_2015_18_0.json	1449183600.0	46.54	555	799
snapshot_12_3_2015_18_0.json	1449183600.0	46.54	555	799
snapshot_12_4_2015_0_0.json	1449205200.0	46.54	555	799
snapshot_12_4_2015_12_0.json	1449248400.0	46.54	555	788
snapshot_12_4_2015_18_0.json	1449270000.0	46.54	555	775
snapshot_12_4_2015_6_0.json	1449226800.0	46.54	555	788
snapshot_12_5_2015_12_0.json	1449334800.0	46.54	555	761
snapshot_12_5_2015_12_0.json	1449334800.0	46.54	555	761
snapshot_12_5_2015_18_0.json	1449356400.0	46.54	555	758
snapshot_12_5_2015_6_0.json	1449313200.0	46.54	555	766
9216137	2015-12-27T19:00:00Z	Disney On Ice Frozen	Citizens Business Bank Arena	California Los Angeles Metro|10	91764
snapshot_11_16_2015_0_0.json	1447650000.0	57.49	555	853
snapshot_11_16_2015_0_0.json	1447650000.0	57.49	555	853
snapshot_11_17_2015_0_0.json	1447736400.0	57.49	555	853
snapshot_11_17_2015_12_0.json	1447779600.0	57.49	555	853
snapshot_11_18_2015_0_0.json	1447822800.0	57.49	555	853
snapshot_11_18_2015_0_0.json	1447822800.0	57.49	555	853
snapshot_11_18_2015_12_0.json	1447866000.0	57.49	555	853
snapshot_11_18_2015_18_0.json	1447887600.0	57.49	555	848
snapshot_11_18_2015_6_0.json	1447844400.0	57.49	555	853
snapshot_11_18_2015_6_0.json	1447844400.0	57.49	555	853
snapshot_11_19_2015_6_0.json	1447930800.0	57.49	555	845
snapshot_11_20_2015_0_0.json	1447995600.0	57.49	555	855
snapshot_11_21_2015_18_0.json	1448146800.0	57.49	555	837
snapshot_11_22_2015_0_0.json	1448168400.0	57.49	555	837
snapshot_11_22_2015_12_0.json	1448211600.0	57.49	555	837
snapshot_11_22_2015_18_0.json	1448233200.0	57.49	555	837
snapshot_11_22_2015_18_0.json	1448233200.0	57.49	555	837
snapshot_11_22_2015_6_0.json	1448190000.0	57.49	555	837
snapshot_11_22_2015_6_0.json	1448190000.0	57.49	555	837
snapshot_11_23_2015_0_0.json	1448254800.0	57.49	555	837
snapshot_11_23_2015_12_0.json	1448298000.0	57.49	555	833
snapshot_11_23_2015_6_0.json	1448276400.0	57.49	555	829
snapshot_11_24_2015_0_0.json	1448341200.0	57.49	555	830
snapshot_11_24_2015_18_0.json	1448406000.0	57.49	555	825
snapshot_11_25_2015_0_0.json	1448427600.0	57.49	555	825
snapshot_11_25_2015_12_0.json	1448470800.0	57.49	555	825
snapshot_11_25_2015_6_0.json	1448449200.0	57.49	555	825
snapshot_11_27_2015_18_0.json	1448665200.0	57.49	555	831
snapshot_11_28_2015_12_0.json	1448730000.0	57.49	555	831
snapshot_11_28_2015_6_0.json	1448708400.0	57.49	555	831
snapshot_11_28_2015_6_0.json	1448708400.0	57.49	555	831
snapshot_11_29_2015_0_0.json	1448773200.0	55.15	555	838
snapshot_11_29_2015_18_0.json	1448838000.0	55.15	555	838
snapshot_11_29_2015_6_0.json	1448794800.0	55.15	555	838
snapshot_11_30_2015_0_0.json	1448859600.0	55.15	555	835
snapshot_11_30_2015_0_0.json	1448859600.0	55.15	555	835
snapshot_11_30_2015_12_0.json	1448902800.0	55.15	555	830
snapshot_11_30_2015_12_0.json	1448902800.0	55.15	555	830
snapshot_11_30_2015_18_0.json	1448924400.0	46.54	555	826
snapshot_11_30_2015_6_0.json	1448881200.0	55.15	555	830
snapshot_12_1_2015_6_0.json	1448967600.0	46.54	555	837
snapshot_12_1_2015_6_0.json	1448967600.0	46.54	555	837
snapshot_12_2_2015_0_0.json	1449032400.0	46.54	555	812
snapshot_12_2_2015_12_0.json	1449075600.0	46.54	555	799
snapshot_12_2_2015_18_0.json	1449097200.0	46.54	555	796
snapshot_12_3_2015_12_0.json	1449162000.0	46.54	555	799
snapshot_12_3_2015_18_0.json	1449183600.0	46.54	555	799
snapshot_12_3_2015_18_0.json	1449183600.0	46.54	555	799
snapshot_12_4_2015_0_0.json	1449205200.0	46.54	555	799
snapshot_12_4_2015_12_0.json	1449248400.0	46.54	555	788
snapshot_12_4_2015_18_0.json	1449270000.0	46.54	555	775
snapshot_12_4_2015_6_0.json	1449226800.0	46.54	555	788
snapshot_12_5_2015_12_0.json	1449334800.0	46.54	555	761
snapshot_12_5_2015_12_0.json	1449334800.0	46.54	555	761
snapshot_12_5_2015_18_0.json	1449356400.0	46.54	555	758
snapshot_12_5_2015_6_0.json	1449313200.0	46.54	555	766
9216137	2015-12-27T19:00:00Z	Disney On Ice Frozen	Citizens Business Bank Arena	California Los Angeles Metro|10	91764
snapshot_11_16_2015_0_0.json	1447650000.0	57.49	555	853
snapshot_11_16_2015_0_0.json	1447650000.0	57.49	555	853
snapshot_11_17_2015_0_0.json	1447736400.0	57.49	555	853
snapshot_11_17_2015_12_0.json	1447779600.0	57.49	555	853
snapshot_11_18_2015_0_0.json	1447822800.0	57.49	555	853
snapshot_11_18_2015_0_0.json	1447822800.0	57.49	555	853
snapshot_11_18_2015_12_0.json	1447866000.0	57.49	555	853
snapshot_11_18_2015_18_0.json	1447887600.0	57.49	555	848
snapshot_11_18_2015_6_0.json	1447844400.0	57.49	555	853
snapshot_11_18_2015_6_0.json	1447844400.0	57.49	555	853
snapshot_11_19_2015_6_0.json	1447930800.0	57.49	555	845
snapshot_11_20_2015_0_0.json	1447995600.0	57.49	555	855
snapshot_11_21_2015_18_0.json	1448146800.0	57.49	555	837
snapshot_11_22_2015_0_0.json	1448168400.0	57.49	555	837
snapshot_11_22_2015_12_0.json	1448211600.0	57.49	555	837
snapshot_11_22_2015_18_0.json	1448233200.0	57.49	555	837
snapshot_11_22_2015_18_0.json	1448233200.0	57.49	555	837
snapshot_11_22_2015_6_0.json	1448190000.0	57.49	555	837
snapshot_11_22_2015_6_0.json	1448190000.0	57.49	555	837
snapshot_11_23_2015_0_0.json	1448254800.0	57.49	555	837
snapshot_11_23_2015_12_0.json	1448298000.0	57.49	555	833
snapshot_11_23_2015_6_0.json	1448276400.0	57.49	555	829
snapshot_11_24_2015_0_0.json	1448341200.0	57.49	555	830
snapshot_11_24_2015_18_0.json	1448406000.0	57.49	555	825
snapshot_11_25_2015_0_0.json	1448427600.0	57.49	555	825
snapshot_11_25_2015_12_0.json	1448470800.0	57.49	555	825
snapshot_11_25_2015_6_0.json	1448449200.0	57.49	555	825
snapshot_11_27_2015_18_0.json	1448665200.0	57.49	555	831
snapshot_11_28_2015_12_0.json	1448730000.0	57.49	555	831
snapshot_11_28_2015_6_0.json	1448708400.0	57.49	555	831
snapshot_11_28_2015_6_0.json	1448708400.0	57.49	555	831
snapshot_11_29_2015_0_0.json	1448773200.0	55.15	555	838
snapshot_11_29_2015_18_0.json	1448838000.0	55.15	555	838
snapshot_11_29_2015_6_0.json	1448794800.0	55.15	555	838
snapshot_11_30_2015_0_0.json	1448859600.0	55.15	555	835
snapshot_11_30_2015_0_0.json	1448859600.0	55.15	555	835
snapshot_11_30_2015_12_0.json	1448902800.0	55.15	555	830
snapshot_11_30_2015_12_0.json	1448902800.0	55.15	555	830
snapshot_11_30_2015_18_0.json	1448924400.0	46.54	555	826
snapshot_11_30_2015_6_0.json	1448881200.0	55.15	555	830
snapshot_12_1_2015_6_0.json	1448967600.0	46.54	555	837
snapshot_12_1_2015_6_0.json	1448967600.0	46.54	555	837
snapshot_12_2_2015_0_0.json	1449032400.0	46.54	555	812
snapshot_12_2_2015_12_0.json	1449075600.0	46.54	555	799
snapshot_12_2_2015_18_0.json	1449097200.0	46.54	555	796
snapshot_12_3_2015_12_0.json	1449162000.0	46.54	555	799
snapshot_12_3_2015_18_0.json	1449183600.0	46.54	555	799
snapshot_12_3_2015_18_0.json	1449183600.0	46.54	555	799
snapshot_12_4_2015_0_0.json	1449205200.0	46.54	555	799
snapshot_12_4_2015_12_0.json	1449248400.0	46.54	555	788
snapshot_12_4_2015_18_0.json	1449270000.0	46.54	555	775
snapshot_12_4_2015_6_0.json	1449226800.0	46.54	555	788
snapshot_12_5_2015_12_0.json	1449334800.0	46.54	555	761
snapshot_12_5_2015_12_0.json	1449334800.0	46.54	555	761
snapshot_12_5_2015_18_0.json	1449356400.0	46.54	555	758
snapshot_12_5_2015_6_0.json	1449313200.0	46.54	555	766
