9216746	2015-11-30T03:00:00Z	Disney On Ice Frozen	Pacific Coliseum	British Columbia Vancouver|5871	V5K4W3
snapshot_11_16_2015_0_0.json	1447650000.0	71.53	154	40
snapshot_11_17_2015_0_0.json	1447736400.0	71.53	154	40
snapshot_11_17_2015_12_0.json	1447779600.0	71.53	154	31
snapshot_11_17_2015_18_0.json	1447801200.0	71.53	154	31
snapshot_11_18_2015_0_0.json	1447822800.0	55.15	154	16
snapshot_11_18_2015_12_0.json	1447866000.0	55.15	132.22	12
snapshot_11_18_2015_12_0.json	1447866000.0	55.15	132.22	12
snapshot_11_18_2015_18_0.json	1447887600.0	55.15	132.22	12
snapshot_11_18_2015_6_0.json	1447844400.0	55.15	132.22	12
snapshot_11_19_2015_0_0.json	1447909200.0	55.15	134.98	22
snapshot_11_19_2015_12_0.json	1447952400.0	55.15	134.98	20
snapshot_11_19_2015_6_0.json	1447930800.0	55.15	134.98	22
snapshot_11_20_2015_0_0.json	1447995600.0	55.15	134.98	13
snapshot_11_21_2015_12_0.json	1448125200.0	55.15	134.98	13
snapshot_11_21_2015_18_0.json	1448146800.0	55.15	134.98	13
snapshot_11_22_2015_0_0.json	1448168400.0	55.15	134.98	13
snapshot_11_22_2015_0_0.json	1448168400.0	55.15	134.98	13
snapshot_11_22_2015_12_0.json	1448211600.0	55.15	134.98	13
snapshot_11_22_2015_18_0.json	1448233200.0	55.15	134.98	13
snapshot_11_23_2015_0_0.json	1448254800.0	55.15	134.98	13
snapshot_11_23_2015_12_0.json	1448298000.0	55.15	139.99	9
snapshot_11_23_2015_18_0.json	1448319600.0	55.15	139.99	9
snapshot_11_23_2015_6_0.json	1448276400.0	55.15	139.99	9
snapshot_11_24_2015_0_0.json	1448341200.0	55.15	144.99	9
snapshot_11_24_2015_12_0.json	1448384400.0	55.15	144.99	9
snapshot_11_24_2015_12_0.json	1448384400.0	55.15	144.99	9
snapshot_11_24_2015_18_0.json	1448406000.0	55.15	144.99	7
snapshot_11_24_2015_6_0.json	1448362800.0	55.15	144.99	9
snapshot_11_25_2015_12_0.json	1448470800.0	55.15	45	1
snapshot_11_25_2015_18_0.json	1448492400.0	55.15	45	1
snapshot_11_25_2015_18_0.json	1448492400.0	55.15	45	1
snapshot_11_26_2015_0_0.json	1448514000.0	55.15	149.98	9
snapshot_11_27_2015_18_0.json	1448665200.0	55.15	99.98	21
snapshot_11_27_2015_18_0.json	1448665200.0	55.15	99.98	21
snapshot_11_28_2015_0_0.json	1448686800.0	49.28	75.98	28
snapshot_11_28_2015_12_0.json	1448730000.0	55.15	75.98	16
snapshot_11_28_2015_12_0.json	1448730000.0	55.15	75.98	16
snapshot_11_28_2015_18_0.json	1448751600.0	41.11	75.98	12
snapshot_11_28_2015_6_0.json	1448708400.0	55.15	75.98	18
snapshot_11_28_2015_6_0.json	1448708400.0	55.15	75.98	18
snapshot_11_29_2015_0_0.json	1448773200.0	41.11	72.99	4
snapshot_11_29_2015_12_0.json	1448816400.0	41.11	33	1
snapshot_11_29_2015_6_0.json	1448794800.0	41.11	33	1
snapshot_11_30_2015_0_0.json	1448859600.0	0	0	0
snapshot_11_30_2015_12_0.json	1448902800.0	0	0	0
snapshot_11_30_2015_18_0.json	1448924400.0	0	0	0
snapshot_11_30_2015_6_0.json	1448881200.0	0	0	0
snapshot_12_1_2015_0_0.json	1448946000.0	0	0	0
snapshot_12_1_2015_12_0.json	1448989200.0	0	0	0
snapshot_12_1_2015_6_0.json	1448967600.0	0	0	0
9216746	2015-11-30T03:00:00Z	Disney On Ice Frozen	Pacific Coliseum	British Columbia Vancouver|5871	V5K4W3
snapshot_11_16_2015_0_0.json	1447650000.0	71.53	154	40
snapshot_11_17_2015_0_0.json	1447736400.0	71.53	154	40
snapshot_11_17_2015_12_0.json	1447779600.0	71.53	154	31
snapshot_11_17_2015_18_0.json	1447801200.0	71.53	154	31
snapshot_11_18_2015_0_0.json	1447822800.0	55.15	154	16
snapshot_11_18_2015_12_0.json	1447866000.0	55.15	132.22	12
snapshot_11_18_2015_12_0.json	1447866000.0	55.15	132.22	12
snapshot_11_18_2015_18_0.json	1447887600.0	55.15	132.22	12
snapshot_11_18_2015_6_0.json	1447844400.0	55.15	132.22	12
snapshot_11_19_2015_0_0.json	1447909200.0	55.15	134.98	22
snapshot_11_19_2015_12_0.json	1447952400.0	55.15	134.98	20
snapshot_11_19_2015_6_0.json	1447930800.0	55.15	134.98	22
snapshot_11_20_2015_0_0.json	1447995600.0	55.15	134.98	13
snapshot_11_21_2015_12_0.json	1448125200.0	55.15	134.98	13
snapshot_11_21_2015_18_0.json	1448146800.0	55.15	134.98	13
snapshot_11_22_2015_0_0.json	1448168400.0	55.15	134.98	13
snapshot_11_22_2015_0_0.json	1448168400.0	55.15	134.98	13
snapshot_11_22_2015_12_0.json	1448211600.0	55.15	134.98	13
snapshot_11_22_2015_18_0.json	1448233200.0	55.15	134.98	13
snapshot_11_23_2015_0_0.json	1448254800.0	55.15	134.98	13
snapshot_11_23_2015_12_0.json	1448298000.0	55.15	139.99	9
snapshot_11_23_2015_18_0.json	1448319600.0	55.15	139.99	9
snapshot_11_23_2015_6_0.json	1448276400.0	55.15	139.99	9
snapshot_11_24_2015_0_0.json	1448341200.0	55.15	144.99	9
snapshot_11_24_2015_12_0.json	1448384400.0	55.15	144.99	9
snapshot_11_24_2015_12_0.json	1448384400.0	55.15	144.99	9
snapshot_11_24_2015_18_0.json	1448406000.0	55.15	144.99	7
snapshot_11_24_2015_6_0.json	1448362800.0	55.15	144.99	9
snapshot_11_25_2015_12_0.json	1448470800.0	55.15	45	1
snapshot_11_25_2015_18_0.json	1448492400.0	55.15	45	1
snapshot_11_25_2015_18_0.json	1448492400.0	55.15	45	1
snapshot_11_26_2015_0_0.json	1448514000.0	55.15	149.98	9
snapshot_11_27_2015_18_0.json	1448665200.0	55.15	99.98	21
snapshot_11_27_2015_18_0.json	1448665200.0	55.15	99.98	21
snapshot_11_28_2015_0_0.json	1448686800.0	49.28	75.98	28
snapshot_11_28_2015_12_0.json	1448730000.0	55.15	75.98	16
snapshot_11_28_2015_12_0.json	1448730000.0	55.15	75.98	16
snapshot_11_28_2015_18_0.json	1448751600.0	41.11	75.98	12
snapshot_11_28_2015_6_0.json	1448708400.0	55.15	75.98	18
snapshot_11_28_2015_6_0.json	1448708400.0	55.15	75.98	18
snapshot_11_29_2015_0_0.json	1448773200.0	41.11	72.99	4
snapshot_11_29_2015_12_0.json	1448816400.0	41.11	33	1
snapshot_11_29_2015_6_0.json	1448794800.0	41.11	33	1
snapshot_11_30_2015_0_0.json	1448859600.0	0	0	0
snapshot_11_30_2015_12_0.json	1448902800.0	0	0	0
snapshot_11_30_2015_18_0.json	1448924400.0	0	0	0
snapshot_11_30_2015_6_0.json	1448881200.0	0	0	0
snapshot_12_1_2015_0_0.json	1448946000.0	0	0	0
snapshot_12_1_2015_12_0.json	1448989200.0	0	0	0
snapshot_12_1_2015_6_0.json	1448967600.0	0	0	0
9216746	2015-11-30T03:00:00Z	Disney On Ice Frozen	Pacific Coliseum	British Columbia Vancouver|5871	V5K4W3
snapshot_11_16_2015_0_0.json	1447650000.0	71.53	154	40
snapshot_11_17_2015_0_0.json	1447736400.0	71.53	154	40
snapshot_11_17_2015_12_0.json	1447779600.0	71.53	154	31
snapshot_11_17_2015_18_0.json	1447801200.0	71.53	154	31
snapshot_11_18_2015_0_0.json	1447822800.0	55.15	154	16
snapshot_11_18_2015_12_0.json	1447866000.0	55.15	132.22	12
snapshot_11_18_2015_12_0.json	1447866000.0	55.15	132.22	12
snapshot_11_18_2015_18_0.json	1447887600.0	55.15	132.22	12
snapshot_11_18_2015_6_0.json	1447844400.0	55.15	132.22	12
snapshot_11_19_2015_0_0.json	1447909200.0	55.15	134.98	22
snapshot_11_19_2015_12_0.json	1447952400.0	55.15	134.98	20
snapshot_11_19_2015_6_0.json	1447930800.0	55.15	134.98	22
snapshot_11_20_2015_0_0.json	1447995600.0	55.15	134.98	13
snapshot_11_21_2015_12_0.json	1448125200.0	55.15	134.98	13
snapshot_11_21_2015_18_0.json	1448146800.0	55.15	134.98	13
snapshot_11_22_2015_0_0.json	1448168400.0	55.15	134.98	13
snapshot_11_22_2015_0_0.json	1448168400.0	55.15	134.98	13
snapshot_11_22_2015_12_0.json	1448211600.0	55.15	134.98	13
snapshot_11_22_2015_18_0.json	1448233200.0	55.15	134.98	13
snapshot_11_23_2015_0_0.json	1448254800.0	55.15	134.98	13
snapshot_11_23_2015_12_0.json	1448298000.0	55.15	139.99	9
snapshot_11_23_2015_18_0.json	1448319600.0	55.15	139.99	9
snapshot_11_23_2015_6_0.json	1448276400.0	55.15	139.99	9
snapshot_11_24_2015_0_0.json	1448341200.0	55.15	144.99	9
snapshot_11_24_2015_12_0.json	1448384400.0	55.15	144.99	9
snapshot_11_24_2015_12_0.json	1448384400.0	55.15	144.99	9
snapshot_11_24_2015_18_0.json	1448406000.0	55.15	144.99	7
snapshot_11_24_2015_6_0.json	1448362800.0	55.15	144.99	9
snapshot_11_25_2015_12_0.json	1448470800.0	55.15	45	1
snapshot_11_25_2015_18_0.json	1448492400.0	55.15	45	1
snapshot_11_25_2015_18_0.json	1448492400.0	55.15	45	1
snapshot_11_26_2015_0_0.json	1448514000.0	55.15	149.98	9
snapshot_11_27_2015_18_0.json	1448665200.0	55.15	99.98	21
snapshot_11_27_2015_18_0.json	1448665200.0	55.15	99.98	21
snapshot_11_28_2015_0_0.json	1448686800.0	49.28	75.98	28
snapshot_11_28_2015_12_0.json	1448730000.0	55.15	75.98	16
snapshot_11_28_2015_12_0.json	1448730000.0	55.15	75.98	16
snapshot_11_28_2015_18_0.json	1448751600.0	41.11	75.98	12
snapshot_11_28_2015_6_0.json	1448708400.0	55.15	75.98	18
snapshot_11_28_2015_6_0.json	1448708400.0	55.15	75.98	18
snapshot_11_29_2015_0_0.json	1448773200.0	41.11	72.99	4
snapshot_11_29_2015_12_0.json	1448816400.0	41.11	33	1
snapshot_11_29_2015_6_0.json	1448794800.0	41.11	33	1
snapshot_11_30_2015_0_0.json	1448859600.0	0	0	0
snapshot_11_30_2015_12_0.json	1448902800.0	0	0	0
snapshot_11_30_2015_18_0.json	1448924400.0	0	0	0
snapshot_11_30_2015_6_0.json	1448881200.0	0	0	0
snapshot_12_1_2015_0_0.json	1448946000.0	0	0	0
snapshot_12_1_2015_12_0.json	1448989200.0	0	0	0
snapshot_12_1_2015_6_0.json	1448967600.0	0	0	0
9216746	2015-11-30T03:00:00Z	Disney On Ice Frozen	Pacific Coliseum	British Columbia Vancouver|5871	V5K4W3
snapshot_11_16_2015_0_0.json	1447650000.0	71.53	154	40
snapshot_11_17_2015_0_0.json	1447736400.0	71.53	154	40
snapshot_11_17_2015_12_0.json	1447779600.0	71.53	154	31
snapshot_11_17_2015_18_0.json	1447801200.0	71.53	154	31
snapshot_11_18_2015_0_0.json	1447822800.0	55.15	154	16
snapshot_11_18_2015_12_0.json	1447866000.0	55.15	132.22	12
snapshot_11_18_2015_12_0.json	1447866000.0	55.15	132.22	12
snapshot_11_18_2015_18_0.json	1447887600.0	55.15	132.22	12
snapshot_11_18_2015_6_0.json	1447844400.0	55.15	132.22	12
snapshot_11_19_2015_0_0.json	1447909200.0	55.15	134.98	22
snapshot_11_19_2015_12_0.json	1447952400.0	55.15	134.98	20
snapshot_11_19_2015_6_0.json	1447930800.0	55.15	134.98	22
snapshot_11_20_2015_0_0.json	1447995600.0	55.15	134.98	13
snapshot_11_21_2015_12_0.json	1448125200.0	55.15	134.98	13
snapshot_11_21_2015_18_0.json	1448146800.0	55.15	134.98	13
snapshot_11_22_2015_0_0.json	1448168400.0	55.15	134.98	13
snapshot_11_22_2015_0_0.json	1448168400.0	55.15	134.98	13
snapshot_11_22_2015_12_0.json	1448211600.0	55.15	134.98	13
snapshot_11_22_2015_18_0.json	1448233200.0	55.15	134.98	13
snapshot_11_23_2015_0_0.json	1448254800.0	55.15	134.98	13
snapshot_11_23_2015_12_0.json	1448298000.0	55.15	139.99	9
snapshot_11_23_2015_18_0.json	1448319600.0	55.15	139.99	9
snapshot_11_23_2015_6_0.json	1448276400.0	55.15	139.99	9
snapshot_11_24_2015_0_0.json	1448341200.0	55.15	144.99	9
snapshot_11_24_2015_12_0.json	1448384400.0	55.15	144.99	9
snapshot_11_24_2015_12_0.json	1448384400.0	55.15	144.99	9
snapshot_11_24_2015_18_0.json	1448406000.0	55.15	144.99	7
snapshot_11_24_2015_6_0.json	1448362800.0	55.15	144.99	9
snapshot_11_25_2015_12_0.json	1448470800.0	55.15	45	1
snapshot_11_25_2015_18_0.json	1448492400.0	55.15	45	1
snapshot_11_25_2015_18_0.json	1448492400.0	55.15	45	1
snapshot_11_26_2015_0_0.json	1448514000.0	55.15	149.98	9
snapshot_11_27_2015_18_0.json	1448665200.0	55.15	99.98	21
snapshot_11_27_2015_18_0.json	1448665200.0	55.15	99.98	21
snapshot_11_28_2015_0_0.json	1448686800.0	49.28	75.98	28
snapshot_11_28_2015_12_0.json	1448730000.0	55.15	75.98	16
snapshot_11_28_2015_12_0.json	1448730000.0	55.15	75.98	16
snapshot_11_28_2015_18_0.json	1448751600.0	41.11	75.98	12
snapshot_11_28_2015_6_0.json	1448708400.0	55.15	75.98	18
snapshot_11_28_2015_6_0.json	1448708400.0	55.15	75.98	18
snapshot_11_29_2015_0_0.json	1448773200.0	41.11	72.99	4
snapshot_11_29_2015_12_0.json	1448816400.0	41.11	33	1
snapshot_11_29_2015_6_0.json	1448794800.0	41.11	33	1
snapshot_11_30_2015_0_0.json	1448859600.0	0	0	0
snapshot_11_30_2015_12_0.json	1448902800.0	0	0	0
snapshot_11_30_2015_18_0.json	1448924400.0	0	0	0
snapshot_11_30_2015_6_0.json	1448881200.0	0	0	0
snapshot_12_1_2015_0_0.json	1448946000.0	0	0	0
snapshot_12_1_2015_12_0.json	1448989200.0	0	0	0
snapshot_12_1_2015_6_0.json	1448967600.0	0	0	0
