9216739	2015-11-28T03:00:00Z	Disney On Ice Frozen	Pacific Coliseum	British Columbia Vancouver|5871	V5K4W3
snapshot_11_16_2015_0_0.json	1447650000.0	32.92	144.99	66
snapshot_11_17_2015_0_0.json	1447736400.0	32.92	144.99	66
snapshot_11_17_2015_12_0.json	1447779600.0	32.92	144.99	52
snapshot_11_17_2015_18_0.json	1447801200.0	32.92	144.99	49
snapshot_11_18_2015_0_0.json	1447822800.0	32.92	135	28
snapshot_11_18_2015_12_0.json	1447866000.0	32.92	135	16
snapshot_11_18_2015_18_0.json	1447887600.0	32.92	135	13
snapshot_11_19_2015_0_0.json	1447909200.0	32.92	144.99	38
snapshot_11_19_2015_12_0.json	1447952400.0	32.92	139.99	38
snapshot_11_19_2015_6_0.json	1447930800.0	32.92	139.99	38
snapshot_11_20_2015_0_0.json	1447995600.0	32.92	139.99	43
snapshot_11_21_2015_12_0.json	1448125200.0	32.92	139.99	33
snapshot_11_22_2015_12_0.json	1448211600.0	32.92	139.99	25
snapshot_11_22_2015_12_0.json	1448211600.0	32.92	139.99	25
snapshot_11_22_2015_18_0.json	1448233200.0	32.92	139.99	25
snapshot_11_22_2015_6_0.json	1448190000.0	32.92	139.99	25
snapshot_11_22_2015_6_0.json	1448190000.0	32.92	139.99	25
snapshot_11_23_2015_0_0.json	1448254800.0	32.92	139.99	25
snapshot_11_23_2015_18_0.json	1448319600.0	27.07	139.99	21
snapshot_11_24_2015_0_0.json	1448341200.0	27.07	144.99	21
snapshot_11_24_2015_12_0.json	1448384400.0	27.07	140.99	22
snapshot_11_24_2015_18_0.json	1448406000.0	27.07	140.99	13
snapshot_11_24_2015_6_0.json	1448362800.0	27.07	140.99	22
snapshot_11_25_2015_0_0.json	1448427600.0	27.07	140.99	19
snapshot_11_25_2015_0_0.json	1448427600.0	27.07	140.99	19
snapshot_11_25_2015_12_0.json	1448470800.0	27.07	140.99	7
snapshot_11_25_2015_18_0.json	1448492400.0	27.07	140.99	7
snapshot_11_25_2015_6_0.json	1448449200.0	27.07	140.99	11
snapshot_11_25_2015_6_0.json	1448449200.0	27.07	140.99	11
snapshot_11_26_2015_0_0.json	1448514000.0	27.07	109.98	19
snapshot_11_27_2015_18_0.json	1448665200.0	72.68	109.98	14
snapshot_11_28_2015_0_0.json	1448686800.0	43.43	53.98	8
snapshot_11_28_2015_12_0.json	1448730000.0	0	0	0
snapshot_11_28_2015_18_0.json	1448751600.0	0	0	0
snapshot_11_29_2015_0_0.json	1448773200.0	0	0	0
snapshot_11_29_2015_12_0.json	1448816400.0	0	0	0
snapshot_11_29_2015_6_0.json	1448794800.0	0	0	0
snapshot_11_30_2015_0_0.json	1448859600.0	0	0	0
9216739	2015-11-28T03:00:00Z	Disney On Ice Frozen	Pacific Coliseum	British Columbia Vancouver|5871	V5K4W3
snapshot_11_16_2015_0_0.json	1447650000.0	32.92	144.99	66
snapshot_11_17_2015_0_0.json	1447736400.0	32.92	144.99	66
snapshot_11_17_2015_12_0.json	1447779600.0	32.92	144.99	52
snapshot_11_17_2015_18_0.json	1447801200.0	32.92	144.99	49
snapshot_11_18_2015_0_0.json	1447822800.0	32.92	135	28
snapshot_11_18_2015_12_0.json	1447866000.0	32.92	135	16
snapshot_11_18_2015_18_0.json	1447887600.0	32.92	135	13
snapshot_11_19_2015_0_0.json	1447909200.0	32.92	144.99	38
snapshot_11_19_2015_12_0.json	1447952400.0	32.92	139.99	38
snapshot_11_19_2015_6_0.json	1447930800.0	32.92	139.99	38
snapshot_11_20_2015_0_0.json	1447995600.0	32.92	139.99	43
snapshot_11_21_2015_12_0.json	1448125200.0	32.92	139.99	33
snapshot_11_22_2015_12_0.json	1448211600.0	32.92	139.99	25
snapshot_11_22_2015_12_0.json	1448211600.0	32.92	139.99	25
snapshot_11_22_2015_18_0.json	1448233200.0	32.92	139.99	25
snapshot_11_22_2015_6_0.json	1448190000.0	32.92	139.99	25
snapshot_11_22_2015_6_0.json	1448190000.0	32.92	139.99	25
snapshot_11_23_2015_0_0.json	1448254800.0	32.92	139.99	25
snapshot_11_23_2015_18_0.json	1448319600.0	27.07	139.99	21
snapshot_11_24_2015_0_0.json	1448341200.0	27.07	144.99	21
snapshot_11_24_2015_12_0.json	1448384400.0	27.07	140.99	22
snapshot_11_24_2015_18_0.json	1448406000.0	27.07	140.99	13
snapshot_11_24_2015_6_0.json	1448362800.0	27.07	140.99	22
snapshot_11_25_2015_0_0.json	1448427600.0	27.07	140.99	19
snapshot_11_25_2015_0_0.json	1448427600.0	27.07	140.99	19
snapshot_11_25_2015_12_0.json	1448470800.0	27.07	140.99	7
snapshot_11_25_2015_18_0.json	1448492400.0	27.07	140.99	7
snapshot_11_25_2015_6_0.json	1448449200.0	27.07	140.99	11
snapshot_11_25_2015_6_0.json	1448449200.0	27.07	140.99	11
snapshot_11_26_2015_0_0.json	1448514000.0	27.07	109.98	19
snapshot_11_27_2015_18_0.json	1448665200.0	72.68	109.98	14
snapshot_11_28_2015_0_0.json	1448686800.0	43.43	53.98	8
snapshot_11_28_2015_12_0.json	1448730000.0	0	0	0
snapshot_11_28_2015_18_0.json	1448751600.0	0	0	0
snapshot_11_29_2015_0_0.json	1448773200.0	0	0	0
snapshot_11_29_2015_12_0.json	1448816400.0	0	0	0
snapshot_11_29_2015_6_0.json	1448794800.0	0	0	0
snapshot_11_30_2015_0_0.json	1448859600.0	0	0	0
9216739	2015-11-28T03:00:00Z	Disney On Ice Frozen	Pacific Coliseum	British Columbia Vancouver|5871	V5K4W3
snapshot_11_16_2015_0_0.json	1447650000.0	32.92	144.99	66
snapshot_11_17_2015_0_0.json	1447736400.0	32.92	144.99	66
snapshot_11_17_2015_12_0.json	1447779600.0	32.92	144.99	52
snapshot_11_17_2015_18_0.json	1447801200.0	32.92	144.99	49
snapshot_11_18_2015_0_0.json	1447822800.0	32.92	135	28
snapshot_11_18_2015_12_0.json	1447866000.0	32.92	135	16
snapshot_11_18_2015_18_0.json	1447887600.0	32.92	135	13
snapshot_11_19_2015_0_0.json	1447909200.0	32.92	144.99	38
snapshot_11_19_2015_12_0.json	1447952400.0	32.92	139.99	38
snapshot_11_19_2015_6_0.json	1447930800.0	32.92	139.99	38
snapshot_11_20_2015_0_0.json	1447995600.0	32.92	139.99	43
snapshot_11_21_2015_12_0.json	1448125200.0	32.92	139.99	33
snapshot_11_22_2015_12_0.json	1448211600.0	32.92	139.99	25
snapshot_11_22_2015_12_0.json	1448211600.0	32.92	139.99	25
snapshot_11_22_2015_18_0.json	1448233200.0	32.92	139.99	25
snapshot_11_22_2015_6_0.json	1448190000.0	32.92	139.99	25
snapshot_11_22_2015_6_0.json	1448190000.0	32.92	139.99	25
snapshot_11_23_2015_0_0.json	1448254800.0	32.92	139.99	25
snapshot_11_23_2015_18_0.json	1448319600.0	27.07	139.99	21
snapshot_11_24_2015_0_0.json	1448341200.0	27.07	144.99	21
snapshot_11_24_2015_12_0.json	1448384400.0	27.07	140.99	22
snapshot_11_24_2015_18_0.json	1448406000.0	27.07	140.99	13
snapshot_11_24_2015_6_0.json	1448362800.0	27.07	140.99	22
snapshot_11_25_2015_0_0.json	1448427600.0	27.07	140.99	19
snapshot_11_25_2015_0_0.json	1448427600.0	27.07	140.99	19
snapshot_11_25_2015_12_0.json	1448470800.0	27.07	140.99	7
snapshot_11_25_2015_18_0.json	1448492400.0	27.07	140.99	7
snapshot_11_25_2015_6_0.json	1448449200.0	27.07	140.99	11
snapshot_11_25_2015_6_0.json	1448449200.0	27.07	140.99	11
snapshot_11_26_2015_0_0.json	1448514000.0	27.07	109.98	19
snapshot_11_27_2015_18_0.json	1448665200.0	72.68	109.98	14
snapshot_11_28_2015_0_0.json	1448686800.0	43.43	53.98	8
snapshot_11_28_2015_12_0.json	1448730000.0	0	0	0
snapshot_11_28_2015_18_0.json	1448751600.0	0	0	0
snapshot_11_29_2015_0_0.json	1448773200.0	0	0	0
snapshot_11_29_2015_12_0.json	1448816400.0	0	0	0
snapshot_11_29_2015_6_0.json	1448794800.0	0	0	0
snapshot_11_30_2015_0_0.json	1448859600.0	0	0	0
9216739	2015-11-28T03:00:00Z	Disney On Ice Frozen	Pacific Coliseum	British Columbia Vancouver|5871	V5K4W3
snapshot_11_16_2015_0_0.json	1447650000.0	32.92	144.99	66
snapshot_11_17_2015_0_0.json	1447736400.0	32.92	144.99	66
snapshot_11_17_2015_12_0.json	1447779600.0	32.92	144.99	52
snapshot_11_17_2015_18_0.json	1447801200.0	32.92	144.99	49
snapshot_11_18_2015_0_0.json	1447822800.0	32.92	135	28
snapshot_11_18_2015_12_0.json	1447866000.0	32.92	135	16
snapshot_11_18_2015_18_0.json	1447887600.0	32.92	135	13
snapshot_11_19_2015_0_0.json	1447909200.0	32.92	144.99	38
snapshot_11_19_2015_12_0.json	1447952400.0	32.92	139.99	38
snapshot_11_19_2015_6_0.json	1447930800.0	32.92	139.99	38
snapshot_11_20_2015_0_0.json	1447995600.0	32.92	139.99	43
snapshot_11_21_2015_12_0.json	1448125200.0	32.92	139.99	33
snapshot_11_22_2015_12_0.json	1448211600.0	32.92	139.99	25
snapshot_11_22_2015_12_0.json	1448211600.0	32.92	139.99	25
snapshot_11_22_2015_18_0.json	1448233200.0	32.92	139.99	25
snapshot_11_22_2015_6_0.json	1448190000.0	32.92	139.99	25
snapshot_11_22_2015_6_0.json	1448190000.0	32.92	139.99	25
snapshot_11_23_2015_0_0.json	1448254800.0	32.92	139.99	25
snapshot_11_23_2015_18_0.json	1448319600.0	27.07	139.99	21
snapshot_11_24_2015_0_0.json	1448341200.0	27.07	144.99	21
snapshot_11_24_2015_12_0.json	1448384400.0	27.07	140.99	22
snapshot_11_24_2015_18_0.json	1448406000.0	27.07	140.99	13
snapshot_11_24_2015_6_0.json	1448362800.0	27.07	140.99	22
snapshot_11_25_2015_0_0.json	1448427600.0	27.07	140.99	19
snapshot_11_25_2015_0_0.json	1448427600.0	27.07	140.99	19
snapshot_11_25_2015_12_0.json	1448470800.0	27.07	140.99	7
snapshot_11_25_2015_18_0.json	1448492400.0	27.07	140.99	7
snapshot_11_25_2015_6_0.json	1448449200.0	27.07	140.99	11
snapshot_11_25_2015_6_0.json	1448449200.0	27.07	140.99	11
snapshot_11_26_2015_0_0.json	1448514000.0	27.07	109.98	19
snapshot_11_27_2015_18_0.json	1448665200.0	72.68	109.98	14
snapshot_11_28_2015_0_0.json	1448686800.0	43.43	53.98	8
snapshot_11_28_2015_12_0.json	1448730000.0	0	0	0
snapshot_11_28_2015_18_0.json	1448751600.0	0	0	0
snapshot_11_29_2015_0_0.json	1448773200.0	0	0	0
snapshot_11_29_2015_12_0.json	1448816400.0	0	0	0
snapshot_11_29_2015_6_0.json	1448794800.0	0	0	0
snapshot_11_30_2015_0_0.json	1448859600.0	0	0	0
