9216737	2015-11-26T03:00:00Z	Disney On Ice Frozen	Pacific Coliseum	British Columbia Vancouver|5871	V5K4W3
snapshot_11_16_2015_0_0.json	1447650000.0	131.2	127.98	6
snapshot_11_17_2015_0_0.json	1447736400.0	131.2	127.98	6
snapshot_11_17_2015_12_0.json	1447779600.0	131.2	127.98	6
snapshot_11_17_2015_18_0.json	1447801200.0	131.2	127.98	6
snapshot_11_17_2015_6_0.json	1447758000.0	131.2	127.98	6
snapshot_11_18_2015_0_0.json	1447822800.0	131.2	110	2
snapshot_11_18_2015_12_0.json	1447866000.0	131.2	110	2
snapshot_11_18_2015_18_0.json	1447887600.0	131.2	110	2
snapshot_11_18_2015_6_0.json	1447844400.0	131.2	110	2
snapshot_11_19_2015_0_0.json	1447909200.0	131.2	110	2
snapshot_11_19_2015_12_0.json	1447952400.0	131.2	110	2
snapshot_11_19_2015_18_0.json	1447974000.0	131.2	110	2
snapshot_11_19_2015_6_0.json	1447930800.0	131.2	110	2
snapshot_11_20_2015_0_0.json	1447995600.0	131.2	110	2
snapshot_11_20_2015_12_0.json	1448038800.0	131.2	110	2
snapshot_11_21_2015_12_0.json	1448125200.0	120.65	149.98	14
snapshot_11_21_2015_18_0.json	1448146800.0	131.2	149.98	12
snapshot_11_22_2015_0_0.json	1448168400.0	131.2	149.98	12
snapshot_11_22_2015_0_0.json	1448168400.0	131.2	149.98	12
snapshot_11_22_2015_12_0.json	1448211600.0	131.2	149.98	12
snapshot_11_22_2015_12_0.json	1448211600.0	131.2	149.98	12
snapshot_11_23_2015_0_0.json	1448254800.0	131.2	149.98	12
snapshot_11_23_2015_18_0.json	1448319600.0	131.2	134.99	6
snapshot_11_24_2015_0_0.json	1448341200.0	131.2	139.99	6
snapshot_11_24_2015_12_0.json	1448384400.0	83.22	74.99	11
snapshot_11_24_2015_12_0.json	1448384400.0	83.22	74.99	11
snapshot_11_24_2015_18_0.json	1448406000.0	83.22	74.99	8
snapshot_11_24_2015_6_0.json	1448362800.0	84.38	139.99	13
snapshot_11_25_2015_12_0.json	1448470800.0	83.22	70.99	4
snapshot_11_25_2015_18_0.json	1448492400.0	83.22	68.99	2
snapshot_11_25_2015_6_0.json	1448449200.0	83.22	70.99	4
snapshot_11_25_2015_6_0.json	1448449200.0	83.22	70.99	4
snapshot_11_26_2015_0_0.json	1448514000.0	44.61	62.99	10
9216737	2015-11-26T03:00:00Z	Disney On Ice Frozen	Pacific Coliseum	British Columbia Vancouver|5871	V5K4W3
snapshot_11_16_2015_0_0.json	1447650000.0	131.2	127.98	6
snapshot_11_17_2015_0_0.json	1447736400.0	131.2	127.98	6
snapshot_11_17_2015_12_0.json	1447779600.0	131.2	127.98	6
snapshot_11_17_2015_18_0.json	1447801200.0	131.2	127.98	6
snapshot_11_17_2015_6_0.json	1447758000.0	131.2	127.98	6
snapshot_11_18_2015_0_0.json	1447822800.0	131.2	110	2
snapshot_11_18_2015_12_0.json	1447866000.0	131.2	110	2
snapshot_11_18_2015_18_0.json	1447887600.0	131.2	110	2
snapshot_11_18_2015_6_0.json	1447844400.0	131.2	110	2
snapshot_11_19_2015_0_0.json	1447909200.0	131.2	110	2
snapshot_11_19_2015_12_0.json	1447952400.0	131.2	110	2
snapshot_11_19_2015_18_0.json	1447974000.0	131.2	110	2
snapshot_11_19_2015_6_0.json	1447930800.0	131.2	110	2
snapshot_11_20_2015_0_0.json	1447995600.0	131.2	110	2
snapshot_11_20_2015_12_0.json	1448038800.0	131.2	110	2
snapshot_11_21_2015_12_0.json	1448125200.0	120.65	149.98	14
snapshot_11_21_2015_18_0.json	1448146800.0	131.2	149.98	12
snapshot_11_22_2015_0_0.json	1448168400.0	131.2	149.98	12
snapshot_11_22_2015_0_0.json	1448168400.0	131.2	149.98	12
snapshot_11_22_2015_12_0.json	1448211600.0	131.2	149.98	12
snapshot_11_22_2015_12_0.json	1448211600.0	131.2	149.98	12
snapshot_11_23_2015_0_0.json	1448254800.0	131.2	149.98	12
snapshot_11_23_2015_18_0.json	1448319600.0	131.2	134.99	6
snapshot_11_24_2015_0_0.json	1448341200.0	131.2	139.99	6
snapshot_11_24_2015_12_0.json	1448384400.0	83.22	74.99	11
snapshot_11_24_2015_12_0.json	1448384400.0	83.22	74.99	11
snapshot_11_24_2015_18_0.json	1448406000.0	83.22	74.99	8
snapshot_11_24_2015_6_0.json	1448362800.0	84.38	139.99	13
snapshot_11_25_2015_12_0.json	1448470800.0	83.22	70.99	4
snapshot_11_25_2015_18_0.json	1448492400.0	83.22	68.99	2
snapshot_11_25_2015_6_0.json	1448449200.0	83.22	70.99	4
snapshot_11_25_2015_6_0.json	1448449200.0	83.22	70.99	4
snapshot_11_26_2015_0_0.json	1448514000.0	44.61	62.99	10
9216737	2015-11-26T03:00:00Z	Disney On Ice Frozen	Pacific Coliseum	British Columbia Vancouver|5871	V5K4W3
snapshot_11_16_2015_0_0.json	1447650000.0	131.2	127.98	6
snapshot_11_17_2015_0_0.json	1447736400.0	131.2	127.98	6
snapshot_11_17_2015_12_0.json	1447779600.0	131.2	127.98	6
snapshot_11_17_2015_18_0.json	1447801200.0	131.2	127.98	6
snapshot_11_17_2015_6_0.json	1447758000.0	131.2	127.98	6
snapshot_11_18_2015_0_0.json	1447822800.0	131.2	110	2
snapshot_11_18_2015_12_0.json	1447866000.0	131.2	110	2
snapshot_11_18_2015_18_0.json	1447887600.0	131.2	110	2
snapshot_11_18_2015_6_0.json	1447844400.0	131.2	110	2
snapshot_11_19_2015_0_0.json	1447909200.0	131.2	110	2
snapshot_11_19_2015_12_0.json	1447952400.0	131.2	110	2
snapshot_11_19_2015_18_0.json	1447974000.0	131.2	110	2
snapshot_11_19_2015_6_0.json	1447930800.0	131.2	110	2
snapshot_11_20_2015_0_0.json	1447995600.0	131.2	110	2
snapshot_11_20_2015_12_0.json	1448038800.0	131.2	110	2
snapshot_11_21_2015_12_0.json	1448125200.0	120.65	149.98	14
snapshot_11_21_2015_18_0.json	1448146800.0	131.2	149.98	12
snapshot_11_22_2015_0_0.json	1448168400.0	131.2	149.98	12
snapshot_11_22_2015_0_0.json	1448168400.0	131.2	149.98	12
snapshot_11_22_2015_12_0.json	1448211600.0	131.2	149.98	12
snapshot_11_22_2015_12_0.json	1448211600.0	131.2	149.98	12
snapshot_11_23_2015_0_0.json	1448254800.0	131.2	149.98	12
snapshot_11_23_2015_18_0.json	1448319600.0	131.2	134.99	6
snapshot_11_24_2015_0_0.json	1448341200.0	131.2	139.99	6
snapshot_11_24_2015_12_0.json	1448384400.0	83.22	74.99	11
snapshot_11_24_2015_12_0.json	1448384400.0	83.22	74.99	11
snapshot_11_24_2015_18_0.json	1448406000.0	83.22	74.99	8
snapshot_11_24_2015_6_0.json	1448362800.0	84.38	139.99	13
snapshot_11_25_2015_12_0.json	1448470800.0	83.22	70.99	4
snapshot_11_25_2015_18_0.json	1448492400.0	83.22	68.99	2
snapshot_11_25_2015_6_0.json	1448449200.0	83.22	70.99	4
snapshot_11_25_2015_6_0.json	1448449200.0	83.22	70.99	4
snapshot_11_26_2015_0_0.json	1448514000.0	44.61	62.99	10
9216737	2015-11-26T03:00:00Z	Disney On Ice Frozen	Pacific Coliseum	British Columbia Vancouver|5871	V5K4W3
snapshot_11_16_2015_0_0.json	1447650000.0	131.2	127.98	6
snapshot_11_17_2015_0_0.json	1447736400.0	131.2	127.98	6
snapshot_11_17_2015_12_0.json	1447779600.0	131.2	127.98	6
snapshot_11_17_2015_18_0.json	1447801200.0	131.2	127.98	6
snapshot_11_17_2015_6_0.json	1447758000.0	131.2	127.98	6
snapshot_11_18_2015_0_0.json	1447822800.0	131.2	110	2
snapshot_11_18_2015_12_0.json	1447866000.0	131.2	110	2
snapshot_11_18_2015_18_0.json	1447887600.0	131.2	110	2
snapshot_11_18_2015_6_0.json	1447844400.0	131.2	110	2
snapshot_11_19_2015_0_0.json	1447909200.0	131.2	110	2
snapshot_11_19_2015_12_0.json	1447952400.0	131.2	110	2
snapshot_11_19_2015_18_0.json	1447974000.0	131.2	110	2
snapshot_11_19_2015_6_0.json	1447930800.0	131.2	110	2
snapshot_11_20_2015_0_0.json	1447995600.0	131.2	110	2
snapshot_11_20_2015_12_0.json	1448038800.0	131.2	110	2
snapshot_11_21_2015_12_0.json	1448125200.0	120.65	149.98	14
snapshot_11_21_2015_18_0.json	1448146800.0	131.2	149.98	12
snapshot_11_22_2015_0_0.json	1448168400.0	131.2	149.98	12
snapshot_11_22_2015_0_0.json	1448168400.0	131.2	149.98	12
snapshot_11_22_2015_12_0.json	1448211600.0	131.2	149.98	12
snapshot_11_22_2015_12_0.json	1448211600.0	131.2	149.98	12
snapshot_11_23_2015_0_0.json	1448254800.0	131.2	149.98	12
snapshot_11_23_2015_18_0.json	1448319600.0	131.2	134.99	6
snapshot_11_24_2015_0_0.json	1448341200.0	131.2	139.99	6
snapshot_11_24_2015_12_0.json	1448384400.0	83.22	74.99	11
snapshot_11_24_2015_12_0.json	1448384400.0	83.22	74.99	11
snapshot_11_24_2015_18_0.json	1448406000.0	83.22	74.99	8
snapshot_11_24_2015_6_0.json	1448362800.0	84.38	139.99	13
snapshot_11_25_2015_12_0.json	1448470800.0	83.22	70.99	4
snapshot_11_25_2015_18_0.json	1448492400.0	83.22	68.99	2
snapshot_11_25_2015_6_0.json	1448449200.0	83.22	70.99	4
snapshot_11_25_2015_6_0.json	1448449200.0	83.22	70.99	4
snapshot_11_26_2015_0_0.json	1448514000.0	44.61	62.99	10
