9216135	2015-12-27T03:00:00Z	Disney On Ice Frozen	Citizens Business Bank Arena	California Los Angeles Metro|10	91764
snapshot_11_16_2015_0_0.json	1447650000.0	60.98	555	688
snapshot_11_16_2015_0_0.json	1447650000.0	60.98	555	688
snapshot_11_17_2015_0_0.json	1447736400.0	60.22	555	688
snapshot_11_17_2015_12_0.json	1447779600.0	60.22	555	688
snapshot_11_17_2015_18_0.json	1447801200.0	60.22	555	688
snapshot_11_18_2015_0_0.json	1447822800.0	60.22	555	688
snapshot_11_18_2015_0_0.json	1447822800.0	60.22	555	688
snapshot_11_18_2015_12_0.json	1447866000.0	60.22	555	688
snapshot_11_18_2015_18_0.json	1447887600.0	60.22	555	688
snapshot_11_18_2015_18_0.json	1447887600.0	60.22	555	688
snapshot_11_18_2015_6_0.json	1447844400.0	60.22	555	688
snapshot_11_19_2015_0_0.json	1447909200.0	60.22	555	688
snapshot_11_19_2015_6_0.json	1447930800.0	60.22	555	688
snapshot_11_19_2015_6_0.json	1447930800.0	60.22	555	688
snapshot_11_20_2015_0_0.json	1447995600.0	60.22	555	694
snapshot_11_22_2015_0_0.json	1448168400.0	60.22	555	698
snapshot_11_22_2015_12_0.json	1448211600.0	60.22	555	698
snapshot_11_22_2015_18_0.json	1448233200.0	60.22	555	698
snapshot_11_22_2015_18_0.json	1448233200.0	60.22	555	698
snapshot_11_22_2015_6_0.json	1448190000.0	60.22	555	698
snapshot_11_22_2015_6_0.json	1448190000.0	60.22	555	698
snapshot_11_23_2015_0_0.json	1448254800.0	60.22	555	698
snapshot_11_23_2015_12_0.json	1448298000.0	60.22	555	698
snapshot_11_23_2015_6_0.json	1448276400.0	60.22	555	698
snapshot_11_24_2015_0_0.json	1448341200.0	60.22	555	698
snapshot_11_24_2015_0_0.json	1448341200.0	60.22	555	698
snapshot_11_24_2015_18_0.json	1448406000.0	53.82	555	698
snapshot_11_25_2015_0_0.json	1448427600.0	53.82	555	698
snapshot_11_25_2015_12_0.json	1448470800.0	53.82	555	698
snapshot_11_25_2015_18_0.json	1448492400.0	53.82	555	698
snapshot_11_25_2015_6_0.json	1448449200.0	53.82	555	698
snapshot_11_25_2015_6_0.json	1448449200.0	53.82	555	698
snapshot_11_26_2015_0_0.json	1448514000.0	53.82	555	698
snapshot_11_27_2015_18_0.json	1448665200.0	53.82	555	698
snapshot_11_28_2015_12_0.json	1448730000.0	51.9	555	687
snapshot_11_28_2015_18_0.json	1448751600.0	51.9	555	684
snapshot_11_28_2015_6_0.json	1448708400.0	51.9	555	690
snapshot_11_28_2015_6_0.json	1448708400.0	51.9	555	690
snapshot_11_29_2015_0_0.json	1448773200.0	51.9	555	684
snapshot_11_29_2015_0_0.json	1448773200.0	51.9	555	684
snapshot_11_29_2015_18_0.json	1448838000.0	51.9	555	684
snapshot_11_29_2015_18_0.json	1448838000.0	51.9	555	684
snapshot_11_29_2015_6_0.json	1448794800.0	51.9	555	684
snapshot_11_30_2015_12_0.json	1448902800.0	51.9	555	681
snapshot_11_30_2015_18_0.json	1448924400.0	51.9	555	679
snapshot_11_30_2015_6_0.json	1448881200.0	51.9	555	684
snapshot_12_1_2015_12_0.json	1448989200.0	51.9	555	697
snapshot_12_1_2015_6_0.json	1448967600.0	51.9	555	701
snapshot_12_2_2015_0_0.json	1449032400.0	48.13	555	686
snapshot_12_2_2015_12_0.json	1449075600.0	48.13	555	679
snapshot_12_2_2015_18_0.json	1449097200.0	48.13	555	679
snapshot_12_2_2015_6_0.json	1449054000.0	48.13	555	681
snapshot_12_2_2015_6_0.json	1449054000.0	48.13	555	681
snapshot_12_3_2015_0_0.json	1449118800.0	51.9	555	688
snapshot_12_3_2015_12_0.json	1449162000.0	51.9	555	688
snapshot_12_3_2015_18_0.json	1449183600.0	51.9	555	688
snapshot_12_3_2015_18_0.json	1449183600.0	51.9	555	688
snapshot_12_3_2015_6_0.json	1449140400.0	51.9	555	688
snapshot_12_4_2015_0_0.json	1449205200.0	51.9	555	683
snapshot_12_4_2015_12_0.json	1449248400.0	51.9	555	683
snapshot_12_4_2015_18_0.json	1449270000.0	51.9	555	683
snapshot_12_4_2015_6_0.json	1449226800.0	51.9	555	683
snapshot_12_5_2015_0_0.json	1449291600.0	51.9	555	680
snapshot_12_5_2015_12_0.json	1449334800.0	51.9	555	676
snapshot_12_5_2015_12_0.json	1449334800.0	51.9	555	676
snapshot_12_5_2015_18_0.json	1449356400.0	51.9	555	676
snapshot_12_5_2015_6_0.json	1449313200.0	51.9	555	676
snapshot_12_5_2015_6_0.json	1449313200.0	51.9	555	676
9216135	2015-12-27T03:00:00Z	Disney On Ice Frozen	Citizens Business Bank Arena	California Los Angeles Metro|10	91764
snapshot_11_16_2015_0_0.json	1447650000.0	60.98	555	688
snapshot_11_16_2015_0_0.json	1447650000.0	60.98	555	688
snapshot_11_17_2015_0_0.json	1447736400.0	60.22	555	688
snapshot_11_17_2015_12_0.json	1447779600.0	60.22	555	688
snapshot_11_17_2015_18_0.json	1447801200.0	60.22	555	688
snapshot_11_18_2015_0_0.json	1447822800.0	60.22	555	688
snapshot_11_18_2015_0_0.json	1447822800.0	60.22	555	688
snapshot_11_18_2015_12_0.json	1447866000.0	60.22	555	688
snapshot_11_18_2015_18_0.json	1447887600.0	60.22	555	688
snapshot_11_18_2015_18_0.json	1447887600.0	60.22	555	688
snapshot_11_18_2015_6_0.json	1447844400.0	60.22	555	688
snapshot_11_19_2015_0_0.json	1447909200.0	60.22	555	688
snapshot_11_19_2015_6_0.json	1447930800.0	60.22	555	688
snapshot_11_19_2015_6_0.json	1447930800.0	60.22	555	688
snapshot_11_20_2015_0_0.json	1447995600.0	60.22	555	694
snapshot_11_22_2015_0_0.json	1448168400.0	60.22	555	698
snapshot_11_22_2015_12_0.json	1448211600.0	60.22	555	698
snapshot_11_22_2015_18_0.json	1448233200.0	60.22	555	698
snapshot_11_22_2015_18_0.json	1448233200.0	60.22	555	698
snapshot_11_22_2015_6_0.json	1448190000.0	60.22	555	698
snapshot_11_22_2015_6_0.json	1448190000.0	60.22	555	698
snapshot_11_23_2015_0_0.json	1448254800.0	60.22	555	698
snapshot_11_23_2015_12_0.json	1448298000.0	60.22	555	698
snapshot_11_23_2015_6_0.json	1448276400.0	60.22	555	698
snapshot_11_24_2015_0_0.json	1448341200.0	60.22	555	698
snapshot_11_24_2015_0_0.json	1448341200.0	60.22	555	698
snapshot_11_24_2015_18_0.json	1448406000.0	53.82	555	698
snapshot_11_25_2015_0_0.json	1448427600.0	53.82	555	698
snapshot_11_25_2015_12_0.json	1448470800.0	53.82	555	698
snapshot_11_25_2015_18_0.json	1448492400.0	53.82	555	698
snapshot_11_25_2015_6_0.json	1448449200.0	53.82	555	698
snapshot_11_25_2015_6_0.json	1448449200.0	53.82	555	698
snapshot_11_26_2015_0_0.json	1448514000.0	53.82	555	698
snapshot_11_27_2015_18_0.json	1448665200.0	53.82	555	698
snapshot_11_28_2015_12_0.json	1448730000.0	51.9	555	687
snapshot_11_28_2015_18_0.json	1448751600.0	51.9	555	684
snapshot_11_28_2015_6_0.json	1448708400.0	51.9	555	690
snapshot_11_28_2015_6_0.json	1448708400.0	51.9	555	690
snapshot_11_29_2015_0_0.json	1448773200.0	51.9	555	684
snapshot_11_29_2015_0_0.json	1448773200.0	51.9	555	684
snapshot_11_29_2015_18_0.json	1448838000.0	51.9	555	684
snapshot_11_29_2015_18_0.json	1448838000.0	51.9	555	684
snapshot_11_29_2015_6_0.json	1448794800.0	51.9	555	684
snapshot_11_30_2015_12_0.json	1448902800.0	51.9	555	681
snapshot_11_30_2015_18_0.json	1448924400.0	51.9	555	679
snapshot_11_30_2015_6_0.json	1448881200.0	51.9	555	684
snapshot_12_1_2015_12_0.json	1448989200.0	51.9	555	697
snapshot_12_1_2015_6_0.json	1448967600.0	51.9	555	701
snapshot_12_2_2015_0_0.json	1449032400.0	48.13	555	686
snapshot_12_2_2015_12_0.json	1449075600.0	48.13	555	679
snapshot_12_2_2015_18_0.json	1449097200.0	48.13	555	679
snapshot_12_2_2015_6_0.json	1449054000.0	48.13	555	681
snapshot_12_2_2015_6_0.json	1449054000.0	48.13	555	681
snapshot_12_3_2015_0_0.json	1449118800.0	51.9	555	688
snapshot_12_3_2015_12_0.json	1449162000.0	51.9	555	688
snapshot_12_3_2015_18_0.json	1449183600.0	51.9	555	688
snapshot_12_3_2015_18_0.json	1449183600.0	51.9	555	688
snapshot_12_3_2015_6_0.json	1449140400.0	51.9	555	688
snapshot_12_4_2015_0_0.json	1449205200.0	51.9	555	683
snapshot_12_4_2015_12_0.json	1449248400.0	51.9	555	683
snapshot_12_4_2015_18_0.json	1449270000.0	51.9	555	683
snapshot_12_4_2015_6_0.json	1449226800.0	51.9	555	683
snapshot_12_5_2015_0_0.json	1449291600.0	51.9	555	680
snapshot_12_5_2015_12_0.json	1449334800.0	51.9	555	676
snapshot_12_5_2015_12_0.json	1449334800.0	51.9	555	676
snapshot_12_5_2015_18_0.json	1449356400.0	51.9	555	676
snapshot_12_5_2015_6_0.json	1449313200.0	51.9	555	676
snapshot_12_5_2015_6_0.json	1449313200.0	51.9	555	676
9216135	2015-12-27T03:00:00Z	Disney On Ice Frozen	Citizens Business Bank Arena	California Los Angeles Metro|10	91764
snapshot_11_16_2015_0_0.json	1447650000.0	60.98	555	688
snapshot_11_16_2015_0_0.json	1447650000.0	60.98	555	688
snapshot_11_17_2015_0_0.json	1447736400.0	60.22	555	688
snapshot_11_17_2015_12_0.json	1447779600.0	60.22	555	688
snapshot_11_17_2015_18_0.json	1447801200.0	60.22	555	688
snapshot_11_18_2015_0_0.json	1447822800.0	60.22	555	688
snapshot_11_18_2015_0_0.json	1447822800.0	60.22	555	688
snapshot_11_18_2015_12_0.json	1447866000.0	60.22	555	688
snapshot_11_18_2015_18_0.json	1447887600.0	60.22	555	688
snapshot_11_18_2015_18_0.json	1447887600.0	60.22	555	688
snapshot_11_18_2015_6_0.json	1447844400.0	60.22	555	688
snapshot_11_19_2015_0_0.json	1447909200.0	60.22	555	688
snapshot_11_19_2015_6_0.json	1447930800.0	60.22	555	688
snapshot_11_19_2015_6_0.json	1447930800.0	60.22	555	688
snapshot_11_20_2015_0_0.json	1447995600.0	60.22	555	694
snapshot_11_22_2015_0_0.json	1448168400.0	60.22	555	698
snapshot_11_22_2015_12_0.json	1448211600.0	60.22	555	698
snapshot_11_22_2015_18_0.json	1448233200.0	60.22	555	698
snapshot_11_22_2015_18_0.json	1448233200.0	60.22	555	698
snapshot_11_22_2015_6_0.json	1448190000.0	60.22	555	698
snapshot_11_22_2015_6_0.json	1448190000.0	60.22	555	698
snapshot_11_23_2015_0_0.json	1448254800.0	60.22	555	698
snapshot_11_23_2015_12_0.json	1448298000.0	60.22	555	698
snapshot_11_23_2015_6_0.json	1448276400.0	60.22	555	698
snapshot_11_24_2015_0_0.json	1448341200.0	60.22	555	698
snapshot_11_24_2015_0_0.json	1448341200.0	60.22	555	698
snapshot_11_24_2015_18_0.json	1448406000.0	53.82	555	698
snapshot_11_25_2015_0_0.json	1448427600.0	53.82	555	698
snapshot_11_25_2015_12_0.json	1448470800.0	53.82	555	698
snapshot_11_25_2015_18_0.json	1448492400.0	53.82	555	698
snapshot_11_25_2015_6_0.json	1448449200.0	53.82	555	698
snapshot_11_25_2015_6_0.json	1448449200.0	53.82	555	698
snapshot_11_26_2015_0_0.json	1448514000.0	53.82	555	698
snapshot_11_27_2015_18_0.json	1448665200.0	53.82	555	698
snapshot_11_28_2015_12_0.json	1448730000.0	51.9	555	687
snapshot_11_28_2015_18_0.json	1448751600.0	51.9	555	684
snapshot_11_28_2015_6_0.json	1448708400.0	51.9	555	690
snapshot_11_28_2015_6_0.json	1448708400.0	51.9	555	690
snapshot_11_29_2015_0_0.json	1448773200.0	51.9	555	684
snapshot_11_29_2015_0_0.json	1448773200.0	51.9	555	684
snapshot_11_29_2015_18_0.json	1448838000.0	51.9	555	684
snapshot_11_29_2015_18_0.json	1448838000.0	51.9	555	684
snapshot_11_29_2015_6_0.json	1448794800.0	51.9	555	684
snapshot_11_30_2015_12_0.json	1448902800.0	51.9	555	681
snapshot_11_30_2015_18_0.json	1448924400.0	51.9	555	679
snapshot_11_30_2015_6_0.json	1448881200.0	51.9	555	684
snapshot_12_1_2015_12_0.json	1448989200.0	51.9	555	697
snapshot_12_1_2015_6_0.json	1448967600.0	51.9	555	701
snapshot_12_2_2015_0_0.json	1449032400.0	48.13	555	686
snapshot_12_2_2015_12_0.json	1449075600.0	48.13	555	679
snapshot_12_2_2015_18_0.json	1449097200.0	48.13	555	679
snapshot_12_2_2015_6_0.json	1449054000.0	48.13	555	681
snapshot_12_2_2015_6_0.json	1449054000.0	48.13	555	681
snapshot_12_3_2015_0_0.json	1449118800.0	51.9	555	688
snapshot_12_3_2015_12_0.json	1449162000.0	51.9	555	688
snapshot_12_3_2015_18_0.json	1449183600.0	51.9	555	688
snapshot_12_3_2015_18_0.json	1449183600.0	51.9	555	688
snapshot_12_3_2015_6_0.json	1449140400.0	51.9	555	688
snapshot_12_4_2015_0_0.json	1449205200.0	51.9	555	683
snapshot_12_4_2015_12_0.json	1449248400.0	51.9	555	683
snapshot_12_4_2015_18_0.json	1449270000.0	51.9	555	683
snapshot_12_4_2015_6_0.json	1449226800.0	51.9	555	683
snapshot_12_5_2015_0_0.json	1449291600.0	51.9	555	680
snapshot_12_5_2015_12_0.json	1449334800.0	51.9	555	676
snapshot_12_5_2015_12_0.json	1449334800.0	51.9	555	676
snapshot_12_5_2015_18_0.json	1449356400.0	51.9	555	676
snapshot_12_5_2015_6_0.json	1449313200.0	51.9	555	676
snapshot_12_5_2015_6_0.json	1449313200.0	51.9	555	676
9216135	2015-12-27T03:00:00Z	Disney On Ice Frozen	Citizens Business Bank Arena	California Los Angeles Metro|10	91764
snapshot_11_16_2015_0_0.json	1447650000.0	60.98	555	688
snapshot_11_16_2015_0_0.json	1447650000.0	60.98	555	688
snapshot_11_17_2015_0_0.json	1447736400.0	60.22	555	688
snapshot_11_17_2015_12_0.json	1447779600.0	60.22	555	688
snapshot_11_17_2015_18_0.json	1447801200.0	60.22	555	688
snapshot_11_18_2015_0_0.json	1447822800.0	60.22	555	688
snapshot_11_18_2015_0_0.json	1447822800.0	60.22	555	688
snapshot_11_18_2015_12_0.json	1447866000.0	60.22	555	688
snapshot_11_18_2015_18_0.json	1447887600.0	60.22	555	688
snapshot_11_18_2015_18_0.json	1447887600.0	60.22	555	688
snapshot_11_18_2015_6_0.json	1447844400.0	60.22	555	688
snapshot_11_19_2015_0_0.json	1447909200.0	60.22	555	688
snapshot_11_19_2015_6_0.json	1447930800.0	60.22	555	688
snapshot_11_19_2015_6_0.json	1447930800.0	60.22	555	688
snapshot_11_20_2015_0_0.json	1447995600.0	60.22	555	694
snapshot_11_22_2015_0_0.json	1448168400.0	60.22	555	698
snapshot_11_22_2015_12_0.json	1448211600.0	60.22	555	698
snapshot_11_22_2015_18_0.json	1448233200.0	60.22	555	698
snapshot_11_22_2015_18_0.json	1448233200.0	60.22	555	698
snapshot_11_22_2015_6_0.json	1448190000.0	60.22	555	698
snapshot_11_22_2015_6_0.json	1448190000.0	60.22	555	698
snapshot_11_23_2015_0_0.json	1448254800.0	60.22	555	698
snapshot_11_23_2015_12_0.json	1448298000.0	60.22	555	698
snapshot_11_23_2015_6_0.json	1448276400.0	60.22	555	698
snapshot_11_24_2015_0_0.json	1448341200.0	60.22	555	698
snapshot_11_24_2015_0_0.json	1448341200.0	60.22	555	698
snapshot_11_24_2015_18_0.json	1448406000.0	53.82	555	698
snapshot_11_25_2015_0_0.json	1448427600.0	53.82	555	698
snapshot_11_25_2015_12_0.json	1448470800.0	53.82	555	698
snapshot_11_25_2015_18_0.json	1448492400.0	53.82	555	698
snapshot_11_25_2015_6_0.json	1448449200.0	53.82	555	698
snapshot_11_25_2015_6_0.json	1448449200.0	53.82	555	698
snapshot_11_26_2015_0_0.json	1448514000.0	53.82	555	698
snapshot_11_27_2015_18_0.json	1448665200.0	53.82	555	698
snapshot_11_28_2015_12_0.json	1448730000.0	51.9	555	687
snapshot_11_28_2015_18_0.json	1448751600.0	51.9	555	684
snapshot_11_28_2015_6_0.json	1448708400.0	51.9	555	690
snapshot_11_28_2015_6_0.json	1448708400.0	51.9	555	690
snapshot_11_29_2015_0_0.json	1448773200.0	51.9	555	684
snapshot_11_29_2015_0_0.json	1448773200.0	51.9	555	684
snapshot_11_29_2015_18_0.json	1448838000.0	51.9	555	684
snapshot_11_29_2015_18_0.json	1448838000.0	51.9	555	684
snapshot_11_29_2015_6_0.json	1448794800.0	51.9	555	684
snapshot_11_30_2015_12_0.json	1448902800.0	51.9	555	681
snapshot_11_30_2015_18_0.json	1448924400.0	51.9	555	679
snapshot_11_30_2015_6_0.json	1448881200.0	51.9	555	684
snapshot_12_1_2015_12_0.json	1448989200.0	51.9	555	697
snapshot_12_1_2015_6_0.json	1448967600.0	51.9	555	701
snapshot_12_2_2015_0_0.json	1449032400.0	48.13	555	686
snapshot_12_2_2015_12_0.json	1449075600.0	48.13	555	679
snapshot_12_2_2015_18_0.json	1449097200.0	48.13	555	679
snapshot_12_2_2015_6_0.json	1449054000.0	48.13	555	681
snapshot_12_2_2015_6_0.json	1449054000.0	48.13	555	681
snapshot_12_3_2015_0_0.json	1449118800.0	51.9	555	688
snapshot_12_3_2015_12_0.json	1449162000.0	51.9	555	688
snapshot_12_3_2015_18_0.json	1449183600.0	51.9	555	688
snapshot_12_3_2015_18_0.json	1449183600.0	51.9	555	688
snapshot_12_3_2015_6_0.json	1449140400.0	51.9	555	688
snapshot_12_4_2015_0_0.json	1449205200.0	51.9	555	683
snapshot_12_4_2015_12_0.json	1449248400.0	51.9	555	683
snapshot_12_4_2015_18_0.json	1449270000.0	51.9	555	683
snapshot_12_4_2015_6_0.json	1449226800.0	51.9	555	683
snapshot_12_5_2015_0_0.json	1449291600.0	51.9	555	680
snapshot_12_5_2015_12_0.json	1449334800.0	51.9	555	676
snapshot_12_5_2015_12_0.json	1449334800.0	51.9	555	676
snapshot_12_5_2015_18_0.json	1449356400.0	51.9	555	676
snapshot_12_5_2015_6_0.json	1449313200.0	51.9	555	676
snapshot_12_5_2015_6_0.json	1449313200.0	51.9	555	676
