9216740	2015-11-29T03:00:00Z	Disney On Ice Frozen	Pacific Coliseum	British Columbia Vancouver|5871	V5K4W3
snapshot_11_16_2015_0_0.json	1447650000.0	71.53	149.98	110
snapshot_11_17_2015_0_0.json	1447736400.0	71.53	149.98	110
snapshot_11_17_2015_12_0.json	1447779600.0	71.53	149.98	110
snapshot_11_17_2015_18_0.json	1447801200.0	71.53	149.98	110
snapshot_11_18_2015_0_0.json	1447822800.0	71.53	129	34
snapshot_11_18_2015_12_0.json	1447866000.0	71.53	129	32
snapshot_11_18_2015_18_0.json	1447887600.0	71.53	129	32
snapshot_11_18_2015_6_0.json	1447844400.0	71.53	129	32
snapshot_11_18_2015_6_0.json	1447844400.0	71.53	129	32
snapshot_11_19_2015_0_0.json	1447909200.0	71.53	149.98	109
snapshot_11_19_2015_12_0.json	1447952400.0	71.53	146.98	105
snapshot_11_19_2015_6_0.json	1447930800.0	71.53	146.98	107
snapshot_11_20_2015_0_0.json	1447995600.0	118.33	146.98	103
snapshot_11_20_2015_0_0.json	1447995600.0	118.33	146.98	103
snapshot_11_21_2015_12_0.json	1448125200.0	118.33	146.98	89
snapshot_11_21_2015_18_0.json	1448146800.0	118.33	146.98	89
snapshot_11_22_2015_0_0.json	1448168400.0	118.33	146.98	80
snapshot_11_22_2015_12_0.json	1448211600.0	118.33	146.98	77
snapshot_11_22_2015_6_0.json	1448190000.0	118.33	146.98	77
snapshot_11_22_2015_6_0.json	1448190000.0	118.33	146.98	77
snapshot_11_23_2015_0_0.json	1448254800.0	98.85	146.98	80
snapshot_11_23_2015_0_0.json	1448254800.0	98.85	146.98	80
snapshot_11_23_2015_12_0.json	1448298000.0	98.85	149.99	60
snapshot_11_23_2015_18_0.json	1448319600.0	98.85	149.99	56
snapshot_11_23_2015_6_0.json	1448276400.0	98.85	149.99	66
snapshot_11_24_2015_0_0.json	1448341200.0	98.85	154.99	49
snapshot_11_24_2015_12_0.json	1448384400.0	98.85	154.99	42
snapshot_11_24_2015_18_0.json	1448406000.0	98.85	154.99	37
snapshot_11_24_2015_6_0.json	1448362800.0	98.85	154.99	42
snapshot_11_25_2015_0_0.json	1448427600.0	98.85	154.99	35
snapshot_11_25_2015_0_0.json	1448427600.0	98.85	154.99	35
snapshot_11_25_2015_18_0.json	1448492400.0	98.85	174.99	29
snapshot_11_25_2015_6_0.json	1448449200.0	98.85	154.99	35
snapshot_11_25_2015_6_0.json	1448449200.0	98.85	154.99	35
snapshot_11_26_2015_0_0.json	1448514000.0	113.65	159.98	52
snapshot_11_26_2015_0_0.json	1448514000.0	113.65	159.98	52
snapshot_11_27_2015_18_0.json	1448665200.0	93.74	109.98	50
snapshot_11_28_2015_0_0.json	1448686800.0	72.68	84	43
snapshot_11_28_2015_0_0.json	1448686800.0	72.68	84	39
snapshot_11_28_2015_18_0.json	1448751600.0	65.68	85	30
snapshot_11_28_2015_6_0.json	1448708400.0	65.68	79	25
snapshot_11_29_2015_0_0.json	1448773200.0	53.98	60	7
snapshot_11_29_2015_12_0.json	1448816400.0	0	0	0
snapshot_11_29_2015_18_0.json	1448838000.0	0	0	0
snapshot_11_30_2015_0_0.json	1448859600.0	0	0	0
snapshot_11_30_2015_12_0.json	1448902800.0	0	0	0
snapshot_11_30_2015_18_0.json	1448924400.0	0	0	0
9216740	2015-11-29T03:00:00Z	Disney On Ice Frozen	Pacific Coliseum	British Columbia Vancouver|5871	V5K4W3
snapshot_11_16_2015_0_0.json	1447650000.0	71.53	149.98	110
snapshot_11_17_2015_0_0.json	1447736400.0	71.53	149.98	110
snapshot_11_17_2015_12_0.json	1447779600.0	71.53	149.98	110
snapshot_11_17_2015_18_0.json	1447801200.0	71.53	149.98	110
snapshot_11_18_2015_0_0.json	1447822800.0	71.53	129	34
snapshot_11_18_2015_12_0.json	1447866000.0	71.53	129	32
snapshot_11_18_2015_18_0.json	1447887600.0	71.53	129	32
snapshot_11_18_2015_6_0.json	1447844400.0	71.53	129	32
snapshot_11_18_2015_6_0.json	1447844400.0	71.53	129	32
snapshot_11_19_2015_0_0.json	1447909200.0	71.53	149.98	109
snapshot_11_19_2015_12_0.json	1447952400.0	71.53	146.98	105
snapshot_11_19_2015_6_0.json	1447930800.0	71.53	146.98	107
snapshot_11_20_2015_0_0.json	1447995600.0	118.33	146.98	103
snapshot_11_20_2015_0_0.json	1447995600.0	118.33	146.98	103
snapshot_11_21_2015_12_0.json	1448125200.0	118.33	146.98	89
snapshot_11_21_2015_18_0.json	1448146800.0	118.33	146.98	89
snapshot_11_22_2015_0_0.json	1448168400.0	118.33	146.98	80
snapshot_11_22_2015_12_0.json	1448211600.0	118.33	146.98	77
snapshot_11_22_2015_6_0.json	1448190000.0	118.33	146.98	77
snapshot_11_22_2015_6_0.json	1448190000.0	118.33	146.98	77
snapshot_11_23_2015_0_0.json	1448254800.0	98.85	146.98	80
snapshot_11_23_2015_0_0.json	1448254800.0	98.85	146.98	80
snapshot_11_23_2015_12_0.json	1448298000.0	98.85	149.99	60
snapshot_11_23_2015_18_0.json	1448319600.0	98.85	149.99	56
snapshot_11_23_2015_6_0.json	1448276400.0	98.85	149.99	66
snapshot_11_24_2015_0_0.json	1448341200.0	98.85	154.99	49
snapshot_11_24_2015_12_0.json	1448384400.0	98.85	154.99	42
snapshot_11_24_2015_18_0.json	1448406000.0	98.85	154.99	37
snapshot_11_24_2015_6_0.json	1448362800.0	98.85	154.99	42
snapshot_11_25_2015_0_0.json	1448427600.0	98.85	154.99	35
snapshot_11_25_2015_0_0.json	1448427600.0	98.85	154.99	35
snapshot_11_25_2015_18_0.json	1448492400.0	98.85	174.99	29
snapshot_11_25_2015_6_0.json	1448449200.0	98.85	154.99	35
snapshot_11_25_2015_6_0.json	1448449200.0	98.85	154.99	35
snapshot_11_26_2015_0_0.json	1448514000.0	113.65	159.98	52
snapshot_11_26_2015_0_0.json	1448514000.0	113.65	159.98	52
snapshot_11_27_2015_18_0.json	1448665200.0	93.74	109.98	50
snapshot_11_28_2015_0_0.json	1448686800.0	72.68	84	43
snapshot_11_28_2015_0_0.json	1448686800.0	72.68	84	39
snapshot_11_28_2015_18_0.json	1448751600.0	65.68	85	30
snapshot_11_28_2015_6_0.json	1448708400.0	65.68	79	25
snapshot_11_29_2015_0_0.json	1448773200.0	53.98	60	7
snapshot_11_29_2015_12_0.json	1448816400.0	0	0	0
snapshot_11_29_2015_18_0.json	1448838000.0	0	0	0
snapshot_11_30_2015_0_0.json	1448859600.0	0	0	0
snapshot_11_30_2015_12_0.json	1448902800.0	0	0	0
snapshot_11_30_2015_18_0.json	1448924400.0	0	0	0
9216740	2015-11-29T03:00:00Z	Disney On Ice Frozen	Pacific Coliseum	British Columbia Vancouver|5871	V5K4W3
snapshot_11_16_2015_0_0.json	1447650000.0	71.53	149.98	110
snapshot_11_17_2015_0_0.json	1447736400.0	71.53	149.98	110
snapshot_11_17_2015_12_0.json	1447779600.0	71.53	149.98	110
snapshot_11_17_2015_18_0.json	1447801200.0	71.53	149.98	110
snapshot_11_18_2015_0_0.json	1447822800.0	71.53	129	34
snapshot_11_18_2015_12_0.json	1447866000.0	71.53	129	32
snapshot_11_18_2015_18_0.json	1447887600.0	71.53	129	32
snapshot_11_18_2015_6_0.json	1447844400.0	71.53	129	32
snapshot_11_18_2015_6_0.json	1447844400.0	71.53	129	32
snapshot_11_19_2015_0_0.json	1447909200.0	71.53	149.98	109
snapshot_11_19_2015_12_0.json	1447952400.0	71.53	146.98	105
snapshot_11_19_2015_6_0.json	1447930800.0	71.53	146.98	107
snapshot_11_20_2015_0_0.json	1447995600.0	118.33	146.98	103
snapshot_11_20_2015_0_0.json	1447995600.0	118.33	146.98	103
snapshot_11_21_2015_12_0.json	1448125200.0	118.33	146.98	89
snapshot_11_21_2015_18_0.json	1448146800.0	118.33	146.98	89
snapshot_11_22_2015_0_0.json	1448168400.0	118.33	146.98	80
snapshot_11_22_2015_12_0.json	1448211600.0	118.33	146.98	77
snapshot_11_22_2015_6_0.json	1448190000.0	118.33	146.98	77
snapshot_11_22_2015_6_0.json	1448190000.0	118.33	146.98	77
snapshot_11_23_2015_0_0.json	1448254800.0	98.85	146.98	80
snapshot_11_23_2015_0_0.json	1448254800.0	98.85	146.98	80
snapshot_11_23_2015_12_0.json	1448298000.0	98.85	149.99	60
snapshot_11_23_2015_18_0.json	1448319600.0	98.85	149.99	56
snapshot_11_23_2015_6_0.json	1448276400.0	98.85	149.99	66
snapshot_11_24_2015_0_0.json	1448341200.0	98.85	154.99	49
snapshot_11_24_2015_12_0.json	1448384400.0	98.85	154.99	42
snapshot_11_24_2015_18_0.json	1448406000.0	98.85	154.99	37
snapshot_11_24_2015_6_0.json	1448362800.0	98.85	154.99	42
snapshot_11_25_2015_0_0.json	1448427600.0	98.85	154.99	35
snapshot_11_25_2015_0_0.json	1448427600.0	98.85	154.99	35
snapshot_11_25_2015_18_0.json	1448492400.0	98.85	174.99	29
snapshot_11_25_2015_6_0.json	1448449200.0	98.85	154.99	35
snapshot_11_25_2015_6_0.json	1448449200.0	98.85	154.99	35
snapshot_11_26_2015_0_0.json	1448514000.0	113.65	159.98	52
snapshot_11_26_2015_0_0.json	1448514000.0	113.65	159.98	52
snapshot_11_27_2015_18_0.json	1448665200.0	93.74	109.98	50
snapshot_11_28_2015_0_0.json	1448686800.0	72.68	84	43
snapshot_11_28_2015_0_0.json	1448686800.0	72.68	84	39
snapshot_11_28_2015_18_0.json	1448751600.0	65.68	85	30
snapshot_11_28_2015_6_0.json	1448708400.0	65.68	79	25
snapshot_11_29_2015_0_0.json	1448773200.0	53.98	60	7
snapshot_11_29_2015_12_0.json	1448816400.0	0	0	0
snapshot_11_29_2015_18_0.json	1448838000.0	0	0	0
snapshot_11_30_2015_0_0.json	1448859600.0	0	0	0
snapshot_11_30_2015_12_0.json	1448902800.0	0	0	0
snapshot_11_30_2015_18_0.json	1448924400.0	0	0	0
9216740	2015-11-29T03:00:00Z	Disney On Ice Frozen	Pacific Coliseum	British Columbia Vancouver|5871	V5K4W3
snapshot_11_16_2015_0_0.json	1447650000.0	71.53	149.98	110
snapshot_11_17_2015_0_0.json	1447736400.0	71.53	149.98	110
snapshot_11_17_2015_12_0.json	1447779600.0	71.53	149.98	110
snapshot_11_17_2015_18_0.json	1447801200.0	71.53	149.98	110
snapshot_11_18_2015_0_0.json	1447822800.0	71.53	129	34
snapshot_11_18_2015_12_0.json	1447866000.0	71.53	129	32
snapshot_11_18_2015_18_0.json	1447887600.0	71.53	129	32
snapshot_11_18_2015_6_0.json	1447844400.0	71.53	129	32
snapshot_11_18_2015_6_0.json	1447844400.0	71.53	129	32
snapshot_11_19_2015_0_0.json	1447909200.0	71.53	149.98	109
snapshot_11_19_2015_12_0.json	1447952400.0	71.53	146.98	105
snapshot_11_19_2015_6_0.json	1447930800.0	71.53	146.98	107
snapshot_11_20_2015_0_0.json	1447995600.0	118.33	146.98	103
snapshot_11_20_2015_0_0.json	1447995600.0	118.33	146.98	103
snapshot_11_21_2015_12_0.json	1448125200.0	118.33	146.98	89
snapshot_11_21_2015_18_0.json	1448146800.0	118.33	146.98	89
snapshot_11_22_2015_0_0.json	1448168400.0	118.33	146.98	80
snapshot_11_22_2015_12_0.json	1448211600.0	118.33	146.98	77
snapshot_11_22_2015_6_0.json	1448190000.0	118.33	146.98	77
snapshot_11_22_2015_6_0.json	1448190000.0	118.33	146.98	77
snapshot_11_23_2015_0_0.json	1448254800.0	98.85	146.98	80
snapshot_11_23_2015_0_0.json	1448254800.0	98.85	146.98	80
snapshot_11_23_2015_12_0.json	1448298000.0	98.85	149.99	60
snapshot_11_23_2015_18_0.json	1448319600.0	98.85	149.99	56
snapshot_11_23_2015_6_0.json	1448276400.0	98.85	149.99	66
snapshot_11_24_2015_0_0.json	1448341200.0	98.85	154.99	49
snapshot_11_24_2015_12_0.json	1448384400.0	98.85	154.99	42
snapshot_11_24_2015_18_0.json	1448406000.0	98.85	154.99	37
snapshot_11_24_2015_6_0.json	1448362800.0	98.85	154.99	42
snapshot_11_25_2015_0_0.json	1448427600.0	98.85	154.99	35
snapshot_11_25_2015_0_0.json	1448427600.0	98.85	154.99	35
snapshot_11_25_2015_18_0.json	1448492400.0	98.85	174.99	29
snapshot_11_25_2015_6_0.json	1448449200.0	98.85	154.99	35
snapshot_11_25_2015_6_0.json	1448449200.0	98.85	154.99	35
snapshot_11_26_2015_0_0.json	1448514000.0	113.65	159.98	52
snapshot_11_26_2015_0_0.json	1448514000.0	113.65	159.98	52
snapshot_11_27_2015_18_0.json	1448665200.0	93.74	109.98	50
snapshot_11_28_2015_0_0.json	1448686800.0	72.68	84	43
snapshot_11_28_2015_0_0.json	1448686800.0	72.68	84	39
snapshot_11_28_2015_18_0.json	1448751600.0	65.68	85	30
snapshot_11_28_2015_6_0.json	1448708400.0	65.68	79	25
snapshot_11_29_2015_0_0.json	1448773200.0	53.98	60	7
snapshot_11_29_2015_12_0.json	1448816400.0	0	0	0
snapshot_11_29_2015_18_0.json	1448838000.0	0	0	0
snapshot_11_30_2015_0_0.json	1448859600.0	0	0	0
snapshot_11_30_2015_12_0.json	1448902800.0	0	0	0
snapshot_11_30_2015_18_0.json	1448924400.0	0	0	0
