9216125	2015-12-25T23:00:00Z	Disney On Ice Frozen	Citizens Business Bank Arena	California Los Angeles Metro|10	91764
snapshot_11_16_2015_0_0.json	1447650000.0	49.04	995	426
snapshot_11_16_2015_0_0.json	1447650000.0	49.04	995	426
snapshot_11_17_2015_0_0.json	1447736400.0	49.04	995	426
snapshot_11_17_2015_0_0.json	1447736400.0	49.04	995	426
snapshot_11_17_2015_12_0.json	1447779600.0	49.04	995	426
snapshot_11_18_2015_0_0.json	1447822800.0	49.04	995	426
snapshot_11_18_2015_0_0.json	1447822800.0	49.04	995	426
snapshot_11_18_2015_12_0.json	1447866000.0	49.04	995	426
snapshot_11_18_2015_12_0.json	1447866000.0	49.04	995	426
snapshot_11_18_2015_18_0.json	1447887600.0	49.04	995	426
snapshot_11_18_2015_18_0.json	1447887600.0	49.04	995	426
snapshot_11_18_2015_6_0.json	1447844400.0	49.04	995	426
snapshot_11_18_2015_6_0.json	1447844400.0	49.04	995	426
snapshot_11_19_2015_0_0.json	1447909200.0	49.04	995	426
snapshot_11_19_2015_0_0.json	1447909200.0	49.04	995	426
snapshot_11_19_2015_12_0.json	1447952400.0	49.04	995	426
snapshot_11_19_2015_6_0.json	1447930800.0	49.04	995	426
snapshot_11_20_2015_0_0.json	1447995600.0	49.04	995	403
snapshot_11_21_2015_12_0.json	1448125200.0	49.04	995	418
snapshot_11_22_2015_0_0.json	1448168400.0	49.04	995	418
snapshot_11_22_2015_12_0.json	1448211600.0	49.04	995	415
snapshot_11_22_2015_18_0.json	1448233200.0	49.04	995	415
snapshot_11_22_2015_18_0.json	1448233200.0	49.04	995	415
snapshot_11_22_2015_6_0.json	1448190000.0	49.04	995	415
snapshot_11_22_2015_6_0.json	1448190000.0	49.04	995	415
snapshot_11_23_2015_0_0.json	1448254800.0	49.04	995	415
snapshot_11_23_2015_12_0.json	1448298000.0	49.04	995	415
snapshot_11_23_2015_12_0.json	1448298000.0	49.04	995	415
snapshot_11_23_2015_6_0.json	1448276400.0	49.04	995	415
snapshot_11_24_2015_0_0.json	1448341200.0	49.04	995	415
snapshot_11_24_2015_12_0.json	1448384400.0	41.88	995	409
snapshot_11_24_2015_18_0.json	1448406000.0	41.88	995	406
snapshot_11_24_2015_6_0.json	1448362800.0	41.88	995	415
snapshot_11_25_2015_0_0.json	1448427600.0	41.88	995	402
snapshot_11_25_2015_12_0.json	1448470800.0	41.88	995	394
snapshot_11_25_2015_18_0.json	1448492400.0	41.88	995	394
snapshot_11_25_2015_6_0.json	1448449200.0	41.88	995	394
snapshot_11_25_2015_6_0.json	1448449200.0	41.88	995	394
snapshot_11_26_2015_0_0.json	1448514000.0	41.88	995	394
snapshot_11_27_2015_18_0.json	1448665200.0	41.88	995	380
snapshot_11_28_2015_0_0.json	1448686800.0	41.88	995	380
snapshot_11_28_2015_12_0.json	1448730000.0	41.88	995	376
snapshot_11_28_2015_18_0.json	1448751600.0	41.88	995	372
snapshot_11_28_2015_6_0.json	1448708400.0	41.88	995	376
snapshot_11_28_2015_6_0.json	1448708400.0	41.88	995	376
snapshot_11_29_2015_18_0.json	1448838000.0	41.88	995	368
snapshot_11_29_2015_6_0.json	1448794800.0	41.88	995	368
snapshot_11_29_2015_6_0.json	1448794800.0	41.88	995	368
snapshot_11_30_2015_18_0.json	1448924400.0	41.88	995	365
snapshot_12_1_2015_0_0.json	1448946000.0	41.88	995	358
snapshot_12_1_2015_12_0.json	1448989200.0	41.88	995	350
snapshot_12_1_2015_18_0.json	1449010800.0	41.88	695	346
snapshot_12_1_2015_6_0.json	1448967600.0	41.88	995	355
snapshot_12_2_2015_0_0.json	1449032400.0	41.88	695	335
snapshot_12_2_2015_12_0.json	1449075600.0	41.88	695	326
snapshot_12_2_2015_18_0.json	1449097200.0	41.88	695	321
snapshot_12_2_2015_6_0.json	1449054000.0	41.88	695	330
snapshot_12_3_2015_0_0.json	1449118800.0	41.88	695	319
snapshot_12_3_2015_12_0.json	1449162000.0	41.88	695	313
snapshot_12_3_2015_18_0.json	1449183600.0	41.88	695	313
snapshot_12_3_2015_18_0.json	1449183600.0	41.88	695	313
snapshot_12_3_2015_6_0.json	1449140400.0	41.88	695	319
snapshot_12_4_2015_0_0.json	1449205200.0	41.88	695	305
snapshot_12_4_2015_12_0.json	1449248400.0	53.82	695	295
snapshot_12_4_2015_18_0.json	1449270000.0	53.82	695	295
snapshot_12_4_2015_6_0.json	1449226800.0	53.82	695	295
snapshot_12_4_2015_6_0.json	1449226800.0	53.82	695	295
snapshot_12_5_2015_0_0.json	1449291600.0	53.82	695	295
snapshot_12_5_2015_12_0.json	1449334800.0	55.15	695	291
snapshot_12_5_2015_12_0.json	1449334800.0	55.15	695	291
snapshot_12_5_2015_18_0.json	1449356400.0	55.15	695	291
snapshot_12_5_2015_6_0.json	1449313200.0	55.15	695	291
snapshot_12_5_2015_6_0.json	1449313200.0	55.15	695	291
9216125	2015-12-25T23:00:00Z	Disney On Ice Frozen	Citizens Business Bank Arena	California Los Angeles Metro|10	91764
snapshot_11_16_2015_0_0.json	1447650000.0	49.04	995	426
snapshot_11_16_2015_0_0.json	1447650000.0	49.04	995	426
snapshot_11_17_2015_0_0.json	1447736400.0	49.04	995	426
snapshot_11_17_2015_0_0.json	1447736400.0	49.04	995	426
snapshot_11_17_2015_12_0.json	1447779600.0	49.04	995	426
snapshot_11_18_2015_0_0.json	1447822800.0	49.04	995	426
snapshot_11_18_2015_0_0.json	1447822800.0	49.04	995	426
snapshot_11_18_2015_12_0.json	1447866000.0	49.04	995	426
snapshot_11_18_2015_12_0.json	1447866000.0	49.04	995	426
snapshot_11_18_2015_18_0.json	1447887600.0	49.04	995	426
snapshot_11_18_2015_18_0.json	1447887600.0	49.04	995	426
snapshot_11_18_2015_6_0.json	1447844400.0	49.04	995	426
snapshot_11_18_2015_6_0.json	1447844400.0	49.04	995	426
snapshot_11_19_2015_0_0.json	1447909200.0	49.04	995	426
snapshot_11_19_2015_0_0.json	1447909200.0	49.04	995	426
snapshot_11_19_2015_12_0.json	1447952400.0	49.04	995	426
snapshot_11_19_2015_6_0.json	1447930800.0	49.04	995	426
snapshot_11_20_2015_0_0.json	1447995600.0	49.04	995	403
snapshot_11_21_2015_12_0.json	1448125200.0	49.04	995	418
snapshot_11_22_2015_0_0.json	1448168400.0	49.04	995	418
snapshot_11_22_2015_12_0.json	1448211600.0	49.04	995	415
snapshot_11_22_2015_18_0.json	1448233200.0	49.04	995	415
snapshot_11_22_2015_18_0.json	1448233200.0	49.04	995	415
snapshot_11_22_2015_6_0.json	1448190000.0	49.04	995	415
snapshot_11_22_2015_6_0.json	1448190000.0	49.04	995	415
snapshot_11_23_2015_0_0.json	1448254800.0	49.04	995	415
snapshot_11_23_2015_12_0.json	1448298000.0	49.04	995	415
snapshot_11_23_2015_12_0.json	1448298000.0	49.04	995	415
snapshot_11_23_2015_6_0.json	1448276400.0	49.04	995	415
snapshot_11_24_2015_0_0.json	1448341200.0	49.04	995	415
snapshot_11_24_2015_12_0.json	1448384400.0	41.88	995	409
snapshot_11_24_2015_18_0.json	1448406000.0	41.88	995	406
snapshot_11_24_2015_6_0.json	1448362800.0	41.88	995	415
snapshot_11_25_2015_0_0.json	1448427600.0	41.88	995	402
snapshot_11_25_2015_12_0.json	1448470800.0	41.88	995	394
snapshot_11_25_2015_18_0.json	1448492400.0	41.88	995	394
snapshot_11_25_2015_6_0.json	1448449200.0	41.88	995	394
snapshot_11_25_2015_6_0.json	1448449200.0	41.88	995	394
snapshot_11_26_2015_0_0.json	1448514000.0	41.88	995	394
snapshot_11_27_2015_18_0.json	1448665200.0	41.88	995	380
snapshot_11_28_2015_0_0.json	1448686800.0	41.88	995	380
snapshot_11_28_2015_12_0.json	1448730000.0	41.88	995	376
snapshot_11_28_2015_18_0.json	1448751600.0	41.88	995	372
snapshot_11_28_2015_6_0.json	1448708400.0	41.88	995	376
snapshot_11_28_2015_6_0.json	1448708400.0	41.88	995	376
snapshot_11_29_2015_18_0.json	1448838000.0	41.88	995	368
snapshot_11_29_2015_6_0.json	1448794800.0	41.88	995	368
snapshot_11_29_2015_6_0.json	1448794800.0	41.88	995	368
snapshot_11_30_2015_18_0.json	1448924400.0	41.88	995	365
snapshot_12_1_2015_0_0.json	1448946000.0	41.88	995	358
snapshot_12_1_2015_12_0.json	1448989200.0	41.88	995	350
snapshot_12_1_2015_18_0.json	1449010800.0	41.88	695	346
snapshot_12_1_2015_6_0.json	1448967600.0	41.88	995	355
snapshot_12_2_2015_0_0.json	1449032400.0	41.88	695	335
snapshot_12_2_2015_12_0.json	1449075600.0	41.88	695	326
snapshot_12_2_2015_18_0.json	1449097200.0	41.88	695	321
snapshot_12_2_2015_6_0.json	1449054000.0	41.88	695	330
snapshot_12_3_2015_0_0.json	1449118800.0	41.88	695	319
snapshot_12_3_2015_12_0.json	1449162000.0	41.88	695	313
snapshot_12_3_2015_18_0.json	1449183600.0	41.88	695	313
snapshot_12_3_2015_18_0.json	1449183600.0	41.88	695	313
snapshot_12_3_2015_6_0.json	1449140400.0	41.88	695	319
snapshot_12_4_2015_0_0.json	1449205200.0	41.88	695	305
snapshot_12_4_2015_12_0.json	1449248400.0	53.82	695	295
snapshot_12_4_2015_18_0.json	1449270000.0	53.82	695	295
snapshot_12_4_2015_6_0.json	1449226800.0	53.82	695	295
snapshot_129216125	2015-12-25T23:00:00Z	Disney On Ice Frozen	Citizens Business Bank Arena	California Los Angeles Metro|10	91764
snapshot_11_16_2015_0_0.json	1447650000.0	49.04	995	426
snapshot_11_16_2015_0_0.json	1447650000.0	49.04	995	426
snapshot_11_17_2015_0_0.json	1447736400.0	49.04	995	426
snapshot_11_17_2015_0_0.json	1447736400.0	49.04	995	426
snapshot_11_17_2015_12_0.json	1447779600.0	49.04	995	426
snapshot_11_18_2015_0_0.json	1447822800.0	49.04	995	426
snapshot_11_18_2015_0_0.json	1447822800.0	49.04	995	426
snapshot_11_18_2015_12_0.json	1447866000.0	49.04	995	426
snapshot_11_18_2015_12_0.json	1447866000.0	49.04	995	426
snapshot_11_18_2015_18_0.json	1447887600.0	49.04	995	426
snapshot_11_18_2015_18_0.json	1447887600.0	49.04	995	426
snapshot_11_18_2015_6_0.json	1447844400.0	49.04	995	426
snapshot_11_18_2015_6_0.json	1447844400.0	49.04	995	426
snapshot_11_19_2015_0_0.json	1447909200.0	49.04	995	426
snapshot_11_19_2015_0_0.json	1447909200.0	49.04	995	426
snapshot_11_19_2015_12_0.json	1447952400.0	49.04	995	426
snapshot_11_19_2015_6_0.json	1447930800.0	49.04	995	426
snapshot_11_20_2015_0_0.json	1447995600.0	49.04	995	403
snapshot_11_21_2015_12_0.json	1448125200.0	49.04	995	418
snapshot_11_22_2015_0_0.json	1448168400.0	49.04	995	418
snapshot_11_22_2015_12_0.json	1448211600.0	49.04	995	415
snapshot_11_22_2015_18_0.json	1448233200.0	49.04	995	415
snapshot_11_22_2015_18_0.json	1448233200.0	49.04	995	415
snapshot_11_22_2015_6_0.json	1448190000.0	49.04	995	415
snapshot_11_22_2015_6_0.json	1448190000.0	49.04	995	415
snapshot_11_23_2015_0_0.json	1448254800.0	49.04	995	415
snapshot_11_23_2015_12_0.json	1448298000.0	49.04	995	415
snapshot_11_23_2015_12_0.json	1448298000.0	49.04	995	415
snapshot_11_23_2015_6_0.json	1448276400.0	49.04	995	415
snapshot_11_24_2015_0_0.json	1448341200.0	49.04	995	415
snapshot_11_24_2015_12_0.json	1448384400.0	41.88	995	409
snapshot_11_24_2015_18_0.json	1448406000.0	41.88	995	406
snapshot_11_24_2015_6_0.json	1448362800.0	41.88	995	415
snapshot_11_25_2015_0_0.json	1448427600.0	41.88	995	402
snapshot_11_25_2015_12_0.json	1448470800.0	41.88	995	394
snapshot_11_25_2015_18_0.json	1448492400.0	41.88	995	394
snapshot_11_25_2015_6_0.json	1448449200.0	41.88	995	394
snapshot_11_25_2015_6_0.json	1448449200.0	41.88	995	394
snapshot_11_26_2015_0_0.json	1448514000.0	41.88	995	394
snapshot_11_27_2015_18_0.json	1448665200.0	41.88	995	380
snapshot_11_28_2015_0_0.json	1448686800.0	41.88	995	380
snapshot_11_28_2015_12_0.json	1448730000.0	41.88	995	376
snapshot_11_28_2015_18_0.json	1448751600.0	41.88	995	372
snapshot_11_28_2015_6_0.json	1448708400.0	41.88	995	376
snapshot_11_28_2015_6_0.json	1448708400.0	41.88	995	376
snapshot_11_29_2015_18_0.json	1448838000.0	41.88	995	368
snapshot_11_29_2015_6_0.json	1448794800.0	41.88	995	368
snapshot_11_29_2015_6_0.json	1448794800.0	41.88	995	368
snapshot_11_30_2015_18_0.json	1448924400.0	41.88	995	365
snapshot_12_1_2015_0_0.json	1448946000.0	41.88	995	358
snapshot_12_1_2015_12_0.json	1448989200.0	41.88	995	350
snapshot_12_1_2015_18_0.json	1449010800.0	41.88	695	346
snapshot_12_1_2015_6_0.json	1448967600.0	41.88	995	355
snapshot_12_2_2015_0_0.json	1449032400.0	41.88	695	335
snapshot_12_2_2015_12_0.json	1449075600.0	41.88	695	326
snapshot_12_2_2015_18_0.json	1449097200.0	41.88	695	321
snapshot_12_2_2015_6_0.json	1449054000.0	41.88	695	330
snapshot_12_3_2015_0_0.json	1449118800.0	41.88	695	319
snapshot_12_3_2015_12_0.json	1449162000.0	41.88	695	313
snapshot_12_3_2015_18_0.json	1449183600.0	41.88	695	313
snapshot_12_3_2015_18_0.json	1449183600.0	41.88	695	313
snapshot_12_3_2015_6_0.json	1449140400.0	41.88	695	319
snapshot_12_4_2015_0_0.json	1449205200.0	41.88	695	305
snapshot_12_4_2015_12_0.json	1449248400.0	53.82	695	295
snapshot_12_4_2015_18_0.json	1449270000.0	53.82	695	295
snapshot_12_4_2015_6_0.json	1449226800.0	53.82	695	295
snapshot_12_4_2015_6_0.json	1449226800.0	53.82	695	295
snapshot_12_5_2015_0_0.json	1449291600.0	53.82	695	295
snapshot_12_5_2015_12_0.json	1449334800.0	55.15	695	291
snapshot_12_5_2015_12_0.json	1449334800.0	55.15	695	291
snapshot_12_5_2015_18_0.json	1449356400.0	55.15	695	291
snapshot_12_5_2015_6_0.json	1449313200.0	55.15	695	291
snapshot_12_5_2015_6_0.json	1449313200.0	55.15	695	291
9216125	2015-12-25T23:00:00Z	Disney On Ice Frozen	Citizens Business Bank Arena	California Los Angeles Metro|10	91764
snapshot_11_16_2015_0_0.json	1447650000.0	49.04	995	426
snapshot_11_16_2015_0_0.json	1447650000.0	49.04	995	426
snapshot_11_17_2015_0_0.json	1447736400.0	49.04	995	426
snapshot_11_17_2015_0_0.json	1447736400.0	49.04	995	426
snapshot_11_17_2015_12_0.json	1447779600.0	49.04	995	426
snapshot_11_18_2015_0_0.json	1447822800.0	49.04	995	426
snapshot_11_18_2015_0_0.json	1447822800.0	49.04	995	426
snapshot_11_18_2015_12_0.json	1447866000.0	49.04	995	426
snapshot_11_18_2015_12_0.json	1447866000.0	49.04	995	426
snapshot_11_18_2015_18_0.json	1447887600.0	49.04	995	426
snapshot_11_18_2015_18_0.json	1447887600.0	49.04	995	426
snapshot_11_18_2015_6_0.json	1447844400.0	49.04	995	426
snapshot_11_18_2015_6_0.json	1447844400.0	49.04	995	426
snapshot_11_19_2015_0_0.json	1447909200.0	49.04	995	426
snapshot_11_19_2015_0_0.json	1447909200.0	49.04	995	426
snapshot_11_19_2015_12_0.json	1447952400.0	49.04	995	426
snapshot_11_19_2015_6_0.json	1447930800.0	49.04	995	426
snapshot_11_20_2015_0_0.json	1447995600.0	49.04	995	403
snapshot_11_21_2015_12_0.json	1448125200.0	49.04	995	418
snapshot_11_22_2015_0_0.json	1448168400.0	49.04	995	418
snapshot_11_22_2015_12_0.json	1448211600.0	49.04	995	415
snapshot_11_22_2015_18_0.json	1448233200.0	49.04	995	415
snapshot_11_22_2015_18_0.json	1448233200.0	49.04	995	415
snapshot_11_22_2015_6_0.json	1448190000.0	49.04	995	415
snapshot_11_22_2015_6_0.json	1448190000.0	49.04	995	415
snapshot_11_23_2015_0_0.json	1448254800.0	49.04	995	415
snapshot_11_23_2015_12_0.json	1448298000.0	49.04	995	415
snapshot_11_23_2015_12_0.json	1448298000.0	49.04	995	415
snapshot_11_23_2015_6_0.json	1448276400.0	49.04	995	415
snapshot_11_24_2015_0_0.json	1448341200.0	49.04	995	415
snapshot_11_24_2015_12_0.json	1448384400.0	41.88	995	409
snapshot_11_24_2015_18_0.json	1448406000.0	41.88	995	406
snapshot_11_24_2015_6_0.json	1448362800.0	41.88	995	415
snapshot_11_25_2015_0_0.json	1448427600.0	41.88	995	402
snapshot_11_25_2015_12_0.json	1448470800.0	41.88	995	394
snapshot_11_25_2015_18_0.json	1448492400.0	41.88	995	394
snapshot_11_25_2015_6_0.json	1448449200.0	41.88	995	394
snapshot_11_25_2015_6_0.json	1448449200.0	41.88	995	394
snapshot_11_26_2015_0_0.json	1448514000.0	41.88	995	394
snapshot_11_27_2015_18_0.json	1448665200.0	41.88	995	380
snapshot_11_28_2015_0_0.json	1448686800.0	41.88	995	380
snapshot_11_28_2015_12_0.json	1448730000.0	41.88	995	376
snapshot_11_28_2015_18_0.json	1448751600.0	41.88	995	372
snapshot_11_28_2015_6_0.json	1448708400.0	41.88	995	376
snapshot_11_28_2015_6_0.json	1448708400.0	41.88	995	376
snapshot_11_29_2015_18_0.json	1448838000.0	41.88	995	368
snapshot_11_29_2015_6_0.json	1448794800.0	41.88	995	368
snapshot_11_29_2015_6_0.json	1448794800.0	41.88	995	368
snapshot_11_30_2015_18_0.json	1448924400.0	41.88	995	365
snapshot_12_1_2015_0_0.json	1448946000.0	41.88	995	358
snapshot_12_1_2015_12_0.json	1448989200.0	41.88	995	350
snapshot_12_1_2015_18_0.json	1449010800.0	41.88	695	346
snapshot_12_1_2015_6_0.json	1448967600.0	41.88	995	355
snapshot_12_2_2015_0_0.json	1449032400.0	41.88	695	335
snapshot_12_2_2015_12_0.json	1449075600.0	41.88	695	326
snapshot_12_2_2015_18_0.json	1449097200.0	41.88	695	321
snapshot_12_2_2015_6_0.json	1449054000.0	41.88	695	330
snapshot_12_3_2015_0_0.json	1449118800.0	41.88	695	319
snapshot_12_3_2015_12_0.json	1449162000.0	41.88	695	313
snapshot_12_3_2015_18_0.json	1449183600.0	41.88	695	313
snapshot_12_3_2015_18_0.json	1449183600.0	41.88	695	313
snapshot_12_3_2015_6_0.json	1449140400.0	41.88	695	319
snapshot_12_4_2015_0_0.json	1449205200.0	41.88	695	305
snapshot_12_4_2015_12_0.json	1449248400.0	53.82	695	295
snapshot_12_4_2015_18_0.json	1449270000.0	53.82	695	295
snapshot_12_4_2015_6_0.json	1449226800.0	53.82	695	295
snapshot_12
