9216745	2015-11-29T23:30:00Z	Disney On Ice Frozen	Pacific Coliseum	British Columbia Vancouver|5871	V5K4W3
snapshot_11_16_2015_0_0.json	1447650000.0	78.55	159.98	41
snapshot_11_17_2015_0_0.json	1447736400.0	78.55	159.98	36
snapshot_11_17_2015_0_0.json	1447736400.0	78.55	159.98	36
snapshot_11_17_2015_18_0.json	1447801200.0	78.55	165	38
snapshot_11_18_2015_0_0.json	1447822800.0	78.55	165	23
snapshot_11_18_2015_12_0.json	1447866000.0	78.55	165	23
snapshot_11_18_2015_18_0.json	1447887600.0	78.55	165	23
snapshot_11_19_2015_0_0.json	1447909200.0	78.55	165	33
snapshot_11_19_2015_6_0.json	1447930800.0	78.55	159.98	28
snapshot_11_20_2015_0_0.json	1447995600.0	78.55	159.98	33
snapshot_11_21_2015_12_0.json	1448125200.0	78.55	159.98	26
snapshot_11_22_2015_6_0.json	1448190000.0	119.5	159.98	7
snapshot_11_23_2015_0_0.json	1448254800.0	94.93	115	15
snapshot_11_23_2015_12_0.json	1448298000.0	94.93	100	15
snapshot_11_23_2015_18_0.json	1448319600.0	94.93	100	15
snapshot_11_23_2015_6_0.json	1448276400.0	94.93	100	15
snapshot_11_24_2015_0_0.json	1448341200.0	94.93	100.98	17
snapshot_11_24_2015_12_0.json	1448384400.0	94.93	100	13
snapshot_11_24_2015_12_0.json	1448384400.0	94.93	100	13
snapshot_11_24_2015_18_0.json	1448406000.0	94.93	100	7
snapshot_11_24_2015_6_0.json	1448362800.0	94.93	100	15
snapshot_11_25_2015_0_0.json	1448427600.0	90.23	79	10
snapshot_11_25_2015_12_0.json	1448470800.0	90.23	79	10
snapshot_11_25_2015_18_0.json	1448492400.0	90.23	79	10
snapshot_11_25_2015_6_0.json	1448449200.0	90.23	79	10
snapshot_11_25_2015_6_0.json	1448449200.0	90.23	79	10
snapshot_11_26_2015_0_0.json	1448514000.0	90.23	159	25
snapshot_11_27_2015_18_0.json	1448665200.0	76.21	99.98	47
snapshot_11_28_2015_0_0.json	1448686800.0	60.98	95	36
snapshot_11_28_2015_12_0.json	1448730000.0	60.98	95	27
snapshot_11_28_2015_6_0.json	1448708400.0	60.98	95	27
snapshot_11_29_2015_0_0.json	1448773200.0	61	90	17
snapshot_11_29_2015_0_0.json	1448773200.0	61	90	17
snapshot_11_29_2015_12_0.json	1448816400.0	96.1	80	3
snapshot_11_29_2015_18_0.json	1448838000.0	0	0	0
snapshot_11_29_2015_6_0.json	1448794800.0	107.8	90	4
snapshot_11_30_2015_0_0.json	1448859600.0	0	0	0
snapshot_11_30_2015_12_0.json	1448902800.0	0	0	0
snapshot_11_30_2015_18_0.json	1448924400.0	0	0	0
snapshot_11_30_2015_18_0.json	1448924400.0	0	0	0
snapshot_11_30_2015_6_0.json	1448881200.0	0	0	0
snapshot_12_1_2015_0_0.json	1448946000.0	0	0	0
snapshot_12_1_2015_12_0.json	1448989200.0	0	0	0
snapshot_12_1_2015_6_0.json	1448967600.0	0	0	0
9216745	2015-11-29T23:30:00Z	Disney On Ice Frozen	Pacific Coliseum	British Columbia Vancouver|5871	V5K4W3
snapshot_11_16_2015_0_0.json	1447650000.0	78.55	159.98	41
snapshot_11_17_2015_0_0.json	1447736400.0	78.55	159.98	36
snapshot_11_17_2015_0_0.json	1447736400.0	78.55	159.98	36
snapshot_11_17_2015_18_0.json	1447801200.0	78.55	165	38
snapshot_11_18_2015_0_0.json	1447822800.0	78.55	165	23
snapshot_11_18_2015_12_0.json	1447866000.0	78.55	165	23
snapshot_11_18_2015_18_0.json	1447887600.0	78.55	165	23
snapshot_11_19_2015_0_0.json	1447909200.0	78.55	165	33
snapshot_11_19_2015_6_0.json	1447930800.0	78.55	159.98	28
snapshot_11_20_2015_0_0.json	1447995600.0	78.55	159.98	33
snapshot_11_21_2015_12_0.json	1448125200.0	78.55	159.98	26
snapshot_11_22_2015_6_0.json	1448190000.0	119.5	159.98	7
snapshot_11_23_2015_0_0.json	1448254800.0	94.93	115	15
snapshot_11_23_2015_12_0.json	1448298000.0	94.93	100	15
snapshot_11_23_2015_18_0.json	1448319600.0	94.93	100	15
snapshot_11_23_2015_6_0.json	1448276400.0	94.93	100	15
snapshot_11_24_2015_0_0.json	1448341200.0	94.93	100.98	17
snapshot_11_24_2015_12_0.json	1448384400.0	94.93	100	13
snapshot_11_24_2015_12_0.json	1448384400.0	94.93	100	13
snapshot_11_24_2015_18_0.json	1448406000.0	94.93	100	7
snapshot_11_24_2015_6_0.json	1448362800.0	94.93	100	15
snapshot_11_25_2015_0_0.json	1448427600.0	90.23	79	10
snapshot_11_25_2015_12_0.json	1448470800.0	90.23	79	10
snapshot_11_25_2015_18_0.json	1448492400.0	90.23	79	10
snapshot_11_25_2015_6_0.json	1448449200.0	90.23	79	10
snapshot_11_25_2015_6_0.json	1448449200.0	90.23	79	10
snapshot_11_26_2015_0_0.json	1448514000.0	90.23	159	25
snapshot_11_27_2015_18_0.json	1448665200.0	76.21	99.98	47
snapshot_11_28_2015_0_0.json	1448686800.0	60.98	95	36
snapshot_11_28_2015_12_0.json	1448730000.0	60.98	95	27
snapshot_11_28_2015_6_0.json	1448708400.0	60.98	95	27
snapshot_11_29_2015_0_0.json	1448773200.0	61	90	17
snapshot_11_29_2015_0_0.json	1448773200.0	61	90	17
snapshot_11_29_2015_12_0.json	1448816400.0	96.1	80	3
snapshot_11_29_2015_18_0.json	1448838000.0	0	0	0
snapshot_11_29_2015_6_0.json	1448794800.0	107.8	90	4
snapshot_11_30_2015_0_0.json	1448859600.0	0	0	0
snapshot_11_30_2015_12_0.json	1448902800.0	0	0	0
snapshot_11_30_2015_18_0.json	1448924400.0	0	0	0
snapshot_11_30_2015_18_0.json	1448924400.0	0	0	0
snapshot_11_30_2015_6_0.json	1448881200.0	0	0	0
snapshot_12_1_2015_0_0.json	1448946000.0	0	0	0
snapshot_12_1_2015_12_0.json	1448989200.0	0	0	0
snapshot_12_1_2015_6_0.json	1448967600.0	0	0	0
9216745	2015-11-29T23:30:00Z	Disney On Ice Frozen	Pacific Coliseum	British Columbia Vancouver|5871	V5K4W3
snapshot_11_16_2015_0_0.json	1447650000.0	78.55	159.98	41
snapshot_11_17_2015_0_0.json	1447736400.0	78.55	159.98	36
snapshot_11_17_2015_0_0.json	1447736400.0	78.55	159.98	36
snapshot_11_17_2015_18_0.json	1447801200.0	78.55	165	38
snapshot_11_18_2015_0_0.json	1447822800.0	78.55	165	23
snapshot_11_18_2015_12_0.json	1447866000.0	78.55	165	23
snapshot_11_18_2015_18_0.json	1447887600.0	78.55	165	23
snapshot_11_19_2015_0_0.json	1447909200.0	78.55	165	33
snapshot_11_19_2015_6_0.json	1447930800.0	78.55	159.98	28
snapshot_11_20_2015_0_0.json	1447995600.0	78.55	159.98	33
snapshot_11_21_2015_12_0.json	1448125200.0	78.55	159.98	26
snapshot_11_22_2015_6_0.json	1448190000.0	119.5	159.98	7
snapshot_11_23_2015_0_0.json	1448254800.0	94.93	115	15
snapshot_11_23_2015_12_0.json	1448298000.0	94.93	100	15
snapshot_11_23_2015_18_0.json	1448319600.0	94.93	100	15
snapshot_11_23_2015_6_0.json	1448276400.0	94.93	100	15
snapshot_11_24_2015_0_0.json	1448341200.0	94.93	100.98	17
snapshot_11_24_2015_12_0.json	1448384400.0	94.93	100	13
snapshot_11_24_2015_12_0.json	1448384400.0	94.93	100	13
snapshot_11_24_2015_18_0.json	1448406000.0	94.93	100	7
snapshot_11_24_2015_6_0.json	1448362800.0	94.93	100	15
snapshot_11_25_2015_0_0.json	1448427600.0	90.23	79	10
snapshot_11_25_2015_12_0.json	1448470800.0	90.23	79	10
snapshot_11_25_2015_18_0.json	1448492400.0	90.23	79	10
snapshot_11_25_2015_6_0.json	1448449200.0	90.23	79	10
snapshot_11_25_2015_6_0.json	1448449200.0	90.23	79	10
snapshot_11_26_2015_0_0.json	1448514000.0	90.23	159	25
snapshot_11_27_2015_18_0.json	1448665200.0	76.21	99.98	47
snapshot_11_28_2015_0_0.json	1448686800.0	60.98	95	36
snapshot_11_28_2015_12_0.json	1448730000.0	60.98	95	27
snapshot_11_28_2015_6_0.json	1448708400.0	60.98	95	27
snapshot_11_29_2015_0_0.json	1448773200.0	61	90	17
snapshot_11_29_2015_0_0.json	1448773200.0	61	90	17
snapshot_11_29_2015_12_0.json	1448816400.0	96.1	80	3
snapshot_11_29_2015_18_0.json	1448838000.0	0	0	0
snapshot_11_29_2015_6_0.json	1448794800.0	107.8	90	4
snapshot_11_30_2015_0_0.json	1448859600.0	0	0	0
snapshot_11_30_2015_12_0.json	1448902800.0	0	0	0
snapshot_11_30_2015_18_0.json	1448924400.0	0	0	0
snapshot_11_30_2015_18_0.json	1448924400.0	0	0	0
snapshot_11_30_2015_6_0.json	1448881200.0	0	0	0
snapshot_12_1_2015_0_0.json	1448946000.0	0	0	0
snapshot_12_1_2015_12_0.json	1448989200.0	0	0	0
snapshot_12_1_2015_6_0.json	1448967600.0	0	0	0
9216745	2015-11-29T23:30:00Z	Disney On Ice Frozen	Pacific Coliseum	British Columbia Vancouver|5871	V5K4W3
snapshot_11_16_2015_0_0.json	1447650000.0	78.55	159.98	41
snapshot_11_17_2015_0_0.json	1447736400.0	78.55	159.98	36
snapshot_11_17_2015_0_0.json	1447736400.0	78.55	159.98	36
snapshot_11_17_2015_18_0.json	1447801200.0	78.55	165	38
snapshot_11_18_2015_0_0.json	1447822800.0	78.55	165	23
snapshot_11_18_2015_12_0.json	1447866000.0	78.55	165	23
snapshot_11_18_2015_18_0.json	1447887600.0	78.55	165	23
snapshot_11_19_2015_0_0.json	1447909200.0	78.55	165	33
snapshot_11_19_2015_6_0.json	1447930800.0	78.55	159.98	28
snapshot_11_20_2015_0_0.json	1447995600.0	78.55	159.98	33
snapshot_11_21_2015_12_0.json	1448125200.0	78.55	159.98	26
snapshot_11_22_2015_6_0.json	1448190000.0	119.5	159.98	7
snapshot_11_23_2015_0_0.json	1448254800.0	94.93	115	15
snapshot_11_23_2015_12_0.json	1448298000.0	94.93	100	15
snapshot_11_23_2015_18_0.json	1448319600.0	94.93	100	15
snapshot_11_23_2015_6_0.json	1448276400.0	94.93	100	15
snapshot_11_24_2015_0_0.json	1448341200.0	94.93	100.98	17
snapshot_11_24_2015_12_0.json	1448384400.0	94.93	100	13
snapshot_11_24_2015_12_0.json	1448384400.0	94.93	100	13
snapshot_11_24_2015_18_0.json	1448406000.0	94.93	100	7
snapshot_11_24_2015_6_0.json	1448362800.0	94.93	100	15
snapshot_11_25_2015_0_0.json	1448427600.0	90.23	79	10
snapshot_11_25_2015_12_0.json	1448470800.0	90.23	79	10
snapshot_11_25_2015_18_0.json	1448492400.0	90.23	79	10
snapshot_11_25_2015_6_0.json	1448449200.0	90.23	79	10
snapshot_11_25_2015_6_0.json	1448449200.0	90.23	79	10
snapshot_11_26_2015_0_0.json	1448514000.0	90.23	159	25
snapshot_11_27_2015_18_0.json	1448665200.0	76.21	99.98	47
snapshot_11_28_2015_0_0.json	1448686800.0	60.98	95	36
snapshot_11_28_2015_12_0.json	1448730000.0	60.98	95	27
snapshot_11_28_2015_6_0.json	1448708400.0	60.98	95	27
snapshot_11_29_2015_0_0.json	1448773200.0	61	90	17
snapshot_11_29_2015_0_0.json	1448773200.0	61	90	17
snapshot_11_29_2015_12_0.json	1448816400.0	96.1	80	3
snapshot_11_29_2015_18_0.json	1448838000.0	0	0	0
snapshot_11_29_2015_6_0.json	1448794800.0	107.8	90	4
snapshot_11_30_2015_0_0.json	1448859600.0	0	0	0
snapshot_11_30_2015_12_0.json	1448902800.0	0	0	0
snapshot_11_30_2015_18_0.json	1448924400.0	0	0	0
snapshot_11_30_2015_18_0.json	1448924400.0	0	0	0
snapshot_11_30_2015_6_0.json	1448881200.0	0	0	0
snapshot_12_1_2015_0_0.json	1448946000.0	0	0	0
snapshot_12_1_2015_12_0.json	1448989200.0	0	0	0
snapshot_12_1_2015_6_0.json	1448967600.0	0	0	0
