9216741	2015-11-28T23:30:00Z	Disney On Ice Frozen	Pacific Coliseum	British Columbia Vancouver|5871	V5K4W3
snapshot_11_16_2015_0_0.json	1447650000.0	66.85	169	15
snapshot_11_17_2015_0_0.json	1447736400.0	57.49	169	13
snapshot_11_17_2015_0_0.json	1447736400.0	57.49	169	13
snapshot_11_17_2015_12_0.json	1447779600.0	57.49	169	13
snapshot_11_17_2015_18_0.json	1447801200.0	57.49	169	7
snapshot_11_17_2015_18_0.json	1447801200.0	57.49	169	7
snapshot_11_17_2015_6_0.json	1447758000.0	57.49	169	13
snapshot_11_17_2015_6_0.json	1447758000.0	57.49	169	13
snapshot_11_18_2015_0_0.json	1447822800.0	57.49	169	28
snapshot_11_18_2015_12_0.json	1447866000.0	57.49	169	20
snapshot_11_19_2015_0_0.json	1447909200.0	57.49	169	28
snapshot_11_19_2015_12_0.json	1447952400.0	57.49	169	28
snapshot_11_19_2015_12_0.json	1447952400.0	57.49	169	28
snapshot_11_19_2015_18_0.json	1447974000.0	57.49	169	28
snapshot_11_19_2015_6_0.json	1447930800.0	57.49	169	28
snapshot_11_20_2015_0_0.json	1447995600.0	57.49	169	28
snapshot_11_20_2015_12_0.json	1448038800.0	57.49	149	17
snapshot_11_20_2015_12_0.json	1448038800.0	57.49	149	17
snapshot_11_21_2015_12_0.json	1448125200.0	57.49	79	7
snapshot_11_21_2015_18_0.json	1448146800.0	57.49	70	3
snapshot_11_22_2015_18_0.json	1448233200.0	57.49	79	6
snapshot_11_22_2015_6_0.json	1448190000.0	57.49	79	10
snapshot_11_22_2015_6_0.json	1448190000.0	57.49	79	10
snapshot_11_23_2015_0_0.json	1448254800.0	57.49	79	19
snapshot_11_23_2015_0_0.json	1448254800.0	57.49	79	19
snapshot_11_23_2015_12_0.json	1448298000.0	90.25	79	18
snapshot_11_23_2015_18_0.json	1448319600.0	90.25	79	18
snapshot_11_23_2015_6_0.json	1448276400.0	90.25	79	18
snapshot_11_23_2015_6_0.json	1448276400.0	90.25	79	18
snapshot_11_24_2015_0_0.json	1448341200.0	90.25	79	18
snapshot_11_24_2015_0_0.json	1448341200.0	90.25	79	18
snapshot_11_24_2015_12_0.json	1448384400.0	90.25	79	10
snapshot_11_24_2015_18_0.json	1448406000.0	90.25	79	10
snapshot_11_24_2015_6_0.json	1448362800.0	90.25	79	10
snapshot_11_25_2015_0_0.json	1448427600.0	90.25	79	10
snapshot_11_25_2015_12_0.json	1448470800.0	90.23	79	18
snapshot_11_25_2015_18_0.json	1448492400.0	90.23	79	18
snapshot_11_25_2015_6_0.json	1448449200.0	90.23	79	18
snapshot_11_25_2015_6_0.json	1448449200.0	90.23	79	18
snapshot_11_26_2015_0_0.json	1448514000.0	78.55	109.98	36
snapshot_11_26_2015_0_0.json	1448514000.0	78.55	109.98	36
snapshot_11_27_2015_18_0.json	1448665200.0	78.53	99.98	35
snapshot_11_28_2015_0_0.json	1448686800.0	63.32	89	26
snapshot_11_28_2015_12_0.json	1448730000.0	63.32	89	12
snapshot_11_28_2015_18_0.json	1448751600.0	49.28	95	16
snapshot_11_28_2015_6_0.json	1448708400.0	63.32	89	15
snapshot_11_28_2015_6_0.json	1448708400.0	63.32	89	15
snapshot_11_29_2015_0_0.json	1448773200.0	0	0	0
snapshot_11_29_2015_12_0.json	1448816400.0	0	0	0
snapshot_11_29_2015_18_0.json	1448838000.0	0	0	0
snapshot_11_29_2015_6_0.json	1448794800.0	0	0	0
snapshot_11_29_2015_6_0.json	1448794800.0	0	0	0
snapshot_11_30_2015_0_0.json	1448859600.0	0	0	0
snapshot_11_30_2015_12_0.json	1448902800.0	0	0	0
9216741	2015-11-28T23:30:00Z	Disney On Ice Frozen	Pacific Coliseum	British Columbia Vancouver|5871	V5K4W3
snapshot_11_16_2015_0_0.json	1447650000.0	66.85	169	15
snapshot_11_17_2015_0_0.json	1447736400.0	57.49	169	13
snapshot_11_17_2015_0_0.json	1447736400.0	57.49	169	13
snapshot_11_17_2015_12_0.json	1447779600.0	57.49	169	13
snapshot_11_17_2015_18_0.json	1447801200.0	57.49	169	7
snapshot_11_17_2015_18_0.json	1447801200.0	57.49	169	7
snapshot_11_17_2015_6_0.json	1447758000.0	57.49	169	13
snapshot_11_17_2015_6_0.json	1447758000.0	57.49	169	13
snapshot_11_18_2015_0_0.json	1447822800.0	57.49	169	28
snapshot_11_18_2015_12_0.json	1447866000.0	57.49	169	20
snapshot_11_19_2015_0_0.json	1447909200.0	57.49	169	28
snapshot_11_19_2015_12_0.json	1447952400.0	57.49	169	28
snapshot_11_19_2015_12_0.json	1447952400.0	57.49	169	28
snapshot_11_19_2015_18_0.json	1447974000.0	57.49	169	28
snapshot_11_19_2015_6_0.json	1447930800.0	57.49	169	28
snapshot_11_20_2015_0_0.json	1447995600.0	57.49	169	28
snapshot_11_20_2015_12_0.json	1448038800.0	57.49	149	17
snapshot_11_20_2015_12_0.json	1448038800.0	57.49	149	17
snapshot_11_21_2015_12_0.json	1448125200.0	57.49	79	7
snapshot_11_21_2015_18_0.json	1448146800.0	57.49	70	3
snapshot_11_22_2015_18_0.json	1448233200.0	57.49	79	6
snapshot_11_22_2015_6_0.json	1448190000.0	57.49	79	10
snapshot_11_22_2015_6_0.json	1448190000.0	57.49	79	10
snapshot_11_23_2015_0_0.json	1448254800.0	57.49	79	19
snapshot_11_23_2015_0_0.json	1448254800.0	57.49	79	19
snapshot_11_23_2015_12_0.json	1448298000.0	90.25	79	18
snapshot_11_23_2015_18_0.json	1448319600.0	90.25	79	18
snapshot_11_23_2015_6_0.json	1448276400.0	90.25	79	18
snapshot_11_23_2015_6_0.json	1448276400.0	90.25	79	18
snapshot_11_24_2015_0_0.json	1448341200.0	90.25	79	18
snapshot_11_24_2015_0_0.json	1448341200.0	90.25	79	18
snapshot_11_24_2015_12_0.json	1448384400.0	90.25	79	10
snapshot_11_24_2015_18_0.json	1448406000.0	90.25	79	10
snapshot_11_24_2015_6_0.json	1448362800.0	90.25	79	10
snapshot_11_25_2015_0_0.json	1448427600.0	90.25	79	10
snapshot_11_25_2015_12_0.json	1448470800.0	90.23	79	18
snapshot_11_25_2015_18_0.json	1448492400.0	90.23	79	18
snapshot_11_25_2015_6_0.json	1448449200.0	90.23	79	18
snapshot_11_25_2015_6_0.json	1448449200.0	90.23	79	18
snapshot_11_26_2015_0_0.json	1448514000.0	78.55	109.98	36
snapshot_11_26_2015_0_0.json	1448514000.0	78.55	109.98	36
snapshot_11_27_2015_18_0.json	1448665200.0	78.53	99.98	35
snapshot_11_28_2015_0_0.json	1448686800.0	63.32	89	26
snapshot_11_28_2015_12_0.json	1448730000.0	63.32	89	12
snapshot_11_28_2015_18_0.json	1448751600.0	49.28	95	16
snapshot_11_28_2015_6_0.json	1448708400.0	63.32	89	15
snapshot_11_28_2015_6_0.json	1448708400.0	63.32	89	15
snapshot_11_29_2015_0_0.json	1448773200.0	0	0	0
snapshot_11_29_2015_12_0.json	1448816400.0	0	0	0
snapshot_11_29_2015_18_0.json	1448838000.0	0	0	0
snapshot_11_29_2015_6_0.json	1448794800.0	0	0	0
snapshot_11_29_2015_6_0.json	1448794800.0	0	0	0
snapshot_11_30_2015_0_0.json	1448859600.0	0	0	0
snapshot_11_30_2015_12_0.json	1448902800.0	0	0	0
9216741	2015-11-28T23:30:00Z	Disney On Ice Frozen	Pacific Coliseum	British Columbia Vancouver|5871	V5K4W3
snapshot_11_16_2015_0_0.json	1447650000.0	66.85	169	15
snapshot_11_17_2015_0_0.json	1447736400.0	57.49	169	13
snapshot_11_17_2015_0_0.json	1447736400.0	57.49	169	13
snapshot_11_17_2015_12_0.json	1447779600.0	57.49	169	13
snapshot_11_17_2015_18_0.json	1447801200.0	57.49	169	7
snapshot_11_17_2015_18_0.json	1447801200.0	57.49	169	7
snapshot_11_17_2015_6_0.json	1447758000.0	57.49	169	13
snapshot_11_17_2015_6_0.json	1447758000.0	57.49	169	13
snapshot_11_18_2015_0_0.json	1447822800.0	57.49	169	28
snapshot_11_18_2015_12_0.json	1447866000.0	57.49	169	20
snapshot_11_19_2015_0_0.json	1447909200.0	57.49	169	28
snapshot_11_19_2015_12_0.json	1447952400.0	57.49	169	28
snapshot_11_19_2015_12_0.json	1447952400.0	57.49	169	28
snapshot_11_19_2015_18_0.json	1447974000.0	57.49	169	28
snapshot_11_19_2015_6_0.json	1447930800.0	57.49	169	28
snapshot_11_20_2015_0_0.json	1447995600.0	57.49	169	28
snapshot_11_20_2015_12_0.json	1448038800.0	57.49	149	17
snapshot_11_20_2015_12_0.json	1448038800.0	57.49	149	17
snapshot_11_21_2015_12_0.json	1448125200.0	57.49	79	7
snapshot_11_21_2015_18_0.json	1448146800.0	57.49	70	3
snapshot_11_22_2015_18_0.json	1448233200.0	57.49	79	6
snapshot_11_22_2015_6_0.json	1448190000.0	57.49	79	10
snapshot_11_22_2015_6_0.json	1448190000.0	57.49	79	10
snapshot_11_23_2015_0_0.json	1448254800.0	57.49	79	19
snapshot_11_23_2015_0_0.json	1448254800.0	57.49	79	19
snapshot_11_23_2015_12_0.json	1448298000.0	90.25	79	18
snapshot_11_23_2015_18_0.json	1448319600.0	90.25	79	18
snapshot_11_23_2015_6_0.json	1448276400.0	90.25	79	18
snapshot_11_23_2015_6_0.json	1448276400.0	90.25	79	18
snapshot_11_24_2015_0_0.json	1448341200.0	90.25	79	18
snapshot_11_24_2015_0_0.json	1448341200.0	90.25	79	18
snapshot_11_24_2015_12_0.json	1448384400.0	90.25	79	10
snapshot_11_24_2015_18_0.json	1448406000.0	90.25	79	10
snapshot_11_24_2015_6_0.json	1448362800.0	90.25	79	10
snapshot_11_25_2015_0_0.json	1448427600.0	90.25	79	10
snapshot_11_25_2015_12_0.json	1448470800.0	90.23	79	18
snapshot_11_25_2015_18_0.json	1448492400.0	90.23	79	18
snapshot_11_25_2015_6_0.json	1448449200.0	90.23	79	18
snapshot_11_25_2015_6_0.json	1448449200.0	90.23	79	18
snapshot_11_26_2015_0_0.json	1448514000.0	78.55	109.98	36
snapshot_11_26_2015_0_0.json	1448514000.0	78.55	109.98	36
snapshot_11_27_2015_18_0.json	1448665200.0	78.53	99.98	35
snapshot_11_28_2015_0_0.json	1448686800.0	63.32	89	26
snapshot_11_28_2015_12_0.json	1448730000.0	63.32	89	12
snapshot_11_28_2015_18_0.json	1448751600.0	49.28	95	16
snapshot_11_28_2015_6_0.json	1448708400.0	63.32	89	15
snapshot_11_28_2015_6_0.json	1448708400.0	63.32	89	15
snapshot_11_29_2015_0_0.json	1448773200.0	0	0	0
snapshot_11_29_2015_12_0.json	1448816400.0	0	0	0
snapshot_11_29_2015_18_0.json	1448838000.0	0	0	0
snapshot_11_29_2015_6_0.json	1448794800.0	0	0	0
snapshot_11_29_2015_6_0.json	1448794800.0	0	0	0
snapshot_11_30_2015_0_0.json	1448859600.0	0	0	0
snapshot_11_30_2015_12_0.json	1448902800.0	0	0	0
9216741	2015-11-28T23:30:00Z	Disney On Ice Frozen	Pacific Coliseum	British Columbia Vancouver|5871	V5K4W3
snapshot_11_16_2015_0_0.json	1447650000.0	66.85	169	15
snapshot_11_17_2015_0_0.json	1447736400.0	57.49	169	13
snapshot_11_17_2015_0_0.json	1447736400.0	57.49	169	13
snapshot_11_17_2015_12_0.json	1447779600.0	57.49	169	13
snapshot_11_17_2015_18_0.json	1447801200.0	57.49	169	7
snapshot_11_17_2015_18_0.json	1447801200.0	57.49	169	7
snapshot_11_17_2015_6_0.json	1447758000.0	57.49	169	13
snapshot_11_17_2015_6_0.json	1447758000.0	57.49	169	13
snapshot_11_18_2015_0_0.json	1447822800.0	57.49	169	28
snapshot_11_18_2015_12_0.json	1447866000.0	57.49	169	20
snapshot_11_19_2015_0_0.json	1447909200.0	57.49	169	28
snapshot_11_19_2015_12_0.json	1447952400.0	57.49	169	28
snapshot_11_19_2015_12_0.json	1447952400.0	57.49	169	28
snapshot_11_19_2015_18_0.json	1447974000.0	57.49	169	28
snapshot_11_19_2015_6_0.json	1447930800.0	57.49	169	28
snapshot_11_20_2015_0_0.json	1447995600.0	57.49	169	28
snapshot_11_20_2015_12_0.json	1448038800.0	57.49	149	17
snapshot_11_20_2015_12_0.json	1448038800.0	57.49	149	17
snapshot_11_21_2015_12_0.json	1448125200.0	57.49	79	7
snapshot_11_21_2015_18_0.json	1448146800.0	57.49	70	3
snapshot_11_22_2015_18_0.json	1448233200.0	57.49	79	6
snapshot_11_22_2015_6_0.json	1448190000.0	57.49	79	10
snapshot_11_22_2015_6_0.json	1448190000.0	57.49	79	10
snapshot_11_23_2015_0_0.json	1448254800.0	57.49	79	19
snapshot_11_23_2015_0_0.json	1448254800.0	57.49	79	19
snapshot_11_23_2015_12_0.json	1448298000.0	90.25	79	18
snapshot_11_23_2015_18_0.json	1448319600.0	90.25	79	18
snapshot_11_23_2015_6_0.json	1448276400.0	90.25	79	18
snapshot_11_23_2015_6_0.json	1448276400.0	90.25	79	18
snapshot_11_24_2015_0_0.json	1448341200.0	90.25	79	18
snapshot_11_24_2015_0_0.json	1448341200.0	90.25	79	18
snapshot_11_24_2015_12_0.json	1448384400.0	90.25	79	10
snapshot_11_24_2015_18_0.json	1448406000.0	90.25	79	10
snapshot_11_24_2015_6_0.json	1448362800.0	90.25	79	10
snapshot_11_25_2015_0_0.json	1448427600.0	90.25	79	10
snapshot_11_25_2015_12_0.json	1448470800.0	90.23	79	18
snapshot_11_25_2015_18_0.json	1448492400.0	90.23	79	18
snapshot_11_25_2015_6_0.json	1448449200.0	90.23	79	18
snapshot_11_25_2015_6_0.json	1448449200.0	90.23	79	18
snapshot_11_26_2015_0_0.json	1448514000.0	78.55	109.98	36
snapshot_11_26_2015_0_0.json	1448514000.0	78.55	109.98	36
snapshot_11_27_2015_18_0.json	1448665200.0	78.53	99.98	35
snapshot_11_28_2015_0_0.json	1448686800.0	63.32	89	26
snapshot_11_28_2015_12_0.json	1448730000.0	63.32	89	12
snapshot_11_28_2015_18_0.json	1448751600.0	49.28	95	16
snapshot_11_28_2015_6_0.json	1448708400.0	63.32	89	15
snapshot_11_28_2015_6_0.json	1448708400.0	63.32	89	15
snapshot_11_29_2015_0_0.json	1448773200.0	0	0	0
snapshot_11_29_2015_12_0.json	1448816400.0	0	0	0
snapshot_11_29_2015_18_0.json	1448838000.0	0	0	0
snapshot_11_29_2015_6_0.json	1448794800.0	0	0	0
snapshot_11_29_2015_6_0.json	1448794800.0	0	0	0
snapshot_11_30_2015_0_0.json	1448859600.0	0	0	0
snapshot_11_30_2015_12_0.json	1448902800.0	0	0	0
