9216122	2015-12-25T00:30:00Z	Disney On Ice Frozen	Citizens Business Bank Arena	California Los Angeles Metro|10	91764
snapshot_11_17_2015_0_0.json	1447736400.0	55.15	249	398
snapshot_11_17_2015_0_0.json	1447736400.0	55.15	249	398
snapshot_11_18_2015_0_0.json	1447822800.0	55.15	249	398
snapshot_11_18_2015_0_0.json	1447822800.0	55.15	249	398
snapshot_11_18_2015_12_0.json	1447866000.0	55.15	249	430
snapshot_11_18_2015_12_0.json	1447866000.0	55.15	249	430
snapshot_11_18_2015_18_0.json	1447887600.0	55.15	249	430
snapshot_11_18_2015_18_0.json	1447887600.0	55.15	249	430
snapshot_11_18_2015_6_0.json	1447844400.0	55.15	249	430
snapshot_11_19_2015_0_0.json	1447909200.0	55.15	249	430
snapshot_11_19_2015_0_0.json	1447909200.0	55.15	249	430
snapshot_11_19_2015_6_0.json	1447930800.0	55.15	249	426
snapshot_11_20_2015_0_0.json	1447995600.0	55.15	249	426
snapshot_11_22_2015_0_0.json	1448168400.0	55.15	249	426
snapshot_11_22_2015_12_0.json	1448211600.0	55.15	249	418
snapshot_11_22_2015_18_0.json	1448233200.0	55.15	249	418
snapshot_11_22_2015_6_0.json	1448190000.0	55.15	249	426
snapshot_11_22_2015_6_0.json	1448190000.0	55.15	249	426
snapshot_11_23_2015_0_0.json	1448254800.0	55.15	249	418
snapshot_11_23_2015_12_0.json	1448298000.0	55.15	249	418
snapshot_11_23_2015_12_0.json	1448298000.0	55.15	249	418
snapshot_11_23_2015_6_0.json	1448276400.0	55.15	249	418
snapshot_11_24_2015_0_0.json	1448341200.0	55.15	249	418
snapshot_11_24_2015_18_0.json	1448406000.0	55.15	249	418
snapshot_11_25_2015_12_0.json	1448470800.0	55.15	249	418
snapshot_11_25_2015_18_0.json	1448492400.0	55.15	249	418
snapshot_11_25_2015_6_0.json	1448449200.0	55.15	249	418
snapshot_11_25_2015_6_0.json	1448449200.0	55.15	249	418
snapshot_11_26_2015_0_0.json	1448514000.0	55.15	249	422
snapshot_11_27_2015_18_0.json	1448665200.0	55.15	249	412
snapshot_11_28_2015_0_0.json	1448686800.0	52.81	249	412
snapshot_11_28_2015_12_0.json	1448730000.0	52.81	249	412
snapshot_11_28_2015_18_0.json	1448751600.0	52.81	249	412
snapshot_11_28_2015_6_0.json	1448708400.0	52.81	249	412
snapshot_11_28_2015_6_0.json	1448708400.0	52.81	249	412
snapshot_11_29_2015_0_0.json	1448773200.0	52.81	249	412
snapshot_11_29_2015_0_0.json	1448773200.0	52.81	249	412
snapshot_11_29_2015_18_0.json	1448838000.0	52.81	249	412
snapshot_11_29_2015_6_0.json	1448794800.0	52.81	249	412
snapshot_11_30_2015_12_0.json	1448902800.0	52.81	249	412
snapshot_11_30_2015_12_0.json	1448902800.0	52.81	249	412
snapshot_11_30_2015_18_0.json	1448924400.0	52.81	249	412
snapshot_12_1_2015_0_0.json	1448946000.0	52.81	249	412
snapshot_12_1_2015_0_0.json	1448946000.0	52.81	249	412
snapshot_12_1_2015_18_0.json	1449010800.0	52.81	249	405
snapshot_12_1_2015_6_0.json	1448967600.0	52.81	249	408
snapshot_12_2_2015_12_0.json	1449075600.0	52.81	249	395
snapshot_12_2_2015_12_0.json	1449075600.0	52.81	249	395
snapshot_12_2_2015_18_0.json	1449097200.0	52.81	249	395
snapshot_12_3_2015_0_0.json	1449118800.0	52.81	249	395
snapshot_12_3_2015_12_0.json	1449162000.0	52.81	249	395
snapshot_12_3_2015_18_0.json	1449183600.0	52.81	249	395
snapshot_12_3_2015_18_0.json	1449183600.0	52.81	249	395
snapshot_12_3_2015_6_0.json	1449140400.0	52.81	249	395
snapshot_12_4_2015_0_0.json	1449205200.0	52.81	249	395
snapshot_12_4_2015_0_0.json	1449205200.0	52.81	249	395
snapshot_12_4_2015_12_0.json	1449248400.0	52.81	249	392
snapshot_12_4_2015_18_0.json	1449270000.0	52.81	249	392
snapshot_12_4_2015_6_0.json	1449226800.0	52.81	249	392
snapshot_12_5_2015_0_0.json	1449291600.0	52.81	249	380
snapshot_12_5_2015_12_0.json	1449334800.0	52.81	249	375
snapshot_12_5_2015_18_0.json	1449356400.0	52.81	249	375
snapshot_12_5_2015_6_0.json	1449313200.0	52.81	249	378
9216122	2015-12-25T00:30:00Z	Disney On Ice Frozen	Citizens Business Bank Arena	California Los Angeles Metro|10	91764
snapshot_11_17_2015_0_0.json	1447736400.0	55.15	249	398
snapshot_11_17_2015_0_0.json	1447736400.0	55.15	249	398
snapshot_11_18_2015_0_0.json	1447822800.0	55.15	249	398
snapshot_11_18_2015_0_0.json	1447822800.0	55.15	249	398
snapshot_11_18_2015_12_0.json	1447866000.0	55.15	249	430
snapshot_11_18_2015_12_0.json	1447866000.0	55.15	249	430
snapshot_11_18_2015_18_0.json	1447887600.0	55.15	249	430
snapshot_11_18_2015_18_0.json	1447887600.0	55.15	249	430
snapshot_11_18_2015_6_0.json	1447844400.0	55.15	249	430
snapshot_11_19_2015_0_0.json	1447909200.0	55.15	249	430
snapshot_11_19_2015_0_0.json	1447909200.0	55.15	249	430
snapshot_11_19_2015_6_0.json	1447930800.0	55.15	249	426
snapshot_11_20_2015_0_0.json	1447995600.0	55.15	249	426
snapshot_11_22_2015_0_0.json	1448168400.0	55.15	249	426
snapshot_11_22_2015_12_0.json	1448211600.0	55.15	249	418
snapshot_11_22_2015_18_0.json	1448233200.0	55.15	249	418
snapshot_11_22_2015_6_0.json	1448190000.0	55.15	249	426
snapshot_11_22_2015_6_0.json	1448190000.0	55.15	249	426
snapshot_11_23_2015_0_0.json	1448254800.0	55.15	249	418
snapshot_11_23_2015_12_0.json	1448298000.0	55.15	249	418
snapshot_11_23_2015_12_0.json	1448298000.0	55.15	249	418
snapshot_11_23_2015_6_0.json	1448276400.0	55.15	249	418
snapshot_11_24_2015_0_0.json	1448341200.0	55.15	249	418
snapshot_11_24_2015_18_0.json	1448406000.0	55.15	249	418
snapshot_11_25_2015_12_0.json	1448470800.0	55.15	249	418
snapshot_11_25_2015_18_0.json	1448492400.0	55.15	249	418
snapshot_11_25_2015_6_0.json	1448449200.0	55.15	249	418
snapshot_11_25_2015_6_0.json	1448449200.0	55.15	249	418
snapshot_11_26_2015_0_0.json	1448514000.0	55.15	249	422
snapshot_11_27_2015_18_0.json	1448665200.0	55.15	249	412
snapshot_11_28_2015_0_0.json	1448686800.0	52.81	249	412
snapshot_11_28_2015_12_0.json	1448730000.0	52.81	249	412
snapshot_11_28_2015_18_0.json	1448751600.0	52.81	249	412
snapshot_11_28_2015_6_0.json	1448708400.0	52.81	249	412
snapshot_11_28_2015_6_0.json	1448708400.0	52.81	249	412
snapshot_11_29_2015_0_0.json	1448773200.0	52.81	249	412
snapshot_11_29_2015_0_0.json	1448773200.0	52.81	249	412
snapshot_11_29_2015_18_0.json	1448838000.0	52.81	249	412
snapshot_11_29_2015_6_0.json	1448794800.0	52.81	249	412
snapshot_11_30_2015_12_0.json	1448902800.0	52.81	249	412
snapshot_11_30_2015_12_0.json	1448902800.0	52.81	249	412
snapshot_11_30_2015_18_0.json	1448924400.0	52.81	249	412
snapshot_12_1_2015_0_0.json	1448946000.0	52.81	249	412
snapshot_12_1_2015_0_0.json	1448946000.0	52.81	249	412
snapshot_12_1_2015_18_0.json	1449010800.0	52.81	249	405
snapshot_12_1_2015_6_0.json	1448967600.0	52.81	249	408
snapshot_12_2_2015_12_0.json	1449075600.0	52.81	249	395
snapshot_12_2_2015_12_0.json	1449075600.0	52.81	249	395
snapshot_12_2_2015_18_0.json	1449097200.0	52.81	249	395
snapshot_12_3_2015_0_0.json	1449118800.0	52.81	249	395
snapshot_12_3_2015_12_0.json	1449162000.0	52.81	249	395
snapshot_12_3_2015_18_0.json	1449183600.0	52.81	249	395
snapshot_12_3_2015_18_0.json	1449183600.0	52.81	249	395
snapshot_12_3_2015_6_0.json	1449140400.0	52.81	249	395
snapshot_12_4_2015_0_0.json	1449205200.0	52.81	249	395
snapshot_12_4_2015_0_0.json	1449205200.0	52.81	249	395
snapshot_12_4_2015_12_0.json	1449248400.0	52.81	249	392
snapshot_12_4_2015_18_0.json	1449270000.0	52.81	249	392
snapshot_12_4_2015_6_0.json	1449226800.0	52.81	249	392
snapshot_12_5_2015_0_0.json	1449291600.0	52.81	249	380
snapshot_12_5_2015_12_0.json	1449334800.0	52.81	249	375
snapshot_12_5_2015_18_0.json	1449356400.0	52.81	249	375
snapshot_12_5_2015_6_0.json	1449313200.0	52.81	249	378
9216122	2015-12-25T00:30:00Z	Disney On Ice Frozen	Citizens Business Bank Arena	California Los Angeles Metro|10	91764
snapshot_11_17_2015_0_0.json	1447736400.0	55.15	249	398
snapshot_11_17_2015_0_0.json	1447736400.0	55.15	249	398
snapshot_11_18_2015_0_0.json	1447822800.0	55.15	249	398
snapshot_11_18_2015_0_0.json	1447822800.0	55.15	249	398
snapshot_11_18_2015_12_0.json	1447866000.0	55.15	249	430
snapshot_11_18_2015_12_0.json	1447866000.0	55.15	249	430
snapshot_11_18_2015_18_0.json	1447887600.0	55.15	249	430
snapshot_11_18_2015_18_0.json	1447887600.0	55.15	249	430
snapshot_11_18_2015_6_0.json	1447844400.0	55.15	249	430
snapshot_11_19_2015_0_0.json	1447909200.0	55.15	249	430
snapshot_11_19_2015_0_0.json	1447909200.0	55.15	249	430
snapshot_11_19_2015_6_0.json	1447930800.0	55.15	249	426
snapshot_11_20_2015_0_0.json	1447995600.0	55.15	249	426
snapshot_11_22_2015_0_0.json	1448168400.0	55.15	249	426
snapshot_11_22_2015_12_0.json	1448211600.0	55.15	249	418
snapshot_11_22_2015_18_0.json	1448233200.0	55.15	249	418
snapshot_11_22_2015_6_0.json	1448190000.0	55.15	249	426
snapshot_11_22_2015_6_0.json	1448190000.0	55.15	249	426
snapshot_11_23_2015_0_0.json	1448254800.0	55.15	249	418
snapshot_11_23_2015_12_0.json	1448298000.0	55.15	249	418
snapshot_11_23_2015_12_0.json	1448298000.0	55.15	249	418
snapshot_11_23_2015_6_0.json	1448276400.0	55.15	249	418
snapshot_11_24_2015_0_0.json	1448341200.0	55.15	249	418
snapshot_11_24_2015_18_0.json	1448406000.0	55.15	249	418
snapshot_11_25_2015_12_0.json	1448470800.0	55.15	249	418
snapshot_11_25_2015_18_0.json	1448492400.0	55.15	249	418
snapshot_11_25_2015_6_0.json	1448449200.0	55.15	249	418
snapshot_11_25_2015_6_0.json	1448449200.0	55.15	249	418
snapshot_11_26_2015_0_0.json	1448514000.0	55.15	249	422
snapshot_11_27_2015_18_0.json	1448665200.0	55.15	249	412
snapshot_11_28_2015_0_0.json	1448686800.0	52.81	249	412
snapshot_11_28_2015_12_0.json	1448730000.0	52.81	249	412
snapshot_11_28_2015_18_0.json	1448751600.0	52.81	249	412
snapshot_11_28_2015_6_0.json	1448708400.0	52.81	249	412
snapshot_11_28_2015_6_0.json	1448708400.0	52.81	249	412
snapshot_11_29_2015_0_0.json	1448773200.0	52.81	249	412
snapshot_11_29_2015_0_0.json	1448773200.0	52.81	249	412
snapshot_11_29_2015_18_0.json	1448838000.0	52.81	249	412
snapshot_11_29_2015_6_0.json	1448794800.0	52.81	249	412
snapshot_11_30_2015_12_0.json	1448902800.0	52.81	249	412
snapshot_11_30_2015_12_0.json	1448902800.0	52.81	249	412
snapshot_11_30_2015_18_0.json	1448924400.0	52.81	249	412
snapshot_12_1_2015_0_0.json	1448946000.0	52.81	249	412
snapshot_12_1_2015_0_0.json	1448946000.0	52.81	249	412
snapshot_12_1_2015_18_0.json	1449010800.0	52.81	249	405
snapshot_12_1_2015_6_0.json	1448967600.0	52.81	249	408
snapshot_12_2_2015_12_0.json	1449075600.0	52.81	249	395
snapshot_12_2_2015_12_0.json	1449075600.0	52.81	249	395
snapshot_12_2_2015_18_0.json	1449097200.0	52.81	249	395
snapshot_12_3_2015_0_0.json	1449118800.0	52.81	249	395
snapshot_12_3_2015_12_0.json	1449162000.0	52.81	249	395
snapshot_12_3_2015_18_0.json	1449183600.0	52.81	249	395
snapshot_12_3_2015_18_0.json	1449183600.0	52.81	249	395
snapshot_12_3_2015_6_0.json	1449140400.0	52.81	249	395
snapshot_12_4_2015_0_0.json	1449205200.0	52.81	249	395
snapshot_12_4_2015_0_0.json	1449205200.0	52.81	249	395
snapshot_12_4_2015_12_0.json	1449248400.0	52.81	249	392
snapshot_12_4_2015_18_0.json	1449270000.0	52.81	249	392
snapshot_12_4_2015_6_0.json	1449226800.0	52.81	249	392
snapshot_12_5_2015_0_0.json	1449291600.0	52.81	249	380
snapshot_12_5_2015_12_0.json	1449334800.0	52.81	249	375
snapshot_12_5_2015_18_0.json	1449356400.0	52.81	249	375
snapshot_12_5_2015_6_0.json	1449313200.0	52.81	249	378
9216122	2015-12-25T00:30:00Z	Disney On Ice Frozen	Citizens Business Bank Arena	California Los Angeles Metro|10	91764
snapshot_11_17_2015_0_0.json	1447736400.0	55.15	249	398
snapshot_11_17_2015_0_0.json	1447736400.0	55.15	249	398
snapshot_11_18_2015_0_0.json	1447822800.0	55.15	249	398
snapshot_11_18_2015_0_0.json	1447822800.0	55.15	249	398
snapshot_11_18_2015_12_0.json	1447866000.0	55.15	249	430
snapshot_11_18_2015_12_0.json	1447866000.0	55.15	249	430
snapshot_11_18_2015_18_0.json	1447887600.0	55.15	249	430
snapshot_11_18_2015_18_0.json	1447887600.0	55.15	249	430
snapshot_11_18_2015_6_0.json	1447844400.0	55.15	249	430
snapshot_11_19_2015_0_0.json	1447909200.0	55.15	249	430
snapshot_11_19_2015_0_0.json	1447909200.0	55.15	249	430
snapshot_11_19_2015_6_0.json	1447930800.0	55.15	249	426
snapshot_11_20_2015_0_0.json	1447995600.0	55.15	249	426
snapshot_11_22_2015_0_0.json	1448168400.0	55.15	249	426
snapshot_11_22_2015_12_0.json	1448211600.0	55.15	249	418
snapshot_11_22_2015_18_0.json	1448233200.0	55.15	249	418
snapshot_11_22_2015_6_0.json	1448190000.0	55.15	249	426
snapshot_11_22_2015_6_0.json	1448190000.0	55.15	249	426
snapshot_11_23_2015_0_0.json	1448254800.0	55.15	249	418
snapshot_11_23_2015_12_0.json	1448298000.0	55.15	249	418
snapshot_11_23_2015_12_0.json	1448298000.0	55.15	249	418
snapshot_11_23_2015_6_0.json	1448276400.0	55.15	249	418
snapshot_11_24_2015_0_0.json	1448341200.0	55.15	249	418
snapshot_11_24_2015_18_0.json	1448406000.0	55.15	249	418
snapshot_11_25_2015_12_0.json	1448470800.0	55.15	249	418
snapshot_11_25_2015_18_0.json	1448492400.0	55.15	249	418
snapshot_11_25_2015_6_0.json	1448449200.0	55.15	249	418
snapshot_11_25_2015_6_0.json	1448449200.0	55.15	249	418
snapshot_11_26_2015_0_0.json	1448514000.0	55.15	249	422
snapshot_11_27_2015_18_0.json	1448665200.0	55.15	249	412
snapshot_11_28_2015_0_0.json	1448686800.0	52.81	249	412
snapshot_11_28_2015_12_0.json	1448730000.0	52.81	249	412
snapshot_11_28_2015_18_0.json	1448751600.0	52.81	249	412
snapshot_11_28_2015_6_0.json	1448708400.0	52.81	249	412
snapshot_11_28_2015_6_0.json	1448708400.0	52.81	249	412
snapshot_11_29_2015_0_0.json	1448773200.0	52.81	249	412
snapshot_11_29_2015_0_0.json	1448773200.0	52.81	249	412
snapshot_11_29_2015_18_0.json	1448838000.0	52.81	249	412
snapshot_11_29_2015_6_0.json	1448794800.0	52.81	249	412
snapshot_11_30_2015_12_0.json	1448902800.0	52.81	249	412
snapshot_11_30_2015_12_0.json	1448902800.0	52.81	249	412
snapshot_11_30_2015_18_0.json	1448924400.0	52.81	249	412
snapshot_12_1_2015_0_0.json	1448946000.0	52.81	249	412
snapshot_12_1_2015_0_0.json	1448946000.0	52.81	249	412
snapshot_12_1_2015_18_0.json	1449010800.0	52.81	249	405
snapshot_12_1_2015_6_0.json	1448967600.0	52.81	249	408
snapshot_12_2_2015_12_0.json	1449075600.0	52.81	249	395
snapshot_12_2_2015_12_0.json	1449075600.0	52.81	249	395
snapshot_12_2_2015_18_0.json	1449097200.0	52.81	249	395
snapshot_12_3_2015_0_0.json	1449118800.0	52.81	249	395
snapshot_12_3_2015_12_0.json	1449162000.0	52.81	249	395
snapshot_12_3_2015_18_0.json	1449183600.0	52.81	249	395
snapshot_12_3_2015_18_0.json	1449183600.0	52.81	249	395
snapshot_12_3_2015_6_0.json	1449140400.0	52.81	249	395
snapshot_12_4_2015_0_0.json	1449205200.0	52.81	249	395
snapshot_12_4_2015_0_0.json	1449205200.0	52.81	249	395
snapshot_12_4_2015_12_0.json	1449248400.0	52.81	249	392
snapshot_12_4_2015_18_0.json	1449270000.0	52.81	249	392
snapshot_12_4_2015_6_0.json	1449226800.0	52.81	249	392
snapshot_12_5_2015_0_0.json	1449291600.0	52.81	249	380
snapshot_12_5_2015_12_0.json	1449334800.0	52.81	249	375
snapshot_12_5_2015_18_0.json	1449356400.0	52.81	249	375
snapshot_12_5_2015_6_0.json	1449313200.0	52.81	249	378
