9219939	2015-11-20T01:00:00Z	Billy Joel	Madison Square Garden	New York New York Metro|664	10001
snapshot_11_16_2015_0_0.json	1447650000.0	107.8	9454	1157
snapshot_11_17_2015_0_0.json	1447736400.0	107.8	9454	1098
snapshot_11_17_2015_12_0.json	1447779600.0	107.8	9454	1085
snapshot_11_17_2015_18_0.json	1447801200.0	100.48	2000	948
snapshot_11_17_2015_6_0.json	1447758000.0	107.8	9454	1097
snapshot_11_17_2015_6_0.json	1447758000.0	107.8	9454	1097
snapshot_11_18_2015_0_0.json	1447822800.0	94.27	1600	867
snapshot_11_18_2015_12_0.json	1447866000.0	94.27	1600	802
snapshot_11_18_2015_18_0.json	1447887600.0	80.89	1600	846
snapshot_11_18_2015_6_0.json	1447844400.0	94.27	1600	804
snapshot_11_19_2015_0_0.json	1447909200.0	90.25	1390.11	805
snapshot_11_19_2015_12_0.json	1447952400.0	86.16	1390.11	798
snapshot_11_19_2015_6_0.json	1447930800.0	86.74	1390.11	802
snapshot_11_20_2015_0_0.json	1447995600.0	46.14	2200	263
snapshot_11_20_2015_12_0.json	1448038800.0	0	0	0
snapshot_12_3_2015_0_0.json	1449118800.0	0	0	0
snapshot_12_3_2015_0_0.json	1449118800.0	0	0	0
snapshot_12_3_2015_12_0.json	1449162000.0	0	0	0
9219939	2015-11-20T01:00:00Z	Billy Joel	Madison Square Garden	New York New York Metro|664	10001
snapshot_11_16_2015_0_0.json	1447650000.0	107.8	9454	1157
snapshot_11_17_2015_0_0.json	1447736400.0	107.8	9454	1098
snapshot_11_17_2015_12_0.json	1447779600.0	107.8	9454	1085
snapshot_11_17_2015_18_0.json	1447801200.0	100.48	2000	948
snapshot_11_17_2015_6_0.json	1447758000.0	107.8	9454	1097
snapshot_11_17_2015_6_0.json	1447758000.0	107.8	9454	1097
snapshot_11_18_2015_0_0.json	1447822800.0	94.27	1600	867
snapshot_11_18_2015_12_0.json	1447866000.0	94.27	1600	802
snapshot_11_18_2015_18_0.json	1447887600.0	80.89	1600	846
snapshot_11_18_2015_6_0.json	1447844400.0	94.27	1600	804
snapshot_11_19_2015_0_0.json	1447909200.0	90.25	1390.11	805
snapshot_11_19_2015_12_0.json	1447952400.0	86.16	1390.11	798
snapshot_11_19_2015_6_0.json	1447930800.0	86.74	1390.11	802
snapshot_11_20_2015_0_0.json	1447995600.0	46.14	2200	263
snapshot_11_20_2015_12_0.json	1448038800.0	0	0	0
snapshot_12_3_2015_0_0.json	1449118800.0	0	0	0
snapshot_12_3_2015_0_0.json	1449118800.0	0	0	0
snapshot_12_3_2015_12_0.json	1449162000.0	0	0	0
9219939	2015-11-20T01:00:00Z	Billy Joel	Madison Square Garden	New York New York Metro|664	10001
snapshot_11_16_2015_0_0.json	1447650000.0	107.8	9454	1157
snapshot_11_17_2015_0_0.json	1447736400.0	107.8	9454	1098
snapshot_11_17_2015_12_0.json	1447779600.0	107.8	9454	1085
snapshot_11_17_2015_18_0.json	1447801200.0	100.48	2000	948
snapshot_11_17_2015_6_0.json	1447758000.0	107.8	9454	1097
snapshot_11_17_2015_6_0.json	1447758000.0	107.8	9454	1097
snapshot_11_18_2015_0_0.json	1447822800.0	94.27	1600	867
snapshot_11_18_2015_12_0.json	1447866000.0	94.27	1600	802
snapshot_11_18_2015_18_0.json	1447887600.0	80.89	1600	846
snapshot_11_18_2015_6_0.json	1447844400.0	94.27	1600	804
snapshot_11_19_2015_0_0.json	1447909200.0	90.25	1390.11	805
snapshot_11_19_2015_12_0.json	1447952400.0	86.16	1390.11	798
snapshot_11_19_2015_6_0.json	1447930800.0	86.74	1390.11	802
snapshot_11_20_2015_0_0.json	1447995600.0	46.14	2200	263
snapshot_11_20_2015_12_0.json	1448038800.0	0	0	0
snapshot_12_3_2015_0_0.json	1449118800.0	0	0	0
snapshot_12_3_2015_0_0.json	1449118800.0	0	0	0
snapshot_12_3_2015_12_0.json	1449162000.0	0	0	0
9219939	2015-11-20T01:00:00Z	Billy Joel	Madison Square Garden	New York New York Metro|664	10001
snapshot_11_16_2015_0_0.json	1447650000.0	107.8	9454	1157
snapshot_11_17_2015_0_0.json	1447736400.0	107.8	9454	1098
snapshot_11_17_2015_12_0.json	1447779600.0	107.8	9454	1085
snapshot_11_17_2015_18_0.json	1447801200.0	100.48	2000	948
snapshot_11_17_2015_6_0.json	1447758000.0	107.8	9454	1097
snapshot_11_17_2015_6_0.json	1447758000.0	107.8	9454	1097
snapshot_11_18_2015_0_0.json	1447822800.0	94.27	1600	867
snapshot_11_18_2015_12_0.json	1447866000.0	94.27	1600	802
snapshot_11_18_2015_18_0.json	1447887600.0	80.89	1600	846
snapshot_11_18_2015_6_0.json	1447844400.0	94.27	1600	804
snapshot_11_19_2015_0_0.json	1447909200.0	90.25	1390.11	805
snapshot_11_19_2015_12_0.json	1447952400.0	86.16	1390.11	798
snapshot_11_19_2015_6_0.json	1447930800.0	86.74	1390.11	802
snapshot_11_20_2015_0_0.json	1447995600.0	46.14	2200	263
snapshot_11_20_2015_12_0.json	1448038800.0	0	0	0
snapshot_12_3_2015_0_0.json	1449118800.0	0	0	0
snapshot_12_3_2015_0_0.json	1449118800.0	0	0	0
snapshot_12_3_2015_12_0.json	1449162000.0	0	0	0
