9220449	2015-11-21T19:30:00Z	Disney On Ice Frozen	XFINITY Arena at Everett	Washington Seattle|693	98201
snapshot_11_16_2015_0_0.json	1447650000.0	90.25	169	68
snapshot_11_17_2015_0_0.json	1447736400.0	90.25	169	65
snapshot_11_17_2015_12_0.json	1447779600.0	92.01	169	57
snapshot_11_17_2015_18_0.json	1447801200.0	92.01	165	69
snapshot_11_18_2015_0_0.json	1447822800.0	92.01	165	62
snapshot_11_18_2015_12_0.json	1447866000.0	92.01	165	62
snapshot_11_18_2015_6_0.json	1447844400.0	92.01	165	62
snapshot_11_19_2015_0_0.json	1447909200.0	96.1	147.9	50
snapshot_11_19_2015_6_0.json	1447930800.0	96.1	147.9	42
snapshot_11_20_2015_0_0.json	1447995600.0	94.93	147.9	51
snapshot_11_20_2015_12_0.json	1448038800.0	94.93	147.9	44
snapshot_11_20_2015_12_0.json	1448038800.0	94.93	147.9	44
snapshot_11_21_2015_12_0.json	1448125200.0	78.55	117.3	19
snapshot_11_21_2015_12_0.json	1448125200.0	78.55	117.3	19
snapshot_11_21_2015_18_0.json	1448146800.0	43.45	63	6
snapshot_11_22_2015_0_0.json	1448168400.0	0	0	0
snapshot_11_22_2015_18_0.json	1448233200.0	0	0	0
snapshot_11_22_2015_6_0.json	1448190000.0	0	0	0
snapshot_11_22_2015_6_0.json	1448190000.0	0	0	0
snapshot_11_23_2015_0_0.json	1448254800.0	0	0	0
snapshot_11_23_2015_12_0.json	1448298000.0	0	0	0
snapshot_11_23_2015_6_0.json	1448276400.0	0	0	0
snapshot_11_23_2015_6_0.json	1448276400.0	0	0	0
snapshot_11_25_2015_0_0.json	1448427600.0	0	0	0
snapshot_11_25_2015_0_0.json	1448427600.0	0	0	0
snapshot_11_25_2015_6_0.json	1448449200.0	0	0	0
9220449	2015-11-21T19:30:00Z	Disney On Ice Frozen	XFINITY Arena at Everett	Washington Seattle|693	98201
snapshot_11_16_2015_0_0.json	1447650000.0	90.25	169	68
snapshot_11_17_2015_0_0.json	1447736400.0	90.25	169	65
snapshot_11_17_2015_12_0.json	1447779600.0	92.01	169	57
snapshot_11_17_2015_18_0.json	1447801200.0	92.01	165	69
snapshot_11_18_2015_0_0.json	1447822800.0	92.01	165	62
snapshot_11_18_2015_12_0.json	1447866000.0	92.01	165	62
snapshot_11_18_2015_6_0.json	1447844400.0	92.01	165	62
snapshot_11_19_2015_0_0.json	1447909200.0	96.1	147.9	50
snapshot_11_19_2015_6_0.json	1447930800.0	96.1	147.9	42
snapshot_11_20_2015_0_0.json	1447995600.0	94.93	147.9	51
snapshot_11_20_2015_12_0.json	1448038800.0	94.93	147.9	44
snapshot_11_20_2015_12_0.json	1448038800.0	94.93	147.9	44
snapshot_11_21_2015_12_0.json	1448125200.0	78.55	117.3	19
snapshot_11_21_2015_12_0.json	1448125200.0	78.55	117.3	19
snapshot_11_21_2015_18_0.json	1448146800.0	43.45	63	6
snapshot_11_22_2015_0_0.json	1448168400.0	0	0	0
snapshot_11_22_2015_18_0.json	1448233200.0	0	0	0
snapshot_11_22_2015_6_0.json	1448190000.0	0	0	0
snapshot_11_22_2015_6_0.json	1448190000.0	0	0	0
snapshot_11_23_2015_0_0.json	1448254800.0	0	0	0
snapshot_11_23_2015_12_0.json	1448298000.0	0	0	0
snapshot_11_23_2015_6_0.json	1448276400.0	0	0	0
snapshot_11_23_2015_6_0.json	1448276400.0	0	0	0
snapshot_11_25_2015_0_0.json	1448427600.0	0	0	0
snapshot_11_25_2015_0_0.json	1448427600.0	0	0	0
snapshot_11_25_2015_6_0.json	1448449200.0	0	0	0
9220449	2015-11-21T19:30:00Z	Disney On Ice Frozen	XFINITY Arena at Everett	Washington Seattle|693	98201
snapshot_11_16_2015_0_0.json	1447650000.0	90.25	169	68
snapshot_11_17_2015_0_0.json	1447736400.0	90.25	169	65
snapshot_11_17_2015_12_0.json	1447779600.0	92.01	169	57
snapshot_11_17_2015_18_0.json	1447801200.0	92.01	165	69
snapshot_11_18_2015_0_0.json	1447822800.0	92.01	165	62
snapshot_11_18_2015_12_0.json	1447866000.0	92.01	165	62
snapshot_11_18_2015_6_0.json	1447844400.0	92.01	165	62
snapshot_11_19_2015_0_0.json	1447909200.0	96.1	147.9	50
snapshot_11_19_2015_6_0.json	1447930800.0	96.1	147.9	42
snapshot_11_20_2015_0_0.json	1447995600.0	94.93	147.9	51
snapshot_11_20_2015_12_0.json	1448038800.0	94.93	147.9	44
snapshot_11_20_2015_12_0.json	1448038800.0	94.93	147.9	44
snapshot_11_21_2015_12_0.json	1448125200.0	78.55	117.3	19
snapshot_11_21_2015_12_0.json	1448125200.0	78.55	117.3	19
snapshot_11_21_2015_18_0.json	1448146800.0	43.45	63	6
snapshot_11_22_2015_0_0.json	1448168400.0	0	0	0
snapshot_11_22_2015_18_0.json	1448233200.0	0	0	0
snapshot_11_22_2015_6_0.json	1448190000.0	0	0	0
snapshot_11_22_2015_6_0.json	1448190000.0	0	0	0
snapshot_11_23_2015_0_0.json	1448254800.0	0	0	0
snapshot_11_23_2015_12_0.json	1448298000.0	0	0	0
snapshot_11_23_2015_6_0.json	1448276400.0	0	0	0
snapshot_11_23_2015_6_0.json	1448276400.0	0	0	0
snapshot_11_25_2015_0_0.json	1448427600.0	0	0	0
snapshot_11_25_2015_0_0.json	1448427600.0	0	0	0
snapshot_11_25_2015_6_0.json	1448449200.0	0	0	0
9220449	2015-11-21T19:30:00Z	Disney On Ice Frozen	XFINITY Arena at Everett	Washington Seattle|693	98201
snapshot_11_16_2015_0_0.json	1447650000.0	90.25	169	68
snapshot_11_17_2015_0_0.json	1447736400.0	90.25	169	65
snapshot_11_17_2015_12_0.json	1447779600.0	92.01	169	57
snapshot_11_17_2015_18_0.json	1447801200.0	92.01	165	69
snapshot_11_18_2015_0_0.json	1447822800.0	92.01	165	62
snapshot_11_18_2015_12_0.json	1447866000.0	92.01	165	62
snapshot_11_18_2015_6_0.json	1447844400.0	92.01	165	62
snapshot_11_19_2015_0_0.json	1447909200.0	96.1	147.9	50
snapshot_11_19_2015_6_0.json	1447930800.0	96.1	147.9	42
snapshot_11_20_2015_0_0.json	1447995600.0	94.93	147.9	51
snapshot_11_20_2015_12_0.json	1448038800.0	94.93	147.9	44
snapshot_11_20_2015_12_0.json	1448038800.0	94.93	147.9	44
snapshot_11_21_2015_12_0.json	1448125200.0	78.55	117.3	19
snapshot_11_21_2015_12_0.json	1448125200.0	78.55	117.3	19
snapshot_11_21_2015_18_0.json	1448146800.0	43.45	63	6
snapshot_11_22_2015_0_0.json	1448168400.0	0	0	0
snapshot_11_22_2015_18_0.json	1448233200.0	0	0	0
snapshot_11_22_2015_6_0.json	1448190000.0	0	0	0
snapshot_11_22_2015_6_0.json	1448190000.0	0	0	0
snapshot_11_23_2015_0_0.json	1448254800.0	0	0	0
snapshot_11_23_2015_12_0.json	1448298000.0	0	0	0
snapshot_11_23_2015_6_0.json	1448276400.0	0	0	0
snapshot_11_23_2015_6_0.json	1448276400.0	0	0	0
snapshot_11_25_2015_0_0.json	1448427600.0	0	0	0
snapshot_11_25_2015_0_0.json	1448427600.0	0	0	0
snapshot_11_25_2015_6_0.json	1448449200.0	0	0	0
