9220448	2015-11-21T23:30:00Z	Disney On Ice Frozen	XFINITY Arena at Everett	Washington Seattle|693	98201
snapshot_11_16_2015_0_0.json	1447650000.0	71.88	150	48
snapshot_11_17_2015_0_0.json	1447736400.0	71.88	150	50
snapshot_11_17_2015_12_0.json	1447779600.0	38.77	150	44
snapshot_11_17_2015_18_0.json	1447801200.0	38.77	150	42
snapshot_11_17_2015_18_0.json	1447801200.0	38.77	150	42
snapshot_11_18_2015_0_0.json	1447822800.0	38.77	150	29
snapshot_11_18_2015_0_0.json	1447822800.0	38.77	150	29
snapshot_11_18_2015_12_0.json	1447866000.0	38.77	125	26
snapshot_11_18_2015_6_0.json	1447844400.0	38.77	150	26
snapshot_11_18_2015_6_0.json	1447844400.0	38.77	150	26
snapshot_11_19_2015_6_0.json	1447930800.0	92.01	125	16
snapshot_11_19_2015_6_0.json	1447930800.0	92.01	125	16
snapshot_11_20_2015_0_0.json	1447995600.0	83.23	158.1	20
snapshot_11_20_2015_12_0.json	1448038800.0	108.71	132.6	12
snapshot_11_21_2015_12_0.json	1448125200.0	137.05	127.5	6
snapshot_11_21_2015_18_0.json	1448146800.0	120.65	100.98	2
snapshot_11_22_2015_18_0.json	1448233200.0	0	0	0
snapshot_11_22_2015_6_0.json	1448190000.0	0	0	0
snapshot_11_22_2015_6_0.json	1448190000.0	0	0	0
snapshot_11_23_2015_0_0.json	1448254800.0	0	0	0
snapshot_11_23_2015_12_0.json	1448298000.0	0	0	0
snapshot_11_23_2015_6_0.json	1448276400.0	0	0	0
snapshot_11_23_2015_6_0.json	1448276400.0	0	0	0
9220448	2015-11-21T23:30:00Z	Disney On Ice Frozen	XFINITY Arena at Everett	Washington Seattle|693	98201
snapshot_11_16_2015_0_0.json	1447650000.0	71.88	150	48
snapshot_11_17_2015_0_0.json	1447736400.0	71.88	150	50
snapshot_11_17_2015_12_0.json	1447779600.0	38.77	150	44
snapshot_11_17_2015_18_0.json	1447801200.0	38.77	150	42
snapshot_11_17_2015_18_0.json	1447801200.0	38.77	150	42
snapshot_11_18_2015_0_0.json	1447822800.0	38.77	150	29
snapshot_11_18_2015_0_0.json	1447822800.0	38.77	150	29
snapshot_11_18_2015_12_0.json	1447866000.0	38.77	125	26
snapshot_11_18_2015_6_0.json	1447844400.0	38.77	150	26
snapshot_11_18_2015_6_0.json	1447844400.0	38.77	150	26
snapshot_11_19_2015_6_0.json	1447930800.0	92.01	125	16
snapshot_11_19_2015_6_0.json	1447930800.0	92.01	125	16
snapshot_11_20_2015_0_0.json	1447995600.0	83.23	158.1	20
snapshot_11_20_2015_12_0.json	1448038800.0	108.71	132.6	12
snapshot_11_21_2015_12_0.json	1448125200.0	137.05	127.5	6
snapshot_11_21_2015_18_0.json	1448146800.0	120.65	100.98	2
snapshot_11_22_2015_18_0.json	1448233200.0	0	0	0
snapshot_11_22_2015_6_0.json	1448190000.0	0	0	0
snapshot_11_22_2015_6_0.json	1448190000.0	0	0	0
snapshot_11_23_2015_0_0.json	1448254800.0	0	0	0
snapshot_11_23_2015_12_0.json	1448298000.0	0	0	0
snapshot_11_23_2015_6_0.json	1448276400.0	0	0	0
snapshot_11_23_2015_6_0.json	1448276400.0	0	0	0
9220448	2015-11-21T23:30:00Z	Disney On Ice Frozen	XFINITY Arena at Everett	Washington Seattle|693	98201
snapshot_11_16_2015_0_0.json	1447650000.0	71.88	150	48
snapshot_11_17_2015_0_0.json	1447736400.0	71.88	150	50
snapshot_11_17_2015_12_0.json	1447779600.0	38.77	150	44
snapshot_11_17_2015_18_0.json	1447801200.0	38.77	150	42
snapshot_11_17_2015_18_0.json	1447801200.0	38.77	150	42
snapshot_11_18_2015_0_0.json	1447822800.0	38.77	150	29
snapshot_11_18_2015_0_0.json	1447822800.0	38.77	150	29
snapshot_11_18_2015_12_0.json	1447866000.0	38.77	125	26
snapshot_11_18_2015_6_0.json	1447844400.0	38.77	150	26
snapshot_11_18_2015_6_0.json	1447844400.0	38.77	150	26
snapshot_11_19_2015_6_0.json	1447930800.0	92.01	125	16
snapshot_11_19_2015_6_0.json	1447930800.0	92.01	125	16
snapshot_11_20_2015_0_0.json	1447995600.0	83.23	158.1	20
snapshot_11_20_2015_12_0.json	1448038800.0	108.71	132.6	12
snapshot_11_21_2015_12_0.json	1448125200.0	137.05	127.5	6
snapshot_11_21_2015_18_0.json	1448146800.0	120.65	100.98	2
snapshot_11_22_2015_18_0.json	1448233200.0	0	0	0
snapshot_11_22_2015_6_0.json	1448190000.0	0	0	0
snapshot_11_22_2015_6_0.json	1448190000.0	0	0	0
snapshot_11_23_2015_0_0.json	1448254800.0	0	0	0
snapshot_11_23_2015_12_0.json	1448298000.0	0	0	0
snapshot_11_23_2015_6_0.json	1448276400.0	0	0	0
snapshot_11_23_2015_6_0.json	1448276400.0	0	0	0
9220448	2015-11-21T23:30:00Z	Disney On Ice Frozen	XFINITY Arena at Everett	Washington Seattle|693	98201
snapshot_11_16_2015_0_0.json	1447650000.0	71.88	150	48
snapshot_11_17_2015_0_0.json	1447736400.0	71.88	150	50
snapshot_11_17_2015_12_0.json	1447779600.0	38.77	150	44
snapshot_11_17_2015_18_0.json	1447801200.0	38.77	150	42
snapshot_11_17_2015_18_0.json	1447801200.0	38.77	150	42
snapshot_11_18_2015_0_0.json	1447822800.0	38.77	150	29
snapshot_11_18_2015_0_0.json	1447822800.0	38.77	150	29
snapshot_11_18_2015_12_0.json	1447866000.0	38.77	125	26
snapshot_11_18_2015_6_0.json	1447844400.0	38.77	150	26
snapshot_11_18_2015_6_0.json	1447844400.0	38.77	150	26
snapshot_11_19_2015_6_0.json	1447930800.0	92.01	125	16
snapshot_11_19_2015_6_0.json	1447930800.0	92.01	125	16
snapshot_11_20_2015_0_0.json	1447995600.0	83.23	158.1	20
snapshot_11_20_2015_12_0.json	1448038800.0	108.71	132.6	12
snapshot_11_21_2015_12_0.json	1448125200.0	137.05	127.5	6
snapshot_11_21_2015_18_0.json	1448146800.0	120.65	100.98	2
snapshot_11_22_2015_18_0.json	1448233200.0	0	0	0
snapshot_11_22_2015_6_0.json	1448190000.0	0	0	0
snapshot_11_22_2015_6_0.json	1448190000.0	0	0	0
snapshot_11_23_2015_0_0.json	1448254800.0	0	0	0
snapshot_11_23_2015_12_0.json	1448298000.0	0	0	0
snapshot_11_23_2015_6_0.json	1448276400.0	0	0	0
snapshot_11_23_2015_6_0.json	1448276400.0	0	0	0
