9220453	2015-11-22T23:30:00Z	Disney On Ice Frozen	XFINITY Arena at Everett	Washington Seattle|693	98201
snapshot_11_16_2015_0_0.json	1447650000.0	72.91	110	44
snapshot_11_16_2015_0_0.json	1447650000.0	72.91	110	44
snapshot_11_17_2015_0_0.json	1447736400.0	72.91	110	40
snapshot_11_17_2015_0_0.json	1447736400.0	72.91	110	40
snapshot_11_17_2015_12_0.json	1447779600.0	72.91	110	23
snapshot_11_17_2015_18_0.json	1447801200.0	72.91	90	15
snapshot_11_18_2015_0_0.json	1447822800.0	72.91	90	11
snapshot_11_18_2015_12_0.json	1447866000.0	75.04	90	13
snapshot_11_18_2015_18_0.json	1447887600.0	80.07	90	9
snapshot_11_18_2015_6_0.json	1447844400.0	75.04	90	13
snapshot_11_18_2015_6_0.json	1447844400.0	75.04	90	13
snapshot_11_19_2015_0_0.json	1447909200.0	71.53	90	9
snapshot_11_19_2015_6_0.json	1447930800.0	74.28	90	9
snapshot_11_20_2015_0_0.json	1447995600.0	107.8	117.3	25
snapshot_11_20_2015_12_0.json	1448038800.0	101.95	117.3	24
snapshot_11_21_2015_18_0.json	1448146800.0	101.95	100.98	12
snapshot_11_22_2015_0_0.json	1448168400.0	101.95	86.7	4
snapshot_11_22_2015_12_0.json	1448211600.0	101.95	85	2
snapshot_11_22_2015_6_0.json	1448190000.0	101.95	85	2
snapshot_11_23_2015_0_0.json	1448254800.0	0	0	0
snapshot_11_23_2015_12_0.json	1448298000.0	0	0	0
snapshot_11_23_2015_18_0.json	1448319600.0	0	0	0
snapshot_11_23_2015_6_0.json	1448276400.0	0	0	0
snapshot_11_23_2015_6_0.json	1448276400.0	0	0	0
snapshot_11_24_2015_0_0.json	1448341200.0	0	0	0
snapshot_11_24_2015_12_0.json	1448384400.0	0	0	0
9220453	2015-11-22T23:30:00Z	Disney On Ice Frozen	XFINITY Arena at Everett	Washington Seattle|693	98201
snapshot_11_16_2015_0_0.json	1447650000.0	72.91	110	44
snapshot_11_16_2015_0_0.json	1447650000.0	72.91	110	44
snapshot_11_17_2015_0_0.json	1447736400.0	72.91	110	40
snapshot_11_17_2015_0_0.json	1447736400.0	72.91	110	40
snapshot_11_17_2015_12_0.json	1447779600.0	72.91	110	23
snapshot_11_17_2015_18_0.json	1447801200.0	72.91	90	15
snapshot_11_18_2015_0_0.json	1447822800.0	72.91	90	11
snapshot_11_18_2015_12_0.json	1447866000.0	75.04	90	13
snapshot_11_18_2015_18_0.json	1447887600.0	80.07	90	9
snapshot_11_18_2015_6_0.json	1447844400.0	75.04	90	13
snapshot_11_18_2015_6_0.json	1447844400.0	75.04	90	13
snapshot_11_19_2015_0_0.json	1447909200.0	71.53	90	9
snapshot_11_19_2015_6_0.json	1447930800.0	74.28	90	9
snapshot_11_20_2015_0_0.json	1447995600.0	107.8	117.3	25
snapshot_11_20_2015_12_0.json	1448038800.0	101.95	117.3	24
snapshot_11_21_2015_18_0.json	1448146800.0	101.95	100.98	12
snapshot_11_22_2015_0_0.json	1448168400.0	101.95	86.7	4
snapshot_11_22_2015_12_0.json	1448211600.0	101.95	85	2
snapshot_11_22_2015_6_0.json	1448190000.0	101.95	85	2
snapshot_11_23_2015_0_0.json	1448254800.0	0	0	0
snapshot_11_23_2015_12_0.json	1448298000.0	0	0	0
snapshot_11_23_2015_18_0.json	1448319600.0	0	0	0
snapshot_11_23_2015_6_0.json	1448276400.0	0	0	0
snapshot_11_23_2015_6_0.json	1448276400.0	0	0	0
snapshot_11_24_2015_0_0.json	1448341200.0	0	0	0
snapshot_11_24_2015_12_0.json	1448384400.0	0	0	0
9220453	2015-11-22T23:30:00Z	Disney On Ice Frozen	XFINITY Arena at Everett	Washington Seattle|693	98201
snapshot_11_16_2015_0_0.json	1447650000.0	72.91	110	44
snapshot_11_16_2015_0_0.json	1447650000.0	72.91	110	44
snapshot_11_17_2015_0_0.json	1447736400.0	72.91	110	40
snapshot_11_17_2015_0_0.json	1447736400.0	72.91	110	40
snapshot_11_17_2015_12_0.json	1447779600.0	72.91	110	23
snapshot_11_17_2015_18_0.json	1447801200.0	72.91	90	15
snapshot_11_18_2015_0_0.json	1447822800.0	72.91	90	11
snapshot_11_18_2015_12_0.json	1447866000.0	75.04	90	13
snapshot_11_18_2015_18_0.json	1447887600.0	80.07	90	9
snapshot_11_18_2015_6_0.json	1447844400.0	75.04	90	13
snapshot_11_18_2015_6_0.json	1447844400.0	75.04	90	13
snapshot_11_19_2015_0_0.json	1447909200.0	71.53	90	9
snapshot_11_19_2015_6_0.json	1447930800.0	74.28	90	9
snapshot_11_20_2015_0_0.json	1447995600.0	107.8	117.3	25
snapshot_11_20_2015_12_0.json	1448038800.0	101.95	117.3	24
snapshot_11_21_2015_18_0.json	1448146800.0	101.95	100.98	12
snapshot_11_22_2015_0_0.json	1448168400.0	101.95	86.7	4
snapshot_11_22_2015_12_0.json	1448211600.0	101.95	85	2
snapshot_11_22_2015_6_0.json	1448190000.0	101.95	85	2
snapshot_11_23_2015_0_0.json	1448254800.0	0	0	0
snapshot_11_23_2015_12_0.json	1448298000.0	0	0	0
snapshot_11_23_2015_18_0.json	1448319600.0	0	0	0
snapshot_11_23_2015_6_0.json	1448276400.0	0	0	0
snapshot_11_23_2015_6_0.json	1448276400.0	0	0	0
snapshot_11_24_2015_0_0.json	1448341200.0	0	0	0
snapshot_11_24_2015_12_0.json	1448384400.0	0	0	0
9220453	2015-11-22T23:30:00Z	Disney On Ice Frozen	XFINITY Arena at Everett	Washington Seattle|693	98201
snapshot_11_16_2015_0_0.json	1447650000.0	72.91	110	44
snapshot_11_16_2015_0_0.json	1447650000.0	72.91	110	44
snapshot_11_17_2015_0_0.json	1447736400.0	72.91	110	40
snapshot_11_17_2015_0_0.json	1447736400.0	72.91	110	40
snapshot_11_17_2015_12_0.json	1447779600.0	72.91	110	23
snapshot_11_17_2015_18_0.json	1447801200.0	72.91	90	15
snapshot_11_18_2015_0_0.json	1447822800.0	72.91	90	11
snapshot_11_18_2015_12_0.json	1447866000.0	75.04	90	13
snapshot_11_18_2015_18_0.json	1447887600.0	80.07	90	9
snapshot_11_18_2015_6_0.json	1447844400.0	75.04	90	13
snapshot_11_18_2015_6_0.json	1447844400.0	75.04	90	13
snapshot_11_19_2015_0_0.json	1447909200.0	71.53	90	9
snapshot_11_19_2015_6_0.json	1447930800.0	74.28	90	9
snapshot_11_20_2015_0_0.json	1447995600.0	107.8	117.3	25
snapshot_11_20_2015_12_0.json	1448038800.0	101.95	117.3	24
snapshot_11_21_2015_18_0.json	1448146800.0	101.95	100.98	12
snapshot_11_22_2015_0_0.json	1448168400.0	101.95	86.7	4
snapshot_11_22_2015_12_0.json	1448211600.0	101.95	85	2
snapshot_11_22_2015_6_0.json	1448190000.0	101.95	85	2
snapshot_11_23_2015_0_0.json	1448254800.0	0	0	0
snapshot_11_23_2015_12_0.json	1448298000.0	0	0	0
snapshot_11_23_2015_18_0.json	1448319600.0	0	0	0
snapshot_11_23_2015_6_0.json	1448276400.0	0	0	0
snapshot_11_23_2015_6_0.json	1448276400.0	0	0	0
snapshot_11_24_2015_0_0.json	1448341200.0	0	0	0
snapshot_11_24_2015_12_0.json	1448384400.0	0	0	0
