9220454	2015-11-23T03:00:00Z	Disney On Ice Frozen	XFINITY Arena at Everett	Washington Seattle|693	98201
snapshot_11_16_2015_0_0.json	1447650000.0	75.04	85	29
snapshot_11_16_2015_0_0.json	1447650000.0	75.04	85	29
snapshot_11_17_2015_0_0.json	1447736400.0	75.04	85	29
snapshot_11_17_2015_12_0.json	1447779600.0	77.79	85	18
snapshot_11_17_2015_18_0.json	1447801200.0	75.04	85	16
snapshot_11_17_2015_18_0.json	1447801200.0	75.04	85	16
snapshot_11_18_2015_0_0.json	1447822800.0	75.04	85	12
snapshot_11_18_2015_12_0.json	1447866000.0	77.79	85	12
snapshot_11_18_2015_18_0.json	1447887600.0	75.04	85	12
snapshot_11_18_2015_18_0.json	1447887600.0	75.04	85	12
snapshot_11_19_2015_0_0.json	1447909200.0	75.04	85	9
snapshot_11_20_2015_0_0.json	1447995600.0	101.95	107.1	29
snapshot_11_20_2015_12_0.json	1448038800.0	101.95	107.1	27
snapshot_11_21_2015_12_0.json	1448125200.0	103.94	86.7	10
snapshot_11_21_2015_18_0.json	1448146800.0	97.97	81.6	2
snapshot_11_22_2015_12_0.json	1448211600.0	0	0	0
snapshot_11_22_2015_12_0.json	1448211600.0	0	0	0
snapshot_11_22_2015_18_0.json	1448233200.0	0	0	0
snapshot_11_22_2015_6_0.json	1448190000.0	0	0	0
snapshot_11_22_2015_6_0.json	1448190000.0	0	0	0
snapshot_11_23_2015_0_0.json	1448254800.0	0	0	0
snapshot_11_23_2015_12_0.json	1448298000.0	0	0	0
snapshot_11_23_2015_18_0.json	1448319600.0	0	0	0
snapshot_11_23_2015_6_0.json	1448276400.0	0	0	0
snapshot_11_23_2015_6_0.json	1448276400.0	0	0	0
snapshot_11_24_2015_0_0.json	1448341200.0	0	0	0
snapshot_11_24_2015_12_0.json	1448384400.0	0	0	0
snapshot_11_24_2015_12_0.json	1448384400.0	0	0	0
snapshot_11_24_2015_18_0.json	1448406000.0	0	0	0
snapshot_11_25_2015_0_0.json	1448427600.0	0	0	0
9220454	2015-11-23T03:00:00Z	Disney On Ice Frozen	XFINITY Arena at Everett	Washington Seattle|693	98201
snapshot_11_16_2015_0_0.json	1447650000.0	75.04	85	29
snapshot_11_16_2015_0_0.json	1447650000.0	75.04	85	29
snapshot_11_17_2015_0_0.json	1447736400.0	75.04	85	29
snapshot_11_17_2015_12_0.json	1447779600.0	77.79	85	18
snapshot_11_17_2015_18_0.json	1447801200.0	75.04	85	16
snapshot_11_17_2015_18_0.json	1447801200.0	75.04	85	16
snapshot_11_18_2015_0_0.json	1447822800.0	75.04	85	12
snapshot_11_18_2015_12_0.json	1447866000.0	77.79	85	12
snapshot_11_18_2015_18_0.json	1447887600.0	75.04	85	12
snapshot_11_18_2015_18_0.json	1447887600.0	75.04	85	12
snapshot_11_19_2015_0_0.json	1447909200.0	75.04	85	9
snapshot_11_20_2015_0_0.json	1447995600.0	101.95	107.1	29
snapshot_11_20_2015_12_0.json	1448038800.0	101.95	107.1	27
snapshot_11_21_2015_12_0.json	1448125200.0	103.94	86.7	10
snapshot_11_21_2015_18_0.json	1448146800.0	97.97	81.6	2
snapshot_11_22_2015_12_0.json	1448211600.0	0	0	0
snapshot_11_22_2015_12_0.json	1448211600.0	0	0	0
snapshot_11_22_2015_18_0.json	1448233200.0	0	0	0
snapshot_11_22_2015_6_0.json	1448190000.0	0	0	0
snapshot_11_22_2015_6_0.json	1448190000.0	0	0	0
snapshot_11_23_2015_0_0.json	1448254800.0	0	0	0
snapshot_11_23_2015_12_0.json	1448298000.0	0	0	0
snapshot_11_23_2015_18_0.json	1448319600.0	0	0	0
snapshot_11_23_2015_6_0.json	1448276400.0	0	0	0
snapshot_11_23_2015_6_0.json	1448276400.0	0	0	0
snapshot_11_24_2015_0_0.json	1448341200.0	0	0	0
snapshot_11_24_2015_12_0.json	1448384400.0	0	0	0
snapshot_11_24_2015_12_0.json	1448384400.0	0	0	0
snapshot_11_24_2015_18_0.json	1448406000.0	0	0	0
snapshot_11_25_2015_0_0.json	1448427600.0	0	0	0
9220454	2015-11-23T03:00:00Z	Disney On Ice Frozen	XFINITY Arena at Everett	Washington Seattle|693	98201
snapshot_11_16_2015_0_0.json	1447650000.0	75.04	85	29
snapshot_11_16_2015_0_0.json	1447650000.0	75.04	85	29
snapshot_11_17_2015_0_0.json	1447736400.0	75.04	85	29
snapshot_11_17_2015_12_0.json	1447779600.0	77.79	85	18
snapshot_11_17_2015_18_0.json	1447801200.0	75.04	85	16
snapshot_11_17_2015_18_0.json	1447801200.0	75.04	85	16
snapshot_11_18_2015_0_0.json	1447822800.0	75.04	85	12
snapshot_11_18_2015_12_0.json	1447866000.0	77.79	85	12
snapshot_11_18_2015_18_0.json	1447887600.0	75.04	85	12
snapshot_11_18_2015_18_0.json	1447887600.0	75.04	85	12
snapshot_11_19_2015_0_0.json	1447909200.0	75.04	85	9
snapshot_11_20_2015_0_0.json	1447995600.0	101.95	107.1	29
snapshot_11_20_2015_12_0.json	1448038800.0	101.95	107.1	27
snapshot_11_21_2015_12_0.json	1448125200.0	103.94	86.7	10
snapshot_11_21_2015_18_0.json	1448146800.0	97.97	81.6	2
snapshot_11_22_2015_12_0.json	1448211600.0	0	0	0
snapshot_11_22_2015_12_0.json	1448211600.0	0	0	0
snapshot_11_22_2015_18_0.json	1448233200.0	0	0	0
snapshot_11_22_2015_6_0.json	1448190000.0	0	0	0
snapshot_11_22_2015_6_0.json	1448190000.0	0	0	0
snapshot_11_23_2015_0_0.json	1448254800.0	0	0	0
snapshot_11_23_2015_12_0.json	1448298000.0	0	0	0
snapshot_11_23_2015_18_0.json	1448319600.0	0	0	0
snapshot_11_23_2015_6_0.json	1448276400.0	0	0	0
snapshot_11_23_2015_6_0.json	1448276400.0	0	0	0
snapshot_11_24_2015_0_0.json	1448341200.0	0	0	0
snapshot_11_24_2015_12_0.json	1448384400.0	0	0	0
snapshot_11_24_2015_12_0.json	1448384400.0	0	0	0
snapshot_11_24_2015_18_0.json	1448406000.0	0	0	0
snapshot_11_25_2015_0_0.json	1448427600.0	0	0	0
9220454	2015-11-23T03:00:00Z	Disney On Ice Frozen	XFINITY Arena at Everett	Washington Seattle|693	98201
snapshot_11_16_2015_0_0.json	1447650000.0	75.04	85	29
snapshot_11_16_2015_0_0.json	1447650000.0	75.04	85	29
snapshot_11_17_2015_0_0.json	1447736400.0	75.04	85	29
snapshot_11_17_2015_12_0.json	1447779600.0	77.79	85	18
snapshot_11_17_2015_18_0.json	1447801200.0	75.04	85	16
snapshot_11_17_2015_18_0.json	1447801200.0	75.04	85	16
snapshot_11_18_2015_0_0.json	1447822800.0	75.04	85	12
snapshot_11_18_2015_12_0.json	1447866000.0	77.79	85	12
snapshot_11_18_2015_18_0.json	1447887600.0	75.04	85	12
snapshot_11_18_2015_18_0.json	1447887600.0	75.04	85	12
snapshot_11_19_2015_0_0.json	1447909200.0	75.04	85	9
snapshot_11_20_2015_0_0.json	1447995600.0	101.95	107.1	29
snapshot_11_20_2015_12_0.json	1448038800.0	101.95	107.1	27
snapshot_11_21_2015_12_0.json	1448125200.0	103.94	86.7	10
snapshot_11_21_2015_18_0.json	1448146800.0	97.97	81.6	2
snapshot_11_22_2015_12_0.json	1448211600.0	0	0	0
snapshot_11_22_2015_12_0.json	1448211600.0	0	0	0
snapshot_11_22_2015_18_0.json	1448233200.0	0	0	0
snapshot_11_22_2015_6_0.json	1448190000.0	0	0	0
snapshot_11_22_2015_6_0.json	1448190000.0	0	0	0
snapshot_11_23_2015_0_0.json	1448254800.0	0	0	0
snapshot_11_23_2015_12_0.json	1448298000.0	0	0	0
snapshot_11_23_2015_18_0.json	1448319600.0	0	0	0
snapshot_11_23_2015_6_0.json	1448276400.0	0	0	0
snapshot_11_23_2015_6_0.json	1448276400.0	0	0	0
snapshot_11_24_2015_0_0.json	1448341200.0	0	0	0
snapshot_11_24_2015_12_0.json	1448384400.0	0	0	0
snapshot_11_24_2015_12_0.json	1448384400.0	0	0	0
snapshot_11_24_2015_18_0.json	1448406000.0	0	0	0
snapshot_11_25_2015_0_0.json	1448427600.0	0	0	0
