9221827	2015-11-28T21:00:00Z	Kansas Jayhawks	Memorial Stadium Kansas	Missouri Kansas City|702	66044
snapshot_11_16_2015_0_0.json	1447650000.0	25.32	155	1087
snapshot_11_17_2015_0_0.json	1447736400.0	25.32	155	1140
snapshot_11_17_2015_12_0.json	1447779600.0	25.32	155	1121
snapshot_11_17_2015_18_0.json	1447801200.0	25.32	155	1093
snapshot_11_18_2015_0_0.json	1447822800.0	25.32	155	1078
snapshot_11_18_2015_12_0.json	1447866000.0	25.32	155	1050
snapshot_11_18_2015_18_0.json	1447887600.0	25.32	155	1024
snapshot_11_18_2015_6_0.json	1447844400.0	25.32	155	1052
snapshot_11_19_2015_0_0.json	1447909200.0	25.32	155	998
snapshot_11_19_2015_12_0.json	1447952400.0	25.32	139	967
snapshot_11_19_2015_6_0.json	1447930800.0	25.32	139	969
snapshot_11_20_2015_0_0.json	1447995600.0	25.32	139	921
snapshot_11_20_2015_12_0.json	1448038800.0	25.32	139	911
snapshot_11_21_2015_12_0.json	1448125200.0	21.22	139	859
snapshot_11_21_2015_18_0.json	1448146800.0	21.22	139	859
snapshot_11_22_2015_0_0.json	1448168400.0	21.22	139	801
snapshot_11_22_2015_12_0.json	1448211600.0	21.22	139	765
snapshot_11_22_2015_18_0.json	1448233200.0	24.73	139	748
snapshot_11_22_2015_6_0.json	1448190000.0	21.22	139	766
snapshot_11_23_2015_0_0.json	1448254800.0	23.56	139	722
snapshot_11_23_2015_12_0.json	1448298000.0	23.56	139	664
snapshot_11_23_2015_18_0.json	1448319600.0	20.88	139	690
snapshot_11_24_2015_0_0.json	1448341200.0	22.38	139	648
snapshot_11_24_2015_12_0.json	1448384400.0	22.38	125	586
snapshot_11_24_2015_18_0.json	1448406000.0	22.38	150	554
snapshot_11_24_2015_6_0.json	1448362800.0	22.38	125	596
snapshot_11_25_2015_0_0.json	1448427600.0	22.38	150	535
snapshot_11_25_2015_12_0.json	1448470800.0	23.56	125	464
snapshot_11_25_2015_18_0.json	1448492400.0	29.41	125	445
snapshot_11_25_2015_6_0.json	1448449200.0	23.56	125	464
snapshot_11_26_2015_0_0.json	1448514000.0	25.78	125	402
snapshot_11_27_2015_18_0.json	1448665200.0	23.34	125	348
snapshot_11_28_2015_0_0.json	1448686800.0	20.05	125	349
snapshot_11_28_2015_12_0.json	1448730000.0	20.05	125	307
snapshot_11_28_2015_18_0.json	1448751600.0	20.05	125	203
snapshot_11_28_2015_6_0.json	1448708400.0	20.05	125	314
snapshot_11_29_2015_12_0.json	1448816400.0	0	0	0
snapshot_11_29_2015_18_0.json	1448838000.0	0	0	0
snapshot_11_29_2015_6_0.json	1448794800.0	0	0	0
snapshot_11_30_2015_0_0.json	1448859600.0	0	0	0
snapshot_11_30_2015_12_0.json	1448902800.0	0	0	0
9221827	2015-11-28T21:00:00Z	Kansas Jayhawks	Memorial Stadium Kansas	Missouri Kansas City|702	66044
snapshot_11_16_2015_0_0.json	1447650000.0	25.32	155	1087
snapshot_11_17_2015_0_0.json	1447736400.0	25.32	155	1140
snapshot_11_17_2015_12_0.json	1447779600.0	25.32	155	1121
snapshot_11_17_2015_18_0.json	1447801200.0	25.32	155	1093
snapshot_11_18_2015_0_0.json	1447822800.0	25.32	155	1078
snapshot_11_18_2015_12_0.json	1447866000.0	25.32	155	1050
snapshot_11_18_2015_18_0.json	1447887600.0	25.32	155	1024
snapshot_11_18_2015_6_0.json	1447844400.0	25.32	155	1052
snapshot_11_19_2015_0_0.json	1447909200.0	25.32	155	998
snapshot_11_19_2015_12_0.json	1447952400.0	25.32	139	967
snapshot_11_19_2015_6_0.json	1447930800.0	25.32	139	969
snapshot_11_20_2015_0_0.json	1447995600.0	25.32	139	921
snapshot_11_20_2015_12_0.json	1448038800.0	25.32	139	911
snapshot_11_21_2015_12_0.json	1448125200.0	21.22	139	859
snapshot_11_21_2015_18_0.json	1448146800.0	21.22	139	859
snapshot_11_22_2015_0_0.json	1448168400.0	21.22	139	801
snapshot_11_22_2015_12_0.json	1448211600.0	21.22	139	765
snapshot_11_22_2015_18_0.json	1448233200.0	24.73	139	748
snapshot_11_22_2015_6_0.json	1448190000.0	21.22	139	766
snapshot_11_23_2015_0_0.json	1448254800.0	23.56	139	722
snapshot_11_23_2015_12_0.json	1448298000.0	23.56	139	664
snapshot_11_23_2015_18_0.json	1448319600.0	20.88	139	690
snapshot_11_24_2015_0_0.json	1448341200.0	22.38	139	648
snapshot_11_24_2015_12_0.json	1448384400.0	22.38	125	586
snapshot_11_24_2015_18_0.json	1448406000.0	22.38	150	554
snapshot_11_24_2015_6_0.json	1448362800.0	22.38	125	596
snapshot_11_25_2015_0_0.json	1448427600.0	22.38	150	535
snapshot_11_25_2015_12_0.json	1448470800.0	23.56	125	464
snapshot_11_25_2015_18_0.json	1448492400.0	29.41	125	445
snapshot_11_25_2015_6_0.json	1448449200.0	23.56	125	464
snapshot_11_26_2015_0_0.json	1448514000.0	25.78	125	402
snapshot_11_27_2015_18_0.json	1448665200.0	23.34	125	348
snapshot_11_28_2015_0_0.json	1448686800.0	20.05	125	349
snapshot_11_28_2015_12_0.json	1448730000.0	20.05	125	307
snapshot_11_28_2015_18_0.json	1448751600.0	20.05	125	203
snapshot_11_28_2015_6_0.json	1448708400.0	20.05	125	314
snapshot_11_29_2015_12_0.json	1448816400.0	0	0	0
snapshot_11_29_2015_18_0.json	1448838000.0	0	0	0
snapshot_11_29_2015_6_0.json	1448794800.0	0	0	0
snapshot_11_30_2015_0_0.json	1448859600.0	0	0	0
snapshot_11_30_2015_12_0.json	1448902800.0	0	0	0
9221827	2015-11-28T21:00:00Z	Kansas Jayhawks	Memorial Stadium Kansas	Missouri Kansas City|702	66044
snapshot_11_16_2015_0_0.json	1447650000.0	25.32	155	1087
snapshot_11_17_2015_0_0.json	1447736400.0	25.32	155	1140
snapshot_11_17_2015_12_0.json	1447779600.0	25.32	155	1121
snapshot_11_17_2015_18_0.json	1447801200.0	25.32	155	1093
snapshot_11_18_2015_0_0.json	1447822800.0	25.32	155	1078
snapshot_11_18_2015_12_0.json	1447866000.0	25.32	155	1050
snapshot_11_18_2015_18_0.json	1447887600.0	25.32	155	1024
snapshot_11_18_2015_6_0.json	1447844400.0	25.32	155	1052
snapshot_11_19_2015_0_0.json	1447909200.0	25.32	155	998
snapshot_11_19_2015_12_0.json	1447952400.0	25.32	139	967
snapshot_11_19_2015_6_0.json	1447930800.0	25.32	139	969
snapshot_11_20_2015_0_0.json	1447995600.0	25.32	139	921
snapshot_11_20_2015_12_0.json	1448038800.0	25.32	139	911
snapshot_11_21_2015_12_0.json	1448125200.0	21.22	139	859
snapshot_11_21_2015_18_0.json	1448146800.0	21.22	139	859
snapshot_11_22_2015_0_0.json	1448168400.0	21.22	139	801
snapshot_11_22_2015_12_0.json	1448211600.0	21.22	139	765
snapshot_11_22_2015_18_0.json	1448233200.0	24.73	139	748
snapshot_11_22_2015_6_0.json	1448190000.0	21.22	139	766
snapshot_11_23_2015_0_0.json	1448254800.0	23.56	139	722
snapshot_11_23_2015_12_0.json	1448298000.0	23.56	139	664
snapshot_11_23_2015_18_0.json	1448319600.0	20.88	139	690
snapshot_11_24_2015_0_0.json	1448341200.0	22.38	139	648
snapshot_11_24_2015_12_0.json	1448384400.0	22.38	125	586
snapshot_11_24_2015_18_0.json	1448406000.0	22.38	150	554
snapshot_11_24_2015_6_0.json	1448362800.0	22.38	125	596
snapshot_11_25_2015_0_0.json	1448427600.0	22.38	150	535
snapshot_11_25_2015_12_0.json	1448470800.0	23.56	125	464
snapshot_11_25_2015_18_0.json	1448492400.0	29.41	125	445
snapshot_11_25_2015_6_0.json	1448449200.0	23.56	125	464
snapshot_11_26_2015_0_0.json	1448514000.0	25.78	125	402
snapshot_11_27_2015_18_0.json	1448665200.0	23.34	125	348
snapshot_11_28_2015_0_0.json	1448686800.0	20.05	125	349
snapshot_11_28_2015_12_0.json	1448730000.0	20.05	125	307
snapshot_11_28_2015_18_0.json	1448751600.0	20.05	125	203
snapshot_11_28_2015_6_0.json	1448708400.0	20.05	125	314
snapshot_11_29_2015_12_0.json	1448816400.0	0	0	0
snapshot_11_29_2015_18_0.json	1448838000.0	0	0	0
snapshot_11_29_2015_6_0.json	1448794800.0	0	0	0
snapshot_11_30_2015_0_0.json	1448859600.0	0	0	0
snapshot_11_30_2015_12_0.json	1448902800.0	0	0	0
9221827	2015-11-28T21:00:00Z	Kansas Jayhawks	Memorial Stadium Kansas	Missouri Kansas City|702	66044
snapshot_11_16_2015_0_0.json	1447650000.0	25.32	155	1087
snapshot_11_17_2015_0_0.json	1447736400.0	25.32	155	1140
snapshot_11_17_2015_12_0.json	1447779600.0	25.32	155	1121
snapshot_11_17_2015_18_0.json	1447801200.0	25.32	155	1093
snapshot_11_18_2015_0_0.json	1447822800.0	25.32	155	1078
snapshot_11_18_2015_12_0.json	1447866000.0	25.32	155	1050
snapshot_11_18_2015_18_0.json	1447887600.0	25.32	155	1024
snapshot_11_18_2015_6_0.json	1447844400.0	25.32	155	1052
snapshot_11_19_2015_0_0.json	1447909200.0	25.32	155	998
snapshot_11_19_2015_12_0.json	1447952400.0	25.32	139	967
snapshot_11_19_2015_6_0.json	1447930800.0	25.32	139	969
snapshot_11_20_2015_0_0.json	1447995600.0	25.32	139	921
snapshot_11_20_2015_12_0.json	1448038800.0	25.32	139	911
snapshot_11_21_2015_12_0.json	1448125200.0	21.22	139	859
snapshot_11_21_2015_18_0.json	1448146800.0	21.22	139	859
snapshot_11_22_2015_0_0.json	1448168400.0	21.22	139	801
snapshot_11_22_2015_12_0.json	1448211600.0	21.22	139	765
snapshot_11_22_2015_18_0.json	1448233200.0	24.73	139	748
snapshot_11_22_2015_6_0.json	1448190000.0	21.22	139	766
snapshot_11_23_2015_0_0.json	1448254800.0	23.56	139	722
snapshot_11_23_2015_12_0.json	1448298000.0	23.56	139	664
snapshot_11_23_2015_18_0.json	1448319600.0	20.88	139	690
snapshot_11_24_2015_0_0.json	1448341200.0	22.38	139	648
snapshot_11_24_2015_12_0.json	1448384400.0	22.38	125	586
snapshot_11_24_2015_18_0.json	1448406000.0	22.38	150	554
snapshot_11_24_2015_6_0.json	1448362800.0	22.38	125	596
snapshot_11_25_2015_0_0.json	1448427600.0	22.38	150	535
snapshot_11_25_2015_12_0.json	1448470800.0	23.56	125	464
snapshot_11_25_2015_18_0.json	1448492400.0	29.41	125	445
snapshot_11_25_2015_6_0.json	1448449200.0	23.56	125	464
snapshot_11_26_2015_0_0.json	1448514000.0	25.78	125	402
snapshot_11_27_2015_18_0.json	1448665200.0	23.34	125	348
snapshot_11_28_2015_0_0.json	1448686800.0	20.05	125	349
snapshot_11_28_2015_12_0.json	1448730000.0	20.05	125	307
snapshot_11_28_2015_18_0.json	1448751600.0	20.05	125	203
snapshot_11_28_2015_6_0.json	1448708400.0	20.05	125	314
snapshot_11_29_2015_12_0.json	1448816400.0	0	0	0
snapshot_11_29_2015_18_0.json	1448838000.0	0	0	0
snapshot_11_29_2015_6_0.json	1448794800.0	0	0	0
snapshot_11_30_2015_0_0.json	1448859600.0	0	0	0
snapshot_11_30_2015_12_0.json	1448902800.0	0	0	0
