9222711	2015-11-27T01:30:00Z	The Phantom of the opera	Sarofim Hall at The Hobby Center	Texas Houston|694	77002
snapshot_11_16_2015_0_0.json	1447650000.0	112.48	475	47
snapshot_11_18_2015_0_0.json	1447822800.0	105.46	575	46
snapshot_11_18_2015_0_0.json	1447822800.0	105.46	575	46
snapshot_11_18_2015_12_0.json	1447866000.0	105.46	575	44
snapshot_11_18_2015_12_0.json	1447866000.0	105.46	575	44
snapshot_11_18_2015_18_0.json	1447887600.0	105.46	575	42
snapshot_11_19_2015_0_0.json	1447909200.0	105.46	575	40
snapshot_11_19_2015_12_0.json	1447952400.0	100.78	575	37
snapshot_11_19_2015_6_0.json	1447930800.0	100.78	575	37
snapshot_11_20_2015_0_0.json	1447995600.0	100.78	575	35
snapshot_11_20_2015_12_0.json	1448038800.0	100.78	575	25
snapshot_11_21_2015_12_0.json	1448125200.0	100.78	575	23
snapshot_11_21_2015_18_0.json	1448146800.0	100.78	575	23
snapshot_11_22_2015_0_0.json	1448168400.0	102.06	575	23
snapshot_11_22_2015_18_0.json	1448233200.0	102.06	575	17
snapshot_11_22_2015_6_0.json	1448190000.0	102.06	575	20
snapshot_11_22_2015_6_0.json	1448190000.0	102.06	575	20
snapshot_11_23_2015_0_0.json	1448254800.0	102.06	575	15
snapshot_11_23_2015_0_0.json	1448254800.0	102.06	575	15
snapshot_11_23_2015_12_0.json	1448298000.0	413.58	575	12
snapshot_11_23_2015_18_0.json	1448319600.0	413.58	575	12
snapshot_11_24_2015_0_0.json	1448341200.0	413.58	575	12
snapshot_11_24_2015_0_0.json	1448341200.0	413.58	575	12
snapshot_11_24_2015_12_0.json	1448384400.0	119.5	100	1
snapshot_11_24_2015_18_0.json	1448406000.0	119.5	100	1
snapshot_11_24_2015_6_0.json	1448362800.0	119.5	100	1
snapshot_11_25_2015_12_0.json	1448470800.0	119.5	100	1
snapshot_11_25_2015_18_0.json	1448492400.0	119.5	100	1
snapshot_11_25_2015_18_0.json	1448492400.0	119.5	100	1
snapshot_11_25_2015_6_0.json	1448449200.0	119.5	100	1
snapshot_11_25_2015_6_0.json	1448449200.0	119.5	100	1
snapshot_11_26_2015_0_0.json	1448514000.0	113.65	100	3
snapshot_11_27_2015_18_0.json	1448665200.0	0	0	0
snapshot_11_27_2015_18_0.json	1448665200.0	0	0	0
snapshot_11_28_2015_0_0.json	1448686800.0	0	0	0
snapshot_11_28_2015_6_0.json	1448708400.0	0	0	0
9222711	2015-11-27T01:30:00Z	The Phantom of the opera	Sarofim Hall at The Hobby Center	Texas Houston|694	77002
snapshot_11_16_2015_0_0.json	1447650000.0	112.48	475	47
snapshot_11_18_2015_0_0.json	1447822800.0	105.46	575	46
snapshot_11_18_2015_0_0.json	1447822800.0	105.46	575	46
snapshot_11_18_2015_12_0.json	1447866000.0	105.46	575	44
snapshot_11_18_2015_12_0.json	1447866000.0	105.46	575	44
snapshot_11_18_2015_18_0.json	1447887600.0	105.46	575	42
snapshot_11_19_2015_0_0.json	1447909200.0	105.46	575	40
snapshot_11_19_2015_12_0.json	1447952400.0	100.78	575	37
snapshot_11_19_2015_6_0.json	1447930800.0	100.78	575	37
snapshot_11_20_2015_0_0.json	1447995600.0	100.78	575	35
snapshot_11_20_2015_12_0.json	1448038800.0	100.78	575	25
snapshot_11_21_2015_12_0.json	1448125200.0	100.78	575	23
snapshot_11_21_2015_18_0.json	1448146800.0	100.78	575	23
snapshot_11_22_2015_0_0.json	1448168400.0	102.06	575	23
snapshot_11_22_2015_18_0.json	1448233200.0	102.06	575	17
snapshot_11_22_2015_6_0.json	1448190000.0	102.06	575	20
snapshot_11_22_2015_6_0.json	1448190000.0	102.06	575	20
snapshot_11_23_2015_0_0.json	1448254800.0	102.06	575	15
snapshot_11_23_2015_0_0.json	1448254800.0	102.06	575	15
snapshot_11_23_2015_12_0.json	1448298000.0	413.58	575	12
snapshot_11_23_2015_18_0.json	1448319600.0	413.58	575	12
snapshot_11_24_2015_0_0.json	1448341200.0	413.58	575	12
snapshot_11_24_2015_0_0.json	1448341200.0	413.58	575	12
snapshot_11_24_2015_12_0.json	1448384400.0	119.5	100	1
snapshot_11_24_2015_18_0.json	1448406000.0	119.5	100	1
snapshot_11_24_2015_6_0.json	1448362800.0	119.5	100	1
snapshot_11_25_2015_12_0.json	1448470800.0	119.5	100	1
snapshot_11_25_2015_18_0.json	1448492400.0	119.5	100	1
snapshot_11_25_2015_18_0.json	1448492400.0	119.5	100	1
snapshot_11_25_2015_6_0.json	1448449200.0	119.5	100	1
snapshot_11_25_2015_6_0.json	1448449200.0	119.5	100	1
snapshot_11_26_2015_0_0.json	1448514000.0	113.65	100	3
snapshot_11_27_2015_18_0.json	1448665200.0	0	0	0
snapshot_11_27_2015_18_0.json	1448665200.0	0	0	0
snapshot_11_28_2015_0_0.json	1448686800.0	0	0	0
snapshot_11_28_2015_6_0.json	1448708400.0	0	0	0
9222711	2015-11-27T01:30:00Z	The Phantom of the opera	Sarofim Hall at The Hobby Center	Texas Houston|694	77002
snapshot_11_16_2015_0_0.json	1447650000.0	112.48	475	47
snapshot_11_18_2015_0_0.json	1447822800.0	105.46	575	46
snapshot_11_18_2015_0_0.json	1447822800.0	105.46	575	46
snapshot_11_18_2015_12_0.json	1447866000.0	105.46	575	44
snapshot_11_18_2015_12_0.json	1447866000.0	105.46	575	44
snapshot_11_18_2015_18_0.json	1447887600.0	105.46	575	42
snapshot_11_19_2015_0_0.json	1447909200.0	105.46	575	40
snapshot_11_19_2015_12_0.json	1447952400.0	100.78	575	37
snapshot_11_19_2015_6_0.json	1447930800.0	100.78	575	37
snapshot_11_20_2015_0_0.json	1447995600.0	100.78	575	35
snapshot_11_20_2015_12_0.json	1448038800.0	100.78	575	25
snapshot_11_21_2015_12_0.json	1448125200.0	100.78	575	23
snapshot_11_21_2015_18_0.json	1448146800.0	100.78	575	23
snapshot_11_22_2015_0_0.json	1448168400.0	102.06	575	23
snapshot_11_22_2015_18_0.json	1448233200.0	102.06	575	17
snapshot_11_22_2015_6_0.json	1448190000.0	102.06	575	20
snapshot_11_22_2015_6_0.json	1448190000.0	102.06	575	20
snapshot_11_23_2015_0_0.json	1448254800.0	102.06	575	15
snapshot_11_23_2015_0_0.json	1448254800.0	102.06	575	15
snapshot_11_23_2015_12_0.json	1448298000.0	413.58	575	12
snapshot_11_23_2015_18_0.json	1448319600.0	413.58	575	12
snapshot_11_24_2015_0_0.json	1448341200.0	413.58	575	12
snapshot_11_24_2015_0_0.json	1448341200.0	413.58	575	12
snapshot_11_24_2015_12_0.json	1448384400.0	119.5	100	1
snapshot_11_24_2015_18_0.json	1448406000.0	119.5	100	1
snapshot_11_24_2015_6_0.json	1448362800.0	119.5	100	1
snapshot_11_25_2015_12_0.json	1448470800.0	119.5	100	1
snapshot_11_25_2015_18_0.json	1448492400.0	119.5	100	1
snapshot_11_25_2015_18_0.json	1448492400.0	119.5	100	1
snapshot_11_25_2015_6_0.json	1448449200.0	119.5	100	1
snapshot_11_25_2015_6_0.json	1448449200.0	119.5	100	1
snapshot_11_26_2015_0_0.json	1448514000.0	113.65	100	3
snapshot_11_27_2015_18_0.json	1448665200.0	0	0	0
snapshot_11_27_2015_18_0.json	1448665200.0	0	0	0
snapshot_11_28_2015_0_0.json	1448686800.0	0	0	0
snapshot_11_28_2015_6_0.json	1448708400.0	0	0	0
9222711	2015-11-27T01:30:00Z	The Phantom of the opera	Sarofim Hall at The Hobby Center	Texas Houston|694	77002
snapshot_11_16_2015_0_0.json	1447650000.0	112.48	475	47
snapshot_11_18_2015_0_0.json	1447822800.0	105.46	575	46
snapshot_11_18_2015_0_0.json	1447822800.0	105.46	575	46
snapshot_11_18_2015_12_0.json	1447866000.0	105.46	575	44
snapshot_11_18_2015_12_0.json	1447866000.0	105.46	575	44
snapshot_11_18_2015_18_0.json	1447887600.0	105.46	575	42
snapshot_11_19_2015_0_0.json	1447909200.0	105.46	575	40
snapshot_11_19_2015_12_0.json	1447952400.0	100.78	575	37
snapshot_11_19_2015_6_0.json	1447930800.0	100.78	575	37
snapshot_11_20_2015_0_0.json	1447995600.0	100.78	575	35
snapshot_11_20_2015_12_0.json	1448038800.0	100.78	575	25
snapshot_11_21_2015_12_0.json	1448125200.0	100.78	575	23
snapshot_11_21_2015_18_0.json	1448146800.0	100.78	575	23
snapshot_11_22_2015_0_0.json	1448168400.0	102.06	575	23
snapshot_11_22_2015_18_0.json	1448233200.0	102.06	575	17
snapshot_11_22_2015_6_0.json	1448190000.0	102.06	575	20
snapshot_11_22_2015_6_0.json	1448190000.0	102.06	575	20
snapshot_11_23_2015_0_0.json	1448254800.0	102.06	575	15
snapshot_11_23_2015_0_0.json	1448254800.0	102.06	575	15
snapshot_11_23_2015_12_0.json	1448298000.0	413.58	575	12
snapshot_11_23_2015_18_0.json	1448319600.0	413.58	575	12
snapshot_11_24_2015_0_0.json	1448341200.0	413.58	575	12
snapshot_11_24_2015_0_0.json	1448341200.0	413.58	575	12
snapshot_11_24_2015_12_0.json	1448384400.0	119.5	100	1
snapshot_11_24_2015_18_0.json	1448406000.0	119.5	100	1
snapshot_11_24_2015_6_0.json	1448362800.0	119.5	100	1
snapshot_11_25_2015_12_0.json	1448470800.0	119.5	100	1
snapshot_11_25_2015_18_0.json	1448492400.0	119.5	100	1
snapshot_11_25_2015_18_0.json	1448492400.0	119.5	100	1
snapshot_11_25_2015_6_0.json	1448449200.0	119.5	100	1
snapshot_11_25_2015_6_0.json	1448449200.0	119.5	100	1
snapshot_11_26_2015_0_0.json	1448514000.0	113.65	100	3
snapshot_11_27_2015_18_0.json	1448665200.0	0	0	0
snapshot_11_27_2015_18_0.json	1448665200.0	0	0	0
snapshot_11_28_2015_0_0.json	1448686800.0	0	0	0
snapshot_11_28_2015_6_0.json	1448708400.0	0	0	0
