9222715	2015-11-30T01:30:00Z	The Phantom of the opera	Sarofim Hall at The Hobby Center	Texas Houston|694	77002
snapshot_11_16_2015_0_0.json	1447650000.0	121.72	475	98
snapshot_11_17_2015_0_0.json	1447736400.0	107.8	475	100
snapshot_11_17_2015_12_0.json	1447779600.0	107.8	475	100
snapshot_11_18_2015_0_0.json	1447822800.0	107.8	575	97
snapshot_11_18_2015_12_0.json	1447866000.0	121.72	575	95
snapshot_11_18_2015_18_0.json	1447887600.0	113.65	575	101
snapshot_11_18_2015_6_0.json	1447844400.0	121.72	575	95
snapshot_11_19_2015_0_0.json	1447909200.0	113.65	575	101
snapshot_11_19_2015_0_0.json	1447909200.0	113.65	575	101
snapshot_11_19_2015_12_0.json	1447952400.0	107.8	575	101
snapshot_11_19_2015_6_0.json	1447930800.0	107.8	575	101
snapshot_11_20_2015_0_0.json	1447995600.0	107.8	575	97
snapshot_11_20_2015_12_0.json	1448038800.0	121.72	575	93
snapshot_11_21_2015_12_0.json	1448125200.0	108.99	575	87
snapshot_11_21_2015_18_0.json	1448146800.0	108.99	575	87
snapshot_11_22_2015_0_0.json	1448168400.0	108.99	575	85
snapshot_11_22_2015_12_0.json	1448211600.0	108.99	575	85
snapshot_11_22_2015_18_0.json	1448233200.0	108.99	575	85
snapshot_11_22_2015_18_0.json	1448233200.0	108.99	575	85
snapshot_11_22_2015_6_0.json	1448190000.0	108.99	575	85
snapshot_11_22_2015_6_0.json	1448190000.0	108.99	575	85
snapshot_11_23_2015_0_0.json	1448254800.0	118.33	575	83
snapshot_11_23_2015_18_0.json	1448319600.0	113.65	575	79
snapshot_11_24_2015_0_0.json	1448341200.0	113.65	282	57
snapshot_11_24_2015_18_0.json	1448406000.0	118.26	282	46
snapshot_11_25_2015_0_0.json	1448427600.0	118.26	282	41
snapshot_11_25_2015_12_0.json	1448470800.0	118.26	282	33
snapshot_11_25_2015_18_0.json	1448492400.0	118.26	284.97	33
snapshot_11_26_2015_0_0.json	1448514000.0	141.73	284.97	28
snapshot_11_27_2015_18_0.json	1448665200.0	72.7	269.5	21
snapshot_11_28_2015_0_0.json	1448686800.0	72.7	269.5	17
snapshot_11_28_2015_12_0.json	1448730000.0	72.7	269.5	15
snapshot_11_28_2015_18_0.json	1448751600.0	72.7	269.5	15
snapshot_11_28_2015_6_0.json	1448708400.0	72.7	269.5	15
snapshot_11_28_2015_6_0.json	1448708400.0	72.7	269.5	15
snapshot_11_29_2015_0_0.json	1448773200.0	72.7	269.5	13
snapshot_11_29_2015_12_0.json	1448816400.0	72.7	269.5	13
snapshot_11_29_2015_6_0.json	1448794800.0	72.7	269.5	13
snapshot_11_30_2015_0_0.json	1448859600.0	72.7	220.5	5
snapshot_11_30_2015_12_0.json	1448902800.0	0	0	0
snapshot_11_30_2015_18_0.json	1448924400.0	0	0	0
snapshot_11_30_2015_6_0.json	1448881200.0	0	0	0
snapshot_12_1_2015_0_0.json	1448946000.0	0	0	0
snapshot_12_1_2015_0_0.json	1448946000.0	0	0	0
snapshot_12_1_2015_12_0.json	1448989200.0	0	0	0
snapshot_12_1_2015_6_0.json	1448967600.0	0	0	0
snapshot_12_1_2015_6_0.json	1448967600.0	0	0	0
9222715	2015-11-30T01:30:00Z	The Phantom of the opera	Sarofim Hall at The Hobby Center	Texas Houston|694	77002
snapshot_11_16_2015_0_0.json	1447650000.0	121.72	475	98
snapshot_11_17_2015_0_0.json	1447736400.0	107.8	475	100
snapshot_11_17_2015_12_0.json	1447779600.0	107.8	475	100
snapshot_11_18_2015_0_0.json	1447822800.0	107.8	575	97
snapshot_11_18_2015_12_0.json	1447866000.0	121.72	575	95
snapshot_11_18_2015_18_0.json	1447887600.0	113.65	575	101
snapshot_11_18_2015_6_0.json	1447844400.0	121.72	575	95
snapshot_11_19_2015_0_0.json	1447909200.0	113.65	575	101
snapshot_11_19_2015_0_0.json	1447909200.0	113.65	575	101
snapshot_11_19_2015_12_0.json	1447952400.0	107.8	575	101
snapshot_11_19_2015_6_0.json	1447930800.0	107.8	575	101
snapshot_11_20_2015_0_0.json	1447995600.0	107.8	575	97
snapshot_11_20_2015_12_0.json	1448038800.0	121.72	575	93
snapshot_11_21_2015_12_0.json	1448125200.0	108.99	575	87
snapshot_11_21_2015_18_0.json	1448146800.0	108.99	575	87
snapshot_11_22_2015_0_0.json	1448168400.0	108.99	575	85
snapshot_11_22_2015_12_0.json	1448211600.0	108.99	575	85
snapshot_11_22_2015_18_0.json	1448233200.0	108.99	575	85
snapshot_11_22_2015_18_0.json	1448233200.0	108.99	575	85
snapshot_11_22_2015_6_0.json	1448190000.0	108.99	575	85
snapshot_11_22_2015_6_0.json	1448190000.0	108.99	575	85
snapshot_11_23_2015_0_0.json	1448254800.0	118.33	575	83
snapshot_11_23_2015_18_0.json	1448319600.0	113.65	575	79
snapshot_11_24_2015_0_0.json	1448341200.0	113.65	282	57
snapshot_11_24_2015_18_0.json	1448406000.0	118.26	282	46
snapshot_11_25_2015_0_0.json	1448427600.0	118.26	282	41
snapshot_11_25_2015_12_0.json	1448470800.0	118.26	282	33
snapshot_11_25_2015_18_0.json	1448492400.0	118.26	284.97	33
snapshot_11_26_2015_0_0.json	1448514000.0	141.73	284.97	28
snapshot_11_27_2015_18_0.json	1448665200.0	72.7	269.5	21
snapshot_11_28_2015_0_0.json	1448686800.0	72.7	269.5	17
snapshot_11_28_2015_12_0.json	1448730000.0	72.7	269.5	15
snapshot_11_28_2015_18_0.json	1448751600.0	72.7	269.5	15
snapshot_11_28_2015_6_0.json	1448708400.0	72.7	269.5	15
snapshot_11_28_2015_6_0.json	1448708400.0	72.7	269.5	15
snapshot_11_29_2015_0_0.json	1448773200.0	72.7	269.5	13
snapshot_11_29_2015_12_0.json	1448816400.0	72.7	269.5	13
snapshot_11_29_2015_6_0.json	1448794800.0	72.7	269.5	13
snapshot_11_30_2015_0_0.json	1448859600.0	72.7	220.5	5
snapshot_11_30_2015_12_0.json	1448902800.0	0	0	0
snapshot_11_30_2015_18_0.json	1448924400.0	0	0	0
snapshot_11_30_2015_6_0.json	1448881200.0	0	0	0
snapshot_12_1_2015_0_0.json	1448946000.0	0	0	0
snapshot_12_1_2015_0_0.json	1448946000.0	0	0	0
snapshot_12_1_2015_12_0.json	1448989200.0	0	0	0
snapshot_12_1_2015_6_0.json	1448967600.0	0	0	0
snapshot_12_1_2015_6_0.json	1448967600.0	0	0	0
9222715	2015-11-30T01:30:00Z	The Phantom of the opera	Sarofim Hall at The Hobby Center	Texas Houston|694	77002
snapshot_11_16_2015_0_0.json	1447650000.0	121.72	475	98
snapshot_11_17_2015_0_0.json	1447736400.0	107.8	475	100
snapshot_11_17_2015_12_0.json	1447779600.0	107.8	475	100
snapshot_11_18_2015_0_0.json	1447822800.0	107.8	575	97
snapshot_11_18_2015_12_0.json	1447866000.0	121.72	575	95
snapshot_11_18_2015_18_0.json	1447887600.0	113.65	575	101
snapshot_11_18_2015_6_0.json	1447844400.0	121.72	575	95
snapshot_11_19_2015_0_0.json	1447909200.0	113.65	575	101
snapshot_11_19_2015_0_0.json	1447909200.0	113.65	575	101
snapshot_11_19_2015_12_0.json	1447952400.0	107.8	575	101
snapshot_11_19_2015_6_0.json	1447930800.0	107.8	575	101
snapshot_11_20_2015_0_0.json	1447995600.0	107.8	575	97
snapshot_11_20_2015_12_0.json	1448038800.0	121.72	575	93
snapshot_11_21_2015_12_0.json	1448125200.0	108.99	575	87
snapshot_11_21_2015_18_0.json	1448146800.0	108.99	575	87
snapshot_11_22_2015_0_0.json	1448168400.0	108.99	575	85
snapshot_11_22_2015_12_0.json	1448211600.0	108.99	575	85
snapshot_11_22_2015_18_0.json	1448233200.0	108.99	575	85
snapshot_11_22_2015_18_0.json	1448233200.0	108.99	575	85
snapshot_11_22_2015_6_0.json	1448190000.0	108.99	575	85
snapshot_11_22_2015_6_0.json	1448190000.0	108.99	575	85
snapshot_11_23_2015_0_0.json	1448254800.0	118.33	575	83
snapshot_11_23_2015_18_0.json	1448319600.0	113.65	575	79
snapshot_11_24_2015_0_0.json	1448341200.0	113.65	282	57
snapshot_11_24_2015_18_0.json	1448406000.0	118.26	282	46
snapshot_11_25_2015_0_0.json	1448427600.0	118.26	282	41
snapshot_11_25_2015_12_0.json	1448470800.0	118.26	282	33
snapshot_11_25_2015_18_0.json	1448492400.0	118.26	284.97	33
snapshot_11_26_2015_0_0.json	1448514000.0	141.73	284.97	28
snapshot_11_27_2015_18_0.json	1448665200.0	72.7	269.5	21
snapshot_11_28_2015_0_0.json	1448686800.0	72.7	269.5	17
snapshot_11_28_2015_12_0.json	1448730000.0	72.7	269.5	15
snapshot_11_28_2015_18_0.json	1448751600.0	72.7	269.5	15
snapshot_11_28_2015_6_0.json	1448708400.0	72.7	269.5	15
snapshot_11_28_2015_6_0.json	1448708400.0	72.7	269.5	15
snapshot_11_29_2015_0_0.json	1448773200.0	72.7	269.5	13
snapshot_11_29_2015_12_0.json	1448816400.0	72.7	269.5	13
snapshot_11_29_2015_6_0.json	1448794800.0	72.7	269.5	13
snapshot_11_30_2015_0_0.json	1448859600.0	72.7	220.5	5
snapshot_11_30_2015_12_0.json	1448902800.0	0	0	0
snapshot_11_30_2015_18_0.json	1448924400.0	0	0	0
snapshot_11_30_2015_6_0.json	1448881200.0	0	0	0
snapshot_12_1_2015_0_0.json	1448946000.0	0	0	0
snapshot_12_1_2015_0_0.json	1448946000.0	0	0	0
snapshot_12_1_2015_12_0.json	1448989200.0	0	0	0
snapshot_12_1_2015_6_0.json	1448967600.0	0	0	0
snapshot_12_1_2015_6_0.json	1448967600.0	0	0	0
9222715	2015-11-30T01:30:00Z	The Phantom of the opera	Sarofim Hall at The Hobby Center	Texas Houston|694	77002
snapshot_11_16_2015_0_0.json	1447650000.0	121.72	475	98
snapshot_11_17_2015_0_0.json	1447736400.0	107.8	475	100
snapshot_11_17_2015_12_0.json	1447779600.0	107.8	475	100
snapshot_11_18_2015_0_0.json	1447822800.0	107.8	575	97
snapshot_11_18_2015_12_0.json	1447866000.0	121.72	575	95
snapshot_11_18_2015_18_0.json	1447887600.0	113.65	575	101
snapshot_11_18_2015_6_0.json	1447844400.0	121.72	575	95
snapshot_11_19_2015_0_0.json	1447909200.0	113.65	575	101
snapshot_11_19_2015_0_0.json	1447909200.0	113.65	575	101
snapshot_11_19_2015_12_0.json	1447952400.0	107.8	575	101
snapshot_11_19_2015_6_0.json	1447930800.0	107.8	575	101
snapshot_11_20_2015_0_0.json	1447995600.0	107.8	575	97
snapshot_11_20_2015_12_0.json	1448038800.0	121.72	575	93
snapshot_11_21_2015_12_0.json	1448125200.0	108.99	575	87
snapshot_11_21_2015_18_0.json	1448146800.0	108.99	575	87
snapshot_11_22_2015_0_0.json	1448168400.0	108.99	575	85
snapshot_11_22_2015_12_0.json	1448211600.0	108.99	575	85
snapshot_11_22_2015_18_0.json	1448233200.0	108.99	575	85
snapshot_11_22_2015_18_0.json	1448233200.0	108.99	575	85
snapshot_11_22_2015_6_0.json	1448190000.0	108.99	575	85
snapshot_11_22_2015_6_0.json	1448190000.0	108.99	575	85
snapshot_11_23_2015_0_0.json	1448254800.0	118.33	575	83
snapshot_11_23_2015_18_0.json	1448319600.0	113.65	575	79
snapshot_11_24_2015_0_0.json	1448341200.0	113.65	282	57
snapshot_11_24_2015_18_0.json	1448406000.0	118.26	282	46
snapshot_11_25_2015_0_0.json	1448427600.0	118.26	282	41
snapshot_11_25_2015_12_0.json	1448470800.0	118.26	282	33
snapshot_11_25_2015_18_0.json	1448492400.0	118.26	284.97	33
snapshot_11_26_2015_0_0.json	1448514000.0	141.73	284.97	28
snapshot_11_27_2015_18_0.json	1448665200.0	72.7	269.5	21
snapshot_11_28_2015_0_0.json	1448686800.0	72.7	269.5	17
snapshot_11_28_2015_12_0.json	1448730000.0	72.7	269.5	15
snapshot_11_28_2015_18_0.json	1448751600.0	72.7	269.5	15
snapshot_11_28_2015_6_0.json	1448708400.0	72.7	269.5	15
snapshot_11_28_2015_6_0.json	1448708400.0	72.7	269.5	15
snapshot_11_29_2015_0_0.json	1448773200.0	72.7	269.5	13
snapshot_11_29_2015_12_0.json	1448816400.0	72.7	269.5	13
snapshot_11_29_2015_6_0.json	1448794800.0	72.7	269.5	13
snapshot_11_30_2015_0_0.json	1448859600.0	72.7	220.5	5
snapshot_11_30_2015_12_0.json	1448902800.0	0	0	0
snapshot_11_30_2015_18_0.json	1448924400.0	0	0	0
snapshot_11_30_2015_6_0.json	1448881200.0	0	0	0
snapshot_12_1_2015_0_0.json	1448946000.0	0	0	0
snapshot_12_1_2015_0_0.json	1448946000.0	0	0	0
snapshot_12_1_2015_12_0.json	1448989200.0	0	0	0
snapshot_12_1_2015_6_0.json	1448967600.0	0	0	0
snapshot_12_1_2015_6_0.json	1448967600.0	0	0	0
