9222709	2015-11-25T01:30:00Z	The Phantom of the opera	Sarofim Hall at The Hobby Center	Texas Houston|694	77002
snapshot_11_16_2015_0_0.json	1447650000.0	296.58	475	14
snapshot_11_17_2015_0_0.json	1447736400.0	254.05	475	20
snapshot_11_17_2015_12_0.json	1447779600.0	254.05	475	20
snapshot_11_17_2015_12_0.json	1447779600.0	254.05	475	20
snapshot_11_17_2015_18_0.json	1447801200.0	254.05	475	22
snapshot_11_17_2015_18_0.json	1447801200.0	254.05	475	22
snapshot_11_17_2015_6_0.json	1447758000.0	254.05	475	20
snapshot_11_18_2015_12_0.json	1447866000.0	218.95	575	20
snapshot_11_18_2015_12_0.json	1447866000.0	218.95	575	20
snapshot_11_18_2015_18_0.json	1447887600.0	266.22	575	16
snapshot_11_18_2015_6_0.json	1447844400.0	218.95	575	20
snapshot_11_19_2015_0_0.json	1447909200.0	266.22	575	14
snapshot_11_19_2015_12_0.json	1447952400.0	413.58	575	12
snapshot_11_19_2015_6_0.json	1447930800.0	413.58	575	12
snapshot_11_20_2015_0_0.json	1447995600.0	413.58	575	12
snapshot_11_20_2015_12_0.json	1448038800.0	236.5	200	2
snapshot_11_21_2015_12_0.json	1448125200.0	236.5	220.5	4
snapshot_11_21_2015_18_0.json	1448146800.0	236.5	220.5	4
snapshot_11_22_2015_0_0.json	1448168400.0	236.5	220.5	4
snapshot_11_22_2015_0_0.json	1448168400.0	236.5	200	2
snapshot_11_22_2015_12_0.json	1448211600.0	142.9	200	4
snapshot_11_22_2015_18_0.json	1448233200.0	142.9	200	4
snapshot_11_22_2015_18_0.json	1448233200.0	142.9	200	4
snapshot_11_22_2015_6_0.json	1448190000.0	142.9	200	4
snapshot_11_22_2015_6_0.json	1448190000.0	142.9	200	4
snapshot_11_23_2015_0_0.json	1448254800.0	142.9	200	4
snapshot_11_24_2015_0_0.json	1448341200.0	0	0	0
snapshot_11_25_2015_0_0.json	1448427600.0	207.25	175	2
snapshot_11_25_2015_12_0.json	1448470800.0	0	0	0
snapshot_11_25_2015_18_0.json	1448492400.0	0	0	0
snapshot_11_25_2015_6_0.json	1448449200.0	0	0	0
snapshot_11_25_2015_6_0.json	1448449200.0	0	0	0
snapshot_11_26_2015_0_0.json	1448514000.0	0	0	0
snapshot_11_26_2015_0_0.json	1448514000.0	0	0	0
9222709	2015-11-25T01:30:00Z	The Phantom of the opera	Sarofim Hall at The Hobby Center	Texas Houston|694	77002
snapshot_11_16_2015_0_0.json	1447650000.0	296.58	475	14
snapshot_11_17_2015_0_0.json	1447736400.0	254.05	475	20
snapshot_11_17_2015_12_0.json	1447779600.0	254.05	475	20
snapshot_11_17_2015_12_0.json	1447779600.0	254.05	475	20
snapshot_11_17_2015_18_0.json	1447801200.0	254.05	475	22
snapshot_11_17_2015_18_0.json	1447801200.0	254.05	475	22
snapshot_11_17_2015_6_0.json	1447758000.0	254.05	475	20
snapshot_11_18_2015_12_0.json	1447866000.0	218.95	575	20
snapshot_11_18_2015_12_0.json	1447866000.0	218.95	575	20
snapshot_11_18_2015_18_0.json	1447887600.0	266.22	575	16
snapshot_11_18_2015_6_0.json	1447844400.0	218.95	575	20
snapshot_11_19_2015_0_0.json	1447909200.0	266.22	575	14
snapshot_11_19_2015_12_0.json	1447952400.0	413.58	575	12
snapshot_11_19_2015_6_0.json	1447930800.0	413.58	575	12
snapshot_11_20_2015_0_0.json	1447995600.0	413.58	575	12
snapshot_11_20_2015_12_0.json	1448038800.0	236.5	200	2
snapshot_11_21_2015_12_0.json	1448125200.0	236.5	220.5	4
snapshot_11_21_2015_18_0.json	1448146800.0	236.5	220.5	4
snapshot_11_22_2015_0_0.json	1448168400.0	236.5	220.5	4
snapshot_11_22_2015_0_0.json	1448168400.0	236.5	200	2
snapshot_11_22_2015_12_0.json	1448211600.0	142.9	200	4
snapshot_11_22_2015_18_0.json	1448233200.0	142.9	200	4
snapshot_11_22_2015_18_0.json	1448233200.0	142.9	200	4
snapshot_11_22_2015_6_0.json	1448190000.0	142.9	200	4
snapshot_11_22_2015_6_0.json	1448190000.0	142.9	200	4
snapshot_11_23_2015_0_0.json	1448254800.0	142.9	200	4
snapshot_11_24_2015_0_0.json	1448341200.0	0	0	0
snapshot_11_25_2015_0_0.json	1448427600.0	207.25	175	2
snapshot_11_25_2015_12_0.json	1448470800.0	0	0	0
snapshot_11_25_2015_18_0.json	1448492400.0	0	0	0
snapshot_11_25_2015_6_0.json	1448449200.0	0	0	0
snapshot_11_25_2015_6_0.json	1448449200.0	0	0	0
snapshot_11_26_2015_0_0.json	1448514000.0	0	0	0
snapshot_11_26_2015_0_0.json	1448514000.0	0	0	0
9222709	2015-11-25T01:30:00Z	The Phantom of the opera	Sarofim Hall at The Hobby Center	Texas Houston|694	77002
snapshot_11_16_2015_0_0.json	1447650000.0	296.58	475	14
snapshot_11_17_2015_0_0.json	1447736400.0	254.05	475	20
snapshot_11_17_2015_12_0.json	1447779600.0	254.05	475	20
snapshot_11_17_2015_12_0.json	1447779600.0	254.05	475	20
snapshot_11_17_2015_18_0.json	1447801200.0	254.05	475	22
snapshot_11_17_2015_18_0.json	1447801200.0	254.05	475	22
snapshot_11_17_2015_6_0.json	1447758000.0	254.05	475	20
snapshot_11_18_2015_12_0.json	1447866000.0	218.95	575	20
snapshot_11_18_2015_12_0.json	1447866000.0	218.95	575	20
snapshot_11_18_2015_18_0.json	1447887600.0	266.22	575	16
snapshot_11_18_2015_6_0.json	1447844400.0	218.95	575	20
snapshot_11_19_2015_0_0.json	1447909200.0	266.22	575	14
snapshot_11_19_2015_12_0.json	1447952400.0	413.58	575	12
snapshot_11_19_2015_6_0.json	1447930800.0	413.58	575	12
snapshot_11_20_2015_0_0.json	1447995600.0	413.58	575	12
snapshot_11_20_2015_12_0.json	1448038800.0	236.5	200	2
snapshot_11_21_2015_12_0.json	1448125200.0	236.5	220.5	4
snapshot_11_21_2015_18_0.json	1448146800.0	236.5	220.5	4
snapshot_11_22_2015_0_0.json	1448168400.0	236.5	220.5	4
snapshot_11_22_2015_0_0.json	1448168400.0	236.5	200	2
snapshot_11_22_2015_12_0.json	1448211600.0	142.9	200	4
snapshot_11_22_2015_18_0.json	1448233200.0	142.9	200	4
snapshot_11_22_2015_18_0.json	1448233200.0	142.9	200	4
snapshot_11_22_2015_6_0.json	1448190000.0	142.9	200	4
snapshot_11_22_2015_6_0.json	1448190000.0	142.9	200	4
snapshot_11_23_2015_0_0.json	1448254800.0	142.9	200	4
snapshot_11_24_2015_0_0.json	1448341200.0	0	0	0
snapshot_11_25_2015_0_0.json	1448427600.0	207.25	175	2
snapshot_11_25_2015_12_0.json	1448470800.0	0	0	0
snapshot_11_25_2015_18_0.json	1448492400.0	0	0	0
snapshot_11_25_2015_6_0.json	1448449200.0	0	0	0
snapshot_11_25_2015_6_0.json	1448449200.0	0	0	0
snapshot_11_26_2015_0_0.json	1448514000.0	0	0	0
snapshot_11_26_2015_0_0.json	1448514000.0	0	0	0
9222709	2015-11-25T01:30:00Z	The Phantom of the opera	Sarofim Hall at The Hobby Center	Texas Houston|694	77002
snapshot_11_16_2015_0_0.json	1447650000.0	296.58	475	14
snapshot_11_17_2015_0_0.json	1447736400.0	254.05	475	20
snapshot_11_17_2015_12_0.json	1447779600.0	254.05	475	20
snapshot_11_17_2015_12_0.json	1447779600.0	254.05	475	20
snapshot_11_17_2015_18_0.json	1447801200.0	254.05	475	22
snapshot_11_17_2015_18_0.json	1447801200.0	254.05	475	22
snapshot_11_17_2015_6_0.json	1447758000.0	254.05	475	20
snapshot_11_18_2015_12_0.json	1447866000.0	218.95	575	20
snapshot_11_18_2015_12_0.json	1447866000.0	218.95	575	20
snapshot_11_18_2015_18_0.json	1447887600.0	266.22	575	16
snapshot_11_18_2015_6_0.json	1447844400.0	218.95	575	20
snapshot_11_19_2015_0_0.json	1447909200.0	266.22	575	14
snapshot_11_19_2015_12_0.json	1447952400.0	413.58	575	12
snapshot_11_19_2015_6_0.json	1447930800.0	413.58	575	12
snapshot_11_20_2015_0_0.json	1447995600.0	413.58	575	12
snapshot_11_20_2015_12_0.json	1448038800.0	236.5	200	2
snapshot_11_21_2015_12_0.json	1448125200.0	236.5	220.5	4
snapshot_11_21_2015_18_0.json	1448146800.0	236.5	220.5	4
snapshot_11_22_2015_0_0.json	1448168400.0	236.5	220.5	4
snapshot_11_22_2015_0_0.json	1448168400.0	236.5	200	2
snapshot_11_22_2015_12_0.json	1448211600.0	142.9	200	4
snapshot_11_22_2015_18_0.json	1448233200.0	142.9	200	4
snapshot_11_22_2015_18_0.json	1448233200.0	142.9	200	4
snapshot_11_22_2015_6_0.json	1448190000.0	142.9	200	4
snapshot_11_22_2015_6_0.json	1448190000.0	142.9	200	4
snapshot_11_23_2015_0_0.json	1448254800.0	142.9	200	4
snapshot_11_24_2015_0_0.json	1448341200.0	0	0	0
snapshot_11_25_2015_0_0.json	1448427600.0	207.25	175	2
snapshot_11_25_2015_12_0.json	1448470800.0	0	0	0
snapshot_11_25_2015_18_0.json	1448492400.0	0	0	0
snapshot_11_25_2015_6_0.json	1448449200.0	0	0	0
snapshot_11_25_2015_6_0.json	1448449200.0	0	0	0
snapshot_11_26_2015_0_0.json	1448514000.0	0	0	0
snapshot_11_26_2015_0_0.json	1448514000.0	0	0	0
