9222707	2015-11-23T01:30:00Z	The Phantom of the opera	Sarofim Hall at The Hobby Center	Texas Houston|694	77002
snapshot_11_16_2015_0_0.json	1447650000.0	235.86	475	22
snapshot_11_17_2015_0_0.json	1447736400.0	165	475	26
snapshot_11_17_2015_0_0.json	1447736400.0	165	475	26
snapshot_11_17_2015_12_0.json	1447779600.0	165	475	21
snapshot_11_18_2015_0_0.json	1447822800.0	231.82	575	29
snapshot_11_18_2015_12_0.json	1447866000.0	231.82	575	29
snapshot_11_18_2015_12_0.json	1447866000.0	231.82	575	29
snapshot_11_18_2015_18_0.json	1447887600.0	174.49	575	31
snapshot_11_18_2015_6_0.json	1447844400.0	231.82	575	29
snapshot_11_18_2015_6_0.json	1447844400.0	231.82	575	29
snapshot_11_19_2015_0_0.json	1447909200.0	231.82	249.9	6
snapshot_11_19_2015_12_0.json	1447952400.0	231.82	216	4
snapshot_11_19_2015_6_0.json	1447930800.0	231.82	216	4
snapshot_11_20_2015_0_0.json	1447995600.0	231.82	220.5	4
snapshot_11_20_2015_12_0.json	1448038800.0	203.16	171.5	2
snapshot_11_21_2015_12_0.json	1448125200.0	260.49	220.5	4
snapshot_11_22_2015_0_0.json	1448168400.0	119.5	220.5	7
snapshot_11_22_2015_12_0.json	1448211600.0	119.5	220.5	5
snapshot_11_22_2015_6_0.json	1448190000.0	119.5	220.5	5
snapshot_11_23_2015_0_0.json	1448254800.0	119.5	200	3
snapshot_11_23_2015_0_0.json	1448254800.0	119.5	200	3
snapshot_11_23_2015_12_0.json	1448298000.0	0	0	0
snapshot_11_23_2015_18_0.json	1448319600.0	0	0	0
snapshot_11_23_2015_6_0.json	1448276400.0	0	0	0
snapshot_11_24_2015_0_0.json	1448341200.0	0	0	0
snapshot_11_24_2015_12_0.json	1448384400.0	0	0	0
snapshot_11_24_2015_12_0.json	1448384400.0	0	0	0
snapshot_11_25_2015_0_0.json	1448427600.0	0	0	0
9222707	2015-11-23T01:30:00Z	The Phantom of the opera	Sarofim Hall at The Hobby Center	Texas Houston|694	77002
snapshot_11_16_2015_0_0.json	1447650000.0	235.86	475	22
snapshot_11_17_2015_0_0.json	1447736400.0	165	475	26
snapshot_11_17_2015_0_0.json	1447736400.0	165	475	26
snapshot_11_17_2015_12_0.json	1447779600.0	165	475	21
snapshot_11_18_2015_0_0.json	1447822800.0	231.82	575	29
snapshot_11_18_2015_12_0.json	1447866000.0	231.82	575	29
snapshot_11_18_2015_12_0.json	1447866000.0	231.82	575	29
snapshot_11_18_2015_18_0.json	1447887600.0	174.49	575	31
snapshot_11_18_2015_6_0.json	1447844400.0	231.82	575	29
snapshot_11_18_2015_6_0.json	1447844400.0	231.82	575	29
snapshot_11_19_2015_0_0.json	1447909200.0	231.82	249.9	6
snapshot_11_19_2015_12_0.json	1447952400.0	231.82	216	4
snapshot_11_19_2015_6_0.json	1447930800.0	231.82	216	4
snapshot_11_20_2015_0_0.json	1447995600.0	231.82	220.5	4
snapshot_11_20_2015_12_0.json	1448038800.0	203.16	171.5	2
snapshot_11_21_2015_12_0.json	1448125200.0	260.49	220.5	4
snapshot_11_22_2015_0_0.json	1448168400.0	119.5	220.5	7
snapshot_11_22_2015_12_0.json	1448211600.0	119.5	220.5	5
snapshot_11_22_2015_6_0.json	1448190000.0	119.5	220.5	5
snapshot_11_23_2015_0_0.json	1448254800.0	119.5	200	3
snapshot_11_23_2015_0_0.json	1448254800.0	119.5	200	3
snapshot_11_23_2015_12_0.json	1448298000.0	0	0	0
snapshot_11_23_2015_18_0.json	1448319600.0	0	0	0
snapshot_11_23_2015_6_0.json	1448276400.0	0	0	0
snapshot_11_24_2015_0_0.json	1448341200.0	0	0	0
snapshot_11_24_2015_12_0.json	1448384400.0	0	0	0
snapshot_11_24_2015_12_0.json	1448384400.0	0	0	0
snapshot_11_25_2015_0_0.json	1448427600.0	0	0	0
9222707	2015-11-23T01:30:00Z	The Phantom of the opera	Sarofim Hall at The Hobby Center	Texas Houston|694	77002
snapshot_11_16_2015_0_0.json	1447650000.0	235.86	475	22
snapshot_11_17_2015_0_0.json	1447736400.0	165	475	26
snapshot_11_17_2015_0_0.json	1447736400.0	165	475	26
snapshot_11_17_2015_12_0.json	1447779600.0	165	475	21
snapshot_11_18_2015_0_0.json	1447822800.0	231.82	575	29
snapshot_11_18_2015_12_0.json	1447866000.0	231.82	575	29
snapshot_11_18_2015_12_0.json	1447866000.0	231.82	575	29
snapshot_11_18_2015_18_0.json	1447887600.0	174.49	575	31
snapshot_11_18_2015_6_0.json	1447844400.0	231.82	575	29
snapshot_11_18_2015_6_0.json	1447844400.0	231.82	575	29
snapshot_11_19_2015_0_0.json	1447909200.0	231.82	249.9	6
snapshot_11_19_2015_12_0.json	1447952400.0	231.82	216	4
snapshot_11_19_2015_6_0.json	1447930800.0	231.82	216	4
snapshot_11_20_2015_0_0.json	1447995600.0	231.82	220.5	4
snapshot_11_20_2015_12_0.json	1448038800.0	203.16	171.5	2
snapshot_11_21_2015_12_0.json	1448125200.0	260.49	220.5	4
snapshot_11_22_2015_0_0.json	1448168400.0	119.5	220.5	7
snapshot_11_22_2015_12_0.json	1448211600.0	119.5	220.5	5
snapshot_11_22_2015_6_0.json	1448190000.0	119.5	220.5	5
snapshot_11_23_2015_0_0.json	1448254800.0	119.5	200	3
snapshot_11_23_2015_0_0.json	1448254800.0	119.5	200	3
snapshot_11_23_2015_12_0.json	1448298000.0	0	0	0
snapshot_11_23_2015_18_0.json	1448319600.0	0	0	0
snapshot_11_23_2015_6_0.json	1448276400.0	0	0	0
snapshot_11_24_2015_0_0.json	1448341200.0	0	0	0
snapshot_11_24_2015_12_0.json	1448384400.0	0	0	0
snapshot_11_24_2015_12_0.json	1448384400.0	0	0	0
snapshot_11_25_2015_0_0.json	1448427600.0	0	0	0
9222707	2015-11-23T01:30:00Z	The Phantom of the opera	Sarofim Hall at The Hobby Center	Texas Houston|694	77002
snapshot_11_16_2015_0_0.json	1447650000.0	235.86	475	22
snapshot_11_17_2015_0_0.json	1447736400.0	165	475	26
snapshot_11_17_2015_0_0.json	1447736400.0	165	475	26
snapshot_11_17_2015_12_0.json	1447779600.0	165	475	21
snapshot_11_18_2015_0_0.json	1447822800.0	231.82	575	29
snapshot_11_18_2015_12_0.json	1447866000.0	231.82	575	29
snapshot_11_18_2015_12_0.json	1447866000.0	231.82	575	29
snapshot_11_18_2015_18_0.json	1447887600.0	174.49	575	31
snapshot_11_18_2015_6_0.json	1447844400.0	231.82	575	29
snapshot_11_18_2015_6_0.json	1447844400.0	231.82	575	29
snapshot_11_19_2015_0_0.json	1447909200.0	231.82	249.9	6
snapshot_11_19_2015_12_0.json	1447952400.0	231.82	216	4
snapshot_11_19_2015_6_0.json	1447930800.0	231.82	216	4
snapshot_11_20_2015_0_0.json	1447995600.0	231.82	220.5	4
snapshot_11_20_2015_12_0.json	1448038800.0	203.16	171.5	2
snapshot_11_21_2015_12_0.json	1448125200.0	260.49	220.5	4
snapshot_11_22_2015_0_0.json	1448168400.0	119.5	220.5	7
snapshot_11_22_2015_12_0.json	1448211600.0	119.5	220.5	5
snapshot_11_22_2015_6_0.json	1448190000.0	119.5	220.5	5
snapshot_11_23_2015_0_0.json	1448254800.0	119.5	200	3
snapshot_11_23_2015_0_0.json	1448254800.0	119.5	200	3
snapshot_11_23_2015_12_0.json	1448298000.0	0	0	0
snapshot_11_23_2015_18_0.json	1448319600.0	0	0	0
snapshot_11_23_2015_6_0.json	1448276400.0	0	0	0
snapshot_11_24_2015_0_0.json	1448341200.0	0	0	0
snapshot_11_24_2015_12_0.json	1448384400.0	0	0	0
snapshot_11_24_2015_12_0.json	1448384400.0	0	0	0
snapshot_11_25_2015_0_0.json	1448427600.0	0	0	0
