9222545	2016-01-01T04:30:00Z	Motley Crue	STAPLES Center	California Los Angeles Metro|10	90015
snapshot_11_17_2015_0_0.json	1447736400.0	65.68	9900	2350
snapshot_11_17_2015_12_0.json	1447779600.0	65.68	9900	2343
snapshot_11_17_2015_18_0.json	1447801200.0	65.68	9900	2344
snapshot_11_17_2015_6_0.json	1447758000.0	65.68	9900	2346
snapshot_11_17_2015_6_0.json	1447758000.0	65.68	9900	2346
snapshot_11_18_2015_0_0.json	1447822800.0	65.68	9900	2344
snapshot_11_18_2015_12_0.json	1447866000.0	65.68	9900	2340
snapshot_11_18_2015_18_0.json	1447887600.0	65.68	9900	2340
snapshot_11_18_2015_6_0.json	1447844400.0	65.68	9900	2340
snapshot_11_18_2015_6_0.json	1447844400.0	65.68	9900	2340
snapshot_11_19_2015_0_0.json	1447909200.0	65.68	9900	2348
snapshot_11_19_2015_12_0.json	1447952400.0	65.68	9900	2337
snapshot_11_19_2015_6_0.json	1447930800.0	65.68	9900	2339
snapshot_11_20_2015_0_0.json	1447995600.0	66.85	9900	2362
snapshot_11_20_2015_12_0.json	1448038800.0	66.85	9900	2374
snapshot_11_21_2015_12_0.json	1448125200.0	66.85	9900	2404
snapshot_11_21_2015_18_0.json	1448146800.0	66.85	9900	2396
snapshot_11_22_2015_0_0.json	1448168400.0	66.85	9900	2391
snapshot_11_22_2015_12_0.json	1448211600.0	66.85	9900	2389
snapshot_11_22_2015_18_0.json	1448233200.0	66.85	9900	2390
snapshot_11_22_2015_6_0.json	1448190000.0	66.85	9900	2391
snapshot_11_23_2015_0_0.json	1448254800.0	66.85	9900	2388
snapshot_11_23_2015_12_0.json	1448298000.0	66.85	9900	2361
snapshot_11_23_2015_18_0.json	1448319600.0	66.85	9900	2365
snapshot_11_23_2015_6_0.json	1448276400.0	66.85	9900	2363
snapshot_11_24_2015_0_0.json	1448341200.0	66.85	9900	2368
snapshot_11_24_2015_12_0.json	1448384400.0	66.85	9900	2358
snapshot_11_24_2015_18_0.json	1448406000.0	66.85	9900	2354
snapshot_11_24_2015_6_0.json	1448362800.0	66.85	9900	2362
snapshot_11_25_2015_0_0.json	1448427600.0	64.51	9900	2352
snapshot_11_25_2015_12_0.json	1448470800.0	64.51	9900	2398
snapshot_11_25_2015_18_0.json	1448492400.0	64.51	9900	2410
snapshot_11_25_2015_6_0.json	1448449200.0	64.51	9900	2398
snapshot_11_26_2015_0_0.json	1448514000.0	64.51	9900	2406
snapshot_11_27_2015_18_0.json	1448665200.0	64.51	101998.98	2421
snapshot_11_28_2015_0_0.json	1448686800.0	66.85	101998.98	2431
snapshot_11_28_2015_12_0.json	1448730000.0	66.85	101998.98	2431
snapshot_11_28_2015_18_0.json	1448751600.0	66.85	101998.98	2431
snapshot_11_28_2015_6_0.json	1448708400.0	66.85	101998.98	2431
snapshot_11_29_2015_0_0.json	1448773200.0	66.85	101998.98	2427
snapshot_11_29_2015_12_0.json	1448816400.0	66.85	101998.98	2429
snapshot_11_29_2015_18_0.json	1448838000.0	66.85	101998.98	2431
snapshot_11_29_2015_6_0.json	1448794800.0	66.85	101998.98	2428
snapshot_11_30_2015_0_0.json	1448859600.0	66.85	101998.98	2427
snapshot_11_30_2015_12_0.json	1448902800.0	63.34	101998.98	2427
snapshot_11_30_2015_18_0.json	1448924400.0	63.34	101998.98	2415
snapshot_11_30_2015_6_0.json	1448881200.0	65.68	101998.98	2427
snapshot_12_1_2015_0_0.json	1448946000.0	63.34	101998.98	2413
snapshot_12_1_2015_12_0.json	1448989200.0	66.85	101998.98	2396
snapshot_12_1_2015_18_0.json	1449010800.0	66.84	101998.98	2396
snapshot_12_1_2015_6_0.json	1448967600.0	63.34	101998.98	2402
snapshot_12_2_2015_0_0.json	1449032400.0	63.34	101998.98	2392
snapshot_12_2_2015_12_0.json	1449075600.0	63.34	101998.98	2384
snapshot_12_2_2015_18_0.json	1449097200.0	63.34	101998.98	2380
snapshot_12_2_2015_6_0.json	1449054000.0	63.34	101998.98	2384
snapshot_12_3_2015_0_0.json	1449118800.0	63.34	101998.98	2383
snapshot_12_3_2015_12_0.json	1449162000.0	65.68	101998.98	2384
snapshot_12_3_2015_18_0.json	1449183600.0	65.68	101998.98	2397
snapshot_12_3_2015_6_0.json	1449140400.0	65.68	101998.98	2385
snapshot_12_4_2015_0_0.json	1449205200.0	61	101998.98	2399
snapshot_12_4_2015_12_0.json	1449248400.0	61	101998.98	2432
snapshot_12_4_2015_18_0.json	1449270000.0	61	101998.98	2431
snapshot_12_4_2015_6_0.json	1449226800.0	61	101998.98	2432
snapshot_12_5_2015_0_0.json	1449291600.0	59.83	101998.98	2526
snapshot_12_5_2015_12_0.json	1449334800.0	59.83	101998.98	2519
snapshot_12_5_2015_18_0.json	1449356400.0	59.83	101998.98	2526
snapshot_12_5_2015_6_0.json	1449313200.0	59.83	101998.98	2523
9222545	2016-01-01T04:30:00Z	Motley Crue	STAPLES Center	California Los Angeles Metro|10	90015
snapshot_11_17_2015_0_0.json	1447736400.0	65.68	9900	2350
snapshot_11_17_2015_12_0.json	1447779600.0	65.68	9900	2343
snapshot_11_17_2015_18_0.json	1447801200.0	65.68	9900	2344
snapshot_11_17_2015_6_0.json	1447758000.0	65.68	9900	2346
snapshot_11_17_2015_6_0.json	1447758000.0	65.68	9900	2346
snapshot_11_18_2015_0_0.json	1447822800.0	65.68	9900	2344
snapshot_11_18_2015_12_0.json	1447866000.0	65.68	9900	2340
snapshot_11_18_2015_18_0.json	1447887600.0	65.68	9900	2340
snapshot_11_18_2015_6_0.json	1447844400.0	65.68	9900	2340
snapshot_11_18_2015_6_0.json	1447844400.0	65.68	9900	2340
snapshot_11_19_2015_0_0.json	1447909200.0	65.68	9900	2348
snapshot_11_19_2015_12_0.json	1447952400.0	65.68	9900	2337
snapshot_11_19_2015_6_0.json	1447930800.0	65.68	9900	2339
snapshot_11_20_2015_0_0.json	1447995600.0	66.85	9900	2362
snapshot_11_20_2015_12_0.json	1448038800.0	66.85	9900	2374
snapshot_11_21_2015_12_0.json	1448125200.0	66.85	9900	2404
snapshot_11_21_2015_18_0.json	1448146800.0	66.85	9900	2396
snapshot_11_22_2015_0_0.json	1448168400.0	66.85	9900	2391
snapshot_11_22_2015_12_0.json	1448211600.0	66.85	9900	2389
snapshot_11_22_2015_18_0.json	1448233200.0	66.85	9900	2390
snapshot_11_22_2015_6_0.json	1448190000.0	66.85	9900	2391
snapshot_11_23_2015_0_0.json	1448254800.0	66.85	9900	2388
snapshot_11_23_2015_12_0.json	1448298000.0	66.85	9900	2361
snapshot_11_23_2015_18_0.json	1448319600.0	66.85	9900	2365
snapshot_11_23_2015_6_0.json	1448276400.0	66.85	9900	2363
snapshot_11_24_2015_0_0.json	1448341200.0	66.85	9900	2368
snapshot_11_24_2015_12_0.json	1448384400.0	66.85	9900	2358
snapshot_11_24_2015_18_0.json	1448406000.0	66.85	9900	2354
snapshot_11_24_2015_6_0.json	1448362800.0	66.85	9900	2362
snapshot_11_25_2015_0_0.json	1448427600.0	64.51	9900	2352
snapshot_11_25_2015_12_0.json	1448470800.0	64.51	9900	2398
snapshot_11_25_2015_18_0.json	1448492400.0	64.51	9900	2410
snapshot_11_25_2015_6_0.json	1448449200.0	64.51	9900	2398
snapshot_11_26_2015_0_0.json	1448514000.0	64.51	9900	2406
snapshot_11_27_2015_18_0.json	1448665200.0	64.51	101998.98	2421
snapshot_11_28_2015_0_0.json	1448686800.0	66.85	101998.98	2431
snapshot_11_28_2015_12_0.json	1448730000.0	66.85	101998.98	2431
snapshot_11_28_2015_18_0.json	1448751600.0	66.85	101998.98	2431
snapshot_11_28_2015_6_0.json	1448708400.0	66.85	101998.98	2431
snapshot_11_29_2015_0_0.json	1448773200.0	66.85	101998.98	2427
snapshot_11_29_2015_12_0.json	1448816400.0	66.85	101998.98	2429
snapshot_11_29_2015_18_0.json	1448838000.0	66.85	101998.98	2431
snapshot_11_29_2015_6_0.json	1448794800.0	66.85	101998.98	2428
snapshot_11_30_2015_0_0.json	1448859600.0	66.85	101998.98	2427
snapshot_11_30_2015_12_0.json	1448902800.0	63.34	101998.98	2427
snapshot_11_30_2015_18_0.json	1448924400.0	63.34	101998.98	2415
snapshot_11_30_2015_6_0.json	1448881200.0	65.68	101998.98	2427
snapshot_12_1_2015_0_0.json	1448946000.0	63.34	101998.98	2413
snapshot_12_1_2015_12_0.json	1448989200.0	66.85	101998.98	2396
snapshot_12_1_2015_18_0.json	1449010800.0	66.84	101998.98	2396
snapshot_12_1_2015_6_0.json	1448967600.0	63.34	101998.98	2402
snapshot_12_2_2015_0_0.json	1449032400.0	63.34	101998.98	2392
snapshot_12_2_2015_12_0.json	1449075600.0	63.34	101998.98	2384
snapshot_12_2_2015_18_0.json	1449097200.0	63.34	101998.98	2380
snapshot_12_2_2015_6_0.json	1449054000.0	63.34	101998.98	2384
snapshot_12_3_2015_0_0.json	1449118800.0	63.34	101998.98	2383
snapshot_12_3_2015_12_0.json	1449162000.0	65.68	101998.98	2384
snapshot_12_3_2015_18_0.json	1449183600.0	65.68	101998.98	2397
snapshot_12_3_2015_6_0.json	1449140400.0	65.68	101998.98	2385
snapshot_12_4_2015_0_0.json	1449205200.0	61	101998.98	2399
snapshot_12_4_2015_12_0.json	1449248400.0	61	101998.98	2432
snapshot_12_4_2015_18_0.json	1449270000.0	61	101998.98	2431
snapshot_12_4_2015_6_0.json	1449226800.0	61	101998.98	2432
snapshot_12_5_20159222545	2016-01-01T04:30:00Z	Motley Crue	STAPLES Center	California Los Angeles Metro|10	90015
snapshot_11_17_2015_0_0.json	1447736400.0	65.68	9900	2350
snapshot_11_17_2015_12_0.json	1447779600.0	65.68	9900	2343
snapshot_11_17_2015_18_0.json	1447801200.0	65.68	9900	2344
snapshot_11_17_2015_6_0.json	1447758000.0	65.68	9900	2346
snapshot_11_17_2015_6_0.json	1447758000.0	65.68	9900	2346
snapshot_11_18_2015_0_0.json	1447822800.0	65.68	9900	2344
snapshot_11_18_2015_12_0.json	1447866000.0	65.68	9900	2340
snapshot_11_18_2015_18_0.json	1447887600.0	65.68	9900	2340
snapshot_11_18_2015_6_0.json	1447844400.0	65.68	9900	2340
snapshot_11_18_2015_6_0.json	1447844400.0	65.68	9900	2340
snapshot_11_19_2015_0_0.json	1447909200.0	65.68	9900	2348
snapshot_11_19_2015_12_0.json	1447952400.0	65.68	9900	2337
snapshot_11_19_2015_6_0.json	1447930800.0	65.68	9900	2339
snapshot_11_20_2015_0_0.json	1447995600.0	66.85	9900	2362
snapshot_11_20_2015_12_0.json	1448038800.0	66.85	9900	2374
snapshot_11_21_2015_12_0.json	1448125200.0	66.85	9900	2404
snapshot_11_21_2015_18_0.json	1448146800.0	66.85	9900	2396
snapshot_11_22_2015_0_0.json	1448168400.0	66.85	9900	2391
snapshot_11_22_2015_12_0.json	1448211600.0	66.85	9900	2389
snapshot_11_22_2015_18_0.json	1448233200.0	66.85	9900	2390
snapshot_11_22_2015_6_0.json	1448190000.0	66.85	9900	2391
snapshot_11_23_2015_0_0.json	1448254800.0	66.85	9900	2388
snapshot_11_23_2015_12_0.json	1448298000.0	66.85	9900	2361
snapshot_11_23_2015_18_0.json	1448319600.0	66.85	9900	2365
snapshot_11_23_2015_6_0.json	1448276400.0	66.85	9900	2363
snapshot_11_24_2015_0_0.json	1448341200.0	66.85	9900	2368
snapshot_11_24_2015_12_0.json	1448384400.0	66.85	9900	2358
snapshot_11_24_2015_18_0.json	1448406000.0	66.85	9900	2354
snapshot_11_24_2015_6_0.json	1448362800.0	66.85	9900	2362
snapshot_11_25_2015_0_0.json	1448427600.0	64.51	9900	2352
snapshot_11_25_2015_12_0.json	1448470800.0	64.51	9900	2398
snapshot_11_25_2015_18_0.json	1448492400.0	64.51	9900	2410
snapshot_11_25_2015_6_0.json	1448449200.0	64.51	9900	2398
snapshot_11_26_2015_0_0.json	1448514000.0	64.51	9900	2406
snapshot_11_27_2015_18_0.json	1448665200.0	64.51	101998.98	2421
snapshot_11_28_2015_0_0.json	1448686800.0	66.85	101998.98	2431
snapshot_11_28_2015_12_0.json	1448730000.0	66.85	101998.98	2431
snapshot_11_28_2015_18_0.json	1448751600.0	66.85	101998.98	2431
snapshot_11_28_2015_6_0.json	1448708400.0	66.85	101998.98	2431
snapshot_11_29_2015_0_0.json	1448773200.0	66.85	101998.98	2427
snapshot_11_29_2015_12_0.json	1448816400.0	66.85	101998.98	2429
snapshot_11_29_2015_18_0.json	1448838000.0	66.85	101998.98	2431
snapshot_11_29_2015_6_0.json	1448794800.0	66.85	101998.98	2428
snapshot_11_30_2015_0_0.json	1448859600.0	66.85	101998.98	2427
snapshot_11_30_2015_12_0.json	1448902800.0	63.34	101998.98	2427
snapshot_11_30_2015_18_0.json	1448924400.0	63.34	101998.98	2415
snapshot_11_30_2015_6_0.json	1448881200.0	65.68	101998.98	2427
snapshot_12_1_2015_0_0.json	1448946000.0	63.34	101998.98	2413
snapshot_12_1_2015_12_0.json	1448989200.0	66.85	101998.98	2396
snapshot_12_1_2015_18_0.json	1449010800.0	66.84	101998.98	2396
snapshot_12_1_2015_6_0.json	1448967600.0	63.34	101998.98	2402
snapshot_12_2_2015_0_0.json	1449032400.0	63.34	101998.98	2392
snapshot_12_2_2015_12_0.json	1449075600.0	63.34	101998.98	2384
snapshot_12_2_2015_18_0.json	1449097200.0	63.34	101998.98	2380
snapshot_12_2_2015_6_0.json	1449054000.0	63.34	101998.98	2384
snapshot_12_3_2015_0_0.json	1449118800.0	63.34	101998.98	2383
snapshot_12_3_2015_12_0.json	1449162000.0	65.68	101998.98	2384
snapshot_12_3_2015_18_0.json	1449183600.0	65.68	101998.98	2397
snapshot_12_3_2015_6_0.json	1449140400.0	65.68	101998.98	2385
snapshot_12_4_2015_0_0.json	1449205200.0	61	101998.98	2399
snapshot_12_4_2015_12_0.json	1449248400.0	61	101998.98	2432
snapshot_12_4_2015_18_0.json	1449270000.0	61	101998.98	2431
snapshot_12_4_2015_6_0.json	1449226800.0	61	101998.98	2432
snapshot_12_5_2015_0_0.json	1449291600.0	59.83	101998.98	2526
snapshot_12_5_2015_12_0.json	1449334800.0	59.83	101998.98	2519
snapshot_12_5_2015_18_0.json	1449356400.0	59.83	101998.98	2526
snapshot_12_5_2015_6_0.json	1449313200.0	59.83	101998.98	2523
9222545	2016-01-01T04:30:00Z	Motley Crue	STAPLES Center	California Los Angeles Metro|10	90015
snapshot_11_17_2015_0_0.json	1447736400.0	65.68	9900	2350
snapshot_11_17_2015_12_0.json	1447779600.0	65.68	9900	2343
snapshot_11_17_2015_18_0.json	1447801200.0	65.68	9900	2344
snapshot_11_17_2015_6_0.json	1447758000.0	65.68	9900	2346
snapshot_11_17_2015_6_0.json	1447758000.0	65.68	9900	2346
snapshot_11_18_2015_0_0.json	1447822800.0	65.68	9900	2344
snapshot_11_18_2015_12_0.json	1447866000.0	65.68	9900	2340
snapshot_11_18_2015_18_0.json	1447887600.0	65.68	9900	2340
snapshot_11_18_2015_6_0.json	1447844400.0	65.68	9900	2340
snapshot_11_18_2015_6_0.json	1447844400.0	65.68	9900	2340
snapshot_11_19_2015_0_0.json	1447909200.0	65.68	9900	2348
snapshot_11_19_2015_12_0.json	1447952400.0	65.68	9900	2337
snapshot_11_19_2015_6_0.json	1447930800.0	65.68	9900	2339
snapshot_11_20_2015_0_0.json	1447995600.0	66.85	9900	2362
snapshot_11_20_2015_12_0.json	1448038800.0	66.85	9900	2374
snapshot_11_21_2015_12_0.json	1448125200.0	66.85	9900	2404
snapshot_11_21_2015_18_0.json	1448146800.0	66.85	9900	2396
snapshot_11_22_2015_0_0.json	1448168400.0	66.85	9900	2391
snapshot_11_22_2015_12_0.json	1448211600.0	66.85	9900	2389
snapshot_11_22_2015_18_0.json	1448233200.0	66.85	9900	2390
snapshot_11_22_2015_6_0.json	1448190000.0	66.85	9900	2391
snapshot_11_23_2015_0_0.json	1448254800.0	66.85	9900	2388
snapshot_11_23_2015_12_0.json	1448298000.0	66.85	9900	2361
snapshot_11_23_2015_18_0.json	1448319600.0	66.85	9900	2365
snapshot_11_23_2015_6_0.json	1448276400.0	66.85	9900	2363
snapshot_11_24_2015_0_0.json	1448341200.0	66.85	9900	2368
snapshot_11_24_2015_12_0.json	1448384400.0	66.85	9900	2358
snapshot_11_24_2015_18_0.json	1448406000.0	66.85	9900	2354
snapshot_11_24_2015_6_0.json	1448362800.0	66.85	9900	2362
snapshot_11_25_2015_0_0.json	1448427600.0	64.51	9900	2352
snapshot_11_25_2015_12_0.json	1448470800.0	64.51	9900	2398
snapshot_11_25_2015_18_0.json	1448492400.0	64.51	9900	2410
snapshot_11_25_2015_6_0.json	1448449200.0	64.51	9900	2398
snapshot_11_26_2015_0_0.json	1448514000.0	64.51	9900	2406
snapshot_11_27_2015_18_0.json	1448665200.0	64.51	101998.98	2421
snapshot_11_28_2015_0_0.json	1448686800.0	66.85	101998.98	2431
snapshot_11_28_2015_12_0.json	1448730000.0	66.85	101998.98	2431
snapshot_11_28_2015_18_0.json	1448751600.0	66.85	101998.98	2431
snapshot_11_28_2015_6_0.json	1448708400.0	66.85	101998.98	2431
snapshot_11_29_2015_0_0.json	1448773200.0	66.85	101998.98	2427
snapshot_11_29_2015_12_0.json	1448816400.0	66.85	101998.98	2429
snapshot_11_29_2015_18_0.json	1448838000.0	66.85	101998.98	2431
snapshot_11_29_2015_6_0.json	1448794800.0	66.85	101998.98	2428
snapshot_11_30_2015_0_0.json	1448859600.0	66.85	101998.98	2427
snapshot_11_30_2015_12_0.json	1448902800.0	63.34	101998.98	2427
snapshot_11_30_2015_18_0.json	1448924400.0	63.34	101998.98	2415
snapshot_11_30_2015_6_0.json	1448881200.0	65.68	101998.98	2427
snapshot_12_1_2015_0_0.json	1448946000.0	63.34	101998.98	2413
snapshot_12_1_2015_12_0.json	1448989200.0	66.85	101998.98	2396
snapshot_12_1_2015_18_0.json	1449010800.0	66.84	101998.98	2396
snapshot_12_1_2015_6_0.json	1448967600.0	63.34	101998.98	2402
snapshot_12_2_2015_0_0.json	1449032400.0	63.34	101998.98	2392
snapshot_12_2_2015_12_0.json	1449075600.0	63.34	101998.98	2384
snapshot_12_2_2015_18_0.json	1449097200.0	63.34	101998.98	2380
snapshot_12_2_2015_6_0.json	1449054000.0	63.34	101998.98	2384
snapshot_12_3_2015_0_0.json	1449118800.0	63.34	101998.98	2383
snapshot_12_3_2015_12_0.json	1449162000.0	65.68	101998.98	2384
snapshot_12_3_2015_18_0.json	1449183600.0	65.68	101998.98	2397
snapshot_12_3_2015_6_0.json	1449140400.0	65.68	101998.98	2385
snapshot_12_4_2015_0_0.json	1449205200.0	61	101998.98	2399
snapshot_12_4_2015_12_0.json	1449248400.0	61	101998.98	2432
snapshot_12_4_2015_18_0.json	1449270000.0	61	101998.98	2431
snapshot_12_4_2015_6_0.json	1449226800.0	61	101998.98	2432
snapshot_12_5_2015
