9222713	2015-11-29T02:00:00Z	The Phantom of the opera	Sarofim Hall at The Hobby Center	Texas Houston|694	77002
snapshot_11_16_2015_0_0.json	1447650000.0	121.72	475	266
snapshot_11_17_2015_0_0.json	1447736400.0	113.65	475	264
snapshot_11_17_2015_12_0.json	1447779600.0	113.65	475	254
snapshot_11_17_2015_18_0.json	1447801200.0	113.65	475	250
snapshot_11_17_2015_18_0.json	1447801200.0	113.65	475	250
snapshot_11_18_2015_0_0.json	1447822800.0	113.65	575	249
snapshot_11_18_2015_12_0.json	1447866000.0	121.72	575	239
snapshot_11_18_2015_12_0.json	1447866000.0	121.72	575	239
snapshot_11_18_2015_18_0.json	1447887600.0	121.72	575	241
snapshot_11_18_2015_6_0.json	1447844400.0	121.72	575	239
snapshot_11_18_2015_6_0.json	1447844400.0	121.72	575	239
snapshot_11_19_2015_0_0.json	1447909200.0	121.72	575	241
snapshot_11_19_2015_12_0.json	1447952400.0	121.72	575	235
snapshot_11_19_2015_6_0.json	1447930800.0	121.72	575	235
snapshot_11_20_2015_0_0.json	1447995600.0	126.36	575	213
snapshot_11_20_2015_12_0.json	1448038800.0	126.36	575	211
snapshot_11_21_2015_12_0.json	1448125200.0	119.42	575	195
snapshot_11_21_2015_18_0.json	1448146800.0	125.35	575	186
snapshot_11_22_2015_0_0.json	1448168400.0	125.35	575	179
snapshot_11_22_2015_12_0.json	1448211600.0	125.35	575	170
snapshot_11_22_2015_18_0.json	1448233200.0	125.35	575	170
snapshot_11_22_2015_18_0.json	1448233200.0	125.35	575	170
snapshot_11_22_2015_6_0.json	1448190000.0	125.35	575	170
snapshot_11_22_2015_6_0.json	1448190000.0	125.35	575	170
snapshot_11_23_2015_0_0.json	1448254800.0	125.35	575	166
snapshot_11_23_2015_12_0.json	1448298000.0	127.51	575	162
snapshot_11_23_2015_18_0.json	1448319600.0	125.35	575	157
snapshot_11_23_2015_6_0.json	1448276400.0	127.51	575	162
snapshot_11_23_2015_6_0.json	1448276400.0	127.51	575	162
snapshot_11_24_2015_0_0.json	1448341200.0	125.35	310.69	113
snapshot_11_24_2015_0_0.json	1448341200.0	125.35	310.69	113
snapshot_11_24_2015_12_0.json	1448384400.0	121.72	310.69	102
snapshot_11_24_2015_18_0.json	1448406000.0	112.47	310.69	101
snapshot_11_24_2015_6_0.json	1448362800.0	121.72	310.69	102
snapshot_11_25_2015_0_0.json	1448427600.0	112.47	332.46	76
snapshot_11_25_2015_12_0.json	1448470800.0	125.35	332.46	62
snapshot_11_25_2015_18_0.json	1448492400.0	148.75	335.43	62
snapshot_11_25_2015_6_0.json	1448449200.0	125.35	332.46	62
snapshot_11_26_2015_0_0.json	1448514000.0	148.75	335.43	60
snapshot_11_27_2015_18_0.json	1448665200.0	118.33	395	44
snapshot_11_28_2015_0_0.json	1448686800.0	137.05	343	41
snapshot_11_28_2015_18_0.json	1448751600.0	148.75	343	34
snapshot_11_28_2015_6_0.json	1448708400.0	101.95	343	41
snapshot_11_28_2015_6_0.json	1448708400.0	101.95	343	41
snapshot_11_29_2015_0_0.json	1448773200.0	118.33	343	18
snapshot_11_29_2015_12_0.json	1448816400.0	0	0	0
snapshot_11_29_2015_6_0.json	1448794800.0	0	0	0
snapshot_11_30_2015_0_0.json	1448859600.0	0	0	0
snapshot_11_30_2015_12_0.json	1448902800.0	0	0	0
snapshot_11_30_2015_18_0.json	1448924400.0	0	0	0
snapshot_11_30_2015_6_0.json	1448881200.0	0	0	0
9222713	2015-11-29T02:00:00Z	The Phantom of the opera	Sarofim Hall at The Hobby Center	Texas Houston|694	77002
snapshot_11_16_2015_0_0.json	1447650000.0	121.72	475	266
snapshot_11_17_2015_0_0.json	1447736400.0	113.65	475	264
snapshot_11_17_2015_12_0.json	1447779600.0	113.65	475	254
snapshot_11_17_2015_18_0.json	1447801200.0	113.65	475	250
snapshot_11_17_2015_18_0.json	1447801200.0	113.65	475	250
snapshot_11_18_2015_0_0.json	1447822800.0	113.65	575	249
snapshot_11_18_2015_12_0.json	1447866000.0	121.72	575	239
snapshot_11_18_2015_12_0.json	1447866000.0	121.72	575	239
snapshot_11_18_2015_18_0.json	1447887600.0	121.72	575	241
snapshot_11_18_2015_6_0.json	1447844400.0	121.72	575	239
snapshot_11_18_2015_6_0.json	1447844400.0	121.72	575	239
snapshot_11_19_2015_0_0.json	1447909200.0	121.72	575	241
snapshot_11_19_2015_12_0.json	1447952400.0	121.72	575	235
snapshot_11_19_2015_6_0.json	1447930800.0	121.72	575	235
snapshot_11_20_2015_0_0.json	1447995600.0	126.36	575	213
snapshot_11_20_2015_12_0.json	1448038800.0	126.36	575	211
snapshot_11_21_2015_12_0.json	1448125200.0	119.42	575	195
snapshot_11_21_2015_18_0.json	1448146800.0	125.35	575	186
snapshot_11_22_2015_0_0.json	1448168400.0	125.35	575	179
snapshot_11_22_2015_12_0.json	1448211600.0	125.35	575	170
snapshot_11_22_2015_18_0.json	1448233200.0	125.35	575	170
snapshot_11_22_2015_18_0.json	1448233200.0	125.35	575	170
snapshot_11_22_2015_6_0.json	1448190000.0	125.35	575	170
snapshot_11_22_2015_6_0.json	1448190000.0	125.35	575	170
snapshot_11_23_2015_0_0.json	1448254800.0	125.35	575	166
snapshot_11_23_2015_12_0.json	1448298000.0	127.51	575	162
snapshot_11_23_2015_18_0.json	1448319600.0	125.35	575	157
snapshot_11_23_2015_6_0.json	1448276400.0	127.51	575	162
snapshot_11_23_2015_6_0.json	1448276400.0	127.51	575	162
snapshot_11_24_2015_0_0.json	1448341200.0	125.35	310.69	113
snapshot_11_24_2015_0_0.json	1448341200.0	125.35	310.69	113
snapshot_11_24_2015_12_0.json	1448384400.0	121.72	310.69	102
snapshot_11_24_2015_18_0.json	1448406000.0	112.47	310.69	101
snapshot_11_24_2015_6_0.json	1448362800.0	121.72	310.69	102
snapshot_11_25_2015_0_0.json	1448427600.0	112.47	332.46	76
snapshot_11_25_2015_12_0.json	1448470800.0	125.35	332.46	62
snapshot_11_25_2015_18_0.json	1448492400.0	148.75	335.43	62
snapshot_11_25_2015_6_0.json	1448449200.0	125.35	332.46	62
snapshot_11_26_2015_0_0.json	1448514000.0	148.75	335.43	60
snapshot_11_27_2015_18_0.json	1448665200.0	118.33	395	44
snapshot_11_28_2015_0_0.json	1448686800.0	137.05	343	41
snapshot_11_28_2015_18_0.json	1448751600.0	148.75	343	34
snapshot_11_28_2015_6_0.json	1448708400.0	101.95	343	41
snapshot_11_28_2015_6_0.json	1448708400.0	101.95	343	41
snapshot_11_29_2015_0_0.json	1448773200.0	118.33	343	18
snapshot_11_29_2015_12_0.json	1448816400.0	0	0	0
snapshot_11_29_2015_6_0.json	1448794800.0	0	0	0
snapshot_11_30_2015_0_0.json	1448859600.0	0	0	0
snapshot_11_30_2015_12_0.json	1448902800.0	0	0	0
snapshot_11_30_2015_18_0.json	1448924400.0	0	0	0
snapshot_11_30_2015_6_0.json	1448881200.0	0	0	0
9222713	2015-11-29T02:00:00Z	The Phantom of the opera	Sarofim Hall at The Hobby Center	Texas Houston|694	77002
snapshot_11_16_2015_0_0.json	1447650000.0	121.72	475	266
snapshot_11_17_2015_0_0.json	1447736400.0	113.65	475	264
snapshot_11_17_2015_12_0.json	1447779600.0	113.65	475	254
snapshot_11_17_2015_18_0.json	1447801200.0	113.65	475	250
snapshot_11_17_2015_18_0.json	1447801200.0	113.65	475	250
snapshot_11_18_2015_0_0.json	1447822800.0	113.65	575	249
snapshot_11_18_2015_12_0.json	1447866000.0	121.72	575	239
snapshot_11_18_2015_12_0.json	1447866000.0	121.72	575	239
snapshot_11_18_2015_18_0.json	1447887600.0	121.72	575	241
snapshot_11_18_2015_6_0.json	1447844400.0	121.72	575	239
snapshot_11_18_2015_6_0.json	1447844400.0	121.72	575	239
snapshot_11_19_2015_0_0.json	1447909200.0	121.72	575	241
snapshot_11_19_2015_12_0.json	1447952400.0	121.72	575	235
snapshot_11_19_2015_6_0.json	1447930800.0	121.72	575	235
snapshot_11_20_2015_0_0.json	1447995600.0	126.36	575	213
snapshot_11_20_2015_12_0.json	1448038800.0	126.36	575	211
snapshot_11_21_2015_12_0.json	1448125200.0	119.42	575	195
snapshot_11_21_2015_18_0.json	1448146800.0	125.35	575	186
snapshot_11_22_2015_0_0.json	1448168400.0	125.35	575	179
snapshot_11_22_2015_12_0.json	1448211600.0	125.35	575	170
snapshot_11_22_2015_18_0.json	1448233200.0	125.35	575	170
snapshot_11_22_2015_18_0.json	1448233200.0	125.35	575	170
snapshot_11_22_2015_6_0.json	1448190000.0	125.35	575	170
snapshot_11_22_2015_6_0.json	1448190000.0	125.35	575	170
snapshot_11_23_2015_0_0.json	1448254800.0	125.35	575	166
snapshot_11_23_2015_12_0.json	1448298000.0	127.51	575	162
snapshot_11_23_2015_18_0.json	1448319600.0	125.35	575	157
snapshot_11_23_2015_6_0.json	1448276400.0	127.51	575	162
snapshot_11_23_2015_6_0.json	1448276400.0	127.51	575	162
snapshot_11_24_2015_0_0.json	1448341200.0	125.35	310.69	113
snapshot_11_24_2015_0_0.json	1448341200.0	125.35	310.69	113
snapshot_11_24_2015_12_0.json	1448384400.0	121.72	310.69	102
snapshot_11_24_2015_18_0.json	1448406000.0	112.47	310.69	101
snapshot_11_24_2015_6_0.json	1448362800.0	121.72	310.69	102
snapshot_11_25_2015_0_0.json	1448427600.0	112.47	332.46	76
snapshot_11_25_2015_12_0.json	1448470800.0	125.35	332.46	62
snapshot_11_25_2015_18_0.json	1448492400.0	148.75	335.43	62
snapshot_11_25_2015_6_0.json	1448449200.0	125.35	332.46	62
snapshot_11_26_2015_0_0.json	1448514000.0	148.75	335.43	60
snapshot_11_27_2015_18_0.json	1448665200.0	118.33	395	44
snapshot_11_28_2015_0_0.json	1448686800.0	137.05	343	41
snapshot_11_28_2015_18_0.json	1448751600.0	148.75	343	34
snapshot_11_28_2015_6_0.json	1448708400.0	101.95	343	41
snapshot_11_28_2015_6_0.json	1448708400.0	101.95	343	41
snapshot_11_29_2015_0_0.json	1448773200.0	118.33	343	18
snapshot_11_29_2015_12_0.json	1448816400.0	0	0	0
snapshot_11_29_2015_6_0.json	1448794800.0	0	0	0
snapshot_11_30_2015_0_0.json	1448859600.0	0	0	0
snapshot_11_30_2015_12_0.json	1448902800.0	0	0	0
snapshot_11_30_2015_18_0.json	1448924400.0	0	0	0
snapshot_11_30_2015_6_0.json	1448881200.0	0	0	0
9222713	2015-11-29T02:00:00Z	The Phantom of the opera	Sarofim Hall at The Hobby Center	Texas Houston|694	77002
snapshot_11_16_2015_0_0.json	1447650000.0	121.72	475	266
snapshot_11_17_2015_0_0.json	1447736400.0	113.65	475	264
snapshot_11_17_2015_12_0.json	1447779600.0	113.65	475	254
snapshot_11_17_2015_18_0.json	1447801200.0	113.65	475	250
snapshot_11_17_2015_18_0.json	1447801200.0	113.65	475	250
snapshot_11_18_2015_0_0.json	1447822800.0	113.65	575	249
snapshot_11_18_2015_12_0.json	1447866000.0	121.72	575	239
snapshot_11_18_2015_12_0.json	1447866000.0	121.72	575	239
snapshot_11_18_2015_18_0.json	1447887600.0	121.72	575	241
snapshot_11_18_2015_6_0.json	1447844400.0	121.72	575	239
snapshot_11_18_2015_6_0.json	1447844400.0	121.72	575	239
snapshot_11_19_2015_0_0.json	1447909200.0	121.72	575	241
snapshot_11_19_2015_12_0.json	1447952400.0	121.72	575	235
snapshot_11_19_2015_6_0.json	1447930800.0	121.72	575	235
snapshot_11_20_2015_0_0.json	1447995600.0	126.36	575	213
snapshot_11_20_2015_12_0.json	1448038800.0	126.36	575	211
snapshot_11_21_2015_12_0.json	1448125200.0	119.42	575	195
snapshot_11_21_2015_18_0.json	1448146800.0	125.35	575	186
snapshot_11_22_2015_0_0.json	1448168400.0	125.35	575	179
snapshot_11_22_2015_12_0.json	1448211600.0	125.35	575	170
snapshot_11_22_2015_18_0.json	1448233200.0	125.35	575	170
snapshot_11_22_2015_18_0.json	1448233200.0	125.35	575	170
snapshot_11_22_2015_6_0.json	1448190000.0	125.35	575	170
snapshot_11_22_2015_6_0.json	1448190000.0	125.35	575	170
snapshot_11_23_2015_0_0.json	1448254800.0	125.35	575	166
snapshot_11_23_2015_12_0.json	1448298000.0	127.51	575	162
snapshot_11_23_2015_18_0.json	1448319600.0	125.35	575	157
snapshot_11_23_2015_6_0.json	1448276400.0	127.51	575	162
snapshot_11_23_2015_6_0.json	1448276400.0	127.51	575	162
snapshot_11_24_2015_0_0.json	1448341200.0	125.35	310.69	113
snapshot_11_24_2015_0_0.json	1448341200.0	125.35	310.69	113
snapshot_11_24_2015_12_0.json	1448384400.0	121.72	310.69	102
snapshot_11_24_2015_18_0.json	1448406000.0	112.47	310.69	101
snapshot_11_24_2015_6_0.json	1448362800.0	121.72	310.69	102
snapshot_11_25_2015_0_0.json	1448427600.0	112.47	332.46	76
snapshot_11_25_2015_12_0.json	1448470800.0	125.35	332.46	62
snapshot_11_25_2015_18_0.json	1448492400.0	148.75	335.43	62
snapshot_11_25_2015_6_0.json	1448449200.0	125.35	332.46	62
snapshot_11_26_2015_0_0.json	1448514000.0	148.75	335.43	60
snapshot_11_27_2015_18_0.json	1448665200.0	118.33	395	44
snapshot_11_28_2015_0_0.json	1448686800.0	137.05	343	41
snapshot_11_28_2015_18_0.json	1448751600.0	148.75	343	34
snapshot_11_28_2015_6_0.json	1448708400.0	101.95	343	41
snapshot_11_28_2015_6_0.json	1448708400.0	101.95	343	41
snapshot_11_29_2015_0_0.json	1448773200.0	118.33	343	18
snapshot_11_29_2015_12_0.json	1448816400.0	0	0	0
snapshot_11_29_2015_6_0.json	1448794800.0	0	0	0
snapshot_11_30_2015_0_0.json	1448859600.0	0	0	0
snapshot_11_30_2015_12_0.json	1448902800.0	0	0	0
snapshot_11_30_2015_18_0.json	1448924400.0	0	0	0
snapshot_11_30_2015_6_0.json	1448881200.0	0	0	0
