9222692	2015-11-22T20:00:00Z	Ford EcoBoost 400	Homestead-Miami Speedway	Florida Miami / S. Florida|669	33035
snapshot_11_16_2015_0_0.json	1447650000.0	188.53	1295	339
snapshot_11_17_2015_0_0.json	1447736400.0	201.4	1295	357
snapshot_11_17_2015_12_0.json	1447779600.0	189.7	1295	303
snapshot_11_17_2015_18_0.json	1447801200.0	213.08	800	307
snapshot_11_17_2015_6_0.json	1447758000.0	189.7	1295	316
snapshot_11_17_2015_6_0.json	1447758000.0	189.7	1295	316
snapshot_11_18_2015_0_0.json	1447822800.0	180.75	800	302
snapshot_11_18_2015_12_0.json	1447866000.0	199.47	719	340
snapshot_11_18_2015_18_0.json	1447887600.0	192.45	617	342
snapshot_11_18_2015_6_0.json	1447844400.0	199.47	719	319
snapshot_11_19_2015_0_0.json	1447909200.0	180.75	1552.5	334
snapshot_11_19_2015_12_0.json	1447952400.0	186.6	828	353
snapshot_11_19_2015_6_0.json	1447930800.0	186.6	1552.5	333
snapshot_11_20_2015_0_0.json	1447995600.0	180.34	464	263
snapshot_11_20_2015_12_0.json	1448038800.0	187.36	464	240
snapshot_11_21_2015_12_0.json	1448125200.0	125.35	394	323
snapshot_11_21_2015_18_0.json	1448146800.0	130.03	310.5	286
snapshot_11_22_2015_0_0.json	1448168400.0	118.33	310.5	318
snapshot_11_22_2015_12_0.json	1448211600.0	100.78	310.5	338
snapshot_11_22_2015_18_0.json	1448233200.0	62.17	310.5	173
snapshot_11_22_2015_6_0.json	1448190000.0	107.8	310.5	352
snapshot_11_23_2015_0_0.json	1448254800.0	0	0	0
snapshot_11_23_2015_0_0.json	1448254800.0	0	0	0
snapshot_11_23_2015_12_0.json	1448298000.0	0	0	0
snapshot_11_23_2015_18_0.json	1448319600.0	0	0	0
snapshot_11_24_2015_0_0.json	1448341200.0	0	0	0
snapshot_11_24_2015_12_0.json	1448384400.0	0	0	0
9222692	2015-11-22T20:00:00Z	Ford EcoBoost 400	Homestead-Miami Speedway	Florida Miami / S. Florida|669	33035
snapshot_11_16_2015_0_0.json	1447650000.0	188.53	1295	339
snapshot_11_17_2015_0_0.json	1447736400.0	201.4	1295	357
snapshot_11_17_2015_12_0.json	1447779600.0	189.7	1295	303
snapshot_11_17_2015_18_0.json	1447801200.0	213.08	800	307
snapshot_11_17_2015_6_0.json	1447758000.0	189.7	1295	316
snapshot_11_17_2015_6_0.json	1447758000.0	189.7	1295	316
snapshot_11_18_2015_0_0.json	1447822800.0	180.75	800	302
snapshot_11_18_2015_12_0.json	1447866000.0	199.47	719	340
snapshot_11_18_2015_18_0.json	1447887600.0	192.45	617	342
snapshot_11_18_2015_6_0.json	1447844400.0	199.47	719	319
snapshot_11_19_2015_0_0.json	1447909200.0	180.75	1552.5	334
snapshot_11_19_2015_12_0.json	1447952400.0	186.6	828	353
snapshot_11_19_2015_6_0.json	1447930800.0	186.6	1552.5	333
snapshot_11_20_2015_0_0.json	1447995600.0	180.34	464	263
snapshot_11_20_2015_12_0.json	1448038800.0	187.36	464	240
snapshot_11_21_2015_12_0.json	1448125200.0	125.35	394	323
snapshot_11_21_2015_18_0.json	1448146800.0	130.03	310.5	286
snapshot_11_22_2015_0_0.json	1448168400.0	118.33	310.5	318
snapshot_11_22_2015_12_0.json	1448211600.0	100.78	310.5	338
snapshot_11_22_2015_18_0.json	1448233200.0	62.17	310.5	173
snapshot_11_22_2015_6_0.json	1448190000.0	107.8	310.5	352
snapshot_11_23_2015_0_0.json	1448254800.0	0	0	0
snapshot_11_23_2015_0_0.json	1448254800.0	0	0	0
snapshot_11_23_2015_12_0.json	1448298000.0	0	0	0
snapshot_11_23_2015_18_0.json	1448319600.0	0	0	0
snapshot_11_24_2015_0_0.json	1448341200.0	0	0	0
snapshot_11_24_2015_12_0.json	1448384400.0	0	0	0
9222692	2015-11-22T20:00:00Z	Ford EcoBoost 400	Homestead-Miami Speedway	Florida Miami / S. Florida|669	33035
snapshot_11_16_2015_0_0.json	1447650000.0	188.53	1295	339
snapshot_11_17_2015_0_0.json	1447736400.0	201.4	1295	357
snapshot_11_17_2015_12_0.json	1447779600.0	189.7	1295	303
snapshot_11_17_2015_18_0.json	1447801200.0	213.08	800	307
snapshot_11_17_2015_6_0.json	1447758000.0	189.7	1295	316
snapshot_11_17_2015_6_0.json	1447758000.0	189.7	1295	316
snapshot_11_18_2015_0_0.json	1447822800.0	180.75	800	302
snapshot_11_18_2015_12_0.json	1447866000.0	199.47	719	340
snapshot_11_18_2015_18_0.json	1447887600.0	192.45	617	342
snapshot_11_18_2015_6_0.json	1447844400.0	199.47	719	319
snapshot_11_19_2015_0_0.json	1447909200.0	180.75	1552.5	334
snapshot_11_19_2015_12_0.json	1447952400.0	186.6	828	353
snapshot_11_19_2015_6_0.json	1447930800.0	186.6	1552.5	333
snapshot_11_20_2015_0_0.json	1447995600.0	180.34	464	263
snapshot_11_20_2015_12_0.json	1448038800.0	187.36	464	240
snapshot_11_21_2015_12_0.json	1448125200.0	125.35	394	323
snapshot_11_21_2015_18_0.json	1448146800.0	130.03	310.5	286
snapshot_11_22_2015_0_0.json	1448168400.0	118.33	310.5	318
snapshot_11_22_2015_12_0.json	1448211600.0	100.78	310.5	338
snapshot_11_22_2015_18_0.json	1448233200.0	62.17	310.5	173
snapshot_11_22_2015_6_0.json	1448190000.0	107.8	310.5	352
snapshot_11_23_2015_0_0.json	1448254800.0	0	0	0
snapshot_11_23_2015_0_0.json	1448254800.0	0	0	0
snapshot_11_23_2015_12_0.json	1448298000.0	0	0	0
snapshot_11_23_2015_18_0.json	1448319600.0	0	0	0
snapshot_11_24_2015_0_0.json	1448341200.0	0	0	0
snapshot_11_24_2015_12_0.json	1448384400.0	0	0	0
9222692	2015-11-22T20:00:00Z	Ford EcoBoost 400	Homestead-Miami Speedway	Florida Miami / S. Florida|669	33035
snapshot_11_16_2015_0_0.json	1447650000.0	188.53	1295	339
snapshot_11_17_2015_0_0.json	1447736400.0	201.4	1295	357
snapshot_11_17_2015_12_0.json	1447779600.0	189.7	1295	303
snapshot_11_17_2015_18_0.json	1447801200.0	213.08	800	307
snapshot_11_17_2015_6_0.json	1447758000.0	189.7	1295	316
snapshot_11_17_2015_6_0.json	1447758000.0	189.7	1295	316
snapshot_11_18_2015_0_0.json	1447822800.0	180.75	800	302
snapshot_11_18_2015_12_0.json	1447866000.0	199.47	719	340
snapshot_11_18_2015_18_0.json	1447887600.0	192.45	617	342
snapshot_11_18_2015_6_0.json	1447844400.0	199.47	719	319
snapshot_11_19_2015_0_0.json	1447909200.0	180.75	1552.5	334
snapshot_11_19_2015_12_0.json	1447952400.0	186.6	828	353
snapshot_11_19_2015_6_0.json	1447930800.0	186.6	1552.5	333
snapshot_11_20_2015_0_0.json	1447995600.0	180.34	464	263
snapshot_11_20_2015_12_0.json	1448038800.0	187.36	464	240
snapshot_11_21_2015_12_0.json	1448125200.0	125.35	394	323
snapshot_11_21_2015_18_0.json	1448146800.0	130.03	310.5	286
snapshot_11_22_2015_0_0.json	1448168400.0	118.33	310.5	318
snapshot_11_22_2015_12_0.json	1448211600.0	100.78	310.5	338
snapshot_11_22_2015_18_0.json	1448233200.0	62.17	310.5	173
snapshot_11_22_2015_6_0.json	1448190000.0	107.8	310.5	352
snapshot_11_23_2015_0_0.json	1448254800.0	0	0	0
snapshot_11_23_2015_0_0.json	1448254800.0	0	0	0
snapshot_11_23_2015_12_0.json	1448298000.0	0	0	0
snapshot_11_23_2015_18_0.json	1448319600.0	0	0	0
snapshot_11_24_2015_0_0.json	1448341200.0	0	0	0
snapshot_11_24_2015_12_0.json	1448384400.0	0	0	0
