9222708	2015-11-22T20:00:00Z	The Phantom of the opera	Sarofim Hall at The Hobby Center	Texas Houston|694	77002
snapshot_11_16_2015_0_0.json	1447650000.0	268.5	475	20
snapshot_11_17_2015_12_0.json	1447779600.0	253.29	475	18
snapshot_11_17_2015_18_0.json	1447801200.0	232.23	475	29
snapshot_11_18_2015_0_0.json	1447822800.0	222.87	575	47
snapshot_11_18_2015_12_0.json	1447866000.0	217.02	575	49
snapshot_11_18_2015_12_0.json	1447866000.0	217.02	575	49
snapshot_11_18_2015_18_0.json	1447887600.0	210	575	45
snapshot_11_19_2015_0_0.json	1447909200.0	271.95	294	25
snapshot_11_19_2015_12_0.json	1447952400.0	271.95	275	21
snapshot_11_19_2015_6_0.json	1447930800.0	271.95	275	21
snapshot_11_20_2015_12_0.json	1448038800.0	197.89	275	24
snapshot_11_21_2015_12_0.json	1448125200.0	191.69	245	20
snapshot_11_21_2015_18_0.json	1448146800.0	191.69	245	14
snapshot_11_22_2015_18_0.json	1448233200.0	203.16	210.7	6
snapshot_11_22_2015_6_0.json	1448190000.0	236.5	230.3	8
snapshot_11_23_2015_0_0.json	1448254800.0	0	0	0
snapshot_11_23_2015_12_0.json	1448298000.0	0	0	0
snapshot_11_23_2015_18_0.json	1448319600.0	0	0	0
snapshot_11_24_2015_0_0.json	1448341200.0	0	0	0
snapshot_11_24_2015_12_0.json	1448384400.0	0	0	0
9222708	2015-11-22T20:00:00Z	The Phantom of the opera	Sarofim Hall at The Hobby Center	Texas Houston|694	77002
snapshot_11_16_2015_0_0.json	1447650000.0	268.5	475	20
snapshot_11_17_2015_12_0.json	1447779600.0	253.29	475	18
snapshot_11_17_2015_18_0.json	1447801200.0	232.23	475	29
snapshot_11_18_2015_0_0.json	1447822800.0	222.87	575	47
snapshot_11_18_2015_12_0.json	1447866000.0	217.02	575	49
snapshot_11_18_2015_12_0.json	1447866000.0	217.02	575	49
snapshot_11_18_2015_18_0.json	1447887600.0	210	575	45
snapshot_11_19_2015_0_0.json	1447909200.0	271.95	294	25
snapshot_11_19_2015_12_0.json	1447952400.0	271.95	275	21
snapshot_11_19_2015_6_0.json	1447930800.0	271.95	275	21
snapshot_11_20_2015_12_0.json	1448038800.0	197.89	275	24
snapshot_11_21_2015_12_0.json	1448125200.0	191.69	245	20
snapshot_11_21_2015_18_0.json	1448146800.0	191.69	245	14
snapshot_11_22_2015_18_0.json	1448233200.0	203.16	210.7	6
snapshot_11_22_2015_6_0.json	1448190000.0	236.5	230.3	8
snapshot_11_23_2015_0_0.json	1448254800.0	0	0	0
snapshot_11_23_2015_12_0.json	1448298000.0	0	0	0
snapshot_11_23_2015_18_0.json	1448319600.0	0	0	0
snapshot_11_24_2015_0_0.json	1448341200.0	0	0	0
snapshot_11_24_2015_12_0.json	1448384400.0	0	0	0
9222708	2015-11-22T20:00:00Z	The Phantom of the opera	Sarofim Hall at The Hobby Center	Texas Houston|694	77002
snapshot_11_16_2015_0_0.json	1447650000.0	268.5	475	20
snapshot_11_17_2015_12_0.json	1447779600.0	253.29	475	18
snapshot_11_17_2015_18_0.json	1447801200.0	232.23	475	29
snapshot_11_18_2015_0_0.json	1447822800.0	222.87	575	47
snapshot_11_18_2015_12_0.json	1447866000.0	217.02	575	49
snapshot_11_18_2015_12_0.json	1447866000.0	217.02	575	49
snapshot_11_18_2015_18_0.json	1447887600.0	210	575	45
snapshot_11_19_2015_0_0.json	1447909200.0	271.95	294	25
snapshot_11_19_2015_12_0.json	1447952400.0	271.95	275	21
snapshot_11_19_2015_6_0.json	1447930800.0	271.95	275	21
snapshot_11_20_2015_12_0.json	1448038800.0	197.89	275	24
snapshot_11_21_2015_12_0.json	1448125200.0	191.69	245	20
snapshot_11_21_2015_18_0.json	1448146800.0	191.69	245	14
snapshot_11_22_2015_18_0.json	1448233200.0	203.16	210.7	6
snapshot_11_22_2015_6_0.json	1448190000.0	236.5	230.3	8
snapshot_11_23_2015_0_0.json	1448254800.0	0	0	0
snapshot_11_23_2015_12_0.json	1448298000.0	0	0	0
snapshot_11_23_2015_18_0.json	1448319600.0	0	0	0
snapshot_11_24_2015_0_0.json	1448341200.0	0	0	0
snapshot_11_24_2015_12_0.json	1448384400.0	0	0	0
9222708	2015-11-22T20:00:00Z	The Phantom of the opera	Sarofim Hall at The Hobby Center	Texas Houston|694	77002
snapshot_11_16_2015_0_0.json	1447650000.0	268.5	475	20
snapshot_11_17_2015_12_0.json	1447779600.0	253.29	475	18
snapshot_11_17_2015_18_0.json	1447801200.0	232.23	475	29
snapshot_11_18_2015_0_0.json	1447822800.0	222.87	575	47
snapshot_11_18_2015_12_0.json	1447866000.0	217.02	575	49
snapshot_11_18_2015_12_0.json	1447866000.0	217.02	575	49
snapshot_11_18_2015_18_0.json	1447887600.0	210	575	45
snapshot_11_19_2015_0_0.json	1447909200.0	271.95	294	25
snapshot_11_19_2015_12_0.json	1447952400.0	271.95	275	21
snapshot_11_19_2015_6_0.json	1447930800.0	271.95	275	21
snapshot_11_20_2015_12_0.json	1448038800.0	197.89	275	24
snapshot_11_21_2015_12_0.json	1448125200.0	191.69	245	20
snapshot_11_21_2015_18_0.json	1448146800.0	191.69	245	14
snapshot_11_22_2015_18_0.json	1448233200.0	203.16	210.7	6
snapshot_11_22_2015_6_0.json	1448190000.0	236.5	230.3	8
snapshot_11_23_2015_0_0.json	1448254800.0	0	0	0
snapshot_11_23_2015_12_0.json	1448298000.0	0	0	0
snapshot_11_23_2015_18_0.json	1448319600.0	0	0	0
snapshot_11_24_2015_0_0.json	1448341200.0	0	0	0
snapshot_11_24_2015_12_0.json	1448384400.0	0	0	0
