9222691	2015-11-21T19:45:00Z	Ford Ecoboost 300 XFINITY	Homestead-Miami Speedway	Florida Miami / S. Florida|669	33035
snapshot_11_16_2015_0_0.json	1447650000.0	22.8	150	157
snapshot_11_17_2015_12_0.json	1447779600.0	38.01	1000	141
snapshot_11_17_2015_12_0.json	1447779600.0	38.01	1000	135
snapshot_11_17_2015_18_0.json	1447801200.0	30.99	130	133
snapshot_11_18_2015_0_0.json	1447822800.0	40.35	125.01	126
snapshot_11_18_2015_12_0.json	1447866000.0	49.71	125.01	122
snapshot_11_18_2015_12_0.json	1447866000.0	49.71	125.01	122
snapshot_11_18_2015_18_0.json	1447887600.0	49.71	106	129
snapshot_11_18_2015_6_0.json	1447844400.0	49.71	125.01	122
snapshot_11_18_2015_6_0.json	1447844400.0	49.71	125.01	122
snapshot_11_19_2015_0_0.json	1447909200.0	63.05	100	34
snapshot_11_19_2015_12_0.json	1447952400.0	62.58	100	27
snapshot_11_19_2015_6_0.json	1447930800.0	62.58	100	27
snapshot_11_20_2015_0_0.json	1447995600.0	43.45	100	12
snapshot_11_21_2015_12_0.json	1448125200.0	43.45	100	7
snapshot_11_21_2015_18_0.json	1448146800.0	119.5	100	2
snapshot_11_21_2015_18_0.json	1448146800.0	119.5	100	2
snapshot_11_22_2015_18_0.json	1448233200.0	0	0	0
snapshot_11_22_2015_6_0.json	1448190000.0	0	0	0
snapshot_11_23_2015_0_0.json	1448254800.0	0	0	0
snapshot_11_23_2015_12_0.json	1448298000.0	0	0	0
snapshot_11_23_2015_6_0.json	1448276400.0	0	0	0
snapshot_11_23_2015_6_0.json	1448276400.0	0	0	0
snapshot_12_4_2015_12_0.json	1449248400.0	0	0	0
snapshot_12_4_2015_6_0.json	1449226800.0	0	0	0
9222691	2015-11-21T19:45:00Z	Ford Ecoboost 300 XFINITY	Homestead-Miami Speedway	Florida Miami / S. Florida|669	33035
snapshot_11_16_2015_0_0.json	1447650000.0	22.8	150	157
snapshot_11_17_2015_12_0.json	1447779600.0	38.01	1000	141
snapshot_11_17_2015_12_0.json	1447779600.0	38.01	1000	135
snapshot_11_17_2015_18_0.json	1447801200.0	30.99	130	133
snapshot_11_18_2015_0_0.json	1447822800.0	40.35	125.01	126
snapshot_11_18_2015_12_0.json	1447866000.0	49.71	125.01	122
snapshot_11_18_2015_12_0.json	1447866000.0	49.71	125.01	122
snapshot_11_18_2015_18_0.json	1447887600.0	49.71	106	129
snapshot_11_18_2015_6_0.json	1447844400.0	49.71	125.01	122
snapshot_11_18_2015_6_0.json	1447844400.0	49.71	125.01	122
snapshot_11_19_2015_0_0.json	1447909200.0	63.05	100	34
snapshot_11_19_2015_12_0.json	1447952400.0	62.58	100	27
snapshot_11_19_2015_6_0.json	1447930800.0	62.58	100	27
snapshot_11_20_2015_0_0.json	1447995600.0	43.45	100	12
snapshot_11_21_2015_12_0.json	1448125200.0	43.45	100	7
snapshot_11_21_2015_18_0.json	1448146800.0	119.5	100	2
snapshot_11_21_2015_18_0.json	1448146800.0	119.5	100	2
snapshot_11_22_2015_18_0.json	1448233200.0	0	0	0
snapshot_11_22_2015_6_0.json	1448190000.0	0	0	0
snapshot_11_23_2015_0_0.json	1448254800.0	0	0	0
snapshot_11_23_2015_12_0.json	1448298000.0	0	0	0
snapshot_11_23_2015_6_0.json	1448276400.0	0	0	0
snapshot_11_23_2015_6_0.json	1448276400.0	0	0	0
snapshot_12_4_2015_12_0.json	1449248400.0	0	0	0
snapshot_12_4_2015_6_0.json	1449226800.0	0	0	0
9222691	2015-11-21T19:45:00Z	Ford Ecoboost 300 XFINITY	Homestead-Miami Speedway	Florida Miami / S. Florida|669	33035
snapshot_11_16_2015_0_0.json	1447650000.0	22.8	150	157
snapshot_11_17_2015_12_0.json	1447779600.0	38.01	1000	141
snapshot_11_17_2015_12_0.json	1447779600.0	38.01	1000	135
snapshot_11_17_2015_18_0.json	1447801200.0	30.99	130	133
snapshot_11_18_2015_0_0.json	1447822800.0	40.35	125.01	126
snapshot_11_18_2015_12_0.json	1447866000.0	49.71	125.01	122
snapshot_11_18_2015_12_0.json	1447866000.0	49.71	125.01	122
snapshot_11_18_2015_18_0.json	1447887600.0	49.71	106	129
snapshot_11_18_2015_6_0.json	1447844400.0	49.71	125.01	122
snapshot_11_18_2015_6_0.json	1447844400.0	49.71	125.01	122
snapshot_11_19_2015_0_0.json	1447909200.0	63.05	100	34
snapshot_11_19_2015_12_0.json	1447952400.0	62.58	100	27
snapshot_11_19_2015_6_0.json	1447930800.0	62.58	100	27
snapshot_11_20_2015_0_0.json	1447995600.0	43.45	100	12
snapshot_11_21_2015_12_0.json	1448125200.0	43.45	100	7
snapshot_11_21_2015_18_0.json	1448146800.0	119.5	100	2
snapshot_11_21_2015_18_0.json	1448146800.0	119.5	100	2
snapshot_11_22_2015_18_0.json	1448233200.0	0	0	0
snapshot_11_22_2015_6_0.json	1448190000.0	0	0	0
snapshot_11_23_2015_0_0.json	1448254800.0	0	0	0
snapshot_11_23_2015_12_0.json	1448298000.0	0	0	0
snapshot_11_23_2015_6_0.json	1448276400.0	0	0	0
snapshot_11_23_2015_6_0.json	1448276400.0	0	0	0
snapshot_12_4_2015_12_0.json	1449248400.0	0	0	0
snapshot_12_4_2015_6_0.json	1449226800.0	0	0	0
9222691	2015-11-21T19:45:00Z	Ford Ecoboost 300 XFINITY	Homestead-Miami Speedway	Florida Miami / S. Florida|669	33035
snapshot_11_16_2015_0_0.json	1447650000.0	22.8	150	157
snapshot_11_17_2015_12_0.json	1447779600.0	38.01	1000	141
snapshot_11_17_2015_12_0.json	1447779600.0	38.01	1000	135
snapshot_11_17_2015_18_0.json	1447801200.0	30.99	130	133
snapshot_11_18_2015_0_0.json	1447822800.0	40.35	125.01	126
snapshot_11_18_2015_12_0.json	1447866000.0	49.71	125.01	122
snapshot_11_18_2015_12_0.json	1447866000.0	49.71	125.01	122
snapshot_11_18_2015_18_0.json	1447887600.0	49.71	106	129
snapshot_11_18_2015_6_0.json	1447844400.0	49.71	125.01	122
snapshot_11_18_2015_6_0.json	1447844400.0	49.71	125.01	122
snapshot_11_19_2015_0_0.json	1447909200.0	63.05	100	34
snapshot_11_19_2015_12_0.json	1447952400.0	62.58	100	27
snapshot_11_19_2015_6_0.json	1447930800.0	62.58	100	27
snapshot_11_20_2015_0_0.json	1447995600.0	43.45	100	12
snapshot_11_21_2015_12_0.json	1448125200.0	43.45	100	7
snapshot_11_21_2015_18_0.json	1448146800.0	119.5	100	2
snapshot_11_21_2015_18_0.json	1448146800.0	119.5	100	2
snapshot_11_22_2015_18_0.json	1448233200.0	0	0	0
snapshot_11_22_2015_6_0.json	1448190000.0	0	0	0
snapshot_11_23_2015_0_0.json	1448254800.0	0	0	0
snapshot_11_23_2015_12_0.json	1448298000.0	0	0	0
snapshot_11_23_2015_6_0.json	1448276400.0	0	0	0
snapshot_11_23_2015_6_0.json	1448276400.0	0	0	0
snapshot_12_4_2015_12_0.json	1449248400.0	0	0	0
snapshot_12_4_2015_6_0.json	1449226800.0	0	0	0
