9222716	2015-11-29T20:00:00Z	The Phantom of the opera	Sarofim Hall at The Hobby Center	Texas Houston|694	77002
snapshot_11_16_2015_0_0.json	1447650000.0	116.4	475	196
snapshot_11_17_2015_0_0.json	1447736400.0	105.46	475	198
snapshot_11_17_2015_12_0.json	1447779600.0	116.4	475	194
snapshot_11_17_2015_12_0.json	1447779600.0	116.4	475	194
snapshot_11_17_2015_18_0.json	1447801200.0	116.4	475	192
snapshot_11_17_2015_18_0.json	1447801200.0	116.4	475	192
snapshot_11_17_2015_18_0.json	1447801200.0	116.4	475	192
snapshot_11_18_2015_0_0.json	1447822800.0	116.4	575	182
snapshot_11_18_2015_12_0.json	1447866000.0	116.4	575	180
snapshot_11_18_2015_18_0.json	1447887600.0	116.4	575	176
snapshot_11_19_2015_0_0.json	1447909200.0	116.4	575	170
snapshot_11_19_2015_6_0.json	1447930800.0	116.4	575	162
snapshot_11_21_2015_12_0.json	1448125200.0	132.15	575	113
snapshot_11_21_2015_18_0.json	1448146800.0	132.15	575	113
snapshot_11_22_2015_0_0.json	1448168400.0	130.03	575	109
snapshot_11_22_2015_12_0.json	1448211600.0	130.03	575	99
snapshot_11_22_2015_12_0.json	1448211600.0	130.03	575	99
snapshot_11_22_2015_18_0.json	1448233200.0	130.03	575	97
snapshot_11_22_2015_6_0.json	1448190000.0	130.03	575	101
snapshot_11_22_2015_6_0.json	1448190000.0	130.03	575	101
snapshot_11_23_2015_0_0.json	1448254800.0	130.03	575	90
snapshot_11_23_2015_18_0.json	1448319600.0	137.05	575	90
snapshot_11_24_2015_0_0.json	1448341200.0	137.05	306	76
snapshot_11_24_2015_12_0.json	1448384400.0	148.75	306	63
snapshot_11_24_2015_12_0.json	1448384400.0	148.75	306	63
snapshot_11_24_2015_12_0.json	1448384400.0	148.75	306	63
snapshot_11_24_2015_18_0.json	1448406000.0	170.22	306	60
snapshot_11_25_2015_0_0.json	1448427600.0	148.75	306	62
snapshot_11_25_2015_12_0.json	1448470800.0	139.8	306	60
snapshot_11_25_2015_18_0.json	1448492400.0	119.5	306	46
snapshot_11_25_2015_6_0.json	1448449200.0	148.75	306	60
snapshot_11_26_2015_0_0.json	1448514000.0	119.5	306	34
snapshot_11_27_2015_18_0.json	1448665200.0	148.75	306	28
snapshot_11_28_2015_0_0.json	1448686800.0	137.05	306	28
snapshot_11_28_2015_12_0.json	1448730000.0	137.05	306	28
snapshot_11_28_2015_18_0.json	1448751600.0	137.05	259.7	18
snapshot_11_28_2015_18_0.json	1448751600.0	137.05	259.7	18
snapshot_11_29_2015_0_0.json	1448773200.0	90.25	259.7	19
snapshot_11_29_2015_0_0.json	1448773200.0	90.25	259.7	19
snapshot_11_29_2015_18_0.json	1448838000.0	78.55	240.1	10
snapshot_11_30_2015_12_0.json	1448902800.0	0	0	0
snapshot_11_30_2015_18_0.json	1448924400.0	0	0	0
snapshot_11_30_2015_6_0.json	1448881200.0	0	0	0
snapshot_12_1_2015_0_0.json	1448946000.0	0	0	0
snapshot_12_1_2015_0_0.json	1448946000.0	0	0	0
snapshot_12_1_2015_12_0.json	1448989200.0	0	0	0
snapshot_12_1_2015_6_0.json	1448967600.0	0	0	0
snapshot_12_1_2015_6_0.json	1448967600.0	0	0	0
9222716	2015-11-29T20:00:00Z	The Phantom of the opera	Sarofim Hall at The Hobby Center	Texas Houston|694	77002
snapshot_11_16_2015_0_0.json	1447650000.0	116.4	475	196
snapshot_11_17_2015_0_0.json	1447736400.0	105.46	475	198
snapshot_11_17_2015_12_0.json	1447779600.0	116.4	475	194
snapshot_11_17_2015_12_0.json	1447779600.0	116.4	475	194
snapshot_11_17_2015_18_0.json	1447801200.0	116.4	475	192
snapshot_11_17_2015_18_0.json	1447801200.0	116.4	475	192
snapshot_11_17_2015_18_0.json	1447801200.0	116.4	475	192
snapshot_11_18_2015_0_0.json	1447822800.0	116.4	575	182
snapshot_11_18_2015_12_0.json	1447866000.0	116.4	575	180
snapshot_11_18_2015_18_0.json	1447887600.0	116.4	575	176
snapshot_11_19_2015_0_0.json	1447909200.0	116.4	575	170
snapshot_11_19_2015_6_0.json	1447930800.0	116.4	575	162
snapshot_11_21_2015_12_0.json	1448125200.0	132.15	575	113
snapshot_11_21_2015_18_0.json	1448146800.0	132.15	575	113
snapshot_11_22_2015_0_0.json	1448168400.0	130.03	575	109
snapshot_11_22_2015_12_0.json	1448211600.0	130.03	575	99
snapshot_11_22_2015_12_0.json	1448211600.0	130.03	575	99
snapshot_11_22_2015_18_0.json	1448233200.0	130.03	575	97
snapshot_11_22_2015_6_0.json	1448190000.0	130.03	575	101
snapshot_11_22_2015_6_0.json	1448190000.0	130.03	575	101
snapshot_11_23_2015_0_0.json	1448254800.0	130.03	575	90
snapshot_11_23_2015_18_0.json	1448319600.0	137.05	575	90
snapshot_11_24_2015_0_0.json	1448341200.0	137.05	306	76
snapshot_11_24_2015_12_0.json	1448384400.0	148.75	306	63
snapshot_11_24_2015_12_0.json	1448384400.0	148.75	306	63
snapshot_11_24_2015_12_0.json	1448384400.0	148.75	306	63
snapshot_11_24_2015_18_0.json	1448406000.0	170.22	306	60
snapshot_11_25_2015_0_0.json	1448427600.0	148.75	306	62
snapshot_11_25_2015_12_0.json	1448470800.0	139.8	306	60
snapshot_11_25_2015_18_0.json	1448492400.0	119.5	306	46
snapshot_11_25_2015_6_0.json	1448449200.0	148.75	306	60
snapshot_11_26_2015_0_0.json	1448514000.0	119.5	306	34
snapshot_11_27_2015_18_0.json	1448665200.0	148.75	306	28
snapshot_11_28_2015_0_0.json	1448686800.0	137.05	306	28
snapshot_11_28_2015_12_0.json	1448730000.0	137.05	306	28
snapshot_11_28_2015_18_0.json	1448751600.0	137.05	259.7	18
snapshot_11_28_2015_18_0.json	1448751600.0	137.05	259.7	18
snapshot_11_29_2015_0_0.json	1448773200.0	90.25	259.7	19
snapshot_11_29_2015_0_0.json	1448773200.0	90.25	259.7	19
snapshot_11_29_2015_18_0.json	1448838000.0	78.55	240.1	10
snapshot_11_30_2015_12_0.json	1448902800.0	0	0	0
snapshot_11_30_2015_18_0.json	1448924400.0	0	0	0
snapshot_11_30_2015_6_0.json	1448881200.0	0	0	0
snapshot_12_1_2015_0_0.json	1448946000.0	0	0	0
snapshot_12_1_2015_0_0.json	1448946000.0	0	0	0
snapshot_12_1_2015_12_0.json	1448989200.0	0	0	0
snapshot_12_1_2015_6_0.json	1448967600.0	0	0	0
snapshot_12_1_2015_6_0.json	1448967600.0	0	0	0
9222716	2015-11-29T20:00:00Z	The Phantom of the opera	Sarofim Hall at The Hobby Center	Texas Houston|694	77002
snapshot_11_16_2015_0_0.json	1447650000.0	116.4	475	196
snapshot_11_17_2015_0_0.json	1447736400.0	105.46	475	198
snapshot_11_17_2015_12_0.json	1447779600.0	116.4	475	194
snapshot_11_17_2015_12_0.json	1447779600.0	116.4	475	194
snapshot_11_17_2015_18_0.json	1447801200.0	116.4	475	192
snapshot_11_17_2015_18_0.json	1447801200.0	116.4	475	192
snapshot_11_17_2015_18_0.json	1447801200.0	116.4	475	192
snapshot_11_18_2015_0_0.json	1447822800.0	116.4	575	182
snapshot_11_18_2015_12_0.json	1447866000.0	116.4	575	180
snapshot_11_18_2015_18_0.json	1447887600.0	116.4	575	176
snapshot_11_19_2015_0_0.json	1447909200.0	116.4	575	170
snapshot_11_19_2015_6_0.json	1447930800.0	116.4	575	162
snapshot_11_21_2015_12_0.json	1448125200.0	132.15	575	113
snapshot_11_21_2015_18_0.json	1448146800.0	132.15	575	113
snapshot_11_22_2015_0_0.json	1448168400.0	130.03	575	109
snapshot_11_22_2015_12_0.json	1448211600.0	130.03	575	99
snapshot_11_22_2015_12_0.json	1448211600.0	130.03	575	99
snapshot_11_22_2015_18_0.json	1448233200.0	130.03	575	97
snapshot_11_22_2015_6_0.json	1448190000.0	130.03	575	101
snapshot_11_22_2015_6_0.json	1448190000.0	130.03	575	101
snapshot_11_23_2015_0_0.json	1448254800.0	130.03	575	90
snapshot_11_23_2015_18_0.json	1448319600.0	137.05	575	90
snapshot_11_24_2015_0_0.json	1448341200.0	137.05	306	76
snapshot_11_24_2015_12_0.json	1448384400.0	148.75	306	63
snapshot_11_24_2015_12_0.json	1448384400.0	148.75	306	63
snapshot_11_24_2015_12_0.json	1448384400.0	148.75	306	63
snapshot_11_24_2015_18_0.json	1448406000.0	170.22	306	60
snapshot_11_25_2015_0_0.json	1448427600.0	148.75	306	62
snapshot_11_25_2015_12_0.json	1448470800.0	139.8	306	60
snapshot_11_25_2015_18_0.json	1448492400.0	119.5	306	46
snapshot_11_25_2015_6_0.json	1448449200.0	148.75	306	60
snapshot_11_26_2015_0_0.json	1448514000.0	119.5	306	34
snapshot_11_27_2015_18_0.json	1448665200.0	148.75	306	28
snapshot_11_28_2015_0_0.json	1448686800.0	137.05	306	28
snapshot_11_28_2015_12_0.json	1448730000.0	137.05	306	28
snapshot_11_28_2015_18_0.json	1448751600.0	137.05	259.7	18
snapshot_11_28_2015_18_0.json	1448751600.0	137.05	259.7	18
snapshot_11_29_2015_0_0.json	1448773200.0	90.25	259.7	19
snapshot_11_29_2015_0_0.json	1448773200.0	90.25	259.7	19
snapshot_11_29_2015_18_0.json	1448838000.0	78.55	240.1	10
snapshot_11_30_2015_12_0.json	1448902800.0	0	0	0
snapshot_11_30_2015_18_0.json	1448924400.0	0	0	0
snapshot_11_30_2015_6_0.json	1448881200.0	0	0	0
snapshot_12_1_2015_0_0.json	1448946000.0	0	0	0
snapshot_12_1_2015_0_0.json	1448946000.0	0	0	0
snapshot_12_1_2015_12_0.json	1448989200.0	0	0	0
snapshot_12_1_2015_6_0.json	1448967600.0	0	0	0
snapshot_12_1_2015_6_0.json	1448967600.0	0	0	0
9222716	2015-11-29T20:00:00Z	The Phantom of the opera	Sarofim Hall at The Hobby Center	Texas Houston|694	77002
snapshot_11_16_2015_0_0.json	1447650000.0	116.4	475	196
snapshot_11_17_2015_0_0.json	1447736400.0	105.46	475	198
snapshot_11_17_2015_12_0.json	1447779600.0	116.4	475	194
snapshot_11_17_2015_12_0.json	1447779600.0	116.4	475	194
snapshot_11_17_2015_18_0.json	1447801200.0	116.4	475	192
snapshot_11_17_2015_18_0.json	1447801200.0	116.4	475	192
snapshot_11_17_2015_18_0.json	1447801200.0	116.4	475	192
snapshot_11_18_2015_0_0.json	1447822800.0	116.4	575	182
snapshot_11_18_2015_12_0.json	1447866000.0	116.4	575	180
snapshot_11_18_2015_18_0.json	1447887600.0	116.4	575	176
snapshot_11_19_2015_0_0.json	1447909200.0	116.4	575	170
snapshot_11_19_2015_6_0.json	1447930800.0	116.4	575	162
snapshot_11_21_2015_12_0.json	1448125200.0	132.15	575	113
snapshot_11_21_2015_18_0.json	1448146800.0	132.15	575	113
snapshot_11_22_2015_0_0.json	1448168400.0	130.03	575	109
snapshot_11_22_2015_12_0.json	1448211600.0	130.03	575	99
snapshot_11_22_2015_12_0.json	1448211600.0	130.03	575	99
snapshot_11_22_2015_18_0.json	1448233200.0	130.03	575	97
snapshot_11_22_2015_6_0.json	1448190000.0	130.03	575	101
snapshot_11_22_2015_6_0.json	1448190000.0	130.03	575	101
snapshot_11_23_2015_0_0.json	1448254800.0	130.03	575	90
snapshot_11_23_2015_18_0.json	1448319600.0	137.05	575	90
snapshot_11_24_2015_0_0.json	1448341200.0	137.05	306	76
snapshot_11_24_2015_12_0.json	1448384400.0	148.75	306	63
snapshot_11_24_2015_12_0.json	1448384400.0	148.75	306	63
snapshot_11_24_2015_12_0.json	1448384400.0	148.75	306	63
snapshot_11_24_2015_18_0.json	1448406000.0	170.22	306	60
snapshot_11_25_2015_0_0.json	1448427600.0	148.75	306	62
snapshot_11_25_2015_12_0.json	1448470800.0	139.8	306	60
snapshot_11_25_2015_18_0.json	1448492400.0	119.5	306	46
snapshot_11_25_2015_6_0.json	1448449200.0	148.75	306	60
snapshot_11_26_2015_0_0.json	1448514000.0	119.5	306	34
snapshot_11_27_2015_18_0.json	1448665200.0	148.75	306	28
snapshot_11_28_2015_0_0.json	1448686800.0	137.05	306	28
snapshot_11_28_2015_12_0.json	1448730000.0	137.05	306	28
snapshot_11_28_2015_18_0.json	1448751600.0	137.05	259.7	18
snapshot_11_28_2015_18_0.json	1448751600.0	137.05	259.7	18
snapshot_11_29_2015_0_0.json	1448773200.0	90.25	259.7	19
snapshot_11_29_2015_0_0.json	1448773200.0	90.25	259.7	19
snapshot_11_29_2015_18_0.json	1448838000.0	78.55	240.1	10
snapshot_11_30_2015_12_0.json	1448902800.0	0	0	0
snapshot_11_30_2015_18_0.json	1448924400.0	0	0	0
snapshot_11_30_2015_6_0.json	1448881200.0	0	0	0
snapshot_12_1_2015_0_0.json	1448946000.0	0	0	0
snapshot_12_1_2015_0_0.json	1448946000.0	0	0	0
snapshot_12_1_2015_12_0.json	1448989200.0	0	0	0
snapshot_12_1_2015_6_0.json	1448967600.0	0	0	0
snapshot_12_1_2015_6_0.json	1448967600.0	0	0	0
