9222817	2016-01-10T00:30:00Z	Monster Jam	Georgia Dome	Georgia Atlanta|670	30313
snapshot_11_17_2015_0_0.json	1447736400.0	39.94	113	2963
snapshot_11_17_2015_0_0.json	1447736400.0	39.94	113	2963
snapshot_11_18_2015_0_0.json	1447822800.0	39.94	113	2963
snapshot_11_18_2015_0_0.json	1447822800.0	39.94	113	2963
snapshot_11_18_2015_12_0.json	1447866000.0	39.94	113	2959
snapshot_11_18_2015_18_0.json	1447887600.0	39.94	113	2949
snapshot_11_18_2015_6_0.json	1447844400.0	39.94	113	2963
snapshot_11_19_2015_0_0.json	1447909200.0	39.94	113	2949
snapshot_11_19_2015_12_0.json	1447952400.0	39.94	113	2934
snapshot_11_19_2015_6_0.json	1447930800.0	39.94	113	2934
snapshot_11_20_2015_0_0.json	1447995600.0	39.94	113	2946
snapshot_11_21_2015_18_0.json	1448146800.0	39.94	113	2924
snapshot_11_21_2015_18_0.json	1448146800.0	39.94	113	2924
snapshot_11_22_2015_0_0.json	1448168400.0	39.94	113	2924
snapshot_11_22_2015_12_0.json	1448211600.0	39.94	113	2941
snapshot_11_22_2015_18_0.json	1448233200.0	39.94	113	2935
snapshot_11_22_2015_6_0.json	1448190000.0	39.94	113	2941
snapshot_11_23_2015_0_0.json	1448254800.0	39.94	113	2935
snapshot_11_23_2015_0_0.json	1448254800.0	39.94	113	2935
snapshot_11_23_2015_12_0.json	1448298000.0	39.94	113	2941
snapshot_11_23_2015_12_0.json	1448298000.0	39.94	113	2941
snapshot_11_23_2015_18_0.json	1448319600.0	39.94	113	2936
snapshot_11_23_2015_6_0.json	1448276400.0	39.94	113	2941
snapshot_11_24_2015_0_0.json	1448341200.0	39.94	113	2928
snapshot_11_24_2015_12_0.json	1448384400.0	39.94	113	2914
snapshot_11_24_2015_12_0.json	1448384400.0	39.94	113	2914
snapshot_11_24_2015_18_0.json	1448406000.0	39.94	119	2916
snapshot_11_24_2015_6_0.json	1448362800.0	39.94	113	2917
snapshot_11_25_2015_12_0.json	1448470800.0	39.94	119	2916
snapshot_11_25_2015_18_0.json	1448492400.0	39.94	119	2911
snapshot_11_26_2015_0_0.json	1448514000.0	39.94	119	2887
snapshot_11_27_2015_18_0.json	1448665200.0	39.94	119	2877
snapshot_11_28_2015_0_0.json	1448686800.0	39.94	119	2877
snapshot_11_28_2015_0_0.json	1448686800.0	39.94	119	2877
snapshot_11_28_2015_12_0.json	1448730000.0	39.94	119	2874
snapshot_11_28_2015_6_0.json	1448708400.0	39.94	119	2874
snapshot_11_29_2015_0_0.json	1448773200.0	38.71	119	2861
snapshot_11_29_2015_0_0.json	1448773200.0	38.71	119	2861
snapshot_11_29_2015_12_0.json	1448816400.0	38.71	119	2857
snapshot_11_29_2015_18_0.json	1448838000.0	38.71	119	2850
snapshot_11_29_2015_18_0.json	1448838000.0	38.71	119	2850
snapshot_11_29_2015_6_0.json	1448794800.0	38.71	119	2857
snapshot_11_30_2015_12_0.json	1448902800.0	38.71	119	2829
snapshot_11_30_2015_18_0.json	1448924400.0	38.71	119	2797
snapshot_11_30_2015_6_0.json	1448881200.0	38.71	119	2829
snapshot_12_1_2015_0_0.json	1448946000.0	38.71	119	2793
snapshot_12_1_2015_18_0.json	1449010800.0	38.71	119	2776
snapshot_12_2_2015_12_0.json	1449075600.0	38.71	250	2954
snapshot_12_2_2015_18_0.json	1449097200.0	38.71	250	2943
snapshot_12_3_2015_18_0.json	1449183600.0	38.71	250	3078
snapshot_12_3_2015_18_0.json	1449183600.0	38.71	250	3078
snapshot_12_3_2015_6_0.json	1449140400.0	38.71	250	2887
snapshot_12_4_2015_0_0.json	1449205200.0	38.71	250	3119
snapshot_12_4_2015_12_0.json	1449248400.0	38.71	250	3092
snapshot_12_4_2015_18_0.json	1449270000.0	35.73	250	3073
snapshot_12_4_2015_6_0.json	1449226800.0	38.71	250	3095
snapshot_12_5_2015_12_0.json	1449334800.0	38.71	250	3049
snapshot_12_5_2015_18_0.json	1449356400.0	38.71	250	3061
snapshot_12_5_2015_6_0.json	1449313200.0	38.71	250	3049
snapshot_12_5_2015_6_0.json	1449313200.0	38.71	250	3049
9222817	2016-01-10T00:30:00Z	Monster Jam	Georgia Dome	Georgia Atlanta|670	30313
snapshot_11_17_2015_0_0.json	1447736400.0	39.94	113	2963
snapshot_11_17_2015_0_0.json	1447736400.0	39.94	113	2963
snapshot_11_18_2015_0_0.json	1447822800.0	39.94	113	2963
snapshot_11_18_2015_0_0.json	1447822800.0	39.94	113	2963
snapshot_11_18_2015_12_0.json	1447866000.0	39.94	113	2959
snapshot_11_18_2015_18_0.json	1447887600.0	39.94	113	2949
snapshot_11_18_2015_6_0.json	1447844400.0	39.94	113	2963
snapshot_11_19_2015_0_0.json	1447909200.0	39.94	113	2949
snapshot_11_19_2015_12_0.json	1447952400.0	39.94	113	2934
snapshot_11_19_2015_6_0.json	1447930800.0	39.94	113	2934
snapshot_11_20_2015_0_0.json	1447995600.0	39.94	113	2946
snapshot_11_21_2015_18_0.json	1448146800.0	39.94	113	2924
snapshot_11_21_2015_18_0.json	1448146800.0	39.94	113	2924
snapshot_11_22_2015_0_0.json	1448168400.0	39.94	113	2924
snapshot_11_22_2015_12_0.json	1448211600.0	39.94	113	2941
snapshot_11_22_2015_18_0.json	1448233200.0	39.94	113	2935
snapshot_11_22_2015_6_0.json	1448190000.0	39.94	113	2941
snapshot_11_23_2015_0_0.json	1448254800.0	39.94	113	2935
snapshot_11_23_2015_0_0.json	1448254800.0	39.94	113	2935
snapshot_11_23_2015_12_0.json	1448298000.0	39.94	113	2941
snapshot_11_23_2015_12_0.json	1448298000.0	39.94	113	2941
snapshot_11_23_2015_18_0.json	1448319600.0	39.94	113	2936
snapshot_11_23_2015_6_0.json	1448276400.0	39.94	113	2941
snapshot_11_24_2015_0_0.json	1448341200.0	39.94	113	2928
snapshot_11_24_2015_12_0.json	1448384400.0	39.94	113	2914
snapshot_11_24_2015_12_0.json	1448384400.0	39.94	113	2914
snapshot_11_24_2015_18_0.json	1448406000.0	39.94	119	2916
snapshot_11_24_2015_6_0.json	1448362800.0	39.94	113	2917
snapshot_11_25_2015_12_0.json	1448470800.0	39.94	119	2916
snapshot_11_25_2015_18_0.json	1448492400.0	39.94	119	2911
snapshot_11_26_2015_0_0.json	1448514000.0	39.94	119	2887
snapshot_11_27_2015_18_0.json	1448665200.0	39.94	119	2877
snapshot_11_28_2015_0_0.json	1448686800.0	39.94	119	2877
snapshot_11_28_2015_0_0.json	1448686800.0	39.94	119	2877
snapshot_11_28_2015_12_0.json	1448730000.0	39.94	119	2874
snapshot_11_28_2015_6_0.json	1448708400.0	39.94	119	2874
snapshot_11_29_2015_0_0.json	1448773200.0	38.71	119	2861
snapshot_11_29_2015_0_0.json	1448773200.0	38.71	119	2861
snapshot_11_29_2015_12_0.json	1448816400.0	38.71	119	2857
snapshot_11_29_2015_18_0.json	1448838000.0	38.71	119	2850
snapshot_11_29_2015_18_0.json	1448838000.0	38.71	119	2850
snapshot_11_29_2015_6_0.json	1448794800.0	38.71	119	2857
snapshot_11_30_2015_12_0.json	1448902800.0	38.71	119	2829
snapshot_11_30_2015_18_0.json	1448924400.0	38.71	119	2797
snapshot_11_30_2015_6_0.json	1448881200.0	38.71	119	2829
snapshot_12_1_2015_0_0.json	1448946000.0	38.71	119	2793
snapshot_12_1_2015_18_0.json	1449010800.0	38.71	119	2776
snapshot_12_2_2015_12_0.json	1449075600.0	38.71	250	2954
snapshot_12_2_2015_18_0.json	1449097200.0	38.71	250	2943
snapshot_12_3_2015_18_0.json	1449183600.0	38.71	250	3078
snapshot_12_3_2015_18_0.json	1449183600.0	38.71	250	3078
snapshot_12_3_2015_6_0.json	1449140400.0	38.71	250	2887
snapshot_12_4_2015_0_0.json	1449205200.0	38.71	250	3119
snapshot_12_4_2015_12_0.json	1449248400.0	38.71	250	3092
snapshot_12_4_2015_18_0.json	1449270000.0	35.73	250	3073
snapshot_12_4_2015_6_0.json	1449226800.0	38.71	250	3095
snapshot_12_5_2015_12_0.json	1449334800.0	38.71	250	3049
snapshot_12_5_2015_18_0.json	1449356400.0	38.71	250	3061
snapshot_12_5_2015_6_0.json	1449313200.0	38.71	250	3049
snapshot_12_5_2015_6_0.json	1449313200.0	38.71	250	3049
9222817	2016-01-10T00:30:00Z	Monster Jam	Georgia Dome	Georgia Atlanta|670	30313
snapshot_11_17_2015_0_0.json	1447736400.0	39.94	113	2963
snapshot_11_17_2015_0_0.json	1447736400.0	39.94	113	2963
snapshot_11_18_2015_0_0.json	1447822800.0	39.94	113	2963
snapshot_11_18_2015_0_0.json	1447822800.0	39.94	113	2963
snapshot_11_18_2015_12_0.json	1447866000.0	39.94	113	2959
snapshot_11_18_2015_18_0.json	1447887600.0	39.94	113	2949
snapshot_11_18_2015_6_0.json	1447844400.0	39.94	113	2963
snapshot_11_19_2015_0_0.json	1447909200.0	39.94	113	2949
snapshot_11_19_2015_12_0.json	1447952400.0	39.94	113	2934
snapshot_11_19_2015_6_0.json	1447930800.0	39.94	113	2934
snapshot_11_20_2015_0_0.json	1447995600.0	39.94	113	2946
snapshot_11_21_2015_18_0.json	1448146800.0	39.94	113	2924
snapshot_11_21_2015_18_0.json	1448146800.0	39.94	113	2924
snapshot_11_22_2015_0_0.json	1448168400.0	39.94	113	2924
snapshot_11_22_2015_12_0.json	1448211600.0	39.94	113	2941
snapshot_11_22_2015_18_0.json	1448233200.0	39.94	113	2935
snapshot_11_22_2015_6_0.json	1448190000.0	39.94	113	2941
snapshot_11_23_2015_0_0.json	1448254800.0	39.94	113	2935
snapshot_11_23_2015_0_0.json	1448254800.0	39.94	113	2935
snapshot_11_23_2015_12_0.json	1448298000.0	39.94	113	2941
snapshot_11_23_2015_12_0.json	1448298000.0	39.94	113	2941
snapshot_11_23_2015_18_0.json	1448319600.0	39.94	113	2936
snapshot_11_23_2015_6_0.json	1448276400.0	39.94	113	2941
snapshot_11_24_2015_0_0.json	1448341200.0	39.94	113	2928
snapshot_11_24_2015_12_0.json	1448384400.0	39.94	113	2914
snapshot_11_24_2015_12_0.json	1448384400.0	39.94	113	2914
snapshot_11_24_2015_18_0.json	1448406000.0	39.94	119	2916
snapshot_11_24_2015_6_0.json	1448362800.0	39.94	113	2917
snapshot_11_25_2015_12_0.json	1448470800.0	39.94	119	2916
snapshot_11_25_2015_18_0.json	1448492400.0	39.94	119	2911
snapshot_11_26_2015_0_0.json	1448514000.0	39.94	119	2887
snapshot_11_27_2015_18_0.json	1448665200.0	39.94	119	2877
snapshot_11_28_2015_0_0.json	1448686800.0	39.94	119	2877
snapshot_11_28_2015_0_0.json	1448686800.0	39.94	119	2877
snapshot_11_28_2015_12_0.json	1448730000.0	39.94	119	2874
snapshot_11_28_2015_6_0.json	1448708400.0	39.94	119	2874
snapshot_11_29_2015_0_0.json	1448773200.0	38.71	119	2861
snapshot_11_29_2015_0_0.json	1448773200.0	38.71	119	2861
snapshot_11_29_2015_12_0.json	1448816400.0	38.71	119	2857
snapshot_11_29_2015_18_0.json	1448838000.0	38.71	119	2850
snapshot_11_29_2015_18_0.json	1448838000.0	38.71	119	2850
snapshot_11_29_2015_6_0.json	1448794800.0	38.71	119	2857
snapshot_11_30_2015_12_0.json	1448902800.0	38.71	119	2829
snapshot_11_30_2015_18_0.json	1448924400.0	38.71	119	2797
snapshot_11_30_2015_6_0.json	1448881200.0	38.71	119	2829
snapshot_12_1_2015_0_0.json	1448946000.0	38.71	119	2793
snapshot_12_1_2015_18_0.json	1449010800.0	38.71	119	2776
snapshot_12_2_2015_12_0.json	1449075600.0	38.71	250	2954
snapshot_12_2_2015_18_0.json	1449097200.0	38.71	250	2943
snapshot_12_3_2015_18_0.json	1449183600.0	38.71	250	3078
snapshot_12_3_2015_18_0.json	1449183600.0	38.71	250	3078
snapshot_12_3_2015_6_0.json	1449140400.0	38.71	250	2887
snapshot_12_4_2015_0_0.json	1449205200.0	38.71	250	3119
snapshot_12_4_2015_12_0.json	1449248400.0	38.71	250	3092
snapshot_12_4_2015_18_0.json	1449270000.0	35.73	250	3073
snapshot_12_4_2015_6_0.json	1449226800.0	38.71	250	3095
snapshot_12_5_2015_12_0.json	1449334800.0	38.71	250	3049
snapshot_12_5_2015_18_0.json	1449356400.0	38.71	250	3061
snapshot_12_5_2015_6_0.json	1449313200.0	38.71	250	3049
snapshot_12_5_2015_6_0.json	1449313200.0	38.71	250	3049
9222817	2016-01-10T00:30:00Z	Monster Jam	Georgia Dome	Georgia Atlanta|670	30313
snapshot_11_17_2015_0_0.json	1447736400.0	39.94	113	2963
snapshot_11_17_2015_0_0.json	1447736400.0	39.94	113	2963
snapshot_11_18_2015_0_0.json	1447822800.0	39.94	113	2963
snapshot_11_18_2015_0_0.json	1447822800.0	39.94	113	2963
snapshot_11_18_2015_12_0.json	1447866000.0	39.94	113	2959
snapshot_11_18_2015_18_0.json	1447887600.0	39.94	113	2949
snapshot_11_18_2015_6_0.json	1447844400.0	39.94	113	2963
snapshot_11_19_2015_0_0.json	1447909200.0	39.94	113	2949
snapshot_11_19_2015_12_0.json	1447952400.0	39.94	113	2934
snapshot_11_19_2015_6_0.json	1447930800.0	39.94	113	2934
snapshot_11_20_2015_0_0.json	1447995600.0	39.94	113	2946
snapshot_11_21_2015_18_0.json	1448146800.0	39.94	113	2924
snapshot_11_21_2015_18_0.json	1448146800.0	39.94	113	2924
snapshot_11_22_2015_0_0.json	1448168400.0	39.94	113	2924
snapshot_11_22_2015_12_0.json	1448211600.0	39.94	113	2941
snapshot_11_22_2015_18_0.json	1448233200.0	39.94	113	2935
snapshot_11_22_2015_6_0.json	1448190000.0	39.94	113	2941
snapshot_11_23_2015_0_0.json	1448254800.0	39.94	113	2935
snapshot_11_23_2015_0_0.json	1448254800.0	39.94	113	2935
snapshot_11_23_2015_12_0.json	1448298000.0	39.94	113	2941
snapshot_11_23_2015_12_0.json	1448298000.0	39.94	113	2941
snapshot_11_23_2015_18_0.json	1448319600.0	39.94	113	2936
snapshot_11_23_2015_6_0.json	1448276400.0	39.94	113	2941
snapshot_11_24_2015_0_0.json	1448341200.0	39.94	113	2928
snapshot_11_24_2015_12_0.json	1448384400.0	39.94	113	2914
snapshot_11_24_2015_12_0.json	1448384400.0	39.94	113	2914
snapshot_11_24_2015_18_0.json	1448406000.0	39.94	119	2916
snapshot_11_24_2015_6_0.json	1448362800.0	39.94	113	2917
snapshot_11_25_2015_12_0.json	1448470800.0	39.94	119	2916
snapshot_11_25_2015_18_0.json	1448492400.0	39.94	119	2911
snapshot_11_26_2015_0_0.json	1448514000.0	39.94	119	2887
snapshot_11_27_2015_18_0.json	1448665200.0	39.94	119	2877
snapshot_11_28_2015_0_0.json	1448686800.0	39.94	119	2877
snapshot_11_28_2015_0_0.json	1448686800.0	39.94	119	2877
snapshot_11_28_2015_12_0.json	1448730000.0	39.94	119	2874
snapshot_11_28_2015_6_0.json	1448708400.0	39.94	119	2874
snapshot_11_29_2015_0_0.json	1448773200.0	38.71	119	2861
snapshot_11_29_2015_0_0.json	1448773200.0	38.71	119	2861
snapshot_11_29_2015_12_0.json	1448816400.0	38.71	119	2857
snapshot_11_29_2015_18_0.json	1448838000.0	38.71	119	2850
snapshot_11_29_2015_18_0.json	1448838000.0	38.71	119	2850
snapshot_11_29_2015_6_0.json	1448794800.0	38.71	119	2857
snapshot_11_30_2015_12_0.json	1448902800.0	38.71	119	2829
snapshot_11_30_2015_18_0.json	1448924400.0	38.71	119	2797
snapshot_11_30_2015_6_0.json	1448881200.0	38.71	119	2829
snapshot_12_1_2015_0_0.json	1448946000.0	38.71	119	2793
snapshot_12_1_2015_18_0.json	1449010800.0	38.71	119	2776
snapshot_12_2_2015_12_0.json	1449075600.0	38.71	250	2954
snapshot_12_2_2015_18_0.json	1449097200.0	38.71	250	2943
snapshot_12_3_2015_18_0.json	1449183600.0	38.71	250	3078
snapshot_12_3_2015_18_0.json	1449183600.0	38.71	250	3078
snapshot_12_3_2015_6_0.json	1449140400.0	38.71	250	2887
snapshot_12_4_2015_0_0.json	1449205200.0	38.71	250	3119
snapshot_12_4_2015_12_0.json	1449248400.0	38.71	250	3092
snapshot_12_4_2015_18_0.json	1449270000.0	35.73	250	3073
snapshot_12_4_2015_6_0.json	1449226800.0	38.71	250	3095
snapshot_12_5_2015_12_0.json	1449334800.0	38.71	250	3049
snapshot_12_5_2015_18_0.json	1449356400.0	38.71	250	3061
snapshot_12_5_2015_6_0.json	1449313200.0	38.71	250	3049
snapshot_12_5_2015_6_0.json	1449313200.0	38.71	250	3049
