9222714	2015-11-28T20:00:00Z	The Phantom of the opera	Sarofim Hall at The Hobby Center	Texas Houston|694	77002
snapshot_11_16_2015_0_0.json	1447650000.0	118.33	475	227
snapshot_11_16_2015_0_0.json	1447650000.0	118.33	475	227
snapshot_11_17_2015_0_0.json	1447736400.0	113.65	475	227
snapshot_11_17_2015_12_0.json	1447779600.0	113.65	475	223
snapshot_11_18_2015_0_0.json	1447822800.0	110.14	575	221
snapshot_11_18_2015_12_0.json	1447866000.0	110.14	575	219
snapshot_11_18_2015_12_0.json	1447866000.0	110.14	575	219
snapshot_11_18_2015_18_0.json	1447887600.0	119.91	575	214
snapshot_11_18_2015_6_0.json	1447844400.0	110.14	575	219
snapshot_11_18_2015_6_0.json	1447844400.0	110.14	575	219
snapshot_11_19_2015_0_0.json	1447909200.0	119.91	575	208
snapshot_11_19_2015_12_0.json	1447952400.0	119.91	575	200
snapshot_11_19_2015_6_0.json	1447930800.0	119.91	575	200
snapshot_11_20_2015_0_0.json	1447995600.0	119.91	575	193
snapshot_11_20_2015_12_0.json	1448038800.0	119.91	575	182
snapshot_11_21_2015_12_0.json	1448125200.0	125.35	575	162
snapshot_11_21_2015_18_0.json	1448146800.0	124.18	575	156
snapshot_11_22_2015_0_0.json	1448168400.0	118.33	575	153
snapshot_11_22_2015_12_0.json	1448211600.0	118.33	575	149
snapshot_11_22_2015_6_0.json	1448190000.0	118.33	575	149
snapshot_11_22_2015_6_0.json	1448190000.0	118.33	575	149
snapshot_11_23_2015_0_0.json	1448254800.0	118.33	575	132
snapshot_11_23_2015_12_0.json	1448298000.0	118.33	575	122
snapshot_11_23_2015_6_0.json	1448276400.0	118.33	575	122
snapshot_11_24_2015_0_0.json	1448341200.0	118.33	289.1	92
snapshot_11_24_2015_18_0.json	1448406000.0	124.04	289.1	81
snapshot_11_24_2015_6_0.json	1448362800.0	124.18	289.1	90
snapshot_11_25_2015_0_0.json	1448427600.0	121.84	289.1	74
snapshot_11_25_2015_0_0.json	1448427600.0	121.84	289.1	74
snapshot_11_25_2015_12_0.json	1448470800.0	117.1	289.1	74
snapshot_11_25_2015_18_0.json	1448492400.0	121.84	289.1	70
snapshot_11_25_2015_6_0.json	1448449200.0	117.1	289.1	74
snapshot_11_25_2015_6_0.json	1448449200.0	117.1	289.1	74
snapshot_11_26_2015_0_0.json	1448514000.0	121.84	289.1	66
snapshot_11_27_2015_18_0.json	1448665200.0	130.03	289.1	49
snapshot_11_28_2015_0_0.json	1448686800.0	148.75	289.1	49
snapshot_11_28_2015_12_0.json	1448730000.0	90.25	289.1	44
snapshot_11_28_2015_18_0.json	1448751600.0	203.16	254.8	34
snapshot_11_28_2015_6_0.json	1448708400.0	90.25	289.1	44
snapshot_11_29_2015_0_0.json	1448773200.0	0	0	0
snapshot_11_29_2015_18_0.json	1448838000.0	0	0	0
snapshot_11_29_2015_6_0.json	1448794800.0	0	0	0
snapshot_11_30_2015_0_0.json	1448859600.0	0	0	0
snapshot_11_30_2015_0_0.json	1448859600.0	0	0	0
snapshot_11_30_2015_12_0.json	1448902800.0	0	0	0
snapshot_11_30_2015_6_0.json	1448881200.0	0	0	0
snapshot_11_30_2015_6_0.json	1448881200.0	0	0	0
9222714	2015-11-28T20:00:00Z	The Phantom of the opera	Sarofim Hall at The Hobby Center	Texas Houston|694	77002
snapshot_11_16_2015_0_0.json	1447650000.0	118.33	475	227
snapshot_11_16_2015_0_0.json	1447650000.0	118.33	475	227
snapshot_11_17_2015_0_0.json	1447736400.0	113.65	475	227
snapshot_11_17_2015_12_0.json	1447779600.0	113.65	475	223
snapshot_11_18_2015_0_0.json	1447822800.0	110.14	575	221
snapshot_11_18_2015_12_0.json	1447866000.0	110.14	575	219
snapshot_11_18_2015_12_0.json	1447866000.0	110.14	575	219
snapshot_11_18_2015_18_0.json	1447887600.0	119.91	575	214
snapshot_11_18_2015_6_0.json	1447844400.0	110.14	575	219
snapshot_11_18_2015_6_0.json	1447844400.0	110.14	575	219
snapshot_11_19_2015_0_0.json	1447909200.0	119.91	575	208
snapshot_11_19_2015_12_0.json	1447952400.0	119.91	575	200
snapshot_11_19_2015_6_0.json	1447930800.0	119.91	575	200
snapshot_11_20_2015_0_0.json	1447995600.0	119.91	575	193
snapshot_11_20_2015_12_0.json	1448038800.0	119.91	575	182
snapshot_11_21_2015_12_0.json	1448125200.0	125.35	575	162
snapshot_11_21_2015_18_0.json	1448146800.0	124.18	575	156
snapshot_11_22_2015_0_0.json	1448168400.0	118.33	575	153
snapshot_11_22_2015_12_0.json	1448211600.0	118.33	575	149
snapshot_11_22_2015_6_0.json	1448190000.0	118.33	575	149
snapshot_11_22_2015_6_0.json	1448190000.0	118.33	575	149
snapshot_11_23_2015_0_0.json	1448254800.0	118.33	575	132
snapshot_11_23_2015_12_0.json	1448298000.0	118.33	575	122
snapshot_11_23_2015_6_0.json	1448276400.0	118.33	575	122
snapshot_11_24_2015_0_0.json	1448341200.0	118.33	289.1	92
snapshot_11_24_2015_18_0.json	1448406000.0	124.04	289.1	81
snapshot_11_24_2015_6_0.json	1448362800.0	124.18	289.1	90
snapshot_11_25_2015_0_0.json	1448427600.0	121.84	289.1	74
snapshot_11_25_2015_0_0.json	1448427600.0	121.84	289.1	74
snapshot_11_25_2015_12_0.json	1448470800.0	117.1	289.1	74
snapshot_11_25_2015_18_0.json	1448492400.0	121.84	289.1	70
snapshot_11_25_2015_6_0.json	1448449200.0	117.1	289.1	74
snapshot_11_25_2015_6_0.json	1448449200.0	117.1	289.1	74
snapshot_11_26_2015_0_0.json	1448514000.0	121.84	289.1	66
snapshot_11_27_2015_18_0.json	1448665200.0	130.03	289.1	49
snapshot_11_28_2015_0_0.json	1448686800.0	148.75	289.1	49
snapshot_11_28_2015_12_0.json	1448730000.0	90.25	289.1	44
snapshot_11_28_2015_18_0.json	1448751600.0	203.16	254.8	34
snapshot_11_28_2015_6_0.json	1448708400.0	90.25	289.1	44
snapshot_11_29_2015_0_0.json	1448773200.0	0	0	0
snapshot_11_29_2015_18_0.json	1448838000.0	0	0	0
snapshot_11_29_2015_6_0.json	1448794800.0	0	0	0
snapshot_11_30_2015_0_0.json	1448859600.0	0	0	0
snapshot_11_30_2015_0_0.json	1448859600.0	0	0	0
snapshot_11_30_2015_12_0.json	1448902800.0	0	0	0
snapshot_11_30_2015_6_0.json	1448881200.0	0	0	0
snapshot_11_30_2015_6_0.json	1448881200.0	0	0	0
9222714	2015-11-28T20:00:00Z	The Phantom of the opera	Sarofim Hall at The Hobby Center	Texas Houston|694	77002
snapshot_11_16_2015_0_0.json	1447650000.0	118.33	475	227
snapshot_11_16_2015_0_0.json	1447650000.0	118.33	475	227
snapshot_11_17_2015_0_0.json	1447736400.0	113.65	475	227
snapshot_11_17_2015_12_0.json	1447779600.0	113.65	475	223
snapshot_11_18_2015_0_0.json	1447822800.0	110.14	575	221
snapshot_11_18_2015_12_0.json	1447866000.0	110.14	575	219
snapshot_11_18_2015_12_0.json	1447866000.0	110.14	575	219
snapshot_11_18_2015_18_0.json	1447887600.0	119.91	575	214
snapshot_11_18_2015_6_0.json	1447844400.0	110.14	575	219
snapshot_11_18_2015_6_0.json	1447844400.0	110.14	575	219
snapshot_11_19_2015_0_0.json	1447909200.0	119.91	575	208
snapshot_11_19_2015_12_0.json	1447952400.0	119.91	575	200
snapshot_11_19_2015_6_0.json	1447930800.0	119.91	575	200
snapshot_11_20_2015_0_0.json	1447995600.0	119.91	575	193
snapshot_11_20_2015_12_0.json	1448038800.0	119.91	575	182
snapshot_11_21_2015_12_0.json	1448125200.0	125.35	575	162
snapshot_11_21_2015_18_0.json	1448146800.0	124.18	575	156
snapshot_11_22_2015_0_0.json	1448168400.0	118.33	575	153
snapshot_11_22_2015_12_0.json	1448211600.0	118.33	575	149
snapshot_11_22_2015_6_0.json	1448190000.0	118.33	575	149
snapshot_11_22_2015_6_0.json	1448190000.0	118.33	575	149
snapshot_11_23_2015_0_0.json	1448254800.0	118.33	575	132
snapshot_11_23_2015_12_0.json	1448298000.0	118.33	575	122
snapshot_11_23_2015_6_0.json	1448276400.0	118.33	575	122
snapshot_11_24_2015_0_0.json	1448341200.0	118.33	289.1	92
snapshot_11_24_2015_18_0.json	1448406000.0	124.04	289.1	81
snapshot_11_24_2015_6_0.json	1448362800.0	124.18	289.1	90
snapshot_11_25_2015_0_0.json	1448427600.0	121.84	289.1	74
snapshot_11_25_2015_0_0.json	1448427600.0	121.84	289.1	74
snapshot_11_25_2015_12_0.json	1448470800.0	117.1	289.1	74
snapshot_11_25_2015_18_0.json	1448492400.0	121.84	289.1	70
snapshot_11_25_2015_6_0.json	1448449200.0	117.1	289.1	74
snapshot_11_25_2015_6_0.json	1448449200.0	117.1	289.1	74
snapshot_11_26_2015_0_0.json	1448514000.0	121.84	289.1	66
snapshot_11_27_2015_18_0.json	1448665200.0	130.03	289.1	49
snapshot_11_28_2015_0_0.json	1448686800.0	148.75	289.1	49
snapshot_11_28_2015_12_0.json	1448730000.0	90.25	289.1	44
snapshot_11_28_2015_18_0.json	1448751600.0	203.16	254.8	34
snapshot_11_28_2015_6_0.json	1448708400.0	90.25	289.1	44
snapshot_11_29_2015_0_0.json	1448773200.0	0	0	0
snapshot_11_29_2015_18_0.json	1448838000.0	0	0	0
snapshot_11_29_2015_6_0.json	1448794800.0	0	0	0
snapshot_11_30_2015_0_0.json	1448859600.0	0	0	0
snapshot_11_30_2015_0_0.json	1448859600.0	0	0	0
snapshot_11_30_2015_12_0.json	1448902800.0	0	0	0
snapshot_11_30_2015_6_0.json	1448881200.0	0	0	0
snapshot_11_30_2015_6_0.json	1448881200.0	0	0	0
9222714	2015-11-28T20:00:00Z	The Phantom of the opera	Sarofim Hall at The Hobby Center	Texas Houston|694	77002
snapshot_11_16_2015_0_0.json	1447650000.0	118.33	475	227
snapshot_11_16_2015_0_0.json	1447650000.0	118.33	475	227
snapshot_11_17_2015_0_0.json	1447736400.0	113.65	475	227
snapshot_11_17_2015_12_0.json	1447779600.0	113.65	475	223
snapshot_11_18_2015_0_0.json	1447822800.0	110.14	575	221
snapshot_11_18_2015_12_0.json	1447866000.0	110.14	575	219
snapshot_11_18_2015_12_0.json	1447866000.0	110.14	575	219
snapshot_11_18_2015_18_0.json	1447887600.0	119.91	575	214
snapshot_11_18_2015_6_0.json	1447844400.0	110.14	575	219
snapshot_11_18_2015_6_0.json	1447844400.0	110.14	575	219
snapshot_11_19_2015_0_0.json	1447909200.0	119.91	575	208
snapshot_11_19_2015_12_0.json	1447952400.0	119.91	575	200
snapshot_11_19_2015_6_0.json	1447930800.0	119.91	575	200
snapshot_11_20_2015_0_0.json	1447995600.0	119.91	575	193
snapshot_11_20_2015_12_0.json	1448038800.0	119.91	575	182
snapshot_11_21_2015_12_0.json	1448125200.0	125.35	575	162
snapshot_11_21_2015_18_0.json	1448146800.0	124.18	575	156
snapshot_11_22_2015_0_0.json	1448168400.0	118.33	575	153
snapshot_11_22_2015_12_0.json	1448211600.0	118.33	575	149
snapshot_11_22_2015_6_0.json	1448190000.0	118.33	575	149
snapshot_11_22_2015_6_0.json	1448190000.0	118.33	575	149
snapshot_11_23_2015_0_0.json	1448254800.0	118.33	575	132
snapshot_11_23_2015_12_0.json	1448298000.0	118.33	575	122
snapshot_11_23_2015_6_0.json	1448276400.0	118.33	575	122
snapshot_11_24_2015_0_0.json	1448341200.0	118.33	289.1	92
snapshot_11_24_2015_18_0.json	1448406000.0	124.04	289.1	81
snapshot_11_24_2015_6_0.json	1448362800.0	124.18	289.1	90
snapshot_11_25_2015_0_0.json	1448427600.0	121.84	289.1	74
snapshot_11_25_2015_0_0.json	1448427600.0	121.84	289.1	74
snapshot_11_25_2015_12_0.json	1448470800.0	117.1	289.1	74
snapshot_11_25_2015_18_0.json	1448492400.0	121.84	289.1	70
snapshot_11_25_2015_6_0.json	1448449200.0	117.1	289.1	74
snapshot_11_25_2015_6_0.json	1448449200.0	117.1	289.1	74
snapshot_11_26_2015_0_0.json	1448514000.0	121.84	289.1	66
snapshot_11_27_2015_18_0.json	1448665200.0	130.03	289.1	49
snapshot_11_28_2015_0_0.json	1448686800.0	148.75	289.1	49
snapshot_11_28_2015_12_0.json	1448730000.0	90.25	289.1	44
snapshot_11_28_2015_18_0.json	1448751600.0	203.16	254.8	34
snapshot_11_28_2015_6_0.json	1448708400.0	90.25	289.1	44
snapshot_11_29_2015_0_0.json	1448773200.0	0	0	0
snapshot_11_29_2015_18_0.json	1448838000.0	0	0	0
snapshot_11_29_2015_6_0.json	1448794800.0	0	0	0
snapshot_11_30_2015_0_0.json	1448859600.0	0	0	0
snapshot_11_30_2015_0_0.json	1448859600.0	0	0	0
snapshot_11_30_2015_12_0.json	1448902800.0	0	0	0
snapshot_11_30_2015_6_0.json	1448881200.0	0	0	0
snapshot_11_30_2015_6_0.json	1448881200.0	0	0	0
