9222705	2015-11-22T02:00:00Z	The Phantom of the opera	Sarofim Hall at The Hobby Center	Texas Houston|694	77002
snapshot_11_16_2015_0_0.json	1447650000.0	214.62	475	56
snapshot_11_17_2015_0_0.json	1447736400.0	172.15	475	52
snapshot_11_17_2015_12_0.json	1447779600.0	172.15	475	48
snapshot_11_18_2015_0_0.json	1447822800.0	160.45	575	42
snapshot_11_18_2015_12_0.json	1447866000.0	153.43	575	36
snapshot_11_18_2015_18_0.json	1447887600.0	153.43	575	40
snapshot_11_18_2015_6_0.json	1447844400.0	153.43	575	36
snapshot_11_19_2015_0_0.json	1447909200.0	169.81	278	16
snapshot_11_19_2015_6_0.json	1447930800.0	169.81	278	18
snapshot_11_20_2015_0_0.json	1447995600.0	213.1	343	20
snapshot_11_20_2015_12_0.json	1448038800.0	203.16	343	22
snapshot_11_21_2015_12_0.json	1448125200.0	207.25	367.5	21
snapshot_11_21_2015_18_0.json	1448146800.0	154.6	343	21
snapshot_11_22_2015_0_0.json	1448168400.0	231.82	245	8
snapshot_11_22_2015_18_0.json	1448233200.0	0	0	0
snapshot_11_22_2015_6_0.json	1448190000.0	0	0	0
snapshot_11_23_2015_0_0.json	1448254800.0	0	0	0
snapshot_11_23_2015_12_0.json	1448298000.0	0	0	0
snapshot_11_23_2015_6_0.json	1448276400.0	0	0	0
snapshot_11_23_2015_6_0.json	1448276400.0	0	0	0
9222705	2015-11-22T02:00:00Z	The Phantom of the opera	Sarofim Hall at The Hobby Center	Texas Houston|694	77002
snapshot_11_16_2015_0_0.json	1447650000.0	214.62	475	56
snapshot_11_17_2015_0_0.json	1447736400.0	172.15	475	52
snapshot_11_17_2015_12_0.json	1447779600.0	172.15	475	48
snapshot_11_18_2015_0_0.json	1447822800.0	160.45	575	42
snapshot_11_18_2015_12_0.json	1447866000.0	153.43	575	36
snapshot_11_18_2015_18_0.json	1447887600.0	153.43	575	40
snapshot_11_18_2015_6_0.json	1447844400.0	153.43	575	36
snapshot_11_19_2015_0_0.json	1447909200.0	169.81	278	16
snapshot_11_19_2015_6_0.json	1447930800.0	169.81	278	18
snapshot_11_20_2015_0_0.json	1447995600.0	213.1	343	20
snapshot_11_20_2015_12_0.json	1448038800.0	203.16	343	22
snapshot_11_21_2015_12_0.json	1448125200.0	207.25	367.5	21
snapshot_11_21_2015_18_0.json	1448146800.0	154.6	343	21
snapshot_11_22_2015_0_0.json	1448168400.0	231.82	245	8
snapshot_11_22_2015_18_0.json	1448233200.0	0	0	0
snapshot_11_22_2015_6_0.json	1448190000.0	0	0	0
snapshot_11_23_2015_0_0.json	1448254800.0	0	0	0
snapshot_11_23_2015_12_0.json	1448298000.0	0	0	0
snapshot_11_23_2015_6_0.json	1448276400.0	0	0	0
snapshot_11_23_2015_6_0.json	1448276400.0	0	0	0
9222705	2015-11-22T02:00:00Z	The Phantom of the opera	Sarofim Hall at The Hobby Center	Texas Houston|694	77002
snapshot_11_16_2015_0_0.json	1447650000.0	214.62	475	56
snapshot_11_17_2015_0_0.json	1447736400.0	172.15	475	52
snapshot_11_17_2015_12_0.json	1447779600.0	172.15	475	48
snapshot_11_18_2015_0_0.json	1447822800.0	160.45	575	42
snapshot_11_18_2015_12_0.json	1447866000.0	153.43	575	36
snapshot_11_18_2015_18_0.json	1447887600.0	153.43	575	40
snapshot_11_18_2015_6_0.json	1447844400.0	153.43	575	36
snapshot_11_19_2015_0_0.json	1447909200.0	169.81	278	16
snapshot_11_19_2015_6_0.json	1447930800.0	169.81	278	18
snapshot_11_20_2015_0_0.json	1447995600.0	213.1	343	20
snapshot_11_20_2015_12_0.json	1448038800.0	203.16	343	22
snapshot_11_21_2015_12_0.json	1448125200.0	207.25	367.5	21
snapshot_11_21_2015_18_0.json	1448146800.0	154.6	343	21
snapshot_11_22_2015_0_0.json	1448168400.0	231.82	245	8
snapshot_11_22_2015_18_0.json	1448233200.0	0	0	0
snapshot_11_22_2015_6_0.json	1448190000.0	0	0	0
snapshot_11_23_2015_0_0.json	1448254800.0	0	0	0
snapshot_11_23_2015_12_0.json	1448298000.0	0	0	0
snapshot_11_23_2015_6_0.json	1448276400.0	0	0	0
snapshot_11_23_2015_6_0.json	1448276400.0	0	0	0
9222705	2015-11-22T02:00:00Z	The Phantom of the opera	Sarofim Hall at The Hobby Center	Texas Houston|694	77002
snapshot_11_16_2015_0_0.json	1447650000.0	214.62	475	56
snapshot_11_17_2015_0_0.json	1447736400.0	172.15	475	52
snapshot_11_17_2015_12_0.json	1447779600.0	172.15	475	48
snapshot_11_18_2015_0_0.json	1447822800.0	160.45	575	42
snapshot_11_18_2015_12_0.json	1447866000.0	153.43	575	36
snapshot_11_18_2015_18_0.json	1447887600.0	153.43	575	40
snapshot_11_18_2015_6_0.json	1447844400.0	153.43	575	36
snapshot_11_19_2015_0_0.json	1447909200.0	169.81	278	16
snapshot_11_19_2015_6_0.json	1447930800.0	169.81	278	18
snapshot_11_20_2015_0_0.json	1447995600.0	213.1	343	20
snapshot_11_20_2015_12_0.json	1448038800.0	203.16	343	22
snapshot_11_21_2015_12_0.json	1448125200.0	207.25	367.5	21
snapshot_11_21_2015_18_0.json	1448146800.0	154.6	343	21
snapshot_11_22_2015_0_0.json	1448168400.0	231.82	245	8
snapshot_11_22_2015_18_0.json	1448233200.0	0	0	0
snapshot_11_22_2015_6_0.json	1448190000.0	0	0	0
snapshot_11_23_2015_0_0.json	1448254800.0	0	0	0
snapshot_11_23_2015_12_0.json	1448298000.0	0	0	0
snapshot_11_23_2015_6_0.json	1448276400.0	0	0	0
snapshot_11_23_2015_6_0.json	1448276400.0	0	0	0
