9222712	2015-11-28T02:00:00Z	The Phantom of the opera	Sarofim Hall at The Hobby Center	Texas Houston|694	77002
snapshot_11_16_2015_0_0.json	1447650000.0	124.04	475	200
snapshot_11_17_2015_0_0.json	1447736400.0	113.65	475	196
snapshot_11_17_2015_12_0.json	1447779600.0	113.65	475	194
snapshot_11_17_2015_18_0.json	1447801200.0	113.65	475	188
snapshot_11_17_2015_18_0.json	1447801200.0	113.65	475	188
snapshot_11_17_2015_6_0.json	1447758000.0	113.65	475	194
snapshot_11_18_2015_0_0.json	1447822800.0	113.65	575	183
snapshot_11_18_2015_12_0.json	1447866000.0	113.65	575	179
snapshot_11_18_2015_12_0.json	1447866000.0	113.65	575	179
snapshot_11_18_2015_18_0.json	1447887600.0	113.65	575	177
snapshot_11_18_2015_6_0.json	1447844400.0	113.65	575	179
snapshot_11_18_2015_6_0.json	1447844400.0	113.65	575	179
snapshot_11_19_2015_0_0.json	1447909200.0	113.65	575	166
snapshot_11_19_2015_12_0.json	1447952400.0	107.8	575	166
snapshot_11_19_2015_6_0.json	1447930800.0	107.8	575	164
snapshot_11_21_2015_12_0.json	1448125200.0	117.1	575	117
snapshot_11_21_2015_18_0.json	1448146800.0	117.1	575	112
snapshot_11_22_2015_0_0.json	1448168400.0	118.33	575	98
snapshot_11_22_2015_12_0.json	1448211600.0	118.33	575	82
snapshot_11_22_2015_18_0.json	1448233200.0	118.33	575	76
snapshot_11_22_2015_6_0.json	1448190000.0	118.33	575	86
snapshot_11_22_2015_6_0.json	1448190000.0	118.33	575	86
snapshot_11_23_2015_0_0.json	1448254800.0	118.33	575	72
snapshot_11_23_2015_12_0.json	1448298000.0	125.35	575	67
snapshot_11_23_2015_18_0.json	1448319600.0	127.51	575	59
snapshot_11_23_2015_18_0.json	1448319600.0	127.51	575	59
snapshot_11_24_2015_0_0.json	1448341200.0	127.51	281.01	41
snapshot_11_24_2015_12_0.json	1448384400.0	89.31	281.01	34
snapshot_11_24_2015_18_0.json	1448406000.0	81.22	281.01	27
snapshot_11_24_2015_6_0.json	1448362800.0	89.31	281.01	34
snapshot_11_25_2015_0_0.json	1448427600.0	81.22	303.77	24
snapshot_11_25_2015_12_0.json	1448470800.0	67.32	303.77	26
snapshot_11_25_2015_18_0.json	1448492400.0	207.25	284	21
snapshot_11_25_2015_6_0.json	1448449200.0	67.32	303.77	26
snapshot_11_27_2015_18_0.json	1448665200.0	160.45	279.3	10
snapshot_11_28_2015_12_0.json	1448730000.0	0	0	0
snapshot_11_28_2015_6_0.json	1448708400.0	0	0	0
snapshot_11_29_2015_0_0.json	1448773200.0	0	0	0
snapshot_11_29_2015_0_0.json	1448773200.0	0	0	0
snapshot_11_29_2015_12_0.json	1448816400.0	0	0	0
snapshot_11_29_2015_6_0.json	1448794800.0	0	0	0
snapshot_11_30_2015_0_0.json	1448859600.0	0	0	0
9222712	2015-11-28T02:00:00Z	The Phantom of the opera	Sarofim Hall at The Hobby Center	Texas Houston|694	77002
snapshot_11_16_2015_0_0.json	1447650000.0	124.04	475	200
snapshot_11_17_2015_0_0.json	1447736400.0	113.65	475	196
snapshot_11_17_2015_12_0.json	1447779600.0	113.65	475	194
snapshot_11_17_2015_18_0.json	1447801200.0	113.65	475	188
snapshot_11_17_2015_18_0.json	1447801200.0	113.65	475	188
snapshot_11_17_2015_6_0.json	1447758000.0	113.65	475	194
snapshot_11_18_2015_0_0.json	1447822800.0	113.65	575	183
snapshot_11_18_2015_12_0.json	1447866000.0	113.65	575	179
snapshot_11_18_2015_12_0.json	1447866000.0	113.65	575	179
snapshot_11_18_2015_18_0.json	1447887600.0	113.65	575	177
snapshot_11_18_2015_6_0.json	1447844400.0	113.65	575	179
snapshot_11_18_2015_6_0.json	1447844400.0	113.65	575	179
snapshot_11_19_2015_0_0.json	1447909200.0	113.65	575	166
snapshot_11_19_2015_12_0.json	1447952400.0	107.8	575	166
snapshot_11_19_2015_6_0.json	1447930800.0	107.8	575	164
snapshot_11_21_2015_12_0.json	1448125200.0	117.1	575	117
snapshot_11_21_2015_18_0.json	1448146800.0	117.1	575	112
snapshot_11_22_2015_0_0.json	1448168400.0	118.33	575	98
snapshot_11_22_2015_12_0.json	1448211600.0	118.33	575	82
snapshot_11_22_2015_18_0.json	1448233200.0	118.33	575	76
snapshot_11_22_2015_6_0.json	1448190000.0	118.33	575	86
snapshot_11_22_2015_6_0.json	1448190000.0	118.33	575	86
snapshot_11_23_2015_0_0.json	1448254800.0	118.33	575	72
snapshot_11_23_2015_12_0.json	1448298000.0	125.35	575	67
snapshot_11_23_2015_18_0.json	1448319600.0	127.51	575	59
snapshot_11_23_2015_18_0.json	1448319600.0	127.51	575	59
snapshot_11_24_2015_0_0.json	1448341200.0	127.51	281.01	41
snapshot_11_24_2015_12_0.json	1448384400.0	89.31	281.01	34
snapshot_11_24_2015_18_0.json	1448406000.0	81.22	281.01	27
snapshot_11_24_2015_6_0.json	1448362800.0	89.31	281.01	34
snapshot_11_25_2015_0_0.json	1448427600.0	81.22	303.77	24
snapshot_11_25_2015_12_0.json	1448470800.0	67.32	303.77	26
snapshot_11_25_2015_18_0.json	1448492400.0	207.25	284	21
snapshot_11_25_2015_6_0.json	1448449200.0	67.32	303.77	26
snapshot_11_27_2015_18_0.json	1448665200.0	160.45	279.3	10
snapshot_11_28_2015_12_0.json	1448730000.0	0	0	0
snapshot_11_28_2015_6_0.json	1448708400.0	0	0	0
snapshot_11_29_2015_0_0.json	1448773200.0	0	0	0
snapshot_11_29_2015_0_0.json	1448773200.0	0	0	0
snapshot_11_29_2015_12_0.json	1448816400.0	0	0	0
snapshot_11_29_2015_6_0.json	1448794800.0	0	0	0
snapshot_11_30_2015_0_0.json	1448859600.0	0	0	0
9222712	2015-11-28T02:00:00Z	The Phantom of the opera	Sarofim Hall at The Hobby Center	Texas Houston|694	77002
snapshot_11_16_2015_0_0.json	1447650000.0	124.04	475	200
snapshot_11_17_2015_0_0.json	1447736400.0	113.65	475	196
snapshot_11_17_2015_12_0.json	1447779600.0	113.65	475	194
snapshot_11_17_2015_18_0.json	1447801200.0	113.65	475	188
snapshot_11_17_2015_18_0.json	1447801200.0	113.65	475	188
snapshot_11_17_2015_6_0.json	1447758000.0	113.65	475	194
snapshot_11_18_2015_0_0.json	1447822800.0	113.65	575	183
snapshot_11_18_2015_12_0.json	1447866000.0	113.65	575	179
snapshot_11_18_2015_12_0.json	1447866000.0	113.65	575	179
snapshot_11_18_2015_18_0.json	1447887600.0	113.65	575	177
snapshot_11_18_2015_6_0.json	1447844400.0	113.65	575	179
snapshot_11_18_2015_6_0.json	1447844400.0	113.65	575	179
snapshot_11_19_2015_0_0.json	1447909200.0	113.65	575	166
snapshot_11_19_2015_12_0.json	1447952400.0	107.8	575	166
snapshot_11_19_2015_6_0.json	1447930800.0	107.8	575	164
snapshot_11_21_2015_12_0.json	1448125200.0	117.1	575	117
snapshot_11_21_2015_18_0.json	1448146800.0	117.1	575	112
snapshot_11_22_2015_0_0.json	1448168400.0	118.33	575	98
snapshot_11_22_2015_12_0.json	1448211600.0	118.33	575	82
snapshot_11_22_2015_18_0.json	1448233200.0	118.33	575	76
snapshot_11_22_2015_6_0.json	1448190000.0	118.33	575	86
snapshot_11_22_2015_6_0.json	1448190000.0	118.33	575	86
snapshot_11_23_2015_0_0.json	1448254800.0	118.33	575	72
snapshot_11_23_2015_12_0.json	1448298000.0	125.35	575	67
snapshot_11_23_2015_18_0.json	1448319600.0	127.51	575	59
snapshot_11_23_2015_18_0.json	1448319600.0	127.51	575	59
snapshot_11_24_2015_0_0.json	1448341200.0	127.51	281.01	41
snapshot_11_24_2015_12_0.json	1448384400.0	89.31	281.01	34
snapshot_11_24_2015_18_0.json	1448406000.0	81.22	281.01	27
snapshot_11_24_2015_6_0.json	1448362800.0	89.31	281.01	34
snapshot_11_25_2015_0_0.json	1448427600.0	81.22	303.77	24
snapshot_11_25_2015_12_0.json	1448470800.0	67.32	303.77	26
snapshot_11_25_2015_18_0.json	1448492400.0	207.25	284	21
snapshot_11_25_2015_6_0.json	1448449200.0	67.32	303.77	26
snapshot_11_27_2015_18_0.json	1448665200.0	160.45	279.3	10
snapshot_11_28_2015_12_0.json	1448730000.0	0	0	0
snapshot_11_28_2015_6_0.json	1448708400.0	0	0	0
snapshot_11_29_2015_0_0.json	1448773200.0	0	0	0
snapshot_11_29_2015_0_0.json	1448773200.0	0	0	0
snapshot_11_29_2015_12_0.json	1448816400.0	0	0	0
snapshot_11_29_2015_6_0.json	1448794800.0	0	0	0
snapshot_11_30_2015_0_0.json	1448859600.0	0	0	0
9222712	2015-11-28T02:00:00Z	The Phantom of the opera	Sarofim Hall at The Hobby Center	Texas Houston|694	77002
snapshot_11_16_2015_0_0.json	1447650000.0	124.04	475	200
snapshot_11_17_2015_0_0.json	1447736400.0	113.65	475	196
snapshot_11_17_2015_12_0.json	1447779600.0	113.65	475	194
snapshot_11_17_2015_18_0.json	1447801200.0	113.65	475	188
snapshot_11_17_2015_18_0.json	1447801200.0	113.65	475	188
snapshot_11_17_2015_6_0.json	1447758000.0	113.65	475	194
snapshot_11_18_2015_0_0.json	1447822800.0	113.65	575	183
snapshot_11_18_2015_12_0.json	1447866000.0	113.65	575	179
snapshot_11_18_2015_12_0.json	1447866000.0	113.65	575	179
snapshot_11_18_2015_18_0.json	1447887600.0	113.65	575	177
snapshot_11_18_2015_6_0.json	1447844400.0	113.65	575	179
snapshot_11_18_2015_6_0.json	1447844400.0	113.65	575	179
snapshot_11_19_2015_0_0.json	1447909200.0	113.65	575	166
snapshot_11_19_2015_12_0.json	1447952400.0	107.8	575	166
snapshot_11_19_2015_6_0.json	1447930800.0	107.8	575	164
snapshot_11_21_2015_12_0.json	1448125200.0	117.1	575	117
snapshot_11_21_2015_18_0.json	1448146800.0	117.1	575	112
snapshot_11_22_2015_0_0.json	1448168400.0	118.33	575	98
snapshot_11_22_2015_12_0.json	1448211600.0	118.33	575	82
snapshot_11_22_2015_18_0.json	1448233200.0	118.33	575	76
snapshot_11_22_2015_6_0.json	1448190000.0	118.33	575	86
snapshot_11_22_2015_6_0.json	1448190000.0	118.33	575	86
snapshot_11_23_2015_0_0.json	1448254800.0	118.33	575	72
snapshot_11_23_2015_12_0.json	1448298000.0	125.35	575	67
snapshot_11_23_2015_18_0.json	1448319600.0	127.51	575	59
snapshot_11_23_2015_18_0.json	1448319600.0	127.51	575	59
snapshot_11_24_2015_0_0.json	1448341200.0	127.51	281.01	41
snapshot_11_24_2015_12_0.json	1448384400.0	89.31	281.01	34
snapshot_11_24_2015_18_0.json	1448406000.0	81.22	281.01	27
snapshot_11_24_2015_6_0.json	1448362800.0	89.31	281.01	34
snapshot_11_25_2015_0_0.json	1448427600.0	81.22	303.77	24
snapshot_11_25_2015_12_0.json	1448470800.0	67.32	303.77	26
snapshot_11_25_2015_18_0.json	1448492400.0	207.25	284	21
snapshot_11_25_2015_6_0.json	1448449200.0	67.32	303.77	26
snapshot_11_27_2015_18_0.json	1448665200.0	160.45	279.3	10
snapshot_11_28_2015_12_0.json	1448730000.0	0	0	0
snapshot_11_28_2015_6_0.json	1448708400.0	0	0	0
snapshot_11_29_2015_0_0.json	1448773200.0	0	0	0
snapshot_11_29_2015_0_0.json	1448773200.0	0	0	0
snapshot_11_29_2015_12_0.json	1448816400.0	0	0	0
snapshot_11_29_2015_6_0.json	1448794800.0	0	0	0
snapshot_11_30_2015_0_0.json	1448859600.0	0	0	0
