9224583	2015-11-20T23:00:00Z	Mac King	Harrahs Showroom at Harrahs Las Vegas	Nevada Las Vegas|689	89109
snapshot_11_17_2015_12_0.json	1447779600.0	70.77	56	8
snapshot_11_17_2015_18_0.json	1447801200.0	70.77	56	8
snapshot_11_17_2015_6_0.json	1447758000.0	70.77	56	8
snapshot_11_17_2015_6_0.json	1447758000.0	70.77	56	8
snapshot_11_18_2015_0_0.json	1447822800.0	70.77	56	8
snapshot_11_18_2015_12_0.json	1447866000.0	70.77	56	8
snapshot_11_18_2015_12_0.json	1447866000.0	70.77	56	8
snapshot_11_18_2015_6_0.json	1447844400.0	70.77	56	8
snapshot_11_19_2015_18_0.json	1447974000.0	70.77	56	8
snapshot_11_19_2015_6_0.json	1447930800.0	70.77	56	8
snapshot_11_20_2015_0_0.json	1447995600.0	70.77	56	8
snapshot_11_20_2015_12_0.json	1448038800.0	70.77	56	8
snapshot_11_21_2015_18_0.json	1448146800.0	0	0	0
snapshot_11_22_2015_0_0.json	1448168400.0	0	0	0
snapshot_11_22_2015_12_0.json	1448211600.0	0	0	0
9224583	2015-11-20T23:00:00Z	Mac King	Harrahs Showroom at Harrahs Las Vegas	Nevada Las Vegas|689	89109
snapshot_11_17_2015_12_0.json	1447779600.0	70.77	56	8
snapshot_11_17_2015_18_0.json	1447801200.0	70.77	56	8
snapshot_11_17_2015_6_0.json	1447758000.0	70.77	56	8
snapshot_11_17_2015_6_0.json	1447758000.0	70.77	56	8
snapshot_11_18_2015_0_0.json	1447822800.0	70.77	56	8
snapshot_11_18_2015_12_0.json	1447866000.0	70.77	56	8
snapshot_11_18_2015_12_0.json	1447866000.0	70.77	56	8
snapshot_11_18_2015_6_0.json	1447844400.0	70.77	56	8
snapshot_11_19_2015_18_0.json	1447974000.0	70.77	56	8
snapshot_11_19_2015_6_0.json	1447930800.0	70.77	56	8
snapshot_11_20_2015_0_0.json	1447995600.0	70.77	56	8
snapshot_11_20_2015_12_0.json	1448038800.0	70.77	56	8
snapshot_11_21_2015_18_0.json	1448146800.0	0	0	0
snapshot_11_22_2015_0_0.json	1448168400.0	0	0	0
snapshot_11_22_2015_12_0.json	1448211600.0	0	0	0
9224583	2015-11-20T23:00:00Z	Mac King	Harrahs Showroom at Harrahs Las Vegas	Nevada Las Vegas|689	89109
snapshot_11_17_2015_12_0.json	1447779600.0	70.77	56	8
snapshot_11_17_2015_18_0.json	1447801200.0	70.77	56	8
snapshot_11_17_2015_6_0.json	1447758000.0	70.77	56	8
snapshot_11_17_2015_6_0.json	1447758000.0	70.77	56	8
snapshot_11_18_2015_0_0.json	1447822800.0	70.77	56	8
snapshot_11_18_2015_12_0.json	1447866000.0	70.77	56	8
snapshot_11_18_2015_12_0.json	1447866000.0	70.77	56	8
snapshot_11_18_2015_6_0.json	1447844400.0	70.77	56	8
snapshot_11_19_2015_18_0.json	1447974000.0	70.77	56	8
snapshot_11_19_2015_6_0.json	1447930800.0	70.77	56	8
snapshot_11_20_2015_0_0.json	1447995600.0	70.77	56	8
snapshot_11_20_2015_12_0.json	1448038800.0	70.77	56	8
snapshot_11_21_2015_18_0.json	1448146800.0	0	0	0
snapshot_11_22_2015_0_0.json	1448168400.0	0	0	0
snapshot_11_22_2015_12_0.json	1448211600.0	0	0	0
9224583	2015-11-20T23:00:00Z	Mac King	Harrahs Showroom at Harrahs Las Vegas	Nevada Las Vegas|689	89109
snapshot_11_17_2015_12_0.json	1447779600.0	70.77	56	8
snapshot_11_17_2015_18_0.json	1447801200.0	70.77	56	8
snapshot_11_17_2015_6_0.json	1447758000.0	70.77	56	8
snapshot_11_17_2015_6_0.json	1447758000.0	70.77	56	8
snapshot_11_18_2015_0_0.json	1447822800.0	70.77	56	8
snapshot_11_18_2015_12_0.json	1447866000.0	70.77	56	8
snapshot_11_18_2015_12_0.json	1447866000.0	70.77	56	8
snapshot_11_18_2015_6_0.json	1447844400.0	70.77	56	8
snapshot_11_19_2015_18_0.json	1447974000.0	70.77	56	8
snapshot_11_19_2015_6_0.json	1447930800.0	70.77	56	8
snapshot_11_20_2015_0_0.json	1447995600.0	70.77	56	8
snapshot_11_20_2015_12_0.json	1448038800.0	70.77	56	8
snapshot_11_21_2015_18_0.json	1448146800.0	0	0	0
snapshot_11_22_2015_0_0.json	1448168400.0	0	0	0
snapshot_11_22_2015_12_0.json	1448211600.0	0	0	0
