9224596	2015-11-24T21:00:00Z	Mac King	Harrahs Showroom at Harrahs Las Vegas	Nevada Las Vegas|689	89109
snapshot_11_17_2015_12_0.json	1447779600.0	70.77	56	8
snapshot_11_17_2015_18_0.json	1447801200.0	70.77	56	8
snapshot_11_17_2015_6_0.json	1447758000.0	70.77	56	8
snapshot_11_17_2015_6_0.json	1447758000.0	70.77	56	8
snapshot_11_18_2015_0_0.json	1447822800.0	70.77	56	8
snapshot_11_18_2015_0_0.json	1447822800.0	70.77	56	8
snapshot_11_18_2015_0_0.json	1447822800.0	70.77	56	8
snapshot_11_18_2015_12_0.json	1447866000.0	70.77	56	8
snapshot_11_18_2015_12_0.json	1447866000.0	70.77	56	8
snapshot_11_18_2015_6_0.json	1447844400.0	70.77	56	8
snapshot_11_19_2015_0_0.json	1447909200.0	70.77	56	8
snapshot_11_20_2015_0_0.json	1447995600.0	70.77	56	8
snapshot_11_20_2015_0_0.json	1447995600.0	70.77	56	8
snapshot_11_21_2015_12_0.json	1448125200.0	70.77	56	8
snapshot_11_22_2015_0_0.json	1448168400.0	70.77	56	8
snapshot_11_22_2015_12_0.json	1448211600.0	70.77	56	8
snapshot_11_22_2015_18_0.json	1448233200.0	70.77	56	8
snapshot_11_22_2015_6_0.json	1448190000.0	70.77	56	8
snapshot_11_23_2015_0_0.json	1448254800.0	70.77	56	8
snapshot_11_23_2015_12_0.json	1448298000.0	70.77	56	8
snapshot_11_23_2015_18_0.json	1448319600.0	70.77	56	8
snapshot_11_23_2015_18_0.json	1448319600.0	70.77	56	8
snapshot_11_23_2015_6_0.json	1448276400.0	70.77	56	8
snapshot_11_24_2015_0_0.json	1448341200.0	70.77	56	8
snapshot_11_24_2015_12_0.json	1448384400.0	0	0	0
snapshot_11_24_2015_18_0.json	1448406000.0	0	0	0
snapshot_11_24_2015_6_0.json	1448362800.0	0	0	0
snapshot_11_24_2015_6_0.json	1448362800.0	0	0	0
snapshot_11_25_2015_0_0.json	1448427600.0	0	0	0
snapshot_11_25_2015_12_0.json	1448470800.0	0	0	0
snapshot_11_25_2015_18_0.json	1448492400.0	0	0	0
snapshot_11_25_2015_6_0.json	1448449200.0	0	0	0
snapshot_11_26_2015_0_0.json	1448514000.0	0	0	0
snapshot_11_26_2015_0_0.json	1448514000.0	0	0	0
9224596	2015-11-24T21:00:00Z	Mac King	Harrahs Showroom at Harrahs Las Vegas	Nevada Las Vegas|689	89109
snapshot_11_17_2015_12_0.json	1447779600.0	70.77	56	8
snapshot_11_17_2015_18_0.json	1447801200.0	70.77	56	8
snapshot_11_17_2015_6_0.json	1447758000.0	70.77	56	8
snapshot_11_17_2015_6_0.json	1447758000.0	70.77	56	8
snapshot_11_18_2015_0_0.json	1447822800.0	70.77	56	8
snapshot_11_18_2015_0_0.json	1447822800.0	70.77	56	8
snapshot_11_18_2015_0_0.json	1447822800.0	70.77	56	8
snapshot_11_18_2015_12_0.json	1447866000.0	70.77	56	8
snapshot_11_18_2015_12_0.json	1447866000.0	70.77	56	8
snapshot_11_18_2015_6_0.json	1447844400.0	70.77	56	8
snapshot_11_19_2015_0_0.json	1447909200.0	70.77	56	8
snapshot_11_20_2015_0_0.json	1447995600.0	70.77	56	8
snapshot_11_20_2015_0_0.json	1447995600.0	70.77	56	8
snapshot_11_21_2015_12_0.json	1448125200.0	70.77	56	8
snapshot_11_22_2015_0_0.json	1448168400.0	70.77	56	8
snapshot_11_22_2015_12_0.json	1448211600.0	70.77	56	8
snapshot_11_22_2015_18_0.json	1448233200.0	70.77	56	8
snapshot_11_22_2015_6_0.json	1448190000.0	70.77	56	8
snapshot_11_23_2015_0_0.json	1448254800.0	70.77	56	8
snapshot_11_23_2015_12_0.json	1448298000.0	70.77	56	8
snapshot_11_23_2015_18_0.json	1448319600.0	70.77	56	8
snapshot_11_23_2015_18_0.json	1448319600.0	70.77	56	8
snapshot_11_23_2015_6_0.json	1448276400.0	70.77	56	8
snapshot_11_24_2015_0_0.json	1448341200.0	70.77	56	8
snapshot_11_24_2015_12_0.json	1448384400.0	0	0	0
snapshot_11_24_2015_18_0.json	1448406000.0	0	0	0
snapshot_11_24_2015_6_0.json	1448362800.0	0	0	0
snapshot_11_24_2015_6_0.json	1448362800.0	0	0	0
snapshot_11_25_2015_0_0.json	1448427600.0	0	0	0
snapshot_11_25_2015_12_0.json	1448470800.0	0	0	0
snapshot_11_25_2015_18_0.json	1448492400.0	0	0	0
snapshot_11_25_2015_6_0.json	1448449200.0	0	0	0
snapshot_11_26_2015_0_0.json	1448514000.0	0	0	0
snapshot_11_26_2015_0_0.json	1448514000.0	0	0	0
9224596	2015-11-24T21:00:00Z	Mac King	Harrahs Showroom at Harrahs Las Vegas	Nevada Las Vegas|689	89109
snapshot_11_17_2015_12_0.json	1447779600.0	70.77	56	8
snapshot_11_17_2015_18_0.json	1447801200.0	70.77	56	8
snapshot_11_17_2015_6_0.json	1447758000.0	70.77	56	8
snapshot_11_17_2015_6_0.json	1447758000.0	70.77	56	8
snapshot_11_18_2015_0_0.json	1447822800.0	70.77	56	8
snapshot_11_18_2015_0_0.json	1447822800.0	70.77	56	8
snapshot_11_18_2015_0_0.json	1447822800.0	70.77	56	8
snapshot_11_18_2015_12_0.json	1447866000.0	70.77	56	8
snapshot_11_18_2015_12_0.json	1447866000.0	70.77	56	8
snapshot_11_18_2015_6_0.json	1447844400.0	70.77	56	8
snapshot_11_19_2015_0_0.json	1447909200.0	70.77	56	8
snapshot_11_20_2015_0_0.json	1447995600.0	70.77	56	8
snapshot_11_20_2015_0_0.json	1447995600.0	70.77	56	8
snapshot_11_21_2015_12_0.json	1448125200.0	70.77	56	8
snapshot_11_22_2015_0_0.json	1448168400.0	70.77	56	8
snapshot_11_22_2015_12_0.json	1448211600.0	70.77	56	8
snapshot_11_22_2015_18_0.json	1448233200.0	70.77	56	8
snapshot_11_22_2015_6_0.json	1448190000.0	70.77	56	8
snapshot_11_23_2015_0_0.json	1448254800.0	70.77	56	8
snapshot_11_23_2015_12_0.json	1448298000.0	70.77	56	8
snapshot_11_23_2015_18_0.json	1448319600.0	70.77	56	8
snapshot_11_23_2015_18_0.json	1448319600.0	70.77	56	8
snapshot_11_23_2015_6_0.json	1448276400.0	70.77	56	8
snapshot_11_24_2015_0_0.json	1448341200.0	70.77	56	8
snapshot_11_24_2015_12_0.json	1448384400.0	0	0	0
snapshot_11_24_2015_18_0.json	1448406000.0	0	0	0
snapshot_11_24_2015_6_0.json	1448362800.0	0	0	0
snapshot_11_24_2015_6_0.json	1448362800.0	0	0	0
snapshot_11_25_2015_0_0.json	1448427600.0	0	0	0
snapshot_11_25_2015_12_0.json	1448470800.0	0	0	0
snapshot_11_25_2015_18_0.json	1448492400.0	0	0	0
snapshot_11_25_2015_6_0.json	1448449200.0	0	0	0
snapshot_11_26_2015_0_0.json	1448514000.0	0	0	0
snapshot_11_26_2015_0_0.json	1448514000.0	0	0	0
9224596	2015-11-24T21:00:00Z	Mac King	Harrahs Showroom at Harrahs Las Vegas	Nevada Las Vegas|689	89109
snapshot_11_17_2015_12_0.json	1447779600.0	70.77	56	8
snapshot_11_17_2015_18_0.json	1447801200.0	70.77	56	8
snapshot_11_17_2015_6_0.json	1447758000.0	70.77	56	8
snapshot_11_17_2015_6_0.json	1447758000.0	70.77	56	8
snapshot_11_18_2015_0_0.json	1447822800.0	70.77	56	8
snapshot_11_18_2015_0_0.json	1447822800.0	70.77	56	8
snapshot_11_18_2015_0_0.json	1447822800.0	70.77	56	8
snapshot_11_18_2015_12_0.json	1447866000.0	70.77	56	8
snapshot_11_18_2015_12_0.json	1447866000.0	70.77	56	8
snapshot_11_18_2015_6_0.json	1447844400.0	70.77	56	8
snapshot_11_19_2015_0_0.json	1447909200.0	70.77	56	8
snapshot_11_20_2015_0_0.json	1447995600.0	70.77	56	8
snapshot_11_20_2015_0_0.json	1447995600.0	70.77	56	8
snapshot_11_21_2015_12_0.json	1448125200.0	70.77	56	8
snapshot_11_22_2015_0_0.json	1448168400.0	70.77	56	8
snapshot_11_22_2015_12_0.json	1448211600.0	70.77	56	8
snapshot_11_22_2015_18_0.json	1448233200.0	70.77	56	8
snapshot_11_22_2015_6_0.json	1448190000.0	70.77	56	8
snapshot_11_23_2015_0_0.json	1448254800.0	70.77	56	8
snapshot_11_23_2015_12_0.json	1448298000.0	70.77	56	8
snapshot_11_23_2015_18_0.json	1448319600.0	70.77	56	8
snapshot_11_23_2015_18_0.json	1448319600.0	70.77	56	8
snapshot_11_23_2015_6_0.json	1448276400.0	70.77	56	8
snapshot_11_24_2015_0_0.json	1448341200.0	70.77	56	8
snapshot_11_24_2015_12_0.json	1448384400.0	0	0	0
snapshot_11_24_2015_18_0.json	1448406000.0	0	0	0
snapshot_11_24_2015_6_0.json	1448362800.0	0	0	0
snapshot_11_24_2015_6_0.json	1448362800.0	0	0	0
snapshot_11_25_2015_0_0.json	1448427600.0	0	0	0
snapshot_11_25_2015_12_0.json	1448470800.0	0	0	0
snapshot_11_25_2015_18_0.json	1448492400.0	0	0	0
snapshot_11_25_2015_6_0.json	1448449200.0	0	0	0
snapshot_11_26_2015_0_0.json	1448514000.0	0	0	0
snapshot_11_26_2015_0_0.json	1448514000.0	0	0	0
