9225312	2016-01-14T02:00:00Z	Disney On Ice Frozen	Talking Stick Resort Arena	Arizona Phoenix|226	85004
snapshot_11_16_2015_0_0.json	1447650000.0	55.01	424	320
snapshot_11_17_2015_0_0.json	1447736400.0	55.01	236	312
snapshot_11_17_2015_12_0.json	1447779600.0	55.01	416	312
snapshot_11_17_2015_18_0.json	1447801200.0	55.01	236	312
snapshot_11_18_2015_0_0.json	1447822800.0	58.66	236	306
snapshot_11_18_2015_0_0.json	1447822800.0	58.66	236	306
snapshot_11_18_2015_0_0.json	1447822800.0	58.66	236	306
snapshot_11_18_2015_12_0.json	1447866000.0	60.98	432	314
snapshot_11_18_2015_18_0.json	1447887600.0	60.98	432	306
snapshot_11_18_2015_6_0.json	1447844400.0	59.83	236	306
snapshot_11_19_2015_0_0.json	1447909200.0	59.83	432	318
snapshot_11_19_2015_12_0.json	1447952400.0	60.98	432	310
snapshot_11_21_2015_12_0.json	1448125200.0	62.17	432	300
snapshot_11_21_2015_18_0.json	1448146800.0	59.83	432	304
snapshot_11_22_2015_0_0.json	1448168400.0	59.83	236	294
snapshot_11_22_2015_12_0.json	1448211600.0	62.17	432	304
snapshot_11_22_2015_18_0.json	1448233200.0	59.83	432	301
snapshot_11_22_2015_6_0.json	1448190000.0	59.83	236	294
snapshot_11_23_2015_0_0.json	1448254800.0	59.83	236	291
snapshot_11_23_2015_12_0.json	1448298000.0	62.17	424	291
snapshot_11_23_2015_18_0.json	1448319600.0	61	424	291
snapshot_11_23_2015_6_0.json	1448276400.0	59.83	236	295
snapshot_11_24_2015_0_0.json	1448341200.0	59.83	236	295
snapshot_11_24_2015_12_0.json	1448384400.0	59.83	432	301
snapshot_11_24_2015_18_0.json	1448406000.0	59.83	236	291
snapshot_11_24_2015_6_0.json	1448362800.0	59.83	236	291
snapshot_11_25_2015_0_0.json	1448427600.0	59.83	236	291
snapshot_11_25_2015_12_0.json	1448470800.0	59.83	236	295
snapshot_11_25_2015_18_0.json	1448492400.0	59.83	236	291
snapshot_11_25_2015_6_0.json	1448449200.0	59.83	236	291
snapshot_11_27_2015_18_0.json	1448665200.0	52.81	236	293
snapshot_11_28_2015_0_0.json	1448686800.0	52.81	236	305
snapshot_11_28_2015_0_0.json	1448686800.0	52.81	236	305
snapshot_11_28_2015_12_0.json	1448730000.0	52.81	236	305
snapshot_11_28_2015_18_0.json	1448751600.0	59.83	236	305
snapshot_11_28_2015_6_0.json	1448708400.0	52.81	236	305
snapshot_11_28_2015_6_0.json	1448708400.0	52.81	236	305
snapshot_11_29_2015_12_0.json	1448816400.0	52.81	432	311
snapshot_11_29_2015_6_0.json	1448794800.0	52.81	236	305
snapshot_11_29_2015_6_0.json	1448794800.0	52.81	236	305
snapshot_11_30_2015_0_0.json	1448859600.0	52.81	236	305
snapshot_11_30_2015_0_0.json	1448859600.0	52.81	236	305
snapshot_11_30_2015_12_0.json	1448902800.0	62.17	432	306
snapshot_11_30_2015_18_0.json	1448924400.0	52.81	236	296
snapshot_11_30_2015_6_0.json	1448881200.0	52.81	236	300
snapshot_12_1_2015_0_0.json	1448946000.0	52.81	236	294
snapshot_12_1_2015_18_0.json	1449010800.0	51.11	236	308
snapshot_12_1_2015_6_0.json	1448967600.0	52.81	236	292
snapshot_12_2_2015_0_0.json	1449032400.0	52.81	236	316
snapshot_12_2_2015_12_0.json	1449075600.0	56.85	432	306
snapshot_12_2_2015_12_0.json	1449075600.0	56.85	432	306
snapshot_12_2_2015_18_0.json	1449097200.0	52.81	236	306
snapshot_12_2_2015_6_0.json	1449054000.0	52.81	236	306
snapshot_12_2_2015_6_0.json	1449054000.0	52.81	236	306
snapshot_12_3_2015_0_0.json	1449118800.0	52.81	236	324
snapshot_12_3_2015_0_0.json	1449118800.0	52.81	236	324
snapshot_12_3_2015_12_0.json	1449162000.0	52.81	236	322
snapshot_12_3_2015_18_0.json	1449183600.0	52.81	236	322
snapshot_12_3_2015_18_0.json	1449183600.0	52.81	236	322
snapshot_12_3_2015_6_0.json	1449140400.0	56.85	432	324
snapshot_12_4_2015_0_0.json	1449205200.0	52.81	236	322
snapshot_12_4_2015_12_0.json	1449248400.0	52.81	432	328
snapshot_12_4_2015_18_0.json	1449270000.0	52.81	236	320
snapshot_12_4_2015_6_0.json	1449226800.0	52.81	236	322
snapshot_12_5_2015_0_0.json	1449291600.0	52.81	236	320
snapshot_12_5_2015_12_0.json	1449334800.0	56.85	432	330
snapshot_12_5_2015_18_0.json	1449356400.0	52.81	236	316
snapshot_12_5_2015_6_0.json	1449313200.0	52.81	236	320
9225312	2016-01-14T02:00:00Z	Disney On Ice Frozen	Talking Stick Resort Arena	Arizona Phoenix|226	85004
snapshot_11_16_2015_0_0.json	1447650000.0	55.01	424	320
snapshot_11_17_2015_0_0.json	1447736400.0	55.01	236	312
snapshot_11_17_2015_12_0.json	1447779600.0	55.01	416	312
snapshot_11_17_2015_18_0.json	1447801200.0	55.01	236	312
snapshot_11_18_2015_0_0.json	1447822800.0	58.66	236	306
snapshot_11_18_2015_0_0.json	1447822800.0	58.66	236	306
snapshot_11_18_2015_0_0.json	1447822800.0	58.66	236	306
snapshot_11_18_2015_12_0.json	1447866000.0	60.98	432	314
snapshot_11_18_2015_18_0.json	1447887600.0	60.98	432	306
snapshot_11_18_2015_6_0.json	1447844400.0	59.83	236	306
snapshot_11_19_2015_0_0.json	1447909200.0	59.83	432	318
snapshot_11_19_2015_12_0.json	1447952400.0	60.98	432	310
snapshot_11_21_2015_12_0.json	1448125200.0	62.17	432	300
snapshot_11_21_2015_18_0.json	1448146800.0	59.83	432	304
snapshot_11_22_2015_0_0.json	1448168400.0	59.83	236	294
snapshot_11_22_2015_12_0.json	1448211600.0	62.17	432	304
snapshot_11_22_2015_18_0.json	1448233200.0	59.83	432	301
snapshot_11_22_2015_6_0.json	1448190000.0	59.83	236	294
snapshot_11_23_2015_0_0.json	1448254800.0	59.83	236	291
snapshot_11_23_2015_12_0.json	1448298000.0	62.17	424	291
snapshot_11_23_2015_18_0.json	1448319600.0	61	424	291
snapshot_11_23_2015_6_0.json	1448276400.0	59.83	236	295
snapshot_11_24_2015_0_0.json	1448341200.0	59.83	236	295
snapshot_11_24_2015_12_0.json	1448384400.0	59.83	432	301
snapshot_11_24_2015_18_0.json	1448406000.0	59.83	236	291
snapshot_11_24_2015_6_0.json	1448362800.0	59.83	236	291
snapshot_11_25_2015_0_0.json	1448427600.0	59.83	236	291
snapshot_11_25_2015_12_0.json	1448470800.0	59.83	236	295
snapshot_11_25_2015_18_0.json	1448492400.0	59.83	236	291
snapshot_11_25_2015_6_0.json	1448449200.0	59.83	236	291
snapshot_11_27_2015_18_0.json	1448665200.0	52.81	236	293
snapshot_11_28_2015_0_0.json	1448686800.0	52.81	236	305
snapshot_11_28_2015_0_0.json	1448686800.0	52.81	236	305
snapshot_11_28_2015_12_0.json	1448730000.0	52.81	236	305
snapshot_11_28_2015_18_0.json	1448751600.0	59.83	236	305
snapshot_11_28_2015_6_0.json	1448708400.0	52.81	236	305
snapshot_11_28_2015_6_0.json	1448708400.0	52.81	236	305
snapshot_11_29_2015_12_0.json	1448816400.0	52.81	432	311
snapshot_11_29_2015_6_0.json	1448794800.0	52.81	236	305
snapshot_11_29_2015_6_0.json	1448794800.0	52.81	236	305
snapshot_11_30_2015_0_0.json	1448859600.0	52.81	236	305
snapshot_11_30_2015_0_0.json	1448859600.0	52.81	236	305
snapshot_11_30_2015_12_0.json	1448902800.0	62.17	432	306
snapshot_11_30_2015_18_0.json	1448924400.0	52.81	236	296
snapshot_11_30_2015_6_0.json	1448881200.0	52.81	236	300
snapshot_12_1_2015_0_0.json	1448946000.0	52.81	236	294
snapshot_12_1_2015_18_0.json	1449010800.0	51.11	236	308
snapshot_12_1_2015_6_0.json	1448967600.0	52.81	236	292
snapshot_12_2_2015_0_0.json	1449032400.0	52.81	236	316
snapshot_12_2_2015_12_0.json	1449075600.0	56.85	432	306
snapshot_12_2_2015_12_0.json	1449075600.0	56.85	432	306
snapshot_12_2_2015_18_0.json	1449097200.0	52.81	236	306
snapshot_12_2_2015_6_0.json	1449054000.0	52.81	236	306
snapshot_12_2_2015_6_0.json	1449054000.0	52.81	236	306
snapshot_12_3_2015_0_0.json	1449118800.0	52.81	236	324
snapshot_12_3_2015_0_0.json	1449118800.0	52.81	236	324
snapshot_12_3_2015_12_0.json	1449162000.0	52.81	236	322
snapshot_12_3_2015_18_0.json	1449183600.0	52.81	236	322
snapshot_12_3_2015_18_0.json	1449183600.0	52.81	236	322
snapshot_12_3_2015_6_0.json	1449140400.0	56.85	432	324
snapshot_12_4_2015_0_0.json	1449205200.0	52.81	236	322
snapshot_12_4_2015_12_0.json	1449248400.0	52.81	432	328
snapshot_12_4_2015_18_0.json	1449270000.0	52.81	236	320
snapshot_12_4_2015_6_0.json	1449226800.0	52.81	236	322
snapshot_12_5_2015_0_0.json	1449291600.0	52.81	236	320
snapshot_12_5_2015_12_0.json	1449334800.0	56.85	432	330
snapshot_12_5_2015_18_0.json	1449356400.0	52.81	236	316
snapshot_12_5_2015_6_0.json	1449313200.0	52.81	236	320
9225312	2016-01-14T02:00:00Z	Disney On Ice Frozen	Talking Stick Resort Arena	Arizona Phoenix|226	85004
snapshot_11_16_2015_0_0.json	1447650000.0	55.01	424	320
snapshot_11_17_2015_0_0.json	1447736400.0	55.01	236	312
snapshot_11_17_2015_12_0.json	1447779600.0	55.01	416	312
snapshot_11_17_2015_18_0.json	1447801200.0	55.01	236	312
snapshot_11_18_2015_0_0.json	1447822800.0	58.66	236	306
snapshot_11_18_2015_0_0.json	1447822800.0	58.66	236	306
snapshot_11_18_2015_0_0.json	1447822800.0	58.66	236	306
snapshot_11_18_2015_12_0.json	1447866000.0	60.98	432	314
snapshot_11_18_2015_18_0.json	1447887600.0	60.98	432	306
snapshot_11_18_2015_6_0.json	1447844400.0	59.83	236	306
snapshot_11_19_2015_0_0.json	1447909200.0	59.83	432	318
snapshot_11_19_2015_12_0.json	1447952400.0	60.98	432	310
snapshot_11_21_2015_12_0.json	1448125200.0	62.17	432	300
snapshot_11_21_2015_18_0.json	1448146800.0	59.83	432	304
snapshot_11_22_2015_0_0.json	1448168400.0	59.83	236	294
snapshot_11_22_2015_12_0.json	1448211600.0	62.17	432	304
snapshot_11_22_2015_18_0.json	1448233200.0	59.83	432	301
snapshot_11_22_2015_6_0.json	1448190000.0	59.83	236	294
snapshot_11_23_2015_0_0.json	1448254800.0	59.83	236	291
snapshot_11_23_2015_12_0.json	1448298000.0	62.17	424	291
snapshot_11_23_2015_18_0.json	1448319600.0	61	424	291
snapshot_11_23_2015_6_0.json	1448276400.0	59.83	236	295
snapshot_11_24_2015_0_0.json	1448341200.0	59.83	236	295
snapshot_11_24_2015_12_0.json	1448384400.0	59.83	432	301
snapshot_11_24_2015_18_0.json	1448406000.0	59.83	236	291
snapshot_11_24_2015_6_0.json	1448362800.0	59.83	236	291
snapshot_11_25_2015_0_0.json	1448427600.0	59.83	236	291
snapshot_11_25_2015_12_0.json	1448470800.0	59.83	236	295
snapshot_11_25_2015_18_0.json	1448492400.0	59.83	236	291
snapshot_11_25_2015_6_0.json	1448449200.0	59.83	236	291
snapshot_11_27_2015_18_0.json	1448665200.0	52.81	236	293
snapshot_11_28_2015_0_0.json	1448686800.0	52.81	236	305
snapshot_11_28_2015_0_0.json	1448686800.0	52.81	236	305
snapshot_11_28_2015_12_0.json	1448730000.0	52.81	236	305
snapshot_11_28_2015_18_0.json	1448751600.0	59.83	236	305
snapshot_11_28_2015_6_0.json	1448708400.0	52.81	236	305
snapshot_11_28_2015_6_0.json	1448708400.0	52.81	236	305
snapshot_11_29_2015_12_0.json	1448816400.0	52.81	432	311
snapshot_11_29_2015_6_0.json	1448794800.0	52.81	236	305
snapshot_11_29_2015_6_0.json	1448794800.0	52.81	236	305
snapshot_11_30_2015_0_0.json	1448859600.0	52.81	236	305
snapshot_11_30_2015_0_0.json	1448859600.0	52.81	236	305
snapshot_11_30_2015_12_0.json	1448902800.0	62.17	432	306
snapshot_11_30_2015_18_0.json	1448924400.0	52.81	236	296
snapshot_11_30_2015_6_0.json	1448881200.0	52.81	236	300
snapshot_12_1_2015_0_0.json	1448946000.0	52.81	236	294
snapshot_12_1_2015_18_0.json	1449010800.0	51.11	236	308
snapshot_12_1_2015_6_0.json	1448967600.0	52.81	236	292
snapshot_12_2_2015_0_0.json	1449032400.0	52.81	236	316
snapshot_12_2_2015_12_0.json	1449075600.0	56.85	432	306
snapshot_12_2_2015_12_0.json	1449075600.0	56.85	432	306
snapshot_12_2_2015_18_0.json	1449097200.0	52.81	236	306
snapshot_12_2_2015_6_0.json	1449054000.0	52.81	236	306
snapshot_12_2_2015_6_0.json	1449054000.0	52.81	236	306
snapshot_12_3_2015_0_0.json	1449118800.0	52.81	236	324
snapshot_12_3_2015_0_0.json	1449118800.0	52.81	236	324
snapshot_12_3_2015_12_0.json	1449162000.0	52.81	236	322
snapshot_12_3_2015_18_0.json	1449183600.0	52.81	236	322
snapshot_12_3_2015_18_0.json	1449183600.0	52.81	236	322
snapshot_12_3_2015_6_0.json	1449140400.0	56.85	432	324
snapshot_12_4_2015_0_0.json	1449205200.0	52.81	236	322
snapshot_12_4_2015_12_0.json	1449248400.0	52.81	432	328
snapshot_12_4_2015_18_0.json	1449270000.0	52.81	236	320
snapshot_12_4_2015_6_0.json	1449226800.0	52.81	236	322
snapshot_12_5_2015_0_0.json	1449291600.0	52.81	236	320
snapshot_12_5_2015_12_0.json	1449334800.0	56.85	432	330
snapshot_12_5_2015_18_0.json	1449356400.0	52.81	236	316
snapshot_12_5_2015_6_0.json	1449313200.0	52.81	236	320
9225312	2016-01-14T02:00:00Z	Disney On Ice Frozen	Talking Stick Resort Arena	Arizona Phoenix|226	85004
snapshot_11_16_2015_0_0.json	1447650000.0	55.01	424	320
snapshot_11_17_2015_0_0.json	1447736400.0	55.01	236	312
snapshot_11_17_2015_12_0.json	1447779600.0	55.01	416	312
snapshot_11_17_2015_18_0.json	1447801200.0	55.01	236	312
snapshot_11_18_2015_0_0.json	1447822800.0	58.66	236	306
snapshot_11_18_2015_0_0.json	1447822800.0	58.66	236	306
snapshot_11_18_2015_0_0.json	1447822800.0	58.66	236	306
snapshot_11_18_2015_12_0.json	1447866000.0	60.98	432	314
snapshot_11_18_2015_18_0.json	1447887600.0	60.98	432	306
snapshot_11_18_2015_6_0.json	1447844400.0	59.83	236	306
snapshot_11_19_2015_0_0.json	1447909200.0	59.83	432	318
snapshot_11_19_2015_12_0.json	1447952400.0	60.98	432	310
snapshot_11_21_2015_12_0.json	1448125200.0	62.17	432	300
snapshot_11_21_2015_18_0.json	1448146800.0	59.83	432	304
snapshot_11_22_2015_0_0.json	1448168400.0	59.83	236	294
snapshot_11_22_2015_12_0.json	1448211600.0	62.17	432	304
snapshot_11_22_2015_18_0.json	1448233200.0	59.83	432	301
snapshot_11_22_2015_6_0.json	1448190000.0	59.83	236	294
snapshot_11_23_2015_0_0.json	1448254800.0	59.83	236	291
snapshot_11_23_2015_12_0.json	1448298000.0	62.17	424	291
snapshot_11_23_2015_18_0.json	1448319600.0	61	424	291
snapshot_11_23_2015_6_0.json	1448276400.0	59.83	236	295
snapshot_11_24_2015_0_0.json	1448341200.0	59.83	236	295
snapshot_11_24_2015_12_0.json	1448384400.0	59.83	432	301
snapshot_11_24_2015_18_0.json	1448406000.0	59.83	236	291
snapshot_11_24_2015_6_0.json	1448362800.0	59.83	236	291
snapshot_11_25_2015_0_0.json	1448427600.0	59.83	236	291
snapshot_11_25_2015_12_0.json	1448470800.0	59.83	236	295
snapshot_11_25_2015_18_0.json	1448492400.0	59.83	236	291
snapshot_11_25_2015_6_0.json	1448449200.0	59.83	236	291
snapshot_11_27_2015_18_0.json	1448665200.0	52.81	236	293
snapshot_11_28_2015_0_0.json	1448686800.0	52.81	236	305
snapshot_11_28_2015_0_0.json	1448686800.0	52.81	236	305
snapshot_11_28_2015_12_0.json	1448730000.0	52.81	236	305
snapshot_11_28_2015_18_0.json	1448751600.0	59.83	236	305
snapshot_11_28_2015_6_0.json	1448708400.0	52.81	236	305
snapshot_11_28_2015_6_0.json	1448708400.0	52.81	236	305
snapshot_11_29_2015_12_0.json	1448816400.0	52.81	432	311
snapshot_11_29_2015_6_0.json	1448794800.0	52.81	236	305
snapshot_11_29_2015_6_0.json	1448794800.0	52.81	236	305
snapshot_11_30_2015_0_0.json	1448859600.0	52.81	236	305
snapshot_11_30_2015_0_0.json	1448859600.0	52.81	236	305
snapshot_11_30_2015_12_0.json	1448902800.0	62.17	432	306
snapshot_11_30_2015_18_0.json	1448924400.0	52.81	236	296
snapshot_11_30_2015_6_0.json	1448881200.0	52.81	236	300
snapshot_12_1_2015_0_0.json	1448946000.0	52.81	236	294
snapshot_12_1_2015_18_0.json	1449010800.0	51.11	236	308
snapshot_12_1_2015_6_0.json	1448967600.0	52.81	236	292
snapshot_12_2_2015_0_0.json	1449032400.0	52.81	236	316
snapshot_12_2_2015_12_0.json	1449075600.0	56.85	432	306
snapshot_12_2_2015_12_0.json	1449075600.0	56.85	432	306
snapshot_12_2_2015_18_0.json	1449097200.0	52.81	236	306
snapshot_12_2_2015_6_0.json	1449054000.0	52.81	236	306
snapshot_12_2_2015_6_0.json	1449054000.0	52.81	236	306
snapshot_12_3_2015_0_0.json	1449118800.0	52.81	236	324
snapshot_12_3_2015_0_0.json	1449118800.0	52.81	236	324
snapshot_12_3_2015_12_0.json	1449162000.0	52.81	236	322
snapshot_12_3_2015_18_0.json	1449183600.0	52.81	236	322
snapshot_12_3_2015_18_0.json	1449183600.0	52.81	236	322
snapshot_12_3_2015_6_0.json	1449140400.0	56.85	432	324
snapshot_12_4_2015_0_0.json	1449205200.0	52.81	236	322
snapshot_12_4_2015_12_0.json	1449248400.0	52.81	432	328
snapshot_12_4_2015_18_0.json	1449270000.0	52.81	236	320
snapshot_12_4_2015_6_0.json	1449226800.0	52.81	236	322
snapshot_12_5_2015_0_0.json	1449291600.0	52.81	236	320
snapshot_12_5_2015_12_0.json	1449334800.0	56.85	432	330
snapshot_12_5_2015_18_0.json	1449356400.0	52.81	236	316
snapshot_12_5_2015_6_0.json	1449313200.0	52.81	236	320
