9225198	2015-12-31T03:00:00Z	Motley Crue	STAPLES Center	California Los Angeles Metro|10	90015
snapshot_11_16_2015_0_0.json	1447650000.0	20.74	9000	2699
snapshot_11_17_2015_0_0.json	1447736400.0	20.83	9000	2690
snapshot_11_17_2015_12_0.json	1447779600.0	20.74	9000	2683
snapshot_11_17_2015_18_0.json	1447801200.0	14	9000	2683
snapshot_11_17_2015_6_0.json	1447758000.0	20.74	9000	2690
snapshot_11_18_2015_0_0.json	1447822800.0	20.74	9000	2660
snapshot_11_18_2015_12_0.json	1447866000.0	20.74	9000	2658
snapshot_11_18_2015_18_0.json	1447887600.0	20.74	9000	2662
snapshot_11_18_2015_6_0.json	1447844400.0	20.74	9000	2656
snapshot_11_19_2015_0_0.json	1447909200.0	20.74	9000	2665
snapshot_11_19_2015_12_0.json	1447952400.0	20.74	9000	2664
snapshot_11_19_2015_6_0.json	1447930800.0	20.74	9000	2664
snapshot_11_20_2015_0_0.json	1447995600.0	20.74	9000	2695
snapshot_11_20_2015_12_0.json	1448038800.0	20.4	9000	2715
snapshot_11_21_2015_12_0.json	1448125200.0	20.21	9000	2669
snapshot_11_22_2015_0_0.json	1448168400.0	20.05	9000	2667
snapshot_11_22_2015_12_0.json	1448211600.0	20.05	9000	2667
snapshot_11_22_2015_18_0.json	1448233200.0	20.05	9000	2658
snapshot_11_22_2015_18_0.json	1448233200.0	20.05	9000	2658
snapshot_11_22_2015_6_0.json	1448190000.0	20.05	9000	2667
snapshot_11_22_2015_6_0.json	1448190000.0	20.05	9000	2667
snapshot_11_23_2015_0_0.json	1448254800.0	20.05	9000	2642
snapshot_11_23_2015_12_0.json	1448298000.0	20.05	9000	2631
snapshot_11_23_2015_18_0.json	1448319600.0	19.69	9000	2631
snapshot_11_23_2015_6_0.json	1448276400.0	20.05	9000	2627
snapshot_11_23_2015_6_0.json	1448276400.0	20.05	9000	2627
snapshot_11_24_2015_0_0.json	1448341200.0	19.61	9000	2644
snapshot_11_24_2015_12_0.json	1448384400.0	19.61	9000	2640
snapshot_11_24_2015_18_0.json	1448406000.0	19.61	9000	2640
snapshot_11_25_2015_0_0.json	1448427600.0	18.88	9000	2646
snapshot_11_25_2015_12_0.json	1448470800.0	18.88	9000	2660
snapshot_11_25_2015_18_0.json	1448492400.0	18.88	9000	2660
snapshot_11_25_2015_6_0.json	1448449200.0	18.88	9000	2660
snapshot_11_26_2015_0_0.json	1448514000.0	18.88	9000	2655
snapshot_11_27_2015_18_0.json	1448665200.0	18.88	9000	2682
snapshot_11_28_2015_0_0.json	1448686800.0	18.88	9000	2680
snapshot_11_28_2015_12_0.json	1448730000.0	18.88	9000	2674
snapshot_11_28_2015_18_0.json	1448751600.0	18.88	9000	2671
snapshot_11_28_2015_6_0.json	1448708400.0	18.88	9000	2680
snapshot_11_28_2015_6_0.json	1448708400.0	18.88	9000	2680
snapshot_11_29_2015_0_0.json	1448773200.0	18.88	9000	2657
snapshot_11_29_2015_6_0.json	1448794800.0	18.88	9000	2655
snapshot_11_30_2015_0_0.json	1448859600.0	18.88	9000	2645
snapshot_11_30_2015_12_0.json	1448902800.0	18.88	9000	2640
snapshot_11_30_2015_18_0.json	1448924400.0	18.88	9000	2634
snapshot_11_30_2015_6_0.json	1448881200.0	18.88	9000	2640
snapshot_12_1_2015_0_0.json	1448946000.0	18.88	9000	2639
snapshot_12_1_2015_12_0.json	1448989200.0	18.88	9000	2622
snapshot_12_1_2015_18_0.json	1449010800.0	18.88	9000	2624
snapshot_12_1_2015_6_0.json	1448967600.0	18.88	9000	2622
snapshot_12_2_2015_0_0.json	1449032400.0	18.88	9000	2597
snapshot_12_3_2015_0_0.json	1449118800.0	18.88	9000	2611
snapshot_12_3_2015_12_0.json	1449162000.0	18.88	9000	2630
snapshot_12_3_2015_18_0.json	1449183600.0	18.88	9000	2629
snapshot_12_4_2015_0_0.json	1449205200.0	18.88	9000	2617
snapshot_12_4_2015_12_0.json	1449248400.0	19.97	9000	2603
snapshot_12_4_2015_18_0.json	1449270000.0	19.97	9000	2596
snapshot_12_4_2015_6_0.json	1449226800.0	19.97	9000	2610
snapshot_12_5_2015_0_0.json	1449291600.0	19.97	9000	2585
snapshot_12_5_2015_12_0.json	1449334800.0	19.97	9000	2576
snapshot_12_5_2015_18_0.json	1449356400.0	19.97	9000	2574
9225198	2015-12-31T03:00:00Z	Motley Crue	STAPLES Center	California Los Angeles Metro|10	90015
snapshot_11_16_2015_0_0.json	1447650000.0	20.74	9000	2699
snapshot_11_17_2015_0_0.json	1447736400.0	20.83	9000	2690
snapshot_11_17_2015_12_0.json	1447779600.0	20.74	9000	2683
snapshot_11_17_2015_18_0.json	1447801200.0	14	9000	2683
snapshot_11_17_2015_6_0.json	1447758000.0	20.74	9000	2690
snapshot_11_18_2015_0_0.json	1447822800.0	20.74	9000	2660
snapshot_11_18_2015_12_0.json	1447866000.0	20.74	9000	2658
snapshot_11_18_2015_18_0.json	1447887600.0	20.74	9000	2662
snapshot_11_18_2015_6_0.json	1447844400.0	20.74	9000	2656
snapshot_11_19_2015_0_0.json	1447909200.0	20.74	9000	2665
snapshot_11_19_2015_12_0.json	1447952400.0	20.74	9000	2664
snapshot_11_19_2015_6_0.json	1447930800.0	20.74	9000	2664
snapshot_11_20_2015_0_0.json	1447995600.0	20.74	9000	2695
snapshot_11_20_2015_12_0.json	1448038800.0	20.4	9000	2715
snapshot_11_21_2015_12_0.json	1448125200.0	20.21	9000	2669
snapshot_11_22_2015_0_0.json	1448168400.0	20.05	9000	2667
snapshot_11_22_2015_12_0.json	1448211600.0	20.05	9000	2667
snapshot_11_22_2015_18_0.json	1448233200.0	20.05	9000	2658
snapshot_11_22_2015_18_0.json	1448233200.0	20.05	9000	2658
snapshot_11_22_2015_6_0.json	1448190000.0	20.05	9000	2667
snapshot_11_22_2015_6_0.json	1448190000.0	20.05	9000	2667
snapshot_11_23_2015_0_0.json	1448254800.0	20.05	9000	2642
snapshot_11_23_2015_12_0.json	1448298000.0	20.05	9000	2631
snapshot_11_23_2015_18_0.json	1448319600.0	19.69	9000	2631
snapshot_11_23_2015_6_0.json	1448276400.0	20.05	9000	2627
snapshot_11_23_2015_6_0.json	1448276400.0	20.05	9000	2627
snapshot_11_24_2015_0_0.json	1448341200.0	19.61	9000	2644
snapshot_11_24_2015_12_0.json	1448384400.0	19.61	9000	2640
snapshot_11_24_2015_18_0.json	1448406000.0	19.61	9000	2640
snapshot_11_25_2015_0_0.json	1448427600.0	18.88	9000	2646
snapshot_11_25_2015_12_0.json	1448470800.0	18.88	9000	2660
snapshot_11_25_2015_18_0.json	1448492400.0	18.88	9000	2660
snapshot_11_25_2015_6_0.json	1448449200.0	18.88	9000	2660
snapshot_11_26_2015_0_0.json	1448514000.0	18.88	9000	2655
snapshot_11_27_2015_18_0.json	1448665200.0	18.88	9000	2682
snapshot_11_28_2015_0_0.json	1448686800.0	18.88	9000	2680
snapshot_11_28_2015_12_0.json	1448730000.0	18.88	9000	2674
snapshot_11_28_2015_18_0.json	1448751600.0	18.88	9000	2671
snapshot_11_28_2015_6_0.json	1448708400.0	18.88	9000	2680
snapshot_11_28_2015_6_0.json	1448708400.0	18.88	9000	2680
snapshot_11_29_2015_0_0.json	1448773200.0	18.88	9000	2657
snapshot_11_29_2015_6_0.json	1448794800.0	18.88	9000	2655
snapshot_11_30_2015_0_0.json	1448859600.0	18.88	9000	2645
snapshot_11_30_2015_12_0.json	1448902800.0	18.88	9000	2640
snapshot_11_30_2015_18_0.json	1448924400.0	18.88	9000	2634
snapshot_11_30_2015_6_0.json	1448881200.0	18.88	9000	2640
snapshot_12_1_2015_0_0.json	1448946000.0	18.88	9000	2639
snapshot_12_1_2015_12_0.json	1448989200.0	18.88	9000	2622
snapshot_12_1_2015_18_0.json	1449010800.0	18.88	9000	2624
snapshot_12_1_2015_6_0.json	1448967600.0	18.88	9000	2622
snapshot_12_2_2015_0_0.json	1449032400.0	18.88	9000	2597
snapshot_12_3_2015_0_0.json	1449118800.0	18.88	9000	2611
snapshot_12_3_2015_12_0.json	1449162000.0	18.88	9000	2630
snapshot_12_3_2015_18_0.json	1449183600.0	18.88	9000	2629
snapshot_12_4_2015_0_0.json	1449205200.0	18.88	9000	2617
snapshot_12_4_2015_12_0.json	1449248400.0	19.97	9000	2603
snapshot_12_4_2015_18_0.json	1449270000.0	19.97	9000	2596
snapshot_12_4_2015_6_0.json	1449226800.0	19.97	9000	2610
snapshot_12_5_2015_0_0.json	1449291600.0	19.97	9000	2585
snapshot_12_5_2015_12_0.json	1449334800.0	19.97	9000	2576
snapshot_12_5_2015_18_0.json	1449356400.0	19.97	9000	2574
9225198	2015-12-31T03:00:00Z	Motley Crue	STAPLES Center	California Los Angeles Metro|10	90015
snapshot_11_16_2015_0_0.json	1447650000.0	20.74	9000	2699
snapshot_11_17_2015_0_0.json	1447736400.0	20.83	9000	2690
snapshot_11_17_2015_12_0.json	1447779600.0	20.74	9000	2683
snapshot_11_17_2015_18_0.json	1447801200.0	14	9000	2683
snapshot_11_17_2015_6_0.json	1447758000.0	20.74	9000	2690
snapshot_11_18_2015_0_0.json	1447822800.0	20.74	9000	2660
snapshot_11_18_2015_12_0.json	1447866000.0	20.74	9000	2658
snapshot_11_18_2015_18_0.json	1447887600.0	20.74	9000	2662
snapshot_11_18_2015_6_0.json	1447844400.0	20.74	9000	2656
snapshot_11_19_2015_0_0.json	1447909200.0	20.74	9000	2665
snapshot_11_19_2015_12_0.json	1447952400.0	20.74	9000	2664
snapshot_11_19_2015_6_0.json	1447930800.0	20.74	9000	2664
snapshot_11_20_2015_0_0.json	1447995600.0	20.74	9000	2695
snapshot_11_20_2015_12_0.json	1448038800.0	20.4	9000	2715
snapshot_11_21_2015_12_0.json	1448125200.0	20.21	9000	2669
snapshot_11_22_2015_0_0.json	1448168400.0	20.05	9000	2667
snapshot_11_22_2015_12_0.json	1448211600.0	20.05	9000	2667
snapshot_11_22_2015_18_0.json	1448233200.0	20.05	9000	2658
snapshot_11_22_2015_18_0.json	1448233200.0	20.05	9000	2658
snapshot_11_22_2015_6_0.json	1448190000.0	20.05	9000	2667
snapshot_11_22_2015_6_0.json	1448190000.0	20.05	9000	2667
snapshot_11_23_2015_0_0.json	1448254800.0	20.05	9000	2642
snapshot_11_23_2015_12_0.json	1448298000.0	20.05	9000	2631
snapshot_11_23_2015_18_0.json	1448319600.0	19.69	9000	2631
snapshot_11_23_2015_6_0.json	1448276400.0	20.05	9000	2627
snapshot_11_23_2015_6_0.json	1448276400.0	20.05	9000	2627
snapshot_11_24_2015_0_0.json	1448341200.0	19.61	9000	2644
snapshot_11_24_2015_12_0.json	1448384400.0	19.61	9000	2640
snapshot_11_24_2015_18_0.json	1448406000.0	19.61	9000	2640
snapshot_11_25_2015_0_0.json	1448427600.0	18.88	9000	2646
snapshot_11_25_2015_12_0.json	1448470800.0	18.88	9000	2660
snapshot_11_25_2015_18_0.json	1448492400.0	18.88	9000	2660
snapshot_11_25_2015_6_0.json	1448449200.0	18.88	9000	2660
snapshot_11_26_2015_0_0.json	1448514000.0	18.88	9000	2655
snapshot_11_27_2015_18_0.json	1448665200.0	18.88	9000	2682
snapshot_11_28_2015_0_0.json	1448686800.0	18.88	9000	2680
snapshot_11_28_2015_12_0.json	1448730000.0	18.88	9000	2674
snapshot_11_28_2015_18_0.json	1448751600.0	18.88	9000	2671
snapshot_11_28_2015_6_0.json	1448708400.0	18.88	9000	2680
snapshot_11_28_2015_6_0.json	1448708400.0	18.88	9000	2680
snapshot_11_29_2015_0_0.json	1448773200.0	18.88	9000	2657
snapshot_11_29_2015_6_0.json	1448794800.0	18.88	9000	2655
snapshot_11_30_2015_0_0.json	1448859600.0	18.88	9000	2645
snapshot_11_30_2015_12_0.json	1448902800.0	18.88	9000	2640
snapshot_11_30_2015_18_0.json	1448924400.0	18.88	9000	2634
snapshot_11_30_2015_6_0.json	1448881200.0	18.88	9000	2640
snapshot_12_1_2015_0_0.json	1448946000.0	18.88	9000	2639
snapshot_12_1_2015_12_0.json	1448989200.0	18.88	9000	2622
snapshot_12_1_2015_18_0.json	1449010800.0	18.88	9000	2624
snapshot_12_1_2015_6_0.json	1448967600.0	18.88	9000	2622
snapshot_12_2_2015_0_0.json	1449032400.0	18.88	9000	2597
snapshot_12_3_2015_0_0.json	1449118800.0	18.88	9000	2611
snapshot_12_3_2015_12_0.json	1449162000.0	18.88	9000	2630
snapshot_12_3_2015_18_0.json	1449183600.0	18.88	9000	2629
snapshot_12_4_2015_0_0.json	1449205200.0	18.88	9000	2617
snapshot_12_4_2015_12_0.json	1449248400.0	19.97	9000	2603
snapshot_12_4_2015_18_0.json	1449270000.0	19.97	9000	2596
snapshot_12_4_2015_6_0.json	1449226800.0	19.97	9000	2610
snapshot_12_5_2015_0_0.json	1449291600.0	19.97	9000	2585
snapshot_12_5_2015_12_0.json	1449334800.0	19.97	9000	2576
snapshot_12_5_2015_18_0.json	1449356400.0	19.97	9000	2574
9225198	2015-12-31T03:00:00Z	Motley Crue	STAPLES Center	California Los Angeles Metro|10	90015
snapshot_11_16_2015_0_0.json	1447650000.0	20.74	9000	2699
snapshot_11_17_2015_0_0.json	1447736400.0	20.83	9000	2690
snapshot_11_17_2015_12_0.json	1447779600.0	20.74	9000	2683
snapshot_11_17_2015_18_0.json	1447801200.0	14	9000	2683
snapshot_11_17_2015_6_0.json	1447758000.0	20.74	9000	2690
snapshot_11_18_2015_0_0.json	1447822800.0	20.74	9000	2660
snapshot_11_18_2015_12_0.json	1447866000.0	20.74	9000	2658
snapshot_11_18_2015_18_0.json	1447887600.0	20.74	9000	2662
snapshot_11_18_2015_6_0.json	1447844400.0	20.74	9000	2656
snapshot_11_19_2015_0_0.json	1447909200.0	20.74	9000	2665
snapshot_11_19_2015_12_0.json	1447952400.0	20.74	9000	2664
snapshot_11_19_2015_6_0.json	1447930800.0	20.74	9000	2664
snapshot_11_20_2015_0_0.json	1447995600.0	20.74	9000	2695
snapshot_11_20_2015_12_0.json	1448038800.0	20.4	9000	2715
snapshot_11_21_2015_12_0.json	1448125200.0	20.21	9000	2669
snapshot_11_22_2015_0_0.json	1448168400.0	20.05	9000	2667
snapshot_11_22_2015_12_0.json	1448211600.0	20.05	9000	2667
snapshot_11_22_2015_18_0.json	1448233200.0	20.05	9000	2658
snapshot_11_22_2015_18_0.json	1448233200.0	20.05	9000	2658
snapshot_11_22_2015_6_0.json	1448190000.0	20.05	9000	2667
snapshot_11_22_2015_6_0.json	1448190000.0	20.05	9000	2667
snapshot_11_23_2015_0_0.json	1448254800.0	20.05	9000	2642
snapshot_11_23_2015_12_0.json	1448298000.0	20.05	9000	2631
snapshot_11_23_2015_18_0.json	1448319600.0	19.69	9000	2631
snapshot_11_23_2015_6_0.json	1448276400.0	20.05	9000	2627
snapshot_11_23_2015_6_0.json	1448276400.0	20.05	9000	2627
snapshot_11_24_2015_0_0.json	1448341200.0	19.61	9000	2644
snapshot_11_24_2015_12_0.json	1448384400.0	19.61	9000	2640
snapshot_11_24_2015_18_0.json	1448406000.0	19.61	9000	2640
snapshot_11_25_2015_0_0.json	1448427600.0	18.88	9000	2646
snapshot_11_25_2015_12_0.json	1448470800.0	18.88	9000	2660
snapshot_11_25_2015_18_0.json	1448492400.0	18.88	9000	2660
snapshot_11_25_2015_6_0.json	1448449200.0	18.88	9000	2660
snapshot_11_26_2015_0_0.json	1448514000.0	18.88	9000	2655
snapshot_11_27_2015_18_0.json	1448665200.0	18.88	9000	2682
snapshot_11_28_2015_0_0.json	1448686800.0	18.88	9000	2680
snapshot_11_28_2015_12_0.json	1448730000.0	18.88	9000	2674
snapshot_11_28_2015_18_0.json	1448751600.0	18.88	9000	2671
snapshot_11_28_2015_6_0.json	1448708400.0	18.88	9000	2680
snapshot_11_28_2015_6_0.json	1448708400.0	18.88	9000	2680
snapshot_11_29_2015_0_0.json	1448773200.0	18.88	9000	2657
snapshot_11_29_2015_6_0.json	1448794800.0	18.88	9000	2655
snapshot_11_30_2015_0_0.json	1448859600.0	18.88	9000	2645
snapshot_11_30_2015_12_0.json	1448902800.0	18.88	9000	2640
snapshot_11_30_2015_18_0.json	1448924400.0	18.88	9000	2634
snapshot_11_30_2015_6_0.json	1448881200.0	18.88	9000	2640
snapshot_12_1_2015_0_0.json	1448946000.0	18.88	9000	2639
snapshot_12_1_2015_12_0.json	1448989200.0	18.88	9000	2622
snapshot_12_1_2015_18_0.json	1449010800.0	18.88	9000	2624
snapshot_12_1_2015_6_0.json	1448967600.0	18.88	9000	2622
snapshot_12_2_2015_0_0.json	1449032400.0	18.88	9000	2597
snapshot_12_3_2015_0_0.json	1449118800.0	18.88	9000	2611
snapshot_12_3_2015_12_0.json	1449162000.0	18.88	9000	2630
snapshot_12_3_2015_18_0.json	1449183600.0	18.88	9000	2629
snapshot_12_4_2015_0_0.json	1449205200.0	18.88	9000	2617
snapshot_12_4_2015_12_0.json	1449248400.0	19.97	9000	2603
snapshot_12_4_2015_18_0.json	1449270000.0	19.97	9000	2596
snapshot_12_4_2015_6_0.json	1449226800.0	19.97	9000	2610
snapshot_12_5_2015_0_0.json	1449291600.0	19.97	9000	2585
snapshot_12_5_2015_12_0.json	1449334800.0	19.97	9000	2576
snapshot_12_5_2015_18_0.json	1449356400.0	19.97	9000	2574
