9225318	2016-01-16T18:00:00Z	Disney On Ice Frozen	Talking Stick Resort Arena	Arizona Phoenix|226	85004
snapshot_11_16_2015_0_0.json	1447650000.0	51.64	756	1046
snapshot_11_17_2015_0_0.json	1447736400.0	51.64	275.01	1047
snapshot_11_17_2015_12_0.json	1447779600.0	54.39	756	1046
snapshot_11_17_2015_18_0.json	1447801200.0	51.64	275.01	1046
snapshot_11_18_2015_0_0.json	1447822800.0	51.64	275.01	1046
snapshot_11_18_2015_12_0.json	1447866000.0	54.39	772	1046
snapshot_11_18_2015_18_0.json	1447887600.0	51.64	275.01	1046
snapshot_11_18_2015_6_0.json	1447844400.0	54.39	275.01	1046
snapshot_11_19_2015_0_0.json	1447909200.0	51.64	772	1046
snapshot_11_19_2015_12_0.json	1447952400.0	54.39	772	1046
snapshot_11_19_2015_6_0.json	1447930800.0	54.39	275.01	1046
snapshot_11_21_2015_12_0.json	1448125200.0	54.39	772	1021
snapshot_11_21_2015_18_0.json	1448146800.0	51.64	776	1018
snapshot_11_22_2015_0_0.json	1448168400.0	51.64	776	1031
snapshot_11_22_2015_12_0.json	1448211600.0	54.39	772	1012
snapshot_11_22_2015_18_0.json	1448233200.0	51.64	275.01	1012
snapshot_11_22_2015_18_0.json	1448233200.0	51.64	275.01	1012
snapshot_11_22_2015_6_0.json	1448190000.0	54.39	275.01	1015
snapshot_11_22_2015_6_0.json	1448190000.0	54.39	275.01	1015
snapshot_11_23_2015_0_0.json	1448254800.0	51.64	772	1007
snapshot_11_23_2015_12_0.json	1448298000.0	54.39	772	1007
snapshot_11_23_2015_12_0.json	1448298000.0	54.39	772	1007
snapshot_11_23_2015_18_0.json	1448319600.0	51.64	772	1007
snapshot_11_23_2015_6_0.json	1448276400.0	54.39	275.01	1007
snapshot_11_24_2015_0_0.json	1448341200.0	51.64	275.01	1007
snapshot_11_24_2015_12_0.json	1448384400.0	54.39	776	1009
snapshot_11_24_2015_18_0.json	1448406000.0	51.64	275.01	1003
snapshot_11_24_2015_6_0.json	1448362800.0	54.39	275.01	1003
snapshot_11_25_2015_0_0.json	1448427600.0	51.64	275.01	1006
snapshot_11_25_2015_12_0.json	1448470800.0	54.39	856	1012
snapshot_11_25_2015_18_0.json	1448492400.0	51.64	312	1001
snapshot_11_25_2015_6_0.json	1448449200.0	54.39	275.01	1006
snapshot_11_26_2015_0_0.json	1448514000.0	51.64	275.01	1001
snapshot_11_26_2015_0_0.json	1448514000.0	51.64	275.01	1001
snapshot_11_27_2015_18_0.json	1448665200.0	51.64	275.01	1007
snapshot_11_28_2015_0_0.json	1448686800.0	51.64	275.01	1032
snapshot_11_28_2015_12_0.json	1448730000.0	54.39	856	1042
snapshot_11_28_2015_18_0.json	1448751600.0	51.64	275.01	1033
snapshot_11_28_2015_6_0.json	1448708400.0	54.39	275.01	1032
snapshot_11_28_2015_6_0.json	1448708400.0	54.39	275.01	1032
snapshot_11_29_2015_0_0.json	1448773200.0	51.64	275.01	1033
snapshot_11_29_2015_0_0.json	1448773200.0	51.64	275.01	1033
snapshot_11_29_2015_12_0.json	1448816400.0	54.39	856	1039
snapshot_11_29_2015_18_0.json	1448838000.0	51.64	275.01	1025
snapshot_11_29_2015_6_0.json	1448794800.0	54.39	275.01	1033
snapshot_11_29_2015_6_0.json	1448794800.0	54.39	275.01	1033
snapshot_11_30_2015_0_0.json	1448859600.0	51.64	275.01	1019
snapshot_11_30_2015_12_0.json	1448902800.0	54.39	856	1025
snapshot_11_30_2015_18_0.json	1448924400.0	51.64	360	1010
snapshot_11_30_2015_6_0.json	1448881200.0	54.39	275.01	1019
snapshot_12_1_2015_18_0.json	1449010800.0	51.64	275.01	1009
snapshot_12_1_2015_6_0.json	1448967600.0	54.39	364	1020
snapshot_12_2_2015_12_0.json	1449075600.0	54.39	364	994
snapshot_12_2_2015_18_0.json	1449097200.0	51.64	275.01	983
snapshot_12_3_2015_0_0.json	1449118800.0	45.79	275.01	1021
snapshot_12_3_2015_12_0.json	1449162000.0	48.54	275.01	1022
snapshot_12_3_2015_18_0.json	1449183600.0	45.79	364	1020
snapshot_12_3_2015_6_0.json	1449140400.0	48.54	848	1020
snapshot_12_4_2015_12_0.json	1449248400.0	48.54	852	1006
snapshot_12_4_2015_18_0.json	1449270000.0	45.79	852	995
snapshot_12_5_2015_12_0.json	1449334800.0	48.54	852	997
snapshot_12_5_2015_18_0.json	1449356400.0	45.79	368	982
9225318	2016-01-16T18:00:00Z	Disney On Ice Frozen	Talking Stick Resort Arena	Arizona Phoenix|226	85004
snapshot_11_16_2015_0_0.json	1447650000.0	51.64	756	1046
snapshot_11_17_2015_0_0.json	1447736400.0	51.64	275.01	1047
snapshot_11_17_2015_12_0.json	1447779600.0	54.39	756	1046
snapshot_11_17_2015_18_0.json	1447801200.0	51.64	275.01	1046
snapshot_11_18_2015_0_0.json	1447822800.0	51.64	275.01	1046
snapshot_11_18_2015_12_0.json	1447866000.0	54.39	772	1046
snapshot_11_18_2015_18_0.json	1447887600.0	51.64	275.01	1046
snapshot_11_18_2015_6_0.json	1447844400.0	54.39	275.01	1046
snapshot_11_19_2015_0_0.json	1447909200.0	51.64	772	1046
snapshot_11_19_2015_12_0.json	1447952400.0	54.39	772	1046
snapshot_11_19_2015_6_0.json	1447930800.0	54.39	275.01	1046
snapshot_11_21_2015_12_0.json	1448125200.0	54.39	772	1021
snapshot_11_21_2015_18_0.json	1448146800.0	51.64	776	1018
snapshot_11_22_2015_0_0.json	1448168400.0	51.64	776	1031
snapshot_11_22_2015_12_0.json	1448211600.0	54.39	772	1012
snapshot_11_22_2015_18_0.json	1448233200.0	51.64	275.01	1012
snapshot_11_22_2015_18_0.json	1448233200.0	51.64	275.01	1012
snapshot_11_22_2015_6_0.json	1448190000.0	54.39	275.01	1015
snapshot_11_22_2015_6_0.json	1448190000.0	54.39	275.01	1015
snapshot_11_23_2015_0_0.json	1448254800.0	51.64	772	1007
snapshot_11_23_2015_12_0.json	1448298000.0	54.39	772	1007
snapshot_11_23_2015_12_0.json	1448298000.0	54.39	772	1007
snapshot_11_23_2015_18_0.json	1448319600.0	51.64	772	1007
snapshot_11_23_2015_6_0.json	1448276400.0	54.39	275.01	1007
snapshot_11_24_2015_0_0.json	1448341200.0	51.64	275.01	1007
snapshot_11_24_2015_12_0.json	1448384400.0	54.39	776	1009
snapshot_11_24_2015_18_0.json	1448406000.0	51.64	275.01	1003
snapshot_11_24_2015_6_0.json	1448362800.0	54.39	275.01	1003
snapshot_11_25_2015_0_0.json	1448427600.0	51.64	275.01	1006
snapshot_11_25_2015_12_0.json	1448470800.0	54.39	856	1012
snapshot_11_25_2015_18_0.json	1448492400.0	51.64	312	1001
snapshot_11_25_2015_6_0.json	1448449200.0	54.39	275.01	1006
snapshot_11_26_2015_0_0.json	1448514000.0	51.64	275.01	1001
snapshot_11_26_2015_0_0.json	1448514000.0	51.64	275.01	1001
snapshot_11_27_2015_18_0.json	1448665200.0	51.64	275.01	1007
snapshot_11_28_2015_0_0.json	1448686800.0	51.64	275.01	1032
snapshot_11_28_2015_12_0.json	1448730000.0	54.39	856	1042
snapshot_11_28_2015_18_0.json	1448751600.0	51.64	275.01	1033
snapshot_11_28_2015_6_0.json	1448708400.0	54.39	275.01	1032
snapshot_11_28_2015_6_0.json	1448708400.0	54.39	275.01	1032
snapshot_11_29_2015_0_0.json	1448773200.0	51.64	275.01	1033
snapshot_11_29_2015_0_0.json	1448773200.0	51.64	275.01	1033
snapshot_11_29_2015_12_0.json	1448816400.0	54.39	856	1039
snapshot_11_29_2015_18_0.json	1448838000.0	51.64	275.01	1025
snapshot_11_29_2015_6_0.json	1448794800.0	54.39	275.01	1033
snapshot_11_29_2015_6_0.json	1448794800.0	54.39	275.01	1033
snapshot_11_30_2015_0_0.json	1448859600.0	51.64	275.01	1019
snapshot_11_30_2015_12_0.json	1448902800.0	54.39	856	1025
snapshot_11_30_2015_18_0.json	1448924400.0	51.64	360	1010
snapshot_11_30_2015_6_0.json	1448881200.0	54.39	275.01	1019
snapshot_12_1_2015_18_0.json	1449010800.0	51.64	275.01	1009
snapshot_12_1_2015_6_0.json	1448967600.0	54.39	364	1020
snapshot_12_2_2015_12_0.json	1449075600.0	54.39	364	994
snapshot_12_2_2015_18_0.json	1449097200.0	51.64	275.01	983
snapshot_12_3_2015_0_0.json	1449118800.0	45.79	275.01	1021
snapshot_12_3_2015_12_0.json	1449162000.0	48.54	275.01	1022
snapshot_12_3_2015_18_0.json	1449183600.0	45.79	364	1020
snapshot_12_3_2015_6_0.json	1449140400.0	48.54	848	1020
snapshot_12_4_2015_12_0.json	1449248400.0	48.54	852	1006
snapshot_12_4_2015_18_0.json	1449270000.0	45.79	852	995
snapshot_12_5_2015_12_0.json	1449334800.0	48.54	852	997
snapshot_12_5_2015_18_0.json	1449356400.0	45.79	368	982
9225318	2016-01-16T18:00:00Z	Disney On Ice Frozen	Talking Stick Resort Arena	Arizona Phoenix|226	85004
snapshot_11_16_2015_0_0.json	1447650000.0	51.64	756	1046
snapshot_11_17_2015_0_0.json	1447736400.0	51.64	275.01	1047
snapshot_11_17_2015_12_0.json	1447779600.0	54.39	756	1046
snapshot_11_17_2015_18_0.json	1447801200.0	51.64	275.01	1046
snapshot_11_18_2015_0_0.json	1447822800.0	51.64	275.01	1046
snapshot_11_18_2015_12_0.json	1447866000.0	54.39	772	1046
snapshot_11_18_2015_18_0.json	1447887600.0	51.64	275.01	1046
snapshot_11_18_2015_6_0.json	1447844400.0	54.39	275.01	1046
snapshot_11_19_2015_0_0.json	1447909200.0	51.64	772	1046
snapshot_11_19_2015_12_0.json	1447952400.0	54.39	772	1046
snapshot_11_19_2015_6_0.json	1447930800.0	54.39	275.01	1046
snapshot_11_21_2015_12_0.json	1448125200.0	54.39	772	1021
snapshot_11_21_2015_18_0.json	1448146800.0	51.64	776	1018
snapshot_11_22_2015_0_0.json	1448168400.0	51.64	776	1031
snapshot_11_22_2015_12_0.json	1448211600.0	54.39	772	1012
snapshot_11_22_2015_18_0.json	1448233200.0	51.64	275.01	1012
snapshot_11_22_2015_18_0.json	1448233200.0	51.64	275.01	1012
snapshot_11_22_2015_6_0.json	1448190000.0	54.39	275.01	1015
snapshot_11_22_2015_6_0.json	1448190000.0	54.39	275.01	1015
snapshot_11_23_2015_0_0.json	1448254800.0	51.64	772	1007
snapshot_11_23_2015_12_0.json	1448298000.0	54.39	772	1007
snapshot_11_23_2015_12_0.json	1448298000.0	54.39	772	1007
snapshot_11_23_2015_18_0.json	1448319600.0	51.64	772	1007
snapshot_11_23_2015_6_0.json	1448276400.0	54.39	275.01	1007
snapshot_11_24_2015_0_0.json	1448341200.0	51.64	275.01	1007
snapshot_11_24_2015_12_0.json	1448384400.0	54.39	776	1009
snapshot_11_24_2015_18_0.json	1448406000.0	51.64	275.01	1003
snapshot_11_24_2015_6_0.json	1448362800.0	54.39	275.01	1003
snapshot_11_25_2015_0_0.json	1448427600.0	51.64	275.01	1006
snapshot_11_25_2015_12_0.json	1448470800.0	54.39	856	1012
snapshot_11_25_2015_18_0.json	1448492400.0	51.64	312	1001
snapshot_11_25_2015_6_0.json	1448449200.0	54.39	275.01	1006
snapshot_11_26_2015_0_0.json	1448514000.0	51.64	275.01	1001
snapshot_11_26_2015_0_0.json	1448514000.0	51.64	275.01	1001
snapshot_11_27_2015_18_0.json	1448665200.0	51.64	275.01	1007
snapshot_11_28_2015_0_0.json	1448686800.0	51.64	275.01	1032
snapshot_11_28_2015_12_0.json	1448730000.0	54.39	856	1042
snapshot_11_28_2015_18_0.json	1448751600.0	51.64	275.01	1033
snapshot_11_28_2015_6_0.json	1448708400.0	54.39	275.01	1032
snapshot_11_28_2015_6_0.json	1448708400.0	54.39	275.01	1032
snapshot_11_29_2015_0_0.json	1448773200.0	51.64	275.01	1033
snapshot_11_29_2015_0_0.json	1448773200.0	51.64	275.01	1033
snapshot_11_29_2015_12_0.json	1448816400.0	54.39	856	1039
snapshot_11_29_2015_18_0.json	1448838000.0	51.64	275.01	1025
snapshot_11_29_2015_6_0.json	1448794800.0	54.39	275.01	1033
snapshot_11_29_2015_6_0.json	1448794800.0	54.39	275.01	1033
snapshot_11_30_2015_0_0.json	1448859600.0	51.64	275.01	1019
snapshot_11_30_2015_12_0.json	1448902800.0	54.39	856	1025
snapshot_11_30_2015_18_0.json	1448924400.0	51.64	360	1010
snapshot_11_30_2015_6_0.json	1448881200.0	54.39	275.01	1019
snapshot_12_1_2015_18_0.json	1449010800.0	51.64	275.01	1009
snapshot_12_1_2015_6_0.json	1448967600.0	54.39	364	1020
snapshot_12_2_2015_12_0.json	1449075600.0	54.39	364	994
snapshot_12_2_2015_18_0.json	1449097200.0	51.64	275.01	983
snapshot_12_3_2015_0_0.json	1449118800.0	45.79	275.01	1021
snapshot_12_3_2015_12_0.json	1449162000.0	48.54	275.01	1022
snapshot_12_3_2015_18_0.json	1449183600.0	45.79	364	1020
snapshot_12_3_2015_6_0.json	1449140400.0	48.54	848	1020
snapshot_12_4_2015_12_0.json	1449248400.0	48.54	852	1006
snapshot_12_4_2015_18_0.json	1449270000.0	45.79	852	995
snapshot_12_5_2015_12_0.json	1449334800.0	48.54	852	997
snapshot_12_5_2015_18_0.json	1449356400.0	45.79	368	982
9225318	2016-01-16T18:00:00Z	Disney On Ice Frozen	Talking Stick Resort Arena	Arizona Phoenix|226	85004
snapshot_11_16_2015_0_0.json	1447650000.0	51.64	756	1046
snapshot_11_17_2015_0_0.json	1447736400.0	51.64	275.01	1047
snapshot_11_17_2015_12_0.json	1447779600.0	54.39	756	1046
snapshot_11_17_2015_18_0.json	1447801200.0	51.64	275.01	1046
snapshot_11_18_2015_0_0.json	1447822800.0	51.64	275.01	1046
snapshot_11_18_2015_12_0.json	1447866000.0	54.39	772	1046
snapshot_11_18_2015_18_0.json	1447887600.0	51.64	275.01	1046
snapshot_11_18_2015_6_0.json	1447844400.0	54.39	275.01	1046
snapshot_11_19_2015_0_0.json	1447909200.0	51.64	772	1046
snapshot_11_19_2015_12_0.json	1447952400.0	54.39	772	1046
snapshot_11_19_2015_6_0.json	1447930800.0	54.39	275.01	1046
snapshot_11_21_2015_12_0.json	1448125200.0	54.39	772	1021
snapshot_11_21_2015_18_0.json	1448146800.0	51.64	776	1018
snapshot_11_22_2015_0_0.json	1448168400.0	51.64	776	1031
snapshot_11_22_2015_12_0.json	1448211600.0	54.39	772	1012
snapshot_11_22_2015_18_0.json	1448233200.0	51.64	275.01	1012
snapshot_11_22_2015_18_0.json	1448233200.0	51.64	275.01	1012
snapshot_11_22_2015_6_0.json	1448190000.0	54.39	275.01	1015
snapshot_11_22_2015_6_0.json	1448190000.0	54.39	275.01	1015
snapshot_11_23_2015_0_0.json	1448254800.0	51.64	772	1007
snapshot_11_23_2015_12_0.json	1448298000.0	54.39	772	1007
snapshot_11_23_2015_12_0.json	1448298000.0	54.39	772	1007
snapshot_11_23_2015_18_0.json	1448319600.0	51.64	772	1007
snapshot_11_23_2015_6_0.json	1448276400.0	54.39	275.01	1007
snapshot_11_24_2015_0_0.json	1448341200.0	51.64	275.01	1007
snapshot_11_24_2015_12_0.json	1448384400.0	54.39	776	1009
snapshot_11_24_2015_18_0.json	1448406000.0	51.64	275.01	1003
snapshot_11_24_2015_6_0.json	1448362800.0	54.39	275.01	1003
snapshot_11_25_2015_0_0.json	1448427600.0	51.64	275.01	1006
snapshot_11_25_2015_12_0.json	1448470800.0	54.39	856	1012
snapshot_11_25_2015_18_0.json	1448492400.0	51.64	312	1001
snapshot_11_25_2015_6_0.json	1448449200.0	54.39	275.01	1006
snapshot_11_26_2015_0_0.json	1448514000.0	51.64	275.01	1001
snapshot_11_26_2015_0_0.json	1448514000.0	51.64	275.01	1001
snapshot_11_27_2015_18_0.json	1448665200.0	51.64	275.01	1007
snapshot_11_28_2015_0_0.json	1448686800.0	51.64	275.01	1032
snapshot_11_28_2015_12_0.json	1448730000.0	54.39	856	1042
snapshot_11_28_2015_18_0.json	1448751600.0	51.64	275.01	1033
snapshot_11_28_2015_6_0.json	1448708400.0	54.39	275.01	1032
snapshot_11_28_2015_6_0.json	1448708400.0	54.39	275.01	1032
snapshot_11_29_2015_0_0.json	1448773200.0	51.64	275.01	1033
snapshot_11_29_2015_0_0.json	1448773200.0	51.64	275.01	1033
snapshot_11_29_2015_12_0.json	1448816400.0	54.39	856	1039
snapshot_11_29_2015_18_0.json	1448838000.0	51.64	275.01	1025
snapshot_11_29_2015_6_0.json	1448794800.0	54.39	275.01	1033
snapshot_11_29_2015_6_0.json	1448794800.0	54.39	275.01	1033
snapshot_11_30_2015_0_0.json	1448859600.0	51.64	275.01	1019
snapshot_11_30_2015_12_0.json	1448902800.0	54.39	856	1025
snapshot_11_30_2015_18_0.json	1448924400.0	51.64	360	1010
snapshot_11_30_2015_6_0.json	1448881200.0	54.39	275.01	1019
snapshot_12_1_2015_18_0.json	1449010800.0	51.64	275.01	1009
snapshot_12_1_2015_6_0.json	1448967600.0	54.39	364	1020
snapshot_12_2_2015_12_0.json	1449075600.0	54.39	364	994
snapshot_12_2_2015_18_0.json	1449097200.0	51.64	275.01	983
snapshot_12_3_2015_0_0.json	1449118800.0	45.79	275.01	1021
snapshot_12_3_2015_12_0.json	1449162000.0	48.54	275.01	1022
snapshot_12_3_2015_18_0.json	1449183600.0	45.79	364	1020
snapshot_12_3_2015_6_0.json	1449140400.0	48.54	848	1020
snapshot_12_4_2015_12_0.json	1449248400.0	48.54	852	1006
snapshot_12_4_2015_18_0.json	1449270000.0	45.79	852	995
snapshot_12_5_2015_12_0.json	1449334800.0	48.54	852	997
snapshot_12_5_2015_18_0.json	1449356400.0	45.79	368	982
