9225316	2016-01-17T18:00:00Z	Disney On Ice Frozen	Talking Stick Resort Arena	Arizona Phoenix|226	85004
snapshot_11_16_2015_0_0.json	1447650000.0	44.62	688	944
snapshot_11_17_2015_0_0.json	1447736400.0	44.62	236	944
snapshot_11_17_2015_12_0.json	1447779600.0	47.37	688	957
snapshot_11_18_2015_0_0.json	1447822800.0	44.62	688	957
snapshot_11_18_2015_18_0.json	1447887600.0	44.62	236	946
snapshot_11_18_2015_6_0.json	1447844400.0	47.37	236	944
snapshot_11_19_2015_0_0.json	1447909200.0	44.62	704	940
snapshot_11_19_2015_12_0.json	1447952400.0	47.37	704	933
snapshot_11_19_2015_6_0.json	1447930800.0	47.37	236	933
snapshot_11_20_2015_0_0.json	1447995600.0	44.62	236	847
snapshot_11_21_2015_12_0.json	1448125200.0	47.37	704	886
snapshot_11_21_2015_18_0.json	1448146800.0	44.62	240	886
snapshot_11_22_2015_0_0.json	1448168400.0	44.62	236	886
snapshot_11_22_2015_12_0.json	1448211600.0	47.37	704	890
snapshot_11_22_2015_6_0.json	1448190000.0	47.37	236	890
snapshot_11_22_2015_6_0.json	1448190000.0	47.37	236	890
snapshot_11_23_2015_0_0.json	1448254800.0	44.62	236	886
snapshot_11_23_2015_12_0.json	1448298000.0	47.37	704	886
snapshot_11_23_2015_18_0.json	1448319600.0	44.62	704	879
snapshot_11_23_2015_6_0.json	1448276400.0	47.37	236	887
snapshot_11_23_2015_6_0.json	1448276400.0	47.37	236	887
snapshot_11_24_2015_0_0.json	1448341200.0	44.62	236	880
snapshot_11_24_2015_12_0.json	1448384400.0	47.37	704	893
snapshot_11_24_2015_18_0.json	1448406000.0	44.62	236	880
snapshot_11_24_2015_6_0.json	1448362800.0	47.37	236	880
snapshot_11_25_2015_0_0.json	1448427600.0	44.62	236	875
snapshot_11_25_2015_0_0.json	1448427600.0	44.62	236	875
snapshot_11_25_2015_12_0.json	1448470800.0	47.37	540	892
snapshot_11_25_2015_18_0.json	1448492400.0	44.62	236	875
snapshot_11_26_2015_0_0.json	1448514000.0	44.62	236	877
snapshot_11_27_2015_18_0.json	1448665200.0	44.62	236	941
snapshot_11_28_2015_12_0.json	1448730000.0	47.37	540	970
snapshot_11_28_2015_18_0.json	1448751600.0	44.62	236	950
snapshot_11_28_2015_6_0.json	1448708400.0	47.37	236	953
snapshot_11_28_2015_6_0.json	1448708400.0	47.37	236	953
snapshot_11_29_2015_0_0.json	1448773200.0	44.62	236	950
snapshot_11_29_2015_12_0.json	1448816400.0	47.37	536	954
snapshot_11_29_2015_18_0.json	1448838000.0	44.62	236	950
snapshot_11_29_2015_6_0.json	1448794800.0	47.37	236	950
snapshot_11_29_2015_6_0.json	1448794800.0	47.37	236	950
snapshot_11_30_2015_0_0.json	1448859600.0	44.62	236	948
snapshot_11_30_2015_0_0.json	1448859600.0	44.62	236	948
snapshot_11_30_2015_12_0.json	1448902800.0	47.37	540	965
snapshot_11_30_2015_18_0.json	1448924400.0	44.62	540	938
snapshot_12_1_2015_0_0.json	1448946000.0	44.62	240	939
snapshot_12_1_2015_0_0.json	1448946000.0	44.62	240	939
snapshot_12_1_2015_18_0.json	1449010800.0	44.62	244	972
snapshot_12_1_2015_6_0.json	1448967600.0	47.37	244	976
snapshot_12_2_2015_12_0.json	1449075600.0	47.37	540	966
snapshot_12_2_2015_12_0.json	1449075600.0	47.37	540	966
snapshot_12_2_2015_6_0.json	1449054000.0	47.37	236	949
snapshot_12_3_2015_0_0.json	1449118800.0	38.77	540	977
snapshot_12_3_2015_0_0.json	1449118800.0	38.77	540	977
snapshot_12_3_2015_12_0.json	1449162000.0	41.52	236	973
snapshot_12_3_2015_18_0.json	1449183600.0	38.77	236	969
snapshot_12_3_2015_6_0.json	1449140400.0	41.52	540	973
snapshot_12_4_2015_0_0.json	1449205200.0	38.77	236	967
snapshot_12_4_2015_0_0.json	1449205200.0	38.77	540	967
snapshot_12_4_2015_12_0.json	1449248400.0	41.52	540	976
snapshot_12_4_2015_18_0.json	1449270000.0	38.77	236	965
snapshot_12_4_2015_6_0.json	1449226800.0	41.52	244	971
snapshot_12_5_2015_0_0.json	1449291600.0	38.77	236	965
snapshot_12_5_2015_12_0.json	1449334800.0	41.52	540	968
snapshot_12_5_2015_18_0.json	1449356400.0	38.77	236	955
snapshot_12_5_2015_6_0.json	1449313200.0	41.52	236	959
9225316	2016-01-17T18:00:00Z	Disney On Ice Frozen	Talking Stick Resort Arena	Arizona Phoenix|226	85004
snapshot_11_16_2015_0_0.json	1447650000.0	44.62	688	944
snapshot_11_17_2015_0_0.json	1447736400.0	44.62	236	944
snapshot_11_17_2015_12_0.json	1447779600.0	47.37	688	957
snapshot_11_18_2015_0_0.json	1447822800.0	44.62	688	957
snapshot_11_18_2015_18_0.json	1447887600.0	44.62	236	946
snapshot_11_18_2015_6_0.json	1447844400.0	47.37	236	944
snapshot_11_19_2015_0_0.json	1447909200.0	44.62	704	940
snapshot_11_19_2015_12_0.json	1447952400.0	47.37	704	933
snapshot_11_19_2015_6_0.json	1447930800.0	47.37	236	933
snapshot_11_20_2015_0_0.json	1447995600.0	44.62	236	847
snapshot_11_21_2015_12_0.json	1448125200.0	47.37	704	886
snapshot_11_21_2015_18_0.json	1448146800.0	44.62	240	886
snapshot_11_22_2015_0_0.json	1448168400.0	44.62	236	886
snapshot_11_22_2015_12_0.json	1448211600.0	47.37	704	890
snapshot_11_22_2015_6_0.json	1448190000.0	47.37	236	890
snapshot_11_22_2015_6_0.json	1448190000.0	47.37	236	890
snapshot_11_23_2015_0_0.json	1448254800.0	44.62	236	886
snapshot_11_23_2015_12_0.json	1448298000.0	47.37	704	886
snapshot_11_23_2015_18_0.json	1448319600.0	44.62	704	879
snapshot_11_23_2015_6_0.json	1448276400.0	47.37	236	887
snapshot_11_23_2015_6_0.json	1448276400.0	47.37	236	887
snapshot_11_24_2015_0_0.json	1448341200.0	44.62	236	880
snapshot_11_24_2015_12_0.json	1448384400.0	47.37	704	893
snapshot_11_24_2015_18_0.json	1448406000.0	44.62	236	880
snapshot_11_24_2015_6_0.json	1448362800.0	47.37	236	880
snapshot_11_25_2015_0_0.json	1448427600.0	44.62	236	875
snapshot_11_25_2015_0_0.json	1448427600.0	44.62	236	875
snapshot_11_25_2015_12_0.json	1448470800.0	47.37	540	892
snapshot_11_25_2015_18_0.json	1448492400.0	44.62	236	875
snapshot_11_26_2015_0_0.json	1448514000.0	44.62	236	877
snapshot_11_27_2015_18_0.json	1448665200.0	44.62	236	941
snapshot_11_28_2015_12_0.json	1448730000.0	47.37	540	970
snapshot_11_28_2015_18_0.json	1448751600.0	44.62	236	950
snapshot_11_28_2015_6_0.json	1448708400.0	47.37	236	953
snapshot_11_28_2015_6_0.json	1448708400.0	47.37	236	953
snapshot_11_29_2015_0_0.json	1448773200.0	44.62	236	950
snapshot_11_29_2015_12_0.json	1448816400.0	47.37	536	954
snapshot_11_29_2015_18_0.json	1448838000.0	44.62	236	950
snapshot_11_29_2015_6_0.json	1448794800.0	47.37	236	950
snapshot_11_29_2015_6_0.json	1448794800.0	47.37	236	950
snapshot_11_30_2015_0_0.json	1448859600.0	44.62	236	948
snapshot_11_30_2015_0_0.json	1448859600.0	44.62	236	948
snapshot_11_30_2015_12_0.json	1448902800.0	47.37	540	965
snapshot_11_30_2015_18_0.json	1448924400.0	44.62	540	938
snapshot_12_1_2015_0_0.json	1448946000.0	44.62	240	939
snapshot_12_1_2015_0_0.json	1448946000.0	44.62	240	939
snapshot_12_1_2015_18_0.json	1449010800.0	44.62	244	972
snapshot_12_1_2015_6_0.json	1448967600.0	47.37	244	976
snapshot_12_2_2015_12_0.json	1449075600.0	47.37	540	966
snapshot_12_2_2015_12_0.json	1449075600.0	47.37	540	966
snapshot_12_2_2015_6_0.json	1449054000.0	47.37	236	949
snapshot_12_3_2015_0_0.json	1449118800.0	38.77	540	977
snapshot_12_3_2015_0_0.json	1449118800.0	38.77	540	977
snapshot_12_3_2015_12_0.json	1449162000.0	41.52	236	973
snapshot_12_3_2015_18_0.json	1449183600.0	38.77	236	969
snapshot_12_3_2015_6_0.json	1449140400.0	41.52	540	973
snapshot_12_4_2015_0_0.json	1449205200.0	38.77	236	967
snapshot_12_4_2015_0_0.json	1449205200.0	38.77	540	967
snapshot_12_4_2015_12_0.json	1449248400.0	41.52	540	976
snapshot_12_4_2015_18_0.json	1449270000.0	38.77	236	965
snapshot_12_4_2015_6_0.json	1449226800.0	41.52	244	971
snapshot_12_5_2015_0_0.json	1449291600.0	38.77	236	965
snapshot_12_5_2015_12_0.json	1449334800.0	41.52	540	968
snapshot_12_5_2015_18_0.json	1449356400.0	38.77	236	955
snapshot_12_5_2015_6_0.json	1449313200.0	41.52	236	959
9225316	2016-01-17T18:00:00Z	Disney On Ice Frozen	Talking Stick Resort Arena	Arizona Phoenix|226	85004
snapshot_11_16_2015_0_0.json	1447650000.0	44.62	688	944
snapshot_11_17_2015_0_0.json	1447736400.0	44.62	236	944
snapshot_11_17_2015_12_0.json	1447779600.0	47.37	688	957
snapshot_11_18_2015_0_0.json	1447822800.0	44.62	688	957
snapshot_11_18_2015_18_0.json	1447887600.0	44.62	236	946
snapshot_11_18_2015_6_0.json	1447844400.0	47.37	236	944
snapshot_11_19_2015_0_0.json	1447909200.0	44.62	704	940
snapshot_11_19_2015_12_0.json	1447952400.0	47.37	704	933
snapshot_11_19_2015_6_0.json	1447930800.0	47.37	236	933
snapshot_11_20_2015_0_0.json	1447995600.0	44.62	236	847
snapshot_11_21_2015_12_0.json	1448125200.0	47.37	704	886
snapshot_11_21_2015_18_0.json	1448146800.0	44.62	240	886
snapshot_11_22_2015_0_0.json	1448168400.0	44.62	236	886
snapshot_11_22_2015_12_0.json	1448211600.0	47.37	704	890
snapshot_11_22_2015_6_0.json	1448190000.0	47.37	236	890
snapshot_11_22_2015_6_0.json	1448190000.0	47.37	236	890
snapshot_11_23_2015_0_0.json	1448254800.0	44.62	236	886
snapshot_11_23_2015_12_0.json	1448298000.0	47.37	704	886
snapshot_11_23_2015_18_0.json	1448319600.0	44.62	704	879
snapshot_11_23_2015_6_0.json	1448276400.0	47.37	236	887
snapshot_11_23_2015_6_0.json	1448276400.0	47.37	236	887
snapshot_11_24_2015_0_0.json	1448341200.0	44.62	236	880
snapshot_11_24_2015_12_0.json	1448384400.0	47.37	704	893
snapshot_11_24_2015_18_0.json	1448406000.0	44.62	236	880
snapshot_11_24_2015_6_0.json	1448362800.0	47.37	236	880
snapshot_11_25_2015_0_0.json	1448427600.0	44.62	236	875
snapshot_11_25_2015_0_0.json	1448427600.0	44.62	236	875
snapshot_11_25_2015_12_0.json	1448470800.0	47.37	540	892
snapshot_11_25_2015_18_0.json	1448492400.0	44.62	236	875
snapshot_11_26_2015_0_0.json	1448514000.0	44.62	236	877
snapshot_11_27_2015_18_0.json	1448665200.0	44.62	236	941
snapshot_11_28_2015_12_0.json	1448730000.0	47.37	540	970
snapshot_11_28_2015_18_0.json	1448751600.0	44.62	236	950
snapshot_11_28_2015_6_0.json	1448708400.0	47.37	236	953
snapshot_11_28_2015_6_0.json	1448708400.0	47.37	236	953
snapshot_11_29_2015_0_0.json	1448773200.0	44.62	236	950
snapshot_11_29_2015_12_0.json	1448816400.0	47.37	536	954
snapshot_11_29_2015_18_0.json	1448838000.0	44.62	236	950
snapshot_11_29_2015_6_0.json	1448794800.0	47.37	236	950
snapshot_11_29_2015_6_0.json	1448794800.0	47.37	236	950
snapshot_11_30_2015_0_0.json	1448859600.0	44.62	236	948
snapshot_11_30_2015_0_0.json	1448859600.0	44.62	236	948
snapshot_11_30_2015_12_0.json	1448902800.0	47.37	540	965
snapshot_11_30_2015_18_0.json	1448924400.0	44.62	540	938
snapshot_12_1_2015_0_0.json	1448946000.0	44.62	240	939
snapshot_12_1_2015_0_0.json	1448946000.0	44.62	240	939
snapshot_12_1_2015_18_0.json	1449010800.0	44.62	244	972
snapshot_12_1_2015_6_0.json	1448967600.0	47.37	244	976
snapshot_12_2_2015_12_0.json	1449075600.0	47.37	540	966
snapshot_12_2_2015_12_0.json	1449075600.0	47.37	540	966
snapshot_12_2_2015_6_0.json	1449054000.0	47.37	236	949
snapshot_12_3_2015_0_0.json	1449118800.0	38.77	540	977
snapshot_12_3_2015_0_0.json	1449118800.0	38.77	540	977
snapshot_12_3_2015_12_0.json	1449162000.0	41.52	236	973
snapshot_12_3_2015_18_0.json	1449183600.0	38.77	236	969
snapshot_12_3_2015_6_0.json	1449140400.0	41.52	540	973
snapshot_12_4_2015_0_0.json	1449205200.0	38.77	236	967
snapshot_12_4_2015_0_0.json	1449205200.0	38.77	540	967
snapshot_12_4_2015_12_0.json	1449248400.0	41.52	540	976
snapshot_12_4_2015_18_0.json	1449270000.0	38.77	236	965
snapshot_12_4_2015_6_0.json	1449226800.0	41.52	244	971
snapshot_12_5_2015_0_0.json	1449291600.0	38.77	236	965
snapshot_12_5_2015_12_0.json	1449334800.0	41.52	540	968
snapshot_12_5_2015_18_0.json	1449356400.0	38.77	236	955
snapshot_12_5_2015_6_0.json	1449313200.0	41.52	236	959
9225316	2016-01-17T18:00:00Z	Disney On Ice Frozen	Talking Stick Resort Arena	Arizona Phoenix|226	85004
snapshot_11_16_2015_0_0.json	1447650000.0	44.62	688	944
snapshot_11_17_2015_0_0.json	1447736400.0	44.62	236	944
snapshot_11_17_2015_12_0.json	1447779600.0	47.37	688	957
snapshot_11_18_2015_0_0.json	1447822800.0	44.62	688	957
snapshot_11_18_2015_18_0.json	1447887600.0	44.62	236	946
snapshot_11_18_2015_6_0.json	1447844400.0	47.37	236	944
snapshot_11_19_2015_0_0.json	1447909200.0	44.62	704	940
snapshot_11_19_2015_12_0.json	1447952400.0	47.37	704	933
snapshot_11_19_2015_6_0.json	1447930800.0	47.37	236	933
snapshot_11_20_2015_0_0.json	1447995600.0	44.62	236	847
snapshot_11_21_2015_12_0.json	1448125200.0	47.37	704	886
snapshot_11_21_2015_18_0.json	1448146800.0	44.62	240	886
snapshot_11_22_2015_0_0.json	1448168400.0	44.62	236	886
snapshot_11_22_2015_12_0.json	1448211600.0	47.37	704	890
snapshot_11_22_2015_6_0.json	1448190000.0	47.37	236	890
snapshot_11_22_2015_6_0.json	1448190000.0	47.37	236	890
snapshot_11_23_2015_0_0.json	1448254800.0	44.62	236	886
snapshot_11_23_2015_12_0.json	1448298000.0	47.37	704	886
snapshot_11_23_2015_18_0.json	1448319600.0	44.62	704	879
snapshot_11_23_2015_6_0.json	1448276400.0	47.37	236	887
snapshot_11_23_2015_6_0.json	1448276400.0	47.37	236	887
snapshot_11_24_2015_0_0.json	1448341200.0	44.62	236	880
snapshot_11_24_2015_12_0.json	1448384400.0	47.37	704	893
snapshot_11_24_2015_18_0.json	1448406000.0	44.62	236	880
snapshot_11_24_2015_6_0.json	1448362800.0	47.37	236	880
snapshot_11_25_2015_0_0.json	1448427600.0	44.62	236	875
snapshot_11_25_2015_0_0.json	1448427600.0	44.62	236	875
snapshot_11_25_2015_12_0.json	1448470800.0	47.37	540	892
snapshot_11_25_2015_18_0.json	1448492400.0	44.62	236	875
snapshot_11_26_2015_0_0.json	1448514000.0	44.62	236	877
snapshot_11_27_2015_18_0.json	1448665200.0	44.62	236	941
snapshot_11_28_2015_12_0.json	1448730000.0	47.37	540	970
snapshot_11_28_2015_18_0.json	1448751600.0	44.62	236	950
snapshot_11_28_2015_6_0.json	1448708400.0	47.37	236	953
snapshot_11_28_2015_6_0.json	1448708400.0	47.37	236	953
snapshot_11_29_2015_0_0.json	1448773200.0	44.62	236	950
snapshot_11_29_2015_12_0.json	1448816400.0	47.37	536	954
snapshot_11_29_2015_18_0.json	1448838000.0	44.62	236	950
snapshot_11_29_2015_6_0.json	1448794800.0	47.37	236	950
snapshot_11_29_2015_6_0.json	1448794800.0	47.37	236	950
snapshot_11_30_2015_0_0.json	1448859600.0	44.62	236	948
snapshot_11_30_2015_0_0.json	1448859600.0	44.62	236	948
snapshot_11_30_2015_12_0.json	1448902800.0	47.37	540	965
snapshot_11_30_2015_18_0.json	1448924400.0	44.62	540	938
snapshot_12_1_2015_0_0.json	1448946000.0	44.62	240	939
snapshot_12_1_2015_0_0.json	1448946000.0	44.62	240	939
snapshot_12_1_2015_18_0.json	1449010800.0	44.62	244	972
snapshot_12_1_2015_6_0.json	1448967600.0	47.37	244	976
snapshot_12_2_2015_12_0.json	1449075600.0	47.37	540	966
snapshot_12_2_2015_12_0.json	1449075600.0	47.37	540	966
snapshot_12_2_2015_6_0.json	1449054000.0	47.37	236	949
snapshot_12_3_2015_0_0.json	1449118800.0	38.77	540	977
snapshot_12_3_2015_0_0.json	1449118800.0	38.77	540	977
snapshot_12_3_2015_12_0.json	1449162000.0	41.52	236	973
snapshot_12_3_2015_18_0.json	1449183600.0	38.77	236	969
snapshot_12_3_2015_6_0.json	1449140400.0	41.52	540	973
snapshot_12_4_2015_0_0.json	1449205200.0	38.77	236	967
snapshot_12_4_2015_0_0.json	1449205200.0	38.77	540	967
snapshot_12_4_2015_12_0.json	1449248400.0	41.52	540	976
snapshot_12_4_2015_18_0.json	1449270000.0	38.77	236	965
snapshot_12_4_2015_6_0.json	1449226800.0	41.52	244	971
snapshot_12_5_2015_0_0.json	1449291600.0	38.77	236	965
snapshot_12_5_2015_12_0.json	1449334800.0	41.52	540	968
snapshot_12_5_2015_18_0.json	1449356400.0	38.77	236	955
snapshot_12_5_2015_6_0.json	1449313200.0	41.52	236	959
