9225320	2016-01-17T02:00:00Z	Disney On Ice Frozen	Talking Stick Resort Arena	Arizona Phoenix|226	85004
snapshot_11_16_2015_0_0.json	1447650000.0	55.01	275.85	670
snapshot_11_16_2015_0_0.json	1447650000.0	55.01	275.85	670
snapshot_11_17_2015_0_0.json	1447736400.0	55.01	275.85	670
snapshot_11_17_2015_12_0.json	1447779600.0	55.01	275.85	670
snapshot_11_17_2015_18_0.json	1447801200.0	55.01	275.85	670
snapshot_11_17_2015_18_0.json	1447801200.0	55.01	275.85	670
snapshot_11_18_2015_0_0.json	1447822800.0	55.01	275.85	670
snapshot_11_18_2015_12_0.json	1447866000.0	55.01	275.85	670
snapshot_11_18_2015_12_0.json	1447866000.0	55.01	275.85	670
snapshot_11_18_2015_18_0.json	1447887600.0	55.01	275.85	670
snapshot_11_18_2015_18_0.json	1447887600.0	55.01	275.85	670
snapshot_11_18_2015_6_0.json	1447844400.0	55.01	275.85	670
snapshot_11_19_2015_12_0.json	1447952400.0	55.01	275.85	667
snapshot_11_19_2015_6_0.json	1447930800.0	55.01	275.85	667
snapshot_11_20_2015_0_0.json	1447995600.0	55.01	275.85	670
snapshot_11_20_2015_12_0.json	1448038800.0	55.01	275.85	670
snapshot_11_20_2015_12_0.json	1448038800.0	55.01	275.85	670
snapshot_11_21_2015_12_0.json	1448125200.0	55.01	275.85	670
snapshot_11_22_2015_0_0.json	1448168400.0	55.01	275.85	670
snapshot_11_22_2015_12_0.json	1448211600.0	55.01	275.85	670
snapshot_11_22_2015_18_0.json	1448233200.0	55.01	275.85	670
snapshot_11_22_2015_18_0.json	1448233200.0	55.01	275.85	670
snapshot_11_22_2015_6_0.json	1448190000.0	55.01	275.85	670
snapshot_11_22_2015_6_0.json	1448190000.0	55.01	275.85	670
snapshot_11_23_2015_0_0.json	1448254800.0	55.01	275.85	670
snapshot_11_23_2015_12_0.json	1448298000.0	55.01	275.85	670
snapshot_11_23_2015_18_0.json	1448319600.0	55.01	275.85	670
snapshot_11_23_2015_18_0.json	1448319600.0	55.01	275.85	670
snapshot_11_23_2015_6_0.json	1448276400.0	55.01	275.85	670
snapshot_11_24_2015_0_0.json	1448341200.0	55.01	275.85	670
snapshot_11_24_2015_0_0.json	1448341200.0	55.01	275.85	670
snapshot_11_24_2015_12_0.json	1448384400.0	57.49	275.85	668
snapshot_11_24_2015_18_0.json	1448406000.0	55.15	275.85	668
snapshot_11_24_2015_6_0.json	1448362800.0	57.49	275.85	668
snapshot_11_25_2015_0_0.json	1448427600.0	55.15	275.85	668
snapshot_11_25_2015_0_0.json	1448427600.0	55.15	275.85	668
snapshot_11_25_2015_12_0.json	1448470800.0	57.49	275.85	668
snapshot_11_25_2015_18_0.json	1448492400.0	55.15	275.85	661
snapshot_11_25_2015_6_0.json	1448449200.0	57.49	275.85	668
snapshot_11_25_2015_6_0.json	1448449200.0	57.49	275.85	668
snapshot_11_26_2015_0_0.json	1448514000.0	55.15	275.85	661
snapshot_11_27_2015_18_0.json	1448665200.0	55.15	275.85	655
snapshot_11_28_2015_12_0.json	1448730000.0	57.49	275.85	667
snapshot_11_28_2015_18_0.json	1448751600.0	55.15	275.85	667
snapshot_11_28_2015_6_0.json	1448708400.0	57.49	275.85	667
snapshot_11_28_2015_6_0.json	1448708400.0	57.49	275.85	667
snapshot_11_29_2015_18_0.json	1448838000.0	55.15	275.85	664
snapshot_11_29_2015_6_0.json	1448794800.0	57.49	275.85	664
snapshot_11_29_2015_6_0.json	1448794800.0	57.49	275.85	664
snapshot_11_30_2015_18_0.json	1448924400.0	55.15	275.85	664
snapshot_12_1_2015_0_0.json	1448946000.0	55.15	275.85	652
snapshot_12_1_2015_18_0.json	1449010800.0	55.15	225	652
snapshot_12_1_2015_6_0.json	1448967600.0	57.49	275.85	652
snapshot_12_2_2015_0_0.json	1449032400.0	51.11	225	672
snapshot_12_2_2015_12_0.json	1449075600.0	51.11	225	672
snapshot_12_2_2015_18_0.json	1449097200.0	51.11	225	672
snapshot_12_2_2015_6_0.json	1449054000.0	51.11	225	672
snapshot_12_3_2015_0_0.json	1449118800.0	51.11	225	718
snapshot_12_3_2015_18_0.json	1449183600.0	51.11	225	718
snapshot_12_3_2015_18_0.json	1449183600.0	51.11	225	718
snapshot_12_3_2015_6_0.json	1449140400.0	51.11	225	718
snapshot_12_3_2015_6_0.json	1449140400.0	51.11	225	718
snapshot_12_4_2015_0_0.json	1449205200.0	51.11	225	718
snapshot_12_4_2015_12_0.json	1449248400.0	51.11	225	718
snapshot_12_4_2015_18_0.json	1449270000.0	51.11	225	718
snapshot_12_4_2015_6_0.json	1449226800.0	51.11	225	718
snapshot_12_4_2015_6_0.json	1449226800.0	51.11	225	718
snapshot_12_5_2015_0_0.json	1449291600.0	51.11	225	718
snapshot_12_5_2015_12_0.json	1449334800.0	51.11	225	714
snapshot_12_5_2015_18_0.json	1449356400.0	51.11	225	714
snapshot_12_5_2015_6_0.json	1449313200.0	51.11	225	718
9225320	2016-01-17T02:00:00Z	Disney On Ice Frozen	Talking Stick Resort Arena	Arizona Phoenix|226	85004
snapshot_11_16_2015_0_0.json	1447650000.0	55.01	275.85	670
snapshot_11_16_2015_0_0.json	1447650000.0	55.01	275.85	670
snapshot_11_17_2015_0_0.json	1447736400.0	55.01	275.85	670
snapshot_11_17_2015_12_0.json	1447779600.0	55.01	275.85	670
snapshot_11_17_2015_18_0.json	1447801200.0	55.01	275.85	670
snapshot_11_17_2015_18_0.json	1447801200.0	55.01	275.85	670
snapshot_11_18_2015_0_0.json	1447822800.0	55.01	275.85	670
snapshot_11_18_2015_12_0.json	1447866000.0	55.01	275.85	670
snapshot_11_18_2015_12_0.json	1447866000.0	55.01	275.85	670
snapshot_11_18_2015_18_0.json	1447887600.0	55.01	275.85	670
snapshot_11_18_2015_18_0.json	1447887600.0	55.01	275.85	670
snapshot_11_18_2015_6_0.json	1447844400.0	55.01	275.85	670
snapshot_11_19_2015_12_0.json	1447952400.0	55.01	275.85	667
snapshot_11_19_2015_6_0.json	1447930800.0	55.01	275.85	667
snapshot_11_20_2015_0_0.json	1447995600.0	55.01	275.85	670
snapshot_11_20_2015_12_0.json	1448038800.0	55.01	275.85	670
snapshot_11_20_2015_12_0.json	1448038800.0	55.01	275.85	670
snapshot_11_21_2015_12_0.json	1448125200.0	55.01	275.85	670
snapshot_11_22_2015_0_0.json	1448168400.0	55.01	275.85	670
snapshot_11_22_2015_12_0.json	1448211600.0	55.01	275.85	670
snapshot_11_22_2015_18_0.json	1448233200.0	55.01	275.85	670
snapshot_11_22_2015_18_0.json	1448233200.0	55.01	275.85	670
snapshot_11_22_2015_6_0.json	1448190000.0	55.01	275.85	670
snapshot_11_22_2015_6_0.json	1448190000.0	55.01	275.85	670
snapshot_11_23_2015_0_0.json	1448254800.0	55.01	275.85	670
snapshot_11_23_2015_12_0.json	1448298000.0	55.01	275.85	670
snapshot_11_23_2015_18_0.json	1448319600.0	55.01	275.85	670
snapshot_11_23_2015_18_0.json	1448319600.0	55.01	275.85	670
snapshot_11_23_2015_6_0.json	1448276400.0	55.01	275.85	670
snapshot_11_24_2015_0_0.json	1448341200.0	55.01	275.85	670
snapshot_11_24_2015_0_0.json	1448341200.0	55.01	275.85	670
snapshot_11_24_2015_12_0.json	1448384400.0	57.49	275.85	668
snapshot_11_24_2015_18_0.json	1448406000.0	55.15	275.85	668
snapshot_11_24_2015_6_0.json	1448362800.0	57.49	275.85	668
snapshot_11_25_2015_0_0.json	1448427600.0	55.15	275.85	668
snapshot_11_25_2015_0_0.json	1448427600.0	55.15	275.85	668
snapshot_11_25_2015_12_0.json	1448470800.0	57.49	275.85	668
snapshot_11_25_2015_18_0.json	1448492400.0	55.15	275.85	661
snapshot_11_25_2015_6_0.json	1448449200.0	57.49	275.85	668
snapshot_11_25_2015_6_0.json	1448449200.0	57.49	275.85	668
snapshot_11_26_2015_0_0.json	1448514000.0	55.15	275.85	661
snapshot_11_27_2015_18_0.json	1448665200.0	55.15	275.85	655
snapshot_11_28_2015_12_0.json	1448730000.0	57.49	275.85	667
snapshot_11_28_2015_18_0.json	1448751600.0	55.15	275.85	667
snapshot_11_28_2015_6_0.json	1448708400.0	57.49	275.85	667
snapshot_11_28_2015_6_0.json	1448708400.0	57.49	275.85	667
snapshot_11_29_2015_18_0.json	1448838000.0	55.15	275.85	664
snapshot_11_29_2015_6_0.json	1448794800.0	57.49	275.85	664
snapshot_11_29_2015_6_0.json	1448794800.0	57.49	275.85	664
snapshot_11_30_2015_18_0.json	1448924400.0	55.15	275.85	664
snapshot_12_1_2015_0_0.json	1448946000.0	55.15	275.85	652
snapshot_12_1_2015_18_0.json	1449010800.0	55.15	225	652
snapshot_12_1_2015_6_0.json	1448967600.0	57.49	275.85	652
snapshot_12_2_2015_0_0.json	1449032400.0	51.11	225	672
snapshot_12_2_2015_12_0.json	1449075600.0	51.11	225	672
snapshot_12_2_2015_18_0.json	1449097200.0	51.11	225	672
snapshot_12_2_2015_6_0.json	1449054000.0	51.11	225	672
snapshot_12_3_2015_0_0.json	1449118800.0	51.11	225	718
snapshot_12_3_2015_18_0.json	1449183600.0	51.11	225	718
snapshot_12_3_2015_18_0.json	1449183600.0	51.11	225	718
snapshot_12_3_2015_6_0.json	1449140400.0	51.11	225	718
snapshot_12_3_2015_6_0.json	1449140400.0	51.11	225	718
snapshot_12_4_2015_0_0.json	1449205200.0	51.11	225	718
sn9225320	2016-01-17T02:00:00Z	Disney On Ice Frozen	Talking Stick Resort Arena	Arizona Phoenix|226	85004
snapshot_11_16_2015_0_0.json	1447650000.0	55.01	275.85	670
snapshot_11_16_2015_0_0.json	1447650000.0	55.01	275.85	670
snapshot_11_17_2015_0_0.json	1447736400.0	55.01	275.85	670
snapshot_11_17_2015_12_0.json	1447779600.0	55.01	275.85	670
snapshot_11_17_2015_18_0.json	1447801200.0	55.01	275.85	670
snapshot_11_17_2015_18_0.json	1447801200.0	55.01	275.85	670
snapshot_11_18_2015_0_0.json	1447822800.0	55.01	275.85	670
snapshot_11_18_2015_12_0.json	1447866000.0	55.01	275.85	670
snapshot_11_18_2015_12_0.json	1447866000.0	55.01	275.85	670
snapshot_11_18_2015_18_0.json	1447887600.0	55.01	275.85	670
snapshot_11_18_2015_18_0.json	1447887600.0	55.01	275.85	670
snapshot_11_18_2015_6_0.json	1447844400.0	55.01	275.85	670
snapshot_11_19_2015_12_0.json	1447952400.0	55.01	275.85	667
snapshot_11_19_2015_6_0.json	1447930800.0	55.01	275.85	667
snapshot_11_20_2015_0_0.json	1447995600.0	55.01	275.85	670
snapshot_11_20_2015_12_0.json	1448038800.0	55.01	275.85	670
snapshot_11_20_2015_12_0.json	1448038800.0	55.01	275.85	670
snapshot_11_21_2015_12_0.json	1448125200.0	55.01	275.85	670
snapshot_11_22_2015_0_0.json	1448168400.0	55.01	275.85	670
snapshot_11_22_2015_12_0.json	1448211600.0	55.01	275.85	670
snapshot_11_22_2015_18_0.json	1448233200.0	55.01	275.85	670
snapshot_11_22_2015_18_0.json	1448233200.0	55.01	275.85	670
snapshot_11_22_2015_6_0.json	1448190000.0	55.01	275.85	670
snapshot_11_22_2015_6_0.json	1448190000.0	55.01	275.85	670
snapshot_11_23_2015_0_0.json	1448254800.0	55.01	275.85	670
snapshot_11_23_2015_12_0.json	1448298000.0	55.01	275.85	670
snapshot_11_23_2015_18_0.json	1448319600.0	55.01	275.85	670
snapshot_11_23_2015_18_0.json	1448319600.0	55.01	275.85	670
snapshot_11_23_2015_6_0.json	1448276400.0	55.01	275.85	670
snapshot_11_24_2015_0_0.json	1448341200.0	55.01	275.85	670
snapshot_11_24_2015_0_0.json	1448341200.0	55.01	275.85	670
snapshot_11_24_2015_12_0.json	1448384400.0	57.49	275.85	668
snapshot_11_24_2015_18_0.json	1448406000.0	55.15	275.85	668
snapshot_11_24_2015_6_0.json	1448362800.0	57.49	275.85	668
snapshot_11_25_2015_0_0.json	1448427600.0	55.15	275.85	668
snapshot_11_25_2015_0_0.json	1448427600.0	55.15	275.85	668
snapshot_11_25_2015_12_0.json	1448470800.0	57.49	275.85	668
snapshot_11_25_2015_18_0.json	1448492400.0	55.15	275.85	661
snapshot_11_25_2015_6_0.json	1448449200.0	57.49	275.85	668
snapshot_11_25_2015_6_0.json	1448449200.0	57.49	275.85	668
snapshot_11_26_2015_0_0.json	1448514000.0	55.15	275.85	661
snapshot_11_27_2015_18_0.json	1448665200.0	55.15	275.85	655
snapshot_11_28_2015_12_0.json	1448730000.0	57.49	275.85	667
snapshot_11_28_2015_18_0.json	1448751600.0	55.15	275.85	667
snapshot_11_28_2015_6_0.json	1448708400.0	57.49	275.85	667
snapshot_11_28_2015_6_0.json	1448708400.0	57.49	275.85	667
snapshot_11_29_2015_18_0.json	1448838000.0	55.15	275.85	664
snapshot_11_29_2015_6_0.json	1448794800.0	57.49	275.85	664
snapshot_11_29_2015_6_0.json	1448794800.0	57.49	275.85	664
snapshot_11_30_2015_18_0.json	1448924400.0	55.15	275.85	664
snapshot_12_1_2015_0_0.json	1448946000.0	55.15	275.85	652
snapshot_12_1_2015_18_0.json	1449010800.0	55.15	225	652
snapshot_12_1_2015_6_0.json	1448967600.0	57.49	275.85	652
snapshot_12_2_2015_0_0.json	1449032400.0	51.11	225	672
snapshot_12_2_2015_12_0.json	1449075600.0	51.11	225	672
snapshot_12_2_2015_18_0.json	1449097200.0	51.11	225	672
snapshot_12_2_2015_6_0.json	1449054000.0	51.11	225	672
snapshot_12_3_2015_0_0.json	1449118800.0	51.11	225	718
snapshot_12_3_2015_18_0.json	1449183600.0	51.11	225	718
snapshot_12_3_2015_18_0.json	1449183600.0	51.11	225	718
snapshot_12_3_2015_6_0.json	1449140400.0	51.11	225	718
snapshot_12_3_2015_6_0.json	1449140400.0	51.11	225	718
snapshot_12_4_2015_0_0.json	1449205200.0	51.11	225	718
snapshot_12_4_2015_12_0.json	1449248400.0	51.11	225	718
snapshot_12_4_2015_18_0.json	1449270000.0	51.11	225	718
snapshot_12_4_2015_6_0.json	1449226800.0	51.11	225	718
snapshot_12_4_2015_6_0.json	1449226800.0	51.11	225	718
snapshot_12_5_2015_0_0.json	1449291600.0	51.11	225	718
snapshot_12_5_2015_12_0.json	1449334800.0	51.11	225	714
snapshot_12_5_2015_18_0.json	1449356400.0	51.11	225	714
snapshot_12_5_2015_6_0.json	1449313200.0	51.11	225	718
9225320	2016-01-17T02:00:00Z	Disney On Ice Frozen	Talking Stick Resort Arena	Arizona Phoenix|226	85004
snapshot_11_16_2015_0_0.json	1447650000.0	55.01	275.85	670
snapshot_11_16_2015_0_0.json	1447650000.0	55.01	275.85	670
snapshot_11_17_2015_0_0.json	1447736400.0	55.01	275.85	670
snapshot_11_17_2015_12_0.json	1447779600.0	55.01	275.85	670
snapshot_11_17_2015_18_0.json	1447801200.0	55.01	275.85	670
snapshot_11_17_2015_18_0.json	1447801200.0	55.01	275.85	670
snapshot_11_18_2015_0_0.json	1447822800.0	55.01	275.85	670
snapshot_11_18_2015_12_0.json	1447866000.0	55.01	275.85	670
snapshot_11_18_2015_12_0.json	1447866000.0	55.01	275.85	670
snapshot_11_18_2015_18_0.json	1447887600.0	55.01	275.85	670
snapshot_11_18_2015_18_0.json	1447887600.0	55.01	275.85	670
snapshot_11_18_2015_6_0.json	1447844400.0	55.01	275.85	670
snapshot_11_19_2015_12_0.json	1447952400.0	55.01	275.85	667
snapshot_11_19_2015_6_0.json	1447930800.0	55.01	275.85	667
snapshot_11_20_2015_0_0.json	1447995600.0	55.01	275.85	670
snapshot_11_20_2015_12_0.json	1448038800.0	55.01	275.85	670
snapshot_11_20_2015_12_0.json	1448038800.0	55.01	275.85	670
snapshot_11_21_2015_12_0.json	1448125200.0	55.01	275.85	670
snapshot_11_22_2015_0_0.json	1448168400.0	55.01	275.85	670
snapshot_11_22_2015_12_0.json	1448211600.0	55.01	275.85	670
snapshot_11_22_2015_18_0.json	1448233200.0	55.01	275.85	670
snapshot_11_22_2015_18_0.json	1448233200.0	55.01	275.85	670
snapshot_11_22_2015_6_0.json	1448190000.0	55.01	275.85	670
snapshot_11_22_2015_6_0.json	1448190000.0	55.01	275.85	670
snapshot_11_23_2015_0_0.json	1448254800.0	55.01	275.85	670
snapshot_11_23_2015_12_0.json	1448298000.0	55.01	275.85	670
snapshot_11_23_2015_18_0.json	1448319600.0	55.01	275.85	670
snapshot_11_23_2015_18_0.json	1448319600.0	55.01	275.85	670
snapshot_11_23_2015_6_0.json	1448276400.0	55.01	275.85	670
snapshot_11_24_2015_0_0.json	1448341200.0	55.01	275.85	670
snapshot_11_24_2015_0_0.json	1448341200.0	55.01	275.85	670
snapshot_11_24_2015_12_0.json	1448384400.0	57.49	275.85	668
snapshot_11_24_2015_18_0.json	1448406000.0	55.15	275.85	668
snapshot_11_24_2015_6_0.json	1448362800.0	57.49	275.85	668
snapshot_11_25_2015_0_0.json	1448427600.0	55.15	275.85	668
snapshot_11_25_2015_0_0.json	1448427600.0	55.15	275.85	668
snapshot_11_25_2015_12_0.json	1448470800.0	57.49	275.85	668
snapshot_11_25_2015_18_0.json	1448492400.0	55.15	275.85	661
snapshot_11_25_2015_6_0.json	1448449200.0	57.49	275.85	668
snapshot_11_25_2015_6_0.json	1448449200.0	57.49	275.85	668
snapshot_11_26_2015_0_0.json	1448514000.0	55.15	275.85	661
snapshot_11_27_2015_18_0.json	1448665200.0	55.15	275.85	655
snapshot_11_28_2015_12_0.json	1448730000.0	57.49	275.85	667
snapshot_11_28_2015_18_0.json	1448751600.0	55.15	275.85	667
snapshot_11_28_2015_6_0.json	1448708400.0	57.49	275.85	667
snapshot_11_28_2015_6_0.json	1448708400.0	57.49	275.85	667
snapshot_11_29_2015_18_0.json	1448838000.0	55.15	275.85	664
snapshot_11_29_2015_6_0.json	1448794800.0	57.49	275.85	664
snapshot_11_29_2015_6_0.json	1448794800.0	57.49	275.85	664
snapshot_11_30_2015_18_0.json	1448924400.0	55.15	275.85	664
snapshot_12_1_2015_0_0.json	1448946000.0	55.15	275.85	652
snapshot_12_1_2015_18_0.json	1449010800.0	55.15	225	652
snapshot_12_1_2015_6_0.json	1448967600.0	57.49	275.85	652
snapshot_12_2_2015_0_0.json	1449032400.0	51.11	225	672
snapshot_12_2_2015_12_0.json	1449075600.0	51.11	225	672
snapshot_12_2_2015_18_0.json	1449097200.0	51.11	225	672
snapshot_12_2_2015_6_0.json	1449054000.0	51.11	225	672
snapshot_12_3_2015_0_0.json	1449118800.0	51.11	225	718
snapshot_12_3_2015_18_0.json	1449183600.0	51.11	225	718
snapshot_12_3_2015_18_0.json	1449183600.0	51.11	225	718
snapshot_12_3_2015_6_0.json	1449140400.0	51.11	225	718
snapshot_12_3_2015_6_0.json	1449140400.0	51.11	225	718
snapshot_12_4_2015_0_0.json	1449205200.0	51.11	225	718
sn
