9225322	2016-01-16T02:00:00Z	Disney On Ice Frozen	Talking Stick Resort Arena	Arizona Phoenix|226	85004
snapshot_11_16_2015_0_0.json	1447650000.0	46.2	244.57	461
snapshot_11_16_2015_0_0.json	1447650000.0	46.2	244.57	461
snapshot_11_17_2015_0_0.json	1447736400.0	46.2	244.57	457
snapshot_11_17_2015_12_0.json	1447779600.0	46.2	244.57	457
snapshot_11_18_2015_0_0.json	1447822800.0	46.2	244.57	457
snapshot_11_18_2015_12_0.json	1447866000.0	46.2	244.57	457
snapshot_11_18_2015_18_0.json	1447887600.0	46.2	244.57	457
snapshot_11_18_2015_18_0.json	1447887600.0	46.2	244.57	457
snapshot_11_18_2015_6_0.json	1447844400.0	46.2	244.57	457
snapshot_11_19_2015_0_0.json	1447909200.0	46.2	244.57	457
snapshot_11_19_2015_0_0.json	1447909200.0	46.2	244.57	457
snapshot_11_19_2015_6_0.json	1447930800.0	46.2	244.57	457
snapshot_11_20_2015_0_0.json	1447995600.0	46.2	244.57	451
snapshot_11_21_2015_12_0.json	1448125200.0	46.2	244.57	447
snapshot_11_21_2015_18_0.json	1448146800.0	46.2	244.57	445
snapshot_11_21_2015_18_0.json	1448146800.0	46.2	244.57	445
snapshot_11_22_2015_0_0.json	1448168400.0	46.2	244.57	445
snapshot_11_22_2015_12_0.json	1448211600.0	46.2	244.57	451
snapshot_11_22_2015_18_0.json	1448233200.0	46.2	244.57	451
snapshot_11_22_2015_18_0.json	1448233200.0	46.2	244.57	451
snapshot_11_22_2015_6_0.json	1448190000.0	46.2	244.57	451
snapshot_11_22_2015_6_0.json	1448190000.0	46.2	244.57	451
snapshot_11_23_2015_12_0.json	1448298000.0	46.2	244.57	451
snapshot_11_23_2015_18_0.json	1448319600.0	46.2	244.57	451
snapshot_11_23_2015_18_0.json	1448319600.0	46.2	244.57	451
snapshot_11_23_2015_6_0.json	1448276400.0	46.2	244.57	451
snapshot_11_24_2015_0_0.json	1448341200.0	46.2	244.57	451
snapshot_11_24_2015_0_0.json	1448341200.0	46.2	244.57	451
snapshot_11_24_2015_18_0.json	1448406000.0	46.2	244.57	451
snapshot_11_25_2015_0_0.json	1448427600.0	46.2	244.57	464
snapshot_11_25_2015_0_0.json	1448427600.0	46.2	244.57	464
snapshot_11_25_2015_12_0.json	1448470800.0	46.2	244.57	464
snapshot_11_25_2015_6_0.json	1448449200.0	46.2	244.57	464
snapshot_11_25_2015_6_0.json	1448449200.0	46.2	244.57	464
snapshot_11_27_2015_18_0.json	1448665200.0	46.2	244.57	487
snapshot_11_28_2015_12_0.json	1448730000.0	46.2	432	513
snapshot_11_28_2015_18_0.json	1448751600.0	46.2	244.57	499
snapshot_11_28_2015_6_0.json	1448708400.0	46.2	248	499
snapshot_11_28_2015_6_0.json	1448708400.0	46.2	248	499
snapshot_11_29_2015_12_0.json	1448816400.0	46.2	432	521
snapshot_11_29_2015_6_0.json	1448794800.0	46.2	244.57	499
snapshot_11_29_2015_6_0.json	1448794800.0	46.2	244.57	499
snapshot_11_30_2015_0_0.json	1448859600.0	46.2	244.57	495
snapshot_11_30_2015_0_0.json	1448859600.0	46.2	244.57	495
snapshot_11_30_2015_12_0.json	1448902800.0	46.2	432	505
snapshot_11_30_2015_18_0.json	1448924400.0	46.2	428	495
snapshot_11_30_2015_6_0.json	1448881200.0	46.2	248	495
snapshot_12_1_2015_0_0.json	1448946000.0	46.2	244.57	503
snapshot_12_1_2015_18_0.json	1449010800.0	46.2	248	496
snapshot_12_1_2015_6_0.json	1448967600.0	46.2	244.57	496
snapshot_12_2_2015_0_0.json	1449032400.0	46.2	248	516
snapshot_12_2_2015_12_0.json	1449075600.0	46.2	432	522
snapshot_12_2_2015_12_0.json	1449075600.0	46.2	432	522
snapshot_12_2_2015_18_0.json	1449097200.0	46.2	244.57	518
snapshot_12_2_2015_6_0.json	1449054000.0	46.2	244.57	512
snapshot_12_3_2015_0_0.json	1449118800.0	46.2	244.57	540
snapshot_12_3_2015_12_0.json	1449162000.0	46.2	244.57	531
snapshot_12_3_2015_18_0.json	1449183600.0	46.2	244.57	531
snapshot_12_4_2015_0_0.json	1449205200.0	46.2	244.57	536
snapshot_12_4_2015_12_0.json	1449248400.0	46.2	432	544
snapshot_12_4_2015_18_0.json	1449270000.0	46.2	248	526
snapshot_12_4_2015_6_0.json	1449226800.0	46.2	244.57	534
snapshot_12_5_2015_0_0.json	1449291600.0	46.2	428	529
snapshot_12_5_2015_12_0.json	1449334800.0	46.2	432	533
snapshot_12_5_2015_18_0.json	1449356400.0	46.2	225	525
snapshot_12_5_2015_6_0.json	1449313200.0	46.2	244.57	525
9225322	2016-01-16T02:00:00Z	Disney On Ice Frozen	Talking Stick Resort Arena	Arizona Phoenix|226	85004
snapshot_11_16_2015_0_0.json	1447650000.0	46.2	244.57	461
snapshot_11_16_2015_0_0.json	1447650000.0	46.2	244.57	461
snapshot_11_17_2015_0_0.json	1447736400.0	46.2	244.57	457
snapshot_11_17_2015_12_0.json	1447779600.0	46.2	244.57	457
snapshot_11_18_2015_0_0.json	1447822800.0	46.2	244.57	457
snapshot_11_18_2015_12_0.json	1447866000.0	46.2	244.57	457
snapshot_11_18_2015_18_0.json	1447887600.0	46.2	244.57	457
snapshot_11_18_2015_18_0.json	1447887600.0	46.2	244.57	457
snapshot_11_18_2015_6_0.json	1447844400.0	46.2	244.57	457
snapshot_11_19_2015_0_0.json	1447909200.0	46.2	244.57	457
snapshot_11_19_2015_0_0.json	1447909200.0	46.2	244.57	457
snapshot_11_19_2015_6_0.json	1447930800.0	46.2	244.57	457
snapshot_11_20_2015_0_0.json	1447995600.0	46.2	244.57	451
snapshot_11_21_2015_12_0.json	1448125200.0	46.2	244.57	447
snapshot_11_21_2015_18_0.json	1448146800.0	46.2	244.57	445
snapshot_11_21_2015_18_0.json	1448146800.0	46.2	244.57	445
snapshot_11_22_2015_0_0.json	1448168400.0	46.2	244.57	445
snapshot_11_22_2015_12_0.json	1448211600.0	46.2	244.57	451
snapshot_11_22_2015_18_0.json	1448233200.0	46.2	244.57	451
snapshot_11_22_2015_18_0.json	1448233200.0	46.2	244.57	451
snapshot_11_22_2015_6_0.json	1448190000.0	46.2	244.57	451
snapshot_11_22_2015_6_0.json	1448190000.0	46.2	244.57	451
snapshot_11_23_2015_12_0.json	1448298000.0	46.2	244.57	451
snapshot_11_23_2015_18_0.json	1448319600.0	46.2	244.57	451
snapshot_11_23_2015_18_0.json	1448319600.0	46.2	244.57	451
snapshot_11_23_2015_6_0.json	1448276400.0	46.2	244.57	451
snapshot_11_24_2015_0_0.json	1448341200.0	46.2	244.57	451
snapshot_11_24_2015_0_0.json	1448341200.0	46.2	244.57	451
snapshot_11_24_2015_18_0.json	1448406000.0	46.2	244.57	451
snapshot_11_25_2015_0_0.json	1448427600.0	46.2	244.57	464
snapshot_11_25_2015_0_0.json	1448427600.0	46.2	244.57	464
snapshot_11_25_2015_12_0.json	1448470800.0	46.2	244.57	464
snapshot_11_25_2015_6_0.json	1448449200.0	46.2	244.57	464
snapshot_11_25_2015_6_0.json	1448449200.0	46.2	244.57	464
snapshot_11_27_2015_18_0.json	1448665200.0	46.2	244.57	487
snapshot_11_28_2015_12_0.json	1448730000.0	46.2	432	513
snapshot_11_28_2015_18_0.json	1448751600.0	46.2	244.57	499
snapshot_11_28_2015_6_0.json	1448708400.0	46.2	248	499
snapshot_11_28_2015_6_0.json	1448708400.0	46.2	248	499
snapshot_11_29_2015_12_0.json	1448816400.0	46.2	432	521
snapshot_11_29_2015_6_0.json	1448794800.0	46.2	244.57	499
snapshot_11_29_2015_6_0.json	1448794800.0	46.2	244.57	499
snapshot_11_30_2015_0_0.json	1448859600.0	46.2	244.57	495
snapshot_11_30_2015_0_0.json	1448859600.0	46.2	244.57	495
snapshot_11_30_2015_12_0.json	1448902800.0	46.2	432	505
snapshot_11_30_2015_18_0.json	1448924400.0	46.2	428	495
snapshot_11_30_2015_6_0.json	1448881200.0	46.2	248	495
snapshot_12_1_2015_0_0.json	1448946000.0	46.2	244.57	503
snapshot_12_1_2015_18_0.json	1449010800.0	46.2	248	496
snapshot_12_1_2015_6_0.json	1448967600.0	46.2	244.57	496
snapshot_12_2_2015_0_0.json	1449032400.0	46.2	248	516
snapshot_12_2_2015_12_0.json	1449075600.0	46.2	432	522
snapshot_12_2_2015_12_0.json	1449075600.0	46.2	432	522
snapshot_12_2_2015_18_0.json	1449097200.0	46.2	244.57	518
snapshot_12_2_2015_6_0.json	1449054000.0	46.2	244.57	512
snapshot_12_3_2015_0_0.json	1449118800.0	46.2	244.57	540
snapshot_12_3_2015_12_0.json	1449162000.0	46.2	244.57	531
snapshot_12_3_2015_18_0.json	1449183600.0	46.2	244.57	531
snapshot_12_4_2015_0_0.json	1449205200.0	46.2	244.57	536
snapshot_12_4_2015_12_0.json	1449248400.0	46.2	432	544
snapshot_12_4_2015_18_0.json	1449270000.0	46.2	248	526
snapshot_12_4_2015_6_0.json	1449226800.0	46.2	244.57	534
snapshot_12_5_2015_0_0.json	1449291600.0	46.2	428	529
snapshot_12_5_2015_12_0.json	1449334800.0	46.2	432	533
snapshot_12_5_2015_18_0.json	1449356400.0	46.2	225	525
snapshot_12_5_2015_6_0.json	1449313200.0	46.2	244.57	525
9225322	2016-01-16T02:00:00Z	Disney On Ice Frozen	Talking Stick Resort Arena	Arizona Phoenix|226	85004
snapshot_11_16_2015_0_0.json	1447650000.0	46.2	244.57	461
snapshot_11_16_2015_0_0.json	1447650000.0	46.2	244.57	461
snapshot_11_17_2015_0_0.json	1447736400.0	46.2	244.57	457
snapshot_11_17_2015_12_0.json	1447779600.0	46.2	244.57	457
snapshot_11_18_2015_0_0.json	1447822800.0	46.2	244.57	457
snapshot_11_18_2015_12_0.json	1447866000.0	46.2	244.57	457
snapshot_11_18_2015_18_0.json	1447887600.0	46.2	244.57	457
snapshot_11_18_2015_18_0.json	1447887600.0	46.2	244.57	457
snapshot_11_18_2015_6_0.json	1447844400.0	46.2	244.57	457
snapshot_11_19_2015_0_0.json	1447909200.0	46.2	244.57	457
snapshot_11_19_2015_0_0.json	1447909200.0	46.2	244.57	457
snapshot_11_19_2015_6_0.json	1447930800.0	46.2	244.57	457
snapshot_11_20_2015_0_0.json	1447995600.0	46.2	244.57	451
snapshot_11_21_2015_12_0.json	1448125200.0	46.2	244.57	447
snapshot_11_21_2015_18_0.json	1448146800.0	46.2	244.57	445
snapshot_11_21_2015_18_0.json	1448146800.0	46.2	244.57	445
snapshot_11_22_2015_0_0.json	1448168400.0	46.2	244.57	445
snapshot_11_22_2015_12_0.json	1448211600.0	46.2	244.57	451
snapshot_11_22_2015_18_0.json	1448233200.0	46.2	244.57	451
snapshot_11_22_2015_18_0.json	1448233200.0	46.2	244.57	451
snapshot_11_22_2015_6_0.json	1448190000.0	46.2	244.57	451
snapshot_11_22_2015_6_0.json	1448190000.0	46.2	244.57	451
snapshot_11_23_2015_12_0.json	1448298000.0	46.2	244.57	451
snapshot_11_23_2015_18_0.json	1448319600.0	46.2	244.57	451
snapshot_11_23_2015_18_0.json	1448319600.0	46.2	244.57	451
snapshot_11_23_2015_6_0.json	1448276400.0	46.2	244.57	451
snapshot_11_24_2015_0_0.json	1448341200.0	46.2	244.57	451
snapshot_11_24_2015_0_0.json	1448341200.0	46.2	244.57	451
snapshot_11_24_2015_18_0.json	1448406000.0	46.2	244.57	451
snapshot_11_25_2015_0_0.json	1448427600.0	46.2	244.57	464
snapshot_11_25_2015_0_0.json	1448427600.0	46.2	244.57	464
snapshot_11_25_2015_12_0.json	1448470800.0	46.2	244.57	464
snapshot_11_25_2015_6_0.json	1448449200.0	46.2	244.57	464
snapshot_11_25_2015_6_0.json	1448449200.0	46.2	244.57	464
snapshot_11_27_2015_18_0.json	1448665200.0	46.2	244.57	487
snapshot_11_28_2015_12_0.json	1448730000.0	46.2	432	513
snapshot_11_28_2015_18_0.json	1448751600.0	46.2	244.57	499
snapshot_11_28_2015_6_0.json	1448708400.0	46.2	248	499
snapshot_11_28_2015_6_0.json	1448708400.0	46.2	248	499
snapshot_11_29_2015_12_0.json	1448816400.0	46.2	432	521
snapshot_11_29_2015_6_0.json	1448794800.0	46.2	244.57	499
snapshot_11_29_2015_6_0.json	1448794800.0	46.2	244.57	499
snapshot_11_30_2015_0_0.json	1448859600.0	46.2	244.57	495
snapshot_11_30_2015_0_0.json	1448859600.0	46.2	244.57	495
snapshot_11_30_2015_12_0.json	1448902800.0	46.2	432	505
snapshot_11_30_2015_18_0.json	1448924400.0	46.2	428	495
snapshot_11_30_2015_6_0.json	1448881200.0	46.2	248	495
snapshot_12_1_2015_0_0.json	1448946000.0	46.2	244.57	503
snapshot_12_1_2015_18_0.json	1449010800.0	46.2	248	496
snapshot_12_1_2015_6_0.json	1448967600.0	46.2	244.57	496
snapshot_12_2_2015_0_0.json	1449032400.0	46.2	248	516
snapshot_12_2_2015_12_0.json	1449075600.0	46.2	432	522
snapshot_12_2_2015_12_0.json	1449075600.0	46.2	432	522
snapshot_12_2_2015_18_0.json	1449097200.0	46.2	244.57	518
snapshot_12_2_2015_6_0.json	1449054000.0	46.2	244.57	512
snapshot_12_3_2015_0_0.json	1449118800.0	46.2	244.57	540
snapshot_12_3_2015_12_0.json	1449162000.0	46.2	244.57	531
snapshot_12_3_2015_18_0.json	1449183600.0	46.2	244.57	531
snapshot_12_4_2015_0_0.json	1449205200.0	46.2	244.57	536
snapshot_12_4_2015_12_0.json	1449248400.0	46.2	432	544
snapshot_12_4_2015_18_0.json	1449270000.0	46.2	248	526
snapshot_12_4_2015_6_0.json	1449226800.0	46.2	244.57	534
snapshot_12_5_2015_0_0.json	1449291600.0	46.2	428	529
snapshot_12_5_2015_12_0.json	1449334800.0	46.2	432	533
snapshot_12_5_2015_18_0.json	1449356400.0	46.2	225	525
snapshot_12_5_2015_6_0.json	1449313200.0	46.2	244.57	525
9225322	2016-01-16T02:00:00Z	Disney On Ice Frozen	Talking Stick Resort Arena	Arizona Phoenix|226	85004
snapshot_11_16_2015_0_0.json	1447650000.0	46.2	244.57	461
snapshot_11_16_2015_0_0.json	1447650000.0	46.2	244.57	461
snapshot_11_17_2015_0_0.json	1447736400.0	46.2	244.57	457
snapshot_11_17_2015_12_0.json	1447779600.0	46.2	244.57	457
snapshot_11_18_2015_0_0.json	1447822800.0	46.2	244.57	457
snapshot_11_18_2015_12_0.json	1447866000.0	46.2	244.57	457
snapshot_11_18_2015_18_0.json	1447887600.0	46.2	244.57	457
snapshot_11_18_2015_18_0.json	1447887600.0	46.2	244.57	457
snapshot_11_18_2015_6_0.json	1447844400.0	46.2	244.57	457
snapshot_11_19_2015_0_0.json	1447909200.0	46.2	244.57	457
snapshot_11_19_2015_0_0.json	1447909200.0	46.2	244.57	457
snapshot_11_19_2015_6_0.json	1447930800.0	46.2	244.57	457
snapshot_11_20_2015_0_0.json	1447995600.0	46.2	244.57	451
snapshot_11_21_2015_12_0.json	1448125200.0	46.2	244.57	447
snapshot_11_21_2015_18_0.json	1448146800.0	46.2	244.57	445
snapshot_11_21_2015_18_0.json	1448146800.0	46.2	244.57	445
snapshot_11_22_2015_0_0.json	1448168400.0	46.2	244.57	445
snapshot_11_22_2015_12_0.json	1448211600.0	46.2	244.57	451
snapshot_11_22_2015_18_0.json	1448233200.0	46.2	244.57	451
snapshot_11_22_2015_18_0.json	1448233200.0	46.2	244.57	451
snapshot_11_22_2015_6_0.json	1448190000.0	46.2	244.57	451
snapshot_11_22_2015_6_0.json	1448190000.0	46.2	244.57	451
snapshot_11_23_2015_12_0.json	1448298000.0	46.2	244.57	451
snapshot_11_23_2015_18_0.json	1448319600.0	46.2	244.57	451
snapshot_11_23_2015_18_0.json	1448319600.0	46.2	244.57	451
snapshot_11_23_2015_6_0.json	1448276400.0	46.2	244.57	451
snapshot_11_24_2015_0_0.json	1448341200.0	46.2	244.57	451
snapshot_11_24_2015_0_0.json	1448341200.0	46.2	244.57	451
snapshot_11_24_2015_18_0.json	1448406000.0	46.2	244.57	451
snapshot_11_25_2015_0_0.json	1448427600.0	46.2	244.57	464
snapshot_11_25_2015_0_0.json	1448427600.0	46.2	244.57	464
snapshot_11_25_2015_12_0.json	1448470800.0	46.2	244.57	464
snapshot_11_25_2015_6_0.json	1448449200.0	46.2	244.57	464
snapshot_11_25_2015_6_0.json	1448449200.0	46.2	244.57	464
snapshot_11_27_2015_18_0.json	1448665200.0	46.2	244.57	487
snapshot_11_28_2015_12_0.json	1448730000.0	46.2	432	513
snapshot_11_28_2015_18_0.json	1448751600.0	46.2	244.57	499
snapshot_11_28_2015_6_0.json	1448708400.0	46.2	248	499
snapshot_11_28_2015_6_0.json	1448708400.0	46.2	248	499
snapshot_11_29_2015_12_0.json	1448816400.0	46.2	432	521
snapshot_11_29_2015_6_0.json	1448794800.0	46.2	244.57	499
snapshot_11_29_2015_6_0.json	1448794800.0	46.2	244.57	499
snapshot_11_30_2015_0_0.json	1448859600.0	46.2	244.57	495
snapshot_11_30_2015_0_0.json	1448859600.0	46.2	244.57	495
snapshot_11_30_2015_12_0.json	1448902800.0	46.2	432	505
snapshot_11_30_2015_18_0.json	1448924400.0	46.2	428	495
snapshot_11_30_2015_6_0.json	1448881200.0	46.2	248	495
snapshot_12_1_2015_0_0.json	1448946000.0	46.2	244.57	503
snapshot_12_1_2015_18_0.json	1449010800.0	46.2	248	496
snapshot_12_1_2015_6_0.json	1448967600.0	46.2	244.57	496
snapshot_12_2_2015_0_0.json	1449032400.0	46.2	248	516
snapshot_12_2_2015_12_0.json	1449075600.0	46.2	432	522
snapshot_12_2_2015_12_0.json	1449075600.0	46.2	432	522
snapshot_12_2_2015_18_0.json	1449097200.0	46.2	244.57	518
snapshot_12_2_2015_6_0.json	1449054000.0	46.2	244.57	512
snapshot_12_3_2015_0_0.json	1449118800.0	46.2	244.57	540
snapshot_12_3_2015_12_0.json	1449162000.0	46.2	244.57	531
snapshot_12_3_2015_18_0.json	1449183600.0	46.2	244.57	531
snapshot_12_4_2015_0_0.json	1449205200.0	46.2	244.57	536
snapshot_12_4_2015_12_0.json	1449248400.0	46.2	432	544
snapshot_12_4_2015_18_0.json	1449270000.0	46.2	248	526
snapshot_12_4_2015_6_0.json	1449226800.0	46.2	244.57	534
snapshot_12_5_2015_0_0.json	1449291600.0	46.2	428	529
snapshot_12_5_2015_12_0.json	1449334800.0	46.2	432	533
snapshot_12_5_2015_18_0.json	1449356400.0	46.2	225	525
snapshot_12_5_2015_6_0.json	1449313200.0	46.2	244.57	525
