9225319	2016-01-16T22:30:00Z	Disney On Ice Frozen	Talking Stick Resort Arena	Arizona Phoenix|226	85004
snapshot_11_16_2015_0_0.json	1447650000.0	45.79	776	1255
snapshot_11_17_2015_0_0.json	1447736400.0	45.79	295	1255
snapshot_11_17_2015_12_0.json	1447779600.0	48.54	776	1251
snapshot_11_17_2015_12_0.json	1447779600.0	48.54	776	1251
snapshot_11_17_2015_18_0.json	1447801200.0	45.79	295	1251
snapshot_11_18_2015_0_0.json	1447822800.0	45.79	295	1251
snapshot_11_18_2015_12_0.json	1447866000.0	48.54	792	1251
snapshot_11_18_2015_18_0.json	1447887600.0	45.79	295	1251
snapshot_11_18_2015_6_0.json	1447844400.0	48.54	295	1251
snapshot_11_19_2015_0_0.json	1447909200.0	45.79	792	1251
snapshot_11_19_2015_6_0.json	1447930800.0	48.54	295	1252
snapshot_11_20_2015_0_0.json	1447995600.0	45.79	295	1208
snapshot_11_20_2015_12_0.json	1448038800.0	48.54	792	1206
snapshot_11_21_2015_12_0.json	1448125200.0	48.54	792	1198
snapshot_11_21_2015_18_0.json	1448146800.0	45.79	295	1156
snapshot_11_22_2015_0_0.json	1448168400.0	45.79	295	1156
snapshot_11_22_2015_18_0.json	1448233200.0	45.79	295	1127
snapshot_11_22_2015_18_0.json	1448233200.0	45.79	295	1127
snapshot_11_22_2015_6_0.json	1448190000.0	48.54	295	1156
snapshot_11_22_2015_6_0.json	1448190000.0	48.54	295	1156
snapshot_11_23_2015_12_0.json	1448298000.0	48.54	295	1127
snapshot_11_23_2015_18_0.json	1448319600.0	45.79	295	1110
snapshot_11_23_2015_6_0.json	1448276400.0	48.54	295	1127
snapshot_11_24_2015_0_0.json	1448341200.0	45.79	295	1110
snapshot_11_24_2015_18_0.json	1448406000.0	45.79	295	1107
snapshot_11_25_2015_0_0.json	1448427600.0	45.79	295	1143
snapshot_11_25_2015_12_0.json	1448470800.0	48.54	295	1143
snapshot_11_25_2015_18_0.json	1448492400.0	45.79	295	1143
snapshot_11_26_2015_0_0.json	1448514000.0	45.79	295	1139
snapshot_11_26_2015_0_0.json	1448514000.0	45.79	295	1139
snapshot_11_28_2015_12_0.json	1448730000.0	48.54	304	1262
snapshot_11_28_2015_18_0.json	1448751600.0	45.79	295	1258
snapshot_11_28_2015_18_0.json	1448751600.0	45.79	295	1258
snapshot_11_28_2015_6_0.json	1448708400.0	48.54	295	1258
snapshot_11_28_2015_6_0.json	1448708400.0	48.54	295	1258
snapshot_11_29_2015_0_0.json	1448773200.0	45.79	295	1258
snapshot_11_29_2015_0_0.json	1448773200.0	45.79	295	1258
snapshot_11_29_2015_12_0.json	1448816400.0	48.54	304	1262
snapshot_11_29_2015_18_0.json	1448838000.0	45.79	336	1254
snapshot_11_29_2015_6_0.json	1448794800.0	48.54	336	1262
snapshot_11_30_2015_0_0.json	1448859600.0	45.79	295	1256
snapshot_11_30_2015_0_0.json	1448859600.0	45.79	295	1256
snapshot_11_30_2015_12_0.json	1448902800.0	48.54	760	1264
snapshot_11_30_2015_18_0.json	1448924400.0	45.79	336	1247
snapshot_11_30_2015_6_0.json	1448881200.0	48.54	295	1256
snapshot_11_30_2015_6_0.json	1448881200.0	48.54	295	1256
snapshot_12_1_2015_12_0.json	1448989200.0	48.54	760	1256
snapshot_12_1_2015_18_0.json	1449010800.0	45.79	295	1235
snapshot_12_1_2015_6_0.json	1448967600.0	48.54	756	1256
snapshot_12_2_2015_0_0.json	1449032400.0	45.79	756	1194
snapshot_12_2_2015_0_0.json	1449032400.0	45.79	756	1194
snapshot_12_2_2015_12_0.json	1449075600.0	48.54	756	1202
snapshot_12_2_2015_18_0.json	1449097200.0	45.79	295	1187
snapshot_12_2_2015_6_0.json	1449054000.0	48.54	756	1194
snapshot_12_3_2015_0_0.json	1449118800.0	39.94	760	1218
snapshot_12_3_2015_12_0.json	1449162000.0	42.69	295	1203
snapshot_12_3_2015_18_0.json	1449183600.0	39.94	295	1195
snapshot_12_3_2015_6_0.json	1449140400.0	42.69	760	1209
snapshot_12_4_2015_0_0.json	1449205200.0	39.94	295	1195
snapshot_12_4_2015_12_0.json	1449248400.0	42.69	756	1198
snapshot_12_4_2015_18_0.json	1449270000.0	39.94	295	1186
snapshot_12_4_2015_18_0.json	1449270000.0	39.94	295	1186
snapshot_12_4_2015_6_0.json	1449226800.0	42.69	295	1190
snapshot_12_5_2015_0_0.json	1449291600.0	39.94	756	1186
snapshot_12_5_2015_12_0.json	1449334800.0	42.69	760	1186
snapshot_12_5_2015_18_0.json	1449356400.0	39.94	760	1186
9225319	2016-01-16T22:30:00Z	Disney On Ice Frozen	Talking Stick Resort Arena	Arizona Phoenix|226	85004
snapshot_11_16_2015_0_0.json	1447650000.0	45.79	776	1255
snapshot_11_17_2015_0_0.json	1447736400.0	45.79	295	1255
snapshot_11_17_2015_12_0.json	1447779600.0	48.54	776	1251
snapshot_11_17_2015_12_0.json	1447779600.0	48.54	776	1251
snapshot_11_17_2015_18_0.json	1447801200.0	45.79	295	1251
snapshot_11_18_2015_0_0.json	1447822800.0	45.79	295	1251
snapshot_11_18_2015_12_0.json	1447866000.0	48.54	792	1251
snapshot_11_18_2015_18_0.json	1447887600.0	45.79	295	1251
snapshot_11_18_2015_6_0.json	1447844400.0	48.54	295	1251
snapshot_11_19_2015_0_0.json	1447909200.0	45.79	792	1251
snapshot_11_19_2015_6_0.json	1447930800.0	48.54	295	1252
snapshot_11_20_2015_0_0.json	1447995600.0	45.79	295	1208
snapshot_11_20_2015_12_0.json	1448038800.0	48.54	792	1206
snapshot_11_21_2015_12_0.json	1448125200.0	48.54	792	1198
snapshot_11_21_2015_18_0.json	1448146800.0	45.79	295	1156
snapshot_11_22_2015_0_0.json	1448168400.0	45.79	295	1156
snapshot_11_22_2015_18_0.json	1448233200.0	45.79	295	1127
snapshot_11_22_2015_18_0.json	1448233200.0	45.79	295	1127
snapshot_11_22_2015_6_0.json	1448190000.0	48.54	295	1156
snapshot_11_22_2015_6_0.json	1448190000.0	48.54	295	1156
snapshot_11_23_2015_12_0.json	1448298000.0	48.54	295	1127
snapshot_11_23_2015_18_0.json	1448319600.0	45.79	295	1110
snapshot_11_23_2015_6_0.json	1448276400.0	48.54	295	1127
snapshot_11_24_2015_0_0.json	1448341200.0	45.79	295	1110
snapshot_11_24_2015_18_0.json	1448406000.0	45.79	295	1107
snapshot_11_25_2015_0_0.json	1448427600.0	45.79	295	1143
snapshot_11_25_2015_12_0.json	1448470800.0	48.54	295	1143
snapshot_11_25_2015_18_0.json	1448492400.0	45.79	295	1143
snapshot_11_26_2015_0_0.json	1448514000.0	45.79	295	1139
snapshot_11_26_2015_0_0.json	1448514000.0	45.79	295	1139
snapshot_11_28_2015_12_0.json	1448730000.0	48.54	304	1262
snapshot_11_28_2015_18_0.json	1448751600.0	45.79	295	1258
snapshot_11_28_2015_18_0.json	1448751600.0	45.79	295	1258
snapshot_11_28_2015_6_0.json	1448708400.0	48.54	295	1258
snapshot_11_28_2015_6_0.json	1448708400.0	48.54	295	1258
snapshot_11_29_2015_0_0.json	1448773200.0	45.79	295	1258
snapshot_11_29_2015_0_0.json	1448773200.0	45.79	295	1258
snapshot_11_29_2015_12_0.json	1448816400.0	48.54	304	1262
snapshot_11_29_2015_18_0.json	1448838000.0	45.79	336	1254
snapshot_11_29_2015_6_0.json	1448794800.0	48.54	336	1262
snapshot_11_30_2015_0_0.json	1448859600.0	45.79	295	1256
snapshot_11_30_2015_0_0.json	1448859600.0	45.79	295	1256
snapshot_11_30_2015_12_0.json	1448902800.0	48.54	760	1264
snapshot_11_30_2015_18_0.json	1448924400.0	45.79	336	1247
snapshot_11_30_2015_6_0.json	1448881200.0	48.54	295	1256
snapshot_11_30_2015_6_0.json	1448881200.0	48.54	295	1256
snapshot_12_1_2015_12_0.json	1448989200.0	48.54	760	1256
snapshot_12_1_2015_18_0.json	1449010800.0	45.79	295	1235
snapshot_12_1_2015_6_0.json	1448967600.0	48.54	756	1256
snapshot_12_2_2015_0_0.json	1449032400.0	45.79	756	1194
snapshot_12_2_2015_0_0.json	1449032400.0	45.79	756	1194
snapshot_12_2_2015_12_0.json	1449075600.0	48.54	756	1202
snapshot_12_2_2015_18_0.json	1449097200.0	45.79	295	1187
snapshot_12_2_2015_6_0.json	1449054000.0	48.54	756	1194
snapshot_12_3_2015_0_0.json	1449118800.0	39.94	760	1218
snapshot_12_3_2015_12_0.json	1449162000.0	42.69	295	1203
snapshot_12_3_2015_18_0.json	1449183600.0	39.94	295	1195
snapshot_12_3_2015_6_0.json	1449140400.0	42.69	760	1209
snapshot_12_4_2015_0_0.json	1449205200.0	39.94	295	1195
snapshot_12_4_2015_12_0.json	1449248400.0	42.69	756	1198
snapshot_12_4_2015_18_0.json	1449270000.0	39.94	295	1186
snapshot_12_4_2015_18_0.json	1449270000.0	39.94	295	1186
snapshot_12_4_2015_6_0.json	1449226800.0	42.69	295	1190
snapshot_12_5_2015_0_0.json	1449291600.0	39.94	756	1186
snapshot_12_5_2015_12_0.json	1449334800.0	42.69	760	1186
snapshot_12_5_2015_18_0.json	1449356400.0	39.94	760	1186
9225319	2016-01-16T22:30:00Z	Disney On Ice Frozen	Talking Stick Resort Arena	Arizona Phoenix|226	85004
snapshot_11_16_2015_0_0.json	1447650000.0	45.79	776	1255
snapshot_11_17_2015_0_0.json	1447736400.0	45.79	295	1255
snapshot_11_17_2015_12_0.json	1447779600.0	48.54	776	1251
snapshot_11_17_2015_12_0.json	1447779600.0	48.54	776	1251
snapshot_11_17_2015_18_0.json	1447801200.0	45.79	295	1251
snapshot_11_18_2015_0_0.json	1447822800.0	45.79	295	1251
snapshot_11_18_2015_12_0.json	1447866000.0	48.54	792	1251
snapshot_11_18_2015_18_0.json	1447887600.0	45.79	295	1251
snapshot_11_18_2015_6_0.json	1447844400.0	48.54	295	1251
snapshot_11_19_2015_0_0.json	1447909200.0	45.79	792	1251
snapshot_11_19_2015_6_0.json	1447930800.0	48.54	295	1252
snapshot_11_20_2015_0_0.json	1447995600.0	45.79	295	1208
snapshot_11_20_2015_12_0.json	1448038800.0	48.54	792	1206
snapshot_11_21_2015_12_0.json	1448125200.0	48.54	792	1198
snapshot_11_21_2015_18_0.json	1448146800.0	45.79	295	1156
snapshot_11_22_2015_0_0.json	1448168400.0	45.79	295	1156
snapshot_11_22_2015_18_0.json	1448233200.0	45.79	295	1127
snapshot_11_22_2015_18_0.json	1448233200.0	45.79	295	1127
snapshot_11_22_2015_6_0.json	1448190000.0	48.54	295	1156
snapshot_11_22_2015_6_0.json	1448190000.0	48.54	295	1156
snapshot_11_23_2015_12_0.json	1448298000.0	48.54	295	1127
snapshot_11_23_2015_18_0.json	1448319600.0	45.79	295	1110
snapshot_11_23_2015_6_0.json	1448276400.0	48.54	295	1127
snapshot_11_24_2015_0_0.json	1448341200.0	45.79	295	1110
snapshot_11_24_2015_18_0.json	1448406000.0	45.79	295	1107
snapshot_11_25_2015_0_0.json	1448427600.0	45.79	295	1143
snapshot_11_25_2015_12_0.json	1448470800.0	48.54	295	1143
snapshot_11_25_2015_18_0.json	1448492400.0	45.79	295	1143
snapshot_11_26_2015_0_0.json	1448514000.0	45.79	295	1139
snapshot_11_26_2015_0_0.json	1448514000.0	45.79	295	1139
snapshot_11_28_2015_12_0.json	1448730000.0	48.54	304	1262
snapshot_11_28_2015_18_0.json	1448751600.0	45.79	295	1258
snapshot_11_28_2015_18_0.json	1448751600.0	45.79	295	1258
snapshot_11_28_2015_6_0.json	1448708400.0	48.54	295	1258
snapshot_11_28_2015_6_0.json	1448708400.0	48.54	295	1258
snapshot_11_29_2015_0_0.json	1448773200.0	45.79	295	1258
snapshot_11_29_2015_0_0.json	1448773200.0	45.79	295	1258
snapshot_11_29_2015_12_0.json	1448816400.0	48.54	304	1262
snapshot_11_29_2015_18_0.json	1448838000.0	45.79	336	1254
snapshot_11_29_2015_6_0.json	1448794800.0	48.54	336	1262
snapshot_11_30_2015_0_0.json	1448859600.0	45.79	295	1256
snapshot_11_30_2015_0_0.json	1448859600.0	45.79	295	1256
snapshot_11_30_2015_12_0.json	1448902800.0	48.54	760	1264
snapshot_11_30_2015_18_0.json	1448924400.0	45.79	336	1247
snapshot_11_30_2015_6_0.json	1448881200.0	48.54	295	1256
snapshot_11_30_2015_6_0.json	1448881200.0	48.54	295	1256
snapshot_12_1_2015_12_0.json	1448989200.0	48.54	760	1256
snapshot_12_1_2015_18_0.json	1449010800.0	45.79	295	1235
snapshot_12_1_2015_6_0.json	1448967600.0	48.54	756	1256
snapshot_12_2_2015_0_0.json	1449032400.0	45.79	756	1194
snapshot_12_2_2015_0_0.json	1449032400.0	45.79	756	1194
snapshot_12_2_2015_12_0.json	1449075600.0	48.54	756	1202
snapshot_12_2_2015_18_0.json	1449097200.0	45.79	295	1187
snapshot_12_2_2015_6_0.json	1449054000.0	48.54	756	1194
snapshot_12_3_2015_0_0.json	1449118800.0	39.94	760	1218
snapshot_12_3_2015_12_0.json	1449162000.0	42.69	295	1203
snapshot_12_3_2015_18_0.json	1449183600.0	39.94	295	1195
snapshot_12_3_2015_6_0.json	1449140400.0	42.69	760	1209
snapshot_12_4_2015_0_0.json	1449205200.0	39.94	295	1195
snapshot_12_4_2015_12_0.json	1449248400.0	42.69	756	1198
snapshot_12_4_2015_18_0.json	1449270000.0	39.94	295	1186
snapshot_12_4_2015_18_0.json	1449270000.0	39.94	295	1186
snapshot_12_4_2015_6_0.json	1449226800.0	42.69	295	1190
snapshot_12_5_2015_0_0.json	1449291600.0	39.94	756	1186
snapshot_12_5_2015_12_0.json	1449334800.0	42.69	760	1186
snapshot_12_5_2015_18_0.json	1449356400.0	39.94	760	1186
9225319	2016-01-16T22:30:00Z	Disney On Ice Frozen	Talking Stick Resort Arena	Arizona Phoenix|226	85004
snapshot_11_16_2015_0_0.json	1447650000.0	45.79	776	1255
snapshot_11_17_2015_0_0.json	1447736400.0	45.79	295	1255
snapshot_11_17_2015_12_0.json	1447779600.0	48.54	776	1251
snapshot_11_17_2015_12_0.json	1447779600.0	48.54	776	1251
snapshot_11_17_2015_18_0.json	1447801200.0	45.79	295	1251
snapshot_11_18_2015_0_0.json	1447822800.0	45.79	295	1251
snapshot_11_18_2015_12_0.json	1447866000.0	48.54	792	1251
snapshot_11_18_2015_18_0.json	1447887600.0	45.79	295	1251
snapshot_11_18_2015_6_0.json	1447844400.0	48.54	295	1251
snapshot_11_19_2015_0_0.json	1447909200.0	45.79	792	1251
snapshot_11_19_2015_6_0.json	1447930800.0	48.54	295	1252
snapshot_11_20_2015_0_0.json	1447995600.0	45.79	295	1208
snapshot_11_20_2015_12_0.json	1448038800.0	48.54	792	1206
snapshot_11_21_2015_12_0.json	1448125200.0	48.54	792	1198
snapshot_11_21_2015_18_0.json	1448146800.0	45.79	295	1156
snapshot_11_22_2015_0_0.json	1448168400.0	45.79	295	1156
snapshot_11_22_2015_18_0.json	1448233200.0	45.79	295	1127
snapshot_11_22_2015_18_0.json	1448233200.0	45.79	295	1127
snapshot_11_22_2015_6_0.json	1448190000.0	48.54	295	1156
snapshot_11_22_2015_6_0.json	1448190000.0	48.54	295	1156
snapshot_11_23_2015_12_0.json	1448298000.0	48.54	295	1127
snapshot_11_23_2015_18_0.json	1448319600.0	45.79	295	1110
snapshot_11_23_2015_6_0.json	1448276400.0	48.54	295	1127
snapshot_11_24_2015_0_0.json	1448341200.0	45.79	295	1110
snapshot_11_24_2015_18_0.json	1448406000.0	45.79	295	1107
snapshot_11_25_2015_0_0.json	1448427600.0	45.79	295	1143
snapshot_11_25_2015_12_0.json	1448470800.0	48.54	295	1143
snapshot_11_25_2015_18_0.json	1448492400.0	45.79	295	1143
snapshot_11_26_2015_0_0.json	1448514000.0	45.79	295	1139
snapshot_11_26_2015_0_0.json	1448514000.0	45.79	295	1139
snapshot_11_28_2015_12_0.json	1448730000.0	48.54	304	1262
snapshot_11_28_2015_18_0.json	1448751600.0	45.79	295	1258
snapshot_11_28_2015_18_0.json	1448751600.0	45.79	295	1258
snapshot_11_28_2015_6_0.json	1448708400.0	48.54	295	1258
snapshot_11_28_2015_6_0.json	1448708400.0	48.54	295	1258
snapshot_11_29_2015_0_0.json	1448773200.0	45.79	295	1258
snapshot_11_29_2015_0_0.json	1448773200.0	45.79	295	1258
snapshot_11_29_2015_12_0.json	1448816400.0	48.54	304	1262
snapshot_11_29_2015_18_0.json	1448838000.0	45.79	336	1254
snapshot_11_29_2015_6_0.json	1448794800.0	48.54	336	1262
snapshot_11_30_2015_0_0.json	1448859600.0	45.79	295	1256
snapshot_11_30_2015_0_0.json	1448859600.0	45.79	295	1256
snapshot_11_30_2015_12_0.json	1448902800.0	48.54	760	1264
snapshot_11_30_2015_18_0.json	1448924400.0	45.79	336	1247
snapshot_11_30_2015_6_0.json	1448881200.0	48.54	295	1256
snapshot_11_30_2015_6_0.json	1448881200.0	48.54	295	1256
snapshot_12_1_2015_12_0.json	1448989200.0	48.54	760	1256
snapshot_12_1_2015_18_0.json	1449010800.0	45.79	295	1235
snapshot_12_1_2015_6_0.json	1448967600.0	48.54	756	1256
snapshot_12_2_2015_0_0.json	1449032400.0	45.79	756	1194
snapshot_12_2_2015_0_0.json	1449032400.0	45.79	756	1194
snapshot_12_2_2015_12_0.json	1449075600.0	48.54	756	1202
snapshot_12_2_2015_18_0.json	1449097200.0	45.79	295	1187
snapshot_12_2_2015_6_0.json	1449054000.0	48.54	756	1194
snapshot_12_3_2015_0_0.json	1449118800.0	39.94	760	1218
snapshot_12_3_2015_12_0.json	1449162000.0	42.69	295	1203
snapshot_12_3_2015_18_0.json	1449183600.0	39.94	295	1195
snapshot_12_3_2015_6_0.json	1449140400.0	42.69	760	1209
snapshot_12_4_2015_0_0.json	1449205200.0	39.94	295	1195
snapshot_12_4_2015_12_0.json	1449248400.0	42.69	756	1198
snapshot_12_4_2015_18_0.json	1449270000.0	39.94	295	1186
snapshot_12_4_2015_18_0.json	1449270000.0	39.94	295	1186
snapshot_12_4_2015_6_0.json	1449226800.0	42.69	295	1190
snapshot_12_5_2015_0_0.json	1449291600.0	39.94	756	1186
snapshot_12_5_2015_12_0.json	1449334800.0	42.69	760	1186
snapshot_12_5_2015_18_0.json	1449356400.0	39.94	760	1186
