9228785	2015-12-06T03:00:00Z	Frankie Valli and The Four Seasons	Celebrity Theatre	Arizona Phoenix|226	85008
snapshot_11_16_2015_0_0.json	1447650000.0	110.55	780000	113
snapshot_11_17_2015_0_0.json	1447736400.0	110.55	780000	111
snapshot_11_17_2015_12_0.json	1447779600.0	110.55	780000	111
snapshot_11_17_2015_18_0.json	1447801200.0	110.55	780000	111
snapshot_11_17_2015_18_0.json	1447801200.0	110.55	780000	111
snapshot_11_18_2015_0_0.json	1447822800.0	110.55	780000	111
snapshot_11_18_2015_12_0.json	1447866000.0	110.55	780000	111
snapshot_11_18_2015_12_0.json	1447866000.0	110.55	780000	111
snapshot_11_18_2015_18_0.json	1447887600.0	110.55	780000	111
snapshot_11_18_2015_6_0.json	1447844400.0	110.55	780000	111
snapshot_11_18_2015_6_0.json	1447844400.0	110.55	780000	111
snapshot_11_19_2015_0_0.json	1447909200.0	110.55	780000	105
snapshot_11_19_2015_12_0.json	1447952400.0	110.55	780000	105
snapshot_11_19_2015_6_0.json	1447930800.0	110.55	780000	105
snapshot_11_20_2015_0_0.json	1447995600.0	110.55	780000	100
snapshot_11_20_2015_12_0.json	1448038800.0	110.55	780000	100
snapshot_11_21_2015_12_0.json	1448125200.0	107.52	780000	96
snapshot_11_22_2015_12_0.json	1448211600.0	107.52	780000	80
snapshot_11_22_2015_18_0.json	1448233200.0	107.52	780000	77
snapshot_11_22_2015_6_0.json	1448190000.0	107.52	780000	80
snapshot_11_22_2015_6_0.json	1448190000.0	107.52	780000	80
snapshot_11_23_2015_0_0.json	1448254800.0	107.52	780000	73
snapshot_11_23_2015_12_0.json	1448298000.0	107.52	780000	73
snapshot_11_23_2015_18_0.json	1448319600.0	107.52	780000	71
snapshot_11_23_2015_6_0.json	1448276400.0	107.52	780000	73
snapshot_11_24_2015_0_0.json	1448341200.0	107.52	780000	71
snapshot_11_24_2015_18_0.json	1448406000.0	110.55	780000	65
snapshot_11_25_2015_12_0.json	1448470800.0	110.55	780000	67
snapshot_11_25_2015_18_0.json	1448492400.0	93	780000	57
snapshot_11_25_2015_6_0.json	1448449200.0	110.55	780000	67
snapshot_11_26_2015_0_0.json	1448514000.0	93	780000	57
snapshot_11_27_2015_18_0.json	1448665200.0	93	780000	55
snapshot_11_27_2015_18_0.json	1448665200.0	93	780000	55
snapshot_11_28_2015_0_0.json	1448686800.0	93	780000	53
snapshot_11_28_2015_12_0.json	1448730000.0	93	780000	54
snapshot_11_28_2015_18_0.json	1448751600.0	93	780000	45
snapshot_11_28_2015_6_0.json	1448708400.0	93	780000	54
snapshot_11_28_2015_6_0.json	1448708400.0	93	780000	54
snapshot_11_29_2015_0_0.json	1448773200.0	118.33	780000	44
snapshot_11_29_2015_0_0.json	1448773200.0	118.33	780000	44
snapshot_11_29_2015_18_0.json	1448838000.0	118.33	780000	44
snapshot_11_29_2015_6_0.json	1448794800.0	118.33	780000	44
snapshot_11_29_2015_6_0.json	1448794800.0	118.33	780000	44
snapshot_11_30_2015_0_0.json	1448859600.0	118.33	780000	38
snapshot_11_30_2015_12_0.json	1448902800.0	118.33	780000	38
snapshot_11_30_2015_12_0.json	1448902800.0	118.33	780000	38
snapshot_11_30_2015_18_0.json	1448924400.0	81.3	780000	40
snapshot_12_1_2015_0_0.json	1448946000.0	118.33	780000	38
snapshot_12_1_2015_12_0.json	1448989200.0	142.88	780000	36
snapshot_12_1_2015_12_0.json	1448989200.0	142.88	780000	36
snapshot_12_1_2015_18_0.json	1449010800.0	142.88	780000	40
snapshot_12_1_2015_6_0.json	1448967600.0	142.88	780000	36
snapshot_12_2_2015_0_0.json	1449032400.0	142.88	780000	41
snapshot_12_2_2015_12_0.json	1449075600.0	142.88	780000	41
snapshot_12_2_2015_18_0.json	1449097200.0	142.88	780000	39
snapshot_12_2_2015_6_0.json	1449054000.0	142.88	780000	41
snapshot_12_3_2015_12_0.json	1449162000.0	118.33	289.47	25
snapshot_12_3_2015_18_0.json	1449183600.0	173.32	253.7	23
snapshot_12_3_2015_6_0.json	1449140400.0	118.33	289.47	25
snapshot_12_4_2015_18_0.json	1449270000.0	148.75	198.72	11
snapshot_12_4_2015_6_0.json	1449226800.0	178	232.91	13
snapshot_12_5_2015_0_0.json	1449291600.0	148.75	198.72	5
snapshot_12_5_2015_12_0.json	1449334800.0	148.75	198.72	3
snapshot_12_5_2015_18_0.json	1449356400.0	119.5	198.72	3
snapshot_12_5_2015_6_0.json	1449313200.0	148.75	198.72	3
9228785	2015-12-06T03:00:00Z	Frankie Valli and The Four Seasons	Celebrity Theatre	Arizona Phoenix|226	85008
snapshot_11_16_2015_0_0.json	1447650000.0	110.55	780000	113
snapshot_11_17_2015_0_0.json	1447736400.0	110.55	780000	111
snapshot_11_17_2015_12_0.json	1447779600.0	110.55	780000	111
snapshot_11_17_2015_18_0.json	1447801200.0	110.55	780000	111
snapshot_11_17_2015_18_0.json	1447801200.0	110.55	780000	111
snapshot_11_18_2015_0_0.json	1447822800.0	110.55	780000	111
snapshot_11_18_2015_12_0.json	1447866000.0	110.55	780000	111
snapshot_11_18_2015_12_0.json	1447866000.0	110.55	780000	111
snapshot_11_18_2015_18_0.json	1447887600.0	110.55	780000	111
snapshot_11_18_2015_6_0.json	1447844400.0	110.55	780000	111
snapshot_11_18_2015_6_0.json	1447844400.0	110.55	780000	111
snapshot_11_19_2015_0_0.json	1447909200.0	110.55	780000	105
snapshot_11_19_2015_12_0.json	1447952400.0	110.55	780000	105
snapshot_11_19_2015_6_0.json	1447930800.0	110.55	780000	105
snapshot_11_20_2015_0_0.json	1447995600.0	110.55	780000	100
snapshot_11_20_2015_12_0.json	1448038800.0	110.55	780000	100
snapshot_11_21_2015_12_0.json	1448125200.0	107.52	780000	96
snapshot_11_22_2015_12_0.json	1448211600.0	107.52	780000	80
snapshot_11_22_2015_18_0.json	1448233200.0	107.52	780000	77
snapshot_11_22_2015_6_0.json	1448190000.0	107.52	780000	80
snapshot_11_22_2015_6_0.json	1448190000.0	107.52	780000	80
snapshot_11_23_2015_0_0.json	1448254800.0	107.52	780000	73
snapshot_11_23_2015_12_0.json	1448298000.0	107.52	780000	73
snapshot_11_23_2015_18_0.json	1448319600.0	107.52	780000	71
snapshot_11_23_2015_6_0.json	1448276400.0	107.52	780000	73
snapshot_11_24_2015_0_0.json	1448341200.0	107.52	780000	71
snapshot_11_24_2015_18_0.json	1448406000.0	110.55	780000	65
snapshot_11_25_2015_12_0.json	1448470800.0	110.55	780000	67
snapshot_11_25_2015_18_0.json	1448492400.0	93	780000	57
snapshot_11_25_2015_6_0.json	1448449200.0	110.55	780000	67
snapshot_11_26_2015_0_0.json	1448514000.0	93	780000	57
snapshot_11_27_2015_18_0.json	1448665200.0	93	780000	55
snapshot_11_27_2015_18_0.json	1448665200.0	93	780000	55
snapshot_11_28_2015_0_0.json	1448686800.0	93	780000	53
snapshot_11_28_2015_12_0.json	1448730000.0	93	780000	54
snapshot_11_28_2015_18_0.json	1448751600.0	93	780000	45
snapshot_11_28_2015_6_0.json	1448708400.0	93	780000	54
snapshot_11_28_2015_6_0.json	1448708400.0	93	780000	54
snapshot_11_29_2015_0_0.json	1448773200.0	118.33	780000	44
snapshot_11_29_2015_0_0.json	1448773200.0	118.33	780000	44
snapshot_11_29_2015_18_0.json	1448838000.0	118.33	780000	44
snapshot_11_29_2015_6_0.json	1448794800.0	118.33	780000	44
snapshot_11_29_2015_6_0.json	1448794800.0	118.33	780000	44
snapshot_11_30_2015_0_0.json	1448859600.0	118.33	780000	38
snapshot_11_30_2015_12_0.json	1448902800.0	118.33	780000	38
snapshot_11_30_2015_12_0.json	1448902800.0	118.33	780000	38
snapshot_11_30_2015_18_0.json	1448924400.0	81.3	780000	40
snapshot_12_1_2015_0_0.json	1448946000.0	118.33	780000	38
snapshot_12_1_2015_12_0.json	1448989200.0	142.88	780000	36
snapshot_12_1_2015_12_0.json	1448989200.0	142.88	780000	36
snapshot_12_1_2015_18_0.json	1449010800.0	142.88	780000	40
snapshot_12_1_2015_6_0.json	1448967600.0	142.88	780000	36
snapshot_12_2_2015_0_0.json	1449032400.0	142.88	780000	41
snapshot_12_2_2015_12_0.json	1449075600.0	142.88	780000	41
snapshot_12_2_2015_18_0.json	1449097200.0	142.88	780000	39
snapshot_12_2_2015_6_0.json	1449054000.0	142.88	780000	41
snapshot_12_3_2015_12_0.json	1449162000.0	118.33	289.47	25
snapshot_12_3_2015_18_0.json	1449183600.0	173.32	253.7	23
snapshot_12_3_2015_6_0.json	1449140400.0	118.33	289.47	25
snapshot_12_4_2015_18_0.json	1449270000.0	148.75	198.72	11
snapshot_12_4_2015_6_0.json	1449226800.0	178	232.91	13
snapshot_12_5_2015_0_0.json	1449291600.0	148.75	198.72	5
snapshot_12_5_2015_12_0.json	1449334800.0	148.75	198.72	3
snapshot_12_5_2015_18_0.json	1449356400.0	119.5	198.72	3
snapshot_12_5_2015_6_0.json	1449313200.0	148.75	198.72	3
9228785	2015-12-06T03:00:00Z	Frankie Valli and The Four Seasons	Celebrity Theatre	Arizona Phoenix|226	85008
snapshot_11_16_2015_0_0.json	1447650000.0	110.55	780000	113
snapshot_11_17_2015_0_0.json	1447736400.0	110.55	780000	111
snapshot_11_17_2015_12_0.json	1447779600.0	110.55	780000	111
snapshot_11_17_2015_18_0.json	1447801200.0	110.55	780000	111
snapshot_11_17_2015_18_0.json	1447801200.0	110.55	780000	111
snapshot_11_18_2015_0_0.json	1447822800.0	110.55	780000	111
snapshot_11_18_2015_12_0.json	1447866000.0	110.55	780000	111
snapshot_11_18_2015_12_0.json	1447866000.0	110.55	780000	111
snapshot_11_18_2015_18_0.json	1447887600.0	110.55	780000	111
snapshot_11_18_2015_6_0.json	1447844400.0	110.55	780000	111
snapshot_11_18_2015_6_0.json	1447844400.0	110.55	780000	111
snapshot_11_19_2015_0_0.json	1447909200.0	110.55	780000	105
snapshot_11_19_2015_12_0.json	1447952400.0	110.55	780000	105
snapshot_11_19_2015_6_0.json	1447930800.0	110.55	780000	105
snapshot_11_20_2015_0_0.json	1447995600.0	110.55	780000	100
snapshot_11_20_2015_12_0.json	1448038800.0	110.55	780000	100
snapshot_11_21_2015_12_0.json	1448125200.0	107.52	780000	96
snapshot_11_22_2015_12_0.json	1448211600.0	107.52	780000	80
snapshot_11_22_2015_18_0.json	1448233200.0	107.52	780000	77
snapshot_11_22_2015_6_0.json	1448190000.0	107.52	780000	80
snapshot_11_22_2015_6_0.json	1448190000.0	107.52	780000	80
snapshot_11_23_2015_0_0.json	1448254800.0	107.52	780000	73
snapshot_11_23_2015_12_0.json	1448298000.0	107.52	780000	73
snapshot_11_23_2015_18_0.json	1448319600.0	107.52	780000	71
snapshot_11_23_2015_6_0.json	1448276400.0	107.52	780000	73
snapshot_11_24_2015_0_0.json	1448341200.0	107.52	780000	71
snapshot_11_24_2015_18_0.json	1448406000.0	110.55	780000	65
snapshot_11_25_2015_12_0.json	1448470800.0	110.55	780000	67
snapshot_11_25_2015_18_0.json	1448492400.0	93	780000	57
snapshot_11_25_2015_6_0.json	1448449200.0	110.55	780000	67
snapshot_11_26_2015_0_0.json	1448514000.0	93	780000	57
snapshot_11_27_2015_18_0.json	1448665200.0	93	780000	55
snapshot_11_27_2015_18_0.json	1448665200.0	93	780000	55
snapshot_11_28_2015_0_0.json	1448686800.0	93	780000	53
snapshot_11_28_2015_12_0.json	1448730000.0	93	780000	54
snapshot_11_28_2015_18_0.json	1448751600.0	93	780000	45
snapshot_11_28_2015_6_0.json	1448708400.0	93	780000	54
snapshot_11_28_2015_6_0.json	1448708400.0	93	780000	54
snapshot_11_29_2015_0_0.json	1448773200.0	118.33	780000	44
snapshot_11_29_2015_0_0.json	1448773200.0	118.33	780000	44
snapshot_11_29_2015_18_0.json	1448838000.0	118.33	780000	44
snapshot_11_29_2015_6_0.json	1448794800.0	118.33	780000	44
snapshot_11_29_2015_6_0.json	1448794800.0	118.33	780000	44
snapshot_11_30_2015_0_0.json	1448859600.0	118.33	780000	38
snapshot_11_30_2015_12_0.json	1448902800.0	118.33	780000	38
snapshot_11_30_2015_12_0.json	1448902800.0	118.33	780000	38
snapshot_11_30_2015_18_0.json	1448924400.0	81.3	780000	40
snapshot_12_1_2015_0_0.json	1448946000.0	118.33	780000	38
snapshot_12_1_2015_12_0.json	1448989200.0	142.88	780000	36
snapshot_12_1_2015_12_0.json	1448989200.0	142.88	780000	36
snapshot_12_1_2015_18_0.json	1449010800.0	142.88	780000	40
snapshot_12_1_2015_6_0.json	1448967600.0	142.88	780000	36
snapshot_12_2_2015_0_0.json	1449032400.0	142.88	780000	41
snapshot_12_2_2015_12_0.json	1449075600.0	142.88	780000	41
snapshot_12_2_2015_18_0.json	1449097200.0	142.88	780000	39
snapshot_12_2_2015_6_0.json	1449054000.0	142.88	780000	41
snapshot_12_3_2015_12_0.json	1449162000.0	118.33	289.47	25
snapshot_12_3_2015_18_0.json	1449183600.0	173.32	253.7	23
snapshot_12_3_2015_6_0.json	1449140400.0	118.33	289.47	25
snapshot_12_4_2015_18_0.json	1449270000.0	148.75	198.72	11
snapshot_12_4_2015_6_0.json	1449226800.0	178	232.91	13
snapshot_12_5_2015_0_0.json	1449291600.0	148.75	198.72	5
snapshot_12_5_2015_12_0.json	1449334800.0	148.75	198.72	3
snapshot_12_5_2015_18_0.json	1449356400.0	119.5	198.72	3
snapshot_12_5_2015_6_0.json	1449313200.0	148.75	198.72	3
9228785	2015-12-06T03:00:00Z	Frankie Valli and The Four Seasons	Celebrity Theatre	Arizona Phoenix|226	85008
snapshot_11_16_2015_0_0.json	1447650000.0	110.55	780000	113
snapshot_11_17_2015_0_0.json	1447736400.0	110.55	780000	111
snapshot_11_17_2015_12_0.json	1447779600.0	110.55	780000	111
snapshot_11_17_2015_18_0.json	1447801200.0	110.55	780000	111
snapshot_11_17_2015_18_0.json	1447801200.0	110.55	780000	111
snapshot_11_18_2015_0_0.json	1447822800.0	110.55	780000	111
snapshot_11_18_2015_12_0.json	1447866000.0	110.55	780000	111
snapshot_11_18_2015_12_0.json	1447866000.0	110.55	780000	111
snapshot_11_18_2015_18_0.json	1447887600.0	110.55	780000	111
snapshot_11_18_2015_6_0.json	1447844400.0	110.55	780000	111
snapshot_11_18_2015_6_0.json	1447844400.0	110.55	780000	111
snapshot_11_19_2015_0_0.json	1447909200.0	110.55	780000	105
snapshot_11_19_2015_12_0.json	1447952400.0	110.55	780000	105
snapshot_11_19_2015_6_0.json	1447930800.0	110.55	780000	105
snapshot_11_20_2015_0_0.json	1447995600.0	110.55	780000	100
snapshot_11_20_2015_12_0.json	1448038800.0	110.55	780000	100
snapshot_11_21_2015_12_0.json	1448125200.0	107.52	780000	96
snapshot_11_22_2015_12_0.json	1448211600.0	107.52	780000	80
snapshot_11_22_2015_18_0.json	1448233200.0	107.52	780000	77
snapshot_11_22_2015_6_0.json	1448190000.0	107.52	780000	80
snapshot_11_22_2015_6_0.json	1448190000.0	107.52	780000	80
snapshot_11_23_2015_0_0.json	1448254800.0	107.52	780000	73
snapshot_11_23_2015_12_0.json	1448298000.0	107.52	780000	73
snapshot_11_23_2015_18_0.json	1448319600.0	107.52	780000	71
snapshot_11_23_2015_6_0.json	1448276400.0	107.52	780000	73
snapshot_11_24_2015_0_0.json	1448341200.0	107.52	780000	71
snapshot_11_24_2015_18_0.json	1448406000.0	110.55	780000	65
snapshot_11_25_2015_12_0.json	1448470800.0	110.55	780000	67
snapshot_11_25_2015_18_0.json	1448492400.0	93	780000	57
snapshot_11_25_2015_6_0.json	1448449200.0	110.55	780000	67
snapshot_11_26_2015_0_0.json	1448514000.0	93	780000	57
snapshot_11_27_2015_18_0.json	1448665200.0	93	780000	55
snapshot_11_27_2015_18_0.json	1448665200.0	93	780000	55
snapshot_11_28_2015_0_0.json	1448686800.0	93	780000	53
snapshot_11_28_2015_12_0.json	1448730000.0	93	780000	54
snapshot_11_28_2015_18_0.json	1448751600.0	93	780000	45
snapshot_11_28_2015_6_0.json	1448708400.0	93	780000	54
snapshot_11_28_2015_6_0.json	1448708400.0	93	780000	54
snapshot_11_29_2015_0_0.json	1448773200.0	118.33	780000	44
snapshot_11_29_2015_0_0.json	1448773200.0	118.33	780000	44
snapshot_11_29_2015_18_0.json	1448838000.0	118.33	780000	44
snapshot_11_29_2015_6_0.json	1448794800.0	118.33	780000	44
snapshot_11_29_2015_6_0.json	1448794800.0	118.33	780000	44
snapshot_11_30_2015_0_0.json	1448859600.0	118.33	780000	38
snapshot_11_30_2015_12_0.json	1448902800.0	118.33	780000	38
snapshot_11_30_2015_12_0.json	1448902800.0	118.33	780000	38
snapshot_11_30_2015_18_0.json	1448924400.0	81.3	780000	40
snapshot_12_1_2015_0_0.json	1448946000.0	118.33	780000	38
snapshot_12_1_2015_12_0.json	1448989200.0	142.88	780000	36
snapshot_12_1_2015_12_0.json	1448989200.0	142.88	780000	36
snapshot_12_1_2015_18_0.json	1449010800.0	142.88	780000	40
snapshot_12_1_2015_6_0.json	1448967600.0	142.88	780000	36
snapshot_12_2_2015_0_0.json	1449032400.0	142.88	780000	41
snapshot_12_2_2015_12_0.json	1449075600.0	142.88	780000	41
snapshot_12_2_2015_18_0.json	1449097200.0	142.88	780000	39
snapshot_12_2_2015_6_0.json	1449054000.0	142.88	780000	41
snapshot_12_3_2015_12_0.json	1449162000.0	118.33	289.47	25
snapshot_12_3_2015_18_0.json	1449183600.0	173.32	253.7	23
snapshot_12_3_2015_6_0.json	1449140400.0	118.33	289.47	25
snapshot_12_4_2015_18_0.json	1449270000.0	148.75	198.72	11
snapshot_12_4_2015_6_0.json	1449226800.0	178	232.91	13
snapshot_12_5_2015_0_0.json	1449291600.0	148.75	198.72	5
snapshot_12_5_2015_12_0.json	1449334800.0	148.75	198.72	3
snapshot_12_5_2015_18_0.json	1449356400.0	119.5	198.72	3
snapshot_12_5_2015_6_0.json	1449313200.0	148.75	198.72	3
