9231760	2015-12-18T01:00:00Z	Billy Joel	Madison Square Garden	New York New York Metro|664	10001
snapshot_11_16_2015_0_0.json	1447650000.0	125.35	490000	1634
snapshot_11_17_2015_12_0.json	1447779600.0	119.49	490000	1613
snapshot_11_17_2015_18_0.json	1447801200.0	119.49	490000	1753
snapshot_11_18_2015_0_0.json	1447822800.0	131.2	490000	1737
snapshot_11_18_2015_12_0.json	1447866000.0	135.88	490000	1718
snapshot_11_18_2015_18_0.json	1447887600.0	135.88	490000	1707
snapshot_11_18_2015_6_0.json	1447844400.0	137.05	490000	1718
snapshot_11_19_2015_0_0.json	1447909200.0	135.88	490000	1740
snapshot_11_19_2015_12_0.json	1447952400.0	98.85	490000	1730
snapshot_11_19_2015_6_0.json	1447930800.0	135.88	490000	1728
snapshot_11_20_2015_0_0.json	1447995600.0	131.16	490000	1757
snapshot_11_20_2015_12_0.json	1448038800.0	131.16	490000	1764
snapshot_11_21_2015_12_0.json	1448125200.0	131.16	490000	1746
snapshot_11_21_2015_18_0.json	1448146800.0	131.16	490000	1714
snapshot_11_22_2015_6_0.json	1448190000.0	131.16	490000	1701
snapshot_11_22_2015_6_0.json	1448190000.0	131.16	490000	1701
snapshot_11_23_2015_0_0.json	1448254800.0	131.16	490000	1672
snapshot_11_23_2015_12_0.json	1448298000.0	131.16	490000	1661
snapshot_11_23_2015_18_0.json	1448319600.0	131.16	490000	1648
snapshot_11_24_2015_0_0.json	1448341200.0	131.16	490000	1646
snapshot_11_24_2015_12_0.json	1448384400.0	131.16	490000	1634
snapshot_11_24_2015_12_0.json	1448384400.0	131.16	490000	1634
snapshot_11_24_2015_18_0.json	1448406000.0	131.16	490000	1618
snapshot_11_24_2015_6_0.json	1448362800.0	131.16	490000	1636
snapshot_11_25_2015_0_0.json	1448427600.0	131.16	490000	1669
snapshot_11_25_2015_12_0.json	1448470800.0	131.14	490000	1664
snapshot_11_25_2015_18_0.json	1448492400.0	131.14	490000	1678
snapshot_11_25_2015_6_0.json	1448449200.0	131.16	490000	1666
snapshot_11_26_2015_0_0.json	1448514000.0	128.82	490000	1672
snapshot_11_27_2015_18_0.json	1448665200.0	135.88	490000	1623
snapshot_11_28_2015_0_0.json	1448686800.0	135.88	490000	1624
snapshot_11_28_2015_12_0.json	1448730000.0	135.88	490000	1623
snapshot_11_28_2015_6_0.json	1448708400.0	135.88	490000	1620
snapshot_11_28_2015_6_0.json	1448708400.0	135.88	490000	1620
snapshot_11_29_2015_0_0.json	1448773200.0	135.88	490000	1607
snapshot_11_29_2015_0_0.json	1448773200.0	135.88	490000	1607
snapshot_11_29_2015_12_0.json	1448816400.0	135.88	490000	1603
snapshot_11_29_2015_18_0.json	1448838000.0	135.88	490000	1593
snapshot_11_29_2015_6_0.json	1448794800.0	135.88	490000	1605
snapshot_11_29_2015_6_0.json	1448794800.0	135.88	490000	1605
snapshot_11_30_2015_0_0.json	1448859600.0	134.13	490000	1582
snapshot_11_30_2015_12_0.json	1448902800.0	134.13	490000	1585
snapshot_11_30_2015_18_0.json	1448924400.0	134.13	490000	1567
snapshot_11_30_2015_6_0.json	1448881200.0	134.13	490000	1585
snapshot_12_1_2015_0_0.json	1448946000.0	170.79	490000	1526
snapshot_12_1_2015_12_0.json	1448989200.0	141.73	490000	1492
snapshot_12_1_2015_18_0.json	1449010800.0	141.73	490000	1489
snapshot_12_1_2015_6_0.json	1448967600.0	141.73	490000	1498
snapshot_12_2_2015_0_0.json	1449032400.0	141.73	490000	1496
snapshot_12_2_2015_12_0.json	1449075600.0	135.88	490000	1479
snapshot_12_2_2015_18_0.json	1449097200.0	118.33	490000	1512
snapshot_12_2_2015_6_0.json	1449054000.0	135.88	490000	1488
snapshot_12_3_2015_0_0.json	1449118800.0	118.33	490000	1519
snapshot_12_3_2015_12_0.json	1449162000.0	135.88	490000	1520
snapshot_12_3_2015_18_0.json	1449183600.0	159.28	490000	1511
snapshot_12_3_2015_6_0.json	1449140400.0	135.88	490000	1520
snapshot_12_4_2015_0_0.json	1449205200.0	135.88	490000	1501
snapshot_12_4_2015_18_0.json	1449270000.0	135.88	490000	1451
snapshot_12_4_2015_6_0.json	1449226800.0	135.88	490000	1476
snapshot_12_5_2015_0_0.json	1449291600.0	135.88	490000	1426
snapshot_12_5_2015_12_0.json	1449334800.0	135.88	490000	1424
snapshot_12_5_2015_18_0.json	1449356400.0	135.88	490000	1421
snapshot_12_5_2015_6_0.json	1449313200.0	135.88	490000	1422
9231760	2015-12-18T01:00:00Z	Billy Joel	Madison Square Garden	New York New York Metro|664	10001
snapshot_11_16_2015_0_0.json	1447650000.0	125.35	490000	1634
snapshot_11_17_2015_12_0.json	1447779600.0	119.49	490000	1613
snapshot_11_17_2015_18_0.json	1447801200.0	119.49	490000	1753
snapshot_11_18_2015_0_0.json	1447822800.0	131.2	490000	1737
snapshot_11_18_2015_12_0.json	1447866000.0	135.88	490000	1718
snapshot_11_18_2015_18_0.json	1447887600.0	135.88	490000	1707
snapshot_11_18_2015_6_0.json	1447844400.0	137.05	490000	1718
snapshot_11_19_2015_0_0.json	1447909200.0	135.88	490000	1740
snapshot_11_19_2015_12_0.json	1447952400.0	98.85	490000	1730
snapshot_11_19_2015_6_0.json	1447930800.0	135.88	490000	1728
snapshot_11_20_2015_0_0.json	1447995600.0	131.16	490000	1757
snapshot_11_20_2015_12_0.json	1448038800.0	131.16	490000	1764
snapshot_11_21_2015_12_0.json	1448125200.0	131.16	490000	1746
snapshot_11_21_2015_18_0.json	1448146800.0	131.16	490000	1714
snapshot_11_22_2015_6_0.json	1448190000.0	131.16	490000	1701
snapshot_11_22_2015_6_0.json	1448190000.0	131.16	490000	1701
snapshot_11_23_2015_0_0.json	1448254800.0	131.16	490000	1672
snapshot_11_23_2015_12_0.json	1448298000.0	131.16	490000	1661
snapshot_11_23_2015_18_0.json	1448319600.0	131.16	490000	1648
snapshot_11_24_2015_0_0.json	1448341200.0	131.16	490000	1646
snapshot_11_24_2015_12_0.json	1448384400.0	131.16	490000	1634
snapshot_11_24_2015_12_0.json	1448384400.0	131.16	490000	1634
snapshot_11_24_2015_18_0.json	1448406000.0	131.16	490000	1618
snapshot_11_24_2015_6_0.json	1448362800.0	131.16	490000	1636
snapshot_11_25_2015_0_0.json	1448427600.0	131.16	490000	1669
snapshot_11_25_2015_12_0.json	1448470800.0	131.14	490000	1664
snapshot_11_25_2015_18_0.json	1448492400.0	131.14	490000	1678
snapshot_11_25_2015_6_0.json	1448449200.0	131.16	490000	1666
snapshot_11_26_2015_0_0.json	1448514000.0	128.82	490000	1672
snapshot_11_27_2015_18_0.json	1448665200.0	135.88	490000	1623
snapshot_11_28_2015_0_0.json	1448686800.0	135.88	490000	1624
snapshot_11_28_2015_12_0.json	1448730000.0	135.88	490000	1623
snapshot_11_28_2015_6_0.json	1448708400.0	135.88	490000	1620
snapshot_11_28_2015_6_0.json	1448708400.0	135.88	490000	1620
snapshot_11_29_2015_0_0.json	1448773200.0	135.88	490000	1607
snapshot_11_29_2015_0_0.json	1448773200.0	135.88	490000	1607
snapshot_11_29_2015_12_0.json	1448816400.0	135.88	490000	1603
snapshot_11_29_2015_18_0.json	1448838000.0	135.88	490000	1593
snapshot_11_29_2015_6_0.json	1448794800.0	135.88	490000	1605
snapshot_11_29_2015_6_0.json	1448794800.0	135.88	490000	1605
snapshot_11_30_2015_0_0.json	1448859600.0	134.13	490000	1582
snapshot_11_30_2015_12_0.json	1448902800.0	134.13	490000	1585
snapshot_11_30_2015_18_0.json	1448924400.0	134.13	490000	1567
snapshot_11_30_2015_6_0.json	1448881200.0	134.13	490000	1585
snapshot_12_1_2015_0_0.json	1448946000.0	170.79	490000	1526
snapshot_12_1_2015_12_0.json	1448989200.0	141.73	490000	1492
snapshot_12_1_2015_18_0.json	1449010800.0	141.73	490000	1489
snapshot_12_1_2015_6_0.json	1448967600.0	141.73	490000	1498
snapshot_12_2_2015_0_0.json	1449032400.0	141.73	490000	1496
snapshot_12_2_2015_12_0.json	1449075600.0	135.88	490000	1479
snapshot_12_2_2015_18_0.json	1449097200.0	118.33	490000	1512
snapshot_12_2_2015_6_0.json	1449054000.0	135.88	490000	1488
snapshot_12_3_2015_0_0.json	1449118800.0	118.33	490000	1519
snapshot_12_3_2015_12_0.json	1449162000.0	135.88	490000	1520
snapshot_12_3_2015_18_0.json	1449183600.0	159.28	490000	1511
snapshot_12_3_2015_6_0.json	1449140400.0	135.88	490000	1520
snapshot_12_4_2015_0_0.json	1449205200.0	135.88	490000	1501
snapshot_12_4_2015_18_0.json	1449270000.0	135.88	490000	1451
snapshot_12_4_2015_6_0.json	1449226800.0	135.88	490000	1476
snapshot_12_5_2015_0_0.json	1449291600.0	135.88	490000	1426
snapshot_12_5_2015_12_0.json	1449334800.0	135.88	490000	1424
snapshot_12_5_2015_18_0.json	1449356400.0	135.88	490000	1421
snapshot_12_5_2015_6_0.json	1449313200.0	135.88	490000	1422
9231760	2015-12-18T01:00:00Z	Billy Joel	Madison Square Garden	New York New York Metro|664	10001
snapshot_11_16_2015_0_0.json	1447650000.0	125.35	490000	1634
snapshot_11_17_2015_12_0.json	1447779600.0	119.49	490000	1613
snapshot_11_17_2015_18_0.json	1447801200.0	119.49	490000	1753
snapshot_11_18_2015_0_0.json	1447822800.0	131.2	490000	1737
snapshot_11_18_2015_12_0.json	1447866000.0	135.88	490000	1718
snapshot_11_18_2015_18_0.json	1447887600.0	135.88	490000	1707
snapshot_11_18_2015_6_0.json	1447844400.0	137.05	490000	1718
snapshot_11_19_2015_0_0.json	1447909200.0	135.88	490000	1740
snapshot_11_19_2015_12_0.json	1447952400.0	98.85	490000	1730
snapshot_11_19_2015_6_0.json	1447930800.0	135.88	490000	1728
snapshot_11_20_2015_0_0.json	1447995600.0	131.16	490000	1757
snapshot_11_20_2015_12_0.json	1448038800.0	131.16	490000	1764
snapshot_11_21_2015_12_0.json	1448125200.0	131.16	490000	1746
snapshot_11_21_2015_18_0.json	1448146800.0	131.16	490000	1714
snapshot_11_22_2015_6_0.json	1448190000.0	131.16	490000	1701
snapshot_11_22_2015_6_0.json	1448190000.0	131.16	490000	1701
snapshot_11_23_2015_0_0.json	1448254800.0	131.16	490000	1672
snapshot_11_23_2015_12_0.json	1448298000.0	131.16	490000	1661
snapshot_11_23_2015_18_0.json	1448319600.0	131.16	490000	1648
snapshot_11_24_2015_0_0.json	1448341200.0	131.16	490000	1646
snapshot_11_24_2015_12_0.json	1448384400.0	131.16	490000	1634
snapshot_11_24_2015_12_0.json	1448384400.0	131.16	490000	1634
snapshot_11_24_2015_18_0.json	1448406000.0	131.16	490000	1618
snapshot_11_24_2015_6_0.json	1448362800.0	131.16	490000	1636
snapshot_11_25_2015_0_0.json	1448427600.0	131.16	490000	1669
snapshot_11_25_2015_12_0.json	1448470800.0	131.14	490000	1664
snapshot_11_25_2015_18_0.json	1448492400.0	131.14	490000	1678
snapshot_11_25_2015_6_0.json	1448449200.0	131.16	490000	1666
snapshot_11_26_2015_0_0.json	1448514000.0	128.82	490000	1672
snapshot_11_27_2015_18_0.json	1448665200.0	135.88	490000	1623
snapshot_11_28_2015_0_0.json	1448686800.0	135.88	490000	1624
snapshot_11_28_2015_12_0.json	1448730000.0	135.88	490000	1623
snapshot_11_28_2015_6_0.json	1448708400.0	135.88	490000	1620
snapshot_11_28_2015_6_0.json	1448708400.0	135.88	490000	1620
snapshot_11_29_2015_0_0.json	1448773200.0	135.88	490000	1607
snapshot_11_29_2015_0_0.json	1448773200.0	135.88	490000	1607
snapshot_11_29_2015_12_0.json	1448816400.0	135.88	490000	1603
snapshot_11_29_2015_18_0.json	1448838000.0	135.88	490000	1593
snapshot_11_29_2015_6_0.json	1448794800.0	135.88	490000	1605
snapshot_11_29_2015_6_0.json	1448794800.0	135.88	490000	1605
snapshot_11_30_2015_0_0.json	1448859600.0	134.13	490000	1582
snapshot_11_30_2015_12_0.json	1448902800.0	134.13	490000	1585
snapshot_11_30_2015_18_0.json	1448924400.0	134.13	490000	1567
snapshot_11_30_2015_6_0.json	1448881200.0	134.13	490000	1585
snapshot_12_1_2015_0_0.json	1448946000.0	170.79	490000	1526
snapshot_12_1_2015_12_0.json	1448989200.0	141.73	490000	1492
snapshot_12_1_2015_18_0.json	1449010800.0	141.73	490000	1489
snapshot_12_1_2015_6_0.json	1448967600.0	141.73	490000	1498
snapshot_12_2_2015_0_0.json	1449032400.0	141.73	490000	1496
snapshot_12_2_2015_12_0.json	1449075600.0	135.88	490000	1479
snapshot_12_2_2015_18_0.json	1449097200.0	118.33	490000	1512
snapshot_12_2_2015_6_0.json	1449054000.0	135.88	490000	1488
snapshot_12_3_2015_0_0.json	1449118800.0	118.33	490000	1519
snapshot_12_3_2015_12_0.json	1449162000.0	135.88	490000	1520
snapshot_12_3_2015_18_0.json	1449183600.0	159.28	490000	1511
snapshot_12_3_2015_6_0.json	1449140400.0	135.88	490000	1520
snapshot_12_4_2015_0_0.json	1449205200.0	135.88	490000	1501
snapshot_12_4_2015_18_0.json	1449270000.0	135.88	490000	1451
snapshot_12_4_2015_6_0.json	1449226800.0	135.88	490000	1476
snapshot_12_5_2015_0_0.json	1449291600.0	135.88	490000	1426
snapshot_12_5_2015_12_0.json	1449334800.0	135.88	490000	1424
snapshot_12_5_2015_18_0.json	1449356400.0	135.88	490000	1421
snapshot_12_5_2015_6_0.json	1449313200.0	135.88	490000	1422
9231760	2015-12-18T01:00:00Z	Billy Joel	Madison Square Garden	New York New York Metro|664	10001
snapshot_11_16_2015_0_0.json	1447650000.0	125.35	490000	1634
snapshot_11_17_2015_12_0.json	1447779600.0	119.49	490000	1613
snapshot_11_17_2015_18_0.json	1447801200.0	119.49	490000	1753
snapshot_11_18_2015_0_0.json	1447822800.0	131.2	490000	1737
snapshot_11_18_2015_12_0.json	1447866000.0	135.88	490000	1718
snapshot_11_18_2015_18_0.json	1447887600.0	135.88	490000	1707
snapshot_11_18_2015_6_0.json	1447844400.0	137.05	490000	1718
snapshot_11_19_2015_0_0.json	1447909200.0	135.88	490000	1740
snapshot_11_19_2015_12_0.json	1447952400.0	98.85	490000	1730
snapshot_11_19_2015_6_0.json	1447930800.0	135.88	490000	1728
snapshot_11_20_2015_0_0.json	1447995600.0	131.16	490000	1757
snapshot_11_20_2015_12_0.json	1448038800.0	131.16	490000	1764
snapshot_11_21_2015_12_0.json	1448125200.0	131.16	490000	1746
snapshot_11_21_2015_18_0.json	1448146800.0	131.16	490000	1714
snapshot_11_22_2015_6_0.json	1448190000.0	131.16	490000	1701
snapshot_11_22_2015_6_0.json	1448190000.0	131.16	490000	1701
snapshot_11_23_2015_0_0.json	1448254800.0	131.16	490000	1672
snapshot_11_23_2015_12_0.json	1448298000.0	131.16	490000	1661
snapshot_11_23_2015_18_0.json	1448319600.0	131.16	490000	1648
snapshot_11_24_2015_0_0.json	1448341200.0	131.16	490000	1646
snapshot_11_24_2015_12_0.json	1448384400.0	131.16	490000	1634
snapshot_11_24_2015_12_0.json	1448384400.0	131.16	490000	1634
snapshot_11_24_2015_18_0.json	1448406000.0	131.16	490000	1618
snapshot_11_24_2015_6_0.json	1448362800.0	131.16	490000	1636
snapshot_11_25_2015_0_0.json	1448427600.0	131.16	490000	1669
snapshot_11_25_2015_12_0.json	1448470800.0	131.14	490000	1664
snapshot_11_25_2015_18_0.json	1448492400.0	131.14	490000	1678
snapshot_11_25_2015_6_0.json	1448449200.0	131.16	490000	1666
snapshot_11_26_2015_0_0.json	1448514000.0	128.82	490000	1672
snapshot_11_27_2015_18_0.json	1448665200.0	135.88	490000	1623
snapshot_11_28_2015_0_0.json	1448686800.0	135.88	490000	1624
snapshot_11_28_2015_12_0.json	1448730000.0	135.88	490000	1623
snapshot_11_28_2015_6_0.json	1448708400.0	135.88	490000	1620
snapshot_11_28_2015_6_0.json	1448708400.0	135.88	490000	1620
snapshot_11_29_2015_0_0.json	1448773200.0	135.88	490000	1607
snapshot_11_29_2015_0_0.json	1448773200.0	135.88	490000	1607
snapshot_11_29_2015_12_0.json	1448816400.0	135.88	490000	1603
snapshot_11_29_2015_18_0.json	1448838000.0	135.88	490000	1593
snapshot_11_29_2015_6_0.json	1448794800.0	135.88	490000	1605
snapshot_11_29_2015_6_0.json	1448794800.0	135.88	490000	1605
snapshot_11_30_2015_0_0.json	1448859600.0	134.13	490000	1582
snapshot_11_30_2015_12_0.json	1448902800.0	134.13	490000	1585
snapshot_11_30_2015_18_0.json	1448924400.0	134.13	490000	1567
snapshot_11_30_2015_6_0.json	1448881200.0	134.13	490000	1585
snapshot_12_1_2015_0_0.json	1448946000.0	170.79	490000	1526
snapshot_12_1_2015_12_0.json	1448989200.0	141.73	490000	1492
snapshot_12_1_2015_18_0.json	1449010800.0	141.73	490000	1489
snapshot_12_1_2015_6_0.json	1448967600.0	141.73	490000	1498
snapshot_12_2_2015_0_0.json	1449032400.0	141.73	490000	1496
snapshot_12_2_2015_12_0.json	1449075600.0	135.88	490000	1479
snapshot_12_2_2015_18_0.json	1449097200.0	118.33	490000	1512
snapshot_12_2_2015_6_0.json	1449054000.0	135.88	490000	1488
snapshot_12_3_2015_0_0.json	1449118800.0	118.33	490000	1519
snapshot_12_3_2015_12_0.json	1449162000.0	135.88	490000	1520
snapshot_12_3_2015_18_0.json	1449183600.0	159.28	490000	1511
snapshot_12_3_2015_6_0.json	1449140400.0	135.88	490000	1520
snapshot_12_4_2015_0_0.json	1449205200.0	135.88	490000	1501
snapshot_12_4_2015_18_0.json	1449270000.0	135.88	490000	1451
snapshot_12_4_2015_6_0.json	1449226800.0	135.88	490000	1476
snapshot_12_5_2015_0_0.json	1449291600.0	135.88	490000	1426
snapshot_12_5_2015_12_0.json	1449334800.0	135.88	490000	1424
snapshot_12_5_2015_18_0.json	1449356400.0	135.88	490000	1421
snapshot_12_5_2015_6_0.json	1449313200.0	135.88	490000	1422
