9231659	2015-11-28T17:30:00Z	Wake Forest Demon Deacons	BB&T Field	North Carolina Raleigh-Durham|685	27105
snapshot_11_16_2015_0_0.json	1447650000.0	12.27	125	359
snapshot_11_17_2015_0_0.json	1447736400.0	12.27	125	355
snapshot_11_17_2015_12_0.json	1447779600.0	12.27	125	357
snapshot_11_18_2015_0_0.json	1447822800.0	12.27	125	343
snapshot_11_18_2015_12_0.json	1447866000.0	12.27	125	345
snapshot_11_18_2015_12_0.json	1447866000.0	12.27	125	345
snapshot_11_18_2015_6_0.json	1447844400.0	12.27	125	345
snapshot_11_18_2015_6_0.json	1447844400.0	12.27	125	345
snapshot_11_19_2015_0_0.json	1447909200.0	12.27	125	335
snapshot_11_19_2015_12_0.json	1447952400.0	12.27	125	333
snapshot_11_19_2015_12_0.json	1447952400.0	12.27	125	333
snapshot_11_20_2015_0_0.json	1447995600.0	11.84	125	309
snapshot_11_20_2015_12_0.json	1448038800.0	12.27	125	314
snapshot_11_20_2015_12_0.json	1448038800.0	12.27	125	314
snapshot_11_21_2015_12_0.json	1448125200.0	12.27	125	294
snapshot_11_21_2015_18_0.json	1448146800.0	12.27	125	294
snapshot_11_22_2015_0_0.json	1448168400.0	12.27	125	296
snapshot_11_22_2015_12_0.json	1448211600.0	12.27	125	296
snapshot_11_22_2015_18_0.json	1448233200.0	12.27	125	296
snapshot_11_22_2015_6_0.json	1448190000.0	12.27	125	296
snapshot_11_22_2015_6_0.json	1448190000.0	12.27	125	296
snapshot_11_23_2015_0_0.json	1448254800.0	12.27	125	287
snapshot_11_23_2015_18_0.json	1448319600.0	12.27	125	274
snapshot_11_23_2015_6_0.json	1448276400.0	12.27	125	275
snapshot_11_24_2015_0_0.json	1448341200.0	15.31	125	215
snapshot_11_24_2015_12_0.json	1448384400.0	15.31	125	231
snapshot_11_24_2015_12_0.json	1448384400.0	15.31	125	231
snapshot_11_24_2015_18_0.json	1448406000.0	15.31	75	239
snapshot_11_24_2015_6_0.json	1448362800.0	15.31	125	231
snapshot_11_25_2015_0_0.json	1448427600.0	15.31	75	202
snapshot_11_25_2015_12_0.json	1448470800.0	15.31	75	198
snapshot_11_25_2015_6_0.json	1448449200.0	15.31	75	198
snapshot_11_26_2015_0_0.json	1448514000.0	15.31	60	175
snapshot_11_27_2015_18_0.json	1448665200.0	13.03	77.5	124
snapshot_11_28_2015_0_0.json	1448686800.0	22.39	63.26	110
snapshot_11_28_2015_12_0.json	1448730000.0	25.88	77.5	82
snapshot_11_28_2015_12_0.json	1448730000.0	25.88	77.5	82
snapshot_11_28_2015_18_0.json	1448751600.0	0	0	0
snapshot_11_28_2015_6_0.json	1448708400.0	25.88	77.5	82
snapshot_11_29_2015_0_0.json	1448773200.0	0	0	0
snapshot_11_29_2015_12_0.json	1448816400.0	0	0	0
snapshot_11_29_2015_18_0.json	1448838000.0	0	0	0
snapshot_11_30_2015_0_0.json	1448859600.0	0	0	0
snapshot_11_30_2015_12_0.json	1448902800.0	0	0	0
snapshot_11_30_2015_12_0.json	1448902800.0	0	0	0
snapshot_11_30_2015_6_0.json	1448881200.0	0	0	0
9231659	2015-11-28T17:30:00Z	Wake Forest Demon Deacons	BB&T Field	North Carolina Raleigh-Durham|685	27105
snapshot_11_16_2015_0_0.json	1447650000.0	12.27	125	359
snapshot_11_17_2015_0_0.json	1447736400.0	12.27	125	355
snapshot_11_17_2015_12_0.json	1447779600.0	12.27	125	357
snapshot_11_18_2015_0_0.json	1447822800.0	12.27	125	343
snapshot_11_18_2015_12_0.json	1447866000.0	12.27	125	345
snapshot_11_18_2015_12_0.json	1447866000.0	12.27	125	345
snapshot_11_18_2015_6_0.json	1447844400.0	12.27	125	345
snapshot_11_18_2015_6_0.json	1447844400.0	12.27	125	345
snapshot_11_19_2015_0_0.json	1447909200.0	12.27	125	335
snapshot_11_19_2015_12_0.json	1447952400.0	12.27	125	333
snapshot_11_19_2015_12_0.json	1447952400.0	12.27	125	333
snapshot_11_20_2015_0_0.json	1447995600.0	11.84	125	309
snapshot_11_20_2015_12_0.json	1448038800.0	12.27	125	314
snapshot_11_20_2015_12_0.json	1448038800.0	12.27	125	314
snapshot_11_21_2015_12_0.json	1448125200.0	12.27	125	294
snapshot_11_21_2015_18_0.json	1448146800.0	12.27	125	294
snapshot_11_22_2015_0_0.json	1448168400.0	12.27	125	296
snapshot_11_22_2015_12_0.json	1448211600.0	12.27	125	296
snapshot_11_22_2015_18_0.json	1448233200.0	12.27	125	296
snapshot_11_22_2015_6_0.json	1448190000.0	12.27	125	296
snapshot_11_22_2015_6_0.json	1448190000.0	12.27	125	296
snapshot_11_23_2015_0_0.json	1448254800.0	12.27	125	287
snapshot_11_23_2015_18_0.json	1448319600.0	12.27	125	274
snapshot_11_23_2015_6_0.json	1448276400.0	12.27	125	275
snapshot_11_24_2015_0_0.json	1448341200.0	15.31	125	215
snapshot_11_24_2015_12_0.json	1448384400.0	15.31	125	231
snapshot_11_24_2015_12_0.json	1448384400.0	15.31	125	231
snapshot_11_24_2015_18_0.json	1448406000.0	15.31	75	239
snapshot_11_24_2015_6_0.json	1448362800.0	15.31	125	231
snapshot_11_25_2015_0_0.json	1448427600.0	15.31	75	202
snapshot_11_25_2015_12_0.json	1448470800.0	15.31	75	198
snapshot_11_25_2015_6_0.json	1448449200.0	15.31	75	198
snapshot_11_26_2015_0_0.json	1448514000.0	15.31	60	175
snapshot_11_27_2015_18_0.json	1448665200.0	13.03	77.5	124
snapshot_11_28_2015_0_0.json	1448686800.0	22.39	63.26	110
snapshot_11_28_2015_12_0.json	1448730000.0	25.88	77.5	82
snapshot_11_28_2015_12_0.json	1448730000.0	25.88	77.5	82
snapshot_11_28_2015_18_0.json	1448751600.0	0	0	0
snapshot_11_28_2015_6_0.json	1448708400.0	25.88	77.5	82
snapshot_11_29_2015_0_0.json	1448773200.0	0	0	0
snapshot_11_29_2015_12_0.json	1448816400.0	0	0	0
snapshot_11_29_2015_18_0.json	1448838000.0	0	0	0
snapshot_11_30_2015_0_0.json	1448859600.0	0	0	0
snapshot_11_30_2015_12_0.json	1448902800.0	0	0	0
snapshot_11_30_2015_12_0.json	1448902800.0	0	0	0
snapshot_11_30_2015_6_0.json	1448881200.0	0	0	0
9231659	2015-11-28T17:30:00Z	Wake Forest Demon Deacons	BB&T Field	North Carolina Raleigh-Durham|685	27105
snapshot_11_16_2015_0_0.json	1447650000.0	12.27	125	359
snapshot_11_17_2015_0_0.json	1447736400.0	12.27	125	355
snapshot_11_17_2015_12_0.json	1447779600.0	12.27	125	357
snapshot_11_18_2015_0_0.json	1447822800.0	12.27	125	343
snapshot_11_18_2015_12_0.json	1447866000.0	12.27	125	345
snapshot_11_18_2015_12_0.json	1447866000.0	12.27	125	345
snapshot_11_18_2015_6_0.json	1447844400.0	12.27	125	345
snapshot_11_18_2015_6_0.json	1447844400.0	12.27	125	345
snapshot_11_19_2015_0_0.json	1447909200.0	12.27	125	335
snapshot_11_19_2015_12_0.json	1447952400.0	12.27	125	333
snapshot_11_19_2015_12_0.json	1447952400.0	12.27	125	333
snapshot_11_20_2015_0_0.json	1447995600.0	11.84	125	309
snapshot_11_20_2015_12_0.json	1448038800.0	12.27	125	314
snapshot_11_20_2015_12_0.json	1448038800.0	12.27	125	314
snapshot_11_21_2015_12_0.json	1448125200.0	12.27	125	294
snapshot_11_21_2015_18_0.json	1448146800.0	12.27	125	294
snapshot_11_22_2015_0_0.json	1448168400.0	12.27	125	296
snapshot_11_22_2015_12_0.json	1448211600.0	12.27	125	296
snapshot_11_22_2015_18_0.json	1448233200.0	12.27	125	296
snapshot_11_22_2015_6_0.json	1448190000.0	12.27	125	296
snapshot_11_22_2015_6_0.json	1448190000.0	12.27	125	296
snapshot_11_23_2015_0_0.json	1448254800.0	12.27	125	287
snapshot_11_23_2015_18_0.json	1448319600.0	12.27	125	274
snapshot_11_23_2015_6_0.json	1448276400.0	12.27	125	275
snapshot_11_24_2015_0_0.json	1448341200.0	15.31	125	215
snapshot_11_24_2015_12_0.json	1448384400.0	15.31	125	231
snapshot_11_24_2015_12_0.json	1448384400.0	15.31	125	231
snapshot_11_24_2015_18_0.json	1448406000.0	15.31	75	239
snapshot_11_24_2015_6_0.json	1448362800.0	15.31	125	231
snapshot_11_25_2015_0_0.json	1448427600.0	15.31	75	202
snapshot_11_25_2015_12_0.json	1448470800.0	15.31	75	198
snapshot_11_25_2015_6_0.json	1448449200.0	15.31	75	198
snapshot_11_26_2015_0_0.json	1448514000.0	15.31	60	175
snapshot_11_27_2015_18_0.json	1448665200.0	13.03	77.5	124
snapshot_11_28_2015_0_0.json	1448686800.0	22.39	63.26	110
snapshot_11_28_2015_12_0.json	1448730000.0	25.88	77.5	82
snapshot_11_28_2015_12_0.json	1448730000.0	25.88	77.5	82
snapshot_11_28_2015_18_0.json	1448751600.0	0	0	0
snapshot_11_28_2015_6_0.json	1448708400.0	25.88	77.5	82
snapshot_11_29_2015_0_0.json	1448773200.0	0	0	0
snapshot_11_29_2015_12_0.json	1448816400.0	0	0	0
snapshot_11_29_2015_18_0.json	1448838000.0	0	0	0
snapshot_11_30_2015_0_0.json	1448859600.0	0	0	0
snapshot_11_30_2015_12_0.json	1448902800.0	0	0	0
snapshot_11_30_2015_12_0.json	1448902800.0	0	0	0
snapshot_11_30_2015_6_0.json	1448881200.0	0	0	0
9231659	2015-11-28T17:30:00Z	Wake Forest Demon Deacons	BB&T Field	North Carolina Raleigh-Durham|685	27105
snapshot_11_16_2015_0_0.json	1447650000.0	12.27	125	359
snapshot_11_17_2015_0_0.json	1447736400.0	12.27	125	355
snapshot_11_17_2015_12_0.json	1447779600.0	12.27	125	357
snapshot_11_18_2015_0_0.json	1447822800.0	12.27	125	343
snapshot_11_18_2015_12_0.json	1447866000.0	12.27	125	345
snapshot_11_18_2015_12_0.json	1447866000.0	12.27	125	345
snapshot_11_18_2015_6_0.json	1447844400.0	12.27	125	345
snapshot_11_18_2015_6_0.json	1447844400.0	12.27	125	345
snapshot_11_19_2015_0_0.json	1447909200.0	12.27	125	335
snapshot_11_19_2015_12_0.json	1447952400.0	12.27	125	333
snapshot_11_19_2015_12_0.json	1447952400.0	12.27	125	333
snapshot_11_20_2015_0_0.json	1447995600.0	11.84	125	309
snapshot_11_20_2015_12_0.json	1448038800.0	12.27	125	314
snapshot_11_20_2015_12_0.json	1448038800.0	12.27	125	314
snapshot_11_21_2015_12_0.json	1448125200.0	12.27	125	294
snapshot_11_21_2015_18_0.json	1448146800.0	12.27	125	294
snapshot_11_22_2015_0_0.json	1448168400.0	12.27	125	296
snapshot_11_22_2015_12_0.json	1448211600.0	12.27	125	296
snapshot_11_22_2015_18_0.json	1448233200.0	12.27	125	296
snapshot_11_22_2015_6_0.json	1448190000.0	12.27	125	296
snapshot_11_22_2015_6_0.json	1448190000.0	12.27	125	296
snapshot_11_23_2015_0_0.json	1448254800.0	12.27	125	287
snapshot_11_23_2015_18_0.json	1448319600.0	12.27	125	274
snapshot_11_23_2015_6_0.json	1448276400.0	12.27	125	275
snapshot_11_24_2015_0_0.json	1448341200.0	15.31	125	215
snapshot_11_24_2015_12_0.json	1448384400.0	15.31	125	231
snapshot_11_24_2015_12_0.json	1448384400.0	15.31	125	231
snapshot_11_24_2015_18_0.json	1448406000.0	15.31	75	239
snapshot_11_24_2015_6_0.json	1448362800.0	15.31	125	231
snapshot_11_25_2015_0_0.json	1448427600.0	15.31	75	202
snapshot_11_25_2015_12_0.json	1448470800.0	15.31	75	198
snapshot_11_25_2015_6_0.json	1448449200.0	15.31	75	198
snapshot_11_26_2015_0_0.json	1448514000.0	15.31	60	175
snapshot_11_27_2015_18_0.json	1448665200.0	13.03	77.5	124
snapshot_11_28_2015_0_0.json	1448686800.0	22.39	63.26	110
snapshot_11_28_2015_12_0.json	1448730000.0	25.88	77.5	82
snapshot_11_28_2015_12_0.json	1448730000.0	25.88	77.5	82
snapshot_11_28_2015_18_0.json	1448751600.0	0	0	0
snapshot_11_28_2015_6_0.json	1448708400.0	25.88	77.5	82
snapshot_11_29_2015_0_0.json	1448773200.0	0	0	0
snapshot_11_29_2015_12_0.json	1448816400.0	0	0	0
snapshot_11_29_2015_18_0.json	1448838000.0	0	0	0
snapshot_11_30_2015_0_0.json	1448859600.0	0	0	0
snapshot_11_30_2015_12_0.json	1448902800.0	0	0	0
snapshot_11_30_2015_12_0.json	1448902800.0	0	0	0
snapshot_11_30_2015_6_0.json	1448881200.0	0	0	0
