9231757	2015-11-21T20:45:00Z	Pittsburgh Panthers	Heinz Field	Pennsylvania Pittsburgh|681	15212
snapshot_11_16_2015_0_0.json	1447650000.0	9.52	1686.97	1973
snapshot_11_17_2015_0_0.json	1447736400.0	9.52	1686.97	1982
snapshot_11_17_2015_12_0.json	1447779600.0	9.52	1686.97	1932
snapshot_11_17_2015_18_0.json	1447801200.0	9.52	1686.97	1896
snapshot_11_17_2015_6_0.json	1447758000.0	9.52	1686.97	1934
snapshot_11_17_2015_6_0.json	1447758000.0	9.52	1686.97	1934
snapshot_11_18_2015_0_0.json	1447822800.0	9.52	1686.97	1846
snapshot_11_18_2015_12_0.json	1447866000.0	9.52	1686.97	1774
snapshot_11_18_2015_18_0.json	1447887600.0	9.52	5000	1705
snapshot_11_18_2015_6_0.json	1447844400.0	9.52	1686.97	1763
snapshot_11_19_2015_0_0.json	1447909200.0	9.52	5000	1672
snapshot_11_19_2015_12_0.json	1447952400.0	11.28	5000	1625
snapshot_11_19_2015_6_0.json	1447930800.0	11.28	5000	1637
snapshot_11_20_2015_0_0.json	1447995600.0	11.28	200	1483
snapshot_11_20_2015_12_0.json	1448038800.0	11.37	200	1425
snapshot_11_21_2015_12_0.json	1448125200.0	9.52	22319.44	1025
snapshot_11_21_2015_18_0.json	1448146800.0	0	0	0
snapshot_11_22_2015_0_0.json	1448168400.0	0	0	0
snapshot_11_22_2015_12_0.json	1448211600.0	0	0	0
snapshot_11_22_2015_18_0.json	1448233200.0	0	0	0
snapshot_11_22_2015_6_0.json	1448190000.0	0	0	0
snapshot_11_23_2015_0_0.json	1448254800.0	0	0	0
snapshot_11_23_2015_12_0.json	1448298000.0	0	0	0
snapshot_11_23_2015_18_0.json	1448319600.0	0	0	0
snapshot_11_23_2015_6_0.json	1448276400.0	0	0	0
snapshot_11_24_2015_12_0.json	1448384400.0	0	0	0
snapshot_11_24_2015_6_0.json	1448362800.0	0	0	0
snapshot_11_27_2015_18_0.json	1448665200.0	0	0	0
snapshot_11_28_2015_0_0.json	1448686800.0	0	0	0
snapshot_11_28_2015_6_0.json	1448708400.0	0	0	0
snapshot_12_2_2015_6_0.json	1449054000.0	0	0	0
snapshot_12_3_2015_12_0.json	1449162000.0	0	0	0
snapshot_12_4_2015_0_0.json	1449205200.0	0	0	0
9231757	2015-11-21T20:45:00Z	Pittsburgh Panthers	Heinz Field	Pennsylvania Pittsburgh|681	15212
snapshot_11_16_2015_0_0.json	1447650000.0	9.52	1686.97	1973
snapshot_11_17_2015_0_0.json	1447736400.0	9.52	1686.97	1982
snapshot_11_17_2015_12_0.json	1447779600.0	9.52	1686.97	1932
snapshot_11_17_2015_18_0.json	1447801200.0	9.52	1686.97	1896
snapshot_11_17_2015_6_0.json	1447758000.0	9.52	1686.97	1934
snapshot_11_17_2015_6_0.json	1447758000.0	9.52	1686.97	1934
snapshot_11_18_2015_0_0.json	1447822800.0	9.52	1686.97	1846
snapshot_11_18_2015_12_0.json	1447866000.0	9.52	1686.97	1774
snapshot_11_18_2015_18_0.json	1447887600.0	9.52	5000	1705
snapshot_11_18_2015_6_0.json	1447844400.0	9.52	1686.97	1763
snapshot_11_19_2015_0_0.json	1447909200.0	9.52	5000	1672
snapshot_11_19_2015_12_0.json	1447952400.0	11.28	5000	1625
snapshot_11_19_2015_6_0.json	1447930800.0	11.28	5000	1637
snapshot_11_20_2015_0_0.json	1447995600.0	11.28	200	1483
snapshot_11_20_2015_12_0.json	1448038800.0	11.37	200	1425
snapshot_11_21_2015_12_0.json	1448125200.0	9.52	22319.44	1025
snapshot_11_21_2015_18_0.json	1448146800.0	0	0	0
snapshot_11_22_2015_0_0.json	1448168400.0	0	0	0
snapshot_11_22_2015_12_0.json	1448211600.0	0	0	0
snapshot_11_22_2015_18_0.json	1448233200.0	0	0	0
snapshot_11_22_2015_6_0.json	1448190000.0	0	0	0
snapshot_11_23_2015_0_0.json	1448254800.0	0	0	0
snapshot_11_23_2015_12_0.json	1448298000.0	0	0	0
snapshot_11_23_2015_18_0.json	1448319600.0	0	0	0
snapshot_11_23_2015_6_0.json	1448276400.0	0	0	0
snapshot_11_24_2015_12_0.json	1448384400.0	0	0	0
snapshot_11_24_2015_6_0.json	1448362800.0	0	0	0
snapshot_11_27_2015_18_0.json	1448665200.0	0	0	0
snapshot_11_28_2015_0_0.json	1448686800.0	0	0	0
snapshot_11_28_2015_6_0.json	1448708400.0	0	0	0
snapshot_12_2_2015_6_0.json	1449054000.0	0	0	0
snapshot_12_3_2015_12_0.json	1449162000.0	0	0	0
snapshot_12_4_2015_0_0.json	1449205200.0	0	0	0
9231757	2015-11-21T20:45:00Z	Pittsburgh Panthers	Heinz Field	Pennsylvania Pittsburgh|681	15212
snapshot_11_16_2015_0_0.json	1447650000.0	9.52	1686.97	1973
snapshot_11_17_2015_0_0.json	1447736400.0	9.52	1686.97	1982
snapshot_11_17_2015_12_0.json	1447779600.0	9.52	1686.97	1932
snapshot_11_17_2015_18_0.json	1447801200.0	9.52	1686.97	1896
snapshot_11_17_2015_6_0.json	1447758000.0	9.52	1686.97	1934
snapshot_11_17_2015_6_0.json	1447758000.0	9.52	1686.97	1934
snapshot_11_18_2015_0_0.json	1447822800.0	9.52	1686.97	1846
snapshot_11_18_2015_12_0.json	1447866000.0	9.52	1686.97	1774
snapshot_11_18_2015_18_0.json	1447887600.0	9.52	5000	1705
snapshot_11_18_2015_6_0.json	1447844400.0	9.52	1686.97	1763
snapshot_11_19_2015_0_0.json	1447909200.0	9.52	5000	1672
snapshot_11_19_2015_12_0.json	1447952400.0	11.28	5000	1625
snapshot_11_19_2015_6_0.json	1447930800.0	11.28	5000	1637
snapshot_11_20_2015_0_0.json	1447995600.0	11.28	200	1483
snapshot_11_20_2015_12_0.json	1448038800.0	11.37	200	1425
snapshot_11_21_2015_12_0.json	1448125200.0	9.52	22319.44	1025
snapshot_11_21_2015_18_0.json	1448146800.0	0	0	0
snapshot_11_22_2015_0_0.json	1448168400.0	0	0	0
snapshot_11_22_2015_12_0.json	1448211600.0	0	0	0
snapshot_11_22_2015_18_0.json	1448233200.0	0	0	0
snapshot_11_22_2015_6_0.json	1448190000.0	0	0	0
snapshot_11_23_2015_0_0.json	1448254800.0	0	0	0
snapshot_11_23_2015_12_0.json	1448298000.0	0	0	0
snapshot_11_23_2015_18_0.json	1448319600.0	0	0	0
snapshot_11_23_2015_6_0.json	1448276400.0	0	0	0
snapshot_11_24_2015_12_0.json	1448384400.0	0	0	0
snapshot_11_24_2015_6_0.json	1448362800.0	0	0	0
snapshot_11_27_2015_18_0.json	1448665200.0	0	0	0
snapshot_11_28_2015_0_0.json	1448686800.0	0	0	0
snapshot_11_28_2015_6_0.json	1448708400.0	0	0	0
snapshot_12_2_2015_6_0.json	1449054000.0	0	0	0
snapshot_12_3_2015_12_0.json	1449162000.0	0	0	0
snapshot_12_4_2015_0_0.json	1449205200.0	0	0	0
9231757	2015-11-21T20:45:00Z	Pittsburgh Panthers	Heinz Field	Pennsylvania Pittsburgh|681	15212
snapshot_11_16_2015_0_0.json	1447650000.0	9.52	1686.97	1973
snapshot_11_17_2015_0_0.json	1447736400.0	9.52	1686.97	1982
snapshot_11_17_2015_12_0.json	1447779600.0	9.52	1686.97	1932
snapshot_11_17_2015_18_0.json	1447801200.0	9.52	1686.97	1896
snapshot_11_17_2015_6_0.json	1447758000.0	9.52	1686.97	1934
snapshot_11_17_2015_6_0.json	1447758000.0	9.52	1686.97	1934
snapshot_11_18_2015_0_0.json	1447822800.0	9.52	1686.97	1846
snapshot_11_18_2015_12_0.json	1447866000.0	9.52	1686.97	1774
snapshot_11_18_2015_18_0.json	1447887600.0	9.52	5000	1705
snapshot_11_18_2015_6_0.json	1447844400.0	9.52	1686.97	1763
snapshot_11_19_2015_0_0.json	1447909200.0	9.52	5000	1672
snapshot_11_19_2015_12_0.json	1447952400.0	11.28	5000	1625
snapshot_11_19_2015_6_0.json	1447930800.0	11.28	5000	1637
snapshot_11_20_2015_0_0.json	1447995600.0	11.28	200	1483
snapshot_11_20_2015_12_0.json	1448038800.0	11.37	200	1425
snapshot_11_21_2015_12_0.json	1448125200.0	9.52	22319.44	1025
snapshot_11_21_2015_18_0.json	1448146800.0	0	0	0
snapshot_11_22_2015_0_0.json	1448168400.0	0	0	0
snapshot_11_22_2015_12_0.json	1448211600.0	0	0	0
snapshot_11_22_2015_18_0.json	1448233200.0	0	0	0
snapshot_11_22_2015_6_0.json	1448190000.0	0	0	0
snapshot_11_23_2015_0_0.json	1448254800.0	0	0	0
snapshot_11_23_2015_12_0.json	1448298000.0	0	0	0
snapshot_11_23_2015_18_0.json	1448319600.0	0	0	0
snapshot_11_23_2015_6_0.json	1448276400.0	0	0	0
snapshot_11_24_2015_12_0.json	1448384400.0	0	0	0
snapshot_11_24_2015_6_0.json	1448362800.0	0	0	0
snapshot_11_27_2015_18_0.json	1448665200.0	0	0	0
snapshot_11_28_2015_0_0.json	1448686800.0	0	0	0
snapshot_11_28_2015_6_0.json	1448708400.0	0	0	0
snapshot_12_2_2015_6_0.json	1449054000.0	0	0	0
snapshot_12_3_2015_12_0.json	1449162000.0	0	0	0
snapshot_12_4_2015_0_0.json	1449205200.0	0	0	0
