9231599	2015-11-28T18:00:00Z	NC State Wolfpack	Carter-Finley Stadium	North Carolina Raleigh-Durham|685	27607
snapshot_11_16_2015_0_0.json	1447650000.0	92.01	350	1578
snapshot_11_17_2015_0_0.json	1447736400.0	92.01	350	1553
snapshot_11_17_2015_12_0.json	1447779600.0	92.01	350	1534
snapshot_11_17_2015_18_0.json	1447801200.0	92.01	350	1561
snapshot_11_18_2015_0_0.json	1447822800.0	93.76	350	1538
snapshot_11_18_2015_12_0.json	1447866000.0	93.76	350	1512
snapshot_11_19_2015_0_0.json	1447909200.0	90.25	350	1544
snapshot_11_19_2015_12_0.json	1447952400.0	90.25	350	1524
snapshot_11_19_2015_6_0.json	1447930800.0	90.25	350	1524
snapshot_11_20_2015_0_0.json	1447995600.0	83.56	350	1542
snapshot_11_20_2015_12_0.json	1448038800.0	83.56	350	1517
snapshot_11_21_2015_12_0.json	1448125200.0	66.85	350	1470
snapshot_11_21_2015_18_0.json	1448146800.0	66.85	350	1451
snapshot_11_22_2015_0_0.json	1448168400.0	83.56	350	1403
snapshot_11_22_2015_12_0.json	1448211600.0	78.95	350	1376
snapshot_11_22_2015_18_0.json	1448233200.0	78.95	350	1295
snapshot_11_22_2015_6_0.json	1448190000.0	78.95	350	1376
snapshot_11_23_2015_0_0.json	1448254800.0	89.3	350	1265
snapshot_11_23_2015_12_0.json	1448298000.0	90.25	350	1230
snapshot_11_23_2015_18_0.json	1448319600.0	91.42	350	1172
snapshot_11_23_2015_6_0.json	1448276400.0	90.25	350	1221
snapshot_11_24_2015_0_0.json	1448341200.0	89.07	350	979
snapshot_11_24_2015_12_0.json	1448384400.0	79.72	350	849
snapshot_11_24_2015_18_0.json	1448406000.0	83.22	325	799
snapshot_11_24_2015_6_0.json	1448362800.0	79.72	350	847
snapshot_11_25_2015_0_0.json	1448427600.0	75.45	500	779
snapshot_11_25_2015_12_0.json	1448470800.0	75.45	500	697
snapshot_11_25_2015_18_0.json	1448492400.0	83.64	500	670
snapshot_11_25_2015_6_0.json	1448449200.0	75.45	500	704
snapshot_11_26_2015_0_0.json	1448514000.0	101.95	500	528
snapshot_11_27_2015_18_0.json	1448665200.0	92.32	300	323
snapshot_11_28_2015_0_0.json	1448686800.0	101.54	300	197
snapshot_11_28_2015_12_0.json	1448730000.0	113.05	225	103
snapshot_11_28_2015_18_0.json	1448751600.0	0	0	0
snapshot_11_28_2015_6_0.json	1448708400.0	115.98	225	110
snapshot_11_28_2015_6_0.json	1448708400.0	115.98	225	110
snapshot_11_29_2015_0_0.json	1448773200.0	0	0	0
snapshot_11_29_2015_12_0.json	1448816400.0	0	0	0
snapshot_11_29_2015_18_0.json	1448838000.0	0	0	0
snapshot_11_29_2015_6_0.json	1448794800.0	0	0	0
snapshot_11_30_2015_0_0.json	1448859600.0	0	0	0
snapshot_11_30_2015_12_0.json	1448902800.0	0	0	0
snapshot_12_3_2015_0_0.json	1449118800.0	0	0	0
snapshot_12_3_2015_0_0.json	1449118800.0	0	0	0
snapshot_12_3_2015_12_0.json	1449162000.0	0	0	0
9231599	2015-11-28T18:00:00Z	NC State Wolfpack	Carter-Finley Stadium	North Carolina Raleigh-Durham|685	27607
snapshot_11_16_2015_0_0.json	1447650000.0	92.01	350	1578
snapshot_11_17_2015_0_0.json	1447736400.0	92.01	350	1553
snapshot_11_17_2015_12_0.json	1447779600.0	92.01	350	1534
snapshot_11_17_2015_18_0.json	1447801200.0	92.01	350	1561
snapshot_11_18_2015_0_0.json	1447822800.0	93.76	350	1538
snapshot_11_18_2015_12_0.json	1447866000.0	93.76	350	1512
snapshot_11_19_2015_0_0.json	1447909200.0	90.25	350	1544
snapshot_11_19_2015_12_0.json	1447952400.0	90.25	350	1524
snapshot_11_19_2015_6_0.json	1447930800.0	90.25	350	1524
snapshot_11_20_2015_0_0.json	1447995600.0	83.56	350	1542
snapshot_11_20_2015_12_0.json	1448038800.0	83.56	350	1517
snapshot_11_21_2015_12_0.json	1448125200.0	66.85	350	1470
snapshot_11_21_2015_18_0.json	1448146800.0	66.85	350	1451
snapshot_11_22_2015_0_0.json	1448168400.0	83.56	350	1403
snapshot_11_22_2015_12_0.json	1448211600.0	78.95	350	1376
snapshot_11_22_2015_18_0.json	1448233200.0	78.95	350	1295
snapshot_11_22_2015_6_0.json	1448190000.0	78.95	350	1376
snapshot_11_23_2015_0_0.json	1448254800.0	89.3	350	1265
snapshot_11_23_2015_12_0.json	1448298000.0	90.25	350	1230
snapshot_11_23_2015_18_0.json	1448319600.0	91.42	350	1172
snapshot_11_23_2015_6_0.json	1448276400.0	90.25	350	1221
snapshot_11_24_2015_0_0.json	1448341200.0	89.07	350	979
snapshot_11_24_2015_12_0.json	1448384400.0	79.72	350	849
snapshot_11_24_2015_18_0.json	1448406000.0	83.22	325	799
snapshot_11_24_2015_6_0.json	1448362800.0	79.72	350	847
snapshot_11_25_2015_0_0.json	1448427600.0	75.45	500	779
snapshot_11_25_2015_12_0.json	1448470800.0	75.45	500	697
snapshot_11_25_2015_18_0.json	1448492400.0	83.64	500	670
snapshot_11_25_2015_6_0.json	1448449200.0	75.45	500	704
snapshot_11_26_2015_0_0.json	1448514000.0	101.95	500	528
snapshot_11_27_2015_18_0.json	1448665200.0	92.32	300	323
snapshot_11_28_2015_0_0.json	1448686800.0	101.54	300	197
snapshot_11_28_2015_12_0.json	1448730000.0	113.05	225	103
snapshot_11_28_2015_18_0.json	1448751600.0	0	0	0
snapshot_11_28_2015_6_0.json	1448708400.0	115.98	225	110
snapshot_11_28_2015_6_0.json	1448708400.0	115.98	225	110
snapshot_11_29_2015_0_0.json	1448773200.0	0	0	0
snapshot_11_29_2015_12_0.json	1448816400.0	0	0	0
snapshot_11_29_2015_18_0.json	1448838000.0	0	0	0
snapshot_11_29_2015_6_0.json	1448794800.0	0	0	0
snapshot_11_30_2015_0_0.json	1448859600.0	0	0	0
snapshot_11_30_2015_12_0.json	1448902800.0	0	0	0
snapshot_12_3_2015_0_0.json	1449118800.0	0	0	0
snapshot_12_3_2015_0_0.json	1449118800.0	0	0	0
snapshot_12_3_2015_12_0.json	1449162000.0	0	0	0
9231599	2015-11-28T18:00:00Z	NC State Wolfpack	Carter-Finley Stadium	North Carolina Raleigh-Durham|685	27607
snapshot_11_16_2015_0_0.json	1447650000.0	92.01	350	1578
snapshot_11_17_2015_0_0.json	1447736400.0	92.01	350	1553
snapshot_11_17_2015_12_0.json	1447779600.0	92.01	350	1534
snapshot_11_17_2015_18_0.json	1447801200.0	92.01	350	1561
snapshot_11_18_2015_0_0.json	1447822800.0	93.76	350	1538
snapshot_11_18_2015_12_0.json	1447866000.0	93.76	350	1512
snapshot_11_19_2015_0_0.json	1447909200.0	90.25	350	1544
snapshot_11_19_2015_12_0.json	1447952400.0	90.25	350	1524
snapshot_11_19_2015_6_0.json	1447930800.0	90.25	350	1524
snapshot_11_20_2015_0_0.json	1447995600.0	83.56	350	1542
snapshot_11_20_2015_12_0.json	1448038800.0	83.56	350	1517
snapshot_11_21_2015_12_0.json	1448125200.0	66.85	350	1470
snapshot_11_21_2015_18_0.json	1448146800.0	66.85	350	1451
snapshot_11_22_2015_0_0.json	1448168400.0	83.56	350	1403
snapshot_11_22_2015_12_0.json	1448211600.0	78.95	350	1376
snapshot_11_22_2015_18_0.json	1448233200.0	78.95	350	1295
snapshot_11_22_2015_6_0.json	1448190000.0	78.95	350	1376
snapshot_11_23_2015_0_0.json	1448254800.0	89.3	350	1265
snapshot_11_23_2015_12_0.json	1448298000.0	90.25	350	1230
snapshot_11_23_2015_18_0.json	1448319600.0	91.42	350	1172
snapshot_11_23_2015_6_0.json	1448276400.0	90.25	350	1221
snapshot_11_24_2015_0_0.json	1448341200.0	89.07	350	979
snapshot_11_24_2015_12_0.json	1448384400.0	79.72	350	849
snapshot_11_24_2015_18_0.json	1448406000.0	83.22	325	799
snapshot_11_24_2015_6_0.json	1448362800.0	79.72	350	847
snapshot_11_25_2015_0_0.json	1448427600.0	75.45	500	779
snapshot_11_25_2015_12_0.json	1448470800.0	75.45	500	697
snapshot_11_25_2015_18_0.json	1448492400.0	83.64	500	670
snapshot_11_25_2015_6_0.json	1448449200.0	75.45	500	704
snapshot_11_26_2015_0_0.json	1448514000.0	101.95	500	528
snapshot_11_27_2015_18_0.json	1448665200.0	92.32	300	323
snapshot_11_28_2015_0_0.json	1448686800.0	101.54	300	197
snapshot_11_28_2015_12_0.json	1448730000.0	113.05	225	103
snapshot_11_28_2015_18_0.json	1448751600.0	0	0	0
snapshot_11_28_2015_6_0.json	1448708400.0	115.98	225	110
snapshot_11_28_2015_6_0.json	1448708400.0	115.98	225	110
snapshot_11_29_2015_0_0.json	1448773200.0	0	0	0
snapshot_11_29_2015_12_0.json	1448816400.0	0	0	0
snapshot_11_29_2015_18_0.json	1448838000.0	0	0	0
snapshot_11_29_2015_6_0.json	1448794800.0	0	0	0
snapshot_11_30_2015_0_0.json	1448859600.0	0	0	0
snapshot_11_30_2015_12_0.json	1448902800.0	0	0	0
snapshot_12_3_2015_0_0.json	1449118800.0	0	0	0
snapshot_12_3_2015_0_0.json	1449118800.0	0	0	0
snapshot_12_3_2015_12_0.json	1449162000.0	0	0	0
9231599	2015-11-28T18:00:00Z	NC State Wolfpack	Carter-Finley Stadium	North Carolina Raleigh-Durham|685	27607
snapshot_11_16_2015_0_0.json	1447650000.0	92.01	350	1578
snapshot_11_17_2015_0_0.json	1447736400.0	92.01	350	1553
snapshot_11_17_2015_12_0.json	1447779600.0	92.01	350	1534
snapshot_11_17_2015_18_0.json	1447801200.0	92.01	350	1561
snapshot_11_18_2015_0_0.json	1447822800.0	93.76	350	1538
snapshot_11_18_2015_12_0.json	1447866000.0	93.76	350	1512
snapshot_11_19_2015_0_0.json	1447909200.0	90.25	350	1544
snapshot_11_19_2015_12_0.json	1447952400.0	90.25	350	1524
snapshot_11_19_2015_6_0.json	1447930800.0	90.25	350	1524
snapshot_11_20_2015_0_0.json	1447995600.0	83.56	350	1542
snapshot_11_20_2015_12_0.json	1448038800.0	83.56	350	1517
snapshot_11_21_2015_12_0.json	1448125200.0	66.85	350	1470
snapshot_11_21_2015_18_0.json	1448146800.0	66.85	350	1451
snapshot_11_22_2015_0_0.json	1448168400.0	83.56	350	1403
snapshot_11_22_2015_12_0.json	1448211600.0	78.95	350	1376
snapshot_11_22_2015_18_0.json	1448233200.0	78.95	350	1295
snapshot_11_22_2015_6_0.json	1448190000.0	78.95	350	1376
snapshot_11_23_2015_0_0.json	1448254800.0	89.3	350	1265
snapshot_11_23_2015_12_0.json	1448298000.0	90.25	350	1230
snapshot_11_23_2015_18_0.json	1448319600.0	91.42	350	1172
snapshot_11_23_2015_6_0.json	1448276400.0	90.25	350	1221
snapshot_11_24_2015_0_0.json	1448341200.0	89.07	350	979
snapshot_11_24_2015_12_0.json	1448384400.0	79.72	350	849
snapshot_11_24_2015_18_0.json	1448406000.0	83.22	325	799
snapshot_11_24_2015_6_0.json	1448362800.0	79.72	350	847
snapshot_11_25_2015_0_0.json	1448427600.0	75.45	500	779
snapshot_11_25_2015_12_0.json	1448470800.0	75.45	500	697
snapshot_11_25_2015_18_0.json	1448492400.0	83.64	500	670
snapshot_11_25_2015_6_0.json	1448449200.0	75.45	500	704
snapshot_11_26_2015_0_0.json	1448514000.0	101.95	500	528
snapshot_11_27_2015_18_0.json	1448665200.0	92.32	300	323
snapshot_11_28_2015_0_0.json	1448686800.0	101.54	300	197
snapshot_11_28_2015_12_0.json	1448730000.0	113.05	225	103
snapshot_11_28_2015_18_0.json	1448751600.0	0	0	0
snapshot_11_28_2015_6_0.json	1448708400.0	115.98	225	110
snapshot_11_28_2015_6_0.json	1448708400.0	115.98	225	110
snapshot_11_29_2015_0_0.json	1448773200.0	0	0	0
snapshot_11_29_2015_12_0.json	1448816400.0	0	0	0
snapshot_11_29_2015_18_0.json	1448838000.0	0	0	0
snapshot_11_29_2015_6_0.json	1448794800.0	0	0	0
snapshot_11_30_2015_0_0.json	1448859600.0	0	0	0
snapshot_11_30_2015_12_0.json	1448902800.0	0	0	0
snapshot_12_3_2015_0_0.json	1449118800.0	0	0	0
snapshot_12_3_2015_0_0.json	1449118800.0	0	0	0
snapshot_12_3_2015_12_0.json	1449162000.0	0	0	0
