9231257	2015-12-06T01:00:00Z	Billy Joel	Time Warner Cable Arena	North Carolina Charlotte|684	28202
snapshot_11_16_2015_0_0.json	1447650000.0	113.65	4500	602
snapshot_11_16_2015_0_0.json	1447650000.0	113.65	4500	602
snapshot_11_17_2015_0_0.json	1447736400.0	113.65	4500	613
snapshot_11_17_2015_18_0.json	1447801200.0	113.65	4500	611
snapshot_11_18_2015_0_0.json	1447822800.0	113.65	4500	594
snapshot_11_18_2015_18_0.json	1447887600.0	107.8	4500	591
snapshot_11_18_2015_6_0.json	1447844400.0	107.8	4500	596
snapshot_11_18_2015_6_0.json	1447844400.0	107.8	4500	596
snapshot_11_19_2015_0_0.json	1447909200.0	107.8	4500	591
snapshot_11_19_2015_12_0.json	1447952400.0	98.85	4500	598
snapshot_11_19_2015_6_0.json	1447930800.0	107.8	4500	592
snapshot_11_20_2015_0_0.json	1447995600.0	107.8	4500	604
snapshot_11_20_2015_12_0.json	1448038800.0	107.8	4500	596
snapshot_11_21_2015_12_0.json	1448125200.0	107.8	9000	571
snapshot_11_21_2015_18_0.json	1448146800.0	107.8	9000	567
snapshot_11_22_2015_0_0.json	1448168400.0	107.8	9000	561
snapshot_11_22_2015_12_0.json	1448211600.0	107.8	9000	569
snapshot_11_22_2015_6_0.json	1448190000.0	107.8	9000	569
snapshot_11_23_2015_0_0.json	1448254800.0	107.8	9000	568
snapshot_11_23_2015_12_0.json	1448298000.0	107.8	9000	566
snapshot_11_23_2015_18_0.json	1448319600.0	107.8	4500	551
snapshot_11_24_2015_0_0.json	1448341200.0	107.8	4500	539
snapshot_11_24_2015_12_0.json	1448384400.0	107.8	4500	540
snapshot_11_24_2015_12_0.json	1448384400.0	107.8	4500	540
snapshot_11_24_2015_18_0.json	1448406000.0	107.8	4500	529
snapshot_11_24_2015_6_0.json	1448362800.0	107.8	4500	536
snapshot_11_25_2015_0_0.json	1448427600.0	101.95	4500	537
snapshot_11_25_2015_12_0.json	1448470800.0	101.95	4500	528
snapshot_11_25_2015_18_0.json	1448492400.0	92.88	4500	526
snapshot_11_25_2015_6_0.json	1448449200.0	101.95	4500	528
snapshot_11_26_2015_0_0.json	1448514000.0	92.88	4500	523
snapshot_11_27_2015_18_0.json	1448665200.0	92.88	4500	514
snapshot_11_28_2015_0_0.json	1448686800.0	92.88	4500	508
snapshot_11_28_2015_12_0.json	1448730000.0	101.95	4500	497
snapshot_11_28_2015_6_0.json	1448708400.0	101.95	4500	497
snapshot_11_29_2015_0_0.json	1448773200.0	107.92	4500	490
snapshot_11_29_2015_0_0.json	1448773200.0	107.92	4500	490
snapshot_11_29_2015_12_0.json	1448816400.0	107.92	4500	491
snapshot_11_29_2015_18_0.json	1448838000.0	101.72	4500	482
snapshot_11_29_2015_6_0.json	1448794800.0	107.92	4500	492
snapshot_11_30_2015_0_0.json	1448859600.0	101.72	4500	472
snapshot_11_30_2015_12_0.json	1448902800.0	101.72	4500	458
snapshot_11_30_2015_18_0.json	1448924400.0	101.72	3500	453
snapshot_11_30_2015_6_0.json	1448881200.0	101.72	4500	462
snapshot_12_1_2015_0_0.json	1448946000.0	78.55	3500	443
snapshot_12_1_2015_12_0.json	1448989200.0	78.55	3500	432
snapshot_12_1_2015_18_0.json	1449010800.0	78.55	3500	422
snapshot_12_1_2015_18_0.json	1449010800.0	78.55	3500	422
snapshot_12_1_2015_6_0.json	1448967600.0	78.55	3500	432
snapshot_12_2_2015_0_0.json	1449032400.0	78.55	3500	413
snapshot_12_2_2015_0_0.json	1449032400.0	78.55	3500	413
snapshot_12_2_2015_12_0.json	1449075600.0	78.55	3500	414
snapshot_12_2_2015_18_0.json	1449097200.0	95.52	3500	402
snapshot_12_2_2015_6_0.json	1449054000.0	78.55	3500	408
snapshot_12_3_2015_0_0.json	1449118800.0	95.52	999	400
snapshot_12_3_2015_12_0.json	1449162000.0	95.52	999	387
snapshot_12_3_2015_18_0.json	1449183600.0	95.52	1275.25	378
snapshot_12_3_2015_6_0.json	1449140400.0	95.52	999	389
snapshot_12_4_2015_0_0.json	1449205200.0	90.24	1275.25	372
snapshot_12_4_2015_12_0.json	1449248400.0	95.52	882	339
snapshot_12_4_2015_18_0.json	1449270000.0	95.52	882	312
snapshot_12_4_2015_6_0.json	1449226800.0	95.52	882	339
snapshot_12_5_2015_0_0.json	1449291600.0	99.86	882	281
snapshot_12_5_2015_12_0.json	1449334800.0	93.65	1000	250
snapshot_12_5_2015_18_0.json	1449356400.0	81.25	1000	202
snapshot_12_5_2015_6_0.json	1449313200.0	93.65	1000	253
9231257	2015-12-06T01:00:00Z	Billy Joel	Time Warner Cable Arena	North Carolina Charlotte|684	28202
snapshot_11_16_2015_0_0.json	1447650000.0	113.65	4500	602
snapshot_11_16_2015_0_0.json	1447650000.0	113.65	4500	602
snapshot_11_17_2015_0_0.json	1447736400.0	113.65	4500	613
snapshot_11_17_2015_18_0.json	1447801200.0	113.65	4500	611
snapshot_11_18_2015_0_0.json	1447822800.0	113.65	4500	594
snapshot_11_18_2015_18_0.json	1447887600.0	107.8	4500	591
snapshot_11_18_2015_6_0.json	1447844400.0	107.8	4500	596
snapshot_11_18_2015_6_0.json	1447844400.0	107.8	4500	596
snapshot_11_19_2015_0_0.json	1447909200.0	107.8	4500	591
snapshot_11_19_2015_12_0.json	1447952400.0	98.85	4500	598
snapshot_11_19_2015_6_0.json	1447930800.0	107.8	4500	592
snapshot_11_20_2015_0_0.json	1447995600.0	107.8	4500	604
snapshot_11_20_2015_12_0.json	1448038800.0	107.8	4500	596
snapshot_11_21_2015_12_0.json	1448125200.0	107.8	9000	571
snapshot_11_21_2015_18_0.json	1448146800.0	107.8	9000	567
snapshot_11_22_2015_0_0.json	1448168400.0	107.8	9000	561
snapshot_11_22_2015_12_0.json	1448211600.0	107.8	9000	569
snapshot_11_22_2015_6_0.json	1448190000.0	107.8	9000	569
snapshot_11_23_2015_0_0.json	1448254800.0	107.8	9000	568
snapshot_11_23_2015_12_0.json	1448298000.0	107.8	9000	566
snapshot_11_23_2015_18_0.json	1448319600.0	107.8	4500	551
snapshot_11_24_2015_0_0.json	1448341200.0	107.8	4500	539
snapshot_11_24_2015_12_0.json	1448384400.0	107.8	4500	540
snapshot_11_24_2015_12_0.json	1448384400.0	107.8	4500	540
snapshot_11_24_2015_18_0.json	1448406000.0	107.8	4500	529
snapshot_11_24_2015_6_0.json	1448362800.0	107.8	4500	536
snapshot_11_25_2015_0_0.json	1448427600.0	101.95	4500	537
snapshot_11_25_2015_12_0.json	1448470800.0	101.95	4500	528
snapshot_11_25_2015_18_0.json	1448492400.0	92.88	4500	526
snapshot_11_25_2015_6_0.json	1448449200.0	101.95	4500	528
snapshot_11_26_2015_0_0.json	1448514000.0	92.88	4500	523
snapshot_11_27_2015_18_0.json	1448665200.0	92.88	4500	514
snapshot_11_28_2015_0_0.json	1448686800.0	92.88	4500	508
snapshot_11_28_2015_12_0.json	1448730000.0	101.95	4500	497
snapshot_11_28_2015_6_0.json	1448708400.0	101.95	4500	497
snapshot_11_29_2015_0_0.json	1448773200.0	107.92	4500	490
snapshot_11_29_2015_0_0.json	1448773200.0	107.92	4500	490
snapshot_11_29_2015_12_0.json	1448816400.0	107.92	4500	491
snapshot_11_29_2015_18_0.json	1448838000.0	101.72	4500	482
snapshot_11_29_2015_6_0.json	1448794800.0	107.92	4500	492
snapshot_11_30_2015_0_0.json	1448859600.0	101.72	4500	472
snapshot_11_30_2015_12_0.json	1448902800.0	101.72	4500	458
snapshot_11_30_2015_18_0.json	1448924400.0	101.72	3500	453
snapshot_11_30_2015_6_0.json	1448881200.0	101.72	4500	462
snapshot_12_1_2015_0_0.json	1448946000.0	78.55	3500	443
snapshot_12_1_2015_12_0.json	1448989200.0	78.55	3500	432
snapshot_12_1_2015_18_0.json	1449010800.0	78.55	3500	422
snapshot_12_1_2015_18_0.json	1449010800.0	78.55	3500	422
snapshot_12_1_2015_6_0.json	1448967600.0	78.55	3500	432
snapshot_12_2_2015_0_0.json	1449032400.0	78.55	3500	413
snapshot_12_2_2015_0_0.json	1449032400.0	78.55	3500	413
snapshot_12_2_2015_12_0.json	1449075600.0	78.55	3500	414
snapshot_12_2_2015_18_0.json	1449097200.0	95.52	3500	402
snapshot_12_2_2015_6_0.json	1449054000.0	78.55	3500	408
snapshot_12_3_2015_0_0.json	1449118800.0	95.52	999	400
snapshot_12_3_2015_12_0.json	1449162000.0	95.52	999	387
snapshot_12_3_2015_18_0.json	1449183600.0	95.52	1275.25	378
snapshot_12_3_2015_6_0.json	1449140400.0	95.52	999	389
snapshot_12_4_2015_0_0.json	1449205200.0	90.24	1275.25	372
snapshot_12_4_2015_12_0.json	1449248400.0	95.52	882	339
snapshot_12_4_2015_18_0.json	1449270000.0	95.52	882	312
snapshot_12_4_2015_6_0.json	1449226800.0	95.52	882	339
snapshot_12_5_2015_0_0.json	1449291600.0	99.86	882	281
snapshot_12_5_2015_12_0.json	1449334800.0	93.65	1000	250
snapshot_12_5_2015_18_0.json	1449356400.0	81.25	1000	202
snapshot_12_5_2015_6_0.json	1449313200.0	93.65	1000	253
9231257	2015-12-06T01:00:00Z	Billy Joel	Time Warner Cable Arena	North Carolina Charlotte|684	28202
snapshot_11_16_2015_0_0.json	1447650000.0	113.65	4500	602
snapshot_11_16_2015_0_0.json	1447650000.0	113.65	4500	602
snapshot_11_17_2015_0_0.json	1447736400.0	113.65	4500	613
snapshot_11_17_2015_18_0.json	1447801200.0	113.65	4500	611
snapshot_11_18_2015_0_0.json	1447822800.0	113.65	4500	594
snapshot_11_18_2015_18_0.json	1447887600.0	107.8	4500	591
snapshot_11_18_2015_6_0.json	1447844400.0	107.8	4500	596
snapshot_11_18_2015_6_0.json	1447844400.0	107.8	4500	596
snapshot_11_19_2015_0_0.json	1447909200.0	107.8	4500	591
snapshot_11_19_2015_12_0.json	1447952400.0	98.85	4500	598
snapshot_11_19_2015_6_0.json	1447930800.0	107.8	4500	592
snapshot_11_20_2015_0_0.json	1447995600.0	107.8	4500	604
snapshot_11_20_2015_12_0.json	1448038800.0	107.8	4500	596
snapshot_11_21_2015_12_0.json	1448125200.0	107.8	9000	571
snapshot_11_21_2015_18_0.json	1448146800.0	107.8	9000	567
snapshot_11_22_2015_0_0.json	1448168400.0	107.8	9000	561
snapshot_11_22_2015_12_0.json	1448211600.0	107.8	9000	569
snapshot_11_22_2015_6_0.json	1448190000.0	107.8	9000	569
snapshot_11_23_2015_0_0.json	1448254800.0	107.8	9000	568
snapshot_11_23_2015_12_0.json	1448298000.0	107.8	9000	566
snapshot_11_23_2015_18_0.json	1448319600.0	107.8	4500	551
snapshot_11_24_2015_0_0.json	1448341200.0	107.8	4500	539
snapshot_11_24_2015_12_0.json	1448384400.0	107.8	4500	540
snapshot_11_24_2015_12_0.json	1448384400.0	107.8	4500	540
snapshot_11_24_2015_18_0.json	1448406000.0	107.8	4500	529
snapshot_11_24_2015_6_0.json	1448362800.0	107.8	4500	536
snapshot_11_25_2015_0_0.json	1448427600.0	101.95	4500	537
snapshot_11_25_2015_12_0.json	1448470800.0	101.95	4500	528
snapshot_11_25_2015_18_0.json	1448492400.0	92.88	4500	526
snapshot_11_25_2015_6_0.json	1448449200.0	101.95	4500	528
snapshot_11_26_2015_0_0.json	1448514000.0	92.88	4500	523
snapshot_11_27_2015_18_0.json	1448665200.0	92.88	4500	514
snapshot_11_28_2015_0_0.json	1448686800.0	92.88	4500	508
snapshot_11_28_2015_12_0.json	1448730000.0	101.95	4500	497
snapshot_11_28_2015_6_0.json	1448708400.0	101.95	4500	497
snapshot_11_29_2015_0_0.json	1448773200.0	107.92	4500	490
snapshot_11_29_2015_0_0.json	1448773200.0	107.92	4500	490
snapshot_11_29_2015_12_0.json	1448816400.0	107.92	4500	491
snapshot_11_29_2015_18_0.json	1448838000.0	101.72	4500	482
snapshot_11_29_2015_6_0.json	1448794800.0	107.92	4500	492
snapshot_11_30_2015_0_0.json	1448859600.0	101.72	4500	472
snapshot_11_30_2015_12_0.json	1448902800.0	101.72	4500	458
snapshot_11_30_2015_18_0.json	1448924400.0	101.72	3500	453
snapshot_11_30_2015_6_0.json	1448881200.0	101.72	4500	462
snapshot_12_1_2015_0_0.json	1448946000.0	78.55	3500	443
snapshot_12_1_2015_12_0.json	1448989200.0	78.55	3500	432
snapshot_12_1_2015_18_0.json	1449010800.0	78.55	3500	422
snapshot_12_1_2015_18_0.json	1449010800.0	78.55	3500	422
snapshot_12_1_2015_6_0.json	1448967600.0	78.55	3500	432
snapshot_12_2_2015_0_0.json	1449032400.0	78.55	3500	413
snapshot_12_2_2015_0_0.json	1449032400.0	78.55	3500	413
snapshot_12_2_2015_12_0.json	1449075600.0	78.55	3500	414
snapshot_12_2_2015_18_0.json	1449097200.0	95.52	3500	402
snapshot_12_2_2015_6_0.json	1449054000.0	78.55	3500	408
snapshot_12_3_2015_0_0.json	1449118800.0	95.52	999	400
snapshot_12_3_2015_12_0.json	1449162000.0	95.52	999	387
snapshot_12_3_2015_18_0.json	1449183600.0	95.52	1275.25	378
snapshot_12_3_2015_6_0.json	1449140400.0	95.52	999	389
snapshot_12_4_2015_0_0.json	1449205200.0	90.24	1275.25	372
snapshot_12_4_2015_12_0.json	1449248400.0	95.52	882	339
snapshot_12_4_2015_18_0.json	1449270000.0	95.52	882	312
snapshot_12_4_2015_6_0.json	1449226800.0	95.52	882	339
snapshot_12_5_2015_0_0.json	1449291600.0	99.86	882	281
snapshot_12_5_2015_12_0.json	1449334800.0	93.65	1000	250
snapshot_12_5_2015_18_0.json	1449356400.0	81.25	1000	202
snapshot_12_5_2015_6_0.json	1449313200.0	93.65	1000	253
9231257	2015-12-06T01:00:00Z	Billy Joel	Time Warner Cable Arena	North Carolina Charlotte|684	28202
snapshot_11_16_2015_0_0.json	1447650000.0	113.65	4500	602
snapshot_11_16_2015_0_0.json	1447650000.0	113.65	4500	602
snapshot_11_17_2015_0_0.json	1447736400.0	113.65	4500	613
snapshot_11_17_2015_18_0.json	1447801200.0	113.65	4500	611
snapshot_11_18_2015_0_0.json	1447822800.0	113.65	4500	594
snapshot_11_18_2015_18_0.json	1447887600.0	107.8	4500	591
snapshot_11_18_2015_6_0.json	1447844400.0	107.8	4500	596
snapshot_11_18_2015_6_0.json	1447844400.0	107.8	4500	596
snapshot_11_19_2015_0_0.json	1447909200.0	107.8	4500	591
snapshot_11_19_2015_12_0.json	1447952400.0	98.85	4500	598
snapshot_11_19_2015_6_0.json	1447930800.0	107.8	4500	592
snapshot_11_20_2015_0_0.json	1447995600.0	107.8	4500	604
snapshot_11_20_2015_12_0.json	1448038800.0	107.8	4500	596
snapshot_11_21_2015_12_0.json	1448125200.0	107.8	9000	571
snapshot_11_21_2015_18_0.json	1448146800.0	107.8	9000	567
snapshot_11_22_2015_0_0.json	1448168400.0	107.8	9000	561
snapshot_11_22_2015_12_0.json	1448211600.0	107.8	9000	569
snapshot_11_22_2015_6_0.json	1448190000.0	107.8	9000	569
snapshot_11_23_2015_0_0.json	1448254800.0	107.8	9000	568
snapshot_11_23_2015_12_0.json	1448298000.0	107.8	9000	566
snapshot_11_23_2015_18_0.json	1448319600.0	107.8	4500	551
snapshot_11_24_2015_0_0.json	1448341200.0	107.8	4500	539
snapshot_11_24_2015_12_0.json	1448384400.0	107.8	4500	540
snapshot_11_24_2015_12_0.json	1448384400.0	107.8	4500	540
snapshot_11_24_2015_18_0.json	1448406000.0	107.8	4500	529
snapshot_11_24_2015_6_0.json	1448362800.0	107.8	4500	536
snapshot_11_25_2015_0_0.json	1448427600.0	101.95	4500	537
snapshot_11_25_2015_12_0.json	1448470800.0	101.95	4500	528
snapshot_11_25_2015_18_0.json	1448492400.0	92.88	4500	526
snapshot_11_25_2015_6_0.json	1448449200.0	101.95	4500	528
snapshot_11_26_2015_0_0.json	1448514000.0	92.88	4500	523
snapshot_11_27_2015_18_0.json	1448665200.0	92.88	4500	514
snapshot_11_28_2015_0_0.json	1448686800.0	92.88	4500	508
snapshot_11_28_2015_12_0.json	1448730000.0	101.95	4500	497
snapshot_11_28_2015_6_0.json	1448708400.0	101.95	4500	497
snapshot_11_29_2015_0_0.json	1448773200.0	107.92	4500	490
snapshot_11_29_2015_0_0.json	1448773200.0	107.92	4500	490
snapshot_11_29_2015_12_0.json	1448816400.0	107.92	4500	491
snapshot_11_29_2015_18_0.json	1448838000.0	101.72	4500	482
snapshot_11_29_2015_6_0.json	1448794800.0	107.92	4500	492
snapshot_11_30_2015_0_0.json	1448859600.0	101.72	4500	472
snapshot_11_30_2015_12_0.json	1448902800.0	101.72	4500	458
snapshot_11_30_2015_18_0.json	1448924400.0	101.72	3500	453
snapshot_11_30_2015_6_0.json	1448881200.0	101.72	4500	462
snapshot_12_1_2015_0_0.json	1448946000.0	78.55	3500	443
snapshot_12_1_2015_12_0.json	1448989200.0	78.55	3500	432
snapshot_12_1_2015_18_0.json	1449010800.0	78.55	3500	422
snapshot_12_1_2015_18_0.json	1449010800.0	78.55	3500	422
snapshot_12_1_2015_6_0.json	1448967600.0	78.55	3500	432
snapshot_12_2_2015_0_0.json	1449032400.0	78.55	3500	413
snapshot_12_2_2015_0_0.json	1449032400.0	78.55	3500	413
snapshot_12_2_2015_12_0.json	1449075600.0	78.55	3500	414
snapshot_12_2_2015_18_0.json	1449097200.0	95.52	3500	402
snapshot_12_2_2015_6_0.json	1449054000.0	78.55	3500	408
snapshot_12_3_2015_0_0.json	1449118800.0	95.52	999	400
snapshot_12_3_2015_12_0.json	1449162000.0	95.52	999	387
snapshot_12_3_2015_18_0.json	1449183600.0	95.52	1275.25	378
snapshot_12_3_2015_6_0.json	1449140400.0	95.52	999	389
snapshot_12_4_2015_0_0.json	1449205200.0	90.24	1275.25	372
snapshot_12_4_2015_12_0.json	1449248400.0	95.52	882	339
snapshot_12_4_2015_18_0.json	1449270000.0	95.52	882	312
snapshot_12_4_2015_6_0.json	1449226800.0	95.52	882	339
snapshot_12_5_2015_0_0.json	1449291600.0	99.86	882	281
snapshot_12_5_2015_12_0.json	1449334800.0	93.65	1000	250
snapshot_12_5_2015_18_0.json	1449356400.0	81.25	1000	202
snapshot_12_5_2015_6_0.json	1449313200.0	93.65	1000	253
