9231613	2015-11-28T18:00:00Z	Syracuse Orange	Carrier Dome	New York Syracuse|6472	13210
snapshot_11_16_2015_0_0.json	1447650000.0	21.22	1600	576
snapshot_11_17_2015_0_0.json	1447736400.0	21.22	1600	576
snapshot_11_17_2015_12_0.json	1447779600.0	22.39	1600	551
snapshot_11_17_2015_18_0.json	1447801200.0	22.39	1600	547
snapshot_11_17_2015_18_0.json	1447801200.0	22.39	1600	547
snapshot_11_18_2015_0_0.json	1447822800.0	22.39	1600	535
snapshot_11_18_2015_12_0.json	1447866000.0	16.54	1600	534
snapshot_11_18_2015_12_0.json	1447866000.0	16.54	1600	534
snapshot_11_18_2015_18_0.json	1447887600.0	22.38	1600	1211
snapshot_11_19_2015_0_0.json	1447909200.0	17.71	1600	1263
snapshot_11_19_2015_12_0.json	1447952400.0	11.86	1600	1275
snapshot_11_20_2015_0_0.json	1447995600.0	14.79	1600	1265
snapshot_11_21_2015_12_0.json	1448125200.0	14.19	1600	1183
snapshot_11_21_2015_18_0.json	1448146800.0	13.03	1600	1145
snapshot_11_22_2015_0_0.json	1448168400.0	13.01	1600	1115
snapshot_11_22_2015_12_0.json	1448211600.0	13.01	1600	1091
snapshot_11_22_2015_6_0.json	1448190000.0	13.01	1600	1094
snapshot_11_22_2015_6_0.json	1448190000.0	13.01	1600	1094
snapshot_11_23_2015_0_0.json	1448254800.0	11.1	1600	1070
snapshot_11_23_2015_12_0.json	1448298000.0	11.1	1600	1022
snapshot_11_23_2015_18_0.json	1448319600.0	9.52	1600	1069
snapshot_11_24_2015_0_0.json	1448341200.0	9.52	1600	893
snapshot_11_24_2015_12_0.json	1448384400.0	9.52	1600	897
snapshot_11_24_2015_18_0.json	1448406000.0	9.52	1600	858
snapshot_11_25_2015_0_0.json	1448427600.0	9.52	1600	818
snapshot_11_25_2015_12_0.json	1448470800.0	9.52	1600	793
snapshot_11_25_2015_18_0.json	1448492400.0	9.52	1600	768
snapshot_11_26_2015_0_0.json	1448514000.0	9.52	1600	703
snapshot_11_27_2015_18_0.json	1448665200.0	9.52	1600	418
snapshot_11_28_2015_0_0.json	1448686800.0	9.52	90	245
snapshot_11_28_2015_12_0.json	1448730000.0	13.03	90	210
snapshot_11_28_2015_18_0.json	1448751600.0	0	0	0
snapshot_11_28_2015_6_0.json	1448708400.0	13.03	90	212
snapshot_11_29_2015_0_0.json	1448773200.0	0	0	0
snapshot_11_29_2015_12_0.json	1448816400.0	0	0	0
snapshot_11_29_2015_18_0.json	1448838000.0	0	0	0
snapshot_11_29_2015_6_0.json	1448794800.0	0	0	0
snapshot_11_30_2015_0_0.json	1448859600.0	0	0	0
snapshot_11_30_2015_12_0.json	1448902800.0	0	0	0
9231613	2015-11-28T18:00:00Z	Syracuse Orange	Carrier Dome	New York Syracuse|6472	13210
snapshot_11_16_2015_0_0.json	1447650000.0	21.22	1600	576
snapshot_11_17_2015_0_0.json	1447736400.0	21.22	1600	576
snapshot_11_17_2015_12_0.json	1447779600.0	22.39	1600	551
snapshot_11_17_2015_18_0.json	1447801200.0	22.39	1600	547
snapshot_11_17_2015_18_0.json	1447801200.0	22.39	1600	547
snapshot_11_18_2015_0_0.json	1447822800.0	22.39	1600	535
snapshot_11_18_2015_12_0.json	1447866000.0	16.54	1600	534
snapshot_11_18_2015_12_0.json	1447866000.0	16.54	1600	534
snapshot_11_18_2015_18_0.json	1447887600.0	22.38	1600	1211
snapshot_11_19_2015_0_0.json	1447909200.0	17.71	1600	1263
snapshot_11_19_2015_12_0.json	1447952400.0	11.86	1600	1275
snapshot_11_20_2015_0_0.json	1447995600.0	14.79	1600	1265
snapshot_11_21_2015_12_0.json	1448125200.0	14.19	1600	1183
snapshot_11_21_2015_18_0.json	1448146800.0	13.03	1600	1145
snapshot_11_22_2015_0_0.json	1448168400.0	13.01	1600	1115
snapshot_11_22_2015_12_0.json	1448211600.0	13.01	1600	1091
snapshot_11_22_2015_6_0.json	1448190000.0	13.01	1600	1094
snapshot_11_22_2015_6_0.json	1448190000.0	13.01	1600	1094
snapshot_11_23_2015_0_0.json	1448254800.0	11.1	1600	1070
snapshot_11_23_2015_12_0.json	1448298000.0	11.1	1600	1022
snapshot_11_23_2015_18_0.json	1448319600.0	9.52	1600	1069
snapshot_11_24_2015_0_0.json	1448341200.0	9.52	1600	893
snapshot_11_24_2015_12_0.json	1448384400.0	9.52	1600	897
snapshot_11_24_2015_18_0.json	1448406000.0	9.52	1600	858
snapshot_11_25_2015_0_0.json	1448427600.0	9.52	1600	818
snapshot_11_25_2015_12_0.json	1448470800.0	9.52	1600	793
snapshot_11_25_2015_18_0.json	1448492400.0	9.52	1600	768
snapshot_11_26_2015_0_0.json	1448514000.0	9.52	1600	703
snapshot_11_27_2015_18_0.json	1448665200.0	9.52	1600	418
snapshot_11_28_2015_0_0.json	1448686800.0	9.52	90	245
snapshot_11_28_2015_12_0.json	1448730000.0	13.03	90	210
snapshot_11_28_2015_18_0.json	1448751600.0	0	0	0
snapshot_11_28_2015_6_0.json	1448708400.0	13.03	90	212
snapshot_11_29_2015_0_0.json	1448773200.0	0	0	0
snapshot_11_29_2015_12_0.json	1448816400.0	0	0	0
snapshot_11_29_2015_18_0.json	1448838000.0	0	0	0
snapshot_11_29_2015_6_0.json	1448794800.0	0	0	0
snapshot_11_30_2015_0_0.json	1448859600.0	0	0	0
snapshot_11_30_2015_12_0.json	1448902800.0	0	0	0
9231613	2015-11-28T18:00:00Z	Syracuse Orange	Carrier Dome	New York Syracuse|6472	13210
snapshot_11_16_2015_0_0.json	1447650000.0	21.22	1600	576
snapshot_11_17_2015_0_0.json	1447736400.0	21.22	1600	576
snapshot_11_17_2015_12_0.json	1447779600.0	22.39	1600	551
snapshot_11_17_2015_18_0.json	1447801200.0	22.39	1600	547
snapshot_11_17_2015_18_0.json	1447801200.0	22.39	1600	547
snapshot_11_18_2015_0_0.json	1447822800.0	22.39	1600	535
snapshot_11_18_2015_12_0.json	1447866000.0	16.54	1600	534
snapshot_11_18_2015_12_0.json	1447866000.0	16.54	1600	534
snapshot_11_18_2015_18_0.json	1447887600.0	22.38	1600	1211
snapshot_11_19_2015_0_0.json	1447909200.0	17.71	1600	1263
snapshot_11_19_2015_12_0.json	1447952400.0	11.86	1600	1275
snapshot_11_20_2015_0_0.json	1447995600.0	14.79	1600	1265
snapshot_11_21_2015_12_0.json	1448125200.0	14.19	1600	1183
snapshot_11_21_2015_18_0.json	1448146800.0	13.03	1600	1145
snapshot_11_22_2015_0_0.json	1448168400.0	13.01	1600	1115
snapshot_11_22_2015_12_0.json	1448211600.0	13.01	1600	1091
snapshot_11_22_2015_6_0.json	1448190000.0	13.01	1600	1094
snapshot_11_22_2015_6_0.json	1448190000.0	13.01	1600	1094
snapshot_11_23_2015_0_0.json	1448254800.0	11.1	1600	1070
snapshot_11_23_2015_12_0.json	1448298000.0	11.1	1600	1022
snapshot_11_23_2015_18_0.json	1448319600.0	9.52	1600	1069
snapshot_11_24_2015_0_0.json	1448341200.0	9.52	1600	893
snapshot_11_24_2015_12_0.json	1448384400.0	9.52	1600	897
snapshot_11_24_2015_18_0.json	1448406000.0	9.52	1600	858
snapshot_11_25_2015_0_0.json	1448427600.0	9.52	1600	818
snapshot_11_25_2015_12_0.json	1448470800.0	9.52	1600	793
snapshot_11_25_2015_18_0.json	1448492400.0	9.52	1600	768
snapshot_11_26_2015_0_0.json	1448514000.0	9.52	1600	703
snapshot_11_27_2015_18_0.json	1448665200.0	9.52	1600	418
snapshot_11_28_2015_0_0.json	1448686800.0	9.52	90	245
snapshot_11_28_2015_12_0.json	1448730000.0	13.03	90	210
snapshot_11_28_2015_18_0.json	1448751600.0	0	0	0
snapshot_11_28_2015_6_0.json	1448708400.0	13.03	90	212
snapshot_11_29_2015_0_0.json	1448773200.0	0	0	0
snapshot_11_29_2015_12_0.json	1448816400.0	0	0	0
snapshot_11_29_2015_18_0.json	1448838000.0	0	0	0
snapshot_11_29_2015_6_0.json	1448794800.0	0	0	0
snapshot_11_30_2015_0_0.json	1448859600.0	0	0	0
snapshot_11_30_2015_12_0.json	1448902800.0	0	0	0
9231613	2015-11-28T18:00:00Z	Syracuse Orange	Carrier Dome	New York Syracuse|6472	13210
snapshot_11_16_2015_0_0.json	1447650000.0	21.22	1600	576
snapshot_11_17_2015_0_0.json	1447736400.0	21.22	1600	576
snapshot_11_17_2015_12_0.json	1447779600.0	22.39	1600	551
snapshot_11_17_2015_18_0.json	1447801200.0	22.39	1600	547
snapshot_11_17_2015_18_0.json	1447801200.0	22.39	1600	547
snapshot_11_18_2015_0_0.json	1447822800.0	22.39	1600	535
snapshot_11_18_2015_12_0.json	1447866000.0	16.54	1600	534
snapshot_11_18_2015_12_0.json	1447866000.0	16.54	1600	534
snapshot_11_18_2015_18_0.json	1447887600.0	22.38	1600	1211
snapshot_11_19_2015_0_0.json	1447909200.0	17.71	1600	1263
snapshot_11_19_2015_12_0.json	1447952400.0	11.86	1600	1275
snapshot_11_20_2015_0_0.json	1447995600.0	14.79	1600	1265
snapshot_11_21_2015_12_0.json	1448125200.0	14.19	1600	1183
snapshot_11_21_2015_18_0.json	1448146800.0	13.03	1600	1145
snapshot_11_22_2015_0_0.json	1448168400.0	13.01	1600	1115
snapshot_11_22_2015_12_0.json	1448211600.0	13.01	1600	1091
snapshot_11_22_2015_6_0.json	1448190000.0	13.01	1600	1094
snapshot_11_22_2015_6_0.json	1448190000.0	13.01	1600	1094
snapshot_11_23_2015_0_0.json	1448254800.0	11.1	1600	1070
snapshot_11_23_2015_12_0.json	1448298000.0	11.1	1600	1022
snapshot_11_23_2015_18_0.json	1448319600.0	9.52	1600	1069
snapshot_11_24_2015_0_0.json	1448341200.0	9.52	1600	893
snapshot_11_24_2015_12_0.json	1448384400.0	9.52	1600	897
snapshot_11_24_2015_18_0.json	1448406000.0	9.52	1600	858
snapshot_11_25_2015_0_0.json	1448427600.0	9.52	1600	818
snapshot_11_25_2015_12_0.json	1448470800.0	9.52	1600	793
snapshot_11_25_2015_18_0.json	1448492400.0	9.52	1600	768
snapshot_11_26_2015_0_0.json	1448514000.0	9.52	1600	703
snapshot_11_27_2015_18_0.json	1448665200.0	9.52	1600	418
snapshot_11_28_2015_0_0.json	1448686800.0	9.52	90	245
snapshot_11_28_2015_12_0.json	1448730000.0	13.03	90	210
snapshot_11_28_2015_18_0.json	1448751600.0	0	0	0
snapshot_11_28_2015_6_0.json	1448708400.0	13.03	90	212
snapshot_11_29_2015_0_0.json	1448773200.0	0	0	0
snapshot_11_29_2015_12_0.json	1448816400.0	0	0	0
snapshot_11_29_2015_18_0.json	1448838000.0	0	0	0
snapshot_11_29_2015_6_0.json	1448794800.0	0	0	0
snapshot_11_30_2015_0_0.json	1448859600.0	0	0	0
snapshot_11_30_2015_12_0.json	1448902800.0	0	0	0
