9231509	2015-11-21T17:00:00Z	Virginia Tech Hokies	Lane Stadium	Virginia Richmond|4425	24060
snapshot_11_16_2015_0_0.json	1447650000.0	79.72	999	1282
snapshot_11_17_2015_0_0.json	1447736400.0	75.88	999	1271
snapshot_11_17_2015_12_0.json	1447779600.0	83.23	999	1190
snapshot_11_17_2015_18_0.json	1447801200.0	86.37	999	1146
snapshot_11_17_2015_6_0.json	1447758000.0	83.23	999	1204
snapshot_11_17_2015_6_0.json	1447758000.0	83.23	999	1204
snapshot_11_18_2015_0_0.json	1447822800.0	84.4	999	1092
snapshot_11_18_2015_12_0.json	1447866000.0	72.7	999	1002
snapshot_11_18_2015_18_0.json	1447887600.0	86.7	999	991
snapshot_11_19_2015_0_0.json	1447909200.0	80.84	999	931
snapshot_11_19_2015_12_0.json	1447952400.0	80.84	999	906
snapshot_11_19_2015_6_0.json	1447930800.0	80.84	1987.13	904
snapshot_11_20_2015_0_0.json	1447995600.0	74.83	999	753
snapshot_11_20_2015_12_0.json	1448038800.0	74.83	999	722
snapshot_11_21_2015_12_0.json	1448125200.0	79.81	999	298
snapshot_11_21_2015_18_0.json	1448146800.0	0	0	0
snapshot_11_22_2015_0_0.json	1448168400.0	0	0	0
snapshot_11_22_2015_12_0.json	1448211600.0	0	0	0
snapshot_11_22_2015_18_0.json	1448233200.0	0	0	0
snapshot_11_22_2015_6_0.json	1448190000.0	0	0	0
snapshot_11_23_2015_0_0.json	1448254800.0	0	0	0
snapshot_11_23_2015_12_0.json	1448298000.0	0	0	0
snapshot_11_23_2015_18_0.json	1448319600.0	0	0	0
snapshot_11_23_2015_6_0.json	1448276400.0	0	0	0
snapshot_12_3_2015_0_0.json	1449118800.0	0	0	0
snapshot_12_3_2015_0_0.json	1449118800.0	0	0	0
snapshot_12_3_2015_12_0.json	1449162000.0	0	0	0
snapshot_12_4_2015_0_0.json	1449205200.0	0	0	0
snapshot_12_4_2015_12_0.json	1449248400.0	0	0	0
snapshot_12_4_2015_6_0.json	1449226800.0	0	0	0
9231509	2015-11-21T17:00:00Z	Virginia Tech Hokies	Lane Stadium	Virginia Richmond|4425	24060
snapshot_11_16_2015_0_0.json	1447650000.0	79.72	999	1282
snapshot_11_17_2015_0_0.json	1447736400.0	75.88	999	1271
snapshot_11_17_2015_12_0.json	1447779600.0	83.23	999	1190
snapshot_11_17_2015_18_0.json	1447801200.0	86.37	999	1146
snapshot_11_17_2015_6_0.json	1447758000.0	83.23	999	1204
snapshot_11_17_2015_6_0.json	1447758000.0	83.23	999	1204
snapshot_11_18_2015_0_0.json	1447822800.0	84.4	999	1092
snapshot_11_18_2015_12_0.json	1447866000.0	72.7	999	1002
snapshot_11_18_2015_18_0.json	1447887600.0	86.7	999	991
snapshot_11_19_2015_0_0.json	1447909200.0	80.84	999	931
snapshot_11_19_2015_12_0.json	1447952400.0	80.84	999	906
snapshot_11_19_2015_6_0.json	1447930800.0	80.84	1987.13	904
snapshot_11_20_2015_0_0.json	1447995600.0	74.83	999	753
snapshot_11_20_2015_12_0.json	1448038800.0	74.83	999	722
snapshot_11_21_2015_12_0.json	1448125200.0	79.81	999	298
snapshot_11_21_2015_18_0.json	1448146800.0	0	0	0
snapshot_11_22_2015_0_0.json	1448168400.0	0	0	0
snapshot_11_22_2015_12_0.json	1448211600.0	0	0	0
snapshot_11_22_2015_18_0.json	1448233200.0	0	0	0
snapshot_11_22_2015_6_0.json	1448190000.0	0	0	0
snapshot_11_23_2015_0_0.json	1448254800.0	0	0	0
snapshot_11_23_2015_12_0.json	1448298000.0	0	0	0
snapshot_11_23_2015_18_0.json	1448319600.0	0	0	0
snapshot_11_23_2015_6_0.json	1448276400.0	0	0	0
snapshot_12_3_2015_0_0.json	1449118800.0	0	0	0
snapshot_12_3_2015_0_0.json	1449118800.0	0	0	0
snapshot_12_3_2015_12_0.json	1449162000.0	0	0	0
snapshot_12_4_2015_0_0.json	1449205200.0	0	0	0
snapshot_12_4_2015_12_0.json	1449248400.0	0	0	0
snapshot_12_4_2015_6_0.json	1449226800.0	0	0	0
9231509	2015-11-21T17:00:00Z	Virginia Tech Hokies	Lane Stadium	Virginia Richmond|4425	24060
snapshot_11_16_2015_0_0.json	1447650000.0	79.72	999	1282
snapshot_11_17_2015_0_0.json	1447736400.0	75.88	999	1271
snapshot_11_17_2015_12_0.json	1447779600.0	83.23	999	1190
snapshot_11_17_2015_18_0.json	1447801200.0	86.37	999	1146
snapshot_11_17_2015_6_0.json	1447758000.0	83.23	999	1204
snapshot_11_17_2015_6_0.json	1447758000.0	83.23	999	1204
snapshot_11_18_2015_0_0.json	1447822800.0	84.4	999	1092
snapshot_11_18_2015_12_0.json	1447866000.0	72.7	999	1002
snapshot_11_18_2015_18_0.json	1447887600.0	86.7	999	991
snapshot_11_19_2015_0_0.json	1447909200.0	80.84	999	931
snapshot_11_19_2015_12_0.json	1447952400.0	80.84	999	906
snapshot_11_19_2015_6_0.json	1447930800.0	80.84	1987.13	904
snapshot_11_20_2015_0_0.json	1447995600.0	74.83	999	753
snapshot_11_20_2015_12_0.json	1448038800.0	74.83	999	722
snapshot_11_21_2015_12_0.json	1448125200.0	79.81	999	298
snapshot_11_21_2015_18_0.json	1448146800.0	0	0	0
snapshot_11_22_2015_0_0.json	1448168400.0	0	0	0
snapshot_11_22_2015_12_0.json	1448211600.0	0	0	0
snapshot_11_22_2015_18_0.json	1448233200.0	0	0	0
snapshot_11_22_2015_6_0.json	1448190000.0	0	0	0
snapshot_11_23_2015_0_0.json	1448254800.0	0	0	0
snapshot_11_23_2015_12_0.json	1448298000.0	0	0	0
snapshot_11_23_2015_18_0.json	1448319600.0	0	0	0
snapshot_11_23_2015_6_0.json	1448276400.0	0	0	0
snapshot_12_3_2015_0_0.json	1449118800.0	0	0	0
snapshot_12_3_2015_0_0.json	1449118800.0	0	0	0
snapshot_12_3_2015_12_0.json	1449162000.0	0	0	0
snapshot_12_4_2015_0_0.json	1449205200.0	0	0	0
snapshot_12_4_2015_12_0.json	1449248400.0	0	0	0
snapshot_12_4_2015_6_0.json	1449226800.0	0	0	0
9231509	2015-11-21T17:00:00Z	Virginia Tech Hokies	Lane Stadium	Virginia Richmond|4425	24060
snapshot_11_16_2015_0_0.json	1447650000.0	79.72	999	1282
snapshot_11_17_2015_0_0.json	1447736400.0	75.88	999	1271
snapshot_11_17_2015_12_0.json	1447779600.0	83.23	999	1190
snapshot_11_17_2015_18_0.json	1447801200.0	86.37	999	1146
snapshot_11_17_2015_6_0.json	1447758000.0	83.23	999	1204
snapshot_11_17_2015_6_0.json	1447758000.0	83.23	999	1204
snapshot_11_18_2015_0_0.json	1447822800.0	84.4	999	1092
snapshot_11_18_2015_12_0.json	1447866000.0	72.7	999	1002
snapshot_11_18_2015_18_0.json	1447887600.0	86.7	999	991
snapshot_11_19_2015_0_0.json	1447909200.0	80.84	999	931
snapshot_11_19_2015_12_0.json	1447952400.0	80.84	999	906
snapshot_11_19_2015_6_0.json	1447930800.0	80.84	1987.13	904
snapshot_11_20_2015_0_0.json	1447995600.0	74.83	999	753
snapshot_11_20_2015_12_0.json	1448038800.0	74.83	999	722
snapshot_11_21_2015_12_0.json	1448125200.0	79.81	999	298
snapshot_11_21_2015_18_0.json	1448146800.0	0	0	0
snapshot_11_22_2015_0_0.json	1448168400.0	0	0	0
snapshot_11_22_2015_12_0.json	1448211600.0	0	0	0
snapshot_11_22_2015_18_0.json	1448233200.0	0	0	0
snapshot_11_22_2015_6_0.json	1448190000.0	0	0	0
snapshot_11_23_2015_0_0.json	1448254800.0	0	0	0
snapshot_11_23_2015_12_0.json	1448298000.0	0	0	0
snapshot_11_23_2015_18_0.json	1448319600.0	0	0	0
snapshot_11_23_2015_6_0.json	1448276400.0	0	0	0
snapshot_12_3_2015_0_0.json	1449118800.0	0	0	0
snapshot_12_3_2015_0_0.json	1449118800.0	0	0	0
snapshot_12_3_2015_12_0.json	1449162000.0	0	0	0
snapshot_12_4_2015_0_0.json	1449205200.0	0	0	0
snapshot_12_4_2015_12_0.json	1449248400.0	0	0	0
snapshot_12_4_2015_6_0.json	1449226800.0	0	0	0
