9231678	2015-11-28T18:00:00Z	Georgia Tech Yellow Jackets	Bobby Dodd Stadium	Georgia Atlanta|670	30332
snapshot_11_16_2015_0_0.json	1447650000.0	101.95	851.92	1900
snapshot_11_17_2015_0_0.json	1447736400.0	101.95	5000	1874
snapshot_11_17_2015_18_0.json	1447801200.0	90.25	851.92	1832
snapshot_11_18_2015_0_0.json	1447822800.0	98.44	851.92	1797
snapshot_11_18_2015_12_0.json	1447866000.0	106.5	851.92	1779
snapshot_11_18_2015_18_0.json	1447887600.0	106.5	851.92	1788
snapshot_11_18_2015_6_0.json	1447844400.0	106.5	851.92	1775
snapshot_11_18_2015_6_0.json	1447844400.0	106.5	851.92	1775
snapshot_11_19_2015_0_0.json	1447909200.0	106.5	851.92	1782
snapshot_11_19_2015_12_0.json	1447952400.0	106.5	851.92	1770
snapshot_11_19_2015_6_0.json	1447930800.0	106.5	851.92	1781
snapshot_11_20_2015_0_0.json	1447995600.0	105.46	851.92	1808
snapshot_11_20_2015_12_0.json	1448038800.0	105.46	851.92	1787
snapshot_11_21_2015_12_0.json	1448125200.0	104.29	851.92	1696
snapshot_11_21_2015_18_0.json	1448146800.0	90.25	851.92	1672
snapshot_11_22_2015_0_0.json	1448168400.0	90.25	1000	1675
snapshot_11_22_2015_12_0.json	1448211600.0	61.45	1000	1655
snapshot_11_22_2015_18_0.json	1448233200.0	93.76	1000	1616
snapshot_11_22_2015_6_0.json	1448190000.0	61.45	1000	1657
snapshot_11_23_2015_0_0.json	1448254800.0	84.4	1000	1559
snapshot_11_23_2015_12_0.json	1448298000.0	96.1	1000	1513
snapshot_11_23_2015_18_0.json	1448319600.0	84.4	1000	1437
snapshot_11_23_2015_6_0.json	1448276400.0	96.1	1000	1512
snapshot_11_24_2015_0_0.json	1448341200.0	90.25	1000	1340
snapshot_11_24_2015_12_0.json	1448384400.0	101.95	1000	1261
snapshot_11_24_2015_18_0.json	1448406000.0	104.29	1000	1198
snapshot_11_24_2015_6_0.json	1448362800.0	101.95	1000	1275
snapshot_11_25_2015_0_0.json	1448427600.0	94.93	1000	1105
snapshot_11_25_2015_12_0.json	1448470800.0	90.25	1000	1013
snapshot_11_25_2015_18_0.json	1448492400.0	101.95	800	858
snapshot_11_25_2015_6_0.json	1448449200.0	94.93	1000	1015
snapshot_11_26_2015_0_0.json	1448514000.0	94.01	800	868
snapshot_11_27_2015_18_0.json	1448665200.0	118.33	500	351
snapshot_11_28_2015_0_0.json	1448686800.0	118.86	500	246
snapshot_11_28_2015_12_0.json	1448730000.0	117.15	500	157
snapshot_11_28_2015_18_0.json	1448751600.0	0	0	0
snapshot_11_28_2015_6_0.json	1448708400.0	101.95	500	175
snapshot_11_29_2015_0_0.json	1448773200.0	0	0	0
snapshot_11_29_2015_12_0.json	1448816400.0	0	0	0
snapshot_11_29_2015_18_0.json	1448838000.0	0	0	0
snapshot_11_29_2015_6_0.json	1448794800.0	0	0	0
snapshot_11_30_2015_0_0.json	1448859600.0	0	0	0
snapshot_11_30_2015_12_0.json	1448902800.0	0	0	0
snapshot_11_30_2015_6_0.json	1448881200.0	0	0	0
snapshot_12_3_2015_0_0.json	1449118800.0	0	0	0
snapshot_12_3_2015_0_0.json	1449118800.0	0	0	0
snapshot_12_3_2015_12_0.json	1449162000.0	0	0	0
snapshot_12_5_2015_0_0.json	1449291600.0	0	0	0
snapshot_12_5_2015_12_0.json	1449334800.0	0	0	0
9231678	2015-11-28T18:00:00Z	Georgia Tech Yellow Jackets	Bobby Dodd Stadium	Georgia Atlanta|670	30332
snapshot_11_16_2015_0_0.json	1447650000.0	101.95	851.92	1900
snapshot_11_17_2015_0_0.json	1447736400.0	101.95	5000	1874
snapshot_11_17_2015_18_0.json	1447801200.0	90.25	851.92	1832
snapshot_11_18_2015_0_0.json	1447822800.0	98.44	851.92	1797
snapshot_11_18_2015_12_0.json	1447866000.0	106.5	851.92	1779
snapshot_11_18_2015_18_0.json	1447887600.0	106.5	851.92	1788
snapshot_11_18_2015_6_0.json	1447844400.0	106.5	851.92	1775
snapshot_11_18_2015_6_0.json	1447844400.0	106.5	851.92	1775
snapshot_11_19_2015_0_0.json	1447909200.0	106.5	851.92	1782
snapshot_11_19_2015_12_0.json	1447952400.0	106.5	851.92	1770
snapshot_11_19_2015_6_0.json	1447930800.0	106.5	851.92	1781
snapshot_11_20_2015_0_0.json	1447995600.0	105.46	851.92	1808
snapshot_11_20_2015_12_0.json	1448038800.0	105.46	851.92	1787
snapshot_11_21_2015_12_0.json	1448125200.0	104.29	851.92	1696
snapshot_11_21_2015_18_0.json	1448146800.0	90.25	851.92	1672
snapshot_11_22_2015_0_0.json	1448168400.0	90.25	1000	1675
snapshot_11_22_2015_12_0.json	1448211600.0	61.45	1000	1655
snapshot_11_22_2015_18_0.json	1448233200.0	93.76	1000	1616
snapshot_11_22_2015_6_0.json	1448190000.0	61.45	1000	1657
snapshot_11_23_2015_0_0.json	1448254800.0	84.4	1000	1559
snapshot_11_23_2015_12_0.json	1448298000.0	96.1	1000	1513
snapshot_11_23_2015_18_0.json	1448319600.0	84.4	1000	1437
snapshot_11_23_2015_6_0.json	1448276400.0	96.1	1000	1512
snapshot_11_24_2015_0_0.json	1448341200.0	90.25	1000	1340
snapshot_11_24_2015_12_0.json	1448384400.0	101.95	1000	1261
snapshot_11_24_2015_18_0.json	1448406000.0	104.29	1000	1198
snapshot_11_24_2015_6_0.json	1448362800.0	101.95	1000	1275
snapshot_11_25_2015_0_0.json	1448427600.0	94.93	1000	1105
snapshot_11_25_2015_12_0.json	1448470800.0	90.25	1000	1013
snapshot_11_25_2015_18_0.json	1448492400.0	101.95	800	858
snapshot_11_25_2015_6_0.json	1448449200.0	94.93	1000	1015
snapshot_11_26_2015_0_0.json	1448514000.0	94.01	800	868
snapshot_11_27_2015_18_0.json	1448665200.0	118.33	500	351
snapshot_11_28_2015_0_0.json	1448686800.0	118.86	500	246
snapshot_11_28_2015_12_0.json	1448730000.0	117.15	500	157
snapshot_11_28_2015_18_0.json	1448751600.0	0	0	0
snapshot_11_28_2015_6_0.json	1448708400.0	101.95	500	175
snapshot_11_29_2015_0_0.json	1448773200.0	0	0	0
snapshot_11_29_2015_12_0.json	1448816400.0	0	0	0
snapshot_11_29_2015_18_0.json	1448838000.0	0	0	0
snapshot_11_29_2015_6_0.json	1448794800.0	0	0	0
snapshot_11_30_2015_0_0.json	1448859600.0	0	0	0
snapshot_11_30_2015_12_0.json	1448902800.0	0	0	0
snapshot_11_30_2015_6_0.json	1448881200.0	0	0	0
snapshot_12_3_2015_0_0.json	1449118800.0	0	0	0
snapshot_12_3_2015_0_0.json	1449118800.0	0	0	0
snapshot_12_3_2015_12_0.json	1449162000.0	0	0	0
snapshot_12_5_2015_0_0.json	1449291600.0	0	0	0
snapshot_12_5_2015_12_0.json	1449334800.0	0	0	0
9231678	2015-11-28T18:00:00Z	Georgia Tech Yellow Jackets	Bobby Dodd Stadium	Georgia Atlanta|670	30332
snapshot_11_16_2015_0_0.json	1447650000.0	101.95	851.92	1900
snapshot_11_17_2015_0_0.json	1447736400.0	101.95	5000	1874
snapshot_11_17_2015_18_0.json	1447801200.0	90.25	851.92	1832
snapshot_11_18_2015_0_0.json	1447822800.0	98.44	851.92	1797
snapshot_11_18_2015_12_0.json	1447866000.0	106.5	851.92	1779
snapshot_11_18_2015_18_0.json	1447887600.0	106.5	851.92	1788
snapshot_11_18_2015_6_0.json	1447844400.0	106.5	851.92	1775
snapshot_11_18_2015_6_0.json	1447844400.0	106.5	851.92	1775
snapshot_11_19_2015_0_0.json	1447909200.0	106.5	851.92	1782
snapshot_11_19_2015_12_0.json	1447952400.0	106.5	851.92	1770
snapshot_11_19_2015_6_0.json	1447930800.0	106.5	851.92	1781
snapshot_11_20_2015_0_0.json	1447995600.0	105.46	851.92	1808
snapshot_11_20_2015_12_0.json	1448038800.0	105.46	851.92	1787
snapshot_11_21_2015_12_0.json	1448125200.0	104.29	851.92	1696
snapshot_11_21_2015_18_0.json	1448146800.0	90.25	851.92	1672
snapshot_11_22_2015_0_0.json	1448168400.0	90.25	1000	1675
snapshot_11_22_2015_12_0.json	1448211600.0	61.45	1000	1655
snapshot_11_22_2015_18_0.json	1448233200.0	93.76	1000	1616
snapshot_11_22_2015_6_0.json	1448190000.0	61.45	1000	1657
snapshot_11_23_2015_0_0.json	1448254800.0	84.4	1000	1559
snapshot_11_23_2015_12_0.json	1448298000.0	96.1	1000	1513
snapshot_11_23_2015_18_0.json	1448319600.0	84.4	1000	1437
snapshot_11_23_2015_6_0.json	1448276400.0	96.1	1000	1512
snapshot_11_24_2015_0_0.json	1448341200.0	90.25	1000	1340
snapshot_11_24_2015_12_0.json	1448384400.0	101.95	1000	1261
snapshot_11_24_2015_18_0.json	1448406000.0	104.29	1000	1198
snapshot_11_24_2015_6_0.json	1448362800.0	101.95	1000	1275
snapshot_11_25_2015_0_0.json	1448427600.0	94.93	1000	1105
snapshot_11_25_2015_12_0.json	1448470800.0	90.25	1000	1013
snapshot_11_25_2015_18_0.json	1448492400.0	101.95	800	858
snapshot_11_25_2015_6_0.json	1448449200.0	94.93	1000	1015
snapshot_11_26_2015_0_0.json	1448514000.0	94.01	800	868
snapshot_11_27_2015_18_0.json	1448665200.0	118.33	500	351
snapshot_11_28_2015_0_0.json	1448686800.0	118.86	500	246
snapshot_11_28_2015_12_0.json	1448730000.0	117.15	500	157
snapshot_11_28_2015_18_0.json	1448751600.0	0	0	0
snapshot_11_28_2015_6_0.json	1448708400.0	101.95	500	175
snapshot_11_29_2015_0_0.json	1448773200.0	0	0	0
snapshot_11_29_2015_12_0.json	1448816400.0	0	0	0
snapshot_11_29_2015_18_0.json	1448838000.0	0	0	0
snapshot_11_29_2015_6_0.json	1448794800.0	0	0	0
snapshot_11_30_2015_0_0.json	1448859600.0	0	0	0
snapshot_11_30_2015_12_0.json	1448902800.0	0	0	0
snapshot_11_30_2015_6_0.json	1448881200.0	0	0	0
snapshot_12_3_2015_0_0.json	1449118800.0	0	0	0
snapshot_12_3_2015_0_0.json	1449118800.0	0	0	0
snapshot_12_3_2015_12_0.json	1449162000.0	0	0	0
snapshot_12_5_2015_0_0.json	1449291600.0	0	0	0
snapshot_12_5_2015_12_0.json	1449334800.0	0	0	0
9231678	2015-11-28T18:00:00Z	Georgia Tech Yellow Jackets	Bobby Dodd Stadium	Georgia Atlanta|670	30332
snapshot_11_16_2015_0_0.json	1447650000.0	101.95	851.92	1900
snapshot_11_17_2015_0_0.json	1447736400.0	101.95	5000	1874
snapshot_11_17_2015_18_0.json	1447801200.0	90.25	851.92	1832
snapshot_11_18_2015_0_0.json	1447822800.0	98.44	851.92	1797
snapshot_11_18_2015_12_0.json	1447866000.0	106.5	851.92	1779
snapshot_11_18_2015_18_0.json	1447887600.0	106.5	851.92	1788
snapshot_11_18_2015_6_0.json	1447844400.0	106.5	851.92	1775
snapshot_11_18_2015_6_0.json	1447844400.0	106.5	851.92	1775
snapshot_11_19_2015_0_0.json	1447909200.0	106.5	851.92	1782
snapshot_11_19_2015_12_0.json	1447952400.0	106.5	851.92	1770
snapshot_11_19_2015_6_0.json	1447930800.0	106.5	851.92	1781
snapshot_11_20_2015_0_0.json	1447995600.0	105.46	851.92	1808
snapshot_11_20_2015_12_0.json	1448038800.0	105.46	851.92	1787
snapshot_11_21_2015_12_0.json	1448125200.0	104.29	851.92	1696
snapshot_11_21_2015_18_0.json	1448146800.0	90.25	851.92	1672
snapshot_11_22_2015_0_0.json	1448168400.0	90.25	1000	1675
snapshot_11_22_2015_12_0.json	1448211600.0	61.45	1000	1655
snapshot_11_22_2015_18_0.json	1448233200.0	93.76	1000	1616
snapshot_11_22_2015_6_0.json	1448190000.0	61.45	1000	1657
snapshot_11_23_2015_0_0.json	1448254800.0	84.4	1000	1559
snapshot_11_23_2015_12_0.json	1448298000.0	96.1	1000	1513
snapshot_11_23_2015_18_0.json	1448319600.0	84.4	1000	1437
snapshot_11_23_2015_6_0.json	1448276400.0	96.1	1000	1512
snapshot_11_24_2015_0_0.json	1448341200.0	90.25	1000	1340
snapshot_11_24_2015_12_0.json	1448384400.0	101.95	1000	1261
snapshot_11_24_2015_18_0.json	1448406000.0	104.29	1000	1198
snapshot_11_24_2015_6_0.json	1448362800.0	101.95	1000	1275
snapshot_11_25_2015_0_0.json	1448427600.0	94.93	1000	1105
snapshot_11_25_2015_12_0.json	1448470800.0	90.25	1000	1013
snapshot_11_25_2015_18_0.json	1448492400.0	101.95	800	858
snapshot_11_25_2015_6_0.json	1448449200.0	94.93	1000	1015
snapshot_11_26_2015_0_0.json	1448514000.0	94.01	800	868
snapshot_11_27_2015_18_0.json	1448665200.0	118.33	500	351
snapshot_11_28_2015_0_0.json	1448686800.0	118.86	500	246
snapshot_11_28_2015_12_0.json	1448730000.0	117.15	500	157
snapshot_11_28_2015_18_0.json	1448751600.0	0	0	0
snapshot_11_28_2015_6_0.json	1448708400.0	101.95	500	175
snapshot_11_29_2015_0_0.json	1448773200.0	0	0	0
snapshot_11_29_2015_12_0.json	1448816400.0	0	0	0
snapshot_11_29_2015_18_0.json	1448838000.0	0	0	0
snapshot_11_29_2015_6_0.json	1448794800.0	0	0	0
snapshot_11_30_2015_0_0.json	1448859600.0	0	0	0
snapshot_11_30_2015_12_0.json	1448902800.0	0	0	0
snapshot_11_30_2015_6_0.json	1448881200.0	0	0	0
snapshot_12_3_2015_0_0.json	1449118800.0	0	0	0
snapshot_12_3_2015_0_0.json	1449118800.0	0	0	0
snapshot_12_3_2015_12_0.json	1449162000.0	0	0	0
snapshot_12_5_2015_0_0.json	1449291600.0	0	0	0
snapshot_12_5_2015_12_0.json	1449334800.0	0	0	0
