9231539	2015-11-21T20:30:00Z	Clemson Tigers	Clemson Memorial Stadium	South Carolina Columbia, SC|5630	29634
snapshot_11_16_2015_0_0.json	1447650000.0	72.7	498	630
snapshot_11_17_2015_0_0.json	1447736400.0	78.55	900	645
snapshot_11_17_2015_12_0.json	1447779600.0	78.55	498	666
snapshot_11_17_2015_18_0.json	1447801200.0	78.54	498	629
snapshot_11_17_2015_6_0.json	1447758000.0	78.55	498	662
snapshot_11_17_2015_6_0.json	1447758000.0	78.55	498	662
snapshot_11_18_2015_0_0.json	1447822800.0	78.54	498	609
snapshot_11_18_2015_12_0.json	1447866000.0	78.55	498	590
snapshot_11_18_2015_18_0.json	1447887600.0	78.55	498	564
snapshot_11_18_2015_6_0.json	1447844400.0	78.55	498	586
snapshot_11_19_2015_0_0.json	1447909200.0	72.7	425	512
snapshot_11_19_2015_12_0.json	1447952400.0	83.22	425	553
snapshot_11_19_2015_6_0.json	1447930800.0	68.61	425	556
snapshot_11_20_2015_0_0.json	1447995600.0	82.47	420	507
snapshot_11_20_2015_12_0.json	1448038800.0	73.87	420	484
snapshot_11_21_2015_12_0.json	1448125200.0	87.58	419	272
snapshot_11_21_2015_18_0.json	1448146800.0	66.85	375	156
snapshot_11_22_2015_0_0.json	1448168400.0	0	0	0
snapshot_11_22_2015_12_0.json	1448211600.0	0	0	0
snapshot_11_22_2015_18_0.json	1448233200.0	0	0	0
snapshot_11_22_2015_6_0.json	1448190000.0	0	0	0
snapshot_11_23_2015_0_0.json	1448254800.0	0	0	0
snapshot_11_23_2015_12_0.json	1448298000.0	0	0	0
snapshot_11_23_2015_18_0.json	1448319600.0	0	0	0
snapshot_11_23_2015_6_0.json	1448276400.0	0	0	0
snapshot_12_3_2015_0_0.json	1449118800.0	0	0	0
snapshot_12_3_2015_0_0.json	1449118800.0	0	0	0
snapshot_12_3_2015_12_0.json	1449162000.0	0	0	0
snapshot_12_3_2015_12_0.json	1449162000.0	0	0	0
snapshot_12_3_2015_6_0.json	1449140400.0	0	0	0
9231539	2015-11-21T20:30:00Z	Clemson Tigers	Clemson Memorial Stadium	South Carolina Columbia, SC|5630	29634
snapshot_11_16_2015_0_0.json	1447650000.0	72.7	498	630
snapshot_11_17_2015_0_0.json	1447736400.0	78.55	900	645
snapshot_11_17_2015_12_0.json	1447779600.0	78.55	498	666
snapshot_11_17_2015_18_0.json	1447801200.0	78.54	498	629
snapshot_11_17_2015_6_0.json	1447758000.0	78.55	498	662
snapshot_11_17_2015_6_0.json	1447758000.0	78.55	498	662
snapshot_11_18_2015_0_0.json	1447822800.0	78.54	498	609
snapshot_11_18_2015_12_0.json	1447866000.0	78.55	498	590
snapshot_11_18_2015_18_0.json	1447887600.0	78.55	498	564
snapshot_11_18_2015_6_0.json	1447844400.0	78.55	498	586
snapshot_11_19_2015_0_0.json	1447909200.0	72.7	425	512
snapshot_11_19_2015_12_0.json	1447952400.0	83.22	425	553
snapshot_11_19_2015_6_0.json	1447930800.0	68.61	425	556
snapshot_11_20_2015_0_0.json	1447995600.0	82.47	420	507
snapshot_11_20_2015_12_0.json	1448038800.0	73.87	420	484
snapshot_11_21_2015_12_0.json	1448125200.0	87.58	419	272
snapshot_11_21_2015_18_0.json	1448146800.0	66.85	375	156
snapshot_11_22_2015_0_0.json	1448168400.0	0	0	0
snapshot_11_22_2015_12_0.json	1448211600.0	0	0	0
snapshot_11_22_2015_18_0.json	1448233200.0	0	0	0
snapshot_11_22_2015_6_0.json	1448190000.0	0	0	0
snapshot_11_23_2015_0_0.json	1448254800.0	0	0	0
snapshot_11_23_2015_12_0.json	1448298000.0	0	0	0
snapshot_11_23_2015_18_0.json	1448319600.0	0	0	0
snapshot_11_23_2015_6_0.json	1448276400.0	0	0	0
snapshot_12_3_2015_0_0.json	1449118800.0	0	0	0
snapshot_12_3_2015_0_0.json	1449118800.0	0	0	0
snapshot_12_3_2015_12_0.json	1449162000.0	0	0	0
snapshot_12_3_2015_12_0.json	1449162000.0	0	0	0
snapshot_12_3_2015_6_0.json	1449140400.0	0	0	0
9231539	2015-11-21T20:30:00Z	Clemson Tigers	Clemson Memorial Stadium	South Carolina Columbia, SC|5630	29634
snapshot_11_16_2015_0_0.json	1447650000.0	72.7	498	630
snapshot_11_17_2015_0_0.json	1447736400.0	78.55	900	645
snapshot_11_17_2015_12_0.json	1447779600.0	78.55	498	666
snapshot_11_17_2015_18_0.json	1447801200.0	78.54	498	629
snapshot_11_17_2015_6_0.json	1447758000.0	78.55	498	662
snapshot_11_17_2015_6_0.json	1447758000.0	78.55	498	662
snapshot_11_18_2015_0_0.json	1447822800.0	78.54	498	609
snapshot_11_18_2015_12_0.json	1447866000.0	78.55	498	590
snapshot_11_18_2015_18_0.json	1447887600.0	78.55	498	564
snapshot_11_18_2015_6_0.json	1447844400.0	78.55	498	586
snapshot_11_19_2015_0_0.json	1447909200.0	72.7	425	512
snapshot_11_19_2015_12_0.json	1447952400.0	83.22	425	553
snapshot_11_19_2015_6_0.json	1447930800.0	68.61	425	556
snapshot_11_20_2015_0_0.json	1447995600.0	82.47	420	507
snapshot_11_20_2015_12_0.json	1448038800.0	73.87	420	484
snapshot_11_21_2015_12_0.json	1448125200.0	87.58	419	272
snapshot_11_21_2015_18_0.json	1448146800.0	66.85	375	156
snapshot_11_22_2015_0_0.json	1448168400.0	0	0	0
snapshot_11_22_2015_12_0.json	1448211600.0	0	0	0
snapshot_11_22_2015_18_0.json	1448233200.0	0	0	0
snapshot_11_22_2015_6_0.json	1448190000.0	0	0	0
snapshot_11_23_2015_0_0.json	1448254800.0	0	0	0
snapshot_11_23_2015_12_0.json	1448298000.0	0	0	0
snapshot_11_23_2015_18_0.json	1448319600.0	0	0	0
snapshot_11_23_2015_6_0.json	1448276400.0	0	0	0
snapshot_12_3_2015_0_0.json	1449118800.0	0	0	0
snapshot_12_3_2015_0_0.json	1449118800.0	0	0	0
snapshot_12_3_2015_12_0.json	1449162000.0	0	0	0
snapshot_12_3_2015_12_0.json	1449162000.0	0	0	0
snapshot_12_3_2015_6_0.json	1449140400.0	0	0	0
9231539	2015-11-21T20:30:00Z	Clemson Tigers	Clemson Memorial Stadium	South Carolina Columbia, SC|5630	29634
snapshot_11_16_2015_0_0.json	1447650000.0	72.7	498	630
snapshot_11_17_2015_0_0.json	1447736400.0	78.55	900	645
snapshot_11_17_2015_12_0.json	1447779600.0	78.55	498	666
snapshot_11_17_2015_18_0.json	1447801200.0	78.54	498	629
snapshot_11_17_2015_6_0.json	1447758000.0	78.55	498	662
snapshot_11_17_2015_6_0.json	1447758000.0	78.55	498	662
snapshot_11_18_2015_0_0.json	1447822800.0	78.54	498	609
snapshot_11_18_2015_12_0.json	1447866000.0	78.55	498	590
snapshot_11_18_2015_18_0.json	1447887600.0	78.55	498	564
snapshot_11_18_2015_6_0.json	1447844400.0	78.55	498	586
snapshot_11_19_2015_0_0.json	1447909200.0	72.7	425	512
snapshot_11_19_2015_12_0.json	1447952400.0	83.22	425	553
snapshot_11_19_2015_6_0.json	1447930800.0	68.61	425	556
snapshot_11_20_2015_0_0.json	1447995600.0	82.47	420	507
snapshot_11_20_2015_12_0.json	1448038800.0	73.87	420	484
snapshot_11_21_2015_12_0.json	1448125200.0	87.58	419	272
snapshot_11_21_2015_18_0.json	1448146800.0	66.85	375	156
snapshot_11_22_2015_0_0.json	1448168400.0	0	0	0
snapshot_11_22_2015_12_0.json	1448211600.0	0	0	0
snapshot_11_22_2015_18_0.json	1448233200.0	0	0	0
snapshot_11_22_2015_6_0.json	1448190000.0	0	0	0
snapshot_11_23_2015_0_0.json	1448254800.0	0	0	0
snapshot_11_23_2015_12_0.json	1448298000.0	0	0	0
snapshot_11_23_2015_18_0.json	1448319600.0	0	0	0
snapshot_11_23_2015_6_0.json	1448276400.0	0	0	0
snapshot_12_3_2015_0_0.json	1449118800.0	0	0	0
snapshot_12_3_2015_0_0.json	1449118800.0	0	0	0
snapshot_12_3_2015_12_0.json	1449162000.0	0	0	0
snapshot_12_3_2015_12_0.json	1449162000.0	0	0	0
snapshot_12_3_2015_6_0.json	1449140400.0	0	0	0
