9231865	2016-01-09T19:30:00Z	Disney On Ice Frozen	Thomas and Mack Center	Nevada Las Vegas|689	89147
snapshot_11_17_2015_0_0.json	1447736400.0	64.5	196	682
snapshot_11_17_2015_12_0.json	1447779600.0	64.5	196	682
snapshot_11_17_2015_18_0.json	1447801200.0	64.5	196	682
snapshot_11_17_2015_6_0.json	1447758000.0	64.5	196	682
snapshot_11_18_2015_0_0.json	1447822800.0	64.5	196	682
snapshot_11_18_2015_12_0.json	1447866000.0	64.5	196	679
snapshot_11_18_2015_12_0.json	1447866000.0	64.5	196	679
snapshot_11_19_2015_0_0.json	1447909200.0	64.5	196	679
snapshot_11_19_2015_12_0.json	1447952400.0	64.5	196	679
snapshot_11_19_2015_12_0.json	1447952400.0	64.5	196	679
snapshot_11_20_2015_0_0.json	1447995600.0	64.5	196	751
snapshot_11_21_2015_18_0.json	1448146800.0	64.5	196	745
snapshot_11_22_2015_0_0.json	1448168400.0	64.5	196	745
snapshot_11_22_2015_18_0.json	1448233200.0	64.5	196	743
snapshot_11_23_2015_0_0.json	1448254800.0	64.5	196	743
snapshot_11_23_2015_18_0.json	1448319600.0	64.5	196	740
snapshot_11_23_2015_18_0.json	1448319600.0	64.5	196	740
snapshot_11_23_2015_6_0.json	1448276400.0	64.5	196	740
snapshot_11_23_2015_6_0.json	1448276400.0	64.5	196	740
snapshot_11_24_2015_18_0.json	1448406000.0	64.5	196	772
snapshot_11_25_2015_12_0.json	1448470800.0	64.5	196	772
snapshot_11_25_2015_18_0.json	1448492400.0	64.5	196	772
snapshot_11_27_2015_18_0.json	1448665200.0	64.5	196	772
snapshot_11_28_2015_0_0.json	1448686800.0	64.5	196	772
snapshot_11_28_2015_12_0.json	1448730000.0	64.5	225	775
snapshot_11_28_2015_6_0.json	1448708400.0	64.5	225	775
snapshot_11_28_2015_6_0.json	1448708400.0	64.5	225	775
snapshot_11_29_2015_0_0.json	1448773200.0	64.45	225	775
snapshot_11_29_2015_0_0.json	1448773200.0	64.45	225	775
snapshot_11_29_2015_18_0.json	1448838000.0	64.45	225	775
snapshot_11_29_2015_6_0.json	1448794800.0	64.45	225	775
snapshot_11_30_2015_0_0.json	1448859600.0	64.45	225	775
snapshot_11_30_2015_0_0.json	1448859600.0	64.45	225	775
snapshot_11_30_2015_12_0.json	1448902800.0	63.75	225	773
snapshot_11_30_2015_18_0.json	1448924400.0	63.75	225	771
snapshot_12_1_2015_0_0.json	1448946000.0	63.75	196	765
snapshot_12_1_2015_18_0.json	1449010800.0	63.75	196	763
snapshot_12_2_2015_12_0.json	1449075600.0	63.75	196	763
snapshot_12_2_2015_18_0.json	1449097200.0	63.75	196	763
snapshot_12_2_2015_6_0.json	1449054000.0	63.75	196	763
snapshot_12_3_2015_12_0.json	1449162000.0	63.75	196	763
snapshot_12_3_2015_18_0.json	1449183600.0	63.75	196	763
snapshot_12_3_2015_18_0.json	1449183600.0	63.75	196	763
snapshot_12_3_2015_6_0.json	1449140400.0	63.75	196	763
snapshot_12_4_2015_0_0.json	1449205200.0	63.75	196	758
snapshot_12_4_2015_0_0.json	1449205200.0	63.75	196	758
snapshot_12_4_2015_12_0.json	1449248400.0	63.75	196	758
snapshot_12_4_2015_18_0.json	1449270000.0	63.75	196	758
snapshot_12_4_2015_6_0.json	1449226800.0	63.75	196	758
snapshot_12_5_2015_0_0.json	1449291600.0	63.75	196	758
snapshot_12_5_2015_12_0.json	1449334800.0	63.75	196	754
snapshot_12_5_2015_12_0.json	1449334800.0	63.75	196	754
snapshot_12_5_2015_18_0.json	1449356400.0	63.75	196	754
snapshot_12_5_2015_18_0.json	1449356400.0	63.75	196	754
snapshot_12_5_2015_6_0.json	1449313200.0	63.75	196	758
snapshot_12_5_2015_6_0.json	1449313200.0	63.75	196	758
9231865	2016-01-09T19:30:00Z	Disney On Ice Frozen	Thomas and Mack Center	Nevada Las Vegas|689	89147
snapshot_11_17_2015_0_0.json	1447736400.0	64.5	196	682
snapshot_11_17_2015_12_0.json	1447779600.0	64.5	196	682
snapshot_11_17_2015_18_0.json	1447801200.0	64.5	196	682
snapshot_11_17_2015_6_0.json	1447758000.0	64.5	196	682
snapshot_11_18_2015_0_0.json	1447822800.0	64.5	196	682
snapshot_11_18_2015_12_0.json	1447866000.0	64.5	196	679
snapshot_11_18_2015_12_0.json	1447866000.0	64.5	196	679
snapshot_11_19_2015_0_0.json	1447909200.0	64.5	196	679
snapshot_11_19_2015_12_0.json	1447952400.0	64.5	196	679
snapshot_11_19_2015_12_0.json	1447952400.0	64.5	196	679
snapshot_11_20_2015_0_0.json	1447995600.0	64.5	196	751
snapshot_11_21_2015_18_0.json	1448146800.0	64.5	196	745
snapshot_11_22_2015_0_0.json	1448168400.0	64.5	196	745
snapshot_11_22_2015_18_0.json	1448233200.0	64.5	196	743
snapshot_11_23_2015_0_0.json	1448254800.0	64.5	196	743
snapshot_11_23_2015_18_0.json	1448319600.0	64.5	196	740
snapshot_11_23_2015_18_0.json	1448319600.0	64.5	196	740
snapshot_11_23_2015_6_0.json	1448276400.0	64.5	196	740
snapshot_11_23_2015_6_0.json	1448276400.0	64.5	196	740
snapshot_11_24_2015_18_0.json	1448406000.0	64.5	196	772
snapshot_11_25_2015_12_0.json	1448470800.0	64.5	196	772
snapshot_11_25_2015_18_0.json	1448492400.0	64.5	196	772
snapshot_11_27_2015_18_0.json	1448665200.0	64.5	196	772
snapshot_11_28_2015_0_0.json	1448686800.0	64.5	196	772
snapshot_11_28_2015_12_0.json	1448730000.0	64.5	225	775
snapshot_11_28_2015_6_0.json	1448708400.0	64.5	225	775
snapshot_11_28_2015_6_0.json	1448708400.0	64.5	225	775
snapshot_11_29_2015_0_0.json	1448773200.0	64.45	225	775
snapshot_11_29_2015_0_0.json	1448773200.0	64.45	225	775
snapshot_11_29_2015_18_0.json	1448838000.0	64.45	225	775
snapshot_11_29_2015_6_0.json	1448794800.0	64.45	225	775
snapshot_11_30_2015_0_0.json	1448859600.0	64.45	225	775
snapshot_11_30_2015_0_0.json	1448859600.0	64.45	225	775
snapshot_11_30_2015_12_0.json	1448902800.0	63.75	225	773
snapshot_11_30_2015_18_0.json	1448924400.0	63.75	225	771
snapshot_12_1_2015_0_0.json	1448946000.0	63.75	196	765
snapshot_12_1_2015_18_0.json	1449010800.0	63.75	196	763
snapshot_12_2_2015_12_0.json	1449075600.0	63.75	196	763
snapshot_12_2_2015_18_0.json	1449097200.0	63.75	196	763
snapshot_12_2_2015_6_0.json	1449054000.0	63.75	196	763
snapshot_12_3_2015_12_0.json	1449162000.0	63.75	196	763
snapshot_12_3_2015_18_0.json	1449183600.0	63.75	196	763
snapshot_12_3_2015_18_0.json	1449183600.0	63.75	196	763
snapshot_12_3_2015_6_0.json	1449140400.0	63.75	196	763
snapshot_12_4_2015_0_0.json	1449205200.0	63.75	196	758
snapshot_12_4_2015_0_0.json	1449205200.0	63.75	196	758
snapshot_12_4_2015_12_0.json	1449248400.0	63.75	196	758
snapshot_12_4_2015_18_0.json	1449270000.0	63.75	196	758
snapshot_12_4_2015_6_0.json	1449226800.0	63.75	196	758
snapshot_12_5_2015_0_0.json	1449291600.0	63.75	196	758
snapshot_12_5_2015_12_0.json	1449334800.0	63.75	196	754
snapshot_12_5_2015_12_0.json	1449334800.0	63.75	196	754
snapshot_12_5_2015_18_0.json	1449356400.0	63.75	196	754
snapshot_12_5_2015_18_0.json	1449356400.0	63.75	196	754
snapshot_12_5_2015_6_0.json	1449313200.0	63.75	196	758
snapshot_12_5_2015_6_0.json	1449313200.0	63.75	196	758
9231865	2016-01-09T19:30:00Z	Disney On Ice Frozen	Thomas and Mack Center	Nevada Las Vegas|689	89147
snapshot_11_17_2015_0_0.json	1447736400.0	64.5	196	682
snapshot_11_17_2015_12_0.json	1447779600.0	64.5	196	682
snapshot_11_17_2015_18_0.json	1447801200.0	64.5	196	682
snapshot_11_17_2015_6_0.json	1447758000.0	64.5	196	682
snapshot_11_18_2015_0_0.json	1447822800.0	64.5	196	682
snapshot_11_18_2015_12_0.json	1447866000.0	64.5	196	679
snapshot_11_18_2015_12_0.json	1447866000.0	64.5	196	679
snapshot_11_19_2015_0_0.json	1447909200.0	64.5	196	679
snapshot_11_19_2015_12_0.json	1447952400.0	64.5	196	679
snapshot_11_19_2015_12_0.json	1447952400.0	64.5	196	679
snapshot_11_20_2015_0_0.json	1447995600.0	64.5	196	751
snapshot_11_21_2015_18_0.json	1448146800.0	64.5	196	745
snapshot_11_22_2015_0_0.json	1448168400.0	64.5	196	745
snapshot_11_22_2015_18_0.json	1448233200.0	64.5	196	743
snapshot_11_23_2015_0_0.json	1448254800.0	64.5	196	743
snapshot_11_23_2015_18_0.json	1448319600.0	64.5	196	740
snapshot_11_23_2015_18_0.json	1448319600.0	64.5	196	740
snapshot_11_23_2015_6_0.json	1448276400.0	64.5	196	740
snapshot_11_23_2015_6_0.json	1448276400.0	64.5	196	740
snapshot_11_24_2015_18_0.json	1448406000.0	64.5	196	772
snapshot_11_25_2015_12_0.json	1448470800.0	64.5	196	772
snapshot_11_25_2015_18_0.json	1448492400.0	64.5	196	772
snapshot_11_27_2015_18_0.json	1448665200.0	64.5	196	772
snapshot_11_28_2015_0_0.json	1448686800.0	64.5	196	772
snapshot_11_28_2015_12_0.json	1448730000.0	64.5	225	775
snapshot_11_28_2015_6_0.json	1448708400.0	64.5	225	775
snapshot_11_28_2015_6_0.json	1448708400.0	64.5	225	775
snapshot_11_29_2015_0_0.json	1448773200.0	64.45	225	775
snapshot_11_29_2015_0_0.json	1448773200.0	64.45	225	775
snapshot_11_29_2015_18_0.json	1448838000.0	64.45	225	775
snapshot_11_29_2015_6_0.json	1448794800.0	64.45	225	775
snapshot_11_30_2015_0_0.json	1448859600.0	64.45	225	775
snapshot_11_30_2015_0_0.json	1448859600.0	64.45	225	775
snapshot_11_30_2015_12_0.json	1448902800.0	63.75	225	773
snapshot_11_30_2015_18_0.json	1448924400.0	63.75	225	771
snapshot_12_1_2015_0_0.json	1448946000.0	63.75	196	765
snapshot_12_1_2015_18_0.json	1449010800.0	63.75	196	763
snapshot_12_2_2015_12_0.json	1449075600.0	63.75	196	763
snapshot_12_2_2015_18_0.json	1449097200.0	63.75	196	763
snapshot_12_2_2015_6_0.json	1449054000.0	63.75	196	763
snapshot_12_3_2015_12_0.json	1449162000.0	63.75	196	763
snapshot_12_3_2015_18_0.json	1449183600.0	63.75	196	763
snapshot_12_3_2015_18_0.json	1449183600.0	63.75	196	763
snapshot_12_3_2015_6_0.json	1449140400.0	63.75	196	763
snapshot_12_4_2015_0_0.json	1449205200.0	63.75	196	758
snapshot_12_4_2015_0_0.json	1449205200.0	63.75	196	758
snapshot_12_4_2015_12_0.json	1449248400.0	63.75	196	758
snapshot_12_4_2015_18_0.json	1449270000.0	63.75	196	758
snapshot_12_4_2015_6_0.json	1449226800.0	63.75	196	758
snapshot_12_5_2015_0_0.json	1449291600.0	63.75	196	758
snapshot_12_5_2015_12_0.json	1449334800.0	63.75	196	754
snapshot_12_5_2015_12_0.json	1449334800.0	63.75	196	754
snapshot_12_5_2015_18_0.json	1449356400.0	63.75	196	754
snapshot_12_5_2015_18_0.json	1449356400.0	63.75	196	754
snapshot_12_5_2015_6_0.json	1449313200.0	63.75	196	758
snapshot_12_5_2015_6_0.json	1449313200.0	63.75	196	758
9231865	2016-01-09T19:30:00Z	Disney On Ice Frozen	Thomas and Mack Center	Nevada Las Vegas|689	89147
snapshot_11_17_2015_0_0.json	1447736400.0	64.5	196	682
snapshot_11_17_2015_12_0.json	1447779600.0	64.5	196	682
snapshot_11_17_2015_18_0.json	1447801200.0	64.5	196	682
snapshot_11_17_2015_6_0.json	1447758000.0	64.5	196	682
snapshot_11_18_2015_0_0.json	1447822800.0	64.5	196	682
snapshot_11_18_2015_12_0.json	1447866000.0	64.5	196	679
snapshot_11_18_2015_12_0.json	1447866000.0	64.5	196	679
snapshot_11_19_2015_0_0.json	1447909200.0	64.5	196	679
snapshot_11_19_2015_12_0.json	1447952400.0	64.5	196	679
snapshot_11_19_2015_12_0.json	1447952400.0	64.5	196	679
snapshot_11_20_2015_0_0.json	1447995600.0	64.5	196	751
snapshot_11_21_2015_18_0.json	1448146800.0	64.5	196	745
snapshot_11_22_2015_0_0.json	1448168400.0	64.5	196	745
snapshot_11_22_2015_18_0.json	1448233200.0	64.5	196	743
snapshot_11_23_2015_0_0.json	1448254800.0	64.5	196	743
snapshot_11_23_2015_18_0.json	1448319600.0	64.5	196	740
snapshot_11_23_2015_18_0.json	1448319600.0	64.5	196	740
snapshot_11_23_2015_6_0.json	1448276400.0	64.5	196	740
snapshot_11_23_2015_6_0.json	1448276400.0	64.5	196	740
snapshot_11_24_2015_18_0.json	1448406000.0	64.5	196	772
snapshot_11_25_2015_12_0.json	1448470800.0	64.5	196	772
snapshot_11_25_2015_18_0.json	1448492400.0	64.5	196	772
snapshot_11_27_2015_18_0.json	1448665200.0	64.5	196	772
snapshot_11_28_2015_0_0.json	1448686800.0	64.5	196	772
snapshot_11_28_2015_12_0.json	1448730000.0	64.5	225	775
snapshot_11_28_2015_6_0.json	1448708400.0	64.5	225	775
snapshot_11_28_2015_6_0.json	1448708400.0	64.5	225	775
snapshot_11_29_2015_0_0.json	1448773200.0	64.45	225	775
snapshot_11_29_2015_0_0.json	1448773200.0	64.45	225	775
snapshot_11_29_2015_18_0.json	1448838000.0	64.45	225	775
snapshot_11_29_2015_6_0.json	1448794800.0	64.45	225	775
snapshot_11_30_2015_0_0.json	1448859600.0	64.45	225	775
snapshot_11_30_2015_0_0.json	1448859600.0	64.45	225	775
snapshot_11_30_2015_12_0.json	1448902800.0	63.75	225	773
snapshot_11_30_2015_18_0.json	1448924400.0	63.75	225	771
snapshot_12_1_2015_0_0.json	1448946000.0	63.75	196	765
snapshot_12_1_2015_18_0.json	1449010800.0	63.75	196	763
snapshot_12_2_2015_12_0.json	1449075600.0	63.75	196	763
snapshot_12_2_2015_18_0.json	1449097200.0	63.75	196	763
snapshot_12_2_2015_6_0.json	1449054000.0	63.75	196	763
snapshot_12_3_2015_12_0.json	1449162000.0	63.75	196	763
snapshot_12_3_2015_18_0.json	1449183600.0	63.75	196	763
snapshot_12_3_2015_18_0.json	1449183600.0	63.75	196	763
snapshot_12_3_2015_6_0.json	1449140400.0	63.75	196	763
snapshot_12_4_2015_0_0.json	1449205200.0	63.75	196	758
snapshot_12_4_2015_0_0.json	1449205200.0	63.75	196	758
snapshot_12_4_2015_12_0.json	1449248400.0	63.75	196	758
snapshot_12_4_2015_18_0.json	1449270000.0	63.75	196	758
snapshot_12_4_2015_6_0.json	1449226800.0	63.75	196	758
snapshot_12_5_2015_0_0.json	1449291600.0	63.75	196	758
snapshot_12_5_2015_12_0.json	1449334800.0	63.75	196	754
snapshot_12_5_2015_12_0.json	1449334800.0	63.75	196	754
snapshot_12_5_2015_18_0.json	1449356400.0	63.75	196	754
snapshot_12_5_2015_18_0.json	1449356400.0	63.75	196	754
snapshot_12_5_2015_6_0.json	1449313200.0	63.75	196	758
snapshot_12_5_2015_6_0.json	1449313200.0	63.75	196	758
