9231758	2015-11-27T17:00:00Z	Pittsburgh Panthers	Heinz Field	Pennsylvania Pittsburgh|681	15212
snapshot_11_16_2015_0_0.json	1447650000.0	11.86	1686.97	1909
snapshot_11_16_2015_0_0.json	1447650000.0	11.86	1686.97	1909
snapshot_11_17_2015_0_0.json	1447736400.0	11.86	1686.97	1916
snapshot_11_17_2015_12_0.json	1447779600.0	12.45	1686.97	1887
snapshot_11_17_2015_6_0.json	1447758000.0	12.45	1686.97	1885
snapshot_11_18_2015_0_0.json	1447822800.0	12.45	1686.97	1899
snapshot_11_18_2015_12_0.json	1447866000.0	12.45	1686.97	1887
snapshot_11_18_2015_18_0.json	1447887600.0	12.45	1686.97	1908
snapshot_11_18_2015_6_0.json	1447844400.0	12.45	1686.97	1893
snapshot_11_18_2015_6_0.json	1447844400.0	12.45	1686.97	1893
snapshot_11_19_2015_0_0.json	1447909200.0	12.45	1686.97	1914
snapshot_11_19_2015_12_0.json	1447952400.0	9.52	1686.97	1863
snapshot_11_19_2015_6_0.json	1447930800.0	9.52	1686.97	1896
snapshot_11_20_2015_0_0.json	1447995600.0	12.33	1686.97	1836
snapshot_11_20_2015_12_0.json	1448038800.0	11.86	1686.97	1775
snapshot_11_21_2015_12_0.json	1448125200.0	11.86	1686.97	1710
snapshot_11_21_2015_18_0.json	1448146800.0	9.52	1686.97	1671
snapshot_11_22_2015_0_0.json	1448168400.0	9.52	1686.97	1607
snapshot_11_22_2015_12_0.json	1448211600.0	9.52	1686.97	1566
snapshot_11_22_2015_18_0.json	1448233200.0	9.52	1686.97	1576
snapshot_11_22_2015_6_0.json	1448190000.0	9.52	1686.97	1570
snapshot_11_23_2015_0_0.json	1448254800.0	11.75	1686.97	1555
snapshot_11_23_2015_12_0.json	1448298000.0	11.86	1686.97	1516
snapshot_11_23_2015_18_0.json	1448319600.0	11.86	1686.97	1489
snapshot_11_23_2015_6_0.json	1448276400.0	11.86	1686.97	1517
snapshot_11_24_2015_0_0.json	1448341200.0	14.2	1686.97	1399
snapshot_11_24_2015_12_0.json	1448384400.0	14.2	1686.97	1321
snapshot_11_24_2015_18_0.json	1448406000.0	13.03	1686.97	1166
snapshot_11_24_2015_6_0.json	1448362800.0	14.2	1686.97	1323
snapshot_11_25_2015_0_0.json	1448427600.0	11.28	1686.97	1027
snapshot_11_25_2015_12_0.json	1448470800.0	14.2	1686.97	926
snapshot_11_25_2015_18_0.json	1448492400.0	14.2	300	776
snapshot_11_25_2015_6_0.json	1448449200.0	9.52	1686.97	943
snapshot_11_26_2015_0_0.json	1448514000.0	16.53	300	662
snapshot_11_27_2015_18_0.json	1448665200.0	0	0	0
snapshot_11_28_2015_0_0.json	1448686800.0	0	0	0
snapshot_11_28_2015_12_0.json	1448730000.0	0	0	0
snapshot_11_28_2015_18_0.json	1448751600.0	0	0	0
snapshot_11_28_2015_6_0.json	1448708400.0	0	0	0
snapshot_11_29_2015_0_0.json	1448773200.0	0	0	0
snapshot_11_29_2015_12_0.json	1448816400.0	0	0	0
snapshot_11_29_2015_18_0.json	1448838000.0	0	0	0
snapshot_11_29_2015_6_0.json	1448794800.0	0	0	0
snapshot_11_30_2015_0_0.json	1448859600.0	0	0	0
snapshot_11_30_2015_12_0.json	1448902800.0	0	0	0
snapshot_11_30_2015_6_0.json	1448881200.0	0	0	0
snapshot_12_1_2015_0_0.json	1448946000.0	0	0	0
snapshot_12_1_2015_12_0.json	1448989200.0	0	0	0
snapshot_12_1_2015_6_0.json	1448967600.0	0	0	0
snapshot_12_1_2015_6_0.json	1448967600.0	0	0	0
9231758	2015-11-27T17:00:00Z	Pittsburgh Panthers	Heinz Field	Pennsylvania Pittsburgh|681	15212
snapshot_11_16_2015_0_0.json	1447650000.0	11.86	1686.97	1909
snapshot_11_16_2015_0_0.json	1447650000.0	11.86	1686.97	1909
snapshot_11_17_2015_0_0.json	1447736400.0	11.86	1686.97	1916
snapshot_11_17_2015_12_0.json	1447779600.0	12.45	1686.97	1887
snapshot_11_17_2015_6_0.json	1447758000.0	12.45	1686.97	1885
snapshot_11_18_2015_0_0.json	1447822800.0	12.45	1686.97	1899
snapshot_11_18_2015_12_0.json	1447866000.0	12.45	1686.97	1887
snapshot_11_18_2015_18_0.json	1447887600.0	12.45	1686.97	1908
snapshot_11_18_2015_6_0.json	1447844400.0	12.45	1686.97	1893
snapshot_11_18_2015_6_0.json	1447844400.0	12.45	1686.97	1893
snapshot_11_19_2015_0_0.json	1447909200.0	12.45	1686.97	1914
snapshot_11_19_2015_12_0.json	1447952400.0	9.52	1686.97	1863
snapshot_11_19_2015_6_0.json	1447930800.0	9.52	1686.97	1896
snapshot_11_20_2015_0_0.json	1447995600.0	12.33	1686.97	1836
snapshot_11_20_2015_12_0.json	1448038800.0	11.86	1686.97	1775
snapshot_11_21_2015_12_0.json	1448125200.0	11.86	1686.97	1710
snapshot_11_21_2015_18_0.json	1448146800.0	9.52	1686.97	1671
snapshot_11_22_2015_0_0.json	1448168400.0	9.52	1686.97	1607
snapshot_11_22_2015_12_0.json	1448211600.0	9.52	1686.97	1566
snapshot_11_22_2015_18_0.json	1448233200.0	9.52	1686.97	1576
snapshot_11_22_2015_6_0.json	1448190000.0	9.52	1686.97	1570
snapshot_11_23_2015_0_0.json	1448254800.0	11.75	1686.97	1555
snapshot_11_23_2015_12_0.json	1448298000.0	11.86	1686.97	1516
snapshot_11_23_2015_18_0.json	1448319600.0	11.86	1686.97	1489
snapshot_11_23_2015_6_0.json	1448276400.0	11.86	1686.97	1517
snapshot_11_24_2015_0_0.json	1448341200.0	14.2	1686.97	1399
snapshot_11_24_2015_12_0.json	1448384400.0	14.2	1686.97	1321
snapshot_11_24_2015_18_0.json	1448406000.0	13.03	1686.97	1166
snapshot_11_24_2015_6_0.json	1448362800.0	14.2	1686.97	1323
snapshot_11_25_2015_0_0.json	1448427600.0	11.28	1686.97	1027
snapshot_11_25_2015_12_0.json	1448470800.0	14.2	1686.97	926
snapshot_11_25_2015_18_0.json	1448492400.0	14.2	300	776
snapshot_11_25_2015_6_0.json	1448449200.0	9.52	1686.97	943
snapshot_11_26_2015_0_0.json	1448514000.0	16.53	300	662
snapshot_11_27_2015_18_0.json	1448665200.0	0	0	0
snapshot_11_28_2015_0_0.json	1448686800.0	0	0	0
snapshot_11_28_2015_12_0.json	1448730000.0	0	0	0
snapshot_11_28_2015_18_0.json	1448751600.0	0	0	0
snapshot_11_28_2015_6_0.json	1448708400.0	0	0	0
snapshot_11_29_2015_0_0.json	1448773200.0	0	0	0
snapshot_11_29_2015_12_0.json	1448816400.0	0	0	0
snapshot_11_29_2015_18_0.json	1448838000.0	0	0	0
snapshot_11_29_2015_6_0.json	1448794800.0	0	0	0
snapshot_11_30_2015_0_0.json	1448859600.0	0	0	0
snapshot_11_30_2015_12_0.json	1448902800.0	0	0	0
snapshot_11_30_2015_6_0.json	1448881200.0	0	0	0
snapshot_12_1_2015_0_0.json	1448946000.0	0	0	0
snapshot_12_1_2015_12_0.json	1448989200.0	0	0	0
snapshot_12_1_2015_6_0.json	1448967600.0	0	0	0
snapshot_12_1_2015_6_0.json	1448967600.0	0	0	0
9231758	2015-11-27T17:00:00Z	Pittsburgh Panthers	Heinz Field	Pennsylvania Pittsburgh|681	15212
snapshot_11_16_2015_0_0.json	1447650000.0	11.86	1686.97	1909
snapshot_11_16_2015_0_0.json	1447650000.0	11.86	1686.97	1909
snapshot_11_17_2015_0_0.json	1447736400.0	11.86	1686.97	1916
snapshot_11_17_2015_12_0.json	1447779600.0	12.45	1686.97	1887
snapshot_11_17_2015_6_0.json	1447758000.0	12.45	1686.97	1885
snapshot_11_18_2015_0_0.json	1447822800.0	12.45	1686.97	1899
snapshot_11_18_2015_12_0.json	1447866000.0	12.45	1686.97	1887
snapshot_11_18_2015_18_0.json	1447887600.0	12.45	1686.97	1908
snapshot_11_18_2015_6_0.json	1447844400.0	12.45	1686.97	1893
snapshot_11_18_2015_6_0.json	1447844400.0	12.45	1686.97	1893
snapshot_11_19_2015_0_0.json	1447909200.0	12.45	1686.97	1914
snapshot_11_19_2015_12_0.json	1447952400.0	9.52	1686.97	1863
snapshot_11_19_2015_6_0.json	1447930800.0	9.52	1686.97	1896
snapshot_11_20_2015_0_0.json	1447995600.0	12.33	1686.97	1836
snapshot_11_20_2015_12_0.json	1448038800.0	11.86	1686.97	1775
snapshot_11_21_2015_12_0.json	1448125200.0	11.86	1686.97	1710
snapshot_11_21_2015_18_0.json	1448146800.0	9.52	1686.97	1671
snapshot_11_22_2015_0_0.json	1448168400.0	9.52	1686.97	1607
snapshot_11_22_2015_12_0.json	1448211600.0	9.52	1686.97	1566
snapshot_11_22_2015_18_0.json	1448233200.0	9.52	1686.97	1576
snapshot_11_22_2015_6_0.json	1448190000.0	9.52	1686.97	1570
snapshot_11_23_2015_0_0.json	1448254800.0	11.75	1686.97	1555
snapshot_11_23_2015_12_0.json	1448298000.0	11.86	1686.97	1516
snapshot_11_23_2015_18_0.json	1448319600.0	11.86	1686.97	1489
snapshot_11_23_2015_6_0.json	1448276400.0	11.86	1686.97	1517
snapshot_11_24_2015_0_0.json	1448341200.0	14.2	1686.97	1399
snapshot_11_24_2015_12_0.json	1448384400.0	14.2	1686.97	1321
snapshot_11_24_2015_18_0.json	1448406000.0	13.03	1686.97	1166
snapshot_11_24_2015_6_0.json	1448362800.0	14.2	1686.97	1323
snapshot_11_25_2015_0_0.json	1448427600.0	11.28	1686.97	1027
snapshot_11_25_2015_12_0.json	1448470800.0	14.2	1686.97	926
snapshot_11_25_2015_18_0.json	1448492400.0	14.2	300	776
snapshot_11_25_2015_6_0.json	1448449200.0	9.52	1686.97	943
snapshot_11_26_2015_0_0.json	1448514000.0	16.53	300	662
snapshot_11_27_2015_18_0.json	1448665200.0	0	0	0
snapshot_11_28_2015_0_0.json	1448686800.0	0	0	0
snapshot_11_28_2015_12_0.json	1448730000.0	0	0	0
snapshot_11_28_2015_18_0.json	1448751600.0	0	0	0
snapshot_11_28_2015_6_0.json	1448708400.0	0	0	0
snapshot_11_29_2015_0_0.json	1448773200.0	0	0	0
snapshot_11_29_2015_12_0.json	1448816400.0	0	0	0
snapshot_11_29_2015_18_0.json	1448838000.0	0	0	0
snapshot_11_29_2015_6_0.json	1448794800.0	0	0	0
snapshot_11_30_2015_0_0.json	1448859600.0	0	0	0
snapshot_11_30_2015_12_0.json	1448902800.0	0	0	0
snapshot_11_30_2015_6_0.json	1448881200.0	0	0	0
snapshot_12_1_2015_0_0.json	1448946000.0	0	0	0
snapshot_12_1_2015_12_0.json	1448989200.0	0	0	0
snapshot_12_1_2015_6_0.json	1448967600.0	0	0	0
snapshot_12_1_2015_6_0.json	1448967600.0	0	0	0
9231758	2015-11-27T17:00:00Z	Pittsburgh Panthers	Heinz Field	Pennsylvania Pittsburgh|681	15212
snapshot_11_16_2015_0_0.json	1447650000.0	11.86	1686.97	1909
snapshot_11_16_2015_0_0.json	1447650000.0	11.86	1686.97	1909
snapshot_11_17_2015_0_0.json	1447736400.0	11.86	1686.97	1916
snapshot_11_17_2015_12_0.json	1447779600.0	12.45	1686.97	1887
snapshot_11_17_2015_6_0.json	1447758000.0	12.45	1686.97	1885
snapshot_11_18_2015_0_0.json	1447822800.0	12.45	1686.97	1899
snapshot_11_18_2015_12_0.json	1447866000.0	12.45	1686.97	1887
snapshot_11_18_2015_18_0.json	1447887600.0	12.45	1686.97	1908
snapshot_11_18_2015_6_0.json	1447844400.0	12.45	1686.97	1893
snapshot_11_18_2015_6_0.json	1447844400.0	12.45	1686.97	1893
snapshot_11_19_2015_0_0.json	1447909200.0	12.45	1686.97	1914
snapshot_11_19_2015_12_0.json	1447952400.0	9.52	1686.97	1863
snapshot_11_19_2015_6_0.json	1447930800.0	9.52	1686.97	1896
snapshot_11_20_2015_0_0.json	1447995600.0	12.33	1686.97	1836
snapshot_11_20_2015_12_0.json	1448038800.0	11.86	1686.97	1775
snapshot_11_21_2015_12_0.json	1448125200.0	11.86	1686.97	1710
snapshot_11_21_2015_18_0.json	1448146800.0	9.52	1686.97	1671
snapshot_11_22_2015_0_0.json	1448168400.0	9.52	1686.97	1607
snapshot_11_22_2015_12_0.json	1448211600.0	9.52	1686.97	1566
snapshot_11_22_2015_18_0.json	1448233200.0	9.52	1686.97	1576
snapshot_11_22_2015_6_0.json	1448190000.0	9.52	1686.97	1570
snapshot_11_23_2015_0_0.json	1448254800.0	11.75	1686.97	1555
snapshot_11_23_2015_12_0.json	1448298000.0	11.86	1686.97	1516
snapshot_11_23_2015_18_0.json	1448319600.0	11.86	1686.97	1489
snapshot_11_23_2015_6_0.json	1448276400.0	11.86	1686.97	1517
snapshot_11_24_2015_0_0.json	1448341200.0	14.2	1686.97	1399
snapshot_11_24_2015_12_0.json	1448384400.0	14.2	1686.97	1321
snapshot_11_24_2015_18_0.json	1448406000.0	13.03	1686.97	1166
snapshot_11_24_2015_6_0.json	1448362800.0	14.2	1686.97	1323
snapshot_11_25_2015_0_0.json	1448427600.0	11.28	1686.97	1027
snapshot_11_25_2015_12_0.json	1448470800.0	14.2	1686.97	926
snapshot_11_25_2015_18_0.json	1448492400.0	14.2	300	776
snapshot_11_25_2015_6_0.json	1448449200.0	9.52	1686.97	943
snapshot_11_26_2015_0_0.json	1448514000.0	16.53	300	662
snapshot_11_27_2015_18_0.json	1448665200.0	0	0	0
snapshot_11_28_2015_0_0.json	1448686800.0	0	0	0
snapshot_11_28_2015_12_0.json	1448730000.0	0	0	0
snapshot_11_28_2015_18_0.json	1448751600.0	0	0	0
snapshot_11_28_2015_6_0.json	1448708400.0	0	0	0
snapshot_11_29_2015_0_0.json	1448773200.0	0	0	0
snapshot_11_29_2015_12_0.json	1448816400.0	0	0	0
snapshot_11_29_2015_18_0.json	1448838000.0	0	0	0
snapshot_11_29_2015_6_0.json	1448794800.0	0	0	0
snapshot_11_30_2015_0_0.json	1448859600.0	0	0	0
snapshot_11_30_2015_12_0.json	1448902800.0	0	0	0
snapshot_11_30_2015_6_0.json	1448881200.0	0	0	0
snapshot_12_1_2015_0_0.json	1448946000.0	0	0	0
snapshot_12_1_2015_12_0.json	1448989200.0	0	0	0
snapshot_12_1_2015_6_0.json	1448967600.0	0	0	0
snapshot_12_1_2015_6_0.json	1448967600.0	0	0	0
