9231503	2015-11-21T20:01:00Z	PARKING PASSES ONLY Chattanooga at Florida State	Doak Campbell Stadium Parking Lots	Florida Tallahassee|6750	32306
snapshot_11_17_2015_0_0.json	1447736400.0	21.18	300	29
snapshot_11_17_2015_18_0.json	1447801200.0	21.22	300	25
snapshot_11_18_2015_0_0.json	1447822800.0	21.22	300	27
snapshot_11_18_2015_0_0.json	1447822800.0	21.22	300	27
snapshot_11_18_2015_12_0.json	1447866000.0	21.22	300	29
snapshot_11_18_2015_12_0.json	1447866000.0	21.22	300	29
snapshot_11_18_2015_6_0.json	1447844400.0	21.22	300	29
snapshot_11_19_2015_0_0.json	1447909200.0	20.93	166.44	20
snapshot_11_19_2015_12_0.json	1447952400.0	20.93	166.44	20
snapshot_11_19_2015_6_0.json	1447930800.0	20.93	166.44	20
snapshot_11_20_2015_0_0.json	1447995600.0	26.13	50	12
snapshot_11_20_2015_12_0.json	1448038800.0	25.9	45	10
snapshot_11_21_2015_12_0.json	1448125200.0	37.6	32	4
snapshot_11_21_2015_18_0.json	1448146800.0	0	0	0
snapshot_11_21_2015_18_0.json	1448146800.0	0	0	0
snapshot_11_22_2015_18_0.json	1448233200.0	0	0	0
snapshot_11_23_2015_0_0.json	1448254800.0	0	0	0
snapshot_11_23_2015_12_0.json	1448298000.0	0	0	0
snapshot_11_23_2015_6_0.json	1448276400.0	0	0	0
snapshot_11_23_2015_6_0.json	1448276400.0	0	0	0
9231503	2015-11-21T20:01:00Z	PARKING PASSES ONLY Chattanooga at Florida State	Doak Campbell Stadium Parking Lots	Florida Tallahassee|6750	32306
snapshot_11_17_2015_0_0.json	1447736400.0	21.18	300	29
snapshot_11_17_2015_18_0.json	1447801200.0	21.22	300	25
snapshot_11_18_2015_0_0.json	1447822800.0	21.22	300	27
snapshot_11_18_2015_0_0.json	1447822800.0	21.22	300	27
snapshot_11_18_2015_12_0.json	1447866000.0	21.22	300	29
snapshot_11_18_2015_12_0.json	1447866000.0	21.22	300	29
snapshot_11_18_2015_6_0.json	1447844400.0	21.22	300	29
snapshot_11_19_2015_0_0.json	1447909200.0	20.93	166.44	20
snapshot_11_19_2015_12_0.json	1447952400.0	20.93	166.44	20
snapshot_11_19_2015_6_0.json	1447930800.0	20.93	166.44	20
snapshot_11_20_2015_0_0.json	1447995600.0	26.13	50	12
snapshot_11_20_2015_12_0.json	1448038800.0	25.9	45	10
snapshot_11_21_2015_12_0.json	1448125200.0	37.6	32	4
snapshot_11_21_2015_18_0.json	1448146800.0	0	0	0
snapshot_11_21_2015_18_0.json	1448146800.0	0	0	0
snapshot_11_22_2015_18_0.json	1448233200.0	0	0	0
snapshot_11_23_2015_0_0.json	1448254800.0	0	0	0
snapshot_11_23_2015_12_0.json	1448298000.0	0	0	0
snapshot_11_23_2015_6_0.json	1448276400.0	0	0	0
snapshot_11_23_2015_6_0.json	1448276400.0	0	0	0
9231503	2015-11-21T20:01:00Z	PARKING PASSES ONLY Chattanooga at Florida State	Doak Campbell Stadium Parking Lots	Florida Tallahassee|6750	32306
snapshot_11_17_2015_0_0.json	1447736400.0	21.18	300	29
snapshot_11_17_2015_18_0.json	1447801200.0	21.22	300	25
snapshot_11_18_2015_0_0.json	1447822800.0	21.22	300	27
snapshot_11_18_2015_0_0.json	1447822800.0	21.22	300	27
snapshot_11_18_2015_12_0.json	1447866000.0	21.22	300	29
snapshot_11_18_2015_12_0.json	1447866000.0	21.22	300	29
snapshot_11_18_2015_6_0.json	1447844400.0	21.22	300	29
snapshot_11_19_2015_0_0.json	1447909200.0	20.93	166.44	20
snapshot_11_19_2015_12_0.json	1447952400.0	20.93	166.44	20
snapshot_11_19_2015_6_0.json	1447930800.0	20.93	166.44	20
snapshot_11_20_2015_0_0.json	1447995600.0	26.13	50	12
snapshot_11_20_2015_12_0.json	1448038800.0	25.9	45	10
snapshot_11_21_2015_12_0.json	1448125200.0	37.6	32	4
snapshot_11_21_2015_18_0.json	1448146800.0	0	0	0
snapshot_11_21_2015_18_0.json	1448146800.0	0	0	0
snapshot_11_22_2015_18_0.json	1448233200.0	0	0	0
snapshot_11_23_2015_0_0.json	1448254800.0	0	0	0
snapshot_11_23_2015_12_0.json	1448298000.0	0	0	0
snapshot_11_23_2015_6_0.json	1448276400.0	0	0	0
snapshot_11_23_2015_6_0.json	1448276400.0	0	0	0
9231503	2015-11-21T20:01:00Z	PARKING PASSES ONLY Chattanooga at Florida State	Doak Campbell Stadium Parking Lots	Florida Tallahassee|6750	32306
snapshot_11_17_2015_0_0.json	1447736400.0	21.18	300	29
snapshot_11_17_2015_18_0.json	1447801200.0	21.22	300	25
snapshot_11_18_2015_0_0.json	1447822800.0	21.22	300	27
snapshot_11_18_2015_0_0.json	1447822800.0	21.22	300	27
snapshot_11_18_2015_12_0.json	1447866000.0	21.22	300	29
snapshot_11_18_2015_12_0.json	1447866000.0	21.22	300	29
snapshot_11_18_2015_6_0.json	1447844400.0	21.22	300	29
snapshot_11_19_2015_0_0.json	1447909200.0	20.93	166.44	20
snapshot_11_19_2015_12_0.json	1447952400.0	20.93	166.44	20
snapshot_11_19_2015_6_0.json	1447930800.0	20.93	166.44	20
snapshot_11_20_2015_0_0.json	1447995600.0	26.13	50	12
snapshot_11_20_2015_12_0.json	1448038800.0	25.9	45	10
snapshot_11_21_2015_12_0.json	1448125200.0	37.6	32	4
snapshot_11_21_2015_18_0.json	1448146800.0	0	0	0
snapshot_11_21_2015_18_0.json	1448146800.0	0	0	0
snapshot_11_22_2015_18_0.json	1448233200.0	0	0	0
snapshot_11_23_2015_0_0.json	1448254800.0	0	0	0
snapshot_11_23_2015_12_0.json	1448298000.0	0	0	0
snapshot_11_23_2015_6_0.json	1448276400.0	0	0	0
snapshot_11_23_2015_6_0.json	1448276400.0	0	0	0
