9231685	2015-11-28T18:01:00Z	PARKING PASSES ONLY Georgia at Georgia Tech	Bobby Dodd Stadium Parking Lots	Georgia Atlanta|670	30332
snapshot_11_16_2015_0_0.json	1447650000.0	22	329	29
snapshot_11_17_2015_0_0.json	1447736400.0	22	329	29
snapshot_11_17_2015_18_0.json	1447801200.0	22	329	29
snapshot_11_18_2015_0_0.json	1447822800.0	22	329	27
snapshot_11_18_2015_12_0.json	1447866000.0	22	329	27
snapshot_11_18_2015_18_0.json	1447887600.0	22	329	27
snapshot_11_18_2015_6_0.json	1447844400.0	22	329	27
snapshot_11_19_2015_0_0.json	1447909200.0	22	329	26
snapshot_11_19_2015_12_0.json	1447952400.0	22	329	26
snapshot_11_19_2015_12_0.json	1447952400.0	22	329	26
snapshot_11_19_2015_6_0.json	1447930800.0	22	329	26
snapshot_11_20_2015_12_0.json	1448038800.0	22	329	28
snapshot_11_20_2015_12_0.json	1448038800.0	22	329	28
snapshot_11_21_2015_12_0.json	1448125200.0	22	329	25
snapshot_11_21_2015_18_0.json	1448146800.0	22	400	26
snapshot_11_22_2015_12_0.json	1448211600.0	20.05	400	26
snapshot_11_22_2015_18_0.json	1448233200.0	20.05	350	25
snapshot_11_22_2015_6_0.json	1448190000.0	20.05	400	27
snapshot_11_23_2015_0_0.json	1448254800.0	20.05	350	25
snapshot_11_23_2015_12_0.json	1448298000.0	20.05	350	25
snapshot_11_23_2015_18_0.json	1448319600.0	19.39	350	23
snapshot_11_24_2015_0_0.json	1448341200.0	19.39	350	21
snapshot_11_24_2015_12_0.json	1448384400.0	19.39	350	19
snapshot_11_24_2015_18_0.json	1448406000.0	19.39	350	16
snapshot_11_24_2015_6_0.json	1448362800.0	19.39	350	19
snapshot_11_25_2015_0_0.json	1448427600.0	19.39	350	26
snapshot_11_25_2015_0_0.json	1448427600.0	19.39	350	26
snapshot_11_25_2015_12_0.json	1448470800.0	18.1	299	26
snapshot_11_25_2015_18_0.json	1448492400.0	23.56	299	23
snapshot_11_25_2015_18_0.json	1448492400.0	23.56	299	23
snapshot_11_25_2015_6_0.json	1448449200.0	19.39	299	26
snapshot_11_25_2015_6_0.json	1448449200.0	19.39	299	26
snapshot_11_26_2015_0_0.json	1448514000.0	23.56	299	23
snapshot_11_27_2015_18_0.json	1448665200.0	31.75	251.71	7
snapshot_11_28_2015_0_0.json	1448686800.0	43.45	251.71	25
snapshot_11_28_2015_12_0.json	1448730000.0	42.28	135	22
snapshot_11_28_2015_18_0.json	1448751600.0	0	0	0
snapshot_11_28_2015_6_0.json	1448708400.0	42.28	135	23
snapshot_11_29_2015_0_0.json	1448773200.0	0	0	0
snapshot_11_29_2015_12_0.json	1448816400.0	0	0	0
snapshot_11_29_2015_18_0.json	1448838000.0	0	0	0
snapshot_11_30_2015_0_0.json	1448859600.0	0	0	0
snapshot_11_30_2015_12_0.json	1448902800.0	0	0	0
9231685	2015-11-28T18:01:00Z	PARKING PASSES ONLY Georgia at Georgia Tech	Bobby Dodd Stadium Parking Lots	Georgia Atlanta|670	30332
snapshot_11_16_2015_0_0.json	1447650000.0	22	329	29
snapshot_11_17_2015_0_0.json	1447736400.0	22	329	29
snapshot_11_17_2015_18_0.json	1447801200.0	22	329	29
snapshot_11_18_2015_0_0.json	1447822800.0	22	329	27
snapshot_11_18_2015_12_0.json	1447866000.0	22	329	27
snapshot_11_18_2015_18_0.json	1447887600.0	22	329	27
snapshot_11_18_2015_6_0.json	1447844400.0	22	329	27
snapshot_11_19_2015_0_0.json	1447909200.0	22	329	26
snapshot_11_19_2015_12_0.json	1447952400.0	22	329	26
snapshot_11_19_2015_12_0.json	1447952400.0	22	329	26
snapshot_11_19_2015_6_0.json	1447930800.0	22	329	26
snapshot_11_20_2015_12_0.json	1448038800.0	22	329	28
snapshot_11_20_2015_12_0.json	1448038800.0	22	329	28
snapshot_11_21_2015_12_0.json	1448125200.0	22	329	25
snapshot_11_21_2015_18_0.json	1448146800.0	22	400	26
snapshot_11_22_2015_12_0.json	1448211600.0	20.05	400	26
snapshot_11_22_2015_18_0.json	1448233200.0	20.05	350	25
snapshot_11_22_2015_6_0.json	1448190000.0	20.05	400	27
snapshot_11_23_2015_0_0.json	1448254800.0	20.05	350	25
snapshot_11_23_2015_12_0.json	1448298000.0	20.05	350	25
snapshot_11_23_2015_18_0.json	1448319600.0	19.39	350	23
snapshot_11_24_2015_0_0.json	1448341200.0	19.39	350	21
snapshot_11_24_2015_12_0.json	1448384400.0	19.39	350	19
snapshot_11_24_2015_18_0.json	1448406000.0	19.39	350	16
snapshot_11_24_2015_6_0.json	1448362800.0	19.39	350	19
snapshot_11_25_2015_0_0.json	1448427600.0	19.39	350	26
snapshot_11_25_2015_0_0.json	1448427600.0	19.39	350	26
snapshot_11_25_2015_12_0.json	1448470800.0	18.1	299	26
snapshot_11_25_2015_18_0.json	1448492400.0	23.56	299	23
snapshot_11_25_2015_18_0.json	1448492400.0	23.56	299	23
snapshot_11_25_2015_6_0.json	1448449200.0	19.39	299	26
snapshot_11_25_2015_6_0.json	1448449200.0	19.39	299	26
snapshot_11_26_2015_0_0.json	1448514000.0	23.56	299	23
snapshot_11_27_2015_18_0.json	1448665200.0	31.75	251.71	7
snapshot_11_28_2015_0_0.json	1448686800.0	43.45	251.71	25
snapshot_11_28_2015_12_0.json	1448730000.0	42.28	135	22
snapshot_11_28_2015_18_0.json	1448751600.0	0	0	0
snapshot_11_28_2015_6_0.json	1448708400.0	42.28	135	23
snapshot_11_29_2015_0_0.json	1448773200.0	0	0	0
snapshot_11_29_2015_12_0.json	1448816400.0	0	0	0
snapshot_11_29_2015_18_0.json	1448838000.0	0	0	0
snapshot_11_30_2015_0_0.json	1448859600.0	0	0	0
snapshot_11_30_2015_12_0.json	1448902800.0	0	0	0
9231685	2015-11-28T18:01:00Z	PARKING PASSES ONLY Georgia at Georgia Tech	Bobby Dodd Stadium Parking Lots	Georgia Atlanta|670	30332
snapshot_11_16_2015_0_0.json	1447650000.0	22	329	29
snapshot_11_17_2015_0_0.json	1447736400.0	22	329	29
snapshot_11_17_2015_18_0.json	1447801200.0	22	329	29
snapshot_11_18_2015_0_0.json	1447822800.0	22	329	27
snapshot_11_18_2015_12_0.json	1447866000.0	22	329	27
snapshot_11_18_2015_18_0.json	1447887600.0	22	329	27
snapshot_11_18_2015_6_0.json	1447844400.0	22	329	27
snapshot_11_19_2015_0_0.json	1447909200.0	22	329	26
snapshot_11_19_2015_12_0.json	1447952400.0	22	329	26
snapshot_11_19_2015_12_0.json	1447952400.0	22	329	26
snapshot_11_19_2015_6_0.json	1447930800.0	22	329	26
snapshot_11_20_2015_12_0.json	1448038800.0	22	329	28
snapshot_11_20_2015_12_0.json	1448038800.0	22	329	28
snapshot_11_21_2015_12_0.json	1448125200.0	22	329	25
snapshot_11_21_2015_18_0.json	1448146800.0	22	400	26
snapshot_11_22_2015_12_0.json	1448211600.0	20.05	400	26
snapshot_11_22_2015_18_0.json	1448233200.0	20.05	350	25
snapshot_11_22_2015_6_0.json	1448190000.0	20.05	400	27
snapshot_11_23_2015_0_0.json	1448254800.0	20.05	350	25
snapshot_11_23_2015_12_0.json	1448298000.0	20.05	350	25
snapshot_11_23_2015_18_0.json	1448319600.0	19.39	350	23
snapshot_11_24_2015_0_0.json	1448341200.0	19.39	350	21
snapshot_11_24_2015_12_0.json	1448384400.0	19.39	350	19
snapshot_11_24_2015_18_0.json	1448406000.0	19.39	350	16
snapshot_11_24_2015_6_0.json	1448362800.0	19.39	350	19
snapshot_11_25_2015_0_0.json	1448427600.0	19.39	350	26
snapshot_11_25_2015_0_0.json	1448427600.0	19.39	350	26
snapshot_11_25_2015_12_0.json	1448470800.0	18.1	299	26
snapshot_11_25_2015_18_0.json	1448492400.0	23.56	299	23
snapshot_11_25_2015_18_0.json	1448492400.0	23.56	299	23
snapshot_11_25_2015_6_0.json	1448449200.0	19.39	299	26
snapshot_11_25_2015_6_0.json	1448449200.0	19.39	299	26
snapshot_11_26_2015_0_0.json	1448514000.0	23.56	299	23
snapshot_11_27_2015_18_0.json	1448665200.0	31.75	251.71	7
snapshot_11_28_2015_0_0.json	1448686800.0	43.45	251.71	25
snapshot_11_28_2015_12_0.json	1448730000.0	42.28	135	22
snapshot_11_28_2015_18_0.json	1448751600.0	0	0	0
snapshot_11_28_2015_6_0.json	1448708400.0	42.28	135	23
snapshot_11_29_2015_0_0.json	1448773200.0	0	0	0
snapshot_11_29_2015_12_0.json	1448816400.0	0	0	0
snapshot_11_29_2015_18_0.json	1448838000.0	0	0	0
snapshot_11_30_2015_0_0.json	1448859600.0	0	0	0
snapshot_11_30_2015_12_0.json	1448902800.0	0	0	0
9231685	2015-11-28T18:01:00Z	PARKING PASSES ONLY Georgia at Georgia Tech	Bobby Dodd Stadium Parking Lots	Georgia Atlanta|670	30332
snapshot_11_16_2015_0_0.json	1447650000.0	22	329	29
snapshot_11_17_2015_0_0.json	1447736400.0	22	329	29
snapshot_11_17_2015_18_0.json	1447801200.0	22	329	29
snapshot_11_18_2015_0_0.json	1447822800.0	22	329	27
snapshot_11_18_2015_12_0.json	1447866000.0	22	329	27
snapshot_11_18_2015_18_0.json	1447887600.0	22	329	27
snapshot_11_18_2015_6_0.json	1447844400.0	22	329	27
snapshot_11_19_2015_0_0.json	1447909200.0	22	329	26
snapshot_11_19_2015_12_0.json	1447952400.0	22	329	26
snapshot_11_19_2015_12_0.json	1447952400.0	22	329	26
snapshot_11_19_2015_6_0.json	1447930800.0	22	329	26
snapshot_11_20_2015_12_0.json	1448038800.0	22	329	28
snapshot_11_20_2015_12_0.json	1448038800.0	22	329	28
snapshot_11_21_2015_12_0.json	1448125200.0	22	329	25
snapshot_11_21_2015_18_0.json	1448146800.0	22	400	26
snapshot_11_22_2015_12_0.json	1448211600.0	20.05	400	26
snapshot_11_22_2015_18_0.json	1448233200.0	20.05	350	25
snapshot_11_22_2015_6_0.json	1448190000.0	20.05	400	27
snapshot_11_23_2015_0_0.json	1448254800.0	20.05	350	25
snapshot_11_23_2015_12_0.json	1448298000.0	20.05	350	25
snapshot_11_23_2015_18_0.json	1448319600.0	19.39	350	23
snapshot_11_24_2015_0_0.json	1448341200.0	19.39	350	21
snapshot_11_24_2015_12_0.json	1448384400.0	19.39	350	19
snapshot_11_24_2015_18_0.json	1448406000.0	19.39	350	16
snapshot_11_24_2015_6_0.json	1448362800.0	19.39	350	19
snapshot_11_25_2015_0_0.json	1448427600.0	19.39	350	26
snapshot_11_25_2015_0_0.json	1448427600.0	19.39	350	26
snapshot_11_25_2015_12_0.json	1448470800.0	18.1	299	26
snapshot_11_25_2015_18_0.json	1448492400.0	23.56	299	23
snapshot_11_25_2015_18_0.json	1448492400.0	23.56	299	23
snapshot_11_25_2015_6_0.json	1448449200.0	19.39	299	26
snapshot_11_25_2015_6_0.json	1448449200.0	19.39	299	26
snapshot_11_26_2015_0_0.json	1448514000.0	23.56	299	23
snapshot_11_27_2015_18_0.json	1448665200.0	31.75	251.71	7
snapshot_11_28_2015_0_0.json	1448686800.0	43.45	251.71	25
snapshot_11_28_2015_12_0.json	1448730000.0	42.28	135	22
snapshot_11_28_2015_18_0.json	1448751600.0	0	0	0
snapshot_11_28_2015_6_0.json	1448708400.0	42.28	135	23
snapshot_11_29_2015_0_0.json	1448773200.0	0	0	0
snapshot_11_29_2015_12_0.json	1448816400.0	0	0	0
snapshot_11_29_2015_18_0.json	1448838000.0	0	0	0
snapshot_11_30_2015_0_0.json	1448859600.0	0	0	0
snapshot_11_30_2015_12_0.json	1448902800.0	0	0	0
