9231550	2015-11-21T20:31:00Z	PARKING PASSES ONLY Wake Forest at Clemson Tigers	Clemson Memorial Stadium Parking Lots	South Carolina Columbia, SC|5630	29634
snapshot_11_16_2015_0_0.json	1447650000.0	63.75	750	40
snapshot_11_17_2015_12_0.json	1447779600.0	70.77	750	36
snapshot_11_17_2015_18_0.json	1447801200.0	91.83	750	33
snapshot_11_17_2015_18_0.json	1447801200.0	91.83	750	33
snapshot_11_17_2015_6_0.json	1447758000.0	70.77	750	36
snapshot_11_17_2015_6_0.json	1447758000.0	70.77	750	36
snapshot_11_18_2015_0_0.json	1447822800.0	63.75	750	32
snapshot_11_18_2015_12_0.json	1447866000.0	63.75	750	35
snapshot_11_18_2015_18_0.json	1447887600.0	52.05	750	31
snapshot_11_18_2015_6_0.json	1447844400.0	63.75	750	33
snapshot_11_19_2015_0_0.json	1447909200.0	158.11	150	6
snapshot_11_19_2015_12_0.json	1447952400.0	142.9	150	5
snapshot_11_19_2015_6_0.json	1447930800.0	142.9	150	5
snapshot_11_20_2015_0_0.json	1447995600.0	207.25	220	4
snapshot_11_20_2015_12_0.json	1448038800.0	207.25	220	3
snapshot_11_20_2015_12_0.json	1448038800.0	207.25	220	3
snapshot_11_21_2015_12_0.json	1448125200.0	0	0	0
snapshot_11_21_2015_18_0.json	1448146800.0	0	0	0
snapshot_11_22_2015_0_0.json	1448168400.0	0	0	0
snapshot_11_22_2015_18_0.json	1448233200.0	0	0	0
snapshot_11_23_2015_0_0.json	1448254800.0	0	0	0
snapshot_11_23_2015_12_0.json	1448298000.0	0	0	0
snapshot_11_23_2015_6_0.json	1448276400.0	0	0	0
snapshot_11_23_2015_6_0.json	1448276400.0	0	0	0
snapshot_12_3_2015_0_0.json	1449118800.0	0	0	0
snapshot_12_3_2015_0_0.json	1449118800.0	0	0	0
snapshot_12_3_2015_12_0.json	1449162000.0	0	0	0
9231550	2015-11-21T20:31:00Z	PARKING PASSES ONLY Wake Forest at Clemson Tigers	Clemson Memorial Stadium Parking Lots	South Carolina Columbia, SC|5630	29634
snapshot_11_16_2015_0_0.json	1447650000.0	63.75	750	40
snapshot_11_17_2015_12_0.json	1447779600.0	70.77	750	36
snapshot_11_17_2015_18_0.json	1447801200.0	91.83	750	33
snapshot_11_17_2015_18_0.json	1447801200.0	91.83	750	33
snapshot_11_17_2015_6_0.json	1447758000.0	70.77	750	36
snapshot_11_17_2015_6_0.json	1447758000.0	70.77	750	36
snapshot_11_18_2015_0_0.json	1447822800.0	63.75	750	32
snapshot_11_18_2015_12_0.json	1447866000.0	63.75	750	35
snapshot_11_18_2015_18_0.json	1447887600.0	52.05	750	31
snapshot_11_18_2015_6_0.json	1447844400.0	63.75	750	33
snapshot_11_19_2015_0_0.json	1447909200.0	158.11	150	6
snapshot_11_19_2015_12_0.json	1447952400.0	142.9	150	5
snapshot_11_19_2015_6_0.json	1447930800.0	142.9	150	5
snapshot_11_20_2015_0_0.json	1447995600.0	207.25	220	4
snapshot_11_20_2015_12_0.json	1448038800.0	207.25	220	3
snapshot_11_20_2015_12_0.json	1448038800.0	207.25	220	3
snapshot_11_21_2015_12_0.json	1448125200.0	0	0	0
snapshot_11_21_2015_18_0.json	1448146800.0	0	0	0
snapshot_11_22_2015_0_0.json	1448168400.0	0	0	0
snapshot_11_22_2015_18_0.json	1448233200.0	0	0	0
snapshot_11_23_2015_0_0.json	1448254800.0	0	0	0
snapshot_11_23_2015_12_0.json	1448298000.0	0	0	0
snapshot_11_23_2015_6_0.json	1448276400.0	0	0	0
snapshot_11_23_2015_6_0.json	1448276400.0	0	0	0
snapshot_12_3_2015_0_0.json	1449118800.0	0	0	0
snapshot_12_3_2015_0_0.json	1449118800.0	0	0	0
snapshot_12_3_2015_12_0.json	1449162000.0	0	0	0
9231550	2015-11-21T20:31:00Z	PARKING PASSES ONLY Wake Forest at Clemson Tigers	Clemson Memorial Stadium Parking Lots	South Carolina Columbia, SC|5630	29634
snapshot_11_16_2015_0_0.json	1447650000.0	63.75	750	40
snapshot_11_17_2015_12_0.json	1447779600.0	70.77	750	36
snapshot_11_17_2015_18_0.json	1447801200.0	91.83	750	33
snapshot_11_17_2015_18_0.json	1447801200.0	91.83	750	33
snapshot_11_17_2015_6_0.json	1447758000.0	70.77	750	36
snapshot_11_17_2015_6_0.json	1447758000.0	70.77	750	36
snapshot_11_18_2015_0_0.json	1447822800.0	63.75	750	32
snapshot_11_18_2015_12_0.json	1447866000.0	63.75	750	35
snapshot_11_18_2015_18_0.json	1447887600.0	52.05	750	31
snapshot_11_18_2015_6_0.json	1447844400.0	63.75	750	33
snapshot_11_19_2015_0_0.json	1447909200.0	158.11	150	6
snapshot_11_19_2015_12_0.json	1447952400.0	142.9	150	5
snapshot_11_19_2015_6_0.json	1447930800.0	142.9	150	5
snapshot_11_20_2015_0_0.json	1447995600.0	207.25	220	4
snapshot_11_20_2015_12_0.json	1448038800.0	207.25	220	3
snapshot_11_20_2015_12_0.json	1448038800.0	207.25	220	3
snapshot_11_21_2015_12_0.json	1448125200.0	0	0	0
snapshot_11_21_2015_18_0.json	1448146800.0	0	0	0
snapshot_11_22_2015_0_0.json	1448168400.0	0	0	0
snapshot_11_22_2015_18_0.json	1448233200.0	0	0	0
snapshot_11_23_2015_0_0.json	1448254800.0	0	0	0
snapshot_11_23_2015_12_0.json	1448298000.0	0	0	0
snapshot_11_23_2015_6_0.json	1448276400.0	0	0	0
snapshot_11_23_2015_6_0.json	1448276400.0	0	0	0
snapshot_12_3_2015_0_0.json	1449118800.0	0	0	0
snapshot_12_3_2015_0_0.json	1449118800.0	0	0	0
snapshot_12_3_2015_12_0.json	1449162000.0	0	0	0
9231550	2015-11-21T20:31:00Z	PARKING PASSES ONLY Wake Forest at Clemson Tigers	Clemson Memorial Stadium Parking Lots	South Carolina Columbia, SC|5630	29634
snapshot_11_16_2015_0_0.json	1447650000.0	63.75	750	40
snapshot_11_17_2015_12_0.json	1447779600.0	70.77	750	36
snapshot_11_17_2015_18_0.json	1447801200.0	91.83	750	33
snapshot_11_17_2015_18_0.json	1447801200.0	91.83	750	33
snapshot_11_17_2015_6_0.json	1447758000.0	70.77	750	36
snapshot_11_17_2015_6_0.json	1447758000.0	70.77	750	36
snapshot_11_18_2015_0_0.json	1447822800.0	63.75	750	32
snapshot_11_18_2015_12_0.json	1447866000.0	63.75	750	35
snapshot_11_18_2015_18_0.json	1447887600.0	52.05	750	31
snapshot_11_18_2015_6_0.json	1447844400.0	63.75	750	33
snapshot_11_19_2015_0_0.json	1447909200.0	158.11	150	6
snapshot_11_19_2015_12_0.json	1447952400.0	142.9	150	5
snapshot_11_19_2015_6_0.json	1447930800.0	142.9	150	5
snapshot_11_20_2015_0_0.json	1447995600.0	207.25	220	4
snapshot_11_20_2015_12_0.json	1448038800.0	207.25	220	3
snapshot_11_20_2015_12_0.json	1448038800.0	207.25	220	3
snapshot_11_21_2015_12_0.json	1448125200.0	0	0	0
snapshot_11_21_2015_18_0.json	1448146800.0	0	0	0
snapshot_11_22_2015_0_0.json	1448168400.0	0	0	0
snapshot_11_22_2015_18_0.json	1448233200.0	0	0	0
snapshot_11_23_2015_0_0.json	1448254800.0	0	0	0
snapshot_11_23_2015_12_0.json	1448298000.0	0	0	0
snapshot_11_23_2015_6_0.json	1448276400.0	0	0	0
snapshot_11_23_2015_6_0.json	1448276400.0	0	0	0
snapshot_12_3_2015_0_0.json	1449118800.0	0	0	0
snapshot_12_3_2015_0_0.json	1449118800.0	0	0	0
snapshot_12_3_2015_12_0.json	1449162000.0	0	0	0
