9231598	2015-11-21T17:30:00Z	NC State Wolfpack	Carter-Finley Stadium	North Carolina Raleigh-Durham|685	27607
snapshot_11_16_2015_0_0.json	1447650000.0	42.28	219	472
snapshot_11_17_2015_12_0.json	1447779600.0	48.55	219	439
snapshot_11_17_2015_18_0.json	1447801200.0	48.56	269	411
snapshot_11_17_2015_6_0.json	1447758000.0	48.55	219	443
snapshot_11_17_2015_6_0.json	1447758000.0	48.55	219	443
snapshot_11_18_2015_0_0.json	1447822800.0	46.2	269	392
snapshot_11_18_2015_12_0.json	1447866000.0	46.2	269	370
snapshot_11_18_2015_18_0.json	1447887600.0	46.2	269	341
snapshot_11_18_2015_6_0.json	1447844400.0	46.2	269	370
snapshot_11_19_2015_0_0.json	1447909200.0	48.56	115.16	232
snapshot_11_19_2015_12_0.json	1447952400.0	52.81	115.16	204
snapshot_11_19_2015_6_0.json	1447930800.0	52.81	115.16	204
snapshot_11_20_2015_0_0.json	1447995600.0	64.69	99.41	137
snapshot_11_20_2015_12_0.json	1448038800.0	61	99.41	125
snapshot_11_21_2015_12_0.json	1448125200.0	48.13	85.63	46
snapshot_11_21_2015_18_0.json	1448146800.0	0	0	0
snapshot_11_22_2015_0_0.json	1448168400.0	0	0	0
snapshot_11_22_2015_18_0.json	1448233200.0	0	0	0
snapshot_11_22_2015_6_0.json	1448190000.0	0	0	0
snapshot_11_22_2015_6_0.json	1448190000.0	0	0	0
snapshot_11_23_2015_0_0.json	1448254800.0	0	0	0
snapshot_11_23_2015_12_0.json	1448298000.0	0	0	0
snapshot_11_23_2015_6_0.json	1448276400.0	0	0	0
snapshot_11_23_2015_6_0.json	1448276400.0	0	0	0
9231598	2015-11-21T17:30:00Z	NC State Wolfpack	Carter-Finley Stadium	North Carolina Raleigh-Durham|685	27607
snapshot_11_16_2015_0_0.json	1447650000.0	42.28	219	472
snapshot_11_17_2015_12_0.json	1447779600.0	48.55	219	439
snapshot_11_17_2015_18_0.json	1447801200.0	48.56	269	411
snapshot_11_17_2015_6_0.json	1447758000.0	48.55	219	443
snapshot_11_17_2015_6_0.json	1447758000.0	48.55	219	443
snapshot_11_18_2015_0_0.json	1447822800.0	46.2	269	392
snapshot_11_18_2015_12_0.json	1447866000.0	46.2	269	370
snapshot_11_18_2015_18_0.json	1447887600.0	46.2	269	341
snapshot_11_18_2015_6_0.json	1447844400.0	46.2	269	370
snapshot_11_19_2015_0_0.json	1447909200.0	48.56	115.16	232
snapshot_11_19_2015_12_0.json	1447952400.0	52.81	115.16	204
snapshot_11_19_2015_6_0.json	1447930800.0	52.81	115.16	204
snapshot_11_20_2015_0_0.json	1447995600.0	64.69	99.41	137
snapshot_11_20_2015_12_0.json	1448038800.0	61	99.41	125
snapshot_11_21_2015_12_0.json	1448125200.0	48.13	85.63	46
snapshot_11_21_2015_18_0.json	1448146800.0	0	0	0
snapshot_11_22_2015_0_0.json	1448168400.0	0	0	0
snapshot_11_22_2015_18_0.json	1448233200.0	0	0	0
snapshot_11_22_2015_6_0.json	1448190000.0	0	0	0
snapshot_11_22_2015_6_0.json	1448190000.0	0	0	0
snapshot_11_23_2015_0_0.json	1448254800.0	0	0	0
snapshot_11_23_2015_12_0.json	1448298000.0	0	0	0
snapshot_11_23_2015_6_0.json	1448276400.0	0	0	0
snapshot_11_23_2015_6_0.json	1448276400.0	0	0	0
9231598	2015-11-21T17:30:00Z	NC State Wolfpack	Carter-Finley Stadium	North Carolina Raleigh-Durham|685	27607
snapshot_11_16_2015_0_0.json	1447650000.0	42.28	219	472
snapshot_11_17_2015_12_0.json	1447779600.0	48.55	219	439
snapshot_11_17_2015_18_0.json	1447801200.0	48.56	269	411
snapshot_11_17_2015_6_0.json	1447758000.0	48.55	219	443
snapshot_11_17_2015_6_0.json	1447758000.0	48.55	219	443
snapshot_11_18_2015_0_0.json	1447822800.0	46.2	269	392
snapshot_11_18_2015_12_0.json	1447866000.0	46.2	269	370
snapshot_11_18_2015_18_0.json	1447887600.0	46.2	269	341
snapshot_11_18_2015_6_0.json	1447844400.0	46.2	269	370
snapshot_11_19_2015_0_0.json	1447909200.0	48.56	115.16	232
snapshot_11_19_2015_12_0.json	1447952400.0	52.81	115.16	204
snapshot_11_19_2015_6_0.json	1447930800.0	52.81	115.16	204
snapshot_11_20_2015_0_0.json	1447995600.0	64.69	99.41	137
snapshot_11_20_2015_12_0.json	1448038800.0	61	99.41	125
snapshot_11_21_2015_12_0.json	1448125200.0	48.13	85.63	46
snapshot_11_21_2015_18_0.json	1448146800.0	0	0	0
snapshot_11_22_2015_0_0.json	1448168400.0	0	0	0
snapshot_11_22_2015_18_0.json	1448233200.0	0	0	0
snapshot_11_22_2015_6_0.json	1448190000.0	0	0	0
snapshot_11_22_2015_6_0.json	1448190000.0	0	0	0
snapshot_11_23_2015_0_0.json	1448254800.0	0	0	0
snapshot_11_23_2015_12_0.json	1448298000.0	0	0	0
snapshot_11_23_2015_6_0.json	1448276400.0	0	0	0
snapshot_11_23_2015_6_0.json	1448276400.0	0	0	0
9231598	2015-11-21T17:30:00Z	NC State Wolfpack	Carter-Finley Stadium	North Carolina Raleigh-Durham|685	27607
snapshot_11_16_2015_0_0.json	1447650000.0	42.28	219	472
snapshot_11_17_2015_12_0.json	1447779600.0	48.55	219	439
snapshot_11_17_2015_18_0.json	1447801200.0	48.56	269	411
snapshot_11_17_2015_6_0.json	1447758000.0	48.55	219	443
snapshot_11_17_2015_6_0.json	1447758000.0	48.55	219	443
snapshot_11_18_2015_0_0.json	1447822800.0	46.2	269	392
snapshot_11_18_2015_12_0.json	1447866000.0	46.2	269	370
snapshot_11_18_2015_18_0.json	1447887600.0	46.2	269	341
snapshot_11_18_2015_6_0.json	1447844400.0	46.2	269	370
snapshot_11_19_2015_0_0.json	1447909200.0	48.56	115.16	232
snapshot_11_19_2015_12_0.json	1447952400.0	52.81	115.16	204
snapshot_11_19_2015_6_0.json	1447930800.0	52.81	115.16	204
snapshot_11_20_2015_0_0.json	1447995600.0	64.69	99.41	137
snapshot_11_20_2015_12_0.json	1448038800.0	61	99.41	125
snapshot_11_21_2015_12_0.json	1448125200.0	48.13	85.63	46
snapshot_11_21_2015_18_0.json	1448146800.0	0	0	0
snapshot_11_22_2015_0_0.json	1448168400.0	0	0	0
snapshot_11_22_2015_18_0.json	1448233200.0	0	0	0
snapshot_11_22_2015_6_0.json	1448190000.0	0	0	0
snapshot_11_22_2015_6_0.json	1448190000.0	0	0	0
snapshot_11_23_2015_0_0.json	1448254800.0	0	0	0
snapshot_11_23_2015_12_0.json	1448298000.0	0	0	0
snapshot_11_23_2015_6_0.json	1448276400.0	0	0	0
snapshot_11_23_2015_6_0.json	1448276400.0	0	0	0
