9232861	2015-11-27T21:30:00Z	Hoophall Miami Invitational	American Airlines Arena	Florida Miami / S. Florida|669	33132
snapshot_11_16_2015_0_0.json	1447650000.0	21.22	1500	694
snapshot_11_17_2015_0_0.json	1447736400.0	21.22	1500	679
snapshot_11_17_2015_12_0.json	1447779600.0	21.22	1500	668
snapshot_11_17_2015_18_0.json	1447801200.0	21.22	1500	669
snapshot_11_18_2015_0_0.json	1447822800.0	21.22	1500	665
snapshot_11_18_2015_12_0.json	1447866000.0	21.22	1500	650
snapshot_11_18_2015_6_0.json	1447844400.0	21.22	1500	652
snapshot_11_19_2015_0_0.json	1447909200.0	21.22	1500	747
snapshot_11_19_2015_12_0.json	1447952400.0	19.76	1500	738
snapshot_11_20_2015_0_0.json	1447995600.0	16.41	1500	731
snapshot_11_20_2015_12_0.json	1448038800.0	16.41	1399	712
snapshot_11_21_2015_12_0.json	1448125200.0	21.13	1200	689
snapshot_11_21_2015_18_0.json	1448146800.0	21.13	1200	671
snapshot_11_22_2015_0_0.json	1448168400.0	21.13	1200	702
snapshot_11_22_2015_18_0.json	1448233200.0	21.13	1000	669
snapshot_11_22_2015_6_0.json	1448190000.0	21.13	1100	679
snapshot_11_23_2015_0_0.json	1448254800.0	21.13	1000	718
snapshot_11_23_2015_12_0.json	1448298000.0	20.54	1000	701
snapshot_11_23_2015_18_0.json	1448319600.0	19.97	1000	698
snapshot_11_23_2015_6_0.json	1448276400.0	20.54	1000	701
snapshot_11_24_2015_0_0.json	1448341200.0	23.45	1000	623
snapshot_11_24_2015_12_0.json	1448384400.0	19.97	1000	613
snapshot_11_24_2015_18_0.json	1448406000.0	19.97	1000	645
snapshot_11_24_2015_6_0.json	1448362800.0	23.45	1000	613
snapshot_11_25_2015_0_0.json	1448427600.0	19.97	1000	628
snapshot_11_25_2015_12_0.json	1448470800.0	15.25	1000	594
snapshot_11_25_2015_18_0.json	1448492400.0	13.5	283	506
snapshot_11_25_2015_6_0.json	1448449200.0	15.25	1000	602
snapshot_11_26_2015_0_0.json	1448514000.0	15.37	281.58	481
snapshot_11_27_2015_18_0.json	1448665200.0	9.52	2052	373
snapshot_11_28_2015_0_0.json	1448686800.0	0	0	0
snapshot_11_28_2015_12_0.json	1448730000.0	0	0	0
snapshot_11_28_2015_18_0.json	1448751600.0	0	0	0
snapshot_11_28_2015_6_0.json	1448708400.0	0	0	0
snapshot_11_29_2015_0_0.json	1448773200.0	0	0	0
snapshot_11_29_2015_12_0.json	1448816400.0	0	0	0
snapshot_11_29_2015_6_0.json	1448794800.0	0	0	0
9232861	2015-11-27T21:30:00Z	Hoophall Miami Invitational	American Airlines Arena	Florida Miami / S. Florida|669	33132
snapshot_11_16_2015_0_0.json	1447650000.0	21.22	1500	694
snapshot_11_17_2015_0_0.json	1447736400.0	21.22	1500	679
snapshot_11_17_2015_12_0.json	1447779600.0	21.22	1500	668
snapshot_11_17_2015_18_0.json	1447801200.0	21.22	1500	669
snapshot_11_18_2015_0_0.json	1447822800.0	21.22	1500	665
snapshot_11_18_2015_12_0.json	1447866000.0	21.22	1500	650
snapshot_11_18_2015_6_0.json	1447844400.0	21.22	1500	652
snapshot_11_19_2015_0_0.json	1447909200.0	21.22	1500	747
snapshot_11_19_2015_12_0.json	1447952400.0	19.76	1500	738
snapshot_11_20_2015_0_0.json	1447995600.0	16.41	1500	731
snapshot_11_20_2015_12_0.json	1448038800.0	16.41	1399	712
snapshot_11_21_2015_12_0.json	1448125200.0	21.13	1200	689
snapshot_11_21_2015_18_0.json	1448146800.0	21.13	1200	671
snapshot_11_22_2015_0_0.json	1448168400.0	21.13	1200	702
snapshot_11_22_2015_18_0.json	1448233200.0	21.13	1000	669
snapshot_11_22_2015_6_0.json	1448190000.0	21.13	1100	679
snapshot_11_23_2015_0_0.json	1448254800.0	21.13	1000	718
snapshot_11_23_2015_12_0.json	1448298000.0	20.54	1000	701
snapshot_11_23_2015_18_0.json	1448319600.0	19.97	1000	698
snapshot_11_23_2015_6_0.json	1448276400.0	20.54	1000	701
snapshot_11_24_2015_0_0.json	1448341200.0	23.45	1000	623
snapshot_11_24_2015_12_0.json	1448384400.0	19.97	1000	613
snapshot_11_24_2015_18_0.json	1448406000.0	19.97	1000	645
snapshot_11_24_2015_6_0.json	1448362800.0	23.45	1000	613
snapshot_11_25_2015_0_0.json	1448427600.0	19.97	1000	628
snapshot_11_25_2015_12_0.json	1448470800.0	15.25	1000	594
snapshot_11_25_2015_18_0.json	1448492400.0	13.5	283	506
snapshot_11_25_2015_6_0.json	1448449200.0	15.25	1000	602
snapshot_11_26_2015_0_0.json	1448514000.0	15.37	281.58	481
snapshot_11_27_2015_18_0.json	1448665200.0	9.52	2052	373
snapshot_11_28_2015_0_0.json	1448686800.0	0	0	0
snapshot_11_28_2015_12_0.json	1448730000.0	0	0	0
snapshot_11_28_2015_18_0.json	1448751600.0	0	0	0
snapshot_11_28_2015_6_0.json	1448708400.0	0	0	0
snapshot_11_29_2015_0_0.json	1448773200.0	0	0	0
snapshot_11_29_2015_12_0.json	1448816400.0	0	0	0
snapshot_11_29_2015_6_0.json	1448794800.0	0	0	0
9232861	2015-11-27T21:30:00Z	Hoophall Miami Invitational	American Airlines Arena	Florida Miami / S. Florida|669	33132
snapshot_11_16_2015_0_0.json	1447650000.0	21.22	1500	694
snapshot_11_17_2015_0_0.json	1447736400.0	21.22	1500	679
snapshot_11_17_2015_12_0.json	1447779600.0	21.22	1500	668
snapshot_11_17_2015_18_0.json	1447801200.0	21.22	1500	669
snapshot_11_18_2015_0_0.json	1447822800.0	21.22	1500	665
snapshot_11_18_2015_12_0.json	1447866000.0	21.22	1500	650
snapshot_11_18_2015_6_0.json	1447844400.0	21.22	1500	652
snapshot_11_19_2015_0_0.json	1447909200.0	21.22	1500	747
snapshot_11_19_2015_12_0.json	1447952400.0	19.76	1500	738
snapshot_11_20_2015_0_0.json	1447995600.0	16.41	1500	731
snapshot_11_20_2015_12_0.json	1448038800.0	16.41	1399	712
snapshot_11_21_2015_12_0.json	1448125200.0	21.13	1200	689
snapshot_11_21_2015_18_0.json	1448146800.0	21.13	1200	671
snapshot_11_22_2015_0_0.json	1448168400.0	21.13	1200	702
snapshot_11_22_2015_18_0.json	1448233200.0	21.13	1000	669
snapshot_11_22_2015_6_0.json	1448190000.0	21.13	1100	679
snapshot_11_23_2015_0_0.json	1448254800.0	21.13	1000	718
snapshot_11_23_2015_12_0.json	1448298000.0	20.54	1000	701
snapshot_11_23_2015_18_0.json	1448319600.0	19.97	1000	698
snapshot_11_23_2015_6_0.json	1448276400.0	20.54	1000	701
snapshot_11_24_2015_0_0.json	1448341200.0	23.45	1000	623
snapshot_11_24_2015_12_0.json	1448384400.0	19.97	1000	613
snapshot_11_24_2015_18_0.json	1448406000.0	19.97	1000	645
snapshot_11_24_2015_6_0.json	1448362800.0	23.45	1000	613
snapshot_11_25_2015_0_0.json	1448427600.0	19.97	1000	628
snapshot_11_25_2015_12_0.json	1448470800.0	15.25	1000	594
snapshot_11_25_2015_18_0.json	1448492400.0	13.5	283	506
snapshot_11_25_2015_6_0.json	1448449200.0	15.25	1000	602
snapshot_11_26_2015_0_0.json	1448514000.0	15.37	281.58	481
snapshot_11_27_2015_18_0.json	1448665200.0	9.52	2052	373
snapshot_11_28_2015_0_0.json	1448686800.0	0	0	0
snapshot_11_28_2015_12_0.json	1448730000.0	0	0	0
snapshot_11_28_2015_18_0.json	1448751600.0	0	0	0
snapshot_11_28_2015_6_0.json	1448708400.0	0	0	0
snapshot_11_29_2015_0_0.json	1448773200.0	0	0	0
snapshot_11_29_2015_12_0.json	1448816400.0	0	0	0
snapshot_11_29_2015_6_0.json	1448794800.0	0	0	0
9232861	2015-11-27T21:30:00Z	Hoophall Miami Invitational	American Airlines Arena	Florida Miami / S. Florida|669	33132
snapshot_11_16_2015_0_0.json	1447650000.0	21.22	1500	694
snapshot_11_17_2015_0_0.json	1447736400.0	21.22	1500	679
snapshot_11_17_2015_12_0.json	1447779600.0	21.22	1500	668
snapshot_11_17_2015_18_0.json	1447801200.0	21.22	1500	669
snapshot_11_18_2015_0_0.json	1447822800.0	21.22	1500	665
snapshot_11_18_2015_12_0.json	1447866000.0	21.22	1500	650
snapshot_11_18_2015_6_0.json	1447844400.0	21.22	1500	652
snapshot_11_19_2015_0_0.json	1447909200.0	21.22	1500	747
snapshot_11_19_2015_12_0.json	1447952400.0	19.76	1500	738
snapshot_11_20_2015_0_0.json	1447995600.0	16.41	1500	731
snapshot_11_20_2015_12_0.json	1448038800.0	16.41	1399	712
snapshot_11_21_2015_12_0.json	1448125200.0	21.13	1200	689
snapshot_11_21_2015_18_0.json	1448146800.0	21.13	1200	671
snapshot_11_22_2015_0_0.json	1448168400.0	21.13	1200	702
snapshot_11_22_2015_18_0.json	1448233200.0	21.13	1000	669
snapshot_11_22_2015_6_0.json	1448190000.0	21.13	1100	679
snapshot_11_23_2015_0_0.json	1448254800.0	21.13	1000	718
snapshot_11_23_2015_12_0.json	1448298000.0	20.54	1000	701
snapshot_11_23_2015_18_0.json	1448319600.0	19.97	1000	698
snapshot_11_23_2015_6_0.json	1448276400.0	20.54	1000	701
snapshot_11_24_2015_0_0.json	1448341200.0	23.45	1000	623
snapshot_11_24_2015_12_0.json	1448384400.0	19.97	1000	613
snapshot_11_24_2015_18_0.json	1448406000.0	19.97	1000	645
snapshot_11_24_2015_6_0.json	1448362800.0	23.45	1000	613
snapshot_11_25_2015_0_0.json	1448427600.0	19.97	1000	628
snapshot_11_25_2015_12_0.json	1448470800.0	15.25	1000	594
snapshot_11_25_2015_18_0.json	1448492400.0	13.5	283	506
snapshot_11_25_2015_6_0.json	1448449200.0	15.25	1000	602
snapshot_11_26_2015_0_0.json	1448514000.0	15.37	281.58	481
snapshot_11_27_2015_18_0.json	1448665200.0	9.52	2052	373
snapshot_11_28_2015_0_0.json	1448686800.0	0	0	0
snapshot_11_28_2015_12_0.json	1448730000.0	0	0	0
snapshot_11_28_2015_18_0.json	1448751600.0	0	0	0
snapshot_11_28_2015_6_0.json	1448708400.0	0	0	0
snapshot_11_29_2015_0_0.json	1448773200.0	0	0	0
snapshot_11_29_2015_12_0.json	1448816400.0	0	0	0
snapshot_11_29_2015_6_0.json	1448794800.0	0	0	0
