9232869	2015-11-22T00:30:00Z	Boston College Eagles	Fenway Park	Massachusetts Boston|674	02215
snapshot_11_16_2015_0_0.json	1447650000.0	266.16	42042	841
snapshot_11_17_2015_0_0.json	1447736400.0	231.06	42042	875
snapshot_11_17_2015_12_0.json	1447779600.0	247.44	42042	842
snapshot_11_17_2015_18_0.json	1447801200.0	297.75	42042	821
snapshot_11_17_2015_6_0.json	1447758000.0	247.44	42042	840
snapshot_11_17_2015_6_0.json	1447758000.0	247.44	42042	840
snapshot_11_18_2015_0_0.json	1447822800.0	247.44	42042	820
snapshot_11_18_2015_12_0.json	1447866000.0	238.08	42042	802
snapshot_11_18_2015_18_0.json	1447887600.0	245.1	42042	788
snapshot_11_18_2015_6_0.json	1447844400.0	238.08	42042	799
snapshot_11_19_2015_0_0.json	1447909200.0	225.21	2800	293
snapshot_11_19_2015_12_0.json	1447952400.0	249.78	2800	254
snapshot_11_19_2015_6_0.json	1447930800.0	249.78	2800	254
snapshot_11_20_2015_0_0.json	1447995600.0	208.83	1056	261
snapshot_11_20_2015_12_0.json	1448038800.0	218.19	1014	262
snapshot_11_21_2015_12_0.json	1448125200.0	162.03	834	316
snapshot_11_21_2015_18_0.json	1448146800.0	186.6	650	166
snapshot_11_22_2015_0_0.json	1448168400.0	139.8	520	54
snapshot_11_22_2015_12_0.json	1448211600.0	0	0	0
snapshot_11_22_2015_18_0.json	1448233200.0	0	0	0
snapshot_11_22_2015_6_0.json	1448190000.0	0	0	0
snapshot_11_23_2015_0_0.json	1448254800.0	0	0	0
snapshot_11_23_2015_12_0.json	1448298000.0	0	0	0
snapshot_11_23_2015_18_0.json	1448319600.0	0	0	0
snapshot_11_23_2015_6_0.json	1448276400.0	0	0	0
snapshot_11_24_2015_0_0.json	1448341200.0	0	0	0
snapshot_11_24_2015_6_0.json	1448362800.0	0	0	0
snapshot_12_3_2015_0_0.json	1449118800.0	0	0	0
snapshot_12_3_2015_0_0.json	1449118800.0	0	0	0
snapshot_12_3_2015_12_0.json	1449162000.0	0	0	0
snapshot_12_5_2015_18_0.json	1449356400.0	0	0	0
9232869	2015-11-22T00:30:00Z	Boston College Eagles	Fenway Park	Massachusetts Boston|674	02215
snapshot_11_16_2015_0_0.json	1447650000.0	266.16	42042	841
snapshot_11_17_2015_0_0.json	1447736400.0	231.06	42042	875
snapshot_11_17_2015_12_0.json	1447779600.0	247.44	42042	842
snapshot_11_17_2015_18_0.json	1447801200.0	297.75	42042	821
snapshot_11_17_2015_6_0.json	1447758000.0	247.44	42042	840
snapshot_11_17_2015_6_0.json	1447758000.0	247.44	42042	840
snapshot_11_18_2015_0_0.json	1447822800.0	247.44	42042	820
snapshot_11_18_2015_12_0.json	1447866000.0	238.08	42042	802
snapshot_11_18_2015_18_0.json	1447887600.0	245.1	42042	788
snapshot_11_18_2015_6_0.json	1447844400.0	238.08	42042	799
snapshot_11_19_2015_0_0.json	1447909200.0	225.21	2800	293
snapshot_11_19_2015_12_0.json	1447952400.0	249.78	2800	254
snapshot_11_19_2015_6_0.json	1447930800.0	249.78	2800	254
snapshot_11_20_2015_0_0.json	1447995600.0	208.83	1056	261
snapshot_11_20_2015_12_0.json	1448038800.0	218.19	1014	262
snapshot_11_21_2015_12_0.json	1448125200.0	162.03	834	316
snapshot_11_21_2015_18_0.json	1448146800.0	186.6	650	166
snapshot_11_22_2015_0_0.json	1448168400.0	139.8	520	54
snapshot_11_22_2015_12_0.json	1448211600.0	0	0	0
snapshot_11_22_2015_18_0.json	1448233200.0	0	0	0
snapshot_11_22_2015_6_0.json	1448190000.0	0	0	0
snapshot_11_23_2015_0_0.json	1448254800.0	0	0	0
snapshot_11_23_2015_12_0.json	1448298000.0	0	0	0
snapshot_11_23_2015_18_0.json	1448319600.0	0	0	0
snapshot_11_23_2015_6_0.json	1448276400.0	0	0	0
snapshot_11_24_2015_0_0.json	1448341200.0	0	0	0
snapshot_11_24_2015_6_0.json	1448362800.0	0	0	0
snapshot_12_3_2015_0_0.json	1449118800.0	0	0	0
snapshot_12_3_2015_0_0.json	1449118800.0	0	0	0
snapshot_12_3_2015_12_0.json	1449162000.0	0	0	0
snapshot_12_5_2015_18_0.json	1449356400.0	0	0	0
9232869	2015-11-22T00:30:00Z	Boston College Eagles	Fenway Park	Massachusetts Boston|674	02215
snapshot_11_16_2015_0_0.json	1447650000.0	266.16	42042	841
snapshot_11_17_2015_0_0.json	1447736400.0	231.06	42042	875
snapshot_11_17_2015_12_0.json	1447779600.0	247.44	42042	842
snapshot_11_17_2015_18_0.json	1447801200.0	297.75	42042	821
snapshot_11_17_2015_6_0.json	1447758000.0	247.44	42042	840
snapshot_11_17_2015_6_0.json	1447758000.0	247.44	42042	840
snapshot_11_18_2015_0_0.json	1447822800.0	247.44	42042	820
snapshot_11_18_2015_12_0.json	1447866000.0	238.08	42042	802
snapshot_11_18_2015_18_0.json	1447887600.0	245.1	42042	788
snapshot_11_18_2015_6_0.json	1447844400.0	238.08	42042	799
snapshot_11_19_2015_0_0.json	1447909200.0	225.21	2800	293
snapshot_11_19_2015_12_0.json	1447952400.0	249.78	2800	254
snapshot_11_19_2015_6_0.json	1447930800.0	249.78	2800	254
snapshot_11_20_2015_0_0.json	1447995600.0	208.83	1056	261
snapshot_11_20_2015_12_0.json	1448038800.0	218.19	1014	262
snapshot_11_21_2015_12_0.json	1448125200.0	162.03	834	316
snapshot_11_21_2015_18_0.json	1448146800.0	186.6	650	166
snapshot_11_22_2015_0_0.json	1448168400.0	139.8	520	54
snapshot_11_22_2015_12_0.json	1448211600.0	0	0	0
snapshot_11_22_2015_18_0.json	1448233200.0	0	0	0
snapshot_11_22_2015_6_0.json	1448190000.0	0	0	0
snapshot_11_23_2015_0_0.json	1448254800.0	0	0	0
snapshot_11_23_2015_12_0.json	1448298000.0	0	0	0
snapshot_11_23_2015_18_0.json	1448319600.0	0	0	0
snapshot_11_23_2015_6_0.json	1448276400.0	0	0	0
snapshot_11_24_2015_0_0.json	1448341200.0	0	0	0
snapshot_11_24_2015_6_0.json	1448362800.0	0	0	0
snapshot_12_3_2015_0_0.json	1449118800.0	0	0	0
snapshot_12_3_2015_0_0.json	1449118800.0	0	0	0
snapshot_12_3_2015_12_0.json	1449162000.0	0	0	0
snapshot_12_5_2015_18_0.json	1449356400.0	0	0	0
9232869	2015-11-22T00:30:00Z	Boston College Eagles	Fenway Park	Massachusetts Boston|674	02215
snapshot_11_16_2015_0_0.json	1447650000.0	266.16	42042	841
snapshot_11_17_2015_0_0.json	1447736400.0	231.06	42042	875
snapshot_11_17_2015_12_0.json	1447779600.0	247.44	42042	842
snapshot_11_17_2015_18_0.json	1447801200.0	297.75	42042	821
snapshot_11_17_2015_6_0.json	1447758000.0	247.44	42042	840
snapshot_11_17_2015_6_0.json	1447758000.0	247.44	42042	840
snapshot_11_18_2015_0_0.json	1447822800.0	247.44	42042	820
snapshot_11_18_2015_12_0.json	1447866000.0	238.08	42042	802
snapshot_11_18_2015_18_0.json	1447887600.0	245.1	42042	788
snapshot_11_18_2015_6_0.json	1447844400.0	238.08	42042	799
snapshot_11_19_2015_0_0.json	1447909200.0	225.21	2800	293
snapshot_11_19_2015_12_0.json	1447952400.0	249.78	2800	254
snapshot_11_19_2015_6_0.json	1447930800.0	249.78	2800	254
snapshot_11_20_2015_0_0.json	1447995600.0	208.83	1056	261
snapshot_11_20_2015_12_0.json	1448038800.0	218.19	1014	262
snapshot_11_21_2015_12_0.json	1448125200.0	162.03	834	316
snapshot_11_21_2015_18_0.json	1448146800.0	186.6	650	166
snapshot_11_22_2015_0_0.json	1448168400.0	139.8	520	54
snapshot_11_22_2015_12_0.json	1448211600.0	0	0	0
snapshot_11_22_2015_18_0.json	1448233200.0	0	0	0
snapshot_11_22_2015_6_0.json	1448190000.0	0	0	0
snapshot_11_23_2015_0_0.json	1448254800.0	0	0	0
snapshot_11_23_2015_12_0.json	1448298000.0	0	0	0
snapshot_11_23_2015_18_0.json	1448319600.0	0	0	0
snapshot_11_23_2015_6_0.json	1448276400.0	0	0	0
snapshot_11_24_2015_0_0.json	1448341200.0	0	0	0
snapshot_11_24_2015_6_0.json	1448362800.0	0	0	0
snapshot_12_3_2015_0_0.json	1449118800.0	0	0	0
snapshot_12_3_2015_0_0.json	1449118800.0	0	0	0
snapshot_12_3_2015_12_0.json	1449162000.0	0	0	0
snapshot_12_5_2015_18_0.json	1449356400.0	0	0	0
