9232967	2015-12-03T02:30:00Z	Andrea Bocelli	Talking Stick Resort Arena	Arizona Phoenix|226	85004
snapshot_11_16_2015_0_0.json	1447650000.0	115.99	1920	473
snapshot_11_17_2015_0_0.json	1447736400.0	115.99	1600	475
snapshot_11_17_2015_12_0.json	1447779600.0	115.99	1920	491
snapshot_11_17_2015_18_0.json	1447801200.0	115.99	1600	471
snapshot_11_17_2015_6_0.json	1447758000.0	115.99	1600	475
snapshot_11_17_2015_6_0.json	1447758000.0	115.99	1600	475
snapshot_11_18_2015_0_0.json	1447822800.0	115.99	1924	485
snapshot_11_18_2015_12_0.json	1447866000.0	115.99	1964	475
snapshot_11_18_2015_18_0.json	1447887600.0	115.99	1600	434
snapshot_11_18_2015_6_0.json	1447844400.0	115.99	1920	468
snapshot_11_19_2015_0_0.json	1447909200.0	115.99	1964	421
snapshot_11_19_2015_12_0.json	1447952400.0	115.99	1968	431
snapshot_11_19_2015_6_0.json	1447930800.0	115.99	1964	426
snapshot_11_20_2015_0_0.json	1447995600.0	115.99	1964	403
snapshot_11_20_2015_12_0.json	1448038800.0	115.99	1968	412
snapshot_11_21_2015_12_0.json	1448125200.0	115.99	1968	377
snapshot_11_21_2015_18_0.json	1448146800.0	115.99	1968	379
snapshot_11_22_2015_0_0.json	1448168400.0	115.99	1968	378
snapshot_11_22_2015_12_0.json	1448211600.0	115.99	1972	366
snapshot_11_22_2015_18_0.json	1448233200.0	115.99	1972	358
snapshot_11_22_2015_6_0.json	1448190000.0	115.99	1964	351
snapshot_11_23_2015_0_0.json	1448254800.0	115.99	1964	379
snapshot_11_23_2015_12_0.json	1448298000.0	115.99	1968	359
snapshot_11_23_2015_18_0.json	1448319600.0	115.99	1968	339
snapshot_11_23_2015_6_0.json	1448276400.0	115.99	1968	373
snapshot_11_24_2015_0_0.json	1448341200.0	115.99	1544	343
snapshot_11_24_2015_12_0.json	1448384400.0	115.99	1972	339
snapshot_11_24_2015_18_0.json	1448406000.0	115.99	1968	341
snapshot_11_24_2015_6_0.json	1448362800.0	115.99	1972	344
snapshot_11_25_2015_0_0.json	1448427600.0	115.99	1968	339
snapshot_11_25_2015_12_0.json	1448470800.0	115.99	1968	333
snapshot_11_25_2015_18_0.json	1448492400.0	115.99	1972	332
snapshot_11_25_2015_6_0.json	1448449200.0	115.99	1968	329
snapshot_11_26_2015_0_0.json	1448514000.0	115.99	1968	313
snapshot_11_27_2015_18_0.json	1448665200.0	115.99	1548	287
snapshot_11_28_2015_0_0.json	1448686800.0	115.99	1968	224
snapshot_11_28_2015_12_0.json	1448730000.0	115.99	1972	186
snapshot_11_28_2015_18_0.json	1448751600.0	115.99	1972	161
snapshot_11_28_2015_6_0.json	1448708400.0	115.99	1968	186
snapshot_11_29_2015_0_0.json	1448773200.0	115.99	998.89	132
snapshot_11_29_2015_12_0.json	1448816400.0	115.99	1972	185
snapshot_11_29_2015_18_0.json	1448838000.0	115.99	1972	189
snapshot_11_29_2015_6_0.json	1448794800.0	115.99	1972	168
snapshot_11_30_2015_0_0.json	1448859600.0	115.99	2200	174
snapshot_11_30_2015_12_0.json	1448902800.0	115.99	2200	168
snapshot_11_30_2015_18_0.json	1448924400.0	115.99	1972	166
snapshot_11_30_2015_6_0.json	1448881200.0	115.99	2200	163
snapshot_12_1_2015_0_0.json	1448946000.0	125.35	1972	146
snapshot_12_1_2015_12_0.json	1448989200.0	125.35	921.11	53
snapshot_12_1_2015_18_0.json	1449010800.0	125.35	624.97	53
snapshot_12_1_2015_6_0.json	1448967600.0	125.35	921.11	53
snapshot_12_1_2015_6_0.json	1448967600.0	125.35	921.11	53
snapshot_12_2_2015_0_0.json	1449032400.0	113.64	1000	59
snapshot_12_2_2015_12_0.json	1449075600.0	113.64	1000	63
snapshot_12_2_2015_18_0.json	1449097200.0	113.64	1000	54
snapshot_12_2_2015_6_0.json	1449054000.0	113.64	1000	57
snapshot_12_3_2015_0_0.json	1449118800.0	78.55	1000	47
snapshot_12_3_2015_12_0.json	1449162000.0	0	0	0
snapshot_12_3_2015_18_0.json	1449183600.0	0	0	0
snapshot_12_3_2015_6_0.json	1449140400.0	0	0	0
snapshot_12_4_2015_0_0.json	1449205200.0	0	0	0
snapshot_12_4_2015_12_0.json	1449248400.0	0	0	0
snapshot_12_4_2015_18_0.json	1449270000.0	0	0	0
snapshot_12_4_2015_6_0.json	1449226800.0	0	0	0
9232967	2015-12-03T02:30:00Z	Andrea Bocelli	Talking Stick Resort Arena	Arizona Phoenix|226	85004
snapshot_11_16_2015_0_0.json	1447650000.0	115.99	1920	473
snapshot_11_17_2015_0_0.json	1447736400.0	115.99	1600	475
snapshot_11_17_2015_12_0.json	1447779600.0	115.99	1920	491
snapshot_11_17_2015_18_0.json	1447801200.0	115.99	1600	471
snapshot_11_17_2015_6_0.json	1447758000.0	115.99	1600	475
snapshot_11_17_2015_6_0.json	1447758000.0	115.99	1600	475
snapshot_11_18_2015_0_0.json	1447822800.0	115.99	1924	485
snapshot_11_18_2015_12_0.json	1447866000.0	115.99	1964	475
snapshot_11_18_2015_18_0.json	1447887600.0	115.99	1600	434
snapshot_11_18_2015_6_0.json	1447844400.0	115.99	1920	468
snapshot_11_19_2015_0_0.json	1447909200.0	115.99	1964	421
snapshot_11_19_2015_12_0.json	1447952400.0	115.99	1968	431
snapshot_11_19_2015_6_0.json	1447930800.0	115.99	1964	426
snapshot_11_20_2015_0_0.json	1447995600.0	115.99	1964	403
snapshot_11_20_2015_12_0.json	1448038800.0	115.99	1968	412
snapshot_11_21_2015_12_0.json	1448125200.0	115.99	1968	377
snapshot_11_21_2015_18_0.json	1448146800.0	115.99	1968	379
snapshot_11_22_2015_0_0.json	1448168400.0	115.99	1968	378
snapshot_11_22_2015_12_0.json	1448211600.0	115.99	1972	366
snapshot_11_22_2015_18_0.json	1448233200.0	115.99	1972	358
snapshot_11_22_2015_6_0.json	1448190000.0	115.99	1964	351
snapshot_11_23_2015_0_0.json	1448254800.0	115.99	1964	379
snapshot_11_23_2015_12_0.json	1448298000.0	115.99	1968	359
snapshot_11_23_2015_18_0.json	1448319600.0	115.99	1968	339
snapshot_11_23_2015_6_0.json	1448276400.0	115.99	1968	373
snapshot_11_24_2015_0_0.json	1448341200.0	115.99	1544	343
snapshot_11_24_2015_12_0.json	1448384400.0	115.99	1972	339
snapshot_11_24_2015_18_0.json	1448406000.0	115.99	1968	341
snapshot_11_24_2015_6_0.json	1448362800.0	115.99	1972	344
snapshot_11_25_2015_0_0.json	1448427600.0	115.99	1968	339
snapshot_11_25_2015_12_0.json	1448470800.0	115.99	1968	333
snapshot_11_25_2015_18_0.json	1448492400.0	115.99	1972	332
snapshot_11_25_2015_6_0.json	1448449200.0	115.99	1968	329
snapshot_11_26_2015_0_0.json	1448514000.0	115.99	1968	313
snapshot_11_27_2015_18_0.json	1448665200.0	115.99	1548	287
snapshot_11_28_2015_0_0.json	1448686800.0	115.99	1968	224
snapshot_11_28_2015_12_0.json	1448730000.0	115.99	1972	186
snapshot_11_28_2015_18_0.json	1448751600.0	115.99	1972	161
snapshot_11_28_2015_6_0.json	1448708400.0	115.99	1968	186
snapshot_11_29_2015_0_0.json	1448773200.0	115.99	998.89	132
snapshot_11_29_2015_12_0.json	1448816400.0	115.99	1972	185
snapshot_11_29_2015_18_0.json	1448838000.0	115.99	1972	189
snapshot_11_29_2015_6_0.json	1448794800.0	115.99	1972	168
snapshot_11_30_2015_0_0.json	1448859600.0	115.99	2200	174
snapshot_11_30_2015_12_0.json	1448902800.0	115.99	2200	168
snapshot_11_30_2015_18_0.json	1448924400.0	115.99	1972	166
snapshot_11_30_2015_6_0.json	1448881200.0	115.99	2200	163
snapshot_12_1_2015_0_0.json	1448946000.0	125.35	1972	146
snapshot_12_1_2015_12_0.json	1448989200.0	125.35	921.11	53
snapshot_12_1_2015_18_0.json	1449010800.0	125.35	624.97	53
snapshot_12_1_2015_6_0.json	1448967600.0	125.35	921.11	53
snapshot_12_1_2015_6_0.json	1448967600.0	125.35	921.11	53
snapshot_12_2_2015_0_0.json	1449032400.0	113.64	1000	59
snapshot_12_2_2015_12_0.json	1449075600.0	113.64	1000	63
snapshot_12_2_2015_18_0.json	1449097200.0	113.64	1000	54
snapshot_12_2_2015_6_0.json	1449054000.0	113.64	1000	57
snapshot_12_3_2015_0_0.json	1449118800.0	78.55	1000	47
snapshot_12_3_2015_12_0.json	1449162000.0	0	0	0
snapshot_12_3_2015_18_0.json	1449183600.0	0	0	0
snapshot_12_3_2015_6_0.json	1449140400.0	0	0	0
snapshot_12_4_2015_0_0.json	1449205200.0	0	0	0
snapshot_12_4_2015_12_0.json	1449248400.0	0	0	0
snapshot_12_4_2015_18_0.json	1449270000.0	0	0	0
snapshot_12_4_2015_6_0.json	1449226800.0	0	0	0
9232967	2015-12-03T02:30:00Z	Andrea Bocelli	Talking Stick Resort Arena	Arizona Phoenix|226	85004
snapshot_11_16_2015_0_0.json	1447650000.0	115.99	1920	473
snapshot_11_17_2015_0_0.json	1447736400.0	115.99	1600	475
snapshot_11_17_2015_12_0.json	1447779600.0	115.99	1920	491
snapshot_11_17_2015_18_0.json	1447801200.0	115.99	1600	471
snapshot_11_17_2015_6_0.json	1447758000.0	115.99	1600	475
snapshot_11_17_2015_6_0.json	1447758000.0	115.99	1600	475
snapshot_11_18_2015_0_0.json	1447822800.0	115.99	1924	485
snapshot_11_18_2015_12_0.json	1447866000.0	115.99	1964	475
snapshot_11_18_2015_18_0.json	1447887600.0	115.99	1600	434
snapshot_11_18_2015_6_0.json	1447844400.0	115.99	1920	468
snapshot_11_19_2015_0_0.json	1447909200.0	115.99	1964	421
snapshot_11_19_2015_12_0.json	1447952400.0	115.99	1968	431
snapshot_11_19_2015_6_0.json	1447930800.0	115.99	1964	426
snapshot_11_20_2015_0_0.json	1447995600.0	115.99	1964	403
snapshot_11_20_2015_12_0.json	1448038800.0	115.99	1968	412
snapshot_11_21_2015_12_0.json	1448125200.0	115.99	1968	377
snapshot_11_21_2015_18_0.json	1448146800.0	115.99	1968	379
snapshot_11_22_2015_0_0.json	1448168400.0	115.99	1968	378
snapshot_11_22_2015_12_0.json	1448211600.0	115.99	1972	366
snapshot_11_22_2015_18_0.json	1448233200.0	115.99	1972	358
snapshot_11_22_2015_6_0.json	1448190000.0	115.99	1964	351
snapshot_11_23_2015_0_0.json	1448254800.0	115.99	1964	379
snapshot_11_23_2015_12_0.json	1448298000.0	115.99	1968	359
snapshot_11_23_2015_18_0.json	1448319600.0	115.99	1968	339
snapshot_11_23_2015_6_0.json	1448276400.0	115.99	1968	373
snapshot_11_24_2015_0_0.json	1448341200.0	115.99	1544	343
snapshot_11_24_2015_12_0.json	1448384400.0	115.99	1972	339
snapshot_11_24_2015_18_0.json	1448406000.0	115.99	1968	341
snapshot_11_24_2015_6_0.json	1448362800.0	115.99	1972	344
snapshot_11_25_2015_0_0.json	1448427600.0	115.99	1968	339
snapshot_11_25_2015_12_0.json	1448470800.0	115.99	1968	333
snapshot_11_25_2015_18_0.json	1448492400.0	115.99	1972	332
snapshot_11_25_2015_6_0.json	1448449200.0	115.99	1968	329
snapshot_11_26_2015_0_0.json	1448514000.0	115.99	1968	313
snapshot_11_27_2015_18_0.json	1448665200.0	115.99	1548	287
snapshot_11_28_2015_0_0.json	1448686800.0	115.99	1968	224
snapshot_11_28_2015_12_0.json	1448730000.0	115.99	1972	186
snapshot_11_28_2015_18_0.json	1448751600.0	115.99	1972	161
snapshot_11_28_2015_6_0.json	1448708400.0	115.99	1968	186
snapshot_11_29_2015_0_0.json	1448773200.0	115.99	998.89	132
snapshot_11_29_2015_12_0.json	1448816400.0	115.99	1972	185
snapshot_11_29_2015_18_0.json	1448838000.0	115.99	1972	189
snapshot_11_29_2015_6_0.json	1448794800.0	115.99	1972	168
snapshot_11_30_2015_0_0.json	1448859600.0	115.99	2200	174
snapshot_11_30_2015_12_0.json	1448902800.0	115.99	2200	168
snapshot_11_30_2015_18_0.json	1448924400.0	115.99	1972	166
snapshot_11_30_2015_6_0.json	1448881200.0	115.99	2200	163
snapshot_12_1_2015_0_0.json	1448946000.0	125.35	1972	146
snapshot_12_1_2015_12_0.json	1448989200.0	125.35	921.11	53
snapshot_12_1_2015_18_0.json	1449010800.0	125.35	624.97	53
snapshot_12_1_2015_6_0.json	1448967600.0	125.35	921.11	53
snapshot_12_1_2015_6_0.json	1448967600.0	125.35	921.11	53
snapshot_12_2_2015_0_0.json	1449032400.0	113.64	1000	59
snapshot_12_2_2015_12_0.json	1449075600.0	113.64	1000	63
snapshot_12_2_2015_18_0.json	1449097200.0	113.64	1000	54
snapshot_12_2_2015_6_0.json	1449054000.0	113.64	1000	57
snapshot_12_3_2015_0_0.json	1449118800.0	78.55	1000	47
snapshot_12_3_2015_12_0.json	1449162000.0	0	0	0
snapshot_12_3_2015_18_0.json	1449183600.0	0	0	0
snapshot_12_3_2015_6_0.json	1449140400.0	0	0	0
snapshot_12_4_2015_0_0.json	1449205200.0	0	0	0
snapshot_12_4_2015_12_0.json	1449248400.0	0	0	0
snapshot_12_4_2015_18_0.json	1449270000.0	0	0	0
snapshot_12_4_2015_6_0.json	1449226800.0	0	0	0
9232967	2015-12-03T02:30:00Z	Andrea Bocelli	Talking Stick Resort Arena	Arizona Phoenix|226	85004
snapshot_11_16_2015_0_0.json	1447650000.0	115.99	1920	473
snapshot_11_17_2015_0_0.json	1447736400.0	115.99	1600	475
snapshot_11_17_2015_12_0.json	1447779600.0	115.99	1920	491
snapshot_11_17_2015_18_0.json	1447801200.0	115.99	1600	471
snapshot_11_17_2015_6_0.json	1447758000.0	115.99	1600	475
snapshot_11_17_2015_6_0.json	1447758000.0	115.99	1600	475
snapshot_11_18_2015_0_0.json	1447822800.0	115.99	1924	485
snapshot_11_18_2015_12_0.json	1447866000.0	115.99	1964	475
snapshot_11_18_2015_18_0.json	1447887600.0	115.99	1600	434
snapshot_11_18_2015_6_0.json	1447844400.0	115.99	1920	468
snapshot_11_19_2015_0_0.json	1447909200.0	115.99	1964	421
snapshot_11_19_2015_12_0.json	1447952400.0	115.99	1968	431
snapshot_11_19_2015_6_0.json	1447930800.0	115.99	1964	426
snapshot_11_20_2015_0_0.json	1447995600.0	115.99	1964	403
snapshot_11_20_2015_12_0.json	1448038800.0	115.99	1968	412
snapshot_11_21_2015_12_0.json	1448125200.0	115.99	1968	377
snapshot_11_21_2015_18_0.json	1448146800.0	115.99	1968	379
snapshot_11_22_2015_0_0.json	1448168400.0	115.99	1968	378
snapshot_11_22_2015_12_0.json	1448211600.0	115.99	1972	366
snapshot_11_22_2015_18_0.json	1448233200.0	115.99	1972	358
snapshot_11_22_2015_6_0.json	1448190000.0	115.99	1964	351
snapshot_11_23_2015_0_0.json	1448254800.0	115.99	1964	379
snapshot_11_23_2015_12_0.json	1448298000.0	115.99	1968	359
snapshot_11_23_2015_18_0.json	1448319600.0	115.99	1968	339
snapshot_11_23_2015_6_0.json	1448276400.0	115.99	1968	373
snapshot_11_24_2015_0_0.json	1448341200.0	115.99	1544	343
snapshot_11_24_2015_12_0.json	1448384400.0	115.99	1972	339
snapshot_11_24_2015_18_0.json	1448406000.0	115.99	1968	341
snapshot_11_24_2015_6_0.json	1448362800.0	115.99	1972	344
snapshot_11_25_2015_0_0.json	1448427600.0	115.99	1968	339
snapshot_11_25_2015_12_0.json	1448470800.0	115.99	1968	333
snapshot_11_25_2015_18_0.json	1448492400.0	115.99	1972	332
snapshot_11_25_2015_6_0.json	1448449200.0	115.99	1968	329
snapshot_11_26_2015_0_0.json	1448514000.0	115.99	1968	313
snapshot_11_27_2015_18_0.json	1448665200.0	115.99	1548	287
snapshot_11_28_2015_0_0.json	1448686800.0	115.99	1968	224
snapshot_11_28_2015_12_0.json	1448730000.0	115.99	1972	186
snapshot_11_28_2015_18_0.json	1448751600.0	115.99	1972	161
snapshot_11_28_2015_6_0.json	1448708400.0	115.99	1968	186
snapshot_11_29_2015_0_0.json	1448773200.0	115.99	998.89	132
snapshot_11_29_2015_12_0.json	1448816400.0	115.99	1972	185
snapshot_11_29_2015_18_0.json	1448838000.0	115.99	1972	189
snapshot_11_29_2015_6_0.json	1448794800.0	115.99	1972	168
snapshot_11_30_2015_0_0.json	1448859600.0	115.99	2200	174
snapshot_11_30_2015_12_0.json	1448902800.0	115.99	2200	168
snapshot_11_30_2015_18_0.json	1448924400.0	115.99	1972	166
snapshot_11_30_2015_6_0.json	1448881200.0	115.99	2200	163
snapshot_12_1_2015_0_0.json	1448946000.0	125.35	1972	146
snapshot_12_1_2015_12_0.json	1448989200.0	125.35	921.11	53
snapshot_12_1_2015_18_0.json	1449010800.0	125.35	624.97	53
snapshot_12_1_2015_6_0.json	1448967600.0	125.35	921.11	53
snapshot_12_1_2015_6_0.json	1448967600.0	125.35	921.11	53
snapshot_12_2_2015_0_0.json	1449032400.0	113.64	1000	59
snapshot_12_2_2015_12_0.json	1449075600.0	113.64	1000	63
snapshot_12_2_2015_18_0.json	1449097200.0	113.64	1000	54
snapshot_12_2_2015_6_0.json	1449054000.0	113.64	1000	57
snapshot_12_3_2015_0_0.json	1449118800.0	78.55	1000	47
snapshot_12_3_2015_12_0.json	1449162000.0	0	0	0
snapshot_12_3_2015_18_0.json	1449183600.0	0	0	0
snapshot_12_3_2015_6_0.json	1449140400.0	0	0	0
snapshot_12_4_2015_0_0.json	1449205200.0	0	0	0
snapshot_12_4_2015_12_0.json	1449248400.0	0	0	0
snapshot_12_4_2015_18_0.json	1449270000.0	0	0	0
snapshot_12_4_2015_6_0.json	1449226800.0	0	0	0
