9232661	2016-05-15T00:00:00Z	Beauty and the Beast	Hippodrome at France-Merrick PAC	Maryland Baltimore|81691	21201
snapshot_11_16_2015_0_0.json	1447650000.0	70.36	926	198
snapshot_11_17_2015_12_0.json	1447779600.0	70.36	443	198
snapshot_11_17_2015_18_0.json	1447801200.0	70.36	649	198
snapshot_11_17_2015_6_0.json	1447758000.0	70.36	953	198
snapshot_11_17_2015_6_0.json	1447758000.0	70.36	953	198
snapshot_11_18_2015_0_0.json	1447822800.0	70.36	514	198
snapshot_11_18_2015_12_0.json	1447866000.0	70.36	927	198
snapshot_11_18_2015_18_0.json	1447887600.0	70.36	791	198
snapshot_11_18_2015_6_0.json	1447844400.0	70.36	720	198
snapshot_11_19_2015_0_0.json	1447909200.0	70.36	289	198
snapshot_11_19_2015_12_0.json	1447952400.0	70.36	362	198
snapshot_11_19_2015_6_0.json	1447930800.0	70.36	502	198
snapshot_11_20_2015_0_0.json	1447995600.0	70.36	435	192
snapshot_11_20_2015_12_0.json	1448038800.0	70.36	861	206
snapshot_11_21_2015_12_0.json	1448125200.0	70.36	269	210
snapshot_11_21_2015_18_0.json	1448146800.0	70.36	482	210
snapshot_11_22_2015_0_0.json	1448168400.0	70.36	695	210
snapshot_11_22_2015_12_0.json	1448211600.0	70.36	768	210
snapshot_11_22_2015_6_0.json	1448190000.0	70.36	507	210
snapshot_11_23_2015_0_0.json	1448254800.0	70.36	841	210
snapshot_11_23_2015_12_0.json	1448298000.0	70.36	914	210
snapshot_11_23_2015_18_0.json	1448319600.0	70.36	388	210
snapshot_11_23_2015_6_0.json	1448276400.0	70.36	315	210
snapshot_11_24_2015_0_0.json	1448341200.0	70.36	601	210
snapshot_11_24_2015_12_0.json	1448384400.0	70.36	668	210
snapshot_11_24_2015_18_0.json	1448406000.0	70.36	879	210
snapshot_11_24_2015_6_0.json	1448362800.0	70.36	457	210
snapshot_11_25_2015_0_0.json	1448427600.0	70.36	740	210
snapshot_11_25_2015_12_0.json	1448470800.0	70.36	812	210
snapshot_11_25_2015_18_0.json	1448492400.0	70.36	292	210
snapshot_11_25_2015_6_0.json	1448449200.0	70.36	903	210
snapshot_11_26_2015_0_0.json	1448514000.0	70.36	455	210
snapshot_11_27_2015_18_0.json	1448665200.0	70.36	931	210
snapshot_11_28_2015_0_0.json	1448686800.0	70.36	410	222
snapshot_11_28_2015_12_0.json	1448730000.0	70.36	483	222
snapshot_11_28_2015_18_0.json	1448751600.0	70.36	693	222
snapshot_11_28_2015_6_0.json	1448708400.0	70.36	956	222
snapshot_11_28_2015_6_0.json	1448708400.0	70.36	956	222
snapshot_11_29_2015_0_0.json	1448773200.0	70.36	507	222
snapshot_11_29_2015_0_0.json	1448773200.0	70.36	507	222
snapshot_11_29_2015_6_0.json	1448794800.0	70.36	507	222
snapshot_11_29_2015_6_0.json	1448794800.0	70.36	507	222
snapshot_11_30_2015_0_0.json	1448859600.0	70.36	300	222
snapshot_11_30_2015_12_0.json	1448902800.0	70.36	610	222
snapshot_11_30_2015_18_0.json	1448924400.0	70.36	796	222
snapshot_11_30_2015_6_0.json	1448881200.0	70.36	821	222
snapshot_12_1_2015_0_0.json	1448946000.0	70.36	538	222
snapshot_12_1_2015_12_0.json	1448989200.0	70.36	466	222
snapshot_12_1_2015_18_0.json	1449010800.0	70.36	265	222
snapshot_12_1_2015_6_0.json	1448967600.0	70.36	327	222
snapshot_12_2_2015_0_0.json	1449032400.0	70.36	394	220
snapshot_12_2_2015_12_0.json	1449075600.0	70.36	703	220
snapshot_12_2_2015_18_0.json	1449097200.0	70.36	842	220
snapshot_12_2_2015_6_0.json	1449054000.0	70.36	962	220
snapshot_12_3_2015_0_0.json	1449118800.0	70.36	631	220
snapshot_12_3_2015_12_0.json	1449162000.0	70.36	559	220
snapshot_12_3_2015_18_0.json	1449183600.0	70.36	348	220
snapshot_12_3_2015_6_0.json	1449140400.0	70.36	420	220
snapshot_12_4_2015_0_0.json	1449205200.0	70.36	869	220
snapshot_12_4_2015_12_0.json	1449248400.0	70.36	796	220
snapshot_12_4_2015_18_0.json	1449270000.0	70.36	935	220
snapshot_12_4_2015_6_0.json	1449226800.0	70.36	350	220
snapshot_12_5_2015_0_0.json	1449291600.0	70.36	771	220
snapshot_12_5_2015_12_0.json	1449334800.0	70.36	651	220
snapshot_12_5_2015_18_0.json	1449356400.0	70.36	703	220
snapshot_12_5_2015_6_0.json	1449313200.0	70.36	513	220
9232661	2016-05-15T00:00:00Z	Beauty and the Beast	Hippodrome at France-Merrick PAC	Maryland Baltimore|81691	21201
snapshot_11_16_2015_0_0.json	1447650000.0	70.36	926	198
snapshot_11_17_2015_12_0.json	1447779600.0	70.36	443	198
snapshot_11_17_2015_18_0.json	1447801200.0	70.36	649	198
snapshot_11_17_2015_6_0.json	1447758000.0	70.36	953	198
snapshot_11_17_2015_6_0.json	1447758000.0	70.36	953	198
snapshot_11_18_2015_0_0.json	1447822800.0	70.36	514	198
snapshot_11_18_2015_12_0.json	1447866000.0	70.36	927	198
snapshot_11_18_2015_18_0.json	1447887600.0	70.36	791	198
snapshot_11_18_2015_6_0.json	1447844400.0	70.36	720	198
snapshot_11_19_2015_0_0.json	1447909200.0	70.36	289	198
snapshot_11_19_2015_12_0.json	1447952400.0	70.36	362	198
snapshot_11_19_2015_6_0.json	1447930800.0	70.36	502	198
snapshot_11_20_2015_0_0.json	1447995600.0	70.36	435	192
snapshot_11_20_2015_12_0.json	1448038800.0	70.36	861	206
snapshot_11_21_2015_12_0.json	1448125200.0	70.36	269	210
snapshot_11_21_2015_18_0.json	1448146800.0	70.36	482	210
snapshot_11_22_2015_0_0.json	1448168400.0	70.36	695	210
snapshot_11_22_2015_12_0.json	1448211600.0	70.36	768	210
snapshot_11_22_2015_6_0.json	1448190000.0	70.36	507	210
snapshot_11_23_2015_0_0.json	1448254800.0	70.36	841	210
snapshot_11_23_2015_12_0.json	1448298000.0	70.36	914	210
snapshot_11_23_2015_18_0.json	1448319600.0	70.36	388	210
snapshot_11_23_2015_6_0.json	1448276400.0	70.36	315	210
snapshot_11_24_2015_0_0.json	1448341200.0	70.36	601	210
snapshot_11_24_2015_12_0.json	1448384400.0	70.36	668	210
snapshot_11_24_2015_18_0.json	1448406000.0	70.36	879	210
snapshot_11_24_2015_6_0.json	1448362800.0	70.36	457	210
snapshot_11_25_2015_0_0.json	1448427600.0	70.36	740	210
snapshot_11_25_2015_12_0.json	1448470800.0	70.36	812	210
snapshot_11_25_2015_18_0.json	1448492400.0	70.36	292	210
snapshot_11_25_2015_6_0.json	1448449200.0	70.36	903	210
snapshot_11_26_2015_0_0.json	1448514000.0	70.36	455	210
snapshot_11_27_2015_18_0.json	1448665200.0	70.36	931	210
snapshot_11_28_2015_0_0.json	1448686800.0	70.36	410	222
snapshot_11_28_2015_12_0.json	1448730000.0	70.36	483	222
snapshot_11_28_2015_18_0.json	1448751600.0	70.36	693	222
snapshot_11_28_2015_6_0.json	1448708400.0	70.36	956	222
snapshot_11_28_2015_6_0.json	1448708400.0	70.36	956	222
snapshot_11_29_2015_0_0.json	1448773200.0	70.36	507	222
snapshot_11_29_2015_0_0.json	1448773200.0	70.36	507	222
snapshot_11_29_2015_6_0.json	1448794800.0	70.36	507	222
snapshot_11_29_2015_6_0.json	1448794800.0	70.36	507	222
snapshot_11_30_2015_0_0.json	1448859600.0	70.36	300	222
snapshot_11_30_2015_12_0.json	1448902800.0	70.36	610	222
snapshot_11_30_2015_18_0.json	1448924400.0	70.36	796	222
snapshot_11_30_2015_6_0.json	1448881200.0	70.36	821	222
snapshot_12_1_2015_0_0.json	1448946000.0	70.36	538	222
snapshot_12_1_2015_12_0.json	1448989200.0	70.36	466	222
snapshot_12_1_2015_18_0.json	1449010800.0	70.36	265	222
snapshot_12_1_2015_6_0.json	1448967600.0	70.36	327	222
snapshot_12_2_2015_0_0.json	1449032400.0	70.36	394	220
snapshot_12_2_2015_12_0.json	1449075600.0	70.36	703	220
snapshot_12_2_2015_18_0.json	1449097200.0	70.36	842	220
snapshot_12_2_2015_6_0.json	1449054000.0	70.36	962	220
snapshot_12_3_2015_0_0.json	1449118800.0	70.36	631	220
snapshot_12_3_2015_12_0.json	1449162000.0	70.36	559	220
snapshot_12_3_2015_18_0.json	1449183600.0	70.36	348	220
snapshot_12_3_2015_6_0.json	1449140400.0	70.36	420	220
snapshot_12_4_2015_0_0.json	1449205200.0	70.36	869	220
snapshot_12_4_2015_12_0.json	1449248400.0	70.36	796	220
snapshot_12_4_2015_18_0.json	1449270000.0	70.36	935	220
snapshot_12_4_2015_6_0.json	1449226800.0	70.36	350	220
snapshot_12_5_2015_0_0.json	1449291600.0	70.36	771	220
snapshot_12_5_2015_12_0.json	1449334800.0	70.36	651	220
snapshot_12_5_2015_18_0.json	1449356400.0	70.36	703	220
snapshot_12_5_2015_6_0.json	1449313200.0	70.36	513	220
9232661	2016-05-15T00:00:00Z	Beauty and the Beast	Hippodrome at France-Merrick PAC	Maryland Baltimore|81691	21201
snapshot_11_16_2015_0_0.json	1447650000.0	70.36	926	198
snapshot_11_17_2015_12_0.json	1447779600.0	70.36	443	198
snapshot_11_17_2015_18_0.json	1447801200.0	70.36	649	198
snapshot_11_17_2015_6_0.json	1447758000.0	70.36	953	198
snapshot_11_17_2015_6_0.json	1447758000.0	70.36	953	198
snapshot_11_18_2015_0_0.json	1447822800.0	70.36	514	198
snapshot_11_18_2015_12_0.json	1447866000.0	70.36	927	198
snapshot_11_18_2015_18_0.json	1447887600.0	70.36	791	198
snapshot_11_18_2015_6_0.json	1447844400.0	70.36	720	198
snapshot_11_19_2015_0_0.json	1447909200.0	70.36	289	198
snapshot_11_19_2015_12_0.json	1447952400.0	70.36	362	198
snapshot_11_19_2015_6_0.json	1447930800.0	70.36	502	198
snapshot_11_20_2015_0_0.json	1447995600.0	70.36	435	192
snapshot_11_20_2015_12_0.json	1448038800.0	70.36	861	206
snapshot_11_21_2015_12_0.json	1448125200.0	70.36	269	210
snapshot_11_21_2015_18_0.json	1448146800.0	70.36	482	210
snapshot_11_22_2015_0_0.json	1448168400.0	70.36	695	210
snapshot_11_22_2015_12_0.json	1448211600.0	70.36	768	210
snapshot_11_22_2015_6_0.json	1448190000.0	70.36	507	210
snapshot_11_23_2015_0_0.json	1448254800.0	70.36	841	210
snapshot_11_23_2015_12_0.json	1448298000.0	70.36	914	210
snapshot_11_23_2015_18_0.json	1448319600.0	70.36	388	210
snapshot_11_23_2015_6_0.json	1448276400.0	70.36	315	210
snapshot_11_24_2015_0_0.json	1448341200.0	70.36	601	210
snapshot_11_24_2015_12_0.json	1448384400.0	70.36	668	210
snapshot_11_24_2015_18_0.json	1448406000.0	70.36	879	210
snapshot_11_24_2015_6_0.json	1448362800.0	70.36	457	210
snapshot_11_25_2015_0_0.json	1448427600.0	70.36	740	210
snapshot_11_25_2015_12_0.json	1448470800.0	70.36	812	210
snapshot_11_25_2015_18_0.json	1448492400.0	70.36	292	210
snapshot_11_25_2015_6_0.json	1448449200.0	70.36	903	210
snapshot_11_26_2015_0_0.json	1448514000.0	70.36	455	210
snapshot_11_27_2015_18_0.json	1448665200.0	70.36	931	210
snapshot_11_28_2015_0_0.json	1448686800.0	70.36	410	222
snapshot_11_28_2015_12_0.json	1448730000.0	70.36	483	222
snapshot_11_28_2015_18_0.json	1448751600.0	70.36	693	222
snapshot_11_28_2015_6_0.json	1448708400.0	70.36	956	222
snapshot_11_28_2015_6_0.json	1448708400.0	70.36	956	222
snapshot_11_29_2015_0_0.json	1448773200.0	70.36	507	222
snapshot_11_29_2015_0_0.json	1448773200.0	70.36	507	222
snapshot_11_29_2015_6_0.json	1448794800.0	70.36	507	222
snapshot_11_29_2015_6_0.json	1448794800.0	70.36	507	222
snapshot_11_30_2015_0_0.json	1448859600.0	70.36	300	222
snapshot_11_30_2015_12_0.json	1448902800.0	70.36	610	222
snapshot_11_30_2015_18_0.json	1448924400.0	70.36	796	222
snapshot_11_30_2015_6_0.json	1448881200.0	70.36	821	222
snapshot_12_1_2015_0_0.json	1448946000.0	70.36	538	222
snapshot_12_1_2015_12_0.json	1448989200.0	70.36	466	222
snapshot_12_1_2015_18_0.json	1449010800.0	70.36	265	222
snapshot_12_1_2015_6_0.json	1448967600.0	70.36	327	222
snapshot_12_2_2015_0_0.json	1449032400.0	70.36	394	220
snapshot_12_2_2015_12_0.json	1449075600.0	70.36	703	220
snapshot_12_2_2015_18_0.json	1449097200.0	70.36	842	220
snapshot_12_2_2015_6_0.json	1449054000.0	70.36	962	220
snapshot_12_3_2015_0_0.json	1449118800.0	70.36	631	220
snapshot_12_3_2015_12_0.json	1449162000.0	70.36	559	220
snapshot_12_3_2015_18_0.json	1449183600.0	70.36	348	220
snapshot_12_3_2015_6_0.json	1449140400.0	70.36	420	220
snapshot_12_4_2015_0_0.json	1449205200.0	70.36	869	220
snapshot_12_4_2015_12_0.json	1449248400.0	70.36	796	220
snapshot_12_4_2015_18_0.json	1449270000.0	70.36	935	220
snapshot_12_4_2015_6_0.json	1449226800.0	70.36	350	220
snapshot_12_5_2015_0_0.json	1449291600.0	70.36	771	220
snapshot_12_5_2015_12_0.json	1449334800.0	70.36	651	220
snapshot_12_5_2015_18_0.json	1449356400.0	70.36	703	220
snapshot_12_5_2015_6_0.json	1449313200.0	70.36	513	220
9232661	2016-05-15T00:00:00Z	Beauty and the Beast	Hippodrome at France-Merrick PAC	Maryland Baltimore|81691	21201
snapshot_11_16_2015_0_0.json	1447650000.0	70.36	926	198
snapshot_11_17_2015_12_0.json	1447779600.0	70.36	443	198
snapshot_11_17_2015_18_0.json	1447801200.0	70.36	649	198
snapshot_11_17_2015_6_0.json	1447758000.0	70.36	953	198
snapshot_11_17_2015_6_0.json	1447758000.0	70.36	953	198
snapshot_11_18_2015_0_0.json	1447822800.0	70.36	514	198
snapshot_11_18_2015_12_0.json	1447866000.0	70.36	927	198
snapshot_11_18_2015_18_0.json	1447887600.0	70.36	791	198
snapshot_11_18_2015_6_0.json	1447844400.0	70.36	720	198
snapshot_11_19_2015_0_0.json	1447909200.0	70.36	289	198
snapshot_11_19_2015_12_0.json	1447952400.0	70.36	362	198
snapshot_11_19_2015_6_0.json	1447930800.0	70.36	502	198
snapshot_11_20_2015_0_0.json	1447995600.0	70.36	435	192
snapshot_11_20_2015_12_0.json	1448038800.0	70.36	861	206
snapshot_11_21_2015_12_0.json	1448125200.0	70.36	269	210
snapshot_11_21_2015_18_0.json	1448146800.0	70.36	482	210
snapshot_11_22_2015_0_0.json	1448168400.0	70.36	695	210
snapshot_11_22_2015_12_0.json	1448211600.0	70.36	768	210
snapshot_11_22_2015_6_0.json	1448190000.0	70.36	507	210
snapshot_11_23_2015_0_0.json	1448254800.0	70.36	841	210
snapshot_11_23_2015_12_0.json	1448298000.0	70.36	914	210
snapshot_11_23_2015_18_0.json	1448319600.0	70.36	388	210
snapshot_11_23_2015_6_0.json	1448276400.0	70.36	315	210
snapshot_11_24_2015_0_0.json	1448341200.0	70.36	601	210
snapshot_11_24_2015_12_0.json	1448384400.0	70.36	668	210
snapshot_11_24_2015_18_0.json	1448406000.0	70.36	879	210
snapshot_11_24_2015_6_0.json	1448362800.0	70.36	457	210
snapshot_11_25_2015_0_0.json	1448427600.0	70.36	740	210
snapshot_11_25_2015_12_0.json	1448470800.0	70.36	812	210
snapshot_11_25_2015_18_0.json	1448492400.0	70.36	292	210
snapshot_11_25_2015_6_0.json	1448449200.0	70.36	903	210
snapshot_11_26_2015_0_0.json	1448514000.0	70.36	455	210
snapshot_11_27_2015_18_0.json	1448665200.0	70.36	931	210
snapshot_11_28_2015_0_0.json	1448686800.0	70.36	410	222
snapshot_11_28_2015_12_0.json	1448730000.0	70.36	483	222
snapshot_11_28_2015_18_0.json	1448751600.0	70.36	693	222
snapshot_11_28_2015_6_0.json	1448708400.0	70.36	956	222
snapshot_11_28_2015_6_0.json	1448708400.0	70.36	956	222
snapshot_11_29_2015_0_0.json	1448773200.0	70.36	507	222
snapshot_11_29_2015_0_0.json	1448773200.0	70.36	507	222
snapshot_11_29_2015_6_0.json	1448794800.0	70.36	507	222
snapshot_11_29_2015_6_0.json	1448794800.0	70.36	507	222
snapshot_11_30_2015_0_0.json	1448859600.0	70.36	300	222
snapshot_11_30_2015_12_0.json	1448902800.0	70.36	610	222
snapshot_11_30_2015_18_0.json	1448924400.0	70.36	796	222
snapshot_11_30_2015_6_0.json	1448881200.0	70.36	821	222
snapshot_12_1_2015_0_0.json	1448946000.0	70.36	538	222
snapshot_12_1_2015_12_0.json	1448989200.0	70.36	466	222
snapshot_12_1_2015_18_0.json	1449010800.0	70.36	265	222
snapshot_12_1_2015_6_0.json	1448967600.0	70.36	327	222
snapshot_12_2_2015_0_0.json	1449032400.0	70.36	394	220
snapshot_12_2_2015_12_0.json	1449075600.0	70.36	703	220
snapshot_12_2_2015_18_0.json	1449097200.0	70.36	842	220
snapshot_12_2_2015_6_0.json	1449054000.0	70.36	962	220
snapshot_12_3_2015_0_0.json	1449118800.0	70.36	631	220
snapshot_12_3_2015_12_0.json	1449162000.0	70.36	559	220
snapshot_12_3_2015_18_0.json	1449183600.0	70.36	348	220
snapshot_12_3_2015_6_0.json	1449140400.0	70.36	420	220
snapshot_12_4_2015_0_0.json	1449205200.0	70.36	869	220
snapshot_12_4_2015_12_0.json	1449248400.0	70.36	796	220
snapshot_12_4_2015_18_0.json	1449270000.0	70.36	935	220
snapshot_12_4_2015_6_0.json	1449226800.0	70.36	350	220
snapshot_12_5_2015_0_0.json	1449291600.0	70.36	771	220
snapshot_12_5_2015_12_0.json	1449334800.0	70.36	651	220
snapshot_12_5_2015_18_0.json	1449356400.0	70.36	703	220
snapshot_12_5_2015_6_0.json	1449313200.0	70.36	513	220
