9233115	2015-11-28T18:01:00Z	PARKING PASSES ONLY Virginia vs Virginia Tech	Scott Stadium Parking Lots	Virginia Richmond|4425	22903
snapshot_11_16_2015_0_0.json	1447650000.0	49.3	750	15
snapshot_11_17_2015_12_0.json	1447779600.0	49.3	750	15
snapshot_11_17_2015_18_0.json	1447801200.0	49.3	550	18
snapshot_11_17_2015_18_0.json	1447801200.0	49.3	550	18
snapshot_11_17_2015_6_0.json	1447758000.0	49.3	750	15
snapshot_11_18_2015_0_0.json	1447822800.0	49.3	500	19
snapshot_11_18_2015_12_0.json	1447866000.0	49.3	500	18
snapshot_11_18_2015_12_0.json	1447866000.0	49.3	500	18
snapshot_11_18_2015_18_0.json	1447887600.0	49.3	599.25	19
snapshot_11_18_2015_6_0.json	1447844400.0	49.3	500	18
snapshot_11_19_2015_0_0.json	1447909200.0	49.3	599.25	19
snapshot_11_19_2015_0_0.json	1447909200.0	49.3	599.25	19
snapshot_11_19_2015_6_0.json	1447930800.0	49.3	599.25	19
snapshot_11_20_2015_0_0.json	1447995600.0	49.29	649.25	27
snapshot_11_20_2015_12_0.json	1448038800.0	28.65	729.25	27
snapshot_11_21_2015_12_0.json	1448125200.0	43.46	750	26
snapshot_11_21_2015_18_0.json	1448146800.0	43.46	750	25
snapshot_11_22_2015_0_0.json	1448168400.0	25.9	750	26
snapshot_11_22_2015_12_0.json	1448211600.0	25.9	500	25
snapshot_11_22_2015_18_0.json	1448233200.0	37.6	500	22
snapshot_11_22_2015_18_0.json	1448233200.0	37.6	500	22
snapshot_11_22_2015_6_0.json	1448190000.0	25.9	500	25
snapshot_11_22_2015_6_0.json	1448190000.0	25.9	500	25
snapshot_11_23_2015_0_0.json	1448254800.0	37.6	400	23
snapshot_11_23_2015_12_0.json	1448298000.0	37.6	400	18
snapshot_11_23_2015_18_0.json	1448319600.0	37.6	400	14
snapshot_11_23_2015_18_0.json	1448319600.0	37.6	400	14
snapshot_11_23_2015_6_0.json	1448276400.0	37.6	400	18
snapshot_11_23_2015_6_0.json	1448276400.0	37.6	400	18
snapshot_11_24_2015_18_0.json	1448406000.0	48.14	39.99	7
snapshot_11_24_2015_6_0.json	1448362800.0	49.29	40.99	5
snapshot_11_25_2015_12_0.json	1448470800.0	49.29	39.99	3
snapshot_11_25_2015_18_0.json	1448492400.0	48.14	40	5
snapshot_11_25_2015_6_0.json	1448449200.0	48.14	39.99	5
snapshot_11_25_2015_6_0.json	1448449200.0	48.14	39.99	5
snapshot_11_25_2015_6_0.json	1448449200.0	48.14	39.99	5
snapshot_11_26_2015_0_0.json	1448514000.0	48.12	39.99	4
snapshot_11_27_2015_18_0.json	1448665200.0	39.81	40	7
snapshot_11_28_2015_0_0.json	1448686800.0	37.37	29.89	2
snapshot_11_28_2015_0_0.json	1448686800.0	37.37	29.89	2
snapshot_11_28_2015_12_0.json	1448730000.0	28.47	40	5
snapshot_11_28_2015_18_0.json	1448751600.0	0	0	0
snapshot_11_28_2015_6_0.json	1448708400.0	28.47	40	5
snapshot_11_29_2015_0_0.json	1448773200.0	0	0	0
snapshot_11_29_2015_12_0.json	1448816400.0	0	0	0
snapshot_11_29_2015_18_0.json	1448838000.0	0	0	0
snapshot_11_29_2015_6_0.json	1448794800.0	0	0	0
snapshot_11_30_2015_0_0.json	1448859600.0	0	0	0
snapshot_11_30_2015_12_0.json	1448902800.0	0	0	0
9233115	2015-11-28T18:01:00Z	PARKING PASSES ONLY Virginia vs Virginia Tech	Scott Stadium Parking Lots	Virginia Richmond|4425	22903
snapshot_11_16_2015_0_0.json	1447650000.0	49.3	750	15
snapshot_11_17_2015_12_0.json	1447779600.0	49.3	750	15
snapshot_11_17_2015_18_0.json	1447801200.0	49.3	550	18
snapshot_11_17_2015_18_0.json	1447801200.0	49.3	550	18
snapshot_11_17_2015_6_0.json	1447758000.0	49.3	750	15
snapshot_11_18_2015_0_0.json	1447822800.0	49.3	500	19
snapshot_11_18_2015_12_0.json	1447866000.0	49.3	500	18
snapshot_11_18_2015_12_0.json	1447866000.0	49.3	500	18
snapshot_11_18_2015_18_0.json	1447887600.0	49.3	599.25	19
snapshot_11_18_2015_6_0.json	1447844400.0	49.3	500	18
snapshot_11_19_2015_0_0.json	1447909200.0	49.3	599.25	19
snapshot_11_19_2015_0_0.json	1447909200.0	49.3	599.25	19
snapshot_11_19_2015_6_0.json	1447930800.0	49.3	599.25	19
snapshot_11_20_2015_0_0.json	1447995600.0	49.29	649.25	27
snapshot_11_20_2015_12_0.json	1448038800.0	28.65	729.25	27
snapshot_11_21_2015_12_0.json	1448125200.0	43.46	750	26
snapshot_11_21_2015_18_0.json	1448146800.0	43.46	750	25
snapshot_11_22_2015_0_0.json	1448168400.0	25.9	750	26
snapshot_11_22_2015_12_0.json	1448211600.0	25.9	500	25
snapshot_11_22_2015_18_0.json	1448233200.0	37.6	500	22
snapshot_11_22_2015_18_0.json	1448233200.0	37.6	500	22
snapshot_11_22_2015_6_0.json	1448190000.0	25.9	500	25
snapshot_11_22_2015_6_0.json	1448190000.0	25.9	500	25
snapshot_11_23_2015_0_0.json	1448254800.0	37.6	400	23
snapshot_11_23_2015_12_0.json	1448298000.0	37.6	400	18
snapshot_11_23_2015_18_0.json	1448319600.0	37.6	400	14
snapshot_11_23_2015_18_0.json	1448319600.0	37.6	400	14
snapshot_11_23_2015_6_0.json	1448276400.0	37.6	400	18
snapshot_11_23_2015_6_0.json	1448276400.0	37.6	400	18
snapshot_11_24_2015_18_0.json	1448406000.0	48.14	39.99	7
snapshot_11_24_2015_6_0.json	1448362800.0	49.29	40.99	5
snapshot_11_25_2015_12_0.json	1448470800.0	49.29	39.99	3
snapshot_11_25_2015_18_0.json	1448492400.0	48.14	40	5
snapshot_11_25_2015_6_0.json	1448449200.0	48.14	39.99	5
snapshot_11_25_2015_6_0.json	1448449200.0	48.14	39.99	5
snapshot_11_25_2015_6_0.json	1448449200.0	48.14	39.99	5
snapshot_11_26_2015_0_0.json	1448514000.0	48.12	39.99	4
snapshot_11_27_2015_18_0.json	1448665200.0	39.81	40	7
snapshot_11_28_2015_0_0.json	1448686800.0	37.37	29.89	2
snapshot_11_28_2015_0_0.json	1448686800.0	37.37	29.89	2
snapshot_11_28_2015_12_0.json	1448730000.0	28.47	40	5
snapshot_11_28_2015_18_0.json	1448751600.0	0	0	0
snapshot_11_28_2015_6_0.json	1448708400.0	28.47	40	5
snapshot_11_29_2015_0_0.json	1448773200.0	0	0	0
snapshot_11_29_2015_12_0.json	1448816400.0	0	0	0
snapshot_11_29_2015_18_0.json	1448838000.0	0	0	0
snapshot_11_29_2015_6_0.json	1448794800.0	0	0	0
snapshot_11_30_2015_0_0.json	1448859600.0	0	0	0
snapshot_11_30_2015_12_0.json	1448902800.0	0	0	0
9233115	2015-11-28T18:01:00Z	PARKING PASSES ONLY Virginia vs Virginia Tech	Scott Stadium Parking Lots	Virginia Richmond|4425	22903
snapshot_11_16_2015_0_0.json	1447650000.0	49.3	750	15
snapshot_11_17_2015_12_0.json	1447779600.0	49.3	750	15
snapshot_11_17_2015_18_0.json	1447801200.0	49.3	550	18
snapshot_11_17_2015_18_0.json	1447801200.0	49.3	550	18
snapshot_11_17_2015_6_0.json	1447758000.0	49.3	750	15
snapshot_11_18_2015_0_0.json	1447822800.0	49.3	500	19
snapshot_11_18_2015_12_0.json	1447866000.0	49.3	500	18
snapshot_11_18_2015_12_0.json	1447866000.0	49.3	500	18
snapshot_11_18_2015_18_0.json	1447887600.0	49.3	599.25	19
snapshot_11_18_2015_6_0.json	1447844400.0	49.3	500	18
snapshot_11_19_2015_0_0.json	1447909200.0	49.3	599.25	19
snapshot_11_19_2015_0_0.json	1447909200.0	49.3	599.25	19
snapshot_11_19_2015_6_0.json	1447930800.0	49.3	599.25	19
snapshot_11_20_2015_0_0.json	1447995600.0	49.29	649.25	27
snapshot_11_20_2015_12_0.json	1448038800.0	28.65	729.25	27
snapshot_11_21_2015_12_0.json	1448125200.0	43.46	750	26
snapshot_11_21_2015_18_0.json	1448146800.0	43.46	750	25
snapshot_11_22_2015_0_0.json	1448168400.0	25.9	750	26
snapshot_11_22_2015_12_0.json	1448211600.0	25.9	500	25
snapshot_11_22_2015_18_0.json	1448233200.0	37.6	500	22
snapshot_11_22_2015_18_0.json	1448233200.0	37.6	500	22
snapshot_11_22_2015_6_0.json	1448190000.0	25.9	500	25
snapshot_11_22_2015_6_0.json	1448190000.0	25.9	500	25
snapshot_11_23_2015_0_0.json	1448254800.0	37.6	400	23
snapshot_11_23_2015_12_0.json	1448298000.0	37.6	400	18
snapshot_11_23_2015_18_0.json	1448319600.0	37.6	400	14
snapshot_11_23_2015_18_0.json	1448319600.0	37.6	400	14
snapshot_11_23_2015_6_0.json	1448276400.0	37.6	400	18
snapshot_11_23_2015_6_0.json	1448276400.0	37.6	400	18
snapshot_11_24_2015_18_0.json	1448406000.0	48.14	39.99	7
snapshot_11_24_2015_6_0.json	1448362800.0	49.29	40.99	5
snapshot_11_25_2015_12_0.json	1448470800.0	49.29	39.99	3
snapshot_11_25_2015_18_0.json	1448492400.0	48.14	40	5
snapshot_11_25_2015_6_0.json	1448449200.0	48.14	39.99	5
snapshot_11_25_2015_6_0.json	1448449200.0	48.14	39.99	5
snapshot_11_25_2015_6_0.json	1448449200.0	48.14	39.99	5
snapshot_11_26_2015_0_0.json	1448514000.0	48.12	39.99	4
snapshot_11_27_2015_18_0.json	1448665200.0	39.81	40	7
snapshot_11_28_2015_0_0.json	1448686800.0	37.37	29.89	2
snapshot_11_28_2015_0_0.json	1448686800.0	37.37	29.89	2
snapshot_11_28_2015_12_0.json	1448730000.0	28.47	40	5
snapshot_11_28_2015_18_0.json	1448751600.0	0	0	0
snapshot_11_28_2015_6_0.json	1448708400.0	28.47	40	5
snapshot_11_29_2015_0_0.json	1448773200.0	0	0	0
snapshot_11_29_2015_12_0.json	1448816400.0	0	0	0
snapshot_11_29_2015_18_0.json	1448838000.0	0	0	0
snapshot_11_29_2015_6_0.json	1448794800.0	0	0	0
snapshot_11_30_2015_0_0.json	1448859600.0	0	0	0
snapshot_11_30_2015_12_0.json	1448902800.0	0	0	0
9233115	2015-11-28T18:01:00Z	PARKING PASSES ONLY Virginia vs Virginia Tech	Scott Stadium Parking Lots	Virginia Richmond|4425	22903
snapshot_11_16_2015_0_0.json	1447650000.0	49.3	750	15
snapshot_11_17_2015_12_0.json	1447779600.0	49.3	750	15
snapshot_11_17_2015_18_0.json	1447801200.0	49.3	550	18
snapshot_11_17_2015_18_0.json	1447801200.0	49.3	550	18
snapshot_11_17_2015_6_0.json	1447758000.0	49.3	750	15
snapshot_11_18_2015_0_0.json	1447822800.0	49.3	500	19
snapshot_11_18_2015_12_0.json	1447866000.0	49.3	500	18
snapshot_11_18_2015_12_0.json	1447866000.0	49.3	500	18
snapshot_11_18_2015_18_0.json	1447887600.0	49.3	599.25	19
snapshot_11_18_2015_6_0.json	1447844400.0	49.3	500	18
snapshot_11_19_2015_0_0.json	1447909200.0	49.3	599.25	19
snapshot_11_19_2015_0_0.json	1447909200.0	49.3	599.25	19
snapshot_11_19_2015_6_0.json	1447930800.0	49.3	599.25	19
snapshot_11_20_2015_0_0.json	1447995600.0	49.29	649.25	27
snapshot_11_20_2015_12_0.json	1448038800.0	28.65	729.25	27
snapshot_11_21_2015_12_0.json	1448125200.0	43.46	750	26
snapshot_11_21_2015_18_0.json	1448146800.0	43.46	750	25
snapshot_11_22_2015_0_0.json	1448168400.0	25.9	750	26
snapshot_11_22_2015_12_0.json	1448211600.0	25.9	500	25
snapshot_11_22_2015_18_0.json	1448233200.0	37.6	500	22
snapshot_11_22_2015_18_0.json	1448233200.0	37.6	500	22
snapshot_11_22_2015_6_0.json	1448190000.0	25.9	500	25
snapshot_11_22_2015_6_0.json	1448190000.0	25.9	500	25
snapshot_11_23_2015_0_0.json	1448254800.0	37.6	400	23
snapshot_11_23_2015_12_0.json	1448298000.0	37.6	400	18
snapshot_11_23_2015_18_0.json	1448319600.0	37.6	400	14
snapshot_11_23_2015_18_0.json	1448319600.0	37.6	400	14
snapshot_11_23_2015_6_0.json	1448276400.0	37.6	400	18
snapshot_11_23_2015_6_0.json	1448276400.0	37.6	400	18
snapshot_11_24_2015_18_0.json	1448406000.0	48.14	39.99	7
snapshot_11_24_2015_6_0.json	1448362800.0	49.29	40.99	5
snapshot_11_25_2015_12_0.json	1448470800.0	49.29	39.99	3
snapshot_11_25_2015_18_0.json	1448492400.0	48.14	40	5
snapshot_11_25_2015_6_0.json	1448449200.0	48.14	39.99	5
snapshot_11_25_2015_6_0.json	1448449200.0	48.14	39.99	5
snapshot_11_25_2015_6_0.json	1448449200.0	48.14	39.99	5
snapshot_11_26_2015_0_0.json	1448514000.0	48.12	39.99	4
snapshot_11_27_2015_18_0.json	1448665200.0	39.81	40	7
snapshot_11_28_2015_0_0.json	1448686800.0	37.37	29.89	2
snapshot_11_28_2015_0_0.json	1448686800.0	37.37	29.89	2
snapshot_11_28_2015_12_0.json	1448730000.0	28.47	40	5
snapshot_11_28_2015_18_0.json	1448751600.0	0	0	0
snapshot_11_28_2015_6_0.json	1448708400.0	28.47	40	5
snapshot_11_29_2015_0_0.json	1448773200.0	0	0	0
snapshot_11_29_2015_12_0.json	1448816400.0	0	0	0
snapshot_11_29_2015_18_0.json	1448838000.0	0	0	0
snapshot_11_29_2015_6_0.json	1448794800.0	0	0	0
snapshot_11_30_2015_0_0.json	1448859600.0	0	0	0
snapshot_11_30_2015_12_0.json	1448902800.0	0	0	0
