9233008	2015-12-06T02:00:00Z	Beautiful the Carol King Musical	Oriental Theater Chicago at Ford Center for Performing Arts	Illinois Chicago|666	60601
snapshot_11_17_2015_0_0.json	1447736400.0	117.57	361.12	88
snapshot_11_17_2015_18_0.json	1447801200.0	117.57	361.12	86
snapshot_11_18_2015_0_0.json	1447822800.0	117.57	361.12	76
snapshot_11_18_2015_0_0.json	1447822800.0	117.57	361.12	76
snapshot_11_18_2015_12_0.json	1447866000.0	117.57	361.12	76
snapshot_11_18_2015_18_0.json	1447887600.0	117.57	361.12	76
snapshot_11_18_2015_6_0.json	1447844400.0	117.57	361.12	76
snapshot_11_19_2015_0_0.json	1447909200.0	117.57	361.12	78
snapshot_11_19_2015_12_0.json	1447952400.0	117.57	361.12	78
snapshot_11_19_2015_6_0.json	1447930800.0	117.57	361.12	78
snapshot_11_20_2015_0_0.json	1447995600.0	117.57	361.12	76
snapshot_11_21_2015_18_0.json	1448146800.0	117.57	361.12	99
snapshot_11_22_2015_0_0.json	1448168400.0	117.57	361.12	99
snapshot_11_22_2015_12_0.json	1448211600.0	117.57	361.12	99
snapshot_11_22_2015_18_0.json	1448233200.0	117.57	361.12	99
snapshot_11_22_2015_6_0.json	1448190000.0	117.57	361.12	99
snapshot_11_22_2015_6_0.json	1448190000.0	117.57	361.12	99
snapshot_11_23_2015_0_0.json	1448254800.0	117.57	361.12	99
snapshot_11_23_2015_12_0.json	1448298000.0	117.57	361.12	107
snapshot_11_23_2015_12_0.json	1448298000.0	117.57	361.12	107
snapshot_11_23_2015_18_0.json	1448319600.0	117.57	296.81	105
snapshot_11_23_2015_6_0.json	1448276400.0	117.57	361.12	107
snapshot_11_23_2015_6_0.json	1448276400.0	117.57	361.12	107
snapshot_11_24_2015_0_0.json	1448341200.0	117.57	328	113
snapshot_11_24_2015_18_0.json	1448406000.0	117.57	328	113
snapshot_11_25_2015_0_0.json	1448427600.0	117.57	328	113
snapshot_11_25_2015_0_0.json	1448427600.0	117.57	328	113
snapshot_11_25_2015_12_0.json	1448470800.0	117.57	328	113
snapshot_11_25_2015_18_0.json	1448492400.0	117.57	328	109
snapshot_11_25_2015_6_0.json	1448449200.0	117.57	328	113
snapshot_11_26_2015_0_0.json	1448514000.0	117.57	328	109
snapshot_11_27_2015_18_0.json	1448665200.0	117.57	328	103
snapshot_11_28_2015_0_0.json	1448686800.0	117.57	328	103
snapshot_11_28_2015_12_0.json	1448730000.0	117.57	328	103
snapshot_11_28_2015_18_0.json	1448751600.0	117.57	328	103
snapshot_11_28_2015_6_0.json	1448708400.0	117.57	328	103
snapshot_11_28_2015_6_0.json	1448708400.0	117.57	328	103
snapshot_11_29_2015_18_0.json	1448838000.0	110.55	328	105
snapshot_11_29_2015_6_0.json	1448794800.0	110.55	328	107
snapshot_11_30_2015_18_0.json	1448924400.0	138.63	328	96
snapshot_11_30_2015_6_0.json	1448881200.0	117.57	328	99
snapshot_12_1_2015_18_0.json	1449010800.0	136.29	328	90
snapshot_12_1_2015_6_0.json	1448967600.0	136.29	328	92
snapshot_12_2_2015_0_0.json	1449032400.0	136.29	251	84
snapshot_12_2_2015_12_0.json	1449075600.0	136.29	251	73
snapshot_12_2_2015_18_0.json	1449097200.0	136.29	251	81
snapshot_12_2_2015_6_0.json	1449054000.0	136.29	251	73
snapshot_12_3_2015_0_0.json	1449118800.0	145.24	245	37
snapshot_12_3_2015_12_0.json	1449162000.0	145.24	245	35
snapshot_12_3_2015_18_0.json	1449183600.0	131.2	245	29
snapshot_12_3_2015_18_0.json	1449183600.0	131.2	245	29
snapshot_12_3_2015_6_0.json	1449140400.0	145.24	245	35
snapshot_12_4_2015_12_0.json	1449248400.0	142.9	245	30
snapshot_12_4_2015_18_0.json	1449270000.0	113.65	245	19
snapshot_12_4_2015_18_0.json	1449270000.0	113.65	245	19
snapshot_12_4_2015_6_0.json	1449226800.0	142.9	245	30
snapshot_12_5_2015_0_0.json	1449291600.0	110.55	222.61	34
snapshot_12_5_2015_12_0.json	1449334800.0	110.55	196.88	32
snapshot_12_5_2015_18_0.json	1449356400.0	90.25	196.88	28
snapshot_12_5_2015_6_0.json	1449313200.0	110.55	222.61	32
snapshot_12_5_2015_6_0.json	1449313200.0	110.55	222.61	32
9233008	2015-12-06T02:00:00Z	Beautiful the Carol King Musical	Oriental Theater Chicago at Ford Center for Performing Arts	Illinois Chicago|666	60601
snapshot_11_17_2015_0_0.json	1447736400.0	117.57	361.12	88
snapshot_11_17_2015_18_0.json	1447801200.0	117.57	361.12	86
snapshot_11_18_2015_0_0.json	1447822800.0	117.57	361.12	76
snapshot_11_18_2015_0_0.json	1447822800.0	117.57	361.12	76
snapshot_11_18_2015_12_0.json	1447866000.0	117.57	361.12	76
snapshot_11_18_2015_18_0.json	1447887600.0	117.57	361.12	76
snapshot_11_18_2015_6_0.json	1447844400.0	117.57	361.12	76
snapshot_11_19_2015_0_0.json	1447909200.0	117.57	361.12	78
snapshot_11_19_2015_12_0.json	1447952400.0	117.57	361.12	78
snapshot_11_19_2015_6_0.json	1447930800.0	117.57	361.12	78
snapshot_11_20_2015_0_0.json	1447995600.0	117.57	361.12	76
snapshot_11_21_2015_18_0.json	1448146800.0	117.57	361.12	99
snapshot_11_22_2015_0_0.json	1448168400.0	117.57	361.12	99
snapshot_11_22_2015_12_0.json	1448211600.0	117.57	361.12	99
snapshot_11_22_2015_18_0.json	1448233200.0	117.57	361.12	99
snapshot_11_22_2015_6_0.json	1448190000.0	117.57	361.12	99
snapshot_11_22_2015_6_0.json	1448190000.0	117.57	361.12	99
snapshot_11_23_2015_0_0.json	1448254800.0	117.57	361.12	99
snapshot_11_23_2015_12_0.json	1448298000.0	117.57	361.12	107
snapshot_11_23_2015_12_0.json	1448298000.0	117.57	361.12	107
snapshot_11_23_2015_18_0.json	1448319600.0	117.57	296.81	105
snapshot_11_23_2015_6_0.json	1448276400.0	117.57	361.12	107
snapshot_11_23_2015_6_0.json	1448276400.0	117.57	361.12	107
snapshot_11_24_2015_0_0.json	1448341200.0	117.57	328	113
snapshot_11_24_2015_18_0.json	1448406000.0	117.57	328	113
snapshot_11_25_2015_0_0.json	1448427600.0	117.57	328	113
snapshot_11_25_2015_0_0.json	1448427600.0	117.57	328	113
snapshot_11_25_2015_12_0.json	1448470800.0	117.57	328	113
snapshot_11_25_2015_18_0.json	1448492400.0	117.57	328	109
snapshot_11_25_2015_6_0.json	1448449200.0	117.57	328	113
snapshot_11_26_2015_0_0.json	1448514000.0	117.57	328	109
snapshot_11_27_2015_18_0.json	1448665200.0	117.57	328	103
snapshot_11_28_2015_0_0.json	1448686800.0	117.57	328	103
snapshot_11_28_2015_12_0.json	1448730000.0	117.57	328	103
snapshot_11_28_2015_18_0.json	1448751600.0	117.57	328	103
snapshot_11_28_2015_6_0.json	1448708400.0	117.57	328	103
snapshot_11_28_2015_6_0.json	1448708400.0	117.57	328	103
snapshot_11_29_2015_18_0.json	1448838000.0	110.55	328	105
snapshot_11_29_2015_6_0.json	1448794800.0	110.55	328	107
snapshot_11_30_2015_18_0.json	1448924400.0	138.63	328	96
snapshot_11_30_2015_6_0.json	1448881200.0	117.57	328	99
snapshot_12_1_2015_18_0.json	1449010800.0	136.29	328	90
snapshot_12_1_2015_6_0.json	1448967600.0	136.29	328	92
snapshot_12_2_2015_0_0.json	1449032400.0	136.29	251	84
snapshot_12_2_2015_12_0.json	1449075600.0	136.29	251	73
snapshot_12_2_2015_18_0.json	1449097200.0	136.29	251	81
snapshot_12_2_2015_6_0.json	1449054000.0	136.29	251	73
snapshot_12_3_2015_0_0.json	1449118800.0	145.24	245	37
snapshot_12_3_2015_12_0.json	1449162000.0	145.24	245	35
snapshot_12_3_2015_18_0.json	1449183600.0	131.2	245	29
snapshot_12_3_2015_18_0.json	1449183600.0	131.2	245	29
snapshot_12_3_2015_6_0.json	1449140400.0	145.24	245	35
snapshot_12_4_2015_12_0.json	1449248400.0	142.9	245	30
snapshot_12_4_2015_18_0.json	1449270000.0	113.65	245	19
snapshot_12_4_2015_18_0.json	1449270000.0	113.65	245	19
snapshot_12_4_2015_6_0.json	1449226800.0	142.9	245	30
snapshot_12_5_2015_0_0.json	1449291600.0	110.55	222.61	34
snapshot_12_5_2015_12_0.json	1449334800.0	110.55	196.88	32
snapshot_12_5_2015_18_0.json	1449356400.0	90.25	196.88	28
snapshot_12_5_2015_6_0.json	1449313200.0	110.55	222.61	32
snapshot_12_5_2015_6_0.json	1449313200.0	110.55	222.61	32
9233008	2015-12-06T02:00:00Z	Beautiful the Carol King Musical	Oriental Theater Chicago at Ford Center for Performing Arts	Illinois Chicago|666	60601
snapshot_11_17_2015_0_0.json	1447736400.0	117.57	361.12	88
snapshot_11_17_2015_18_0.json	1447801200.0	117.57	361.12	86
snapshot_11_18_2015_0_0.json	1447822800.0	117.57	361.12	76
snapshot_11_18_2015_0_0.json	1447822800.0	117.57	361.12	76
snapshot_11_18_2015_12_0.json	1447866000.0	117.57	361.12	76
snapshot_11_18_2015_18_0.json	1447887600.0	117.57	361.12	76
snapshot_11_18_2015_6_0.json	1447844400.0	117.57	361.12	76
snapshot_11_19_2015_0_0.json	1447909200.0	117.57	361.12	78
snapshot_11_19_2015_12_0.json	1447952400.0	117.57	361.12	78
snapshot_11_19_2015_6_0.json	1447930800.0	117.57	361.12	78
snapshot_11_20_2015_0_0.json	1447995600.0	117.57	361.12	76
snapshot_11_21_2015_18_0.json	1448146800.0	117.57	361.12	99
snapshot_11_22_2015_0_0.json	1448168400.0	117.57	361.12	99
snapshot_11_22_2015_12_0.json	1448211600.0	117.57	361.12	99
snapshot_11_22_2015_18_0.json	1448233200.0	117.57	361.12	99
snapshot_11_22_2015_6_0.json	1448190000.0	117.57	361.12	99
snapshot_11_22_2015_6_0.json	1448190000.0	117.57	361.12	99
snapshot_11_23_2015_0_0.json	1448254800.0	117.57	361.12	99
snapshot_11_23_2015_12_0.json	1448298000.0	117.57	361.12	107
snapshot_11_23_2015_12_0.json	1448298000.0	117.57	361.12	107
snapshot_11_23_2015_18_0.json	1448319600.0	117.57	296.81	105
snapshot_11_23_2015_6_0.json	1448276400.0	117.57	361.12	107
snapshot_11_23_2015_6_0.json	1448276400.0	117.57	361.12	107
snapshot_11_24_2015_0_0.json	1448341200.0	117.57	328	113
snapshot_11_24_2015_18_0.json	1448406000.0	117.57	328	113
snapshot_11_25_2015_0_0.json	1448427600.0	117.57	328	113
snapshot_11_25_2015_0_0.json	1448427600.0	117.57	328	113
snapshot_11_25_2015_12_0.json	1448470800.0	117.57	328	113
snapshot_11_25_2015_18_0.json	1448492400.0	117.57	328	109
snapshot_11_25_2015_6_0.json	1448449200.0	117.57	328	113
snapshot_11_26_2015_0_0.json	1448514000.0	117.57	328	109
snapshot_11_27_2015_18_0.json	1448665200.0	117.57	328	103
snapshot_11_28_2015_0_0.json	1448686800.0	117.57	328	103
snapshot_11_28_2015_12_0.json	1448730000.0	117.57	328	103
snapshot_11_28_2015_18_0.json	1448751600.0	117.57	328	103
snapshot_11_28_2015_6_0.json	1448708400.0	117.57	328	103
snapshot_11_28_2015_6_0.json	1448708400.0	117.57	328	103
snapshot_11_29_2015_18_0.json	1448838000.0	110.55	328	105
snapshot_11_29_2015_6_0.json	1448794800.0	110.55	328	107
snapshot_11_30_2015_18_0.json	1448924400.0	138.63	328	96
snapshot_11_30_2015_6_0.json	1448881200.0	117.57	328	99
snapshot_12_1_2015_18_0.json	1449010800.0	136.29	328	90
snapshot_12_1_2015_6_0.json	1448967600.0	136.29	328	92
snapshot_12_2_2015_0_0.json	1449032400.0	136.29	251	84
snapshot_12_2_2015_12_0.json	1449075600.0	136.29	251	73
snapshot_12_2_2015_18_0.json	1449097200.0	136.29	251	81
snapshot_12_2_2015_6_0.json	1449054000.0	136.29	251	73
snapshot_12_3_2015_0_0.json	1449118800.0	145.24	245	37
snapshot_12_3_2015_12_0.json	1449162000.0	145.24	245	35
snapshot_12_3_2015_18_0.json	1449183600.0	131.2	245	29
snapshot_12_3_2015_18_0.json	1449183600.0	131.2	245	29
snapshot_12_3_2015_6_0.json	1449140400.0	145.24	245	35
snapshot_12_4_2015_12_0.json	1449248400.0	142.9	245	30
snapshot_12_4_2015_18_0.json	1449270000.0	113.65	245	19
snapshot_12_4_2015_18_0.json	1449270000.0	113.65	245	19
snapshot_12_4_2015_6_0.json	1449226800.0	142.9	245	30
snapshot_12_5_2015_0_0.json	1449291600.0	110.55	222.61	34
snapshot_12_5_2015_12_0.json	1449334800.0	110.55	196.88	32
snapshot_12_5_2015_18_0.json	1449356400.0	90.25	196.88	28
snapshot_12_5_2015_6_0.json	1449313200.0	110.55	222.61	32
snapshot_12_5_2015_6_0.json	1449313200.0	110.55	222.61	32
9233008	2015-12-06T02:00:00Z	Beautiful the Carol King Musical	Oriental Theater Chicago at Ford Center for Performing Arts	Illinois Chicago|666	60601
snapshot_11_17_2015_0_0.json	1447736400.0	117.57	361.12	88
snapshot_11_17_2015_18_0.json	1447801200.0	117.57	361.12	86
snapshot_11_18_2015_0_0.json	1447822800.0	117.57	361.12	76
snapshot_11_18_2015_0_0.json	1447822800.0	117.57	361.12	76
snapshot_11_18_2015_12_0.json	1447866000.0	117.57	361.12	76
snapshot_11_18_2015_18_0.json	1447887600.0	117.57	361.12	76
snapshot_11_18_2015_6_0.json	1447844400.0	117.57	361.12	76
snapshot_11_19_2015_0_0.json	1447909200.0	117.57	361.12	78
snapshot_11_19_2015_12_0.json	1447952400.0	117.57	361.12	78
snapshot_11_19_2015_6_0.json	1447930800.0	117.57	361.12	78
snapshot_11_20_2015_0_0.json	1447995600.0	117.57	361.12	76
snapshot_11_21_2015_18_0.json	1448146800.0	117.57	361.12	99
snapshot_11_22_2015_0_0.json	1448168400.0	117.57	361.12	99
snapshot_11_22_2015_12_0.json	1448211600.0	117.57	361.12	99
snapshot_11_22_2015_18_0.json	1448233200.0	117.57	361.12	99
snapshot_11_22_2015_6_0.json	1448190000.0	117.57	361.12	99
snapshot_11_22_2015_6_0.json	1448190000.0	117.57	361.12	99
snapshot_11_23_2015_0_0.json	1448254800.0	117.57	361.12	99
snapshot_11_23_2015_12_0.json	1448298000.0	117.57	361.12	107
snapshot_11_23_2015_12_0.json	1448298000.0	117.57	361.12	107
snapshot_11_23_2015_18_0.json	1448319600.0	117.57	296.81	105
snapshot_11_23_2015_6_0.json	1448276400.0	117.57	361.12	107
snapshot_11_23_2015_6_0.json	1448276400.0	117.57	361.12	107
snapshot_11_24_2015_0_0.json	1448341200.0	117.57	328	113
snapshot_11_24_2015_18_0.json	1448406000.0	117.57	328	113
snapshot_11_25_2015_0_0.json	1448427600.0	117.57	328	113
snapshot_11_25_2015_0_0.json	1448427600.0	117.57	328	113
snapshot_11_25_2015_12_0.json	1448470800.0	117.57	328	113
snapshot_11_25_2015_18_0.json	1448492400.0	117.57	328	109
snapshot_11_25_2015_6_0.json	1448449200.0	117.57	328	113
snapshot_11_26_2015_0_0.json	1448514000.0	117.57	328	109
snapshot_11_27_2015_18_0.json	1448665200.0	117.57	328	103
snapshot_11_28_2015_0_0.json	1448686800.0	117.57	328	103
snapshot_11_28_2015_12_0.json	1448730000.0	117.57	328	103
snapshot_11_28_2015_18_0.json	1448751600.0	117.57	328	103
snapshot_11_28_2015_6_0.json	1448708400.0	117.57	328	103
snapshot_11_28_2015_6_0.json	1448708400.0	117.57	328	103
snapshot_11_29_2015_18_0.json	1448838000.0	110.55	328	105
snapshot_11_29_2015_6_0.json	1448794800.0	110.55	328	107
snapshot_11_30_2015_18_0.json	1448924400.0	138.63	328	96
snapshot_11_30_2015_6_0.json	1448881200.0	117.57	328	99
snapshot_12_1_2015_18_0.json	1449010800.0	136.29	328	90
snapshot_12_1_2015_6_0.json	1448967600.0	136.29	328	92
snapshot_12_2_2015_0_0.json	1449032400.0	136.29	251	84
snapshot_12_2_2015_12_0.json	1449075600.0	136.29	251	73
snapshot_12_2_2015_18_0.json	1449097200.0	136.29	251	81
snapshot_12_2_2015_6_0.json	1449054000.0	136.29	251	73
snapshot_12_3_2015_0_0.json	1449118800.0	145.24	245	37
snapshot_12_3_2015_12_0.json	1449162000.0	145.24	245	35
snapshot_12_3_2015_18_0.json	1449183600.0	131.2	245	29
snapshot_12_3_2015_18_0.json	1449183600.0	131.2	245	29
snapshot_12_3_2015_6_0.json	1449140400.0	145.24	245	35
snapshot_12_4_2015_12_0.json	1449248400.0	142.9	245	30
snapshot_12_4_2015_18_0.json	1449270000.0	113.65	245	19
snapshot_12_4_2015_18_0.json	1449270000.0	113.65	245	19
snapshot_12_4_2015_6_0.json	1449226800.0	142.9	245	30
snapshot_12_5_2015_0_0.json	1449291600.0	110.55	222.61	34
snapshot_12_5_2015_12_0.json	1449334800.0	110.55	196.88	32
snapshot_12_5_2015_18_0.json	1449356400.0	90.25	196.88	28
snapshot_12_5_2015_6_0.json	1449313200.0	110.55	222.61	32
snapshot_12_5_2015_6_0.json	1449313200.0	110.55	222.61	32
