9233101	2015-11-21T20:30:00Z	Virginia Cavaliers	Scott Stadium	Virginia Richmond|4425	22903
snapshot_11_16_2015_0_0.json	1447650000.0	14	150	854
snapshot_11_17_2015_12_0.json	1447779600.0	15.37	150	759
snapshot_11_17_2015_18_0.json	1447801200.0	16.01	150	712
snapshot_11_17_2015_6_0.json	1447758000.0	15.37	150	762
snapshot_11_17_2015_6_0.json	1447758000.0	15.37	150	762
snapshot_11_18_2015_0_0.json	1447822800.0	16.01	150	710
snapshot_11_18_2015_12_0.json	1447866000.0	18.88	150	660
snapshot_11_18_2015_18_0.json	1447887600.0	18.88	150	640
snapshot_11_18_2015_6_0.json	1447844400.0	18.88	150	666
snapshot_11_19_2015_0_0.json	1447909200.0	18.86	150	621
snapshot_11_19_2015_12_0.json	1447952400.0	18.88	150	587
snapshot_11_19_2015_6_0.json	1447930800.0	18.88	150	591
snapshot_11_20_2015_0_0.json	1447995600.0	22.39	150	552
snapshot_11_20_2015_12_0.json	1448038800.0	22.68	150	519
snapshot_11_21_2015_12_0.json	1448125200.0	22.39	150	276
snapshot_11_21_2015_18_0.json	1448146800.0	29.92	150	170
snapshot_11_22_2015_18_0.json	1448233200.0	0	0	0
snapshot_11_23_2015_12_0.json	1448298000.0	0	0	0
snapshot_11_23_2015_6_0.json	1448276400.0	0	0	0
snapshot_11_23_2015_6_0.json	1448276400.0	0	0	0
snapshot_11_24_2015_6_0.json	1448362800.0	0	0	0
9233101	2015-11-21T20:30:00Z	Virginia Cavaliers	Scott Stadium	Virginia Richmond|4425	22903
snapshot_11_16_2015_0_0.json	1447650000.0	14	150	854
snapshot_11_17_2015_12_0.json	1447779600.0	15.37	150	759
snapshot_11_17_2015_18_0.json	1447801200.0	16.01	150	712
snapshot_11_17_2015_6_0.json	1447758000.0	15.37	150	762
snapshot_11_17_2015_6_0.json	1447758000.0	15.37	150	762
snapshot_11_18_2015_0_0.json	1447822800.0	16.01	150	710
snapshot_11_18_2015_12_0.json	1447866000.0	18.88	150	660
snapshot_11_18_2015_18_0.json	1447887600.0	18.88	150	640
snapshot_11_18_2015_6_0.json	1447844400.0	18.88	150	666
snapshot_11_19_2015_0_0.json	1447909200.0	18.86	150	621
snapshot_11_19_2015_12_0.json	1447952400.0	18.88	150	587
snapshot_11_19_2015_6_0.json	1447930800.0	18.88	150	591
snapshot_11_20_2015_0_0.json	1447995600.0	22.39	150	552
snapshot_11_20_2015_12_0.json	1448038800.0	22.68	150	519
snapshot_11_21_2015_12_0.json	1448125200.0	22.39	150	276
snapshot_11_21_2015_18_0.json	1448146800.0	29.92	150	170
snapshot_11_22_2015_18_0.json	1448233200.0	0	0	0
snapshot_11_23_2015_12_0.json	1448298000.0	0	0	0
snapshot_11_23_2015_6_0.json	1448276400.0	0	0	0
snapshot_11_23_2015_6_0.json	1448276400.0	0	0	0
snapshot_11_24_2015_6_0.json	1448362800.0	0	0	0
9233101	2015-11-21T20:30:00Z	Virginia Cavaliers	Scott Stadium	Virginia Richmond|4425	22903
snapshot_11_16_2015_0_0.json	1447650000.0	14	150	854
snapshot_11_17_2015_12_0.json	1447779600.0	15.37	150	759
snapshot_11_17_2015_18_0.json	1447801200.0	16.01	150	712
snapshot_11_17_2015_6_0.json	1447758000.0	15.37	150	762
snapshot_11_17_2015_6_0.json	1447758000.0	15.37	150	762
snapshot_11_18_2015_0_0.json	1447822800.0	16.01	150	710
snapshot_11_18_2015_12_0.json	1447866000.0	18.88	150	660
snapshot_11_18_2015_18_0.json	1447887600.0	18.88	150	640
snapshot_11_18_2015_6_0.json	1447844400.0	18.88	150	666
snapshot_11_19_2015_0_0.json	1447909200.0	18.86	150	621
snapshot_11_19_2015_12_0.json	1447952400.0	18.88	150	587
snapshot_11_19_2015_6_0.json	1447930800.0	18.88	150	591
snapshot_11_20_2015_0_0.json	1447995600.0	22.39	150	552
snapshot_11_20_2015_12_0.json	1448038800.0	22.68	150	519
snapshot_11_21_2015_12_0.json	1448125200.0	22.39	150	276
snapshot_11_21_2015_18_0.json	1448146800.0	29.92	150	170
snapshot_11_22_2015_18_0.json	1448233200.0	0	0	0
snapshot_11_23_2015_12_0.json	1448298000.0	0	0	0
snapshot_11_23_2015_6_0.json	1448276400.0	0	0	0
snapshot_11_23_2015_6_0.json	1448276400.0	0	0	0
snapshot_11_24_2015_6_0.json	1448362800.0	0	0	0
9233101	2015-11-21T20:30:00Z	Virginia Cavaliers	Scott Stadium	Virginia Richmond|4425	22903
snapshot_11_16_2015_0_0.json	1447650000.0	14	150	854
snapshot_11_17_2015_12_0.json	1447779600.0	15.37	150	759
snapshot_11_17_2015_18_0.json	1447801200.0	16.01	150	712
snapshot_11_17_2015_6_0.json	1447758000.0	15.37	150	762
snapshot_11_17_2015_6_0.json	1447758000.0	15.37	150	762
snapshot_11_18_2015_0_0.json	1447822800.0	16.01	150	710
snapshot_11_18_2015_12_0.json	1447866000.0	18.88	150	660
snapshot_11_18_2015_18_0.json	1447887600.0	18.88	150	640
snapshot_11_18_2015_6_0.json	1447844400.0	18.88	150	666
snapshot_11_19_2015_0_0.json	1447909200.0	18.86	150	621
snapshot_11_19_2015_12_0.json	1447952400.0	18.88	150	587
snapshot_11_19_2015_6_0.json	1447930800.0	18.88	150	591
snapshot_11_20_2015_0_0.json	1447995600.0	22.39	150	552
snapshot_11_20_2015_12_0.json	1448038800.0	22.68	150	519
snapshot_11_21_2015_12_0.json	1448125200.0	22.39	150	276
snapshot_11_21_2015_18_0.json	1448146800.0	29.92	150	170
snapshot_11_22_2015_18_0.json	1448233200.0	0	0	0
snapshot_11_23_2015_12_0.json	1448298000.0	0	0	0
snapshot_11_23_2015_6_0.json	1448276400.0	0	0	0
snapshot_11_23_2015_6_0.json	1448276400.0	0	0	0
snapshot_11_24_2015_6_0.json	1448362800.0	0	0	0
