9233994	2016-06-26T03:00:00Z	Beautiful the Musical	Pantages Theatre Los Angeles	California Los Angeles Metro|10	90028
snapshot_11_16_2015_0_0.json	1447650000.0	98.44	316.25	138
snapshot_11_17_2015_0_0.json	1447736400.0	98.44	316.25	136
snapshot_11_17_2015_0_0.json	1447736400.0	98.44	316.25	136
snapshot_11_17_2015_18_0.json	1447801200.0	98.44	316.25	136
snapshot_11_18_2015_0_0.json	1447822800.0	98.44	316.25	122
snapshot_11_18_2015_12_0.json	1447866000.0	98.44	316.25	122
snapshot_11_18_2015_12_0.json	1447866000.0	98.44	316.25	122
snapshot_11_18_2015_18_0.json	1447887600.0	98.44	325	122
snapshot_11_18_2015_6_0.json	1447844400.0	98.44	316.25	122
snapshot_11_19_2015_0_0.json	1447909200.0	98.44	325	124
snapshot_11_19_2015_12_0.json	1447952400.0	98.44	325	120
snapshot_11_19_2015_12_0.json	1447952400.0	98.44	325	120
snapshot_11_19_2015_6_0.json	1447930800.0	98.44	325	120
snapshot_11_20_2015_0_0.json	1447995600.0	98.44	318.5	116
snapshot_11_20_2015_12_0.json	1448038800.0	89.49	318.5	136
snapshot_11_21_2015_18_0.json	1448146800.0	89.49	321.75	136
snapshot_11_21_2015_18_0.json	1448146800.0	89.49	321.75	136
snapshot_11_22_2015_0_0.json	1448168400.0	89.49	321.75	136
snapshot_11_22_2015_12_0.json	1448211600.0	89.49	321.75	136
snapshot_11_22_2015_18_0.json	1448233200.0	89.49	321.75	136
snapshot_11_22_2015_6_0.json	1448190000.0	89.49	321.75	136
snapshot_11_23_2015_0_0.json	1448254800.0	89.49	321.75	136
snapshot_11_23_2015_0_0.json	1448254800.0	89.49	321.75	136
snapshot_11_23_2015_12_0.json	1448298000.0	89.49	321.75	136
snapshot_11_23_2015_18_0.json	1448319600.0	89.49	321.75	136
snapshot_11_23_2015_6_0.json	1448276400.0	89.49	321.75	136
snapshot_11_24_2015_12_0.json	1448384400.0	89.49	321.75	154
snapshot_11_24_2015_18_0.json	1448406000.0	89.49	321.75	154
snapshot_11_24_2015_6_0.json	1448362800.0	89.49	321.75	154
snapshot_11_25_2015_0_0.json	1448427600.0	89.49	321.75	154
snapshot_11_25_2015_12_0.json	1448470800.0	89.49	321.75	154
snapshot_11_25_2015_18_0.json	1448492400.0	89.49	321.75	154
snapshot_11_25_2015_6_0.json	1448449200.0	89.49	321.75	154
snapshot_11_25_2015_6_0.json	1448449200.0	89.49	321.75	154
snapshot_11_26_2015_0_0.json	1448514000.0	89.49	321.75	148
snapshot_11_28_2015_12_0.json	1448730000.0	89.49	321.75	156
snapshot_11_28_2015_18_0.json	1448751600.0	89.49	318.5	146
snapshot_11_28_2015_6_0.json	1448708400.0	89.49	321.75	156
snapshot_11_29_2015_0_0.json	1448773200.0	89.49	318.5	156
snapshot_11_29_2015_12_0.json	1448816400.0	89.49	318.5	156
snapshot_11_29_2015_18_0.json	1448838000.0	89.49	318.5	156
snapshot_11_29_2015_6_0.json	1448794800.0	89.49	318.5	156
snapshot_11_30_2015_0_0.json	1448859600.0	89.49	318.5	148
snapshot_11_30_2015_12_0.json	1448902800.0	89.49	318.5	148
snapshot_12_1_2015_18_0.json	1449010800.0	89.49	318.5	148
snapshot_12_1_2015_18_0.json	1449010800.0	89.49	318.5	148
snapshot_12_1_2015_6_0.json	1448967600.0	89.49	318.5	148
snapshot_12_2_2015_12_0.json	1449075600.0	89.49	318.5	148
snapshot_12_2_2015_18_0.json	1449097200.0	89.49	318.5	148
snapshot_12_2_2015_6_0.json	1449054000.0	89.49	318.5	148
snapshot_12_3_2015_0_0.json	1449118800.0	88.32	318.5	144
snapshot_12_3_2015_6_0.json	1449140400.0	88.32	318.5	144
snapshot_12_4_2015_12_0.json	1449248400.0	88.32	318.5	144
snapshot_12_4_2015_18_0.json	1449270000.0	88.32	318.5	144
snapshot_12_4_2015_6_0.json	1449226800.0	88.32	318.5	144
snapshot_12_5_2015_0_0.json	1449291600.0	88.32	318.5	144
snapshot_12_5_2015_0_0.json	1449291600.0	88.32	318.5	144
snapshot_12_5_2015_12_0.json	1449334800.0	88.32	318.5	144
snapshot_12_5_2015_18_0.json	1449356400.0	88.32	318.5	146
9233994	2016-06-26T03:00:00Z	Beautiful the Musical	Pantages Theatre Los Angeles	California Los Angeles Metro|10	90028
snapshot_11_16_2015_0_0.json	1447650000.0	98.44	316.25	138
snapshot_11_17_2015_0_0.json	1447736400.0	98.44	316.25	136
snapshot_11_17_2015_0_0.json	1447736400.0	98.44	316.25	136
snapshot_11_17_2015_18_0.json	1447801200.0	98.44	316.25	136
snapshot_11_18_2015_0_0.json	1447822800.0	98.44	316.25	122
snapshot_11_18_2015_12_0.json	1447866000.0	98.44	316.25	122
snapshot_11_18_2015_12_0.json	1447866000.0	98.44	316.25	122
snapshot_11_18_2015_18_0.json	1447887600.0	98.44	325	122
snapshot_11_18_2015_6_0.json	1447844400.0	98.44	316.25	122
snapshot_11_19_2015_0_0.json	1447909200.0	98.44	325	124
snapshot_11_19_2015_12_0.json	1447952400.0	98.44	325	120
snapshot_11_19_2015_12_0.json	1447952400.0	98.44	325	120
snapshot_11_19_2015_6_0.json	1447930800.0	98.44	325	120
snapshot_11_20_2015_0_0.json	1447995600.0	98.44	318.5	116
snapshot_11_20_2015_12_0.json	1448038800.0	89.49	318.5	136
snapshot_11_21_2015_18_0.json	1448146800.0	89.49	321.75	136
snapshot_11_21_2015_18_0.json	1448146800.0	89.49	321.75	136
snapshot_11_22_2015_0_0.json	1448168400.0	89.49	321.75	136
snapshot_11_22_2015_12_0.json	1448211600.0	89.49	321.75	136
snapshot_11_22_2015_18_0.json	1448233200.0	89.49	321.75	136
snapshot_11_22_2015_6_0.json	1448190000.0	89.49	321.75	136
snapshot_11_23_2015_0_0.json	1448254800.0	89.49	321.75	136
snapshot_11_23_2015_0_0.json	1448254800.0	89.49	321.75	136
snapshot_11_23_2015_12_0.json	1448298000.0	89.49	321.75	136
snapshot_11_23_2015_18_0.json	1448319600.0	89.49	321.75	136
snapshot_11_23_2015_6_0.json	1448276400.0	89.49	321.75	136
snapshot_11_24_2015_12_0.json	1448384400.0	89.49	321.75	154
snapshot_11_24_2015_18_0.json	1448406000.0	89.49	321.75	154
snapshot_11_24_2015_6_0.json	1448362800.0	89.49	321.75	154
snapshot_11_25_2015_0_0.json	1448427600.0	89.49	321.75	154
snapshot_11_25_2015_12_0.json	1448470800.0	89.49	321.75	154
snapshot_11_25_2015_18_0.json	1448492400.0	89.49	321.75	154
snapshot_11_25_2015_6_0.json	1448449200.0	89.49	321.75	154
snapshot_11_25_2015_6_0.json	1448449200.0	89.49	321.75	154
snapshot_11_26_2015_0_0.json	1448514000.0	89.49	321.75	148
snapshot_11_28_2015_12_0.json	1448730000.0	89.49	321.75	156
snapshot_11_28_2015_18_0.json	1448751600.0	89.49	318.5	146
snapshot_11_28_2015_6_0.json	1448708400.0	89.49	321.75	156
snapshot_11_29_2015_0_0.json	1448773200.0	89.49	318.5	156
snapshot_11_29_2015_12_0.json	1448816400.0	89.49	318.5	156
snapshot_11_29_2015_18_0.json	1448838000.0	89.49	318.5	156
snapshot_11_29_2015_6_0.json	1448794800.0	89.49	318.5	156
snapshot_11_30_2015_0_0.json	1448859600.0	89.49	318.5	148
snapshot_11_30_2015_12_0.json	1448902800.0	89.49	318.5	148
snapshot_12_1_2015_18_0.json	1449010800.0	89.49	318.5	148
snapshot_12_1_2015_18_0.json	1449010800.0	89.49	318.5	148
snapshot_12_1_2015_6_0.json	1448967600.0	89.49	318.5	148
snapshot_12_2_2015_12_0.json	1449075600.0	89.49	318.5	148
snapshot_12_2_2015_18_0.json	1449097200.0	89.49	318.5	148
snapshot_12_2_2015_6_0.json	1449054000.0	89.49	318.5	148
snapshot_12_3_2015_0_0.json	1449118800.0	88.32	318.5	144
snapshot_12_3_2015_6_0.json	1449140400.0	88.32	318.5	144
snapshot_12_4_2015_12_0.json	1449248400.0	88.32	318.5	144
snapshot_12_4_2015_18_0.json	1449270000.0	88.32	318.5	144
snapshot_12_4_2015_6_0.json	1449226800.0	88.32	318.5	144
snapshot_12_5_2015_0_0.json	1449291600.0	88.32	318.5	144
snapshot_12_5_2015_0_0.json	1449291600.0	88.32	318.5	144
snapshot_12_5_2015_12_0.json	1449334800.0	88.32	318.5	144
snapshot_12_5_2015_18_0.json	1449356400.0	88.32	318.5	146
9233994	2016-06-26T03:00:00Z	Beautiful the Musical	Pantages Theatre Los Angeles	California Los Angeles Metro|10	90028
snapshot_11_16_2015_0_0.json	1447650000.0	98.44	316.25	138
snapshot_11_17_2015_0_0.json	1447736400.0	98.44	316.25	136
snapshot_11_17_2015_0_0.json	1447736400.0	98.44	316.25	136
snapshot_11_17_2015_18_0.json	1447801200.0	98.44	316.25	136
snapshot_11_18_2015_0_0.json	1447822800.0	98.44	316.25	122
snapshot_11_18_2015_12_0.json	1447866000.0	98.44	316.25	122
snapshot_11_18_2015_12_0.json	1447866000.0	98.44	316.25	122
snapshot_11_18_2015_18_0.json	1447887600.0	98.44	325	122
snapshot_11_18_2015_6_0.json	1447844400.0	98.44	316.25	122
snapshot_11_19_2015_0_0.json	1447909200.0	98.44	325	124
snapshot_11_19_2015_12_0.json	1447952400.0	98.44	325	120
snapshot_11_19_2015_12_0.json	1447952400.0	98.44	325	120
snapshot_11_19_2015_6_0.json	1447930800.0	98.44	325	120
snapshot_11_20_2015_0_0.json	1447995600.0	98.44	318.5	116
snapshot_11_20_2015_12_0.json	1448038800.0	89.49	318.5	136
snapshot_11_21_2015_18_0.json	1448146800.0	89.49	321.75	136
snapshot_11_21_2015_18_0.json	1448146800.0	89.49	321.75	136
snapshot_11_22_2015_0_0.json	1448168400.0	89.49	321.75	136
snapshot_11_22_2015_12_0.json	1448211600.0	89.49	321.75	136
snapshot_11_22_2015_18_0.json	1448233200.0	89.49	321.75	136
snapshot_11_22_2015_6_0.json	1448190000.0	89.49	321.75	136
snapshot_11_23_2015_0_0.json	1448254800.0	89.49	321.75	136
snapshot_11_23_2015_0_0.json	1448254800.0	89.49	321.75	136
snapshot_11_23_2015_12_0.json	1448298000.0	89.49	321.75	136
snapshot_11_23_2015_18_0.json	1448319600.0	89.49	321.75	136
snapshot_11_23_2015_6_0.json	1448276400.0	89.49	321.75	136
snapshot_11_24_2015_12_0.json	1448384400.0	89.49	321.75	154
snapshot_11_24_2015_18_0.json	1448406000.0	89.49	321.75	154
snapshot_11_24_2015_6_0.json	1448362800.0	89.49	321.75	154
snapshot_11_25_2015_0_0.json	1448427600.0	89.49	321.75	154
snapshot_11_25_2015_12_0.json	1448470800.0	89.49	321.75	154
snapshot_11_25_2015_18_0.json	1448492400.0	89.49	321.75	154
snapshot_11_25_2015_6_0.json	1448449200.0	89.49	321.75	154
snapshot_11_25_2015_6_0.json	1448449200.0	89.49	321.75	154
snapshot_11_26_2015_0_0.json	1448514000.0	89.49	321.75	148
snapshot_11_28_2015_12_0.json	1448730000.0	89.49	321.75	156
snapshot_11_28_2015_18_0.json	1448751600.0	89.49	318.5	146
snapshot_11_28_2015_6_0.json	1448708400.0	89.49	321.75	156
snapshot_11_29_2015_0_0.json	1448773200.0	89.49	318.5	156
snapshot_11_29_2015_12_0.json	1448816400.0	89.49	318.5	156
snapshot_11_29_2015_18_0.json	1448838000.0	89.49	318.5	156
snapshot_11_29_2015_6_0.json	1448794800.0	89.49	318.5	156
snapshot_11_30_2015_0_0.json	1448859600.0	89.49	318.5	148
snapshot_11_30_2015_12_0.json	1448902800.0	89.49	318.5	148
snapshot_12_1_2015_18_0.json	1449010800.0	89.49	318.5	148
snapshot_12_1_2015_18_0.json	1449010800.0	89.49	318.5	148
snapshot_12_1_2015_6_0.json	1448967600.0	89.49	318.5	148
snapshot_12_2_2015_12_0.json	1449075600.0	89.49	318.5	148
snapshot_12_2_2015_18_0.json	1449097200.0	89.49	318.5	148
snapshot_12_2_2015_6_0.json	1449054000.0	89.49	318.5	148
snapshot_12_3_2015_0_0.json	1449118800.0	88.32	318.5	144
snapshot_12_3_2015_6_0.json	1449140400.0	88.32	318.5	144
snapshot_12_4_2015_12_0.json	1449248400.0	88.32	318.5	144
snapshot_12_4_2015_18_0.json	1449270000.0	88.32	318.5	144
snapshot_12_4_2015_6_0.json	1449226800.0	88.32	318.5	144
snapshot_12_5_2015_0_0.json	1449291600.0	88.32	318.5	144
snapshot_12_5_2015_0_0.json	1449291600.0	88.32	318.5	144
snapshot_12_5_2015_12_0.json	1449334800.0	88.32	318.5	144
snapshot_12_5_2015_18_0.json	1449356400.0	88.32	318.5	146
9233994	2016-06-26T03:00:00Z	Beautiful the Musical	Pantages Theatre Los Angeles	California Los Angeles Metro|10	90028
snapshot_11_16_2015_0_0.json	1447650000.0	98.44	316.25	138
snapshot_11_17_2015_0_0.json	1447736400.0	98.44	316.25	136
snapshot_11_17_2015_0_0.json	1447736400.0	98.44	316.25	136
snapshot_11_17_2015_18_0.json	1447801200.0	98.44	316.25	136
snapshot_11_18_2015_0_0.json	1447822800.0	98.44	316.25	122
snapshot_11_18_2015_12_0.json	1447866000.0	98.44	316.25	122
snapshot_11_18_2015_12_0.json	1447866000.0	98.44	316.25	122
snapshot_11_18_2015_18_0.json	1447887600.0	98.44	325	122
snapshot_11_18_2015_6_0.json	1447844400.0	98.44	316.25	122
snapshot_11_19_2015_0_0.json	1447909200.0	98.44	325	124
snapshot_11_19_2015_12_0.json	1447952400.0	98.44	325	120
snapshot_11_19_2015_12_0.json	1447952400.0	98.44	325	120
snapshot_11_19_2015_6_0.json	1447930800.0	98.44	325	120
snapshot_11_20_2015_0_0.json	1447995600.0	98.44	318.5	116
snapshot_11_20_2015_12_0.json	1448038800.0	89.49	318.5	136
snapshot_11_21_2015_18_0.json	1448146800.0	89.49	321.75	136
snapshot_11_21_2015_18_0.json	1448146800.0	89.49	321.75	136
snapshot_11_22_2015_0_0.json	1448168400.0	89.49	321.75	136
snapshot_11_22_2015_12_0.json	1448211600.0	89.49	321.75	136
snapshot_11_22_2015_18_0.json	1448233200.0	89.49	321.75	136
snapshot_11_22_2015_6_0.json	1448190000.0	89.49	321.75	136
snapshot_11_23_2015_0_0.json	1448254800.0	89.49	321.75	136
snapshot_11_23_2015_0_0.json	1448254800.0	89.49	321.75	136
snapshot_11_23_2015_12_0.json	1448298000.0	89.49	321.75	136
snapshot_11_23_2015_18_0.json	1448319600.0	89.49	321.75	136
snapshot_11_23_2015_6_0.json	1448276400.0	89.49	321.75	136
snapshot_11_24_2015_12_0.json	1448384400.0	89.49	321.75	154
snapshot_11_24_2015_18_0.json	1448406000.0	89.49	321.75	154
snapshot_11_24_2015_6_0.json	1448362800.0	89.49	321.75	154
snapshot_11_25_2015_0_0.json	1448427600.0	89.49	321.75	154
snapshot_11_25_2015_12_0.json	1448470800.0	89.49	321.75	154
snapshot_11_25_2015_18_0.json	1448492400.0	89.49	321.75	154
snapshot_11_25_2015_6_0.json	1448449200.0	89.49	321.75	154
snapshot_11_25_2015_6_0.json	1448449200.0	89.49	321.75	154
snapshot_11_26_2015_0_0.json	1448514000.0	89.49	321.75	148
snapshot_11_28_2015_12_0.json	1448730000.0	89.49	321.75	156
snapshot_11_28_2015_18_0.json	1448751600.0	89.49	318.5	146
snapshot_11_28_2015_6_0.json	1448708400.0	89.49	321.75	156
snapshot_11_29_2015_0_0.json	1448773200.0	89.49	318.5	156
snapshot_11_29_2015_12_0.json	1448816400.0	89.49	318.5	156
snapshot_11_29_2015_18_0.json	1448838000.0	89.49	318.5	156
snapshot_11_29_2015_6_0.json	1448794800.0	89.49	318.5	156
snapshot_11_30_2015_0_0.json	1448859600.0	89.49	318.5	148
snapshot_11_30_2015_12_0.json	1448902800.0	89.49	318.5	148
snapshot_12_1_2015_18_0.json	1449010800.0	89.49	318.5	148
snapshot_12_1_2015_18_0.json	1449010800.0	89.49	318.5	148
snapshot_12_1_2015_6_0.json	1448967600.0	89.49	318.5	148
snapshot_12_2_2015_12_0.json	1449075600.0	89.49	318.5	148
snapshot_12_2_2015_18_0.json	1449097200.0	89.49	318.5	148
snapshot_12_2_2015_6_0.json	1449054000.0	89.49	318.5	148
snapshot_12_3_2015_0_0.json	1449118800.0	88.32	318.5	144
snapshot_12_3_2015_6_0.json	1449140400.0	88.32	318.5	144
snapshot_12_4_2015_12_0.json	1449248400.0	88.32	318.5	144
snapshot_12_4_2015_18_0.json	1449270000.0	88.32	318.5	144
snapshot_12_4_2015_6_0.json	1449226800.0	88.32	318.5	144
snapshot_12_5_2015_0_0.json	1449291600.0	88.32	318.5	144
snapshot_12_5_2015_0_0.json	1449291600.0	88.32	318.5	144
snapshot_12_5_2015_12_0.json	1449334800.0	88.32	318.5	144
snapshot_12_5_2015_18_0.json	1449356400.0	88.32	318.5	146
