9233097	2015-11-27T20:46:00Z	PARKING PASSES ONLY Miami at Pittsburgh	Heinz Field and PNC Park Parking Lots	Pennsylvania Pittsburgh|681	15212
snapshot_11_17_2015_0_0.json	1447736400.0	34.44	150	44
snapshot_11_17_2015_12_0.json	1447779600.0	34.44	150	44
snapshot_11_17_2015_18_0.json	1447801200.0	34.44	150	47
snapshot_11_18_2015_0_0.json	1447822800.0	34.5	150	46
snapshot_11_18_2015_12_0.json	1447866000.0	34.5	150	47
snapshot_11_18_2015_18_0.json	1447887600.0	34.5	150	47
snapshot_11_19_2015_0_0.json	1447909200.0	33.33	150	48
snapshot_11_19_2015_12_0.json	1447952400.0	34.5	150	45
snapshot_11_20_2015_0_0.json	1447995600.0	34.5	150	42
snapshot_11_20_2015_12_0.json	1448038800.0	28.67	150	44
snapshot_11_21_2015_12_0.json	1448125200.0	28.67	150	40
snapshot_11_21_2015_18_0.json	1448146800.0	28.67	150	34
snapshot_11_22_2015_0_0.json	1448168400.0	28.67	150	31
snapshot_11_22_2015_12_0.json	1448211600.0	28.67	150	29
snapshot_11_22_2015_6_0.json	1448190000.0	28.67	150	29
snapshot_11_22_2015_6_0.json	1448190000.0	28.67	150	29
snapshot_11_23_2015_0_0.json	1448254800.0	28.67	150	24
snapshot_11_23_2015_12_0.json	1448298000.0	18.41	150	24
snapshot_11_23_2015_18_0.json	1448319600.0	34.5	150	20
snapshot_11_23_2015_6_0.json	1448276400.0	18.41	150	24
snapshot_11_24_2015_0_0.json	1448341200.0	57.2	83.25	3
snapshot_11_24_2015_12_0.json	1448384400.0	72.7	60	1
snapshot_11_24_2015_18_0.json	1448406000.0	72.7	199.99	3
snapshot_11_24_2015_6_0.json	1448362800.0	72.7	60	1
snapshot_11_25_2015_0_0.json	1448427600.0	0	0	0
snapshot_11_25_2015_0_0.json	1448427600.0	0	0	0
snapshot_11_25_2015_12_0.json	1448470800.0	0	0	0
snapshot_11_25_2015_18_0.json	1448492400.0	0	0	0
snapshot_11_25_2015_6_0.json	1448449200.0	0	0	0
snapshot_11_27_2015_18_0.json	1448665200.0	0	0	0
snapshot_11_28_2015_0_0.json	1448686800.0	0	0	0
snapshot_11_28_2015_12_0.json	1448730000.0	0	0	0
snapshot_11_28_2015_18_0.json	1448751600.0	0	0	0
snapshot_11_28_2015_6_0.json	1448708400.0	0	0	0
snapshot_11_29_2015_6_0.json	1448794800.0	0	0	0
snapshot_11_29_2015_6_0.json	1448794800.0	0	0	0
9233097	2015-11-27T20:46:00Z	PARKING PASSES ONLY Miami at Pittsburgh	Heinz Field and PNC Park Parking Lots	Pennsylvania Pittsburgh|681	15212
snapshot_11_17_2015_0_0.json	1447736400.0	34.44	150	44
snapshot_11_17_2015_12_0.json	1447779600.0	34.44	150	44
snapshot_11_17_2015_18_0.json	1447801200.0	34.44	150	47
snapshot_11_18_2015_0_0.json	1447822800.0	34.5	150	46
snapshot_11_18_2015_12_0.json	1447866000.0	34.5	150	47
snapshot_11_18_2015_18_0.json	1447887600.0	34.5	150	47
snapshot_11_19_2015_0_0.json	1447909200.0	33.33	150	48
snapshot_11_19_2015_12_0.json	1447952400.0	34.5	150	45
snapshot_11_20_2015_0_0.json	1447995600.0	34.5	150	42
snapshot_11_20_2015_12_0.json	1448038800.0	28.67	150	44
snapshot_11_21_2015_12_0.json	1448125200.0	28.67	150	40
snapshot_11_21_2015_18_0.json	1448146800.0	28.67	150	34
snapshot_11_22_2015_0_0.json	1448168400.0	28.67	150	31
snapshot_11_22_2015_12_0.json	1448211600.0	28.67	150	29
snapshot_11_22_2015_6_0.json	1448190000.0	28.67	150	29
snapshot_11_22_2015_6_0.json	1448190000.0	28.67	150	29
snapshot_11_23_2015_0_0.json	1448254800.0	28.67	150	24
snapshot_11_23_2015_12_0.json	1448298000.0	18.41	150	24
snapshot_11_23_2015_18_0.json	1448319600.0	34.5	150	20
snapshot_11_23_2015_6_0.json	1448276400.0	18.41	150	24
snapshot_11_24_2015_0_0.json	1448341200.0	57.2	83.25	3
snapshot_11_24_2015_12_0.json	1448384400.0	72.7	60	1
snapshot_11_24_2015_18_0.json	1448406000.0	72.7	199.99	3
snapshot_11_24_2015_6_0.json	1448362800.0	72.7	60	1
snapshot_11_25_2015_0_0.json	1448427600.0	0	0	0
snapshot_11_25_2015_0_0.json	1448427600.0	0	0	0
snapshot_11_25_2015_12_0.json	1448470800.0	0	0	0
snapshot_11_25_2015_18_0.json	1448492400.0	0	0	0
snapshot_11_25_2015_6_0.json	1448449200.0	0	0	0
snapshot_11_27_2015_18_0.json	1448665200.0	0	0	0
snapshot_11_28_2015_0_0.json	1448686800.0	0	0	0
snapshot_11_28_2015_12_0.json	1448730000.0	0	0	0
snapshot_11_28_2015_18_0.json	1448751600.0	0	0	0
snapshot_11_28_2015_6_0.json	1448708400.0	0	0	0
snapshot_11_29_2015_6_0.json	1448794800.0	0	0	0
snapshot_11_29_2015_6_0.json	1448794800.0	0	0	0
9233097	2015-11-27T20:46:00Z	PARKING PASSES ONLY Miami at Pittsburgh	Heinz Field and PNC Park Parking Lots	Pennsylvania Pittsburgh|681	15212
snapshot_11_17_2015_0_0.json	1447736400.0	34.44	150	44
snapshot_11_17_2015_12_0.json	1447779600.0	34.44	150	44
snapshot_11_17_2015_18_0.json	1447801200.0	34.44	150	47
snapshot_11_18_2015_0_0.json	1447822800.0	34.5	150	46
snapshot_11_18_2015_12_0.json	1447866000.0	34.5	150	47
snapshot_11_18_2015_18_0.json	1447887600.0	34.5	150	47
snapshot_11_19_2015_0_0.json	1447909200.0	33.33	150	48
snapshot_11_19_2015_12_0.json	1447952400.0	34.5	150	45
snapshot_11_20_2015_0_0.json	1447995600.0	34.5	150	42
snapshot_11_20_2015_12_0.json	1448038800.0	28.67	150	44
snapshot_11_21_2015_12_0.json	1448125200.0	28.67	150	40
snapshot_11_21_2015_18_0.json	1448146800.0	28.67	150	34
snapshot_11_22_2015_0_0.json	1448168400.0	28.67	150	31
snapshot_11_22_2015_12_0.json	1448211600.0	28.67	150	29
snapshot_11_22_2015_6_0.json	1448190000.0	28.67	150	29
snapshot_11_22_2015_6_0.json	1448190000.0	28.67	150	29
snapshot_11_23_2015_0_0.json	1448254800.0	28.67	150	24
snapshot_11_23_2015_12_0.json	1448298000.0	18.41	150	24
snapshot_11_23_2015_18_0.json	1448319600.0	34.5	150	20
snapshot_11_23_2015_6_0.json	1448276400.0	18.41	150	24
snapshot_11_24_2015_0_0.json	1448341200.0	57.2	83.25	3
snapshot_11_24_2015_12_0.json	1448384400.0	72.7	60	1
snapshot_11_24_2015_18_0.json	1448406000.0	72.7	199.99	3
snapshot_11_24_2015_6_0.json	1448362800.0	72.7	60	1
snapshot_11_25_2015_0_0.json	1448427600.0	0	0	0
snapshot_11_25_2015_0_0.json	1448427600.0	0	0	0
snapshot_11_25_2015_12_0.json	1448470800.0	0	0	0
snapshot_11_25_2015_18_0.json	1448492400.0	0	0	0
snapshot_11_25_2015_6_0.json	1448449200.0	0	0	0
snapshot_11_27_2015_18_0.json	1448665200.0	0	0	0
snapshot_11_28_2015_0_0.json	1448686800.0	0	0	0
snapshot_11_28_2015_12_0.json	1448730000.0	0	0	0
snapshot_11_28_2015_18_0.json	1448751600.0	0	0	0
snapshot_11_28_2015_6_0.json	1448708400.0	0	0	0
snapshot_11_29_2015_6_0.json	1448794800.0	0	0	0
snapshot_11_29_2015_6_0.json	1448794800.0	0	0	0
9233097	2015-11-27T20:46:00Z	PARKING PASSES ONLY Miami at Pittsburgh	Heinz Field and PNC Park Parking Lots	Pennsylvania Pittsburgh|681	15212
snapshot_11_17_2015_0_0.json	1447736400.0	34.44	150	44
snapshot_11_17_2015_12_0.json	1447779600.0	34.44	150	44
snapshot_11_17_2015_18_0.json	1447801200.0	34.44	150	47
snapshot_11_18_2015_0_0.json	1447822800.0	34.5	150	46
snapshot_11_18_2015_12_0.json	1447866000.0	34.5	150	47
snapshot_11_18_2015_18_0.json	1447887600.0	34.5	150	47
snapshot_11_19_2015_0_0.json	1447909200.0	33.33	150	48
snapshot_11_19_2015_12_0.json	1447952400.0	34.5	150	45
snapshot_11_20_2015_0_0.json	1447995600.0	34.5	150	42
snapshot_11_20_2015_12_0.json	1448038800.0	28.67	150	44
snapshot_11_21_2015_12_0.json	1448125200.0	28.67	150	40
snapshot_11_21_2015_18_0.json	1448146800.0	28.67	150	34
snapshot_11_22_2015_0_0.json	1448168400.0	28.67	150	31
snapshot_11_22_2015_12_0.json	1448211600.0	28.67	150	29
snapshot_11_22_2015_6_0.json	1448190000.0	28.67	150	29
snapshot_11_22_2015_6_0.json	1448190000.0	28.67	150	29
snapshot_11_23_2015_0_0.json	1448254800.0	28.67	150	24
snapshot_11_23_2015_12_0.json	1448298000.0	18.41	150	24
snapshot_11_23_2015_18_0.json	1448319600.0	34.5	150	20
snapshot_11_23_2015_6_0.json	1448276400.0	18.41	150	24
snapshot_11_24_2015_0_0.json	1448341200.0	57.2	83.25	3
snapshot_11_24_2015_12_0.json	1448384400.0	72.7	60	1
snapshot_11_24_2015_18_0.json	1448406000.0	72.7	199.99	3
snapshot_11_24_2015_6_0.json	1448362800.0	72.7	60	1
snapshot_11_25_2015_0_0.json	1448427600.0	0	0	0
snapshot_11_25_2015_0_0.json	1448427600.0	0	0	0
snapshot_11_25_2015_12_0.json	1448470800.0	0	0	0
snapshot_11_25_2015_18_0.json	1448492400.0	0	0	0
snapshot_11_25_2015_6_0.json	1448449200.0	0	0	0
snapshot_11_27_2015_18_0.json	1448665200.0	0	0	0
snapshot_11_28_2015_0_0.json	1448686800.0	0	0	0
snapshot_11_28_2015_12_0.json	1448730000.0	0	0	0
snapshot_11_28_2015_18_0.json	1448751600.0	0	0	0
snapshot_11_28_2015_6_0.json	1448708400.0	0	0	0
snapshot_11_29_2015_6_0.json	1448794800.0	0	0	0
snapshot_11_29_2015_6_0.json	1448794800.0	0	0	0
