9233066	2015-11-21T17:30:00Z	Miami Hurricanes	Sun Life Stadium	Florida Miami / S. Florida|669	33056
snapshot_11_16_2015_0_0.json	1447650000.0	9.52	9999	2340
snapshot_11_17_2015_0_0.json	1447736400.0	9.52	9999	2333
snapshot_11_17_2015_12_0.json	1447779600.0	9.52	9999	2274
snapshot_11_17_2015_18_0.json	1447801200.0	10.69	9999	2223
snapshot_11_17_2015_6_0.json	1447758000.0	9.52	9999	2302
snapshot_11_17_2015_6_0.json	1447758000.0	9.52	9999	2302
snapshot_11_18_2015_0_0.json	1447822800.0	10.69	9999	2203
snapshot_11_18_2015_0_0.json	1447822800.0	10.69	9999	2203
snapshot_11_18_2015_12_0.json	1447866000.0	10.46	9999	2588
snapshot_11_18_2015_18_0.json	1447887600.0	10.28	9999	2533
snapshot_11_18_2015_6_0.json	1447844400.0	10.46	9999	2586
snapshot_11_19_2015_0_0.json	1447909200.0	10.3	9999	2463
snapshot_11_19_2015_6_0.json	1447930800.0	10.69	9999	2433
snapshot_11_20_2015_0_0.json	1447995600.0	9.93	9999	2220
snapshot_11_20_2015_12_0.json	1448038800.0	9.52	9999	2160
snapshot_11_21_2015_12_0.json	1448125200.0	9.52	160	1646
snapshot_11_21_2015_18_0.json	1448146800.0	0	0	0
snapshot_11_22_2015_0_0.json	1448168400.0	0	0	0
snapshot_11_22_2015_12_0.json	1448211600.0	0	0	0
snapshot_11_22_2015_18_0.json	1448233200.0	0	0	0
snapshot_11_22_2015_6_0.json	1448190000.0	0	0	0
snapshot_11_23_2015_0_0.json	1448254800.0	0	0	0
snapshot_11_23_2015_12_0.json	1448298000.0	0	0	0
snapshot_11_23_2015_18_0.json	1448319600.0	0	0	0
snapshot_11_23_2015_6_0.json	1448276400.0	0	0	0
snapshot_11_25_2015_6_0.json	1448449200.0	0	0	0
snapshot_12_4_2015_0_0.json	1449205200.0	0	0	0
snapshot_12_4_2015_12_0.json	1449248400.0	0	0	0
snapshot_12_4_2015_6_0.json	1449226800.0	0	0	0
9233066	2015-11-21T17:30:00Z	Miami Hurricanes	Sun Life Stadium	Florida Miami / S. Florida|669	33056
snapshot_11_16_2015_0_0.json	1447650000.0	9.52	9999	2340
snapshot_11_17_2015_0_0.json	1447736400.0	9.52	9999	2333
snapshot_11_17_2015_12_0.json	1447779600.0	9.52	9999	2274
snapshot_11_17_2015_18_0.json	1447801200.0	10.69	9999	2223
snapshot_11_17_2015_6_0.json	1447758000.0	9.52	9999	2302
snapshot_11_17_2015_6_0.json	1447758000.0	9.52	9999	2302
snapshot_11_18_2015_0_0.json	1447822800.0	10.69	9999	2203
snapshot_11_18_2015_0_0.json	1447822800.0	10.69	9999	2203
snapshot_11_18_2015_12_0.json	1447866000.0	10.46	9999	2588
snapshot_11_18_2015_18_0.json	1447887600.0	10.28	9999	2533
snapshot_11_18_2015_6_0.json	1447844400.0	10.46	9999	2586
snapshot_11_19_2015_0_0.json	1447909200.0	10.3	9999	2463
snapshot_11_19_2015_6_0.json	1447930800.0	10.69	9999	2433
snapshot_11_20_2015_0_0.json	1447995600.0	9.93	9999	2220
snapshot_11_20_2015_12_0.json	1448038800.0	9.52	9999	2160
snapshot_11_21_2015_12_0.json	1448125200.0	9.52	160	1646
snapshot_11_21_2015_18_0.json	1448146800.0	0	0	0
snapshot_11_22_2015_0_0.json	1448168400.0	0	0	0
snapshot_11_22_2015_12_0.json	1448211600.0	0	0	0
snapshot_11_22_2015_18_0.json	1448233200.0	0	0	0
snapshot_11_22_2015_6_0.json	1448190000.0	0	0	0
snapshot_11_23_2015_0_0.json	1448254800.0	0	0	0
snapshot_11_23_2015_12_0.json	1448298000.0	0	0	0
snapshot_11_23_2015_18_0.json	1448319600.0	0	0	0
snapshot_11_23_2015_6_0.json	1448276400.0	0	0	0
snapshot_11_25_2015_6_0.json	1448449200.0	0	0	0
snapshot_12_4_2015_0_0.json	1449205200.0	0	0	0
snapshot_12_4_2015_12_0.json	1449248400.0	0	0	0
snapshot_12_4_2015_6_0.json	1449226800.0	0	0	0
9233066	2015-11-21T17:30:00Z	Miami Hurricanes	Sun Life Stadium	Florida Miami / S. Florida|669	33056
snapshot_11_16_2015_0_0.json	1447650000.0	9.52	9999	2340
snapshot_11_17_2015_0_0.json	1447736400.0	9.52	9999	2333
snapshot_11_17_2015_12_0.json	1447779600.0	9.52	9999	2274
snapshot_11_17_2015_18_0.json	1447801200.0	10.69	9999	2223
snapshot_11_17_2015_6_0.json	1447758000.0	9.52	9999	2302
snapshot_11_17_2015_6_0.json	1447758000.0	9.52	9999	2302
snapshot_11_18_2015_0_0.json	1447822800.0	10.69	9999	2203
snapshot_11_18_2015_0_0.json	1447822800.0	10.69	9999	2203
snapshot_11_18_2015_12_0.json	1447866000.0	10.46	9999	2588
snapshot_11_18_2015_18_0.json	1447887600.0	10.28	9999	2533
snapshot_11_18_2015_6_0.json	1447844400.0	10.46	9999	2586
snapshot_11_19_2015_0_0.json	1447909200.0	10.3	9999	2463
snapshot_11_19_2015_6_0.json	1447930800.0	10.69	9999	2433
snapshot_11_20_2015_0_0.json	1447995600.0	9.93	9999	2220
snapshot_11_20_2015_12_0.json	1448038800.0	9.52	9999	2160
snapshot_11_21_2015_12_0.json	1448125200.0	9.52	160	1646
snapshot_11_21_2015_18_0.json	1448146800.0	0	0	0
snapshot_11_22_2015_0_0.json	1448168400.0	0	0	0
snapshot_11_22_2015_12_0.json	1448211600.0	0	0	0
snapshot_11_22_2015_18_0.json	1448233200.0	0	0	0
snapshot_11_22_2015_6_0.json	1448190000.0	0	0	0
snapshot_11_23_2015_0_0.json	1448254800.0	0	0	0
snapshot_11_23_2015_12_0.json	1448298000.0	0	0	0
snapshot_11_23_2015_18_0.json	1448319600.0	0	0	0
snapshot_11_23_2015_6_0.json	1448276400.0	0	0	0
snapshot_11_25_2015_6_0.json	1448449200.0	0	0	0
snapshot_12_4_2015_0_0.json	1449205200.0	0	0	0
snapshot_12_4_2015_12_0.json	1449248400.0	0	0	0
snapshot_12_4_2015_6_0.json	1449226800.0	0	0	0
9233066	2015-11-21T17:30:00Z	Miami Hurricanes	Sun Life Stadium	Florida Miami / S. Florida|669	33056
snapshot_11_16_2015_0_0.json	1447650000.0	9.52	9999	2340
snapshot_11_17_2015_0_0.json	1447736400.0	9.52	9999	2333
snapshot_11_17_2015_12_0.json	1447779600.0	9.52	9999	2274
snapshot_11_17_2015_18_0.json	1447801200.0	10.69	9999	2223
snapshot_11_17_2015_6_0.json	1447758000.0	9.52	9999	2302
snapshot_11_17_2015_6_0.json	1447758000.0	9.52	9999	2302
snapshot_11_18_2015_0_0.json	1447822800.0	10.69	9999	2203
snapshot_11_18_2015_0_0.json	1447822800.0	10.69	9999	2203
snapshot_11_18_2015_12_0.json	1447866000.0	10.46	9999	2588
snapshot_11_18_2015_18_0.json	1447887600.0	10.28	9999	2533
snapshot_11_18_2015_6_0.json	1447844400.0	10.46	9999	2586
snapshot_11_19_2015_0_0.json	1447909200.0	10.3	9999	2463
snapshot_11_19_2015_6_0.json	1447930800.0	10.69	9999	2433
snapshot_11_20_2015_0_0.json	1447995600.0	9.93	9999	2220
snapshot_11_20_2015_12_0.json	1448038800.0	9.52	9999	2160
snapshot_11_21_2015_12_0.json	1448125200.0	9.52	160	1646
snapshot_11_21_2015_18_0.json	1448146800.0	0	0	0
snapshot_11_22_2015_0_0.json	1448168400.0	0	0	0
snapshot_11_22_2015_12_0.json	1448211600.0	0	0	0
snapshot_11_22_2015_18_0.json	1448233200.0	0	0	0
snapshot_11_22_2015_6_0.json	1448190000.0	0	0	0
snapshot_11_23_2015_0_0.json	1448254800.0	0	0	0
snapshot_11_23_2015_12_0.json	1448298000.0	0	0	0
snapshot_11_23_2015_18_0.json	1448319600.0	0	0	0
snapshot_11_23_2015_6_0.json	1448276400.0	0	0	0
snapshot_11_25_2015_6_0.json	1448449200.0	0	0	0
snapshot_12_4_2015_0_0.json	1449205200.0	0	0	0
snapshot_12_4_2015_12_0.json	1449248400.0	0	0	0
snapshot_12_4_2015_6_0.json	1449226800.0	0	0	0
