9233006	2015-12-05T01:30:00Z	Beautiful the Carol King Musical	Oriental Theater Chicago at Ford Center for Performing Arts	Illinois Chicago|666	60601
snapshot_11_16_2015_0_0.json	1447650000.0	117.57	291.86	43
snapshot_11_17_2015_0_0.json	1447736400.0	117.57	291.86	43
snapshot_11_17_2015_18_0.json	1447801200.0	117.57	291.86	43
snapshot_11_18_2015_0_0.json	1447822800.0	117.57	291.86	45
snapshot_11_18_2015_12_0.json	1447866000.0	117.57	291.86	45
snapshot_11_18_2015_18_0.json	1447887600.0	117.57	291.86	45
snapshot_11_18_2015_6_0.json	1447844400.0	117.57	291.86	45
snapshot_11_19_2015_0_0.json	1447909200.0	117.57	291.86	47
snapshot_11_21_2015_18_0.json	1448146800.0	117.57	346.28	41
snapshot_11_22_2015_0_0.json	1448168400.0	117.57	346.28	41
snapshot_11_22_2015_12_0.json	1448211600.0	117.57	246	39
snapshot_11_22_2015_18_0.json	1448233200.0	117.57	167	37
snapshot_11_22_2015_18_0.json	1448233200.0	117.57	167	37
snapshot_11_22_2015_6_0.json	1448190000.0	117.57	246	39
snapshot_11_22_2015_6_0.json	1448190000.0	117.57	246	39
snapshot_11_23_2015_0_0.json	1448254800.0	117.57	167	37
snapshot_11_23_2015_0_0.json	1448254800.0	117.57	167	37
snapshot_11_23_2015_18_0.json	1448319600.0	117.57	167	37
snapshot_11_23_2015_18_0.json	1448319600.0	117.57	167	37
snapshot_11_23_2015_6_0.json	1448276400.0	117.57	167	37
snapshot_11_24_2015_18_0.json	1448406000.0	117.57	272.07	47
snapshot_11_25_2015_0_0.json	1448427600.0	117.57	246	47
snapshot_11_25_2015_0_0.json	1448427600.0	117.57	246	47
snapshot_11_25_2015_12_0.json	1448470800.0	117.57	246	47
snapshot_11_25_2015_18_0.json	1448492400.0	117.57	232.5	45
snapshot_11_25_2015_6_0.json	1448449200.0	117.57	246	47
snapshot_11_26_2015_0_0.json	1448514000.0	117.57	232.5	45
snapshot_11_26_2015_0_0.json	1448514000.0	117.57	232.5	45
snapshot_11_27_2015_18_0.json	1448665200.0	117.57	232.5	43
snapshot_11_28_2015_0_0.json	1448686800.0	117.57	232.5	43
snapshot_11_28_2015_12_0.json	1448730000.0	117.57	232.5	43
snapshot_11_28_2015_18_0.json	1448751600.0	117.57	232.5	43
snapshot_11_28_2015_6_0.json	1448708400.0	117.57	232.5	43
snapshot_11_29_2015_0_0.json	1448773200.0	117.57	232.5	43
snapshot_11_29_2015_12_0.json	1448816400.0	117.57	232.5	43
snapshot_11_29_2015_6_0.json	1448794800.0	117.57	232.5	43
snapshot_11_30_2015_0_0.json	1448859600.0	117.57	216.67	43
snapshot_11_30_2015_0_0.json	1448859600.0	117.57	216.67	43
snapshot_11_30_2015_12_0.json	1448902800.0	117.57	216.67	43
snapshot_11_30_2015_18_0.json	1448924400.0	117.57	192.93	49
snapshot_11_30_2015_6_0.json	1448881200.0	117.57	216.67	43
snapshot_11_30_2015_6_0.json	1448881200.0	117.57	216.67	43
snapshot_12_1_2015_18_0.json	1449010800.0	117.57	177.1	47
snapshot_12_2_2015_12_0.json	1449075600.0	93.76	157.31	17
snapshot_12_2_2015_18_0.json	1449097200.0	93.76	183.03	17
snapshot_12_2_2015_6_0.json	1449054000.0	93.76	157.31	17
snapshot_12_3_2015_0_0.json	1449118800.0	93.76	192.93	15
snapshot_12_3_2015_12_0.json	1449162000.0	93.76	192.93	7
snapshot_12_3_2015_18_0.json	1449183600.0	75.04	207.77	7
snapshot_12_3_2015_6_0.json	1449140400.0	93.76	192.93	7
snapshot_12_4_2015_0_0.json	1449205200.0	75.04	192.93	7
snapshot_12_4_2015_12_0.json	1449248400.0	205.07	192.93	6
snapshot_12_4_2015_18_0.json	1449270000.0	180.75	173.14	4
snapshot_12_4_2015_18_0.json	1449270000.0	180.75	173.14	4
snapshot_12_4_2015_6_0.json	1449226800.0	205.07	192.93	6
snapshot_12_4_2015_6_0.json	1449226800.0	205.07	192.93	6
snapshot_12_5_2015_0_0.json	1449291600.0	145.65	120	2
snapshot_12_5_2015_12_0.json	1449334800.0	0	0	0
snapshot_12_5_2015_12_0.json	1449334800.0	0	0	0
snapshot_12_5_2015_18_0.json	1449356400.0	0	0	0
snapshot_12_5_2015_6_0.json	1449313200.0	0	0	0
snapshot_12_5_2015_6_0.json	1449313200.0	0	0	0
9233006	2015-12-05T01:30:00Z	Beautiful the Carol King Musical	Oriental Theater Chicago at Ford Center for Performing Arts	Illinois Chicago|666	60601
snapshot_11_16_2015_0_0.json	1447650000.0	117.57	291.86	43
snapshot_11_17_2015_0_0.json	1447736400.0	117.57	291.86	43
snapshot_11_17_2015_18_0.json	1447801200.0	117.57	291.86	43
snapshot_11_18_2015_0_0.json	1447822800.0	117.57	291.86	45
snapshot_11_18_2015_12_0.json	1447866000.0	117.57	291.86	45
snapshot_11_18_2015_18_0.json	1447887600.0	117.57	291.86	45
snapshot_11_18_2015_6_0.json	1447844400.0	117.57	291.86	45
snapshot_11_19_2015_0_0.json	1447909200.0	117.57	291.86	47
snapshot_11_21_2015_18_0.json	1448146800.0	117.57	346.28	41
snapshot_11_22_2015_0_0.json	1448168400.0	117.57	346.28	41
snapshot_11_22_2015_12_0.json	1448211600.0	117.57	246	39
snapshot_11_22_2015_18_0.json	1448233200.0	117.57	167	37
snapshot_11_22_2015_18_0.json	1448233200.0	117.57	167	37
snapshot_11_22_2015_6_0.json	1448190000.0	117.57	246	39
snapshot_11_22_2015_6_0.json	1448190000.0	117.57	246	39
snapshot_11_23_2015_0_0.json	1448254800.0	117.57	167	37
snapshot_11_23_2015_0_0.json	1448254800.0	117.57	167	37
snapshot_11_23_2015_18_0.json	1448319600.0	117.57	167	37
snapshot_11_23_2015_18_0.json	1448319600.0	117.57	167	37
snapshot_11_23_2015_6_0.json	1448276400.0	117.57	167	37
snapshot_11_24_2015_18_0.json	1448406000.0	117.57	272.07	47
snapshot_11_25_2015_0_0.json	1448427600.0	117.57	246	47
snapshot_11_25_2015_0_0.json	1448427600.0	117.57	246	47
snapshot_11_25_2015_12_0.json	1448470800.0	117.57	246	47
snapshot_11_25_2015_18_0.json	1448492400.0	117.57	232.5	45
snapshot_11_25_2015_6_0.json	1448449200.0	117.57	246	47
snapshot_11_26_2015_0_0.json	1448514000.0	117.57	232.5	45
snapshot_11_26_2015_0_0.json	1448514000.0	117.57	232.5	45
snapshot_11_27_2015_18_0.json	1448665200.0	117.57	232.5	43
snapshot_11_28_2015_0_0.json	1448686800.0	117.57	232.5	43
snapshot_11_28_2015_12_0.json	1448730000.0	117.57	232.5	43
snapshot_11_28_2015_18_0.json	1448751600.0	117.57	232.5	43
snapshot_11_28_2015_6_0.json	1448708400.0	117.57	232.5	43
snapshot_11_29_2015_0_0.json	1448773200.0	117.57	232.5	43
snapshot_11_29_2015_12_0.json	1448816400.0	117.57	232.5	43
snapshot_11_29_2015_6_0.json	1448794800.0	117.57	232.5	43
snapshot_11_30_2015_0_0.json	1448859600.0	117.57	216.67	43
snapshot_11_30_2015_0_0.json	1448859600.0	117.57	216.67	43
snapshot_11_30_2015_12_0.json	1448902800.0	117.57	216.67	43
snapshot_11_30_2015_18_0.json	1448924400.0	117.57	192.93	49
snapshot_11_30_2015_6_0.json	1448881200.0	117.57	216.67	43
snapshot_11_30_2015_6_0.json	1448881200.0	117.57	216.67	43
snapshot_12_1_2015_18_0.json	1449010800.0	117.57	177.1	47
snapshot_12_2_2015_12_0.json	1449075600.0	93.76	157.31	17
snapshot_12_2_2015_18_0.json	1449097200.0	93.76	183.03	17
snapshot_12_2_2015_6_0.json	1449054000.0	93.76	157.31	17
snapshot_12_3_2015_0_0.json	1449118800.0	93.76	192.93	15
snapshot_12_3_2015_12_0.json	1449162000.0	93.76	192.93	7
snapshot_12_3_2015_18_0.json	1449183600.0	75.04	207.77	7
snapshot_12_3_2015_6_0.json	1449140400.0	93.76	192.93	7
snapshot_12_4_2015_0_0.json	1449205200.0	75.04	192.93	7
snapshot_12_4_2015_12_0.json	1449248400.0	205.07	192.93	6
snapshot_12_4_2015_18_0.json	1449270000.0	180.75	173.14	4
snapshot_12_4_2015_18_0.json	1449270000.0	180.75	173.14	4
snapshot_12_4_2015_6_0.json	1449226800.0	205.07	192.93	6
snapshot_12_4_2015_6_0.json	1449226800.0	205.07	192.93	6
snapshot_12_5_2015_0_0.json	1449291600.0	145.65	120	2
snapshot_12_5_2015_12_0.json	1449334800.0	0	0	0
snapshot_12_5_2015_12_0.json	1449334800.0	0	0	0
snapshot_12_5_2015_18_0.json	1449356400.0	0	0	0
snapshot_12_5_2015_6_0.json	1449313200.0	0	0	0
snapshot_12_5_2015_6_0.json	1449313200.0	0	0	0
9233006	2015-12-05T01:30:00Z	Beautiful the Carol King Musical	Oriental Theater Chicago at Ford Center for Performing Arts	Illinois Chicago|666	60601
snapshot_11_16_2015_0_0.json	1447650000.0	117.57	291.86	43
snapshot_11_17_2015_0_0.json	1447736400.0	117.57	291.86	43
snapshot_11_17_2015_18_0.json	1447801200.0	117.57	291.86	43
snapshot_11_18_2015_0_0.json	1447822800.0	117.57	291.86	45
snapshot_11_18_2015_12_0.json	1447866000.0	117.57	291.86	45
snapshot_11_18_2015_18_0.json	1447887600.0	117.57	291.86	45
snapshot_11_18_2015_6_0.json	1447844400.0	117.57	291.86	45
snapshot_11_19_2015_0_0.json	1447909200.0	117.57	291.86	47
snapshot_11_21_2015_18_0.json	1448146800.0	117.57	346.28	41
snapshot_11_22_2015_0_0.json	1448168400.0	117.57	346.28	41
snapshot_11_22_2015_12_0.json	1448211600.0	117.57	246	39
snapshot_11_22_2015_18_0.json	1448233200.0	117.57	167	37
snapshot_11_22_2015_18_0.json	1448233200.0	117.57	167	37
snapshot_11_22_2015_6_0.json	1448190000.0	117.57	246	39
snapshot_11_22_2015_6_0.json	1448190000.0	117.57	246	39
snapshot_11_23_2015_0_0.json	1448254800.0	117.57	167	37
snapshot_11_23_2015_0_0.json	1448254800.0	117.57	167	37
snapshot_11_23_2015_18_0.json	1448319600.0	117.57	167	37
snapshot_11_23_2015_18_0.json	1448319600.0	117.57	167	37
snapshot_11_23_2015_6_0.json	1448276400.0	117.57	167	37
snapshot_11_24_2015_18_0.json	1448406000.0	117.57	272.07	47
snapshot_11_25_2015_0_0.json	1448427600.0	117.57	246	47
snapshot_11_25_2015_0_0.json	1448427600.0	117.57	246	47
snapshot_11_25_2015_12_0.json	1448470800.0	117.57	246	47
snapshot_11_25_2015_18_0.json	1448492400.0	117.57	232.5	45
snapshot_11_25_2015_6_0.json	1448449200.0	117.57	246	47
snapshot_11_26_2015_0_0.json	1448514000.0	117.57	232.5	45
snapshot_11_26_2015_0_0.json	1448514000.0	117.57	232.5	45
snapshot_11_27_2015_18_0.json	1448665200.0	117.57	232.5	43
snapshot_11_28_2015_0_0.json	1448686800.0	117.57	232.5	43
snapshot_11_28_2015_12_0.json	1448730000.0	117.57	232.5	43
snapshot_11_28_2015_18_0.json	1448751600.0	117.57	232.5	43
snapshot_11_28_2015_6_0.json	1448708400.0	117.57	232.5	43
snapshot_11_29_2015_0_0.json	1448773200.0	117.57	232.5	43
snapshot_11_29_2015_12_0.json	1448816400.0	117.57	232.5	43
snapshot_11_29_2015_6_0.json	1448794800.0	117.57	232.5	43
snapshot_11_30_2015_0_0.json	1448859600.0	117.57	216.67	43
snapshot_11_30_2015_0_0.json	1448859600.0	117.57	216.67	43
snapshot_11_30_2015_12_0.json	1448902800.0	117.57	216.67	43
snapshot_11_30_2015_18_0.json	1448924400.0	117.57	192.93	49
snapshot_11_30_2015_6_0.json	1448881200.0	117.57	216.67	43
snapshot_11_30_2015_6_0.json	1448881200.0	117.57	216.67	43
snapshot_12_1_2015_18_0.json	1449010800.0	117.57	177.1	47
snapshot_12_2_2015_12_0.json	1449075600.0	93.76	157.31	17
snapshot_12_2_2015_18_0.json	1449097200.0	93.76	183.03	17
snapshot_12_2_2015_6_0.json	1449054000.0	93.76	157.31	17
snapshot_12_3_2015_0_0.json	1449118800.0	93.76	192.93	15
snapshot_12_3_2015_12_0.json	1449162000.0	93.76	192.93	7
snapshot_12_3_2015_18_0.json	1449183600.0	75.04	207.77	7
snapshot_12_3_2015_6_0.json	1449140400.0	93.76	192.93	7
snapshot_12_4_2015_0_0.json	1449205200.0	75.04	192.93	7
snapshot_12_4_2015_12_0.json	1449248400.0	205.07	192.93	6
snapshot_12_4_2015_18_0.json	1449270000.0	180.75	173.14	4
snapshot_12_4_2015_18_0.json	1449270000.0	180.75	173.14	4
snapshot_12_4_2015_6_0.json	1449226800.0	205.07	192.93	6
snapshot_12_4_2015_6_0.json	1449226800.0	205.07	192.93	6
snapshot_12_5_2015_0_0.json	1449291600.0	145.65	120	2
snapshot_12_5_2015_12_0.json	1449334800.0	0	0	0
snapshot_12_5_2015_12_0.json	1449334800.0	0	0	0
snapshot_12_5_2015_18_0.json	1449356400.0	0	0	0
snapshot_12_5_2015_6_0.json	1449313200.0	0	0	0
snapshot_12_5_2015_6_0.json	1449313200.0	0	0	0
9233006	2015-12-05T01:30:00Z	Beautiful the Carol King Musical	Oriental Theater Chicago at Ford Center for Performing Arts	Illinois Chicago|666	60601
snapshot_11_16_2015_0_0.json	1447650000.0	117.57	291.86	43
snapshot_11_17_2015_0_0.json	1447736400.0	117.57	291.86	43
snapshot_11_17_2015_18_0.json	1447801200.0	117.57	291.86	43
snapshot_11_18_2015_0_0.json	1447822800.0	117.57	291.86	45
snapshot_11_18_2015_12_0.json	1447866000.0	117.57	291.86	45
snapshot_11_18_2015_18_0.json	1447887600.0	117.57	291.86	45
snapshot_11_18_2015_6_0.json	1447844400.0	117.57	291.86	45
snapshot_11_19_2015_0_0.json	1447909200.0	117.57	291.86	47
snapshot_11_21_2015_18_0.json	1448146800.0	117.57	346.28	41
snapshot_11_22_2015_0_0.json	1448168400.0	117.57	346.28	41
snapshot_11_22_2015_12_0.json	1448211600.0	117.57	246	39
snapshot_11_22_2015_18_0.json	1448233200.0	117.57	167	37
snapshot_11_22_2015_18_0.json	1448233200.0	117.57	167	37
snapshot_11_22_2015_6_0.json	1448190000.0	117.57	246	39
snapshot_11_22_2015_6_0.json	1448190000.0	117.57	246	39
snapshot_11_23_2015_0_0.json	1448254800.0	117.57	167	37
snapshot_11_23_2015_0_0.json	1448254800.0	117.57	167	37
snapshot_11_23_2015_18_0.json	1448319600.0	117.57	167	37
snapshot_11_23_2015_18_0.json	1448319600.0	117.57	167	37
snapshot_11_23_2015_6_0.json	1448276400.0	117.57	167	37
snapshot_11_24_2015_18_0.json	1448406000.0	117.57	272.07	47
snapshot_11_25_2015_0_0.json	1448427600.0	117.57	246	47
snapshot_11_25_2015_0_0.json	1448427600.0	117.57	246	47
snapshot_11_25_2015_12_0.json	1448470800.0	117.57	246	47
snapshot_11_25_2015_18_0.json	1448492400.0	117.57	232.5	45
snapshot_11_25_2015_6_0.json	1448449200.0	117.57	246	47
snapshot_11_26_2015_0_0.json	1448514000.0	117.57	232.5	45
snapshot_11_26_2015_0_0.json	1448514000.0	117.57	232.5	45
snapshot_11_27_2015_18_0.json	1448665200.0	117.57	232.5	43
snapshot_11_28_2015_0_0.json	1448686800.0	117.57	232.5	43
snapshot_11_28_2015_12_0.json	1448730000.0	117.57	232.5	43
snapshot_11_28_2015_18_0.json	1448751600.0	117.57	232.5	43
snapshot_11_28_2015_6_0.json	1448708400.0	117.57	232.5	43
snapshot_11_29_2015_0_0.json	1448773200.0	117.57	232.5	43
snapshot_11_29_2015_12_0.json	1448816400.0	117.57	232.5	43
snapshot_11_29_2015_6_0.json	1448794800.0	117.57	232.5	43
snapshot_11_30_2015_0_0.json	1448859600.0	117.57	216.67	43
snapshot_11_30_2015_0_0.json	1448859600.0	117.57	216.67	43
snapshot_11_30_2015_12_0.json	1448902800.0	117.57	216.67	43
snapshot_11_30_2015_18_0.json	1448924400.0	117.57	192.93	49
snapshot_11_30_2015_6_0.json	1448881200.0	117.57	216.67	43
snapshot_11_30_2015_6_0.json	1448881200.0	117.57	216.67	43
snapshot_12_1_2015_18_0.json	1449010800.0	117.57	177.1	47
snapshot_12_2_2015_12_0.json	1449075600.0	93.76	157.31	17
snapshot_12_2_2015_18_0.json	1449097200.0	93.76	183.03	17
snapshot_12_2_2015_6_0.json	1449054000.0	93.76	157.31	17
snapshot_12_3_2015_0_0.json	1449118800.0	93.76	192.93	15
snapshot_12_3_2015_12_0.json	1449162000.0	93.76	192.93	7
snapshot_12_3_2015_18_0.json	1449183600.0	75.04	207.77	7
snapshot_12_3_2015_6_0.json	1449140400.0	93.76	192.93	7
snapshot_12_4_2015_0_0.json	1449205200.0	75.04	192.93	7
snapshot_12_4_2015_12_0.json	1449248400.0	205.07	192.93	6
snapshot_12_4_2015_18_0.json	1449270000.0	180.75	173.14	4
snapshot_12_4_2015_18_0.json	1449270000.0	180.75	173.14	4
snapshot_12_4_2015_6_0.json	1449226800.0	205.07	192.93	6
snapshot_12_4_2015_6_0.json	1449226800.0	205.07	192.93	6
snapshot_12_5_2015_0_0.json	1449291600.0	145.65	120	2
snapshot_12_5_2015_12_0.json	1449334800.0	0	0	0
snapshot_12_5_2015_12_0.json	1449334800.0	0	0	0
snapshot_12_5_2015_18_0.json	1449356400.0	0	0	0
snapshot_12_5_2015_6_0.json	1449313200.0	0	0	0
snapshot_12_5_2015_6_0.json	1449313200.0	0	0	0
