9233007	2015-12-05T20:00:00Z	Beautiful the Carol King Musical	Oriental Theater Chicago at Ford Center for Performing Arts	Illinois Chicago|666	60601
snapshot_11_16_2015_0_0.json	1447650000.0	200.64	428	10
snapshot_11_17_2015_0_0.json	1447736400.0	200.64	428	14
snapshot_11_17_2015_18_0.json	1447801200.0	200.64	428	14
snapshot_11_18_2015_0_0.json	1447822800.0	200.64	428	12
snapshot_11_18_2015_0_0.json	1447822800.0	200.64	428	12
snapshot_11_18_2015_12_0.json	1447866000.0	200.64	428	12
snapshot_11_18_2015_12_0.json	1447866000.0	200.64	428	12
snapshot_11_18_2015_6_0.json	1447844400.0	200.64	428	12
snapshot_11_19_2015_0_0.json	1447909200.0	200.64	428	12
snapshot_11_19_2015_12_0.json	1447952400.0	200.64	428	12
snapshot_11_20_2015_0_0.json	1447995600.0	196.24	428	24
snapshot_11_21_2015_18_0.json	1448146800.0	200.64	428	15
snapshot_11_21_2015_18_0.json	1448146800.0	200.64	428	15
snapshot_11_22_2015_0_0.json	1448168400.0	200.64	428	19
snapshot_11_22_2015_12_0.json	1448211600.0	200.64	428	19
snapshot_11_22_2015_6_0.json	1448190000.0	200.64	428	19
snapshot_11_22_2015_6_0.json	1448190000.0	200.64	428	19
snapshot_11_23_2015_0_0.json	1448254800.0	200.64	428	15
snapshot_11_23_2015_0_0.json	1448254800.0	200.64	428	15
snapshot_11_23_2015_12_0.json	1448298000.0	200.64	428	15
snapshot_11_23_2015_18_0.json	1448319600.0	200.64	428	15
snapshot_11_24_2015_0_0.json	1448341200.0	200.64	428	21
snapshot_11_24_2015_18_0.json	1448406000.0	200.64	428	21
snapshot_11_25_2015_0_0.json	1448427600.0	200.64	428	21
snapshot_11_25_2015_0_0.json	1448427600.0	200.64	428	21
snapshot_11_25_2015_12_0.json	1448470800.0	200.64	428	21
snapshot_11_25_2015_18_0.json	1448492400.0	200.64	428	21
snapshot_11_25_2015_6_0.json	1448449200.0	200.64	428	21
snapshot_11_26_2015_0_0.json	1448514000.0	200.64	428	21
snapshot_11_27_2015_18_0.json	1448665200.0	167.88	428	25
snapshot_11_28_2015_0_0.json	1448686800.0	167.88	428	25
snapshot_11_28_2015_12_0.json	1448730000.0	167.88	428	25
snapshot_11_28_2015_18_0.json	1448751600.0	167.88	291.86	25
snapshot_11_28_2015_6_0.json	1448708400.0	167.88	428	25
snapshot_11_28_2015_6_0.json	1448708400.0	167.88	428	25
snapshot_11_29_2015_6_0.json	1448794800.0	167.88	291.86	25
snapshot_11_30_2015_0_0.json	1448859600.0	167.88	283.55	25
snapshot_11_30_2015_0_0.json	1448859600.0	167.88	283.55	25
snapshot_11_30_2015_12_0.json	1448902800.0	52.05	272.07	27
snapshot_11_30_2015_18_0.json	1448924400.0	119.5	240.75	35
snapshot_11_30_2015_18_0.json	1448924400.0	119.5	240.75	35
snapshot_11_30_2015_6_0.json	1448881200.0	52.05	272.07	27
snapshot_11_30_2015_6_0.json	1448881200.0	52.05	272.07	27
snapshot_12_1_2015_18_0.json	1449010800.0	101.95	246	31
snapshot_12_1_2015_6_0.json	1448967600.0	119.5	246	35
snapshot_12_1_2015_6_0.json	1448967600.0	119.5	246	35
snapshot_12_2_2015_0_0.json	1449032400.0	101.95	246	27
snapshot_12_2_2015_12_0.json	1449075600.0	101.95	246	25
snapshot_12_2_2015_12_0.json	1449075600.0	101.95	246	25
snapshot_12_2_2015_18_0.json	1449097200.0	101.95	246	25
snapshot_12_2_2015_6_0.json	1449054000.0	101.95	246	25
snapshot_12_3_2015_0_0.json	1449118800.0	101.95	246	16
snapshot_12_3_2015_0_0.json	1449118800.0	101.95	246	16
snapshot_12_3_2015_12_0.json	1449162000.0	101.95	246	16
snapshot_12_3_2015_18_0.json	1449183600.0	101.95	232.5	16
snapshot_12_3_2015_6_0.json	1449140400.0	101.95	246	16
snapshot_12_3_2015_6_0.json	1449140400.0	101.95	246	16
snapshot_12_4_2015_0_0.json	1449205200.0	127.69	222	14
snapshot_12_4_2015_12_0.json	1449248400.0	127.69	222	14
snapshot_12_4_2015_18_0.json	1449270000.0	108.91	222	17
snapshot_12_4_2015_6_0.json	1449226800.0	127.69	222	14
snapshot_12_5_2015_0_0.json	1449291600.0	102.65	161	11
snapshot_12_5_2015_12_0.json	1449334800.0	83.87	75.99	7
snapshot_12_5_2015_18_0.json	1449356400.0	44.25	33.33	3
9233007	2015-12-05T20:00:00Z	Beautiful the Carol King Musical	Oriental Theater Chicago at Ford Center for Performing Arts	Illinois Chicago|666	60601
snapshot_11_16_2015_0_0.json	1447650000.0	200.64	428	10
snapshot_11_17_2015_0_0.json	1447736400.0	200.64	428	14
snapshot_11_17_2015_18_0.json	1447801200.0	200.64	428	14
snapshot_11_18_2015_0_0.json	1447822800.0	200.64	428	12
snapshot_11_18_2015_0_0.json	1447822800.0	200.64	428	12
snapshot_11_18_2015_12_0.json	1447866000.0	200.64	428	12
snapshot_11_18_2015_12_0.json	1447866000.0	200.64	428	12
snapshot_11_18_2015_6_0.json	1447844400.0	200.64	428	12
snapshot_11_19_2015_0_0.json	1447909200.0	200.64	428	12
snapshot_11_19_2015_12_0.json	1447952400.0	200.64	428	12
snapshot_11_20_2015_0_0.json	1447995600.0	196.24	428	24
snapshot_11_21_2015_18_0.json	1448146800.0	200.64	428	15
snapshot_11_21_2015_18_0.json	1448146800.0	200.64	428	15
snapshot_11_22_2015_0_0.json	1448168400.0	200.64	428	19
snapshot_11_22_2015_12_0.json	1448211600.0	200.64	428	19
snapshot_11_22_2015_6_0.json	1448190000.0	200.64	428	19
snapshot_11_22_2015_6_0.json	1448190000.0	200.64	428	19
snapshot_11_23_2015_0_0.json	1448254800.0	200.64	428	15
snapshot_11_23_2015_0_0.json	1448254800.0	200.64	428	15
snapshot_11_23_2015_12_0.json	1448298000.0	200.64	428	15
snapshot_11_23_2015_18_0.json	1448319600.0	200.64	428	15
snapshot_11_24_2015_0_0.json	1448341200.0	200.64	428	21
snapshot_11_24_2015_18_0.json	1448406000.0	200.64	428	21
snapshot_11_25_2015_0_0.json	1448427600.0	200.64	428	21
snapshot_11_25_2015_0_0.json	1448427600.0	200.64	428	21
snapshot_11_25_2015_12_0.json	1448470800.0	200.64	428	21
snapshot_11_25_2015_18_0.json	1448492400.0	200.64	428	21
snapshot_11_25_2015_6_0.json	1448449200.0	200.64	428	21
snapshot_11_26_2015_0_0.json	1448514000.0	200.64	428	21
snapshot_11_27_2015_18_0.json	1448665200.0	167.88	428	25
snapshot_11_28_2015_0_0.json	1448686800.0	167.88	428	25
snapshot_11_28_2015_12_0.json	1448730000.0	167.88	428	25
snapshot_11_28_2015_18_0.json	1448751600.0	167.88	291.86	25
snapshot_11_28_2015_6_0.json	1448708400.0	167.88	428	25
snapshot_11_28_2015_6_0.json	1448708400.0	167.88	428	25
snapshot_11_29_2015_6_0.json	1448794800.0	167.88	291.86	25
snapshot_11_30_2015_0_0.json	1448859600.0	167.88	283.55	25
snapshot_11_30_2015_0_0.json	1448859600.0	167.88	283.55	25
snapshot_11_30_2015_12_0.json	1448902800.0	52.05	272.07	27
snapshot_11_30_2015_18_0.json	1448924400.0	119.5	240.75	35
snapshot_11_30_2015_18_0.json	1448924400.0	119.5	240.75	35
snapshot_11_30_2015_6_0.json	1448881200.0	52.05	272.07	27
snapshot_11_30_2015_6_0.json	1448881200.0	52.05	272.07	27
snapshot_12_1_2015_18_0.json	1449010800.0	101.95	246	31
snapshot_12_1_2015_6_0.json	1448967600.0	119.5	246	35
snapshot_12_1_2015_6_0.json	1448967600.0	119.5	246	35
snapshot_12_2_2015_0_0.json	1449032400.0	101.95	246	27
snapshot_12_2_2015_12_0.json	1449075600.0	101.95	246	25
snapshot_12_2_2015_12_0.json	1449075600.0	101.95	246	25
snapshot_12_2_2015_18_0.json	1449097200.0	101.95	246	25
snapshot_12_2_2015_6_0.json	1449054000.0	101.95	246	25
snapshot_12_3_2015_0_0.json	1449118800.0	101.95	246	16
snapshot_12_3_2015_0_0.json	1449118800.0	101.95	246	16
snapshot_12_3_2015_12_0.json	1449162000.0	101.95	246	16
snapshot_12_3_2015_18_0.json	1449183600.0	101.95	232.5	16
snapshot_12_3_2015_6_0.json	1449140400.0	101.95	246	16
snapshot_12_3_2015_6_0.json	1449140400.0	101.95	246	16
snapshot_12_4_2015_0_0.json	1449205200.0	127.69	222	14
snapshot_12_4_2015_12_0.json	1449248400.0	127.69	222	14
snapshot_12_4_2015_18_0.json	1449270000.0	108.91	222	17
snapshot_12_4_2015_6_0.json	1449226800.0	127.69	222	14
snapshot_12_5_2015_0_0.json	1449291600.0	102.65	161	11
snapshot_12_5_2015_12_0.json	1449334800.0	83.87	75.99	7
snapshot_12_5_2015_18_0.json	1449356400.0	44.25	33.33	3
9233007	2015-12-05T20:00:00Z	Beautiful the Carol King Musical	Oriental Theater Chicago at Ford Center for Performing Arts	Illinois Chicago|666	60601
snapshot_11_16_2015_0_0.json	1447650000.0	200.64	428	10
snapshot_11_17_2015_0_0.json	1447736400.0	200.64	428	14
snapshot_11_17_2015_18_0.json	1447801200.0	200.64	428	14
snapshot_11_18_2015_0_0.json	1447822800.0	200.64	428	12
snapshot_11_18_2015_0_0.json	1447822800.0	200.64	428	12
snapshot_11_18_2015_12_0.json	1447866000.0	200.64	428	12
snapshot_11_18_2015_12_0.json	1447866000.0	200.64	428	12
snapshot_11_18_2015_6_0.json	1447844400.0	200.64	428	12
snapshot_11_19_2015_0_0.json	1447909200.0	200.64	428	12
snapshot_11_19_2015_12_0.json	1447952400.0	200.64	428	12
snapshot_11_20_2015_0_0.json	1447995600.0	196.24	428	24
snapshot_11_21_2015_18_0.json	1448146800.0	200.64	428	15
snapshot_11_21_2015_18_0.json	1448146800.0	200.64	428	15
snapshot_11_22_2015_0_0.json	1448168400.0	200.64	428	19
snapshot_11_22_2015_12_0.json	1448211600.0	200.64	428	19
snapshot_11_22_2015_6_0.json	1448190000.0	200.64	428	19
snapshot_11_22_2015_6_0.json	1448190000.0	200.64	428	19
snapshot_11_23_2015_0_0.json	1448254800.0	200.64	428	15
snapshot_11_23_2015_0_0.json	1448254800.0	200.64	428	15
snapshot_11_23_2015_12_0.json	1448298000.0	200.64	428	15
snapshot_11_23_2015_18_0.json	1448319600.0	200.64	428	15
snapshot_11_24_2015_0_0.json	1448341200.0	200.64	428	21
snapshot_11_24_2015_18_0.json	1448406000.0	200.64	428	21
snapshot_11_25_2015_0_0.json	1448427600.0	200.64	428	21
snapshot_11_25_2015_0_0.json	1448427600.0	200.64	428	21
snapshot_11_25_2015_12_0.json	1448470800.0	200.64	428	21
snapshot_11_25_2015_18_0.json	1448492400.0	200.64	428	21
snapshot_11_25_2015_6_0.json	1448449200.0	200.64	428	21
snapshot_11_26_2015_0_0.json	1448514000.0	200.64	428	21
snapshot_11_27_2015_18_0.json	1448665200.0	167.88	428	25
snapshot_11_28_2015_0_0.json	1448686800.0	167.88	428	25
snapshot_11_28_2015_12_0.json	1448730000.0	167.88	428	25
snapshot_11_28_2015_18_0.json	1448751600.0	167.88	291.86	25
snapshot_11_28_2015_6_0.json	1448708400.0	167.88	428	25
snapshot_11_28_2015_6_0.json	1448708400.0	167.88	428	25
snapshot_11_29_2015_6_0.json	1448794800.0	167.88	291.86	25
snapshot_11_30_2015_0_0.json	1448859600.0	167.88	283.55	25
snapshot_11_30_2015_0_0.json	1448859600.0	167.88	283.55	25
snapshot_11_30_2015_12_0.json	1448902800.0	52.05	272.07	27
snapshot_11_30_2015_18_0.json	1448924400.0	119.5	240.75	35
snapshot_11_30_2015_18_0.json	1448924400.0	119.5	240.75	35
snapshot_11_30_2015_6_0.json	1448881200.0	52.05	272.07	27
snapshot_11_30_2015_6_0.json	1448881200.0	52.05	272.07	27
snapshot_12_1_2015_18_0.json	1449010800.0	101.95	246	31
snapshot_12_1_2015_6_0.json	1448967600.0	119.5	246	35
snapshot_12_1_2015_6_0.json	1448967600.0	119.5	246	35
snapshot_12_2_2015_0_0.json	1449032400.0	101.95	246	27
snapshot_12_2_2015_12_0.json	1449075600.0	101.95	246	25
snapshot_12_2_2015_12_0.json	1449075600.0	101.95	246	25
snapshot_12_2_2015_18_0.json	1449097200.0	101.95	246	25
snapshot_12_2_2015_6_0.json	1449054000.0	101.95	246	25
snapshot_12_3_2015_0_0.json	1449118800.0	101.95	246	16
snapshot_12_3_2015_0_0.json	1449118800.0	101.95	246	16
snapshot_12_3_2015_12_0.json	1449162000.0	101.95	246	16
snapshot_12_3_2015_18_0.json	1449183600.0	101.95	232.5	16
snapshot_12_3_2015_6_0.json	1449140400.0	101.95	246	16
snapshot_12_3_2015_6_0.json	1449140400.0	101.95	246	16
snapshot_12_4_2015_0_0.json	1449205200.0	127.69	222	14
snapshot_12_4_2015_12_0.json	1449248400.0	127.69	222	14
snapshot_12_4_2015_18_0.json	1449270000.0	108.91	222	17
snapshot_12_4_2015_6_0.json	1449226800.0	127.69	222	14
snapshot_12_5_2015_0_0.json	1449291600.0	102.65	161	11
snapshot_12_5_2015_12_0.json	1449334800.0	83.87	75.99	7
snapshot_12_5_2015_18_0.json	1449356400.0	44.25	33.33	3
9233007	2015-12-05T20:00:00Z	Beautiful the Carol King Musical	Oriental Theater Chicago at Ford Center for Performing Arts	Illinois Chicago|666	60601
snapshot_11_16_2015_0_0.json	1447650000.0	200.64	428	10
snapshot_11_17_2015_0_0.json	1447736400.0	200.64	428	14
snapshot_11_17_2015_18_0.json	1447801200.0	200.64	428	14
snapshot_11_18_2015_0_0.json	1447822800.0	200.64	428	12
snapshot_11_18_2015_0_0.json	1447822800.0	200.64	428	12
snapshot_11_18_2015_12_0.json	1447866000.0	200.64	428	12
snapshot_11_18_2015_12_0.json	1447866000.0	200.64	428	12
snapshot_11_18_2015_6_0.json	1447844400.0	200.64	428	12
snapshot_11_19_2015_0_0.json	1447909200.0	200.64	428	12
snapshot_11_19_2015_12_0.json	1447952400.0	200.64	428	12
snapshot_11_20_2015_0_0.json	1447995600.0	196.24	428	24
snapshot_11_21_2015_18_0.json	1448146800.0	200.64	428	15
snapshot_11_21_2015_18_0.json	1448146800.0	200.64	428	15
snapshot_11_22_2015_0_0.json	1448168400.0	200.64	428	19
snapshot_11_22_2015_12_0.json	1448211600.0	200.64	428	19
snapshot_11_22_2015_6_0.json	1448190000.0	200.64	428	19
snapshot_11_22_2015_6_0.json	1448190000.0	200.64	428	19
snapshot_11_23_2015_0_0.json	1448254800.0	200.64	428	15
snapshot_11_23_2015_0_0.json	1448254800.0	200.64	428	15
snapshot_11_23_2015_12_0.json	1448298000.0	200.64	428	15
snapshot_11_23_2015_18_0.json	1448319600.0	200.64	428	15
snapshot_11_24_2015_0_0.json	1448341200.0	200.64	428	21
snapshot_11_24_2015_18_0.json	1448406000.0	200.64	428	21
snapshot_11_25_2015_0_0.json	1448427600.0	200.64	428	21
snapshot_11_25_2015_0_0.json	1448427600.0	200.64	428	21
snapshot_11_25_2015_12_0.json	1448470800.0	200.64	428	21
snapshot_11_25_2015_18_0.json	1448492400.0	200.64	428	21
snapshot_11_25_2015_6_0.json	1448449200.0	200.64	428	21
snapshot_11_26_2015_0_0.json	1448514000.0	200.64	428	21
snapshot_11_27_2015_18_0.json	1448665200.0	167.88	428	25
snapshot_11_28_2015_0_0.json	1448686800.0	167.88	428	25
snapshot_11_28_2015_12_0.json	1448730000.0	167.88	428	25
snapshot_11_28_2015_18_0.json	1448751600.0	167.88	291.86	25
snapshot_11_28_2015_6_0.json	1448708400.0	167.88	428	25
snapshot_11_28_2015_6_0.json	1448708400.0	167.88	428	25
snapshot_11_29_2015_6_0.json	1448794800.0	167.88	291.86	25
snapshot_11_30_2015_0_0.json	1448859600.0	167.88	283.55	25
snapshot_11_30_2015_0_0.json	1448859600.0	167.88	283.55	25
snapshot_11_30_2015_12_0.json	1448902800.0	52.05	272.07	27
snapshot_11_30_2015_18_0.json	1448924400.0	119.5	240.75	35
snapshot_11_30_2015_18_0.json	1448924400.0	119.5	240.75	35
snapshot_11_30_2015_6_0.json	1448881200.0	52.05	272.07	27
snapshot_11_30_2015_6_0.json	1448881200.0	52.05	272.07	27
snapshot_12_1_2015_18_0.json	1449010800.0	101.95	246	31
snapshot_12_1_2015_6_0.json	1448967600.0	119.5	246	35
snapshot_12_1_2015_6_0.json	1448967600.0	119.5	246	35
snapshot_12_2_2015_0_0.json	1449032400.0	101.95	246	27
snapshot_12_2_2015_12_0.json	1449075600.0	101.95	246	25
snapshot_12_2_2015_12_0.json	1449075600.0	101.95	246	25
snapshot_12_2_2015_18_0.json	1449097200.0	101.95	246	25
snapshot_12_2_2015_6_0.json	1449054000.0	101.95	246	25
snapshot_12_3_2015_0_0.json	1449118800.0	101.95	246	16
snapshot_12_3_2015_0_0.json	1449118800.0	101.95	246	16
snapshot_12_3_2015_12_0.json	1449162000.0	101.95	246	16
snapshot_12_3_2015_18_0.json	1449183600.0	101.95	232.5	16
snapshot_12_3_2015_6_0.json	1449140400.0	101.95	246	16
snapshot_12_3_2015_6_0.json	1449140400.0	101.95	246	16
snapshot_12_4_2015_0_0.json	1449205200.0	127.69	222	14
snapshot_12_4_2015_12_0.json	1449248400.0	127.69	222	14
snapshot_12_4_2015_18_0.json	1449270000.0	108.91	222	17
snapshot_12_4_2015_6_0.json	1449226800.0	127.69	222	14
snapshot_12_5_2015_0_0.json	1449291600.0	102.65	161	11
snapshot_12_5_2015_12_0.json	1449334800.0	83.87	75.99	7
snapshot_12_5_2015_18_0.json	1449356400.0	44.25	33.33	3
