9233843	2015-12-13T04:00:00Z	If Then	Pantages Theatre Los Angeles	California Los Angeles Metro|10	90028
snapshot_11_16_2015_0_0.json	1447650000.0	66.16	360.47	174
snapshot_11_16_2015_0_0.json	1447650000.0	66.16	360.47	174
snapshot_11_17_2015_0_0.json	1447736400.0	66.16	360.47	174
snapshot_11_17_2015_12_0.json	1447779600.0	66.16	360.47	174
snapshot_11_17_2015_18_0.json	1447801200.0	66.16	360.47	174
snapshot_11_18_2015_0_0.json	1447822800.0	66.16	360.47	174
snapshot_11_18_2015_0_0.json	1447822800.0	66.16	360.47	174
snapshot_11_18_2015_12_0.json	1447866000.0	66.16	360.47	174
snapshot_11_18_2015_12_0.json	1447866000.0	66.16	360.47	174
snapshot_11_18_2015_6_0.json	1447844400.0	66.16	360.47	174
snapshot_11_19_2015_0_0.json	1447909200.0	66.16	360.47	174
snapshot_11_19_2015_12_0.json	1447952400.0	66.16	360.47	170
snapshot_11_19_2015_6_0.json	1447930800.0	66.16	360.47	170
snapshot_11_20_2015_0_0.json	1447995600.0	66.16	360.47	170
snapshot_11_20_2015_12_0.json	1448038800.0	66.16	360.47	170
snapshot_11_21_2015_12_0.json	1448125200.0	66.16	360.47	168
snapshot_11_21_2015_18_0.json	1448146800.0	66.16	360.47	168
snapshot_11_22_2015_0_0.json	1448168400.0	66.16	360.47	168
snapshot_11_22_2015_12_0.json	1448211600.0	66.16	360.47	170
snapshot_11_22_2015_6_0.json	1448190000.0	66.16	360.47	168
snapshot_11_22_2015_6_0.json	1448190000.0	66.16	360.47	168
snapshot_11_23_2015_0_0.json	1448254800.0	66.16	360.47	170
snapshot_11_23_2015_0_0.json	1448254800.0	66.16	360.47	170
snapshot_11_23_2015_12_0.json	1448298000.0	66.16	360.47	182
snapshot_11_23_2015_18_0.json	1448319600.0	66.16	360.47	182
snapshot_11_23_2015_6_0.json	1448276400.0	66.16	360.47	182
snapshot_11_23_2015_6_0.json	1448276400.0	66.16	360.47	182
snapshot_11_24_2015_0_0.json	1448341200.0	66.16	360.47	182
snapshot_11_24_2015_12_0.json	1448384400.0	66.16	360.47	182
snapshot_11_24_2015_18_0.json	1448406000.0	66.16	360.47	182
snapshot_11_24_2015_6_0.json	1448362800.0	66.16	360.47	182
snapshot_11_25_2015_0_0.json	1448427600.0	66.16	360.47	182
snapshot_11_25_2015_12_0.json	1448470800.0	66.16	360.47	184
snapshot_11_25_2015_18_0.json	1448492400.0	66.16	360.47	184
snapshot_11_25_2015_6_0.json	1448449200.0	66.16	360.47	182
snapshot_11_26_2015_0_0.json	1448514000.0	71.53	360.47	190
snapshot_11_28_2015_0_0.json	1448686800.0	63.85	360.47	186
snapshot_11_28_2015_0_0.json	1448686800.0	63.85	360.47	186
snapshot_11_28_2015_12_0.json	1448730000.0	63.85	360.47	186
snapshot_11_28_2015_18_0.json	1448751600.0	63.85	360.47	186
snapshot_11_28_2015_6_0.json	1448708400.0	63.85	360.47	186
snapshot_11_28_2015_6_0.json	1448708400.0	63.85	360.47	186
snapshot_11_29_2015_0_0.json	1448773200.0	63.85	360.47	186
snapshot_11_29_2015_6_0.json	1448794800.0	63.85	360.47	186
snapshot_11_29_2015_6_0.json	1448794800.0	63.85	360.47	186
snapshot_11_30_2015_0_0.json	1448859600.0	63.85	360.47	186
snapshot_11_30_2015_12_0.json	1448902800.0	63.85	360.47	186
snapshot_12_1_2015_0_0.json	1448946000.0	58.06	360.47	184
snapshot_12_1_2015_12_0.json	1448989200.0	52.27	360.47	182
snapshot_12_1_2015_6_0.json	1448967600.0	52.27	360.47	182
snapshot_12_2_2015_0_0.json	1449032400.0	63.85	360.47	178
snapshot_12_2_2015_12_0.json	1449075600.0	63.85	360.47	178
snapshot_12_2_2015_6_0.json	1449054000.0	63.85	360.47	178
snapshot_12_3_2015_0_0.json	1449118800.0	63.85	360.47	166
snapshot_12_3_2015_12_0.json	1449162000.0	63.85	360.47	164
snapshot_12_3_2015_18_0.json	1449183600.0	63.85	360.47	164
snapshot_12_3_2015_6_0.json	1449140400.0	63.85	360.47	164
snapshot_12_4_2015_0_0.json	1449205200.0	63.85	360.47	164
snapshot_12_4_2015_12_0.json	1449248400.0	63.85	360.47	164
snapshot_12_4_2015_18_0.json	1449270000.0	63.85	360.47	166
snapshot_12_4_2015_6_0.json	1449226800.0	63.85	360.47	164
snapshot_12_5_2015_0_0.json	1449291600.0	63.75	360.47	166
snapshot_12_5_2015_12_0.json	1449334800.0	63.75	360.47	166
snapshot_12_5_2015_18_0.json	1449356400.0	63.75	360.47	164
snapshot_12_5_2015_6_0.json	1449313200.0	63.75	360.47	166
9233843	2015-12-13T04:00:00Z	If Then	Pantages Theatre Los Angeles	California Los Angeles Metro|10	90028
snapshot_11_16_2015_0_0.json	1447650000.0	66.16	360.47	174
snapshot_11_16_2015_0_0.json	1447650000.0	66.16	360.47	174
snapshot_11_17_2015_0_0.json	1447736400.0	66.16	360.47	174
snapshot_11_17_2015_12_0.json	1447779600.0	66.16	360.47	174
snapshot_11_17_2015_18_0.json	1447801200.0	66.16	360.47	174
snapshot_11_18_2015_0_0.json	1447822800.0	66.16	360.47	174
snapshot_11_18_2015_0_0.json	1447822800.0	66.16	360.47	174
snapshot_11_18_2015_12_0.json	1447866000.0	66.16	360.47	174
snapshot_11_18_2015_12_0.json	1447866000.0	66.16	360.47	174
snapshot_11_18_2015_6_0.json	1447844400.0	66.16	360.47	174
snapshot_11_19_2015_0_0.json	1447909200.0	66.16	360.47	174
snapshot_11_19_2015_12_0.json	1447952400.0	66.16	360.47	170
snapshot_11_19_2015_6_0.json	1447930800.0	66.16	360.47	170
snapshot_11_20_2015_0_0.json	1447995600.0	66.16	360.47	170
snapshot_11_20_2015_12_0.json	1448038800.0	66.16	360.47	170
snapshot_11_21_2015_12_0.json	1448125200.0	66.16	360.47	168
snapshot_11_21_2015_18_0.json	1448146800.0	66.16	360.47	168
snapshot_11_22_2015_0_0.json	1448168400.0	66.16	360.47	168
snapshot_11_22_2015_12_0.json	1448211600.0	66.16	360.47	170
snapshot_11_22_2015_6_0.json	1448190000.0	66.16	360.47	168
snapshot_11_22_2015_6_0.json	1448190000.0	66.16	360.47	168
snapshot_11_23_2015_0_0.json	1448254800.0	66.16	360.47	170
snapshot_11_23_2015_0_0.json	1448254800.0	66.16	360.47	170
snapshot_11_23_2015_12_0.json	1448298000.0	66.16	360.47	182
snapshot_11_23_2015_18_0.json	1448319600.0	66.16	360.47	182
snapshot_11_23_2015_6_0.json	1448276400.0	66.16	360.47	182
snapshot_11_23_2015_6_0.json	1448276400.0	66.16	360.47	182
snapshot_11_24_2015_0_0.json	1448341200.0	66.16	360.47	182
snapshot_11_24_2015_12_0.json	1448384400.0	66.16	360.47	182
snapshot_11_24_2015_18_0.json	1448406000.0	66.16	360.47	182
snapshot_11_24_2015_6_0.json	1448362800.0	66.16	360.47	182
snapshot_11_25_2015_0_0.json	1448427600.0	66.16	360.47	182
snapshot_11_25_2015_12_0.json	1448470800.0	66.16	360.47	184
snapshot_11_25_2015_18_0.json	1448492400.0	66.16	360.47	184
snapshot_11_25_2015_6_0.json	1448449200.0	66.16	360.47	182
snapshot_11_26_2015_0_0.json	1448514000.0	71.53	360.47	190
snapshot_11_28_2015_0_0.json	1448686800.0	63.85	360.47	186
snapshot_11_28_2015_0_0.json	1448686800.0	63.85	360.47	186
snapshot_11_28_2015_12_0.json	1448730000.0	63.85	360.47	186
snapshot_11_28_2015_18_0.json	1448751600.0	63.85	360.47	186
snapshot_11_28_2015_6_0.json	1448708400.0	63.85	360.47	186
snapshot_11_28_2015_6_0.json	1448708400.0	63.85	360.47	186
snapshot_11_29_2015_0_0.json	1448773200.0	63.85	360.47	186
snapshot_11_29_2015_6_0.json	1448794800.0	63.85	360.47	186
snapshot_11_29_2015_6_0.json	1448794800.0	63.85	360.47	186
snapshot_11_30_2015_0_0.json	1448859600.0	63.85	360.47	186
snapshot_11_30_2015_12_0.json	1448902800.0	63.85	360.47	186
snapshot_12_1_2015_0_0.json	1448946000.0	58.06	360.47	184
snapshot_12_1_2015_12_0.json	1448989200.0	52.27	360.47	182
snapshot_12_1_2015_6_0.json	1448967600.0	52.27	360.47	182
snapshot_12_2_2015_0_0.json	1449032400.0	63.85	360.47	178
snapshot_12_2_2015_12_0.json	1449075600.0	63.85	360.47	178
snapshot_12_2_2015_6_0.json	1449054000.0	63.85	360.47	178
snapshot_12_3_2015_0_0.json	1449118800.0	63.85	360.47	166
snapshot_12_3_2015_12_0.json	1449162000.0	63.85	360.47	164
snapshot_12_3_2015_18_0.json	1449183600.0	63.85	360.47	164
snapshot_12_3_2015_6_0.json	1449140400.0	63.85	360.47	164
snapshot_12_4_2015_0_0.json	1449205200.0	63.85	360.47	164
snapshot_12_4_2015_12_0.json	1449248400.0	63.85	360.47	164
snapshot_12_4_2015_18_0.json	1449270000.0	63.85	360.47	166
snapshot_12_4_2015_6_0.json	1449226800.0	63.85	360.47	164
snapshot_12_5_2015_0_0.json	1449291600.0	63.75	360.47	166
snapshot_12_5_2015_12_0.json	1449334800.0	63.75	360.47	166
snapshot_12_5_2015_18_0.json	1449356400.0	63.75	360.47	164
snapshot_12_5_2015_6_0.json	1449313200.0	63.75	360.47	166
9233843	2015-12-13T04:00:00Z	If Then	Pantages Theatre Los Angeles	California Los Angeles Metro|10	90028
snapshot_11_16_2015_0_0.json	1447650000.0	66.16	360.47	174
snapshot_11_16_2015_0_0.json	1447650000.0	66.16	360.47	174
snapshot_11_17_2015_0_0.json	1447736400.0	66.16	360.47	174
snapshot_11_17_2015_12_0.json	1447779600.0	66.16	360.47	174
snapshot_11_17_2015_18_0.json	1447801200.0	66.16	360.47	174
snapshot_11_18_2015_0_0.json	1447822800.0	66.16	360.47	174
snapshot_11_18_2015_0_0.json	1447822800.0	66.16	360.47	174
snapshot_11_18_2015_12_0.json	1447866000.0	66.16	360.47	174
snapshot_11_18_2015_12_0.json	1447866000.0	66.16	360.47	174
snapshot_11_18_2015_6_0.json	1447844400.0	66.16	360.47	174
snapshot_11_19_2015_0_0.json	1447909200.0	66.16	360.47	174
snapshot_11_19_2015_12_0.json	1447952400.0	66.16	360.47	170
snapshot_11_19_2015_6_0.json	1447930800.0	66.16	360.47	170
snapshot_11_20_2015_0_0.json	1447995600.0	66.16	360.47	170
snapshot_11_20_2015_12_0.json	1448038800.0	66.16	360.47	170
snapshot_11_21_2015_12_0.json	1448125200.0	66.16	360.47	168
snapshot_11_21_2015_18_0.json	1448146800.0	66.16	360.47	168
snapshot_11_22_2015_0_0.json	1448168400.0	66.16	360.47	168
snapshot_11_22_2015_12_0.json	1448211600.0	66.16	360.47	170
snapshot_11_22_2015_6_0.json	1448190000.0	66.16	360.47	168
snapshot_11_22_2015_6_0.json	1448190000.0	66.16	360.47	168
snapshot_11_23_2015_0_0.json	1448254800.0	66.16	360.47	170
snapshot_11_23_2015_0_0.json	1448254800.0	66.16	360.47	170
snapshot_11_23_2015_12_0.json	1448298000.0	66.16	360.47	182
snapshot_11_23_2015_18_0.json	1448319600.0	66.16	360.47	182
snapshot_11_23_2015_6_0.json	1448276400.0	66.16	360.47	182
snapshot_11_23_2015_6_0.json	1448276400.0	66.16	360.47	182
snapshot_11_24_2015_0_0.json	1448341200.0	66.16	360.47	182
snapshot_11_24_2015_12_0.json	1448384400.0	66.16	360.47	182
snapshot_11_24_2015_18_0.json	1448406000.0	66.16	360.47	182
snapshot_11_24_2015_6_0.json	1448362800.0	66.16	360.47	182
snapshot_11_25_2015_0_0.json	1448427600.0	66.16	360.47	182
snapshot_11_25_2015_12_0.json	1448470800.0	66.16	360.47	184
snapshot_11_25_2015_18_0.json	1448492400.0	66.16	360.47	184
snapshot_11_25_2015_6_0.json	1448449200.0	66.16	360.47	182
snapshot_11_26_2015_0_0.json	1448514000.0	71.53	360.47	190
snapshot_11_28_2015_0_0.json	1448686800.0	63.85	360.47	186
snapshot_11_28_2015_0_0.json	1448686800.0	63.85	360.47	186
snapshot_11_28_2015_12_0.json	1448730000.0	63.85	360.47	186
snapshot_11_28_2015_18_0.json	1448751600.0	63.85	360.47	186
snapshot_11_28_2015_6_0.json	1448708400.0	63.85	360.47	186
snapshot_11_28_2015_6_0.json	1448708400.0	63.85	360.47	186
snapshot_11_29_2015_0_0.json	1448773200.0	63.85	360.47	186
snapshot_11_29_2015_6_0.json	1448794800.0	63.85	360.47	186
snapshot_11_29_2015_6_0.json	1448794800.0	63.85	360.47	186
snapshot_11_30_2015_0_0.json	1448859600.0	63.85	360.47	186
snapshot_11_30_2015_12_0.json	1448902800.0	63.85	360.47	186
snapshot_12_1_2015_0_0.json	1448946000.0	58.06	360.47	184
snapshot_12_1_2015_12_0.json	1448989200.0	52.27	360.47	182
snapshot_12_1_2015_6_0.json	1448967600.0	52.27	360.47	182
snapshot_12_2_2015_0_0.json	1449032400.0	63.85	360.47	178
snapshot_12_2_2015_12_0.json	1449075600.0	63.85	360.47	178
snapshot_12_2_2015_6_0.json	1449054000.0	63.85	360.47	178
snapshot_12_3_2015_0_0.json	1449118800.0	63.85	360.47	166
snapshot_12_3_2015_12_0.json	1449162000.0	63.85	360.47	164
snapshot_12_3_2015_18_0.json	1449183600.0	63.85	360.47	164
snapshot_12_3_2015_6_0.json	1449140400.0	63.85	360.47	164
snapshot_12_4_2015_0_0.json	1449205200.0	63.85	360.47	164
snapshot_12_4_2015_12_0.json	1449248400.0	63.85	360.47	164
snapshot_12_4_2015_18_0.json	1449270000.0	63.85	360.47	166
snapshot_12_4_2015_6_0.json	1449226800.0	63.85	360.47	164
snapshot_12_5_2015_0_0.json	1449291600.0	63.75	360.47	166
snapshot_12_5_2015_12_0.json	1449334800.0	63.75	360.47	166
snapshot_12_5_2015_18_0.json	1449356400.0	63.75	360.47	164
snapshot_12_5_2015_6_0.json	1449313200.0	63.75	360.47	166
9233843	2015-12-13T04:00:00Z	If Then	Pantages Theatre Los Angeles	California Los Angeles Metro|10	90028
snapshot_11_16_2015_0_0.json	1447650000.0	66.16	360.47	174
snapshot_11_16_2015_0_0.json	1447650000.0	66.16	360.47	174
snapshot_11_17_2015_0_0.json	1447736400.0	66.16	360.47	174
snapshot_11_17_2015_12_0.json	1447779600.0	66.16	360.47	174
snapshot_11_17_2015_18_0.json	1447801200.0	66.16	360.47	174
snapshot_11_18_2015_0_0.json	1447822800.0	66.16	360.47	174
snapshot_11_18_2015_0_0.json	1447822800.0	66.16	360.47	174
snapshot_11_18_2015_12_0.json	1447866000.0	66.16	360.47	174
snapshot_11_18_2015_12_0.json	1447866000.0	66.16	360.47	174
snapshot_11_18_2015_6_0.json	1447844400.0	66.16	360.47	174
snapshot_11_19_2015_0_0.json	1447909200.0	66.16	360.47	174
snapshot_11_19_2015_12_0.json	1447952400.0	66.16	360.47	170
snapshot_11_19_2015_6_0.json	1447930800.0	66.16	360.47	170
snapshot_11_20_2015_0_0.json	1447995600.0	66.16	360.47	170
snapshot_11_20_2015_12_0.json	1448038800.0	66.16	360.47	170
snapshot_11_21_2015_12_0.json	1448125200.0	66.16	360.47	168
snapshot_11_21_2015_18_0.json	1448146800.0	66.16	360.47	168
snapshot_11_22_2015_0_0.json	1448168400.0	66.16	360.47	168
snapshot_11_22_2015_12_0.json	1448211600.0	66.16	360.47	170
snapshot_11_22_2015_6_0.json	1448190000.0	66.16	360.47	168
snapshot_11_22_2015_6_0.json	1448190000.0	66.16	360.47	168
snapshot_11_23_2015_0_0.json	1448254800.0	66.16	360.47	170
snapshot_11_23_2015_0_0.json	1448254800.0	66.16	360.47	170
snapshot_11_23_2015_12_0.json	1448298000.0	66.16	360.47	182
snapshot_11_23_2015_18_0.json	1448319600.0	66.16	360.47	182
snapshot_11_23_2015_6_0.json	1448276400.0	66.16	360.47	182
snapshot_11_23_2015_6_0.json	1448276400.0	66.16	360.47	182
snapshot_11_24_2015_0_0.json	1448341200.0	66.16	360.47	182
snapshot_11_24_2015_12_0.json	1448384400.0	66.16	360.47	182
snapshot_11_24_2015_18_0.json	1448406000.0	66.16	360.47	182
snapshot_11_24_2015_6_0.json	1448362800.0	66.16	360.47	182
snapshot_11_25_2015_0_0.json	1448427600.0	66.16	360.47	182
snapshot_11_25_2015_12_0.json	1448470800.0	66.16	360.47	184
snapshot_11_25_2015_18_0.json	1448492400.0	66.16	360.47	184
snapshot_11_25_2015_6_0.json	1448449200.0	66.16	360.47	182
snapshot_11_26_2015_0_0.json	1448514000.0	71.53	360.47	190
snapshot_11_28_2015_0_0.json	1448686800.0	63.85	360.47	186
snapshot_11_28_2015_0_0.json	1448686800.0	63.85	360.47	186
snapshot_11_28_2015_12_0.json	1448730000.0	63.85	360.47	186
snapshot_11_28_2015_18_0.json	1448751600.0	63.85	360.47	186
snapshot_11_28_2015_6_0.json	1448708400.0	63.85	360.47	186
snapshot_11_28_2015_6_0.json	1448708400.0	63.85	360.47	186
snapshot_11_29_2015_0_0.json	1448773200.0	63.85	360.47	186
snapshot_11_29_2015_6_0.json	1448794800.0	63.85	360.47	186
snapshot_11_29_2015_6_0.json	1448794800.0	63.85	360.47	186
snapshot_11_30_2015_0_0.json	1448859600.0	63.85	360.47	186
snapshot_11_30_2015_12_0.json	1448902800.0	63.85	360.47	186
snapshot_12_1_2015_0_0.json	1448946000.0	58.06	360.47	184
snapshot_12_1_2015_12_0.json	1448989200.0	52.27	360.47	182
snapshot_12_1_2015_6_0.json	1448967600.0	52.27	360.47	182
snapshot_12_2_2015_0_0.json	1449032400.0	63.85	360.47	178
snapshot_12_2_2015_12_0.json	1449075600.0	63.85	360.47	178
snapshot_12_2_2015_6_0.json	1449054000.0	63.85	360.47	178
snapshot_12_3_2015_0_0.json	1449118800.0	63.85	360.47	166
snapshot_12_3_2015_12_0.json	1449162000.0	63.85	360.47	164
snapshot_12_3_2015_18_0.json	1449183600.0	63.85	360.47	164
snapshot_12_3_2015_6_0.json	1449140400.0	63.85	360.47	164
snapshot_12_4_2015_0_0.json	1449205200.0	63.85	360.47	164
snapshot_12_4_2015_12_0.json	1449248400.0	63.85	360.47	164
snapshot_12_4_2015_18_0.json	1449270000.0	63.85	360.47	166
snapshot_12_4_2015_6_0.json	1449226800.0	63.85	360.47	164
snapshot_12_5_2015_0_0.json	1449291600.0	63.75	360.47	166
snapshot_12_5_2015_12_0.json	1449334800.0	63.75	360.47	166
snapshot_12_5_2015_18_0.json	1449356400.0	63.75	360.47	164
snapshot_12_5_2015_6_0.json	1449313200.0	63.75	360.47	166
