9233110	2015-11-21T17:01:00Z	PARKING PASSES ONLY North Carolina at Virginia Tech	Lane Stadium Parking Lots	Virginia Richmond|4425	24060
snapshot_11_17_2015_0_0.json	1447736400.0	139.79	420	21
snapshot_11_17_2015_12_0.json	1447779600.0	133.94	420	23
snapshot_11_17_2015_18_0.json	1447801200.0	128.09	420	20
snapshot_11_17_2015_6_0.json	1447758000.0	133.94	420	22
snapshot_11_17_2015_6_0.json	1447758000.0	133.94	420	22
snapshot_11_18_2015_0_0.json	1447822800.0	122.24	420	20
snapshot_11_18_2015_12_0.json	1447866000.0	98.84	420	21
snapshot_11_18_2015_12_0.json	1447866000.0	98.84	420	21
snapshot_11_19_2015_0_0.json	1447909200.0	344.55	295	2
snapshot_11_19_2015_12_0.json	1447952400.0	0	0	0
snapshot_11_19_2015_12_0.json	1447952400.0	0	0	0
snapshot_11_19_2015_6_0.json	1447930800.0	0	0	0
snapshot_11_19_2015_6_0.json	1447930800.0	0	0	0
snapshot_11_20_2015_0_0.json	1447995600.0	0	0	0
snapshot_11_20_2015_12_0.json	1448038800.0	0	0	0
snapshot_11_20_2015_12_0.json	1448038800.0	0	0	0
snapshot_11_21_2015_12_0.json	1448125200.0	0	0	0
snapshot_11_21_2015_18_0.json	1448146800.0	0	0	0
snapshot_11_22_2015_0_0.json	1448168400.0	0	0	0
snapshot_11_22_2015_18_0.json	1448233200.0	0	0	0
snapshot_11_22_2015_6_0.json	1448190000.0	0	0	0
snapshot_11_23_2015_6_0.json	1448276400.0	0	0	0
snapshot_11_23_2015_6_0.json	1448276400.0	0	0	0
9233110	2015-11-21T17:01:00Z	PARKING PASSES ONLY North Carolina at Virginia Tech	Lane Stadium Parking Lots	Virginia Richmond|4425	24060
snapshot_11_17_2015_0_0.json	1447736400.0	139.79	420	21
snapshot_11_17_2015_12_0.json	1447779600.0	133.94	420	23
snapshot_11_17_2015_18_0.json	1447801200.0	128.09	420	20
snapshot_11_17_2015_6_0.json	1447758000.0	133.94	420	22
snapshot_11_17_2015_6_0.json	1447758000.0	133.94	420	22
snapshot_11_18_2015_0_0.json	1447822800.0	122.24	420	20
snapshot_11_18_2015_12_0.json	1447866000.0	98.84	420	21
snapshot_11_18_2015_12_0.json	1447866000.0	98.84	420	21
snapshot_11_19_2015_0_0.json	1447909200.0	344.55	295	2
snapshot_11_19_2015_12_0.json	1447952400.0	0	0	0
snapshot_11_19_2015_12_0.json	1447952400.0	0	0	0
snapshot_11_19_2015_6_0.json	1447930800.0	0	0	0
snapshot_11_19_2015_6_0.json	1447930800.0	0	0	0
snapshot_11_20_2015_0_0.json	1447995600.0	0	0	0
snapshot_11_20_2015_12_0.json	1448038800.0	0	0	0
snapshot_11_20_2015_12_0.json	1448038800.0	0	0	0
snapshot_11_21_2015_12_0.json	1448125200.0	0	0	0
snapshot_11_21_2015_18_0.json	1448146800.0	0	0	0
snapshot_11_22_2015_0_0.json	1448168400.0	0	0	0
snapshot_11_22_2015_18_0.json	1448233200.0	0	0	0
snapshot_11_22_2015_6_0.json	1448190000.0	0	0	0
snapshot_11_23_2015_6_0.json	1448276400.0	0	0	0
snapshot_11_23_2015_6_0.json	1448276400.0	0	0	0
9233110	2015-11-21T17:01:00Z	PARKING PASSES ONLY North Carolina at Virginia Tech	Lane Stadium Parking Lots	Virginia Richmond|4425	24060
snapshot_11_17_2015_0_0.json	1447736400.0	139.79	420	21
snapshot_11_17_2015_12_0.json	1447779600.0	133.94	420	23
snapshot_11_17_2015_18_0.json	1447801200.0	128.09	420	20
snapshot_11_17_2015_6_0.json	1447758000.0	133.94	420	22
snapshot_11_17_2015_6_0.json	1447758000.0	133.94	420	22
snapshot_11_18_2015_0_0.json	1447822800.0	122.24	420	20
snapshot_11_18_2015_12_0.json	1447866000.0	98.84	420	21
snapshot_11_18_2015_12_0.json	1447866000.0	98.84	420	21
snapshot_11_19_2015_0_0.json	1447909200.0	344.55	295	2
snapshot_11_19_2015_12_0.json	1447952400.0	0	0	0
snapshot_11_19_2015_12_0.json	1447952400.0	0	0	0
snapshot_11_19_2015_6_0.json	1447930800.0	0	0	0
snapshot_11_19_2015_6_0.json	1447930800.0	0	0	0
snapshot_11_20_2015_0_0.json	1447995600.0	0	0	0
snapshot_11_20_2015_12_0.json	1448038800.0	0	0	0
snapshot_11_20_2015_12_0.json	1448038800.0	0	0	0
snapshot_11_21_2015_12_0.json	1448125200.0	0	0	0
snapshot_11_21_2015_18_0.json	1448146800.0	0	0	0
snapshot_11_22_2015_0_0.json	1448168400.0	0	0	0
snapshot_11_22_2015_18_0.json	1448233200.0	0	0	0
snapshot_11_22_2015_6_0.json	1448190000.0	0	0	0
snapshot_11_23_2015_6_0.json	1448276400.0	0	0	0
snapshot_11_23_2015_6_0.json	1448276400.0	0	0	0
9233110	2015-11-21T17:01:00Z	PARKING PASSES ONLY North Carolina at Virginia Tech	Lane Stadium Parking Lots	Virginia Richmond|4425	24060
snapshot_11_17_2015_0_0.json	1447736400.0	139.79	420	21
snapshot_11_17_2015_12_0.json	1447779600.0	133.94	420	23
snapshot_11_17_2015_18_0.json	1447801200.0	128.09	420	20
snapshot_11_17_2015_6_0.json	1447758000.0	133.94	420	22
snapshot_11_17_2015_6_0.json	1447758000.0	133.94	420	22
snapshot_11_18_2015_0_0.json	1447822800.0	122.24	420	20
snapshot_11_18_2015_12_0.json	1447866000.0	98.84	420	21
snapshot_11_18_2015_12_0.json	1447866000.0	98.84	420	21
snapshot_11_19_2015_0_0.json	1447909200.0	344.55	295	2
snapshot_11_19_2015_12_0.json	1447952400.0	0	0	0
snapshot_11_19_2015_12_0.json	1447952400.0	0	0	0
snapshot_11_19_2015_6_0.json	1447930800.0	0	0	0
snapshot_11_19_2015_6_0.json	1447930800.0	0	0	0
snapshot_11_20_2015_0_0.json	1447995600.0	0	0	0
snapshot_11_20_2015_12_0.json	1448038800.0	0	0	0
snapshot_11_20_2015_12_0.json	1448038800.0	0	0	0
snapshot_11_21_2015_12_0.json	1448125200.0	0	0	0
snapshot_11_21_2015_18_0.json	1448146800.0	0	0	0
snapshot_11_22_2015_0_0.json	1448168400.0	0	0	0
snapshot_11_22_2015_18_0.json	1448233200.0	0	0	0
snapshot_11_22_2015_6_0.json	1448190000.0	0	0	0
snapshot_11_23_2015_6_0.json	1448276400.0	0	0	0
snapshot_11_23_2015_6_0.json	1448276400.0	0	0	0
