9233114	2015-11-21T18:01:00Z	PARKING PASSES ONLY Virginia vs Duke	Scott Stadium Parking Lots	Virginia Richmond|4425	22903
snapshot_11_16_2015_0_0.json	1447650000.0	51.64	150	9
snapshot_11_17_2015_0_0.json	1447736400.0	51.64	150	9
snapshot_11_17_2015_18_0.json	1447801200.0	51.64	100	9
snapshot_11_18_2015_0_0.json	1447822800.0	51.64	100	9
snapshot_11_18_2015_12_0.json	1447866000.0	51.64	100	9
snapshot_11_18_2015_12_0.json	1447866000.0	51.64	100	9
snapshot_11_18_2015_18_0.json	1447887600.0	51.64	42	8
snapshot_11_18_2015_6_0.json	1447844400.0	51.64	100	9
snapshot_11_18_2015_6_0.json	1447844400.0	51.64	100	9
snapshot_11_19_2015_0_0.json	1447909200.0	28.65	20	1
snapshot_11_19_2015_12_0.json	1447952400.0	0	0	0
snapshot_11_19_2015_6_0.json	1447930800.0	0	0	0
snapshot_11_20_2015_0_0.json	1447995600.0	52.8	42.99	4
snapshot_11_21_2015_12_0.json	1448125200.0	43.44	34.99	2
snapshot_11_21_2015_12_0.json	1448125200.0	43.44	34.99	2
snapshot_11_21_2015_18_0.json	1448146800.0	0	0	0
snapshot_11_22_2015_0_0.json	1448168400.0	0	0	0
snapshot_11_22_2015_0_0.json	1448168400.0	0	0	0
snapshot_11_22_2015_18_0.json	1448233200.0	0	0	0
snapshot_11_22_2015_6_0.json	1448190000.0	0	0	0
snapshot_11_22_2015_6_0.json	1448190000.0	0	0	0
snapshot_11_23_2015_6_0.json	1448276400.0	0	0	0
snapshot_11_23_2015_6_0.json	1448276400.0	0	0	0
9233114	2015-11-21T18:01:00Z	PARKING PASSES ONLY Virginia vs Duke	Scott Stadium Parking Lots	Virginia Richmond|4425	22903
snapshot_11_16_2015_0_0.json	1447650000.0	51.64	150	9
snapshot_11_17_2015_0_0.json	1447736400.0	51.64	150	9
snapshot_11_17_2015_18_0.json	1447801200.0	51.64	100	9
snapshot_11_18_2015_0_0.json	1447822800.0	51.64	100	9
snapshot_11_18_2015_12_0.json	1447866000.0	51.64	100	9
snapshot_11_18_2015_12_0.json	1447866000.0	51.64	100	9
snapshot_11_18_2015_18_0.json	1447887600.0	51.64	42	8
snapshot_11_18_2015_6_0.json	1447844400.0	51.64	100	9
snapshot_11_18_2015_6_0.json	1447844400.0	51.64	100	9
snapshot_11_19_2015_0_0.json	1447909200.0	28.65	20	1
snapshot_11_19_2015_12_0.json	1447952400.0	0	0	0
snapshot_11_19_2015_6_0.json	1447930800.0	0	0	0
snapshot_11_20_2015_0_0.json	1447995600.0	52.8	42.99	4
snapshot_11_21_2015_12_0.json	1448125200.0	43.44	34.99	2
snapshot_11_21_2015_12_0.json	1448125200.0	43.44	34.99	2
snapshot_11_21_2015_18_0.json	1448146800.0	0	0	0
snapshot_11_22_2015_0_0.json	1448168400.0	0	0	0
snapshot_11_22_2015_0_0.json	1448168400.0	0	0	0
snapshot_11_22_2015_18_0.json	1448233200.0	0	0	0
snapshot_11_22_2015_6_0.json	1448190000.0	0	0	0
snapshot_11_22_2015_6_0.json	1448190000.0	0	0	0
snapshot_11_23_2015_6_0.json	1448276400.0	0	0	0
snapshot_11_23_2015_6_0.json	1448276400.0	0	0	0
9233114	2015-11-21T18:01:00Z	PARKING PASSES ONLY Virginia vs Duke	Scott Stadium Parking Lots	Virginia Richmond|4425	22903
snapshot_11_16_2015_0_0.json	1447650000.0	51.64	150	9
snapshot_11_17_2015_0_0.json	1447736400.0	51.64	150	9
snapshot_11_17_2015_18_0.json	1447801200.0	51.64	100	9
snapshot_11_18_2015_0_0.json	1447822800.0	51.64	100	9
snapshot_11_18_2015_12_0.json	1447866000.0	51.64	100	9
snapshot_11_18_2015_12_0.json	1447866000.0	51.64	100	9
snapshot_11_18_2015_18_0.json	1447887600.0	51.64	42	8
snapshot_11_18_2015_6_0.json	1447844400.0	51.64	100	9
snapshot_11_18_2015_6_0.json	1447844400.0	51.64	100	9
snapshot_11_19_2015_0_0.json	1447909200.0	28.65	20	1
snapshot_11_19_2015_12_0.json	1447952400.0	0	0	0
snapshot_11_19_2015_6_0.json	1447930800.0	0	0	0
snapshot_11_20_2015_0_0.json	1447995600.0	52.8	42.99	4
snapshot_11_21_2015_12_0.json	1448125200.0	43.44	34.99	2
snapshot_11_21_2015_12_0.json	1448125200.0	43.44	34.99	2
snapshot_11_21_2015_18_0.json	1448146800.0	0	0	0
snapshot_11_22_2015_0_0.json	1448168400.0	0	0	0
snapshot_11_22_2015_0_0.json	1448168400.0	0	0	0
snapshot_11_22_2015_18_0.json	1448233200.0	0	0	0
snapshot_11_22_2015_6_0.json	1448190000.0	0	0	0
snapshot_11_22_2015_6_0.json	1448190000.0	0	0	0
snapshot_11_23_2015_6_0.json	1448276400.0	0	0	0
snapshot_11_23_2015_6_0.json	1448276400.0	0	0	0
9233114	2015-11-21T18:01:00Z	PARKING PASSES ONLY Virginia vs Duke	Scott Stadium Parking Lots	Virginia Richmond|4425	22903
snapshot_11_16_2015_0_0.json	1447650000.0	51.64	150	9
snapshot_11_17_2015_0_0.json	1447736400.0	51.64	150	9
snapshot_11_17_2015_18_0.json	1447801200.0	51.64	100	9
snapshot_11_18_2015_0_0.json	1447822800.0	51.64	100	9
snapshot_11_18_2015_12_0.json	1447866000.0	51.64	100	9
snapshot_11_18_2015_12_0.json	1447866000.0	51.64	100	9
snapshot_11_18_2015_18_0.json	1447887600.0	51.64	42	8
snapshot_11_18_2015_6_0.json	1447844400.0	51.64	100	9
snapshot_11_18_2015_6_0.json	1447844400.0	51.64	100	9
snapshot_11_19_2015_0_0.json	1447909200.0	28.65	20	1
snapshot_11_19_2015_12_0.json	1447952400.0	0	0	0
snapshot_11_19_2015_6_0.json	1447930800.0	0	0	0
snapshot_11_20_2015_0_0.json	1447995600.0	52.8	42.99	4
snapshot_11_21_2015_12_0.json	1448125200.0	43.44	34.99	2
snapshot_11_21_2015_12_0.json	1448125200.0	43.44	34.99	2
snapshot_11_21_2015_18_0.json	1448146800.0	0	0	0
snapshot_11_22_2015_0_0.json	1448168400.0	0	0	0
snapshot_11_22_2015_0_0.json	1448168400.0	0	0	0
snapshot_11_22_2015_18_0.json	1448233200.0	0	0	0
snapshot_11_22_2015_6_0.json	1448190000.0	0	0	0
snapshot_11_22_2015_6_0.json	1448190000.0	0	0	0
snapshot_11_23_2015_6_0.json	1448276400.0	0	0	0
snapshot_11_23_2015_6_0.json	1448276400.0	0	0	0
