9233847	2015-12-09T04:00:00Z	If Then	Pantages Theatre Los Angeles	California Los Angeles Metro|10	90028
snapshot_11_16_2015_0_0.json	1447650000.0	78.9	185	73
snapshot_11_17_2015_0_0.json	1447736400.0	78.9	185	73
snapshot_11_17_2015_12_0.json	1447779600.0	78.9	185	73
snapshot_11_18_2015_12_0.json	1447866000.0	71.95	185	71
snapshot_11_18_2015_12_0.json	1447866000.0	71.95	185	71
snapshot_11_18_2015_6_0.json	1447844400.0	71.95	185	71
snapshot_11_18_2015_6_0.json	1447844400.0	71.95	185	71
snapshot_11_19_2015_12_0.json	1447952400.0	71.95	185	65
snapshot_11_19_2015_6_0.json	1447930800.0	71.95	185	65
snapshot_11_20_2015_0_0.json	1447995600.0	71.95	185	82
snapshot_11_20_2015_12_0.json	1448038800.0	71.95	185	82
snapshot_11_21_2015_12_0.json	1448125200.0	49.3	232	88
snapshot_11_21_2015_18_0.json	1448146800.0	49.3	232	88
snapshot_11_22_2015_0_0.json	1448168400.0	71.95	232	88
snapshot_11_22_2015_12_0.json	1448211600.0	71.95	232	88
snapshot_11_22_2015_18_0.json	1448233200.0	71.95	232	88
snapshot_11_22_2015_18_0.json	1448233200.0	71.95	232	88
snapshot_11_22_2015_6_0.json	1448190000.0	71.95	232	88
snapshot_11_22_2015_6_0.json	1448190000.0	71.95	232	88
snapshot_11_23_2015_0_0.json	1448254800.0	71.95	232	88
snapshot_11_23_2015_12_0.json	1448298000.0	71.95	232	88
snapshot_11_23_2015_18_0.json	1448319600.0	71.95	232	88
snapshot_11_24_2015_0_0.json	1448341200.0	71.95	222	88
snapshot_11_24_2015_12_0.json	1448384400.0	66.16	222	88
snapshot_11_24_2015_12_0.json	1448384400.0	66.16	222	88
snapshot_11_24_2015_18_0.json	1448406000.0	66.16	222	88
snapshot_11_24_2015_6_0.json	1448362800.0	66.16	222	88
snapshot_11_25_2015_0_0.json	1448427600.0	66.16	222	88
snapshot_11_25_2015_12_0.json	1448470800.0	66.16	225	92
snapshot_11_25_2015_18_0.json	1448492400.0	66.16	225	92
snapshot_11_25_2015_6_0.json	1448449200.0	66.16	225	92
snapshot_11_25_2015_6_0.json	1448449200.0	66.16	225	92
snapshot_11_26_2015_0_0.json	1448514000.0	66.16	225	112
snapshot_11_27_2015_18_0.json	1448665200.0	55.75	225	110
snapshot_11_27_2015_18_0.json	1448665200.0	55.75	225	110
snapshot_11_28_2015_0_0.json	1448686800.0	52.27	225	110
snapshot_11_28_2015_12_0.json	1448730000.0	52.27	225	110
snapshot_11_28_2015_18_0.json	1448751600.0	52.27	225	110
snapshot_11_28_2015_6_0.json	1448708400.0	52.27	225	110
snapshot_11_28_2015_6_0.json	1448708400.0	52.27	225	110
snapshot_11_29_2015_0_0.json	1448773200.0	52.27	225	110
snapshot_11_29_2015_18_0.json	1448838000.0	52.27	225	108
snapshot_11_29_2015_6_0.json	1448794800.0	52.27	225	108
snapshot_11_29_2015_6_0.json	1448794800.0	52.27	225	108
snapshot_11_30_2015_0_0.json	1448859600.0	52.27	225	108
snapshot_11_30_2015_0_0.json	1448859600.0	52.27	225	108
snapshot_11_30_2015_12_0.json	1448902800.0	52.27	225	108
snapshot_11_30_2015_18_0.json	1448924400.0	49.96	225	108
snapshot_12_1_2015_0_0.json	1448946000.0	44.18	222	104
snapshot_12_1_2015_12_0.json	1448989200.0	38.38	222	102
snapshot_12_1_2015_12_0.json	1448989200.0	38.38	222	102
snapshot_12_1_2015_18_0.json	1449010800.0	38.38	222	102
snapshot_12_1_2015_6_0.json	1448967600.0	38.38	222	104
snapshot_12_2_2015_12_0.json	1449075600.0	49.96	201	95
snapshot_12_2_2015_18_0.json	1449097200.0	49.96	201	95
snapshot_12_2_2015_6_0.json	1449054000.0	49.96	201	95
snapshot_12_2_2015_6_0.json	1449054000.0	49.96	201	95
snapshot_12_3_2015_0_0.json	1449118800.0	49.96	169	93
snapshot_12_3_2015_12_0.json	1449162000.0	49.96	169	89
snapshot_12_3_2015_18_0.json	1449183600.0	49.96	169	89
snapshot_12_4_2015_0_0.json	1449205200.0	49.96	165	69
snapshot_12_4_2015_12_0.json	1449248400.0	49.96	165	69
snapshot_12_4_2015_18_0.json	1449270000.0	45.33	165	69
snapshot_12_4_2015_6_0.json	1449226800.0	49.96	165	69
snapshot_12_5_2015_0_0.json	1449291600.0	45.33	162	59
snapshot_12_5_2015_18_0.json	1449356400.0	43.02	215	51
snapshot_12_5_2015_6_0.json	1449313200.0	45.33	215	57
9233847	2015-12-09T04:00:00Z	If Then	Pantages Theatre Los Angeles	California Los Angeles Metro|10	90028
snapshot_11_16_2015_0_0.json	1447650000.0	78.9	185	73
snapshot_11_17_2015_0_0.json	1447736400.0	78.9	185	73
snapshot_11_17_2015_12_0.json	1447779600.0	78.9	185	73
snapshot_11_18_2015_12_0.json	1447866000.0	71.95	185	71
snapshot_11_18_2015_12_0.json	1447866000.0	71.95	185	71
snapshot_11_18_2015_6_0.json	1447844400.0	71.95	185	71
snapshot_11_18_2015_6_0.json	1447844400.0	71.95	185	71
snapshot_11_19_2015_12_0.json	1447952400.0	71.95	185	65
snapshot_11_19_2015_6_0.json	1447930800.0	71.95	185	65
snapshot_11_20_2015_0_0.json	1447995600.0	71.95	185	82
snapshot_11_20_2015_12_0.json	1448038800.0	71.95	185	82
snapshot_11_21_2015_12_0.json	1448125200.0	49.3	232	88
snapshot_11_21_2015_18_0.json	1448146800.0	49.3	232	88
snapshot_11_22_2015_0_0.json	1448168400.0	71.95	232	88
snapshot_11_22_2015_12_0.json	1448211600.0	71.95	232	88
snapshot_11_22_2015_18_0.json	1448233200.0	71.95	232	88
snapshot_11_22_2015_18_0.json	1448233200.0	71.95	232	88
snapshot_11_22_2015_6_0.json	1448190000.0	71.95	232	88
snapshot_11_22_2015_6_0.json	1448190000.0	71.95	232	88
snapshot_11_23_2015_0_0.json	1448254800.0	71.95	232	88
snapshot_11_23_2015_12_0.json	1448298000.0	71.95	232	88
snapshot_11_23_2015_18_0.json	1448319600.0	71.95	232	88
snapshot_11_24_2015_0_0.json	1448341200.0	71.95	222	88
snapshot_11_24_2015_12_0.json	1448384400.0	66.16	222	88
snapshot_11_24_2015_12_0.json	1448384400.0	66.16	222	88
snapshot_11_24_2015_18_0.json	1448406000.0	66.16	222	88
snapshot_11_24_2015_6_0.json	1448362800.0	66.16	222	88
snapshot_11_25_2015_0_0.json	1448427600.0	66.16	222	88
snapshot_11_25_2015_12_0.json	1448470800.0	66.16	225	92
snapshot_11_25_2015_18_0.json	1448492400.0	66.16	225	92
snapshot_11_25_2015_6_0.json	1448449200.0	66.16	225	92
snapshot_11_25_2015_6_0.json	1448449200.0	66.16	225	92
snapshot_11_26_2015_0_0.json	1448514000.0	66.16	225	112
snapshot_11_27_2015_18_0.json	1448665200.0	55.75	225	110
snapshot_11_27_2015_18_0.json	1448665200.0	55.75	225	110
snapshot_11_28_2015_0_0.json	1448686800.0	52.27	225	110
snapshot_11_28_2015_12_0.json	1448730000.0	52.27	225	110
snapshot_11_28_2015_18_0.json	1448751600.0	52.27	225	110
snapshot_11_28_2015_6_0.json	1448708400.0	52.27	225	110
snapshot_11_28_2015_6_0.json	1448708400.0	52.27	225	110
snapshot_11_29_2015_0_0.json	1448773200.0	52.27	225	110
snapshot_11_29_2015_18_0.json	1448838000.0	52.27	225	108
snapshot_11_29_2015_6_0.json	1448794800.0	52.27	225	108
snapshot_11_29_2015_6_0.json	1448794800.0	52.27	225	108
snapshot_11_30_2015_0_0.json	1448859600.0	52.27	225	108
snapshot_11_30_2015_0_0.json	1448859600.0	52.27	225	108
snapshot_11_30_2015_12_0.json	1448902800.0	52.27	225	108
snapshot_11_30_2015_18_0.json	1448924400.0	49.96	225	108
snapshot_12_1_2015_0_0.json	1448946000.0	44.18	222	104
snapshot_12_1_2015_12_0.json	1448989200.0	38.38	222	102
snapshot_12_1_2015_12_0.json	1448989200.0	38.38	222	102
snapshot_12_1_2015_18_0.json	1449010800.0	38.38	222	102
snapshot_12_1_2015_6_0.json	1448967600.0	38.38	222	104
snapshot_12_2_2015_12_0.json	1449075600.0	49.96	201	95
snapshot_12_2_2015_18_0.json	1449097200.0	49.96	201	95
snapshot_12_2_2015_6_0.json	1449054000.0	49.96	201	95
snapshot_12_2_2015_6_0.json	1449054000.0	49.96	201	95
snapshot_12_3_2015_0_0.json	1449118800.0	49.96	169	93
snapshot_12_3_2015_12_0.json	1449162000.0	49.96	169	89
snapshot_12_3_2015_18_0.json	1449183600.0	49.96	169	89
snapshot_12_4_2015_0_0.json	1449205200.0	49.96	165	69
snapshot_12_4_2015_12_0.json	1449248400.0	49.96	165	69
snapshot_12_4_2015_18_0.json	1449270000.0	45.33	165	69
snapshot_12_4_2015_6_0.json	1449226800.0	49.96	165	69
snapshot_12_5_2015_0_0.json	1449291600.0	45.33	162	59
snapshot_12_5_2015_18_0.json	1449356400.0	43.02	215	51
snapshot_12_5_2015_6_0.json	1449313200.0	45.33	215	57
9233847	2015-12-09T04:00:00Z	If Then	Pantages Theatre Los Angeles	California Los Angeles Metro|10	90028
snapshot_11_16_2015_0_0.json	1447650000.0	78.9	185	73
snapshot_11_17_2015_0_0.json	1447736400.0	78.9	185	73
snapshot_11_17_2015_12_0.json	1447779600.0	78.9	185	73
snapshot_11_18_2015_12_0.json	1447866000.0	71.95	185	71
snapshot_11_18_2015_12_0.json	1447866000.0	71.95	185	71
snapshot_11_18_2015_6_0.json	1447844400.0	71.95	185	71
snapshot_11_18_2015_6_0.json	1447844400.0	71.95	185	71
snapshot_11_19_2015_12_0.json	1447952400.0	71.95	185	65
snapshot_11_19_2015_6_0.json	1447930800.0	71.95	185	65
snapshot_11_20_2015_0_0.json	1447995600.0	71.95	185	82
snapshot_11_20_2015_12_0.json	1448038800.0	71.95	185	82
snapshot_11_21_2015_12_0.json	1448125200.0	49.3	232	88
snapshot_11_21_2015_18_0.json	1448146800.0	49.3	232	88
snapshot_11_22_2015_0_0.json	1448168400.0	71.95	232	88
snapshot_11_22_2015_12_0.json	1448211600.0	71.95	232	88
snapshot_11_22_2015_18_0.json	1448233200.0	71.95	232	88
snapshot_11_22_2015_18_0.json	1448233200.0	71.95	232	88
snapshot_11_22_2015_6_0.json	1448190000.0	71.95	232	88
snapshot_11_22_2015_6_0.json	1448190000.0	71.95	232	88
snapshot_11_23_2015_0_0.json	1448254800.0	71.95	232	88
snapshot_11_23_2015_12_0.json	1448298000.0	71.95	232	88
snapshot_11_23_2015_18_0.json	1448319600.0	71.95	232	88
snapshot_11_24_2015_0_0.json	1448341200.0	71.95	222	88
snapshot_11_24_2015_12_0.json	1448384400.0	66.16	222	88
snapshot_11_24_2015_12_0.json	1448384400.0	66.16	222	88
snapshot_11_24_2015_18_0.json	1448406000.0	66.16	222	88
snapshot_11_24_2015_6_0.json	1448362800.0	66.16	222	88
snapshot_11_25_2015_0_0.json	1448427600.0	66.16	222	88
snapshot_11_25_2015_12_0.json	1448470800.0	66.16	225	92
snapshot_11_25_2015_18_0.json	1448492400.0	66.16	225	92
snapshot_11_25_2015_6_0.json	1448449200.0	66.16	225	92
snapshot_11_25_2015_6_0.json	1448449200.0	66.16	225	92
snapshot_11_26_2015_0_0.json	1448514000.0	66.16	225	112
snapshot_11_27_2015_18_0.json	1448665200.0	55.75	225	110
snapshot_11_27_2015_18_0.json	1448665200.0	55.75	225	110
snapshot_11_28_2015_0_0.json	1448686800.0	52.27	225	110
snapshot_11_28_2015_12_0.json	1448730000.0	52.27	225	110
snapshot_11_28_2015_18_0.json	1448751600.0	52.27	225	110
snapshot_11_28_2015_6_0.json	1448708400.0	52.27	225	110
snapshot_11_28_2015_6_0.json	1448708400.0	52.27	225	110
snapshot_11_29_2015_0_0.json	1448773200.0	52.27	225	110
snapshot_11_29_2015_18_0.json	1448838000.0	52.27	225	108
snapshot_11_29_2015_6_0.json	1448794800.0	52.27	225	108
snapshot_11_29_2015_6_0.json	1448794800.0	52.27	225	108
snapshot_11_30_2015_0_0.json	1448859600.0	52.27	225	108
snapshot_11_30_2015_0_0.json	1448859600.0	52.27	225	108
snapshot_11_30_2015_12_0.json	1448902800.0	52.27	225	108
snapshot_11_30_2015_18_0.json	1448924400.0	49.96	225	108
snapshot_12_1_2015_0_0.json	1448946000.0	44.18	222	104
snapshot_12_1_2015_12_0.json	1448989200.0	38.38	222	102
snapshot_12_1_2015_12_0.json	1448989200.0	38.38	222	102
snapshot_12_1_2015_18_0.json	1449010800.0	38.38	222	102
snapshot_12_1_2015_6_0.json	1448967600.0	38.38	222	104
snapshot_12_2_2015_12_0.json	1449075600.0	49.96	201	95
snapshot_12_2_2015_18_0.json	1449097200.0	49.96	201	95
snapshot_12_2_2015_6_0.json	1449054000.0	49.96	201	95
snapshot_12_2_2015_6_0.json	1449054000.0	49.96	201	95
snapshot_12_3_2015_0_0.json	1449118800.0	49.96	169	93
snapshot_12_3_2015_12_0.json	1449162000.0	49.96	169	89
snapshot_12_3_2015_18_0.json	1449183600.0	49.96	169	89
snapshot_12_4_2015_0_0.json	1449205200.0	49.96	165	69
snapshot_12_4_2015_12_0.json	1449248400.0	49.96	165	69
snapshot_12_4_2015_18_0.json	1449270000.0	45.33	165	69
snapshot_12_4_2015_6_0.json	1449226800.0	49.96	165	69
snapshot_12_5_2015_0_0.json	1449291600.0	45.33	162	59
snapshot_12_5_2015_18_0.json	1449356400.0	43.02	215	51
snapshot_12_5_2015_6_0.json	1449313200.0	45.33	215	57
9233847	2015-12-09T04:00:00Z	If Then	Pantages Theatre Los Angeles	California Los Angeles Metro|10	90028
snapshot_11_16_2015_0_0.json	1447650000.0	78.9	185	73
snapshot_11_17_2015_0_0.json	1447736400.0	78.9	185	73
snapshot_11_17_2015_12_0.json	1447779600.0	78.9	185	73
snapshot_11_18_2015_12_0.json	1447866000.0	71.95	185	71
snapshot_11_18_2015_12_0.json	1447866000.0	71.95	185	71
snapshot_11_18_2015_6_0.json	1447844400.0	71.95	185	71
snapshot_11_18_2015_6_0.json	1447844400.0	71.95	185	71
snapshot_11_19_2015_12_0.json	1447952400.0	71.95	185	65
snapshot_11_19_2015_6_0.json	1447930800.0	71.95	185	65
snapshot_11_20_2015_0_0.json	1447995600.0	71.95	185	82
snapshot_11_20_2015_12_0.json	1448038800.0	71.95	185	82
snapshot_11_21_2015_12_0.json	1448125200.0	49.3	232	88
snapshot_11_21_2015_18_0.json	1448146800.0	49.3	232	88
snapshot_11_22_2015_0_0.json	1448168400.0	71.95	232	88
snapshot_11_22_2015_12_0.json	1448211600.0	71.95	232	88
snapshot_11_22_2015_18_0.json	1448233200.0	71.95	232	88
snapshot_11_22_2015_18_0.json	1448233200.0	71.95	232	88
snapshot_11_22_2015_6_0.json	1448190000.0	71.95	232	88
snapshot_11_22_2015_6_0.json	1448190000.0	71.95	232	88
snapshot_11_23_2015_0_0.json	1448254800.0	71.95	232	88
snapshot_11_23_2015_12_0.json	1448298000.0	71.95	232	88
snapshot_11_23_2015_18_0.json	1448319600.0	71.95	232	88
snapshot_11_24_2015_0_0.json	1448341200.0	71.95	222	88
snapshot_11_24_2015_12_0.json	1448384400.0	66.16	222	88
snapshot_11_24_2015_12_0.json	1448384400.0	66.16	222	88
snapshot_11_24_2015_18_0.json	1448406000.0	66.16	222	88
snapshot_11_24_2015_6_0.json	1448362800.0	66.16	222	88
snapshot_11_25_2015_0_0.json	1448427600.0	66.16	222	88
snapshot_11_25_2015_12_0.json	1448470800.0	66.16	225	92
snapshot_11_25_2015_18_0.json	1448492400.0	66.16	225	92
snapshot_11_25_2015_6_0.json	1448449200.0	66.16	225	92
snapshot_11_25_2015_6_0.json	1448449200.0	66.16	225	92
snapshot_11_26_2015_0_0.json	1448514000.0	66.16	225	112
snapshot_11_27_2015_18_0.json	1448665200.0	55.75	225	110
snapshot_11_27_2015_18_0.json	1448665200.0	55.75	225	110
snapshot_11_28_2015_0_0.json	1448686800.0	52.27	225	110
snapshot_11_28_2015_12_0.json	1448730000.0	52.27	225	110
snapshot_11_28_2015_18_0.json	1448751600.0	52.27	225	110
snapshot_11_28_2015_6_0.json	1448708400.0	52.27	225	110
snapshot_11_28_2015_6_0.json	1448708400.0	52.27	225	110
snapshot_11_29_2015_0_0.json	1448773200.0	52.27	225	110
snapshot_11_29_2015_18_0.json	1448838000.0	52.27	225	108
snapshot_11_29_2015_6_0.json	1448794800.0	52.27	225	108
snapshot_11_29_2015_6_0.json	1448794800.0	52.27	225	108
snapshot_11_30_2015_0_0.json	1448859600.0	52.27	225	108
snapshot_11_30_2015_0_0.json	1448859600.0	52.27	225	108
snapshot_11_30_2015_12_0.json	1448902800.0	52.27	225	108
snapshot_11_30_2015_18_0.json	1448924400.0	49.96	225	108
snapshot_12_1_2015_0_0.json	1448946000.0	44.18	222	104
snapshot_12_1_2015_12_0.json	1448989200.0	38.38	222	102
snapshot_12_1_2015_12_0.json	1448989200.0	38.38	222	102
snapshot_12_1_2015_18_0.json	1449010800.0	38.38	222	102
snapshot_12_1_2015_6_0.json	1448967600.0	38.38	222	104
snapshot_12_2_2015_12_0.json	1449075600.0	49.96	201	95
snapshot_12_2_2015_18_0.json	1449097200.0	49.96	201	95
snapshot_12_2_2015_6_0.json	1449054000.0	49.96	201	95
snapshot_12_2_2015_6_0.json	1449054000.0	49.96	201	95
snapshot_12_3_2015_0_0.json	1449118800.0	49.96	169	93
snapshot_12_3_2015_12_0.json	1449162000.0	49.96	169	89
snapshot_12_3_2015_18_0.json	1449183600.0	49.96	169	89
snapshot_12_4_2015_0_0.json	1449205200.0	49.96	165	69
snapshot_12_4_2015_12_0.json	1449248400.0	49.96	165	69
snapshot_12_4_2015_18_0.json	1449270000.0	45.33	165	69
snapshot_12_4_2015_6_0.json	1449226800.0	49.96	165	69
snapshot_12_5_2015_0_0.json	1449291600.0	45.33	162	59
snapshot_12_5_2015_18_0.json	1449356400.0	43.02	215	51
snapshot_12_5_2015_6_0.json	1449313200.0	45.33	215	57
