9233102	2015-11-28T18:00:00Z	Virginia Cavaliers	Scott Stadium	Virginia Richmond|4425	22903
snapshot_11_16_2015_0_0.json	1447650000.0	78.5	1100	755
snapshot_11_16_2015_0_0.json	1447650000.0	78.5	1100	755
snapshot_11_17_2015_0_0.json	1447736400.0	78.5	1100	772
snapshot_11_17_2015_12_0.json	1447779600.0	82.31	1100	750
snapshot_11_17_2015_18_0.json	1447801200.0	82.31	1100	740
snapshot_11_17_2015_6_0.json	1447758000.0	82.31	1100	759
snapshot_11_17_2015_6_0.json	1447758000.0	82.31	1100	759
snapshot_11_18_2015_0_0.json	1447822800.0	82.35	1100	739
snapshot_11_18_2015_12_0.json	1447866000.0	80.89	1100	709
snapshot_11_18_2015_18_0.json	1447887600.0	78.67	1100	697
snapshot_11_18_2015_6_0.json	1447844400.0	80.89	1100	713
snapshot_11_19_2015_0_0.json	1447909200.0	78.67	1100	769
snapshot_11_20_2015_0_0.json	1447995600.0	73.75	1100	806
snapshot_11_20_2015_12_0.json	1448038800.0	79.9	1100	803
snapshot_11_21_2015_12_0.json	1448125200.0	78.55	1100	774
snapshot_11_21_2015_18_0.json	1448146800.0	80	1100	732
snapshot_11_22_2015_0_0.json	1448168400.0	84.69	1100	686
snapshot_11_22_2015_12_0.json	1448211600.0	66.85	1100	628
snapshot_11_22_2015_18_0.json	1448233200.0	72.7	1100	603
snapshot_11_22_2015_6_0.json	1448190000.0	66.85	1100	622
snapshot_11_22_2015_6_0.json	1448190000.0	66.85	1100	622
snapshot_11_23_2015_0_0.json	1448254800.0	84.4	1100	577
snapshot_11_23_2015_18_0.json	1448319600.0	83.82	1100	511
snapshot_11_23_2015_6_0.json	1448276400.0	84.4	1100	560
snapshot_11_23_2015_6_0.json	1448276400.0	84.4	1100	560
snapshot_11_24_2015_0_0.json	1448341200.0	82.06	1500	565
snapshot_11_24_2015_12_0.json	1448384400.0	71.53	1500	538
snapshot_11_24_2015_18_0.json	1448406000.0	78.55	1500	537
snapshot_11_24_2015_6_0.json	1448362800.0	55.15	1500	536
snapshot_11_25_2015_0_0.json	1448427600.0	78.55	1500	496
snapshot_11_25_2015_12_0.json	1448470800.0	78.55	1500	482
snapshot_11_25_2015_18_0.json	1448492400.0	61	1500	428
snapshot_11_25_2015_6_0.json	1448449200.0	78.55	1500	494
snapshot_11_26_2015_0_0.json	1448514000.0	72.7	1500	385
snapshot_11_27_2015_18_0.json	1448665200.0	66.85	550	268
snapshot_11_28_2015_0_0.json	1448686800.0	84.26	550	135
snapshot_11_28_2015_12_0.json	1448730000.0	78.55	550	84
snapshot_11_28_2015_18_0.json	1448751600.0	0	0	0
snapshot_11_28_2015_6_0.json	1448708400.0	78.55	550	94
snapshot_11_29_2015_0_0.json	1448773200.0	0	0	0
snapshot_11_29_2015_12_0.json	1448816400.0	0	0	0
snapshot_11_29_2015_18_0.json	1448838000.0	0	0	0
snapshot_11_29_2015_6_0.json	1448794800.0	0	0	0
snapshot_11_30_2015_0_0.json	1448859600.0	0	0	0
snapshot_11_30_2015_12_0.json	1448902800.0	0	0	0
snapshot_11_30_2015_6_0.json	1448881200.0	0	0	0
snapshot_12_3_2015_0_0.json	1449118800.0	0	0	0
snapshot_12_3_2015_12_0.json	1449162000.0	0	0	0
snapshot_12_4_2015_0_0.json	1449205200.0	0	0	0
snapshot_12_4_2015_12_0.json	1449248400.0	0	0	0
snapshot_12_4_2015_6_0.json	1449226800.0	0	0	0
9233102	2015-11-28T18:00:00Z	Virginia Cavaliers	Scott Stadium	Virginia Richmond|4425	22903
snapshot_11_16_2015_0_0.json	1447650000.0	78.5	1100	755
snapshot_11_16_2015_0_0.json	1447650000.0	78.5	1100	755
snapshot_11_17_2015_0_0.json	1447736400.0	78.5	1100	772
snapshot_11_17_2015_12_0.json	1447779600.0	82.31	1100	750
snapshot_11_17_2015_18_0.json	1447801200.0	82.31	1100	740
snapshot_11_17_2015_6_0.json	1447758000.0	82.31	1100	759
snapshot_11_17_2015_6_0.json	1447758000.0	82.31	1100	759
snapshot_11_18_2015_0_0.json	1447822800.0	82.35	1100	739
snapshot_11_18_2015_12_0.json	1447866000.0	80.89	1100	709
snapshot_11_18_2015_18_0.json	1447887600.0	78.67	1100	697
snapshot_11_18_2015_6_0.json	1447844400.0	80.89	1100	713
snapshot_11_19_2015_0_0.json	1447909200.0	78.67	1100	769
snapshot_11_20_2015_0_0.json	1447995600.0	73.75	1100	806
snapshot_11_20_2015_12_0.json	1448038800.0	79.9	1100	803
snapshot_11_21_2015_12_0.json	1448125200.0	78.55	1100	774
snapshot_11_21_2015_18_0.json	1448146800.0	80	1100	732
snapshot_11_22_2015_0_0.json	1448168400.0	84.69	1100	686
snapshot_11_22_2015_12_0.json	1448211600.0	66.85	1100	628
snapshot_11_22_2015_18_0.json	1448233200.0	72.7	1100	603
snapshot_11_22_2015_6_0.json	1448190000.0	66.85	1100	622
snapshot_11_22_2015_6_0.json	1448190000.0	66.85	1100	622
snapshot_11_23_2015_0_0.json	1448254800.0	84.4	1100	577
snapshot_11_23_2015_18_0.json	1448319600.0	83.82	1100	511
snapshot_11_23_2015_6_0.json	1448276400.0	84.4	1100	560
snapshot_11_23_2015_6_0.json	1448276400.0	84.4	1100	560
snapshot_11_24_2015_0_0.json	1448341200.0	82.06	1500	565
snapshot_11_24_2015_12_0.json	1448384400.0	71.53	1500	538
snapshot_11_24_2015_18_0.json	1448406000.0	78.55	1500	537
snapshot_11_24_2015_6_0.json	1448362800.0	55.15	1500	536
snapshot_11_25_2015_0_0.json	1448427600.0	78.55	1500	496
snapshot_11_25_2015_12_0.json	1448470800.0	78.55	1500	482
snapshot_11_25_2015_18_0.json	1448492400.0	61	1500	428
snapshot_11_25_2015_6_0.json	1448449200.0	78.55	1500	494
snapshot_11_26_2015_0_0.json	1448514000.0	72.7	1500	385
snapshot_11_27_2015_18_0.json	1448665200.0	66.85	550	268
snapshot_11_28_2015_0_0.json	1448686800.0	84.26	550	135
snapshot_11_28_2015_12_0.json	1448730000.0	78.55	550	84
snapshot_11_28_2015_18_0.json	1448751600.0	0	0	0
snapshot_11_28_2015_6_0.json	1448708400.0	78.55	550	94
snapshot_11_29_2015_0_0.json	1448773200.0	0	0	0
snapshot_11_29_2015_12_0.json	1448816400.0	0	0	0
snapshot_11_29_2015_18_0.json	1448838000.0	0	0	0
snapshot_11_29_2015_6_0.json	1448794800.0	0	0	0
snapshot_11_30_2015_0_0.json	1448859600.0	0	0	0
snapshot_11_30_2015_12_0.json	1448902800.0	0	0	0
snapshot_11_30_2015_6_0.json	1448881200.0	0	0	0
snapshot_12_3_2015_0_0.json	1449118800.0	0	0	0
snapshot_12_3_2015_12_0.json	1449162000.0	0	0	0
snapshot_12_4_2015_0_0.json	1449205200.0	0	0	0
snapshot_12_4_2015_12_0.json	1449248400.0	0	0	0
snapshot_12_4_2015_6_0.json	1449226800.0	0	0	0
9233102	2015-11-28T18:00:00Z	Virginia Cavaliers	Scott Stadium	Virginia Richmond|4425	22903
snapshot_11_16_2015_0_0.json	1447650000.0	78.5	1100	755
snapshot_11_16_2015_0_0.json	1447650000.0	78.5	1100	755
snapshot_11_17_2015_0_0.json	1447736400.0	78.5	1100	772
snapshot_11_17_2015_12_0.json	1447779600.0	82.31	1100	750
snapshot_11_17_2015_18_0.json	1447801200.0	82.31	1100	740
snapshot_11_17_2015_6_0.json	1447758000.0	82.31	1100	759
snapshot_11_17_2015_6_0.json	1447758000.0	82.31	1100	759
snapshot_11_18_2015_0_0.json	1447822800.0	82.35	1100	739
snapshot_11_18_2015_12_0.json	1447866000.0	80.89	1100	709
snapshot_11_18_2015_18_0.json	1447887600.0	78.67	1100	697
snapshot_11_18_2015_6_0.json	1447844400.0	80.89	1100	713
snapshot_11_19_2015_0_0.json	1447909200.0	78.67	1100	769
snapshot_11_20_2015_0_0.json	1447995600.0	73.75	1100	806
snapshot_11_20_2015_12_0.json	1448038800.0	79.9	1100	803
snapshot_11_21_2015_12_0.json	1448125200.0	78.55	1100	774
snapshot_11_21_2015_18_0.json	1448146800.0	80	1100	732
snapshot_11_22_2015_0_0.json	1448168400.0	84.69	1100	686
snapshot_11_22_2015_12_0.json	1448211600.0	66.85	1100	628
snapshot_11_22_2015_18_0.json	1448233200.0	72.7	1100	603
snapshot_11_22_2015_6_0.json	1448190000.0	66.85	1100	622
snapshot_11_22_2015_6_0.json	1448190000.0	66.85	1100	622
snapshot_11_23_2015_0_0.json	1448254800.0	84.4	1100	577
snapshot_11_23_2015_18_0.json	1448319600.0	83.82	1100	511
snapshot_11_23_2015_6_0.json	1448276400.0	84.4	1100	560
snapshot_11_23_2015_6_0.json	1448276400.0	84.4	1100	560
snapshot_11_24_2015_0_0.json	1448341200.0	82.06	1500	565
snapshot_11_24_2015_12_0.json	1448384400.0	71.53	1500	538
snapshot_11_24_2015_18_0.json	1448406000.0	78.55	1500	537
snapshot_11_24_2015_6_0.json	1448362800.0	55.15	1500	536
snapshot_11_25_2015_0_0.json	1448427600.0	78.55	1500	496
snapshot_11_25_2015_12_0.json	1448470800.0	78.55	1500	482
snapshot_11_25_2015_18_0.json	1448492400.0	61	1500	428
snapshot_11_25_2015_6_0.json	1448449200.0	78.55	1500	494
snapshot_11_26_2015_0_0.json	1448514000.0	72.7	1500	385
snapshot_11_27_2015_18_0.json	1448665200.0	66.85	550	268
snapshot_11_28_2015_0_0.json	1448686800.0	84.26	550	135
snapshot_11_28_2015_12_0.json	1448730000.0	78.55	550	84
snapshot_11_28_2015_18_0.json	1448751600.0	0	0	0
snapshot_11_28_2015_6_0.json	1448708400.0	78.55	550	94
snapshot_11_29_2015_0_0.json	1448773200.0	0	0	0
snapshot_11_29_2015_12_0.json	1448816400.0	0	0	0
snapshot_11_29_2015_18_0.json	1448838000.0	0	0	0
snapshot_11_29_2015_6_0.json	1448794800.0	0	0	0
snapshot_11_30_2015_0_0.json	1448859600.0	0	0	0
snapshot_11_30_2015_12_0.json	1448902800.0	0	0	0
snapshot_11_30_2015_6_0.json	1448881200.0	0	0	0
snapshot_12_3_2015_0_0.json	1449118800.0	0	0	0
snapshot_12_3_2015_12_0.json	1449162000.0	0	0	0
snapshot_12_4_2015_0_0.json	1449205200.0	0	0	0
snapshot_12_4_2015_12_0.json	1449248400.0	0	0	0
snapshot_12_4_2015_6_0.json	1449226800.0	0	0	0
9233102	2015-11-28T18:00:00Z	Virginia Cavaliers	Scott Stadium	Virginia Richmond|4425	22903
snapshot_11_16_2015_0_0.json	1447650000.0	78.5	1100	755
snapshot_11_16_2015_0_0.json	1447650000.0	78.5	1100	755
snapshot_11_17_2015_0_0.json	1447736400.0	78.5	1100	772
snapshot_11_17_2015_12_0.json	1447779600.0	82.31	1100	750
snapshot_11_17_2015_18_0.json	1447801200.0	82.31	1100	740
snapshot_11_17_2015_6_0.json	1447758000.0	82.31	1100	759
snapshot_11_17_2015_6_0.json	1447758000.0	82.31	1100	759
snapshot_11_18_2015_0_0.json	1447822800.0	82.35	1100	739
snapshot_11_18_2015_12_0.json	1447866000.0	80.89	1100	709
snapshot_11_18_2015_18_0.json	1447887600.0	78.67	1100	697
snapshot_11_18_2015_6_0.json	1447844400.0	80.89	1100	713
snapshot_11_19_2015_0_0.json	1447909200.0	78.67	1100	769
snapshot_11_20_2015_0_0.json	1447995600.0	73.75	1100	806
snapshot_11_20_2015_12_0.json	1448038800.0	79.9	1100	803
snapshot_11_21_2015_12_0.json	1448125200.0	78.55	1100	774
snapshot_11_21_2015_18_0.json	1448146800.0	80	1100	732
snapshot_11_22_2015_0_0.json	1448168400.0	84.69	1100	686
snapshot_11_22_2015_12_0.json	1448211600.0	66.85	1100	628
snapshot_11_22_2015_18_0.json	1448233200.0	72.7	1100	603
snapshot_11_22_2015_6_0.json	1448190000.0	66.85	1100	622
snapshot_11_22_2015_6_0.json	1448190000.0	66.85	1100	622
snapshot_11_23_2015_0_0.json	1448254800.0	84.4	1100	577
snapshot_11_23_2015_18_0.json	1448319600.0	83.82	1100	511
snapshot_11_23_2015_6_0.json	1448276400.0	84.4	1100	560
snapshot_11_23_2015_6_0.json	1448276400.0	84.4	1100	560
snapshot_11_24_2015_0_0.json	1448341200.0	82.06	1500	565
snapshot_11_24_2015_12_0.json	1448384400.0	71.53	1500	538
snapshot_11_24_2015_18_0.json	1448406000.0	78.55	1500	537
snapshot_11_24_2015_6_0.json	1448362800.0	55.15	1500	536
snapshot_11_25_2015_0_0.json	1448427600.0	78.55	1500	496
snapshot_11_25_2015_12_0.json	1448470800.0	78.55	1500	482
snapshot_11_25_2015_18_0.json	1448492400.0	61	1500	428
snapshot_11_25_2015_6_0.json	1448449200.0	78.55	1500	494
snapshot_11_26_2015_0_0.json	1448514000.0	72.7	1500	385
snapshot_11_27_2015_18_0.json	1448665200.0	66.85	550	268
snapshot_11_28_2015_0_0.json	1448686800.0	84.26	550	135
snapshot_11_28_2015_12_0.json	1448730000.0	78.55	550	84
snapshot_11_28_2015_18_0.json	1448751600.0	0	0	0
snapshot_11_28_2015_6_0.json	1448708400.0	78.55	550	94
snapshot_11_29_2015_0_0.json	1448773200.0	0	0	0
snapshot_11_29_2015_12_0.json	1448816400.0	0	0	0
snapshot_11_29_2015_18_0.json	1448838000.0	0	0	0
snapshot_11_29_2015_6_0.json	1448794800.0	0	0	0
snapshot_11_30_2015_0_0.json	1448859600.0	0	0	0
snapshot_11_30_2015_12_0.json	1448902800.0	0	0	0
snapshot_11_30_2015_6_0.json	1448881200.0	0	0	0
snapshot_12_3_2015_0_0.json	1449118800.0	0	0	0
snapshot_12_3_2015_12_0.json	1449162000.0	0	0	0
snapshot_12_4_2015_0_0.json	1449205200.0	0	0	0
snapshot_12_4_2015_12_0.json	1449248400.0	0	0	0
snapshot_12_4_2015_6_0.json	1449226800.0	0	0	0
