9233009	2015-12-06T20:00:00Z	Beautiful the Carol King Musical	Oriental Theater Chicago at Ford Center for Performing Arts	Illinois Chicago|666	60601
snapshot_11_16_2015_0_0.json	1447650000.0	200.64	390.8	26
snapshot_11_17_2015_0_0.json	1447736400.0	200.64	390.8	26
snapshot_11_17_2015_0_0.json	1447736400.0	200.64	390.8	26
snapshot_11_17_2015_12_0.json	1447779600.0	200.64	390.8	26
snapshot_11_17_2015_18_0.json	1447801200.0	200.64	390.8	26
snapshot_11_18_2015_0_0.json	1447822800.0	200.64	390.8	26
snapshot_11_18_2015_0_0.json	1447822800.0	200.64	390.8	26
snapshot_11_18_2015_12_0.json	1447866000.0	200.64	390.8	26
snapshot_11_18_2015_12_0.json	1447866000.0	200.64	390.8	26
snapshot_11_18_2015_18_0.json	1447887600.0	200.64	390.8	26
snapshot_11_18_2015_6_0.json	1447844400.0	200.64	390.8	26
snapshot_11_18_2015_6_0.json	1447844400.0	200.64	390.8	26
snapshot_11_19_2015_0_0.json	1447909200.0	196.24	390.8	30
snapshot_11_19_2015_12_0.json	1447952400.0	196.24	390.8	30
snapshot_11_19_2015_12_0.json	1447952400.0	196.24	390.8	30
snapshot_11_19_2015_6_0.json	1447930800.0	196.24	390.8	30
snapshot_11_20_2015_0_0.json	1447995600.0	193.49	390.8	30
snapshot_11_20_2015_12_0.json	1448038800.0	200.64	390.8	24
snapshot_11_20_2015_12_0.json	1448038800.0	200.64	390.8	24
snapshot_11_21_2015_12_0.json	1448125200.0	200.64	390.8	24
snapshot_11_22_2015_0_0.json	1448168400.0	200.64	321.54	24
snapshot_11_22_2015_12_0.json	1448211600.0	200.64	321.54	24
snapshot_11_22_2015_18_0.json	1448233200.0	200.64	321.54	24
snapshot_11_22_2015_18_0.json	1448233200.0	200.64	321.54	24
snapshot_11_22_2015_6_0.json	1448190000.0	200.64	321.54	24
snapshot_11_22_2015_6_0.json	1448190000.0	200.64	321.54	24
snapshot_11_23_2015_0_0.json	1448254800.0	200.64	321.54	24
snapshot_11_23_2015_12_0.json	1448298000.0	200.64	321.54	24
snapshot_11_23_2015_12_0.json	1448298000.0	200.64	321.54	24
snapshot_11_23_2015_18_0.json	1448319600.0	200.64	294	24
snapshot_11_23_2015_6_0.json	1448276400.0	200.64	321.54	24
snapshot_11_24_2015_0_0.json	1448341200.0	200.64	294	24
snapshot_11_24_2015_0_0.json	1448341200.0	200.64	294	24
snapshot_11_24_2015_0_0.json	1448341200.0	200.64	294	24
snapshot_11_24_2015_12_0.json	1448384400.0	200.64	294	24
snapshot_11_24_2015_18_0.json	1448406000.0	200.64	294	24
snapshot_11_24_2015_6_0.json	1448362800.0	200.64	294	24
snapshot_11_24_2015_6_0.json	1448362800.0	200.64	294	24
snapshot_11_25_2015_12_0.json	1448470800.0	180.75	294	22
snapshot_11_25_2015_18_0.json	1448492400.0	180.75	294	22
snapshot_11_25_2015_6_0.json	1448449200.0	180.75	294	22
snapshot_11_25_2015_6_0.json	1448449200.0	180.75	294	22
snapshot_11_26_2015_0_0.json	1448514000.0	180.75	294	22
snapshot_11_27_2015_18_0.json	1448665200.0	122.25	294	32
snapshot_11_27_2015_18_0.json	1448665200.0	122.25	294	32
snapshot_11_28_2015_0_0.json	1448686800.0	122.25	294	32
snapshot_11_28_2015_12_0.json	1448730000.0	122.25	294	32
snapshot_11_28_2015_18_0.json	1448751600.0	167.88	294	29
snapshot_11_28_2015_18_0.json	1448751600.0	167.88	294	29
snapshot_11_28_2015_6_0.json	1448708400.0	122.25	294	32
snapshot_11_28_2015_6_0.json	1448708400.0	122.25	294	32
snapshot_11_29_2015_18_0.json	1448838000.0	167.88	294	31
snapshot_11_29_2015_6_0.json	1448794800.0	167.88	294	31
snapshot_11_29_2015_6_0.json	1448794800.0	167.88	294	31
snapshot_11_30_2015_0_0.json	1448859600.0	167.88	294	31
snapshot_11_30_2015_0_0.json	1448859600.0	167.88	294	31
snapshot_11_30_2015_18_0.json	1448924400.0	167.88	294	37
snapshot_12_1_2015_18_0.json	1449010800.0	155.01	294	35
snapshot_12_1_2015_6_0.json	1448967600.0	155.01	294	37
snapshot_12_2_2015_12_0.json	1449075600.0	155.01	196	33
snapshot_12_2_2015_18_0.json	1449097200.0	155.01	196	33
snapshot_12_2_2015_6_0.json	1449054000.0	155.01	196	33
snapshot_12_3_2015_0_0.json	1449118800.0	200.23	207.77	19
snapshot_12_3_2015_18_0.json	1449183600.0	183.85	232.5	15
snapshot_12_3_2015_6_0.json	1449140400.0	183.85	207.77	15
snapshot_12_3_2015_6_0.json	1449140400.0	183.85	207.77	15
snapshot_12_4_2015_12_0.json	1449248400.0	165.13	207.77	26
snapshot_12_4_2015_18_0.json	1449270000.0	160.45	222.61	26
snapshot_12_4_2015_6_0.json	1449226800.0	165.13	207.77	26
snapshot_12_5_2015_0_0.json	1449291600.0	165.13	327	16
snapshot_12_5_2015_12_0.json	1449334800.0	165.13	327	14
snapshot_12_5_2015_18_0.json	1449356400.0	165.13	273	14
snapshot_12_5_2015_6_0.json	1449313200.0	165.13	327	14
9233009	2015-12-06T20:00:00Z	Beautiful the Carol King Musical	Oriental Theater Chicago at Ford Center for Performing Arts	Illinois Chicago|666	60601
snapshot_11_16_2015_0_0.json	1447650000.0	200.64	390.8	26
snapshot_11_17_2015_0_0.json	1447736400.0	200.64	390.8	26
snapshot_11_17_2015_0_0.json	1447736400.0	200.64	390.8	26
snapshot_11_17_2015_12_0.json	1447779600.0	200.64	390.8	26
snapshot_11_17_2015_18_0.json	1447801200.0	200.64	390.8	26
snapshot_11_18_2015_0_0.json	1447822800.0	200.64	390.8	26
snapshot_11_18_2015_0_0.json	1447822800.0	200.64	390.8	26
snapshot_11_18_2015_12_0.json	1447866000.0	200.64	390.8	26
snapshot_11_18_2015_12_0.json	1447866000.0	200.64	390.8	26
snapshot_11_18_2015_18_0.json	1447887600.0	200.64	390.8	26
snapshot_11_18_2015_6_0.json	1447844400.0	200.64	390.8	26
snapshot_11_18_2015_6_0.json	1447844400.0	200.64	390.8	26
snapshot_11_19_2015_0_0.json	1447909200.0	196.24	390.8	30
snapshot_11_19_2015_12_0.json	1447952400.0	196.24	390.8	30
snapshot_11_19_2015_12_0.json	1447952400.0	196.24	390.8	30
snapshot_11_19_2015_6_0.json	1447930800.0	196.24	390.8	30
snapshot_11_20_2015_0_0.json	1447995600.0	193.49	390.8	30
snapshot_11_20_2015_12_0.json	1448038800.0	200.64	390.8	24
snapshot_11_20_2015_12_0.json	1448038800.0	200.64	390.8	24
snapshot_11_21_2015_12_0.json	1448125200.0	200.64	390.8	24
snapshot_11_22_2015_0_0.json	1448168400.0	200.64	321.54	24
snapshot_11_22_2015_12_0.json	1448211600.0	200.64	321.54	24
snapshot_11_22_2015_18_0.json	1448233200.0	200.64	321.54	24
snapshot_11_22_2015_18_0.json	1448233200.0	200.64	321.54	24
snapshot_11_22_2015_6_0.json	1448190000.0	200.64	321.54	24
snapshot_11_22_2015_6_0.json	1448190000.0	200.64	321.54	24
snapshot_11_23_2015_0_0.json	1448254800.0	200.64	321.54	24
snapshot_11_23_2015_12_0.json	1448298000.0	200.64	321.54	24
snapshot_11_23_2015_12_0.json	1448298000.0	200.64	321.54	24
snapshot_11_23_2015_18_0.json	1448319600.0	200.64	294	24
snapshot_11_23_2015_6_0.json	1448276400.0	200.64	321.54	24
snapshot_11_24_2015_0_0.json	1448341200.0	200.64	294	24
snapshot_11_24_2015_0_0.json	1448341200.0	200.64	294	24
snapshot_11_24_2015_0_0.json	1448341200.0	200.64	294	24
snapshot_11_24_2015_12_0.json	1448384400.0	200.64	294	24
snapshot_11_24_2015_18_0.json	1448406000.0	200.64	294	24
snapshot_11_24_2015_6_0.json	1448362800.0	200.64	294	24
snapshot_11_24_2015_6_0.json	1448362800.0	200.64	294	24
snapshot_11_25_2015_12_0.json	1448470800.0	180.75	294	22
snapshot_11_25_2015_18_0.json	1448492400.0	180.75	294	22
snapshot_11_25_2015_6_0.json	1448449200.0	180.75	294	22
snapshot_11_25_2015_6_0.json	1448449200.0	180.75	294	22
snapshot_11_26_2015_0_0.json	1448514000.0	180.75	294	22
snapshot_11_27_2015_18_0.json	1448665200.0	122.25	294	32
snapshot_11_27_2015_18_0.json	1448665200.0	122.25	294	32
snapshot_11_28_2015_0_0.json	1448686800.0	122.25	294	32
snapshot_11_28_2015_12_0.json	1448730000.0	122.25	294	32
snapshot_11_28_2015_18_0.json	1448751600.0	167.88	294	29
snapshot_11_28_2015_18_0.json	1448751600.0	167.88	294	29
snapshot_11_28_2015_6_0.json	1448708400.0	122.25	294	32
snapshot_11_28_2015_6_0.json	1448708400.0	122.25	294	32
snapshot_11_29_2015_18_0.json	1448838000.0	167.88	294	31
snapshot_11_29_2015_6_0.json	1448794800.0	167.88	294	31
snapshot_11_29_2015_6_0.json	1448794800.0	167.88	294	31
snapshot_11_30_2015_0_0.json	1448859600.0	167.88	294	31
snapshot_11_30_2015_0_0.json	1448859600.0	167.88	294	31
snapshot_11_30_2015_18_0.json	1448924400.0	167.88	294	37
snapshot_12_1_2015_18_0.json	1449010800.0	155.01	294	35
snapshot_12_1_2015_6_0.json	1448967600.0	155.01	294	37
snapshot_12_2_2015_12_0.json	1449075600.0	155.01	196	33
snapshot_12_2_2015_18_0.json	1449097200.0	155.01	196	33
snapshot_12_2_2015_6_0.json	1449054000.0	155.01	19233009	2015-12-06T20:00:00Z	Beautiful the Carol King Musical	Oriental Theater Chicago at Ford Center for Performing Arts	Illinois Chicago|666	60601
snapshot_11_16_2015_0_0.json	1447650000.0	200.64	390.8	26
snapshot_11_17_2015_0_0.json	1447736400.0	200.64	390.8	26
snapshot_11_17_2015_0_0.json	1447736400.0	200.64	390.8	26
snapshot_11_17_2015_12_0.json	1447779600.0	200.64	390.8	26
snapshot_11_17_2015_18_0.json	1447801200.0	200.64	390.8	26
snapshot_11_18_2015_0_0.json	1447822800.0	200.64	390.8	26
snapshot_11_18_2015_0_0.json	1447822800.0	200.64	390.8	26
snapshot_11_18_2015_12_0.json	1447866000.0	200.64	390.8	26
snapshot_11_18_2015_12_0.json	1447866000.0	200.64	390.8	26
snapshot_11_18_2015_18_0.json	1447887600.0	200.64	390.8	26
snapshot_11_18_2015_6_0.json	1447844400.0	200.64	390.8	26
snapshot_11_18_2015_6_0.json	1447844400.0	200.64	390.8	26
snapshot_11_19_2015_0_0.json	1447909200.0	196.24	390.8	30
snapshot_11_19_2015_12_0.json	1447952400.0	196.24	390.8	30
snapshot_11_19_2015_12_0.json	1447952400.0	196.24	390.8	30
snapshot_11_19_2015_6_0.json	1447930800.0	196.24	390.8	30
snapshot_11_20_2015_0_0.json	1447995600.0	193.49	390.8	30
snapshot_11_20_2015_12_0.json	1448038800.0	200.64	390.8	24
snapshot_11_20_2015_12_0.json	1448038800.0	200.64	390.8	24
snapshot_11_21_2015_12_0.json	1448125200.0	200.64	390.8	24
snapshot_11_22_2015_0_0.json	1448168400.0	200.64	321.54	24
snapshot_11_22_2015_12_0.json	1448211600.0	200.64	321.54	24
snapshot_11_22_2015_18_0.json	1448233200.0	200.64	321.54	24
snapshot_11_22_2015_18_0.json	1448233200.0	200.64	321.54	24
snapshot_11_22_2015_6_0.json	1448190000.0	200.64	321.54	24
snapshot_11_22_2015_6_0.json	1448190000.0	200.64	321.54	24
snapshot_11_23_2015_0_0.json	1448254800.0	200.64	321.54	24
snapshot_11_23_2015_12_0.json	1448298000.0	200.64	321.54	24
snapshot_11_23_2015_12_0.json	1448298000.0	200.64	321.54	24
snapshot_11_23_2015_18_0.json	1448319600.0	200.64	294	24
snapshot_11_23_2015_6_0.json	1448276400.0	200.64	321.54	24
snapshot_11_24_2015_0_0.json	1448341200.0	200.64	294	24
snapshot_11_24_2015_0_0.json	1448341200.0	200.64	294	24
snapshot_11_24_2015_0_0.json	1448341200.0	200.64	294	24
snapshot_11_24_2015_12_0.json	1448384400.0	200.64	294	24
snapshot_11_24_2015_18_0.json	1448406000.0	200.64	294	24
snapshot_11_24_2015_6_0.json	1448362800.0	200.64	294	24
snapshot_11_24_2015_6_0.json	1448362800.0	200.64	294	24
snapshot_11_25_2015_12_0.json	1448470800.0	180.75	294	22
snapshot_11_25_2015_18_0.json	1448492400.0	180.75	294	22
snapshot_11_25_2015_6_0.json	1448449200.0	180.75	294	22
snapshot_11_25_2015_6_0.json	1448449200.0	180.75	294	22
snapshot_11_26_2015_0_0.json	1448514000.0	180.75	294	22
snapshot_11_27_2015_18_0.json	1448665200.0	122.25	294	32
snapshot_11_27_2015_18_0.json	1448665200.0	122.25	294	32
snapshot_11_28_2015_0_0.json	1448686800.0	122.25	294	32
snapshot_11_28_2015_12_0.json	1448730000.0	122.25	294	32
snapshot_11_28_2015_18_0.json	1448751600.0	167.88	294	29
snapshot_11_28_2015_18_0.json	1448751600.0	167.88	294	29
snapshot_11_28_2015_6_0.json	1448708400.0	122.25	294	32
snapshot_11_28_2015_6_0.json	1448708400.0	122.25	294	32
snapshot_11_29_2015_18_0.json	1448838000.0	167.88	294	31
snapshot_11_29_2015_6_0.json	1448794800.0	167.88	294	31
snapshot_11_29_2015_6_0.json	1448794800.0	167.88	294	31
snapshot_11_30_2015_0_0.json	1448859600.0	167.88	294	31
snapshot_11_30_2015_0_0.json	1448859600.0	167.88	294	31
snapshot_11_30_2015_18_0.json	1448924400.0	167.88	294	37
snapshot_12_1_2015_18_0.json	1449010800.0	155.01	294	35
snapshot_12_1_2015_6_0.json	1448967600.0	155.01	294	37
snapshot_12_2_2015_12_0.json	1449075600.0	155.01	196	33
snapshot_12_2_2015_18_0.json	1449097200.0	155.01	196	33
snapshot_12_2_2015_6_0.json	1449054000.0	155.01	196	33
snapshot_12_3_2015_0_0.json	1449118800.0	200.23	207.77	19
snapshot_12_3_2015_18_0.json	1449183600.0	183.85	232.5	15
snapshot_12_3_2015_6_0.json	1449140400.0	183.85	207.77	15
snapshot_12_3_2015_6_0.json	1449140400.0	183.85	207.77	15
snapshot_12_4_2015_12_0.json	1449248400.0	165.13	207.77	26
snapshot_12_4_2015_18_0.json	1449270000.0	160.45	222.61	26
snapshot_12_4_2015_6_0.json	1449226800.0	165.13	207.77	26
snapshot_12_5_2015_0_0.json	1449291600.0	165.13	327	16
snapshot_12_5_2015_12_0.json	1449334800.0	165.13	327	14
snapshot_12_5_2015_18_0.json	1449356400.0	165.13	273	14
snapshot_12_5_2015_6_0.json	1449313200.0	165.13	327	14
9233009	2015-12-06T20:00:00Z	Beautiful the Carol King Musical	Oriental Theater Chicago at Ford Center for Performing Arts	Illinois Chicago|666	60601
snapshot_11_16_2015_0_0.json	1447650000.0	200.64	390.8	26
snapshot_11_17_2015_0_0.json	1447736400.0	200.64	390.8	26
snapshot_11_17_2015_0_0.json	1447736400.0	200.64	390.8	26
snapshot_11_17_2015_12_0.json	1447779600.0	200.64	390.8	26
snapshot_11_17_2015_18_0.json	1447801200.0	200.64	390.8	26
snapshot_11_18_2015_0_0.json	1447822800.0	200.64	390.8	26
snapshot_11_18_2015_0_0.json	1447822800.0	200.64	390.8	26
snapshot_11_18_2015_12_0.json	1447866000.0	200.64	390.8	26
snapshot_11_18_2015_12_0.json	1447866000.0	200.64	390.8	26
snapshot_11_18_2015_18_0.json	1447887600.0	200.64	390.8	26
snapshot_11_18_2015_6_0.json	1447844400.0	200.64	390.8	26
snapshot_11_18_2015_6_0.json	1447844400.0	200.64	390.8	26
snapshot_11_19_2015_0_0.json	1447909200.0	196.24	390.8	30
snapshot_11_19_2015_12_0.json	1447952400.0	196.24	390.8	30
snapshot_11_19_2015_12_0.json	1447952400.0	196.24	390.8	30
snapshot_11_19_2015_6_0.json	1447930800.0	196.24	390.8	30
snapshot_11_20_2015_0_0.json	1447995600.0	193.49	390.8	30
snapshot_11_20_2015_12_0.json	1448038800.0	200.64	390.8	24
snapshot_11_20_2015_12_0.json	1448038800.0	200.64	390.8	24
snapshot_11_21_2015_12_0.json	1448125200.0	200.64	390.8	24
snapshot_11_22_2015_0_0.json	1448168400.0	200.64	321.54	24
snapshot_11_22_2015_12_0.json	1448211600.0	200.64	321.54	24
snapshot_11_22_2015_18_0.json	1448233200.0	200.64	321.54	24
snapshot_11_22_2015_18_0.json	1448233200.0	200.64	321.54	24
snapshot_11_22_2015_6_0.json	1448190000.0	200.64	321.54	24
snapshot_11_22_2015_6_0.json	1448190000.0	200.64	321.54	24
snapshot_11_23_2015_0_0.json	1448254800.0	200.64	321.54	24
snapshot_11_23_2015_12_0.json	1448298000.0	200.64	321.54	24
snapshot_11_23_2015_12_0.json	1448298000.0	200.64	321.54	24
snapshot_11_23_2015_18_0.json	1448319600.0	200.64	294	24
snapshot_11_23_2015_6_0.json	1448276400.0	200.64	321.54	24
snapshot_11_24_2015_0_0.json	1448341200.0	200.64	294	24
snapshot_11_24_2015_0_0.json	1448341200.0	200.64	294	24
snapshot_11_24_2015_0_0.json	1448341200.0	200.64	294	24
snapshot_11_24_2015_12_0.json	1448384400.0	200.64	294	24
snapshot_11_24_2015_18_0.json	1448406000.0	200.64	294	24
snapshot_11_24_2015_6_0.json	1448362800.0	200.64	294	24
snapshot_11_24_2015_6_0.json	1448362800.0	200.64	294	24
snapshot_11_25_2015_12_0.json	1448470800.0	180.75	294	22
snapshot_11_25_2015_18_0.json	1448492400.0	180.75	294	22
snapshot_11_25_2015_6_0.json	1448449200.0	180.75	294	22
snapshot_11_25_2015_6_0.json	1448449200.0	180.75	294	22
snapshot_11_26_2015_0_0.json	1448514000.0	180.75	294	22
snapshot_11_27_2015_18_0.json	1448665200.0	122.25	294	32
snapshot_11_27_2015_18_0.json	1448665200.0	122.25	294	32
snapshot_11_28_2015_0_0.json	1448686800.0	122.25	294	32
snapshot_11_28_2015_12_0.json	1448730000.0	122.25	294	32
snapshot_11_28_2015_18_0.json	1448751600.0	167.88	294	29
snapshot_11_28_2015_18_0.json	1448751600.0	167.88	294	29
snapshot_11_28_2015_6_0.json	1448708400.0	122.25	294	32
snapshot_11_28_2015_6_0.json	1448708400.0	122.25	294	32
snapshot_11_29_2015_18_0.json	1448838000.0	167.88	294	31
snapshot_11_29_2015_6_0.json	1448794800.0	167.88	294	31
snapshot_11_29_2015_6_0.json	1448794800.0	167.88	294	31
snapshot_11_30_2015_0_0.json	1448859600.0	167.88	294	31
snapshot_11_30_2015_0_0.json	1448859600.0	167.88	294	31
snapshot_11_30_2015_18_0.json	1448924400.0	167.88	294	37
snapshot_12_1_2015_18_0.json	1449010800.0	155.01	294	35
snapshot_12_1_2015_6_0.json	1448967600.0	155.01	294	37
snapshot_12_2_2015_12_0.json	1449075600.0	155.01	196	33
snapshot_12_2_2015_18_0.json	1449097200.0	155.01	196	33
snapshot_12_2_2015_6_0.json	1449054000.0	155.01	1
