9235771	2015-11-20T04:00:00Z	Once	Queen Elizabeth Theatre Vancouver	British Columbia Vancouver|5871	V6B 2P1
snapshot_11_17_2015_0_0.json	1447736400.0	146.41	197	40
snapshot_11_17_2015_18_0.json	1447801200.0	146.41	197	40
snapshot_11_18_2015_0_0.json	1447822800.0	146.41	197	40
snapshot_11_18_2015_0_0.json	1447822800.0	146.41	197	40
snapshot_11_18_2015_12_0.json	1447866000.0	146.41	197	40
snapshot_11_18_2015_18_0.json	1447887600.0	0	0	0
snapshot_11_18_2015_6_0.json	1447844400.0	146.41	197	40
snapshot_11_19_2015_18_0.json	1447974000.0	0	0	0
snapshot_11_19_2015_6_0.json	1447930800.0	0	0	0
snapshot_11_20_2015_0_0.json	1447995600.0	0	0	0
snapshot_11_21_2015_12_0.json	1448125200.0	0	0	0
snapshot_11_21_2015_12_0.json	1448125200.0	0	0	0
snapshot_12_3_2015_18_0.json	1449183600.0	0	0	0
snapshot_12_4_2015_0_0.json	1449205200.0	0	0	0
snapshot_12_4_2015_12_0.json	1449248400.0	0	0	0
snapshot_12_4_2015_6_0.json	1449226800.0	0	0	0
9235771	2015-11-20T04:00:00Z	Once	Queen Elizabeth Theatre Vancouver	British Columbia Vancouver|5871	V6B 2P1
snapshot_11_17_2015_0_0.json	1447736400.0	146.41	197	40
snapshot_11_17_2015_18_0.json	1447801200.0	146.41	197	40
snapshot_11_18_2015_0_0.json	1447822800.0	146.41	197	40
snapshot_11_18_2015_0_0.json	1447822800.0	146.41	197	40
snapshot_11_18_2015_12_0.json	1447866000.0	146.41	197	40
snapshot_11_18_2015_18_0.json	1447887600.0	0	0	0
snapshot_11_18_2015_6_0.json	1447844400.0	146.41	197	40
snapshot_11_19_2015_18_0.json	1447974000.0	0	0	0
snapshot_11_19_2015_6_0.json	1447930800.0	0	0	0
snapshot_11_20_2015_0_0.json	1447995600.0	0	0	0
snapshot_11_21_2015_12_0.json	1448125200.0	0	0	0
snapshot_11_21_2015_12_0.json	1448125200.0	0	0	0
snapshot_12_3_2015_18_0.json	1449183600.0	0	0	0
snapshot_12_4_2015_0_0.json	1449205200.0	0	0	0
snapshot_12_4_2015_12_0.json	1449248400.0	0	0	0
snapshot_12_4_2015_6_0.json	1449226800.0	0	0	0
9235771	2015-11-20T04:00:00Z	Once	Queen Elizabeth Theatre Vancouver	British Columbia Vancouver|5871	V6B 2P1
snapshot_11_17_2015_0_0.json	1447736400.0	146.41	197	40
snapshot_11_17_2015_18_0.json	1447801200.0	146.41	197	40
snapshot_11_18_2015_0_0.json	1447822800.0	146.41	197	40
snapshot_11_18_2015_0_0.json	1447822800.0	146.41	197	40
snapshot_11_18_2015_12_0.json	1447866000.0	146.41	197	40
snapshot_11_18_2015_18_0.json	1447887600.0	0	0	0
snapshot_11_18_2015_6_0.json	1447844400.0	146.41	197	40
snapshot_11_19_2015_18_0.json	1447974000.0	0	0	0
snapshot_11_19_2015_6_0.json	1447930800.0	0	0	0
snapshot_11_20_2015_0_0.json	1447995600.0	0	0	0
snapshot_11_21_2015_12_0.json	1448125200.0	0	0	0
snapshot_11_21_2015_12_0.json	1448125200.0	0	0	0
snapshot_12_3_2015_18_0.json	1449183600.0	0	0	0
snapshot_12_4_2015_0_0.json	1449205200.0	0	0	0
snapshot_12_4_2015_12_0.json	1449248400.0	0	0	0
snapshot_12_4_2015_6_0.json	1449226800.0	0	0	0
9235771	2015-11-20T04:00:00Z	Once	Queen Elizabeth Theatre Vancouver	British Columbia Vancouver|5871	V6B 2P1
snapshot_11_17_2015_0_0.json	1447736400.0	146.41	197	40
snapshot_11_17_2015_18_0.json	1447801200.0	146.41	197	40
snapshot_11_18_2015_0_0.json	1447822800.0	146.41	197	40
snapshot_11_18_2015_0_0.json	1447822800.0	146.41	197	40
snapshot_11_18_2015_12_0.json	1447866000.0	146.41	197	40
snapshot_11_18_2015_18_0.json	1447887600.0	0	0	0
snapshot_11_18_2015_6_0.json	1447844400.0	146.41	197	40
snapshot_11_19_2015_18_0.json	1447974000.0	0	0	0
snapshot_11_19_2015_6_0.json	1447930800.0	0	0	0
snapshot_11_20_2015_0_0.json	1447995600.0	0	0	0
snapshot_11_21_2015_12_0.json	1448125200.0	0	0	0
snapshot_11_21_2015_12_0.json	1448125200.0	0	0	0
snapshot_12_3_2015_18_0.json	1449183600.0	0	0	0
snapshot_12_4_2015_0_0.json	1449205200.0	0	0	0
snapshot_12_4_2015_12_0.json	1449248400.0	0	0	0
snapshot_12_4_2015_6_0.json	1449226800.0	0	0	0
