9235775	2015-11-21T04:00:00Z	Once	Queen Elizabeth Theatre Vancouver	British Columbia Vancouver|5871	V6B 2P1
snapshot_11_16_2015_0_0.json	1447650000.0	71.3	167	100
snapshot_11_18_2015_0_0.json	1447822800.0	71.3	167	96
snapshot_11_18_2015_12_0.json	1447866000.0	71.3	167	94
snapshot_11_18_2015_12_0.json	1447866000.0	71.3	167	94
snapshot_11_18_2015_18_0.json	1447887600.0	71.3	112.7	66
snapshot_11_18_2015_6_0.json	1447844400.0	71.3	167	94
snapshot_11_19_2015_0_0.json	1447909200.0	71.3	112.7	64
snapshot_11_19_2015_12_0.json	1447952400.0	59.83	102.9	58
snapshot_11_19_2015_6_0.json	1447930800.0	71.3	112.7	58
snapshot_11_20_2015_0_0.json	1447995600.0	59.83	102.9	53
snapshot_11_20_2015_0_0.json	1447995600.0	59.83	102.9	53
snapshot_11_20_2015_12_0.json	1448038800.0	54.1	102.9	53
snapshot_11_21_2015_18_0.json	1448146800.0	0	0	0
snapshot_11_22_2015_0_0.json	1448168400.0	0	0	0
snapshot_11_22_2015_12_0.json	1448211600.0	0	0	0
snapshot_12_3_2015_18_0.json	1449183600.0	0	0	0
snapshot_12_4_2015_0_0.json	1449205200.0	0	0	0
snapshot_12_4_2015_12_0.json	1449248400.0	0	0	0
snapshot_12_4_2015_6_0.json	1449226800.0	0	0	0
9235775	2015-11-21T04:00:00Z	Once	Queen Elizabeth Theatre Vancouver	British Columbia Vancouver|5871	V6B 2P1
snapshot_11_16_2015_0_0.json	1447650000.0	71.3	167	100
snapshot_11_18_2015_0_0.json	1447822800.0	71.3	167	96
snapshot_11_18_2015_12_0.json	1447866000.0	71.3	167	94
snapshot_11_18_2015_12_0.json	1447866000.0	71.3	167	94
snapshot_11_18_2015_18_0.json	1447887600.0	71.3	112.7	66
snapshot_11_18_2015_6_0.json	1447844400.0	71.3	167	94
snapshot_11_19_2015_0_0.json	1447909200.0	71.3	112.7	64
snapshot_11_19_2015_12_0.json	1447952400.0	59.83	102.9	58
snapshot_11_19_2015_6_0.json	1447930800.0	71.3	112.7	58
snapshot_11_20_2015_0_0.json	1447995600.0	59.83	102.9	53
snapshot_11_20_2015_0_0.json	1447995600.0	59.83	102.9	53
snapshot_11_20_2015_12_0.json	1448038800.0	54.1	102.9	53
snapshot_11_21_2015_18_0.json	1448146800.0	0	0	0
snapshot_11_22_2015_0_0.json	1448168400.0	0	0	0
snapshot_11_22_2015_12_0.json	1448211600.0	0	0	0
snapshot_12_3_2015_18_0.json	1449183600.0	0	0	0
snapshot_12_4_2015_0_0.json	1449205200.0	0	0	0
snapshot_12_4_2015_12_0.json	1449248400.0	0	0	0
snapshot_12_4_2015_6_0.json	1449226800.0	0	0	0
9235775	2015-11-21T04:00:00Z	Once	Queen Elizabeth Theatre Vancouver	British Columbia Vancouver|5871	V6B 2P1
snapshot_11_16_2015_0_0.json	1447650000.0	71.3	167	100
snapshot_11_18_2015_0_0.json	1447822800.0	71.3	167	96
snapshot_11_18_2015_12_0.json	1447866000.0	71.3	167	94
snapshot_11_18_2015_12_0.json	1447866000.0	71.3	167	94
snapshot_11_18_2015_18_0.json	1447887600.0	71.3	112.7	66
snapshot_11_18_2015_6_0.json	1447844400.0	71.3	167	94
snapshot_11_19_2015_0_0.json	1447909200.0	71.3	112.7	64
snapshot_11_19_2015_12_0.json	1447952400.0	59.83	102.9	58
snapshot_11_19_2015_6_0.json	1447930800.0	71.3	112.7	58
snapshot_11_20_2015_0_0.json	1447995600.0	59.83	102.9	53
snapshot_11_20_2015_0_0.json	1447995600.0	59.83	102.9	53
snapshot_11_20_2015_12_0.json	1448038800.0	54.1	102.9	53
snapshot_11_21_2015_18_0.json	1448146800.0	0	0	0
snapshot_11_22_2015_0_0.json	1448168400.0	0	0	0
snapshot_11_22_2015_12_0.json	1448211600.0	0	0	0
snapshot_12_3_2015_18_0.json	1449183600.0	0	0	0
snapshot_12_4_2015_0_0.json	1449205200.0	0	0	0
snapshot_12_4_2015_12_0.json	1449248400.0	0	0	0
snapshot_12_4_2015_6_0.json	1449226800.0	0	0	0
9235775	2015-11-21T04:00:00Z	Once	Queen Elizabeth Theatre Vancouver	British Columbia Vancouver|5871	V6B 2P1
snapshot_11_16_2015_0_0.json	1447650000.0	71.3	167	100
snapshot_11_18_2015_0_0.json	1447822800.0	71.3	167	96
snapshot_11_18_2015_12_0.json	1447866000.0	71.3	167	94
snapshot_11_18_2015_12_0.json	1447866000.0	71.3	167	94
snapshot_11_18_2015_18_0.json	1447887600.0	71.3	112.7	66
snapshot_11_18_2015_6_0.json	1447844400.0	71.3	167	94
snapshot_11_19_2015_0_0.json	1447909200.0	71.3	112.7	64
snapshot_11_19_2015_12_0.json	1447952400.0	59.83	102.9	58
snapshot_11_19_2015_6_0.json	1447930800.0	71.3	112.7	58
snapshot_11_20_2015_0_0.json	1447995600.0	59.83	102.9	53
snapshot_11_20_2015_0_0.json	1447995600.0	59.83	102.9	53
snapshot_11_20_2015_12_0.json	1448038800.0	54.1	102.9	53
snapshot_11_21_2015_18_0.json	1448146800.0	0	0	0
snapshot_11_22_2015_0_0.json	1448168400.0	0	0	0
snapshot_11_22_2015_12_0.json	1448211600.0	0	0	0
snapshot_12_3_2015_18_0.json	1449183600.0	0	0	0
snapshot_12_4_2015_0_0.json	1449205200.0	0	0	0
snapshot_12_4_2015_12_0.json	1449248400.0	0	0	0
snapshot_12_4_2015_6_0.json	1449226800.0	0	0	0
