9235777	2015-11-22T22:00:00Z	Once	Queen Elizabeth Theatre Vancouver	British Columbia Vancouver|5871	V6B 2P1
snapshot_11_16_2015_0_0.json	1447650000.0	96.1	183	64
snapshot_11_17_2015_0_0.json	1447736400.0	96.1	183	64
snapshot_11_17_2015_0_0.json	1447736400.0	96.1	183	64
snapshot_11_17_2015_12_0.json	1447779600.0	96.1	183	64
snapshot_11_17_2015_18_0.json	1447801200.0	66.85	183	68
snapshot_11_17_2015_18_0.json	1447801200.0	66.85	183	68
snapshot_11_18_2015_0_0.json	1447822800.0	66.85	183	66
snapshot_11_18_2015_12_0.json	1447866000.0	66.85	183	66
snapshot_11_18_2015_12_0.json	1447866000.0	66.85	183	66
snapshot_11_18_2015_18_0.json	1447887600.0	66.85	183	66
snapshot_11_19_2015_0_0.json	1447909200.0	66.85	183	66
snapshot_11_19_2015_12_0.json	1447952400.0	66.85	183	66
snapshot_11_19_2015_6_0.json	1447930800.0	66.85	183	66
snapshot_11_19_2015_6_0.json	1447930800.0	66.85	183	66
snapshot_11_20_2015_0_0.json	1447995600.0	66.85	183	66
snapshot_11_20_2015_12_0.json	1448038800.0	66.85	183	66
snapshot_11_21_2015_12_0.json	1448125200.0	43.45	78.4	22
snapshot_11_21_2015_18_0.json	1448146800.0	43.45	78.4	22
snapshot_11_22_2015_12_0.json	1448211600.0	88.5	78.4	14
snapshot_11_22_2015_6_0.json	1448190000.0	77.03	78.4	16
snapshot_11_23_2015_0_0.json	1448254800.0	0	0	0
snapshot_11_23_2015_12_0.json	1448298000.0	0	0	0
snapshot_11_23_2015_18_0.json	1448319600.0	0	0	0
snapshot_11_23_2015_6_0.json	1448276400.0	0	0	0
snapshot_11_23_2015_6_0.json	1448276400.0	0	0	0
snapshot_11_24_2015_0_0.json	1448341200.0	0	0	0
snapshot_11_24_2015_12_0.json	1448384400.0	0	0	0
snapshot_12_3_2015_18_0.json	1449183600.0	0	0	0
snapshot_12_4_2015_0_0.json	1449205200.0	0	0	0
snapshot_12_4_2015_12_0.json	1449248400.0	0	0	0
snapshot_12_4_2015_6_0.json	1449226800.0	0	0	0
9235777	2015-11-22T22:00:00Z	Once	Queen Elizabeth Theatre Vancouver	British Columbia Vancouver|5871	V6B 2P1
snapshot_11_16_2015_0_0.json	1447650000.0	96.1	183	64
snapshot_11_17_2015_0_0.json	1447736400.0	96.1	183	64
snapshot_11_17_2015_0_0.json	1447736400.0	96.1	183	64
snapshot_11_17_2015_12_0.json	1447779600.0	96.1	183	64
snapshot_11_17_2015_18_0.json	1447801200.0	66.85	183	68
snapshot_11_17_2015_18_0.json	1447801200.0	66.85	183	68
snapshot_11_18_2015_0_0.json	1447822800.0	66.85	183	66
snapshot_11_18_2015_12_0.json	1447866000.0	66.85	183	66
snapshot_11_18_2015_12_0.json	1447866000.0	66.85	183	66
snapshot_11_18_2015_18_0.json	1447887600.0	66.85	183	66
snapshot_11_19_2015_0_0.json	1447909200.0	66.85	183	66
snapshot_11_19_2015_12_0.json	1447952400.0	66.85	183	66
snapshot_11_19_2015_6_0.json	1447930800.0	66.85	183	66
snapshot_11_19_2015_6_0.json	1447930800.0	66.85	183	66
snapshot_11_20_2015_0_0.json	1447995600.0	66.85	183	66
snapshot_11_20_2015_12_0.json	1448038800.0	66.85	183	66
snapshot_11_21_2015_12_0.json	1448125200.0	43.45	78.4	22
snapshot_11_21_2015_18_0.json	1448146800.0	43.45	78.4	22
snapshot_11_22_2015_12_0.json	1448211600.0	88.5	78.4	14
snapshot_11_22_2015_6_0.json	1448190000.0	77.03	78.4	16
snapshot_11_23_2015_0_0.json	1448254800.0	0	0	0
snapshot_11_23_2015_12_0.json	1448298000.0	0	0	0
snapshot_11_23_2015_18_0.json	1448319600.0	0	0	0
snapshot_11_23_2015_6_0.json	1448276400.0	0	0	0
snapshot_11_23_2015_6_0.json	1448276400.0	0	0	0
snapshot_11_24_2015_0_0.json	1448341200.0	0	0	0
snapshot_11_24_2015_12_0.json	1448384400.0	0	0	0
snapshot_12_3_2015_18_0.json	1449183600.0	0	0	0
snapshot_12_4_2015_0_0.json	1449205200.0	0	0	0
snapshot_12_4_2015_12_0.json	1449248400.0	0	0	0
snapshot_12_4_2015_6_0.json	1449226800.0	0	0	0
9235777	2015-11-22T22:00:00Z	Once	Queen Elizabeth Theatre Vancouver	British Columbia Vancouver|5871	V6B 2P1
snapshot_11_16_2015_0_0.json	1447650000.0	96.1	183	64
snapshot_11_17_2015_0_0.json	1447736400.0	96.1	183	64
snapshot_11_17_2015_0_0.json	1447736400.0	96.1	183	64
snapshot_11_17_2015_12_0.json	1447779600.0	96.1	183	64
snapshot_11_17_2015_18_0.json	1447801200.0	66.85	183	68
snapshot_11_17_2015_18_0.json	1447801200.0	66.85	183	68
snapshot_11_18_2015_0_0.json	1447822800.0	66.85	183	66
snapshot_11_18_2015_12_0.json	1447866000.0	66.85	183	66
snapshot_11_18_2015_12_0.json	1447866000.0	66.85	183	66
snapshot_11_18_2015_18_0.json	1447887600.0	66.85	183	66
snapshot_11_19_2015_0_0.json	1447909200.0	66.85	183	66
snapshot_11_19_2015_12_0.json	1447952400.0	66.85	183	66
snapshot_11_19_2015_6_0.json	1447930800.0	66.85	183	66
snapshot_11_19_2015_6_0.json	1447930800.0	66.85	183	66
snapshot_11_20_2015_0_0.json	1447995600.0	66.85	183	66
snapshot_11_20_2015_12_0.json	1448038800.0	66.85	183	66
snapshot_11_21_2015_12_0.json	1448125200.0	43.45	78.4	22
snapshot_11_21_2015_18_0.json	1448146800.0	43.45	78.4	22
snapshot_11_22_2015_12_0.json	1448211600.0	88.5	78.4	14
snapshot_11_22_2015_6_0.json	1448190000.0	77.03	78.4	16
snapshot_11_23_2015_0_0.json	1448254800.0	0	0	0
snapshot_11_23_2015_12_0.json	1448298000.0	0	0	0
snapshot_11_23_2015_18_0.json	1448319600.0	0	0	0
snapshot_11_23_2015_6_0.json	1448276400.0	0	0	0
snapshot_11_23_2015_6_0.json	1448276400.0	0	0	0
snapshot_11_24_2015_0_0.json	1448341200.0	0	0	0
snapshot_11_24_2015_12_0.json	1448384400.0	0	0	0
snapshot_12_3_2015_18_0.json	1449183600.0	0	0	0
snapshot_12_4_2015_0_0.json	1449205200.0	0	0	0
snapshot_12_4_2015_12_0.json	1449248400.0	0	0	0
snapshot_12_4_2015_6_0.json	1449226800.0	0	0	0
9235777	2015-11-22T22:00:00Z	Once	Queen Elizabeth Theatre Vancouver	British Columbia Vancouver|5871	V6B 2P1
snapshot_11_16_2015_0_0.json	1447650000.0	96.1	183	64
snapshot_11_17_2015_0_0.json	1447736400.0	96.1	183	64
snapshot_11_17_2015_0_0.json	1447736400.0	96.1	183	64
snapshot_11_17_2015_12_0.json	1447779600.0	96.1	183	64
snapshot_11_17_2015_18_0.json	1447801200.0	66.85	183	68
snapshot_11_17_2015_18_0.json	1447801200.0	66.85	183	68
snapshot_11_18_2015_0_0.json	1447822800.0	66.85	183	66
snapshot_11_18_2015_12_0.json	1447866000.0	66.85	183	66
snapshot_11_18_2015_12_0.json	1447866000.0	66.85	183	66
snapshot_11_18_2015_18_0.json	1447887600.0	66.85	183	66
snapshot_11_19_2015_0_0.json	1447909200.0	66.85	183	66
snapshot_11_19_2015_12_0.json	1447952400.0	66.85	183	66
snapshot_11_19_2015_6_0.json	1447930800.0	66.85	183	66
snapshot_11_19_2015_6_0.json	1447930800.0	66.85	183	66
snapshot_11_20_2015_0_0.json	1447995600.0	66.85	183	66
snapshot_11_20_2015_12_0.json	1448038800.0	66.85	183	66
snapshot_11_21_2015_12_0.json	1448125200.0	43.45	78.4	22
snapshot_11_21_2015_18_0.json	1448146800.0	43.45	78.4	22
snapshot_11_22_2015_12_0.json	1448211600.0	88.5	78.4	14
snapshot_11_22_2015_6_0.json	1448190000.0	77.03	78.4	16
snapshot_11_23_2015_0_0.json	1448254800.0	0	0	0
snapshot_11_23_2015_12_0.json	1448298000.0	0	0	0
snapshot_11_23_2015_18_0.json	1448319600.0	0	0	0
snapshot_11_23_2015_6_0.json	1448276400.0	0	0	0
snapshot_11_23_2015_6_0.json	1448276400.0	0	0	0
snapshot_11_24_2015_0_0.json	1448341200.0	0	0	0
snapshot_11_24_2015_12_0.json	1448384400.0	0	0	0
snapshot_12_3_2015_18_0.json	1449183600.0	0	0	0
snapshot_12_4_2015_0_0.json	1449205200.0	0	0	0
snapshot_12_4_2015_12_0.json	1449248400.0	0	0	0
snapshot_12_4_2015_6_0.json	1449226800.0	0	0	0
