9235773	2015-11-22T04:00:00Z	Once	Queen Elizabeth Theatre Vancouver	British Columbia Vancouver|5871	V6B 2P1
snapshot_11_16_2015_0_0.json	1447650000.0	88.5	157	73
snapshot_11_17_2015_0_0.json	1447736400.0	88.5	157	75
snapshot_11_17_2015_12_0.json	1447779600.0	88.5	157	75
snapshot_11_17_2015_18_0.json	1447801200.0	58.66	157	81
snapshot_11_18_2015_0_0.json	1447822800.0	58.66	157	81
snapshot_11_18_2015_12_0.json	1447866000.0	71.53	157	77
snapshot_11_18_2015_12_0.json	1447866000.0	71.53	157	77
snapshot_11_18_2015_6_0.json	1447844400.0	71.53	157	77
snapshot_11_19_2015_0_0.json	1447909200.0	72.7	154.95	55
snapshot_11_19_2015_12_0.json	1447952400.0	72.7	154.95	53
snapshot_11_19_2015_12_0.json	1447952400.0	72.7	154.95	53
snapshot_11_19_2015_6_0.json	1447930800.0	72.7	154.95	53
snapshot_11_20_2015_0_0.json	1447995600.0	71.3	154.95	49
snapshot_11_20_2015_12_0.json	1448038800.0	71.3	154.95	46
snapshot_11_21_2015_12_0.json	1448125200.0	31.75	154.95	30
snapshot_11_21_2015_18_0.json	1448146800.0	59.83	154.95	28
snapshot_11_21_2015_18_0.json	1448146800.0	59.83	154.95	28
snapshot_11_22_2015_0_0.json	1448168400.0	48.36	154.95	20
snapshot_11_22_2015_18_0.json	1448233200.0	0	0	0
snapshot_11_22_2015_6_0.json	1448190000.0	0	0	0
snapshot_11_23_2015_12_0.json	1448298000.0	0	0	0
snapshot_11_23_2015_6_0.json	1448276400.0	0	0	0
snapshot_11_23_2015_6_0.json	1448276400.0	0	0	0
snapshot_12_3_2015_18_0.json	1449183600.0	0	0	0
snapshot_12_4_2015_0_0.json	1449205200.0	0	0	0
snapshot_12_4_2015_12_0.json	1449248400.0	0	0	0
snapshot_12_4_2015_6_0.json	1449226800.0	0	0	0
9235773	2015-11-22T04:00:00Z	Once	Queen Elizabeth Theatre Vancouver	British Columbia Vancouver|5871	V6B 2P1
snapshot_11_16_2015_0_0.json	1447650000.0	88.5	157	73
snapshot_11_17_2015_0_0.json	1447736400.0	88.5	157	75
snapshot_11_17_2015_12_0.json	1447779600.0	88.5	157	75
snapshot_11_17_2015_18_0.json	1447801200.0	58.66	157	81
snapshot_11_18_2015_0_0.json	1447822800.0	58.66	157	81
snapshot_11_18_2015_12_0.json	1447866000.0	71.53	157	77
snapshot_11_18_2015_12_0.json	1447866000.0	71.53	157	77
snapshot_11_18_2015_6_0.json	1447844400.0	71.53	157	77
snapshot_11_19_2015_0_0.json	1447909200.0	72.7	154.95	55
snapshot_11_19_2015_12_0.json	1447952400.0	72.7	154.95	53
snapshot_11_19_2015_12_0.json	1447952400.0	72.7	154.95	53
snapshot_11_19_2015_6_0.json	1447930800.0	72.7	154.95	53
snapshot_11_20_2015_0_0.json	1447995600.0	71.3	154.95	49
snapshot_11_20_2015_12_0.json	1448038800.0	71.3	154.95	46
snapshot_11_21_2015_12_0.json	1448125200.0	31.75	154.95	30
snapshot_11_21_2015_18_0.json	1448146800.0	59.83	154.95	28
snapshot_11_21_2015_18_0.json	1448146800.0	59.83	154.95	28
snapshot_11_22_2015_0_0.json	1448168400.0	48.36	154.95	20
snapshot_11_22_2015_18_0.json	1448233200.0	0	0	0
snapshot_11_22_2015_6_0.json	1448190000.0	0	0	0
snapshot_11_23_2015_12_0.json	1448298000.0	0	0	0
snapshot_11_23_2015_6_0.json	1448276400.0	0	0	0
snapshot_11_23_2015_6_0.json	1448276400.0	0	0	0
snapshot_12_3_2015_18_0.json	1449183600.0	0	0	0
snapshot_12_4_2015_0_0.json	1449205200.0	0	0	0
snapshot_12_4_2015_12_0.json	1449248400.0	0	0	0
snapshot_12_4_2015_6_0.json	1449226800.0	0	0	0
9235773	2015-11-22T04:00:00Z	Once	Queen Elizabeth Theatre Vancouver	British Columbia Vancouver|5871	V6B 2P1
snapshot_11_16_2015_0_0.json	1447650000.0	88.5	157	73
snapshot_11_17_2015_0_0.json	1447736400.0	88.5	157	75
snapshot_11_17_2015_12_0.json	1447779600.0	88.5	157	75
snapshot_11_17_2015_18_0.json	1447801200.0	58.66	157	81
snapshot_11_18_2015_0_0.json	1447822800.0	58.66	157	81
snapshot_11_18_2015_12_0.json	1447866000.0	71.53	157	77
snapshot_11_18_2015_12_0.json	1447866000.0	71.53	157	77
snapshot_11_18_2015_6_0.json	1447844400.0	71.53	157	77
snapshot_11_19_2015_0_0.json	1447909200.0	72.7	154.95	55
snapshot_11_19_2015_12_0.json	1447952400.0	72.7	154.95	53
snapshot_11_19_2015_12_0.json	1447952400.0	72.7	154.95	53
snapshot_11_19_2015_6_0.json	1447930800.0	72.7	154.95	53
snapshot_11_20_2015_0_0.json	1447995600.0	71.3	154.95	49
snapshot_11_20_2015_12_0.json	1448038800.0	71.3	154.95	46
snapshot_11_21_2015_12_0.json	1448125200.0	31.75	154.95	30
snapshot_11_21_2015_18_0.json	1448146800.0	59.83	154.95	28
snapshot_11_21_2015_18_0.json	1448146800.0	59.83	154.95	28
snapshot_11_22_2015_0_0.json	1448168400.0	48.36	154.95	20
snapshot_11_22_2015_18_0.json	1448233200.0	0	0	0
snapshot_11_22_2015_6_0.json	1448190000.0	0	0	0
snapshot_11_23_2015_12_0.json	1448298000.0	0	0	0
snapshot_11_23_2015_6_0.json	1448276400.0	0	0	0
snapshot_11_23_2015_6_0.json	1448276400.0	0	0	0
snapshot_12_3_2015_18_0.json	1449183600.0	0	0	0
snapshot_12_4_2015_0_0.json	1449205200.0	0	0	0
snapshot_12_4_2015_12_0.json	1449248400.0	0	0	0
snapshot_12_4_2015_6_0.json	1449226800.0	0	0	0
9235773	2015-11-22T04:00:00Z	Once	Queen Elizabeth Theatre Vancouver	British Columbia Vancouver|5871	V6B 2P1
snapshot_11_16_2015_0_0.json	1447650000.0	88.5	157	73
snapshot_11_17_2015_0_0.json	1447736400.0	88.5	157	75
snapshot_11_17_2015_12_0.json	1447779600.0	88.5	157	75
snapshot_11_17_2015_18_0.json	1447801200.0	58.66	157	81
snapshot_11_18_2015_0_0.json	1447822800.0	58.66	157	81
snapshot_11_18_2015_12_0.json	1447866000.0	71.53	157	77
snapshot_11_18_2015_12_0.json	1447866000.0	71.53	157	77
snapshot_11_18_2015_6_0.json	1447844400.0	71.53	157	77
snapshot_11_19_2015_0_0.json	1447909200.0	72.7	154.95	55
snapshot_11_19_2015_12_0.json	1447952400.0	72.7	154.95	53
snapshot_11_19_2015_12_0.json	1447952400.0	72.7	154.95	53
snapshot_11_19_2015_6_0.json	1447930800.0	72.7	154.95	53
snapshot_11_20_2015_0_0.json	1447995600.0	71.3	154.95	49
snapshot_11_20_2015_12_0.json	1448038800.0	71.3	154.95	46
snapshot_11_21_2015_12_0.json	1448125200.0	31.75	154.95	30
snapshot_11_21_2015_18_0.json	1448146800.0	59.83	154.95	28
snapshot_11_21_2015_18_0.json	1448146800.0	59.83	154.95	28
snapshot_11_22_2015_0_0.json	1448168400.0	48.36	154.95	20
snapshot_11_22_2015_18_0.json	1448233200.0	0	0	0
snapshot_11_22_2015_6_0.json	1448190000.0	0	0	0
snapshot_11_23_2015_12_0.json	1448298000.0	0	0	0
snapshot_11_23_2015_6_0.json	1448276400.0	0	0	0
snapshot_11_23_2015_6_0.json	1448276400.0	0	0	0
snapshot_12_3_2015_18_0.json	1449183600.0	0	0	0
snapshot_12_4_2015_0_0.json	1449205200.0	0	0	0
snapshot_12_4_2015_12_0.json	1449248400.0	0	0	0
snapshot_12_4_2015_6_0.json	1449226800.0	0	0	0
