9236367	2015-12-05T18:00:00Z	2015 SEC Football Championship Game	Georgia Dome	Georgia Atlanta|670	30313
snapshot_11_16_2015_0_0.json	1447650000.0	325.83	28000	3276
snapshot_11_17_2015_12_0.json	1447779600.0	297.18	28000	3495
snapshot_11_17_2015_18_0.json	1447801200.0	296.01	28000	3598
snapshot_11_17_2015_6_0.json	1447758000.0	297.75	28000	3499
snapshot_11_17_2015_6_0.json	1447758000.0	297.75	28000	3499
snapshot_11_18_2015_0_0.json	1447822800.0	296.58	28000	3721
snapshot_11_18_2015_12_0.json	1447866000.0	280.2	28000	3711
snapshot_11_18_2015_18_0.json	1447887600.0	294.24	28000	3754
snapshot_11_18_2015_6_0.json	1447844400.0	294.24	28000	3706
snapshot_11_19_2015_0_0.json	1447909200.0	286.05	25000	3860
snapshot_11_19_2015_12_0.json	1447952400.0	286.05	25000	3841
snapshot_11_19_2015_6_0.json	1447930800.0	239.25	25000	3843
snapshot_11_20_2015_0_0.json	1447995600.0	280.2	25000	3841
snapshot_11_20_2015_12_0.json	1448038800.0	274.35	25000	3867
snapshot_11_21_2015_12_0.json	1448125200.0	273.18	25000	3879
snapshot_11_21_2015_18_0.json	1448146800.0	284.88	25000	3927
snapshot_11_22_2015_0_0.json	1448168400.0	259.27	25000	3896
snapshot_11_22_2015_12_0.json	1448211600.0	259.27	25000	3889
snapshot_11_22_2015_18_0.json	1448233200.0	254.46	25000	3898
snapshot_11_22_2015_6_0.json	1448190000.0	259.27	25000	3879
snapshot_11_23_2015_0_0.json	1448254800.0	249.78	25000	3819
snapshot_11_23_2015_12_0.json	1448298000.0	249.78	23000	3808
snapshot_11_23_2015_18_0.json	1448319600.0	239.25	23000	3788
snapshot_11_23_2015_6_0.json	1448276400.0	249.78	23000	3806
snapshot_11_24_2015_0_0.json	1448341200.0	246.27	23000	3809
snapshot_11_24_2015_12_0.json	1448384400.0	233.4	23000	3790
snapshot_11_24_2015_18_0.json	1448406000.0	235.87	21473.68	3792
snapshot_11_24_2015_6_0.json	1448362800.0	233.4	23000	3794
snapshot_11_25_2015_0_0.json	1448427600.0	234.56	21000	3916
snapshot_11_25_2015_12_0.json	1448470800.0	234.56	35280	3882
snapshot_11_25_2015_18_0.json	1448492400.0	213.1	35280	3890
snapshot_11_25_2015_6_0.json	1448449200.0	234.56	35280	3885
snapshot_11_26_2015_0_0.json	1448514000.0	189.7	35280	4025
snapshot_11_27_2015_18_0.json	1448665200.0	215.85	35280	4097
snapshot_11_28_2015_0_0.json	1448686800.0	213.1	35280	4107
snapshot_11_28_2015_12_0.json	1448730000.0	210	35280	4093
snapshot_11_28_2015_18_0.json	1448751600.0	229.89	35280	4031
snapshot_11_28_2015_6_0.json	1448708400.0	210	35280	4086
snapshot_11_29_2015_0_0.json	1448773200.0	227.55	35280	3991
snapshot_11_29_2015_12_0.json	1448816400.0	227.55	35280	3006
snapshot_11_29_2015_18_0.json	1448838000.0	213.1	35280	3101
snapshot_11_30_2015_0_0.json	1448859600.0	206.08	35280	3109
snapshot_11_30_2015_12_0.json	1448902800.0	197.89	35280	3010
snapshot_11_30_2015_18_0.json	1448924400.0	199.47	35280	2784
snapshot_11_30_2015_6_0.json	1448881200.0	197.89	35280	3008
snapshot_12_1_2015_0_0.json	1448946000.0	166.3	35280	2865
snapshot_12_1_2015_12_0.json	1448989200.0	185.43	35280	2781
snapshot_12_1_2015_18_0.json	1449010800.0	148.75	35280	2653
snapshot_12_1_2015_6_0.json	1448967600.0	185.43	35280	2799
snapshot_12_2_2015_0_0.json	1449032400.0	157.35	35280	2565
snapshot_12_2_2015_12_0.json	1449075600.0	151.5	35280	2371
snapshot_12_2_2015_18_0.json	1449097200.0	168.64	35280	2318
snapshot_12_2_2015_6_0.json	1449054000.0	157.35	35280	2385
snapshot_12_3_2015_0_0.json	1449118800.0	170.98	8538.25	1074
snapshot_12_3_2015_12_0.json	1449162000.0	172.15	8538.25	999
snapshot_12_3_2015_18_0.json	1449183600.0	176.83	8538.25	965
snapshot_12_3_2015_6_0.json	1449140400.0	173.32	8538.25	1011
snapshot_12_4_2015_0_0.json	1449205200.0	173.32	2000	866
snapshot_12_4_2015_12_0.json	1449248400.0	183.85	2000	719
snapshot_12_4_2015_18_0.json	1449270000.0	174.9	2000	670
snapshot_12_4_2015_6_0.json	1449226800.0	177.24	2000	734
snapshot_12_5_2015_0_0.json	1449291600.0	201.4	2000	517
snapshot_12_5_2015_12_0.json	1449334800.0	200.23	2000	361
snapshot_12_5_2015_18_0.json	1449356400.0	214.68	2000	180
snapshot_12_5_2015_6_0.json	1449313200.0	195.55	2000	380
9236367	2015-12-05T18:00:00Z	2015 SEC Football Championship Game	Georgia Dome	Georgia Atlanta|670	30313
snapshot_11_16_2015_0_0.json	1447650000.0	325.83	28000	3276
snapshot_11_17_2015_12_0.json	1447779600.0	297.18	28000	3495
snapshot_11_17_2015_18_0.json	1447801200.0	296.01	28000	3598
snapshot_11_17_2015_6_0.json	1447758000.0	297.75	28000	3499
snapshot_11_17_2015_6_0.json	1447758000.0	297.75	28000	3499
snapshot_11_18_2015_0_0.json	1447822800.0	296.58	28000	3721
snapshot_11_18_2015_12_0.json	1447866000.0	280.2	28000	3711
snapshot_11_18_2015_18_0.json	1447887600.0	294.24	28000	3754
snapshot_11_18_2015_6_0.json	1447844400.0	294.24	28000	3706
snapshot_11_19_2015_0_0.json	1447909200.0	286.05	25000	3860
snapshot_11_19_2015_12_0.json	1447952400.0	286.05	25000	3841
snapshot_11_19_2015_6_0.json	1447930800.0	239.25	25000	3843
snapshot_11_20_2015_0_0.json	1447995600.0	280.2	25000	3841
snapshot_11_20_2015_12_0.json	1448038800.0	274.35	25000	3867
snapshot_11_21_2015_12_0.json	1448125200.0	273.18	25000	3879
snapshot_11_21_2015_18_0.json	1448146800.0	284.88	25000	3927
snapshot_11_22_2015_0_0.json	1448168400.0	259.27	25000	3896
snapshot_11_22_2015_12_0.json	1448211600.0	259.27	25000	3889
snapshot_11_22_2015_18_0.json	1448233200.0	254.46	25000	3898
snapshot_11_22_2015_6_0.json	1448190000.0	259.27	25000	3879
snapshot_11_23_2015_0_0.json	1448254800.0	249.78	25000	3819
snapshot_11_23_2015_12_0.json	1448298000.0	249.78	23000	3808
snapshot_11_23_2015_18_0.json	1448319600.0	239.25	23000	3788
snapshot_11_23_2015_6_0.json	1448276400.0	249.78	23000	3806
snapshot_11_24_2015_0_0.json	1448341200.0	246.27	23000	3809
snapshot_11_24_2015_12_0.json	1448384400.0	233.4	23000	3790
snapshot_11_24_2015_18_0.json	1448406000.0	235.87	21473.68	3792
snapshot_11_24_2015_6_0.json	1448362800.0	233.4	23000	3794
snapshot_11_25_2015_0_0.json	1448427600.0	234.56	21000	3916
snapshot_11_25_2015_12_0.json	1448470800.0	234.56	35280	3882
snapshot_11_25_2015_18_0.json	1448492400.0	213.1	35280	3890
snapshot_11_25_2015_6_0.json	1448449200.0	234.56	35280	3885
snapshot_11_26_2015_0_0.json	1448514000.0	189.7	35280	4025
snapshot_11_27_2015_18_0.json	1448665200.0	215.85	35280	4097
snapshot_11_28_2015_0_0.json	1448686800.0	213.1	35280	4107
snapshot_11_28_2015_12_0.json	1448730000.0	210	35280	4093
snapshot_11_28_2015_18_0.json	1448751600.0	229.89	35280	4031
snapshot_11_28_2015_6_0.json	1448708400.0	210	35280	4086
snapshot_11_29_2015_0_0.json	1448773200.0	227.55	35280	3991
snapshot_11_29_2015_12_0.json	1448816400.0	227.55	35280	3006
snapshot_11_29_2015_18_0.json	1448838000.0	213.1	35280	3101
snapshot_11_30_2015_0_0.json	1448859600.0	206.08	35280	3109
snapshot_11_30_2015_12_0.json	1448902800.0	197.89	35280	3010
snapshot_11_30_2015_18_0.json	1448924400.0	199.47	35280	2784
snapshot_11_30_2015_6_0.json	1448881200.0	197.89	35280	3008
snapshot_12_1_2015_0_0.json	1448946000.0	166.3	35280	2865
snapshot_12_1_2015_12_0.json	1448989200.0	185.43	35280	2781
snapshot_12_1_2015_18_0.json	1449010800.0	148.75	35280	2653
snapshot_12_1_2015_6_0.json	1448967600.0	185.43	35280	2799
snapshot_12_2_2015_0_0.json	1449032400.0	157.35	35280	2565
snapshot_12_2_2015_12_0.json	1449075600.0	151.5	35280	2371
snapshot_12_2_2015_18_0.json	1449097200.0	168.64	35280	2318
snapshot_12_2_2015_6_0.json	1449054000.0	157.35	35280	2385
snapshot_12_3_2015_0_0.json	1449118800.0	170.98	8538.25	1074
snapshot_12_3_2015_12_0.json	1449162000.0	172.15	8538.25	999
snapshot_12_3_2015_18_0.json	1449183600.0	176.83	8538.25	965
snapshot_12_3_2015_6_0.json	1449140400.0	173.32	8538.25	1011
snapshot_12_4_2015_0_0.json	1449205200.0	173.32	2000	866
snapshot_12_4_2015_12_0.json	1449248400.0	183.85	2000	719
snapshot_12_4_2015_18_0.json	1449270000.0	174.9	2000	670
snapshot_12_4_2015_6_0.json	1449226800.0	177.24	2000	734
snapshot_12_5_2015_0_0.json	1449291600.0	201.4	2000	517
snapshot_12_5_2015_12_0.json	1449334800.0	200.23	2000	361
snapshot_12_5_2015_18_0.json	1449356400.0	214.68	2000	180
snapshot_12_5_2015_6_0.json	1449313200.0	195.55	2000	380
9236367	2015-12-05T18:00:00Z	2015 SEC Football Championship Game	Georgia Dome	Georgia Atlanta|670	30313
snapshot_11_16_2015_0_0.json	1447650000.0	325.83	28000	3276
snapshot_11_17_2015_12_0.json	1447779600.0	297.18	28000	3495
snapshot_11_17_2015_18_0.json	1447801200.0	296.01	28000	3598
snapshot_11_17_2015_6_0.json	1447758000.0	297.75	28000	3499
snapshot_11_17_2015_6_0.json	1447758000.0	297.75	28000	3499
snapshot_11_18_2015_0_0.json	1447822800.0	296.58	28000	3721
snapshot_11_18_2015_12_0.json	1447866000.0	280.2	28000	3711
snapshot_11_18_2015_18_0.json	1447887600.0	294.24	28000	3754
snapshot_11_18_2015_6_0.json	1447844400.0	294.24	28000	3706
snapshot_11_19_2015_0_0.json	1447909200.0	286.05	25000	3860
snapshot_11_19_2015_12_0.json	1447952400.0	286.05	25000	3841
snapshot_11_19_2015_6_0.json	1447930800.0	239.25	25000	3843
snapshot_11_20_2015_0_0.json	1447995600.0	280.2	25000	3841
snapshot_11_20_2015_12_0.json	1448038800.0	274.35	25000	3867
snapshot_11_21_2015_12_0.json	1448125200.0	273.18	25000	3879
snapshot_11_21_2015_18_0.json	1448146800.0	284.88	25000	3927
snapshot_11_22_2015_0_0.json	1448168400.0	259.27	25000	3896
snapshot_11_22_2015_12_0.json	1448211600.0	259.27	25000	3889
snapshot_11_22_2015_18_0.json	1448233200.0	254.46	25000	3898
snapshot_11_22_2015_6_0.json	1448190000.0	259.27	25000	3879
snapshot_11_23_2015_0_0.json	1448254800.0	249.78	25000	3819
snapshot_11_23_2015_12_0.json	1448298000.0	249.78	23000	3808
snapshot_11_23_2015_18_0.json	1448319600.0	239.25	23000	3788
snapshot_11_23_2015_6_0.json	1448276400.0	249.78	23000	3806
snapshot_11_24_2015_0_0.json	1448341200.0	246.27	23000	3809
snapshot_11_24_2015_12_0.json	1448384400.0	233.4	23000	3790
snapshot_11_24_2015_18_0.json	1448406000.0	235.87	21473.68	3792
snapshot_11_24_2015_6_0.json	1448362800.0	233.4	23000	3794
snapshot_11_25_2015_0_0.json	1448427600.0	234.56	21000	3916
snapshot_11_25_2015_12_0.json	1448470800.0	234.56	35280	3882
snapshot_11_25_2015_18_0.json	1448492400.0	213.1	35280	3890
snapshot_11_25_2015_6_0.json	1448449200.0	234.56	35280	3885
snapshot_11_26_2015_0_0.json	1448514000.0	189.7	35280	4025
snapshot_11_27_2015_18_0.json	1448665200.0	215.85	35280	4097
snapshot_11_28_2015_0_0.json	1448686800.0	213.1	35280	4107
snapshot_11_28_2015_12_0.json	1448730000.0	210	35280	4093
snapshot_11_28_2015_18_0.json	1448751600.0	229.89	35280	4031
snapshot_11_28_2015_6_0.json	1448708400.0	210	35280	4086
snapshot_11_29_2015_0_0.json	1448773200.0	227.55	35280	3991
snapshot_11_29_2015_12_0.json	1448816400.0	227.55	35280	3006
snapshot_11_29_2015_18_0.json	1448838000.0	213.1	35280	3101
snapshot_11_30_2015_0_0.json	1448859600.0	206.08	35280	3109
snapshot_11_30_2015_12_0.json	1448902800.0	197.89	35280	3010
snapshot_11_30_2015_18_0.json	1448924400.0	199.47	35280	2784
snapshot_11_30_2015_6_0.json	1448881200.0	197.89	35280	3008
snapshot_12_1_2015_0_0.json	1448946000.0	166.3	35280	2865
snapshot_12_1_2015_12_0.json	1448989200.0	185.43	35280	2781
snapshot_12_1_2015_18_0.json	1449010800.0	148.75	35280	2653
snapshot_12_1_2015_6_0.json	1448967600.0	185.43	35280	2799
snapshot_12_2_2015_0_0.json	1449032400.0	157.35	35280	2565
snapshot_12_2_2015_12_0.json	1449075600.0	151.5	35280	2371
snapshot_12_2_2015_18_0.json	1449097200.0	168.64	35280	2318
snapshot_12_2_2015_6_0.json	1449054000.0	157.35	35280	2385
snapshot_12_3_2015_0_0.json	1449118800.0	170.98	8538.25	1074
snapshot_12_3_2015_12_0.json	1449162000.0	172.15	8538.25	999
snapshot_12_3_2015_18_0.json	1449183600.0	176.83	8538.25	965
snapshot_12_3_2015_6_0.json	1449140400.0	173.32	8538.25	1011
snapshot_12_4_2015_0_0.json	1449205200.0	173.32	2000	866
snapshot_12_4_2015_12_0.json	1449248400.0	183.85	2000	719
snapshot_12_4_2015_18_0.json	1449270000.0	174.9	2000	670
snapshot_12_4_2015_6_0.json	1449226800.0	177.24	2000	734
snapshot_12_5_2015_0_0.json	1449291600.0	201.4	2000	517
snapshot_12_5_2015_12_0.json	1449334800.0	200.23	2000	361
snapshot_12_5_2015_18_0.json	1449356400.0	214.68	2000	180
snapshot_12_5_2015_6_0.json	1449313200.0	195.55	2000	380
9236367	2015-12-05T18:00:00Z	2015 SEC Football Championship Game	Georgia Dome	Georgia Atlanta|670	30313
snapshot_11_16_2015_0_0.json	1447650000.0	325.83	28000	3276
snapshot_11_17_2015_12_0.json	1447779600.0	297.18	28000	3495
snapshot_11_17_2015_18_0.json	1447801200.0	296.01	28000	3598
snapshot_11_17_2015_6_0.json	1447758000.0	297.75	28000	3499
snapshot_11_17_2015_6_0.json	1447758000.0	297.75	28000	3499
snapshot_11_18_2015_0_0.json	1447822800.0	296.58	28000	3721
snapshot_11_18_2015_12_0.json	1447866000.0	280.2	28000	3711
snapshot_11_18_2015_18_0.json	1447887600.0	294.24	28000	3754
snapshot_11_18_2015_6_0.json	1447844400.0	294.24	28000	3706
snapshot_11_19_2015_0_0.json	1447909200.0	286.05	25000	3860
snapshot_11_19_2015_12_0.json	1447952400.0	286.05	25000	3841
snapshot_11_19_2015_6_0.json	1447930800.0	239.25	25000	3843
snapshot_11_20_2015_0_0.json	1447995600.0	280.2	25000	3841
snapshot_11_20_2015_12_0.json	1448038800.0	274.35	25000	3867
snapshot_11_21_2015_12_0.json	1448125200.0	273.18	25000	3879
snapshot_11_21_2015_18_0.json	1448146800.0	284.88	25000	3927
snapshot_11_22_2015_0_0.json	1448168400.0	259.27	25000	3896
snapshot_11_22_2015_12_0.json	1448211600.0	259.27	25000	3889
snapshot_11_22_2015_18_0.json	1448233200.0	254.46	25000	3898
snapshot_11_22_2015_6_0.json	1448190000.0	259.27	25000	3879
snapshot_11_23_2015_0_0.json	1448254800.0	249.78	25000	3819
snapshot_11_23_2015_12_0.json	1448298000.0	249.78	23000	3808
snapshot_11_23_2015_18_0.json	1448319600.0	239.25	23000	3788
snapshot_11_23_2015_6_0.json	1448276400.0	249.78	23000	3806
snapshot_11_24_2015_0_0.json	1448341200.0	246.27	23000	3809
snapshot_11_24_2015_12_0.json	1448384400.0	233.4	23000	3790
snapshot_11_24_2015_18_0.json	1448406000.0	235.87	21473.68	3792
snapshot_11_24_2015_6_0.json	1448362800.0	233.4	23000	3794
snapshot_11_25_2015_0_0.json	1448427600.0	234.56	21000	3916
snapshot_11_25_2015_12_0.json	1448470800.0	234.56	35280	3882
snapshot_11_25_2015_18_0.json	1448492400.0	213.1	35280	3890
snapshot_11_25_2015_6_0.json	1448449200.0	234.56	35280	3885
snapshot_11_26_2015_0_0.json	1448514000.0	189.7	35280	4025
snapshot_11_27_2015_18_0.json	1448665200.0	215.85	35280	4097
snapshot_11_28_2015_0_0.json	1448686800.0	213.1	35280	4107
snapshot_11_28_2015_12_0.json	1448730000.0	210	35280	4093
snapshot_11_28_2015_18_0.json	1448751600.0	229.89	35280	4031
snapshot_11_28_2015_6_0.json	1448708400.0	210	35280	4086
snapshot_11_29_2015_0_0.json	1448773200.0	227.55	35280	3991
snapshot_11_29_2015_12_0.json	1448816400.0	227.55	35280	3006
snapshot_11_29_2015_18_0.json	1448838000.0	213.1	35280	3101
snapshot_11_30_2015_0_0.json	1448859600.0	206.08	35280	3109
snapshot_11_30_2015_12_0.json	1448902800.0	197.89	35280	3010
snapshot_11_30_2015_18_0.json	1448924400.0	199.47	35280	2784
snapshot_11_30_2015_6_0.json	1448881200.0	197.89	35280	3008
snapshot_12_1_2015_0_0.json	1448946000.0	166.3	35280	2865
snapshot_12_1_2015_12_0.json	1448989200.0	185.43	35280	2781
snapshot_12_1_2015_18_0.json	1449010800.0	148.75	35280	2653
snapshot_12_1_2015_6_0.json	1448967600.0	185.43	35280	2799
snapshot_12_2_2015_0_0.json	1449032400.0	157.35	35280	2565
snapshot_12_2_2015_12_0.json	1449075600.0	151.5	35280	2371
snapshot_12_2_2015_18_0.json	1449097200.0	168.64	35280	2318
snapshot_12_2_2015_6_0.json	1449054000.0	157.35	35280	2385
snapshot_12_3_2015_0_0.json	1449118800.0	170.98	8538.25	1074
snapshot_12_3_2015_12_0.json	1449162000.0	172.15	8538.25	999
snapshot_12_3_2015_18_0.json	1449183600.0	176.83	8538.25	965
snapshot_12_3_2015_6_0.json	1449140400.0	173.32	8538.25	1011
snapshot_12_4_2015_0_0.json	1449205200.0	173.32	2000	866
snapshot_12_4_2015_12_0.json	1449248400.0	183.85	2000	719
snapshot_12_4_2015_18_0.json	1449270000.0	174.9	2000	670
snapshot_12_4_2015_6_0.json	1449226800.0	177.24	2000	734
snapshot_12_5_2015_0_0.json	1449291600.0	201.4	2000	517
snapshot_12_5_2015_12_0.json	1449334800.0	200.23	2000	361
snapshot_12_5_2015_18_0.json	1449356400.0	214.68	2000	180
snapshot_12_5_2015_6_0.json	1449313200.0	195.55	2000	380
