9238989	2016-01-30T19:00:00Z	Disney on Ice Frozen	Selland Arena - Fresno Convention Center	California SF Bay Area|81	93721
snapshot_11_17_2015_0_0.json	1447736400.0	48.13	227.46	587
snapshot_11_17_2015_12_0.json	1447779600.0	56.73	227.46	587
snapshot_11_17_2015_12_0.json	1447779600.0	56.73	227.46	587
snapshot_11_17_2015_6_0.json	1447758000.0	48.13	227.46	587
snapshot_11_18_2015_0_0.json	1447822800.0	48.13	227.46	587
snapshot_11_18_2015_12_0.json	1447866000.0	56.73	227.46	582
snapshot_11_18_2015_18_0.json	1447887600.0	49.3	227.46	582
snapshot_11_18_2015_18_0.json	1447887600.0	49.3	227.46	582
snapshot_11_18_2015_6_0.json	1447844400.0	49.3	227.46	584
snapshot_11_19_2015_0_0.json	1447909200.0	49.3	227.46	582
snapshot_11_19_2015_12_0.json	1447952400.0	56.73	227.46	578
snapshot_11_19_2015_6_0.json	1447930800.0	49.3	227.46	582
snapshot_11_20_2015_0_0.json	1447995600.0	49.3	227.46	574
snapshot_11_20_2015_12_0.json	1448038800.0	56.73	227.46	574
snapshot_11_21_2015_12_0.json	1448125200.0	56.73	227.46	566
snapshot_11_21_2015_18_0.json	1448146800.0	49.3	227.46	566
snapshot_11_21_2015_18_0.json	1448146800.0	49.3	227.46	566
snapshot_11_22_2015_0_0.json	1448168400.0	49.3	227.46	566
snapshot_11_22_2015_0_0.json	1448168400.0	49.3	227.46	566
snapshot_11_22_2015_12_0.json	1448211600.0	56.73	227.46	563
snapshot_11_22_2015_6_0.json	1448190000.0	49.3	227.46	563
snapshot_11_22_2015_6_0.json	1448190000.0	49.3	227.46	563
snapshot_11_23_2015_0_0.json	1448254800.0	53.98	227.46	563
snapshot_11_23_2015_12_0.json	1448298000.0	56.73	227.46	563
snapshot_11_23_2015_18_0.json	1448319600.0	53.98	227.46	563
snapshot_11_23_2015_18_0.json	1448319600.0	53.98	227.46	563
snapshot_11_24_2015_12_0.json	1448384400.0	56.73	208	601
snapshot_11_24_2015_12_0.json	1448384400.0	56.73	208	601
snapshot_11_24_2015_18_0.json	1448406000.0	49.3	190.38	601
snapshot_11_24_2015_6_0.json	1448362800.0	49.3	190.38	601
snapshot_11_25_2015_18_0.json	1448492400.0	49.3	190.38	599
snapshot_11_25_2015_6_0.json	1448449200.0	49.3	190.38	601
snapshot_11_26_2015_0_0.json	1448514000.0	49.3	190.38	599
snapshot_11_26_2015_0_0.json	1448514000.0	49.3	190.38	599
snapshot_11_27_2015_18_0.json	1448665200.0	49.3	190.38	612
snapshot_11_28_2015_12_0.json	1448730000.0	55.15	208	604
snapshot_11_28_2015_18_0.json	1448751600.0	49.3	190.38	604
snapshot_11_28_2015_6_0.json	1448708400.0	49.3	190.38	604
snapshot_11_28_2015_6_0.json	1448708400.0	49.3	190.38	604
snapshot_11_29_2015_0_0.json	1448773200.0	49.3	190.38	604
snapshot_11_29_2015_12_0.json	1448816400.0	55.15	208	604
snapshot_11_29_2015_18_0.json	1448838000.0	49.3	190.38	604
snapshot_11_29_2015_6_0.json	1448794800.0	49.3	190.38	604
snapshot_11_29_2015_6_0.json	1448794800.0	49.3	190.38	604
snapshot_11_30_2015_0_0.json	1448859600.0	49.3	208	608
snapshot_11_30_2015_12_0.json	1448902800.0	55.15	208	606
snapshot_11_30_2015_18_0.json	1448924400.0	53.98	208	606
snapshot_11_30_2015_6_0.json	1448881200.0	49.3	190.38	606
snapshot_12_1_2015_12_0.json	1448989200.0	55.15	208	606
snapshot_12_1_2015_18_0.json	1449010800.0	49.3	190.38	619
snapshot_12_1_2015_6_0.json	1448967600.0	49.3	190.38	606
snapshot_12_2_2015_0_0.json	1449032400.0	49.3	190.38	620
snapshot_12_2_2015_12_0.json	1449075600.0	55.15	208	620
snapshot_12_2_2015_18_0.json	1449097200.0	49.3	190.38	620
snapshot_12_2_2015_6_0.json	1449054000.0	49.3	190.38	620
snapshot_12_2_2015_6_0.json	1449054000.0	49.3	190.38	620
snapshot_12_2_2015_6_0.json	1449054000.0	49.3	190.38	620
snapshot_12_3_2015_0_0.json	1449118800.0	49.3	190.38	620
snapshot_12_3_2015_12_0.json	1449162000.0	55.15	190.38	588
snapshot_12_3_2015_18_0.json	1449183600.0	49.3	190.38	604
snapshot_12_3_2015_18_0.json	1449183600.0	49.3	190.38	604
snapshot_12_3_2015_6_0.json	1449140400.0	55.15	208	606
snapshot_12_4_2015_0_0.json	1449205200.0	53.98	190.38	602
snapshot_12_4_2015_12_0.json	1449248400.0	55.15	208	598
snapshot_12_4_2015_18_0.json	1449270000.0	49.3	190.38	585
snapshot_12_4_2015_6_0.json	1449226800.0	49.3	190.38	602
snapshot_12_5_2015_12_0.json	1449334800.0	55.15	208	580
snapshot_12_5_2015_18_0.json	1449356400.0	49.3	190.38	580
snapshot_12_5_2015_6_0.json	1449313200.0	49.3	190.38	580
9238989	2016-01-30T19:00:00Z	Disney on Ice Frozen	Selland Arena - Fresno Convention Center	California SF Bay Area|81	93721
snapshot_11_17_2015_0_0.json	1447736400.0	48.13	227.46	587
snapshot_11_17_2015_12_0.json	1447779600.0	56.73	227.46	587
snapshot_11_17_2015_12_0.json	1447779600.0	56.73	227.46	587
snapshot_11_17_2015_6_0.json	1447758000.0	48.13	227.46	587
snapshot_11_18_2015_0_0.json	1447822800.0	48.13	227.46	587
snapshot_11_18_2015_12_0.json	1447866000.0	56.73	227.46	582
snapshot_11_18_2015_18_0.json	1447887600.0	49.3	227.46	582
snapshot_11_18_2015_18_0.json	1447887600.0	49.3	227.46	582
snapshot_11_18_2015_6_0.json	1447844400.0	49.3	227.46	584
snapshot_11_19_2015_0_0.json	1447909200.0	49.3	227.46	582
snapshot_11_19_2015_12_0.json	1447952400.0	56.73	227.46	578
snapshot_11_19_2015_6_0.json	1447930800.0	49.3	227.46	582
snapshot_11_20_2015_0_0.json	1447995600.0	49.3	227.46	574
snapshot_11_20_2015_12_0.json	1448038800.0	56.73	227.46	574
snapshot_11_21_2015_12_0.json	1448125200.0	56.73	227.46	566
snapshot_11_21_2015_18_0.json	1448146800.0	49.3	227.46	566
snapshot_11_21_2015_18_0.json	1448146800.0	49.3	227.46	566
snapshot_11_22_2015_0_0.json	1448168400.0	49.3	227.46	566
snapshot_11_22_2015_0_0.json	1448168400.0	49.3	227.46	566
snapshot_11_22_2015_12_0.json	1448211600.0	56.73	227.46	563
snapshot_11_22_2015_6_0.json	1448190000.0	49.3	227.46	563
snapshot_11_22_2015_6_0.json	1448190000.0	49.3	227.46	563
snapshot_11_23_2015_0_0.json	1448254800.0	53.98	227.46	563
snapshot_11_23_2015_12_0.json	1448298000.0	56.73	227.46	563
snapshot_11_23_2015_18_0.json	1448319600.0	53.98	227.46	563
snapshot_11_23_2015_18_0.json	1448319600.0	53.98	227.46	563
snapshot_11_24_2015_12_0.json	1448384400.0	56.73	208	601
snapshot_11_24_2015_12_0.json	1448384400.0	56.73	208	601
snapshot_11_24_2015_18_0.json	1448406000.0	49.3	190.38	601
snapshot_11_24_2015_6_0.json	1448362800.0	49.3	190.38	601
snapshot_11_25_2015_18_0.json	1448492400.0	49.3	190.38	599
snapshot_11_25_2015_6_0.json	1448449200.0	49.3	190.38	601
snapshot_11_26_2015_0_0.json	1448514000.0	49.3	190.38	599
snapshot_11_26_2015_0_0.json	1448514000.0	49.3	190.38	599
snapshot_11_27_2015_18_0.json	1448665200.0	49.3	190.38	612
snapshot_11_28_2015_12_0.json	1448730000.0	55.15	208	604
snapshot_11_28_2015_18_0.json	1448751600.0	49.3	190.38	604
snapshot_11_28_2015_6_0.json	1448708400.0	49.3	190.38	604
snapshot_11_28_2015_6_0.json	1448708400.0	49.3	190.38	604
snapshot_11_29_2015_0_0.json	1448773200.0	49.3	190.38	604
snapshot_11_29_2015_12_0.json	1448816400.0	55.15	208	604
snapshot_11_29_2015_18_0.json	1448838000.0	49.3	190.38	604
snapshot_11_29_2015_6_0.json	1448794800.0	49.3	190.38	604
snapshot_11_29_2015_6_0.json	1448794800.0	49.3	190.38	604
snapshot_11_30_2015_0_0.json	1448859600.0	49.3	208	608
snapshot_11_30_2015_12_0.json	1448902800.0	55.15	208	606
snapshot_11_30_2015_18_0.json	1448924400.0	53.98	208	606
snapshot_11_30_2015_6_0.json	1448881200.0	49.3	190.38	606
snapshot_12_1_2015_12_0.json	1448989200.0	55.15	208	606
snapshot_12_1_2015_18_0.json	1449010800.0	49.3	190.38	619
snapshot_12_1_2015_6_0.json	1448967600.0	49.3	190.38	606
snapshot_12_2_2015_0_0.json	1449032400.0	49.3	190.38	620
snapshot_12_2_2015_12_0.json	1449075600.0	55.15	208	620
snapshot_12_2_2015_18_0.json	1449097200.0	49.3	190.38	620
snapshot_12_2_2015_6_0.json	1449054000.0	49.3	190.38	620
snapshot_12_2_2015_6_0.json	1449054000.0	49.3	190.38	620
snapshot_12_2_2015_6_0.json	1449054000.0	49.3	190.38	620
snapshot_12_3_2015_0_0.json	1449118800.0	49.3	190.38	620
snapshot_12_3_2015_12_0.json	1449162000.0	55.15	190.38	588
snapshot_12_3_2015_18_0.json	1449183600.0	49.3	190.38	604
snapshot_12_3_2015_18_0.json	1449183600.0	49.3	190.38	604
snapshot_12_3_2015_6_0.json	1449140400.0	55.15	208	606
snapshot_12_4_2015_0_0.json	1449205200.0	53.98	190.38	602
snapshot_12_4_2015_12_0.json	1449248400.0	55.15	208	598
snapshot_12_4_2015_18_0.json	1449270000.0	49.3	190.38	585
snapshot_12_4_2015_6_09238989	2016-01-30T19:00:00Z	Disney on Ice Frozen	Selland Arena - Fresno Convention Center	California SF Bay Area|81	93721
snapshot_11_17_2015_0_0.json	1447736400.0	48.13	227.46	587
snapshot_11_17_2015_12_0.json	1447779600.0	56.73	227.46	587
snapshot_11_17_2015_12_0.json	1447779600.0	56.73	227.46	587
snapshot_11_17_2015_6_0.json	1447758000.0	48.13	227.46	587
snapshot_11_18_2015_0_0.json	1447822800.0	48.13	227.46	587
snapshot_11_18_2015_12_0.json	1447866000.0	56.73	227.46	582
snapshot_11_18_2015_18_0.json	1447887600.0	49.3	227.46	582
snapshot_11_18_2015_18_0.json	1447887600.0	49.3	227.46	582
snapshot_11_18_2015_6_0.json	1447844400.0	49.3	227.46	584
snapshot_11_19_2015_0_0.json	1447909200.0	49.3	227.46	582
snapshot_11_19_2015_12_0.json	1447952400.0	56.73	227.46	578
snapshot_11_19_2015_6_0.json	1447930800.0	49.3	227.46	582
snapshot_11_20_2015_0_0.json	1447995600.0	49.3	227.46	574
snapshot_11_20_2015_12_0.json	1448038800.0	56.73	227.46	574
snapshot_11_21_2015_12_0.json	1448125200.0	56.73	227.46	566
snapshot_11_21_2015_18_0.json	1448146800.0	49.3	227.46	566
snapshot_11_21_2015_18_0.json	1448146800.0	49.3	227.46	566
snapshot_11_22_2015_0_0.json	1448168400.0	49.3	227.46	566
snapshot_11_22_2015_0_0.json	1448168400.0	49.3	227.46	566
snapshot_11_22_2015_12_0.json	1448211600.0	56.73	227.46	563
snapshot_11_22_2015_6_0.json	1448190000.0	49.3	227.46	563
snapshot_11_22_2015_6_0.json	1448190000.0	49.3	227.46	563
snapshot_11_23_2015_0_0.json	1448254800.0	53.98	227.46	563
snapshot_11_23_2015_12_0.json	1448298000.0	56.73	227.46	563
snapshot_11_23_2015_18_0.json	1448319600.0	53.98	227.46	563
snapshot_11_23_2015_18_0.json	1448319600.0	53.98	227.46	563
snapshot_11_24_2015_12_0.json	1448384400.0	56.73	208	601
snapshot_11_24_2015_12_0.json	1448384400.0	56.73	208	601
snapshot_11_24_2015_18_0.json	1448406000.0	49.3	190.38	601
snapshot_11_24_2015_6_0.json	1448362800.0	49.3	190.38	601
snapshot_11_25_2015_18_0.json	1448492400.0	49.3	190.38	599
snapshot_11_25_2015_6_0.json	1448449200.0	49.3	190.38	601
snapshot_11_26_2015_0_0.json	1448514000.0	49.3	190.38	599
snapshot_11_26_2015_0_0.json	1448514000.0	49.3	190.38	599
snapshot_11_27_2015_18_0.json	1448665200.0	49.3	190.38	612
snapshot_11_28_2015_12_0.json	1448730000.0	55.15	208	604
snapshot_11_28_2015_18_0.json	1448751600.0	49.3	190.38	604
snapshot_11_28_2015_6_0.json	1448708400.0	49.3	190.38	604
snapshot_11_28_2015_6_0.json	1448708400.0	49.3	190.38	604
snapshot_11_29_2015_0_0.json	1448773200.0	49.3	190.38	604
snapshot_11_29_2015_12_0.json	1448816400.0	55.15	208	604
snapshot_11_29_2015_18_0.json	1448838000.0	49.3	190.38	604
snapshot_11_29_2015_6_0.json	1448794800.0	49.3	190.38	604
snapshot_11_29_2015_6_0.json	1448794800.0	49.3	190.38	604
snapshot_11_30_2015_0_0.json	1448859600.0	49.3	208	608
snapshot_11_30_2015_12_0.json	1448902800.0	55.15	208	606
snapshot_11_30_2015_18_0.json	1448924400.0	53.98	208	606
snapshot_11_30_2015_6_0.json	1448881200.0	49.3	190.38	606
snapshot_12_1_2015_12_0.json	1448989200.0	55.15	208	606
snapshot_12_1_2015_18_0.json	1449010800.0	49.3	190.38	619
snapshot_12_1_2015_6_0.json	1448967600.0	49.3	190.38	606
snapshot_12_2_2015_0_0.json	1449032400.0	49.3	190.38	620
snapshot_12_2_2015_12_0.json	1449075600.0	55.15	208	620
snapshot_12_2_2015_18_0.json	1449097200.0	49.3	190.38	620
snapshot_12_2_2015_6_0.json	1449054000.0	49.3	190.38	620
snapshot_12_2_2015_6_0.json	1449054000.0	49.3	190.38	620
snapshot_12_2_2015_6_0.json	1449054000.0	49.3	190.38	620
snapshot_12_3_2015_0_0.json	1449118800.0	49.3	190.38	620
snapshot_12_3_2015_12_0.json	1449162000.0	55.15	190.38	588
snapshot_12_3_2015_18_0.json	1449183600.0	49.3	190.38	604
snapshot_12_3_2015_18_0.json	1449183600.0	49.3	190.38	604
snapshot_12_3_2015_6_0.json	1449140400.0	55.15	208	606
snapshot_12_4_2015_0_0.json	1449205200.0	53.98	190.38	602
snapshot_12_4_2015_12_0.json	1449248400.0	55.15	208	598
snapshot_12_4_2015_18_0.json	1449270000.0	49.3	190.38	585
snapshot_12_4_2015_6_0.json	1449226800.0	49.3	190.38	602
snapshot_12_5_2015_12_0.json	1449334800.0	55.15	208	580
snapshot_12_5_2015_18_0.json	1449356400.0	49.3	190.38	580
snapshot_12_5_2015_6_0.json	1449313200.0	49.3	190.38	580
9238989	2016-01-30T19:00:00Z	Disney on Ice Frozen	Selland Arena - Fresno Convention Center	California SF Bay Area|81	93721
snapshot_11_17_2015_0_0.json	1447736400.0	48.13	227.46	587
snapshot_11_17_2015_12_0.json	1447779600.0	56.73	227.46	587
snapshot_11_17_2015_12_0.json	1447779600.0	56.73	227.46	587
snapshot_11_17_2015_6_0.json	1447758000.0	48.13	227.46	587
snapshot_11_18_2015_0_0.json	1447822800.0	48.13	227.46	587
snapshot_11_18_2015_12_0.json	1447866000.0	56.73	227.46	582
snapshot_11_18_2015_18_0.json	1447887600.0	49.3	227.46	582
snapshot_11_18_2015_18_0.json	1447887600.0	49.3	227.46	582
snapshot_11_18_2015_6_0.json	1447844400.0	49.3	227.46	584
snapshot_11_19_2015_0_0.json	1447909200.0	49.3	227.46	582
snapshot_11_19_2015_12_0.json	1447952400.0	56.73	227.46	578
snapshot_11_19_2015_6_0.json	1447930800.0	49.3	227.46	582
snapshot_11_20_2015_0_0.json	1447995600.0	49.3	227.46	574
snapshot_11_20_2015_12_0.json	1448038800.0	56.73	227.46	574
snapshot_11_21_2015_12_0.json	1448125200.0	56.73	227.46	566
snapshot_11_21_2015_18_0.json	1448146800.0	49.3	227.46	566
snapshot_11_21_2015_18_0.json	1448146800.0	49.3	227.46	566
snapshot_11_22_2015_0_0.json	1448168400.0	49.3	227.46	566
snapshot_11_22_2015_0_0.json	1448168400.0	49.3	227.46	566
snapshot_11_22_2015_12_0.json	1448211600.0	56.73	227.46	563
snapshot_11_22_2015_6_0.json	1448190000.0	49.3	227.46	563
snapshot_11_22_2015_6_0.json	1448190000.0	49.3	227.46	563
snapshot_11_23_2015_0_0.json	1448254800.0	53.98	227.46	563
snapshot_11_23_2015_12_0.json	1448298000.0	56.73	227.46	563
snapshot_11_23_2015_18_0.json	1448319600.0	53.98	227.46	563
snapshot_11_23_2015_18_0.json	1448319600.0	53.98	227.46	563
snapshot_11_24_2015_12_0.json	1448384400.0	56.73	208	601
snapshot_11_24_2015_12_0.json	1448384400.0	56.73	208	601
snapshot_11_24_2015_18_0.json	1448406000.0	49.3	190.38	601
snapshot_11_24_2015_6_0.json	1448362800.0	49.3	190.38	601
snapshot_11_25_2015_18_0.json	1448492400.0	49.3	190.38	599
snapshot_11_25_2015_6_0.json	1448449200.0	49.3	190.38	601
snapshot_11_26_2015_0_0.json	1448514000.0	49.3	190.38	599
snapshot_11_26_2015_0_0.json	1448514000.0	49.3	190.38	599
snapshot_11_27_2015_18_0.json	1448665200.0	49.3	190.38	612
snapshot_11_28_2015_12_0.json	1448730000.0	55.15	208	604
snapshot_11_28_2015_18_0.json	1448751600.0	49.3	190.38	604
snapshot_11_28_2015_6_0.json	1448708400.0	49.3	190.38	604
snapshot_11_28_2015_6_0.json	1448708400.0	49.3	190.38	604
snapshot_11_29_2015_0_0.json	1448773200.0	49.3	190.38	604
snapshot_11_29_2015_12_0.json	1448816400.0	55.15	208	604
snapshot_11_29_2015_18_0.json	1448838000.0	49.3	190.38	604
snapshot_11_29_2015_6_0.json	1448794800.0	49.3	190.38	604
snapshot_11_29_2015_6_0.json	1448794800.0	49.3	190.38	604
snapshot_11_30_2015_0_0.json	1448859600.0	49.3	208	608
snapshot_11_30_2015_12_0.json	1448902800.0	55.15	208	606
snapshot_11_30_2015_18_0.json	1448924400.0	53.98	208	606
snapshot_11_30_2015_6_0.json	1448881200.0	49.3	190.38	606
snapshot_12_1_2015_12_0.json	1448989200.0	55.15	208	606
snapshot_12_1_2015_18_0.json	1449010800.0	49.3	190.38	619
snapshot_12_1_2015_6_0.json	1448967600.0	49.3	190.38	606
snapshot_12_2_2015_0_0.json	1449032400.0	49.3	190.38	620
snapshot_12_2_2015_12_0.json	1449075600.0	55.15	208	620
snapshot_12_2_2015_18_0.json	1449097200.0	49.3	190.38	620
snapshot_12_2_2015_6_0.json	1449054000.0	49.3	190.38	620
snapshot_12_2_2015_6_0.json	1449054000.0	49.3	190.38	620
snapshot_12_2_2015_6_0.json	1449054000.0	49.3	190.38	620
snapshot_12_3_2015_0_0.json	1449118800.0	49.3	190.38	620
snapshot_12_3_2015_12_0.json	1449162000.0	55.15	190.38	588
snapshot_12_3_2015_18_0.json	1449183600.0	49.3	190.38	604
snapshot_12_3_2015_18_0.json	1449183600.0	49.3	190.38	604
snapshot_12_3_2015_6_0.json	1449140400.0	55.15	208	606
snapshot_12_4_2015_0_0.json	1449205200.0	53.98	190.38	602
snapshot_12_4_2015_12_0.json	1449248400.0	55.15	208	598
snapshot_12_4_2015_18_0.json	1449270000.0	49.3	190.38	585
snapshot_12_4_2015_6_0
