9241053	2016-01-17T03:00:00Z	Monster Jam	Angel Stadium	California Los Angeles Metro|10	92806
snapshot_11_16_2015_0_0.json	1447650000.0	37.6	3600	2201
snapshot_11_17_2015_0_0.json	1447736400.0	37.6	3600	2201
snapshot_11_17_2015_12_0.json	1447779600.0	37.6	3600	2201
snapshot_11_17_2015_12_0.json	1447779600.0	37.6	3600	2201
snapshot_11_17_2015_18_0.json	1447801200.0	37.6	3600	2201
snapshot_11_17_2015_6_0.json	1447758000.0	37.6	3600	2201
snapshot_11_18_2015_0_0.json	1447822800.0	37.6	3600	2201
snapshot_11_18_2015_0_0.json	1447822800.0	37.6	3600	2201
snapshot_11_18_2015_18_0.json	1447887600.0	37.6	3600	2197
snapshot_11_18_2015_6_0.json	1447844400.0	37.6	3600	2201
snapshot_11_19_2015_0_0.json	1447909200.0	37.6	3600	2178
snapshot_11_19_2015_12_0.json	1447952400.0	37.6	3600	2179
snapshot_11_19_2015_12_0.json	1447952400.0	37.6	3600	2179
snapshot_11_19_2015_6_0.json	1447930800.0	37.6	3600	2182
snapshot_11_20_2015_0_0.json	1447995600.0	37.6	3600	2279
snapshot_11_20_2015_12_0.json	1448038800.0	37.6	3600	2275
snapshot_11_21_2015_12_0.json	1448125200.0	37.6	3600	2265
snapshot_11_22_2015_0_0.json	1448168400.0	37.6	3600	2265
snapshot_11_22_2015_12_0.json	1448211600.0	37.6	3600	2262
snapshot_11_22_2015_18_0.json	1448233200.0	37.6	3600	2262
snapshot_11_22_2015_18_0.json	1448233200.0	37.6	3600	2262
snapshot_11_22_2015_6_0.json	1448190000.0	37.6	3600	2262
snapshot_11_23_2015_0_0.json	1448254800.0	37.6	3600	2260
snapshot_11_23_2015_12_0.json	1448298000.0	37.6	3600	2258
snapshot_11_23_2015_6_0.json	1448276400.0	37.6	3600	2258
snapshot_11_23_2015_6_0.json	1448276400.0	37.6	3600	2258
snapshot_11_24_2015_0_0.json	1448341200.0	37.6	3600	2258
snapshot_11_24_2015_0_0.json	1448341200.0	37.6	3600	2258
snapshot_11_24_2015_12_0.json	1448384400.0	37.6	3600	2258
snapshot_11_24_2015_18_0.json	1448406000.0	37.6	3600	2258
snapshot_11_24_2015_6_0.json	1448362800.0	37.6	3600	2258
snapshot_11_25_2015_0_0.json	1448427600.0	37.6	3600	2286
snapshot_11_25_2015_0_0.json	1448427600.0	37.6	3600	2286
snapshot_11_25_2015_12_0.json	1448470800.0	37.6	3600	2286
snapshot_11_25_2015_12_0.json	1448470800.0	37.6	3600	2286
snapshot_11_25_2015_18_0.json	1448492400.0	37.6	3600	2334
snapshot_11_25_2015_6_0.json	1448449200.0	37.6	3600	2286
snapshot_11_26_2015_0_0.json	1448514000.0	37.6	3600	2331
snapshot_11_26_2015_0_0.json	1448514000.0	37.6	3600	2331
snapshot_11_27_2015_18_0.json	1448665200.0	37.6	3600	2325
snapshot_11_28_2015_0_0.json	1448686800.0	37.6	3600	2325
snapshot_11_28_2015_0_0.json	1448686800.0	37.6	3600	2325
snapshot_11_28_2015_12_0.json	1448730000.0	37.6	3600	2325
snapshot_11_28_2015_18_0.json	1448751600.0	37.6	3600	2325
snapshot_11_28_2015_6_0.json	1448708400.0	37.6	3600	2325
snapshot_11_29_2015_0_0.json	1448773200.0	37.6	3600	2318
snapshot_11_29_2015_18_0.json	1448838000.0	37.6	3600	2309
snapshot_11_29_2015_6_0.json	1448794800.0	37.6	3600	2316
snapshot_11_30_2015_12_0.json	1448902800.0	37.6	3600	2390
snapshot_11_30_2015_18_0.json	1448924400.0	37.6	3600	2387
snapshot_11_30_2015_6_0.json	1448881200.0	37.6	3600	2390
snapshot_12_1_2015_0_0.json	1448946000.0	37.6	3600	2415
snapshot_12_1_2015_12_0.json	1448989200.0	37.6	3600	2410
snapshot_12_1_2015_6_0.json	1448967600.0	37.6	3600	2410
snapshot_12_2_2015_0_0.json	1449032400.0	37.6	3600	2450
snapshot_12_2_2015_12_0.json	1449075600.0	37.6	3600	2450
snapshot_12_2_2015_12_0.json	1449075600.0	37.6	3600	2450
snapshot_12_2_2015_18_0.json	1449097200.0	37.6	3600	2448
snapshot_12_3_2015_0_0.json	1449118800.0	37.6	3600	2440
snapshot_12_3_2015_12_0.json	1449162000.0	37.6	3600	2431
snapshot_12_3_2015_18_0.json	1449183600.0	37.6	3600	2431
snapshot_12_3_2015_18_0.json	1449183600.0	37.6	3600	2431
snapshot_12_3_2015_6_0.json	1449140400.0	37.6	3600	2431
snapshot_12_4_2015_0_0.json	1449205200.0	37.6	3600	2427
snapshot_12_4_2015_12_0.json	1449248400.0	37.6	3600	2418
snapshot_12_4_2015_18_0.json	1449270000.0	37.6	3600	2418
snapshot_12_4_2015_6_0.json	1449226800.0	37.6	3600	2423
snapshot_12_5_2015_0_0.json	1449291600.0	37.6	3600	2422
snapshot_12_5_2015_12_0.json	1449334800.0	37.6	3600	2458
snapshot_12_5_2015_18_0.json	1449356400.0	37.6	3600	2460
snapshot_12_5_2015_6_0.json	1449313200.0	37.6	3600	2412
9241053	2016-01-17T03:00:00Z	Monster Jam	Angel Stadium	California Los Angeles Metro|10	92806
snapshot_11_16_2015_0_0.json	1447650000.0	37.6	3600	2201
snapshot_11_17_2015_0_0.json	1447736400.0	37.6	3600	2201
snapshot_11_17_2015_12_0.json	1447779600.0	37.6	3600	2201
snapshot_11_17_2015_12_0.json	1447779600.0	37.6	3600	2201
snapshot_11_17_2015_18_0.json	1447801200.0	37.6	3600	2201
snapshot_11_17_2015_6_0.json	1447758000.0	37.6	3600	2201
snapshot_11_18_2015_0_0.json	1447822800.0	37.6	3600	2201
snapshot_11_18_2015_0_0.json	1447822800.0	37.6	3600	2201
snapshot_11_18_2015_18_0.json	1447887600.0	37.6	3600	2197
snapshot_11_18_2015_6_0.json	1447844400.0	37.6	3600	2201
snapshot_11_19_2015_0_0.json	1447909200.0	37.6	3600	2178
snapshot_11_19_2015_12_0.json	1447952400.0	37.6	3600	2179
snapshot_11_19_2015_12_0.json	1447952400.0	37.6	3600	2179
snapshot_11_19_2015_6_0.json	1447930800.0	37.6	3600	2182
snapshot_11_20_2015_0_0.json	1447995600.0	37.6	3600	2279
snapshot_11_20_2015_12_0.json	1448038800.0	37.6	3600	2275
snapshot_11_21_2015_12_0.json	1448125200.0	37.6	3600	2265
snapshot_11_22_2015_0_0.json	1448168400.0	37.6	3600	2265
snapshot_11_22_2015_12_0.json	1448211600.0	37.6	3600	2262
snapshot_11_22_2015_18_0.json	1448233200.0	37.6	3600	2262
snapshot_11_22_2015_18_0.json	1448233200.0	37.6	3600	2262
snapshot_11_22_2015_6_0.json	1448190000.0	37.6	3600	2262
snapshot_11_23_2015_0_0.json	1448254800.0	37.6	3600	2260
snapshot_11_23_2015_12_0.json	1448298000.0	37.6	3600	2258
snapshot_11_23_2015_6_0.json	1448276400.0	37.6	3600	2258
snapshot_11_23_2015_6_0.json	1448276400.0	37.6	3600	2258
snapshot_11_24_2015_0_0.json	1448341200.0	37.6	3600	2258
snapshot_11_24_2015_0_0.json	1448341200.0	37.6	3600	2258
snapshot_11_24_2015_12_0.json	1448384400.0	37.6	3600	2258
snapshot_11_24_2015_18_0.json	1448406000.0	37.6	3600	2258
snapshot_11_24_2015_6_0.json	1448362800.0	37.6	3600	2258
snapshot_11_25_2015_0_0.json	1448427600.0	37.6	3600	2286
snapshot_11_25_2015_0_0.json	1448427600.0	37.6	3600	2286
snapshot_11_25_2015_12_0.json	1448470800.0	37.6	3600	2286
snapshot_11_25_2015_12_0.json	1448470800.0	37.6	3600	2286
snapshot_11_25_2015_18_0.json	1448492400.0	37.6	3600	2334
snapshot_11_25_2015_6_0.json	1448449200.0	37.6	3600	2286
snapshot_11_26_2015_0_0.json	1448514000.0	37.6	3600	2331
snapshot_11_26_2015_0_0.json	1448514000.0	37.6	3600	2331
snapshot_11_27_2015_18_0.json	1448665200.0	37.6	3600	2325
snapshot_11_28_2015_0_0.json	1448686800.0	37.6	3600	2325
snapshot_11_28_2015_0_0.json	1448686800.0	37.6	3600	2325
snapshot_11_28_2015_12_0.json	1448730000.0	37.6	3600	2325
snapshot_11_28_2015_18_0.json	1448751600.0	37.6	3600	2325
snapshot_11_28_2015_6_0.json	1448708400.0	37.6	3600	2325
snapshot_11_29_2015_0_0.json	1448773200.0	37.6	3600	2318
snapshot_11_29_2015_18_0.json	1448838000.0	37.6	3600	2309
snapshot_11_29_2015_6_0.json	1448794800.0	37.6	3600	2316
snapshot_11_30_2015_12_0.json	1448902800.0	37.6	3600	2390
snapshot_11_30_2015_18_0.json	1448924400.0	37.6	3600	2387
snapshot_11_30_2015_6_0.json	1448881200.0	37.6	3600	2390
snapshot_12_1_2015_0_0.json	1448946000.0	37.6	3600	2415
snapshot_12_1_2015_12_0.json	1448989200.0	37.6	3600	2410
snapshot_12_1_2015_6_0.json	1448967600.0	37.6	3600	2410
snapshot_12_2_2015_0_0.json	1449032400.0	37.6	3600	2450
snapshot_12_2_2015_12_0.json	1449075600.0	37.6	3600	2450
snapshot_12_2_2015_12_0.json	1449075600.0	37.6	3600	2450
snapshot_12_2_2015_18_0.json	1449097200.0	37.6	3600	2448
snapshot_12_3_2015_0_0.json	1449118800.0	37.6	3600	2440
snapshot_12_3_2015_12_0.json	1449162000.0	37.6	3600	2431
snapshot_12_3_2015_18_0.json	1449183600.0	37.6	3600	2431
snapshot_12_3_2015_18_0.json	1449183600.0	37.6	3600	2431
snapshot_12_3_2015_6_0.json	1449140400.0	37.6	3600	2431
snapshot_12_4_2015_0_0.json	1449205200.0	37.6	3600	2427
snapshot_12_4_2015_12_0.json	1449248400.0	37.6	3600	2418
snapshot_12_4_2015_18_0.json	1449270000.0	37.6	3600	2418
snapshot_12_4_2015_6_0.json9241053	2016-01-17T03:00:00Z	Monster Jam	Angel Stadium	California Los Angeles Metro|10	92806
snapshot_11_16_2015_0_0.json	1447650000.0	37.6	3600	2201
snapshot_11_17_2015_0_0.json	1447736400.0	37.6	3600	2201
snapshot_11_17_2015_12_0.json	1447779600.0	37.6	3600	2201
snapshot_11_17_2015_12_0.json	1447779600.0	37.6	3600	2201
snapshot_11_17_2015_18_0.json	1447801200.0	37.6	3600	2201
snapshot_11_17_2015_6_0.json	1447758000.0	37.6	3600	2201
snapshot_11_18_2015_0_0.json	1447822800.0	37.6	3600	2201
snapshot_11_18_2015_0_0.json	1447822800.0	37.6	3600	2201
snapshot_11_18_2015_18_0.json	1447887600.0	37.6	3600	2197
snapshot_11_18_2015_6_0.json	1447844400.0	37.6	3600	2201
snapshot_11_19_2015_0_0.json	1447909200.0	37.6	3600	2178
snapshot_11_19_2015_12_0.json	1447952400.0	37.6	3600	2179
snapshot_11_19_2015_12_0.json	1447952400.0	37.6	3600	2179
snapshot_11_19_2015_6_0.json	1447930800.0	37.6	3600	2182
snapshot_11_20_2015_0_0.json	1447995600.0	37.6	3600	2279
snapshot_11_20_2015_12_0.json	1448038800.0	37.6	3600	2275
snapshot_11_21_2015_12_0.json	1448125200.0	37.6	3600	2265
snapshot_11_22_2015_0_0.json	1448168400.0	37.6	3600	2265
snapshot_11_22_2015_12_0.json	1448211600.0	37.6	3600	2262
snapshot_11_22_2015_18_0.json	1448233200.0	37.6	3600	2262
snapshot_11_22_2015_18_0.json	1448233200.0	37.6	3600	2262
snapshot_11_22_2015_6_0.json	1448190000.0	37.6	3600	2262
snapshot_11_23_2015_0_0.json	1448254800.0	37.6	3600	2260
snapshot_11_23_2015_12_0.json	1448298000.0	37.6	3600	2258
snapshot_11_23_2015_6_0.json	1448276400.0	37.6	3600	2258
snapshot_11_23_2015_6_0.json	1448276400.0	37.6	3600	2258
snapshot_11_24_2015_0_0.json	1448341200.0	37.6	3600	2258
snapshot_11_24_2015_0_0.json	1448341200.0	37.6	3600	2258
snapshot_11_24_2015_12_0.json	1448384400.0	37.6	3600	2258
snapshot_11_24_2015_18_0.json	1448406000.0	37.6	3600	2258
snapshot_11_24_2015_6_0.json	1448362800.0	37.6	3600	2258
snapshot_11_25_2015_0_0.json	1448427600.0	37.6	3600	2286
snapshot_11_25_2015_0_0.json	1448427600.0	37.6	3600	2286
snapshot_11_25_2015_12_0.json	1448470800.0	37.6	3600	2286
snapshot_11_25_2015_12_0.json	1448470800.0	37.6	3600	2286
snapshot_11_25_2015_18_0.json	1448492400.0	37.6	3600	2334
snapshot_11_25_2015_6_0.json	1448449200.0	37.6	3600	2286
snapshot_11_26_2015_0_0.json	1448514000.0	37.6	3600	2331
snapshot_11_26_2015_0_0.json	1448514000.0	37.6	3600	2331
snapshot_11_27_2015_18_0.json	1448665200.0	37.6	3600	2325
snapshot_11_28_2015_0_0.json	1448686800.0	37.6	3600	2325
snapshot_11_28_2015_0_0.json	1448686800.0	37.6	3600	2325
snapshot_11_28_2015_12_0.json	1448730000.0	37.6	3600	2325
snapshot_11_28_2015_18_0.json	1448751600.0	37.6	3600	2325
snapshot_11_28_2015_6_0.json	1448708400.0	37.6	3600	2325
snapshot_11_29_2015_0_0.json	1448773200.0	37.6	3600	2318
snapshot_11_29_2015_18_0.json	1448838000.0	37.6	3600	2309
snapshot_11_29_2015_6_0.json	1448794800.0	37.6	3600	2316
snapshot_11_30_2015_12_0.json	1448902800.0	37.6	3600	2390
snapshot_11_30_2015_18_0.json	1448924400.0	37.6	3600	2387
snapshot_11_30_2015_6_0.json	1448881200.0	37.6	3600	2390
snapshot_12_1_2015_0_0.json	1448946000.0	37.6	3600	2415
snapshot_12_1_2015_12_0.json	1448989200.0	37.6	3600	2410
snapshot_12_1_2015_6_0.json	1448967600.0	37.6	3600	2410
snapshot_12_2_2015_0_0.json	1449032400.0	37.6	3600	2450
snapshot_12_2_2015_12_0.json	1449075600.0	37.6	3600	2450
snapshot_12_2_2015_12_0.json	1449075600.0	37.6	3600	2450
snapshot_12_2_2015_18_0.json	1449097200.0	37.6	3600	2448
snapshot_12_3_2015_0_0.json	1449118800.0	37.6	3600	2440
snapshot_12_3_2015_12_0.json	1449162000.0	37.6	3600	2431
snapshot_12_3_2015_18_0.json	1449183600.0	37.6	3600	2431
snapshot_12_3_2015_18_0.json	1449183600.0	37.6	3600	2431
snapshot_12_3_2015_6_0.json	1449140400.0	37.6	3600	2431
snapshot_12_4_2015_0_0.json	1449205200.0	37.6	3600	2427
snapshot_12_4_2015_12_0.json	1449248400.0	37.6	3600	2418
snapshot_12_4_2015_18_0.json	1449270000.0	37.6	3600	2418
snapshot_12_4_2015_6_0.json	1449226800.0	37.6	3600	2423
snapshot_12_5_2015_0_0.json	1449291600.0	37.6	3600	2422
snapshot_12_5_2015_12_0.json	1449334800.0	37.6	3600	2458
snapshot_12_5_2015_18_0.json	1449356400.0	37.6	3600	2460
snapshot_12_5_2015_6_0.json	1449313200.0	37.6	3600	2412
9241053	2016-01-17T03:00:00Z	Monster Jam	Angel Stadium	California Los Angeles Metro|10	92806
snapshot_11_16_2015_0_0.json	1447650000.0	37.6	3600	2201
snapshot_11_17_2015_0_0.json	1447736400.0	37.6	3600	2201
snapshot_11_17_2015_12_0.json	1447779600.0	37.6	3600	2201
snapshot_11_17_2015_12_0.json	1447779600.0	37.6	3600	2201
snapshot_11_17_2015_18_0.json	1447801200.0	37.6	3600	2201
snapshot_11_17_2015_6_0.json	1447758000.0	37.6	3600	2201
snapshot_11_18_2015_0_0.json	1447822800.0	37.6	3600	2201
snapshot_11_18_2015_0_0.json	1447822800.0	37.6	3600	2201
snapshot_11_18_2015_18_0.json	1447887600.0	37.6	3600	2197
snapshot_11_18_2015_6_0.json	1447844400.0	37.6	3600	2201
snapshot_11_19_2015_0_0.json	1447909200.0	37.6	3600	2178
snapshot_11_19_2015_12_0.json	1447952400.0	37.6	3600	2179
snapshot_11_19_2015_12_0.json	1447952400.0	37.6	3600	2179
snapshot_11_19_2015_6_0.json	1447930800.0	37.6	3600	2182
snapshot_11_20_2015_0_0.json	1447995600.0	37.6	3600	2279
snapshot_11_20_2015_12_0.json	1448038800.0	37.6	3600	2275
snapshot_11_21_2015_12_0.json	1448125200.0	37.6	3600	2265
snapshot_11_22_2015_0_0.json	1448168400.0	37.6	3600	2265
snapshot_11_22_2015_12_0.json	1448211600.0	37.6	3600	2262
snapshot_11_22_2015_18_0.json	1448233200.0	37.6	3600	2262
snapshot_11_22_2015_18_0.json	1448233200.0	37.6	3600	2262
snapshot_11_22_2015_6_0.json	1448190000.0	37.6	3600	2262
snapshot_11_23_2015_0_0.json	1448254800.0	37.6	3600	2260
snapshot_11_23_2015_12_0.json	1448298000.0	37.6	3600	2258
snapshot_11_23_2015_6_0.json	1448276400.0	37.6	3600	2258
snapshot_11_23_2015_6_0.json	1448276400.0	37.6	3600	2258
snapshot_11_24_2015_0_0.json	1448341200.0	37.6	3600	2258
snapshot_11_24_2015_0_0.json	1448341200.0	37.6	3600	2258
snapshot_11_24_2015_12_0.json	1448384400.0	37.6	3600	2258
snapshot_11_24_2015_18_0.json	1448406000.0	37.6	3600	2258
snapshot_11_24_2015_6_0.json	1448362800.0	37.6	3600	2258
snapshot_11_25_2015_0_0.json	1448427600.0	37.6	3600	2286
snapshot_11_25_2015_0_0.json	1448427600.0	37.6	3600	2286
snapshot_11_25_2015_12_0.json	1448470800.0	37.6	3600	2286
snapshot_11_25_2015_12_0.json	1448470800.0	37.6	3600	2286
snapshot_11_25_2015_18_0.json	1448492400.0	37.6	3600	2334
snapshot_11_25_2015_6_0.json	1448449200.0	37.6	3600	2286
snapshot_11_26_2015_0_0.json	1448514000.0	37.6	3600	2331
snapshot_11_26_2015_0_0.json	1448514000.0	37.6	3600	2331
snapshot_11_27_2015_18_0.json	1448665200.0	37.6	3600	2325
snapshot_11_28_2015_0_0.json	1448686800.0	37.6	3600	2325
snapshot_11_28_2015_0_0.json	1448686800.0	37.6	3600	2325
snapshot_11_28_2015_12_0.json	1448730000.0	37.6	3600	2325
snapshot_11_28_2015_18_0.json	1448751600.0	37.6	3600	2325
snapshot_11_28_2015_6_0.json	1448708400.0	37.6	3600	2325
snapshot_11_29_2015_0_0.json	1448773200.0	37.6	3600	2318
snapshot_11_29_2015_18_0.json	1448838000.0	37.6	3600	2309
snapshot_11_29_2015_6_0.json	1448794800.0	37.6	3600	2316
snapshot_11_30_2015_12_0.json	1448902800.0	37.6	3600	2390
snapshot_11_30_2015_18_0.json	1448924400.0	37.6	3600	2387
snapshot_11_30_2015_6_0.json	1448881200.0	37.6	3600	2390
snapshot_12_1_2015_0_0.json	1448946000.0	37.6	3600	2415
snapshot_12_1_2015_12_0.json	1448989200.0	37.6	3600	2410
snapshot_12_1_2015_6_0.json	1448967600.0	37.6	3600	2410
snapshot_12_2_2015_0_0.json	1449032400.0	37.6	3600	2450
snapshot_12_2_2015_12_0.json	1449075600.0	37.6	3600	2450
snapshot_12_2_2015_12_0.json	1449075600.0	37.6	3600	2450
snapshot_12_2_2015_18_0.json	1449097200.0	37.6	3600	2448
snapshot_12_3_2015_0_0.json	1449118800.0	37.6	3600	2440
snapshot_12_3_2015_12_0.json	1449162000.0	37.6	3600	2431
snapshot_12_3_2015_18_0.json	1449183600.0	37.6	3600	2431
snapshot_12_3_2015_18_0.json	1449183600.0	37.6	3600	2431
snapshot_12_3_2015_6_0.json	1449140400.0	37.6	3600	2431
snapshot_12_4_2015_0_0.json	1449205200.0	37.6	3600	2427
snapshot_12_4_2015_12_0.json	1449248400.0	37.6	3600	2418
snapshot_12_4_2015_18_0.json	1449270000.0	37.6	3600	2418
snapshot_12_4_2015_6_0.json
