9242500	2015-12-09T01:00:00Z	Roger Hodgson	National Arts Centre	Ontario Ottawa|5874	K1P5W1
snapshot_11_16_2015_0_0.json	1447650000.0	193.64	743.33	50
snapshot_11_17_2015_0_0.json	1447736400.0	193.64	743.33	50
snapshot_11_17_2015_12_0.json	1447779600.0	193.64	743.33	58
snapshot_11_17_2015_12_0.json	1447779600.0	193.64	743.33	58
snapshot_11_17_2015_18_0.json	1447801200.0	193.64	743.33	58
snapshot_11_18_2015_0_0.json	1447822800.0	193.64	743.33	58
snapshot_11_18_2015_12_0.json	1447866000.0	168.46	743.33	58
snapshot_11_18_2015_6_0.json	1447844400.0	168.46	743.33	58
snapshot_11_19_2015_0_0.json	1447909200.0	168.46	743.33	54
snapshot_11_19_2015_6_0.json	1447930800.0	130.62	743.33	55
snapshot_11_20_2015_0_0.json	1447995600.0	130.62	743.33	55
snapshot_11_20_2015_12_0.json	1448038800.0	130.62	743.33	55
snapshot_11_21_2015_12_0.json	1448125200.0	130.62	743.33	55
snapshot_11_21_2015_18_0.json	1448146800.0	130.62	743.33	55
snapshot_11_22_2015_12_0.json	1448211600.0	143.19	743.33	51
snapshot_11_22_2015_6_0.json	1448190000.0	143.19	743.33	51
snapshot_11_23_2015_0_0.json	1448254800.0	143.19	743.33	51
snapshot_11_23_2015_0_0.json	1448254800.0	143.19	743.33	51
snapshot_11_23_2015_0_0.json	1448254800.0	143.19	743.33	51
snapshot_11_23_2015_12_0.json	1448298000.0	143.19	743.33	51
snapshot_11_23_2015_18_0.json	1448319600.0	143.19	743.33	47
snapshot_11_23_2015_6_0.json	1448276400.0	143.19	743.33	51
snapshot_11_24_2015_0_0.json	1448341200.0	143.19	743.33	47
snapshot_11_24_2015_12_0.json	1448384400.0	143.19	743.33	47
snapshot_11_24_2015_18_0.json	1448406000.0	143.19	743.33	47
snapshot_11_24_2015_6_0.json	1448362800.0	143.19	743.33	47
snapshot_11_25_2015_0_0.json	1448427600.0	143.19	743.33	47
snapshot_11_25_2015_0_0.json	1448427600.0	143.19	743.33	47
snapshot_11_25_2015_12_0.json	1448470800.0	143.19	743.33	47
snapshot_11_25_2015_18_0.json	1448492400.0	130.62	743.33	47
snapshot_11_25_2015_6_0.json	1448449200.0	143.19	743.33	47
snapshot_11_27_2015_18_0.json	1448665200.0	130.62	743.33	41
snapshot_11_28_2015_0_0.json	1448686800.0	148.75	743.33	39
snapshot_11_28_2015_12_0.json	1448730000.0	148.75	743.33	39
snapshot_11_28_2015_12_0.json	1448730000.0	148.75	743.33	39
snapshot_11_28_2015_6_0.json	1448708400.0	148.75	743.33	39
snapshot_11_28_2015_6_0.json	1448708400.0	148.75	743.33	39
snapshot_11_29_2015_12_0.json	1448816400.0	148.75	743.33	39
snapshot_11_29_2015_18_0.json	1448838000.0	148.75	743.33	39
snapshot_11_29_2015_6_0.json	1448794800.0	148.75	743.33	39
snapshot_11_30_2015_12_0.json	1448902800.0	148.75	743.33	39
snapshot_11_30_2015_18_0.json	1448924400.0	148.75	966.33	43
snapshot_11_30_2015_6_0.json	1448881200.0	148.75	743.33	39
snapshot_12_1_2015_12_0.json	1448989200.0	148.75	966.33	43
snapshot_12_1_2015_18_0.json	1449010800.0	148.75	966.33	41
snapshot_12_1_2015_6_0.json	1448967600.0	148.75	966.33	43
snapshot_12_1_2015_6_0.json	1448967600.0	148.75	966.33	43
snapshot_12_2_2015_0_0.json	1449032400.0	148.75	966.33	43
snapshot_12_2_2015_12_0.json	1449075600.0	148.75	966.33	45
snapshot_12_2_2015_18_0.json	1449097200.0	148.75	966.33	43
snapshot_12_2_2015_6_0.json	1449054000.0	148.75	966.33	45
snapshot_12_3_2015_12_0.json	1449162000.0	148.75	966.33	37
snapshot_12_4_2015_0_0.json	1449205200.0	90.25	966.33	30
snapshot_12_4_2015_12_0.json	1449248400.0	90.25	966.33	26
snapshot_12_4_2015_18_0.json	1449270000.0	148.75	966.33	24
snapshot_12_4_2015_6_0.json	1449226800.0	90.25	966.33	26
snapshot_12_5_2015_0_0.json	1449291600.0	234.28	966.33	18
snapshot_12_5_2015_12_0.json	1449334800.0	234.28	966.33	18
snapshot_12_5_2015_18_0.json	1449356400.0	189.69	966.33	16
snapshot_12_5_2015_6_0.json	1449313200.0	234.28	966.33	18
9242500	2015-12-09T01:00:00Z	Roger Hodgson	National Arts Centre	Ontario Ottawa|5874	K1P5W1
snapshot_11_16_2015_0_0.json	1447650000.0	193.64	743.33	50
snapshot_11_17_2015_0_0.json	1447736400.0	193.64	743.33	50
snapshot_11_17_2015_12_0.json	1447779600.0	193.64	743.33	58
snapshot_11_17_2015_12_0.json	1447779600.0	193.64	743.33	58
snapshot_11_17_2015_18_0.json	1447801200.0	193.64	743.33	58
snapshot_11_18_2015_0_0.json	1447822800.0	193.64	743.33	58
snapshot_11_18_2015_12_0.json	1447866000.0	168.46	743.33	58
snapshot_11_18_2015_6_0.json	1447844400.0	168.46	743.33	58
snapshot_11_19_2015_0_0.json	1447909200.0	168.46	743.33	54
snapshot_11_19_2015_6_0.json	1447930800.0	130.62	743.33	55
snapshot_11_20_2015_0_0.json	1447995600.0	130.62	743.33	55
snapshot_11_20_2015_12_0.json	1448038800.0	130.62	743.33	55
snapshot_11_21_2015_12_0.json	1448125200.0	130.62	743.33	55
snapshot_11_21_2015_18_0.json	1448146800.0	130.62	743.33	55
snapshot_11_22_2015_12_0.json	1448211600.0	143.19	743.33	51
snapshot_11_22_2015_6_0.json	1448190000.0	143.19	743.33	51
snapshot_11_23_2015_0_0.json	1448254800.0	143.19	743.33	51
snapshot_11_23_2015_0_0.json	1448254800.0	143.19	743.33	51
snapshot_11_23_2015_0_0.json	1448254800.0	143.19	743.33	51
snapshot_11_23_2015_12_0.json	1448298000.0	143.19	743.33	51
snapshot_11_23_2015_18_0.json	1448319600.0	143.19	743.33	47
snapshot_11_23_2015_6_0.json	1448276400.0	143.19	743.33	51
snapshot_11_24_2015_0_0.json	1448341200.0	143.19	743.33	47
snapshot_11_24_2015_12_0.json	1448384400.0	143.19	743.33	47
snapshot_11_24_2015_18_0.json	1448406000.0	143.19	743.33	47
snapshot_11_24_2015_6_0.json	1448362800.0	143.19	743.33	47
snapshot_11_25_2015_0_0.json	1448427600.0	143.19	743.33	47
snapshot_11_25_2015_0_0.json	1448427600.0	143.19	743.33	47
snapshot_11_25_2015_12_0.json	1448470800.0	143.19	743.33	47
snapshot_11_25_2015_18_0.json	1448492400.0	130.62	743.33	47
snapshot_11_25_2015_6_0.json	1448449200.0	143.19	743.33	47
snapshot_11_27_2015_18_0.json	1448665200.0	130.62	743.33	41
snapshot_11_28_2015_0_0.json	1448686800.0	148.75	743.33	39
snapshot_11_28_2015_12_0.json	1448730000.0	148.75	743.33	39
snapshot_11_28_2015_12_0.json	1448730000.0	148.75	743.33	39
snapshot_11_28_2015_6_0.json	1448708400.0	148.75	743.33	39
snapshot_11_28_2015_6_0.json	1448708400.0	148.75	743.33	39
snapshot_11_29_2015_12_0.json	1448816400.0	148.75	743.33	39
snapshot_11_29_2015_18_0.json	1448838000.0	148.75	743.33	39
snapshot_11_29_2015_6_0.json	1448794800.0	148.75	743.33	39
snapshot_11_30_2015_12_0.json	1448902800.0	148.75	743.33	39
snapshot_11_30_2015_18_0.json	1448924400.0	148.75	966.33	43
snapshot_11_30_2015_6_0.json	1448881200.0	148.75	743.33	39
snapshot_12_1_2015_12_0.json	1448989200.0	148.75	966.33	43
snapshot_12_1_2015_18_0.json	1449010800.0	148.75	966.33	41
snapshot_12_1_2015_6_0.json	1448967600.0	148.75	966.33	43
snapshot_12_1_2015_6_0.json	1448967600.0	148.75	966.33	43
snapshot_12_2_2015_0_0.json	1449032400.0	148.75	966.33	43
snapshot_12_2_2015_12_0.json	1449075600.0	148.75	966.33	45
snapshot_12_2_2015_18_0.json	1449097200.0	148.75	966.33	43
snapshot_12_2_2015_6_0.json	1449054000.0	148.75	966.33	45
snapshot_12_3_2015_12_0.json	1449162000.0	148.75	966.33	37
snapshot_12_4_2015_0_0.json	1449205200.0	90.25	966.33	30
snapshot_12_4_2015_12_0.json	1449248400.0	90.25	966.33	26
snapshot_12_4_2015_18_0.json	1449270000.0	148.75	966.33	24
snapshot_12_4_2015_6_0.json	1449226800.0	90.25	966.33	26
snapshot_12_5_2015_0_0.json	1449291600.0	234.28	966.33	18
snapshot_12_5_2015_12_0.json	1449334800.0	234.28	966.33	18
snapshot_12_5_2015_18_0.json	1449356400.0	189.69	966.33	16
snapshot_12_5_2015_6_0.json	1449313200.0	234.28	966.33	18
9242500	2015-12-09T01:00:00Z	Roger Hodgson	National Arts Centre	Ontario Ottawa|5874	K1P5W1
snapshot_11_16_2015_0_0.json	1447650000.0	193.64	743.33	50
snapshot_11_17_2015_0_0.json	1447736400.0	193.64	743.33	50
snapshot_11_17_2015_12_0.json	1447779600.0	193.64	743.33	58
snapshot_11_17_2015_12_0.json	1447779600.0	193.64	743.33	58
snapshot_11_17_2015_18_0.json	1447801200.0	193.64	743.33	58
snapshot_11_18_2015_0_0.json	1447822800.0	193.64	743.33	58
snapshot_11_18_2015_12_0.json	1447866000.0	168.46	743.33	58
snapshot_11_18_2015_6_0.json	1447844400.0	168.46	743.33	58
snapshot_11_19_2015_0_0.json	1447909200.0	168.46	743.33	54
snapshot_11_19_2015_6_0.json	1447930800.0	130.62	743.33	55
snapshot_11_20_2015_0_0.json	1447995600.0	130.62	743.33	55
snapshot_11_20_2015_12_0.json	1448038800.0	130.62	743.33	55
snapshot_11_21_2015_12_0.json	1448125200.0	130.62	743.33	55
snapshot_11_21_2015_18_0.json	1448146800.0	130.62	743.33	55
snapshot_11_22_2015_12_0.json	1448211600.0	143.19	743.33	51
snapshot_11_22_2015_6_0.json	1448190000.0	143.19	743.33	51
snapshot_11_23_2015_0_0.json	1448254800.0	143.19	743.33	51
snapshot_11_23_2015_0_0.json	1448254800.0	143.19	743.33	51
snapshot_11_23_2015_0_0.json	1448254800.0	143.19	743.33	51
snapshot_11_23_2015_12_0.json	1448298000.0	143.19	743.33	51
snapshot_11_23_2015_18_0.json	1448319600.0	143.19	743.33	47
snapshot_11_23_2015_6_0.json	1448276400.0	143.19	743.33	51
snapshot_11_24_2015_0_0.json	1448341200.0	143.19	743.33	47
snapshot_11_24_2015_12_0.json	1448384400.0	143.19	743.33	47
snapshot_11_24_2015_18_0.json	1448406000.0	143.19	743.33	47
snapshot_11_24_2015_6_0.json	1448362800.0	143.19	743.33	47
snapshot_11_25_2015_0_0.json	1448427600.0	143.19	743.33	47
snapshot_11_25_2015_0_0.json	1448427600.0	143.19	743.33	47
snapshot_11_25_2015_12_0.json	1448470800.0	143.19	743.33	47
snapshot_11_25_2015_18_0.json	1448492400.0	130.62	743.33	47
snapshot_11_25_2015_6_0.json	1448449200.0	143.19	743.33	47
snapshot_11_27_2015_18_0.json	1448665200.0	130.62	743.33	41
snapshot_11_28_2015_0_0.json	1448686800.0	148.75	743.33	39
snapshot_11_28_2015_12_0.json	1448730000.0	148.75	743.33	39
snapshot_11_28_2015_12_0.json	1448730000.0	148.75	743.33	39
snapshot_11_28_2015_6_0.json	1448708400.0	148.75	743.33	39
snapshot_11_28_2015_6_0.json	1448708400.0	148.75	743.33	39
snapshot_11_29_2015_12_0.json	1448816400.0	148.75	743.33	39
snapshot_11_29_2015_18_0.json	1448838000.0	148.75	743.33	39
snapshot_11_29_2015_6_0.json	1448794800.0	148.75	743.33	39
snapshot_11_30_2015_12_0.json	1448902800.0	148.75	743.33	39
snapshot_11_30_2015_18_0.json	1448924400.0	148.75	966.33	43
snapshot_11_30_2015_6_0.json	1448881200.0	148.75	743.33	39
snapshot_12_1_2015_12_0.json	1448989200.0	148.75	966.33	43
snapshot_12_1_2015_18_0.json	1449010800.0	148.75	966.33	41
snapshot_12_1_2015_6_0.json	1448967600.0	148.75	966.33	43
snapshot_12_1_2015_6_0.json	1448967600.0	148.75	966.33	43
snapshot_12_2_2015_0_0.json	1449032400.0	148.75	966.33	43
snapshot_12_2_2015_12_0.json	1449075600.0	148.75	966.33	45
snapshot_12_2_2015_18_0.json	1449097200.0	148.75	966.33	43
snapshot_12_2_2015_6_0.json	1449054000.0	148.75	966.33	45
snapshot_12_3_2015_12_0.json	1449162000.0	148.75	966.33	37
snapshot_12_4_2015_0_0.json	1449205200.0	90.25	966.33	30
snapshot_12_4_2015_12_0.json	1449248400.0	90.25	966.33	26
snapshot_12_4_2015_18_0.json	1449270000.0	148.75	966.33	24
snapshot_12_4_2015_6_0.json	1449226800.0	90.25	966.33	26
snapshot_12_5_2015_0_0.json	1449291600.0	234.28	966.33	18
snapshot_12_5_2015_12_0.json	1449334800.0	234.28	966.33	18
snapshot_12_5_2015_18_0.json	1449356400.0	189.69	966.33	16
snapshot_12_5_2015_6_0.json	1449313200.0	234.28	966.33	18
9242500	2015-12-09T01:00:00Z	Roger Hodgson	National Arts Centre	Ontario Ottawa|5874	K1P5W1
snapshot_11_16_2015_0_0.json	1447650000.0	193.64	743.33	50
snapshot_11_17_2015_0_0.json	1447736400.0	193.64	743.33	50
snapshot_11_17_2015_12_0.json	1447779600.0	193.64	743.33	58
snapshot_11_17_2015_12_0.json	1447779600.0	193.64	743.33	58
snapshot_11_17_2015_18_0.json	1447801200.0	193.64	743.33	58
snapshot_11_18_2015_0_0.json	1447822800.0	193.64	743.33	58
snapshot_11_18_2015_12_0.json	1447866000.0	168.46	743.33	58
snapshot_11_18_2015_6_0.json	1447844400.0	168.46	743.33	58
snapshot_11_19_2015_0_0.json	1447909200.0	168.46	743.33	54
snapshot_11_19_2015_6_0.json	1447930800.0	130.62	743.33	55
snapshot_11_20_2015_0_0.json	1447995600.0	130.62	743.33	55
snapshot_11_20_2015_12_0.json	1448038800.0	130.62	743.33	55
snapshot_11_21_2015_12_0.json	1448125200.0	130.62	743.33	55
snapshot_11_21_2015_18_0.json	1448146800.0	130.62	743.33	55
snapshot_11_22_2015_12_0.json	1448211600.0	143.19	743.33	51
snapshot_11_22_2015_6_0.json	1448190000.0	143.19	743.33	51
snapshot_11_23_2015_0_0.json	1448254800.0	143.19	743.33	51
snapshot_11_23_2015_0_0.json	1448254800.0	143.19	743.33	51
snapshot_11_23_2015_0_0.json	1448254800.0	143.19	743.33	51
snapshot_11_23_2015_12_0.json	1448298000.0	143.19	743.33	51
snapshot_11_23_2015_18_0.json	1448319600.0	143.19	743.33	47
snapshot_11_23_2015_6_0.json	1448276400.0	143.19	743.33	51
snapshot_11_24_2015_0_0.json	1448341200.0	143.19	743.33	47
snapshot_11_24_2015_12_0.json	1448384400.0	143.19	743.33	47
snapshot_11_24_2015_18_0.json	1448406000.0	143.19	743.33	47
snapshot_11_24_2015_6_0.json	1448362800.0	143.19	743.33	47
snapshot_11_25_2015_0_0.json	1448427600.0	143.19	743.33	47
snapshot_11_25_2015_0_0.json	1448427600.0	143.19	743.33	47
snapshot_11_25_2015_12_0.json	1448470800.0	143.19	743.33	47
snapshot_11_25_2015_18_0.json	1448492400.0	130.62	743.33	47
snapshot_11_25_2015_6_0.json	1448449200.0	143.19	743.33	47
snapshot_11_27_2015_18_0.json	1448665200.0	130.62	743.33	41
snapshot_11_28_2015_0_0.json	1448686800.0	148.75	743.33	39
snapshot_11_28_2015_12_0.json	1448730000.0	148.75	743.33	39
snapshot_11_28_2015_12_0.json	1448730000.0	148.75	743.33	39
snapshot_11_28_2015_6_0.json	1448708400.0	148.75	743.33	39
snapshot_11_28_2015_6_0.json	1448708400.0	148.75	743.33	39
snapshot_11_29_2015_12_0.json	1448816400.0	148.75	743.33	39
snapshot_11_29_2015_18_0.json	1448838000.0	148.75	743.33	39
snapshot_11_29_2015_6_0.json	1448794800.0	148.75	743.33	39
snapshot_11_30_2015_12_0.json	1448902800.0	148.75	743.33	39
snapshot_11_30_2015_18_0.json	1448924400.0	148.75	966.33	43
snapshot_11_30_2015_6_0.json	1448881200.0	148.75	743.33	39
snapshot_12_1_2015_12_0.json	1448989200.0	148.75	966.33	43
snapshot_12_1_2015_18_0.json	1449010800.0	148.75	966.33	41
snapshot_12_1_2015_6_0.json	1448967600.0	148.75	966.33	43
snapshot_12_1_2015_6_0.json	1448967600.0	148.75	966.33	43
snapshot_12_2_2015_0_0.json	1449032400.0	148.75	966.33	43
snapshot_12_2_2015_12_0.json	1449075600.0	148.75	966.33	45
snapshot_12_2_2015_18_0.json	1449097200.0	148.75	966.33	43
snapshot_12_2_2015_6_0.json	1449054000.0	148.75	966.33	45
snapshot_12_3_2015_12_0.json	1449162000.0	148.75	966.33	37
snapshot_12_4_2015_0_0.json	1449205200.0	90.25	966.33	30
snapshot_12_4_2015_12_0.json	1449248400.0	90.25	966.33	26
snapshot_12_4_2015_18_0.json	1449270000.0	148.75	966.33	24
snapshot_12_4_2015_6_0.json	1449226800.0	90.25	966.33	26
snapshot_12_5_2015_0_0.json	1449291600.0	234.28	966.33	18
snapshot_12_5_2015_12_0.json	1449334800.0	234.28	966.33	18
snapshot_12_5_2015_18_0.json	1449356400.0	189.69	966.33	16
snapshot_12_5_2015_6_0.json	1449313200.0	234.28	966.33	18
