9244744	2015-11-21T01:00:00Z	Ford Ecoboost 200 NASCAR	Homestead-Miami Speedway	Florida Miami / S. Florida|669	33035
snapshot_11_16_2015_0_0.json	1447650000.0	25.15	175	75
snapshot_11_17_2015_0_0.json	1447736400.0	25.15	175	75
snapshot_11_17_2015_12_0.json	1447779600.0	25.15	175	71
snapshot_11_17_2015_18_0.json	1447801200.0	16.95	175	70
snapshot_11_17_2015_6_0.json	1447758000.0	25.15	175	71
snapshot_11_18_2015_0_0.json	1447822800.0	57.01	115	37
snapshot_11_19_2015_0_0.json	1447909200.0	0	0	0
snapshot_11_19_2015_12_0.json	1447952400.0	0	0	0
snapshot_11_19_2015_6_0.json	1447930800.0	0	0	0
snapshot_11_20_2015_12_0.json	1448038800.0	0	0	0
snapshot_11_20_2015_12_0.json	1448038800.0	0	0	0
snapshot_11_21_2015_18_0.json	1448146800.0	0	0	0
snapshot_11_22_2015_0_0.json	1448168400.0	0	0	0
snapshot_11_22_2015_12_0.json	1448211600.0	0	0	0
9244744	2015-11-21T01:00:00Z	Ford Ecoboost 200 NASCAR	Homestead-Miami Speedway	Florida Miami / S. Florida|669	33035
snapshot_11_16_2015_0_0.json	1447650000.0	25.15	175	75
snapshot_11_17_2015_0_0.json	1447736400.0	25.15	175	75
snapshot_11_17_2015_12_0.json	1447779600.0	25.15	175	71
snapshot_11_17_2015_18_0.json	1447801200.0	16.95	175	70
snapshot_11_17_2015_6_0.json	1447758000.0	25.15	175	71
snapshot_11_18_2015_0_0.json	1447822800.0	57.01	115	37
snapshot_11_19_2015_0_0.json	1447909200.0	0	0	0
snapshot_11_19_2015_12_0.json	1447952400.0	0	0	0
snapshot_11_19_2015_6_0.json	1447930800.0	0	0	0
snapshot_11_20_2015_12_0.json	1448038800.0	0	0	0
snapshot_11_20_2015_12_0.json	1448038800.0	0	0	0
snapshot_11_21_2015_18_0.json	1448146800.0	0	0	0
snapshot_11_22_2015_0_0.json	1448168400.0	0	0	0
snapshot_11_22_2015_12_0.json	1448211600.0	0	0	0
9244744	2015-11-21T01:00:00Z	Ford Ecoboost 200 NASCAR	Homestead-Miami Speedway	Florida Miami / S. Florida|669	33035
snapshot_11_16_2015_0_0.json	1447650000.0	25.15	175	75
snapshot_11_17_2015_0_0.json	1447736400.0	25.15	175	75
snapshot_11_17_2015_12_0.json	1447779600.0	25.15	175	71
snapshot_11_17_2015_18_0.json	1447801200.0	16.95	175	70
snapshot_11_17_2015_6_0.json	1447758000.0	25.15	175	71
snapshot_11_18_2015_0_0.json	1447822800.0	57.01	115	37
snapshot_11_19_2015_0_0.json	1447909200.0	0	0	0
snapshot_11_19_2015_12_0.json	1447952400.0	0	0	0
snapshot_11_19_2015_6_0.json	1447930800.0	0	0	0
snapshot_11_20_2015_12_0.json	1448038800.0	0	0	0
snapshot_11_20_2015_12_0.json	1448038800.0	0	0	0
snapshot_11_21_2015_18_0.json	1448146800.0	0	0	0
snapshot_11_22_2015_0_0.json	1448168400.0	0	0	0
snapshot_11_22_2015_12_0.json	1448211600.0	0	0	0
9244744	2015-11-21T01:00:00Z	Ford Ecoboost 200 NASCAR	Homestead-Miami Speedway	Florida Miami / S. Florida|669	33035
snapshot_11_16_2015_0_0.json	1447650000.0	25.15	175	75
snapshot_11_17_2015_0_0.json	1447736400.0	25.15	175	75
snapshot_11_17_2015_12_0.json	1447779600.0	25.15	175	71
snapshot_11_17_2015_18_0.json	1447801200.0	16.95	175	70
snapshot_11_17_2015_6_0.json	1447758000.0	25.15	175	71
snapshot_11_18_2015_0_0.json	1447822800.0	57.01	115	37
snapshot_11_19_2015_0_0.json	1447909200.0	0	0	0
snapshot_11_19_2015_12_0.json	1447952400.0	0	0	0
snapshot_11_19_2015_6_0.json	1447930800.0	0	0	0
snapshot_11_20_2015_12_0.json	1448038800.0	0	0	0
snapshot_11_20_2015_12_0.json	1448038800.0	0	0	0
snapshot_11_21_2015_18_0.json	1448146800.0	0	0	0
snapshot_11_22_2015_0_0.json	1448168400.0	0	0	0
snapshot_11_22_2015_12_0.json	1448211600.0	0	0	0
