9244569	2015-11-19T03:00:00Z	Jubilee	Jubilee Theater at Ballys Las Vegas	Nevada Las Vegas|689	89109
snapshot_11_16_2015_0_0.json	1447650000.0	136.29	185	28
snapshot_11_16_2015_0_0.json	1447650000.0	136.29	185	28
snapshot_11_17_2015_0_0.json	1447736400.0	136.29	185	28
snapshot_11_17_2015_12_0.json	1447779600.0	59.83	49	3
snapshot_11_17_2015_6_0.json	1447758000.0	66.85	185	31
snapshot_11_18_2015_0_0.json	1447822800.0	49.3	40	3
snapshot_11_18_2015_0_0.json	1447822800.0	49.3	40	3
snapshot_11_18_2015_18_0.json	1447887600.0	49.3	185	31
snapshot_11_18_2015_6_0.json	1447844400.0	49.3	185	31
snapshot_11_19_2015_0_0.json	1447909200.0	49.3	40	3
snapshot_11_19_2015_18_0.json	1447974000.0	0	0	0
snapshot_11_19_2015_6_0.json	1447930800.0	0	0	0
snapshot_11_19_2015_6_0.json	1447930800.0	0	0	0
snapshot_11_20_2015_0_0.json	1447995600.0	0	0	0
snapshot_11_20_2015_12_0.json	1448038800.0	0	0	0
9244569	2015-11-19T03:00:00Z	Jubilee	Jubilee Theater at Ballys Las Vegas	Nevada Las Vegas|689	89109
snapshot_11_16_2015_0_0.json	1447650000.0	136.29	185	28
snapshot_11_16_2015_0_0.json	1447650000.0	136.29	185	28
snapshot_11_17_2015_0_0.json	1447736400.0	136.29	185	28
snapshot_11_17_2015_12_0.json	1447779600.0	59.83	49	3
snapshot_11_17_2015_6_0.json	1447758000.0	66.85	185	31
snapshot_11_18_2015_0_0.json	1447822800.0	49.3	40	3
snapshot_11_18_2015_0_0.json	1447822800.0	49.3	40	3
snapshot_11_18_2015_18_0.json	1447887600.0	49.3	185	31
snapshot_11_18_2015_6_0.json	1447844400.0	49.3	185	31
snapshot_11_19_2015_0_0.json	1447909200.0	49.3	40	3
snapshot_11_19_2015_18_0.json	1447974000.0	0	0	0
snapshot_11_19_2015_6_0.json	1447930800.0	0	0	0
snapshot_11_19_2015_6_0.json	1447930800.0	0	0	0
snapshot_11_20_2015_0_0.json	1447995600.0	0	0	0
snapshot_11_20_2015_12_0.json	1448038800.0	0	0	0
9244569	2015-11-19T03:00:00Z	Jubilee	Jubilee Theater at Ballys Las Vegas	Nevada Las Vegas|689	89109
snapshot_11_16_2015_0_0.json	1447650000.0	136.29	185	28
snapshot_11_16_2015_0_0.json	1447650000.0	136.29	185	28
snapshot_11_17_2015_0_0.json	1447736400.0	136.29	185	28
snapshot_11_17_2015_12_0.json	1447779600.0	59.83	49	3
snapshot_11_17_2015_6_0.json	1447758000.0	66.85	185	31
snapshot_11_18_2015_0_0.json	1447822800.0	49.3	40	3
snapshot_11_18_2015_0_0.json	1447822800.0	49.3	40	3
snapshot_11_18_2015_18_0.json	1447887600.0	49.3	185	31
snapshot_11_18_2015_6_0.json	1447844400.0	49.3	185	31
snapshot_11_19_2015_0_0.json	1447909200.0	49.3	40	3
snapshot_11_19_2015_18_0.json	1447974000.0	0	0	0
snapshot_11_19_2015_6_0.json	1447930800.0	0	0	0
snapshot_11_19_2015_6_0.json	1447930800.0	0	0	0
snapshot_11_20_2015_0_0.json	1447995600.0	0	0	0
snapshot_11_20_2015_12_0.json	1448038800.0	0	0	0
9244569	2015-11-19T03:00:00Z	Jubilee	Jubilee Theater at Ballys Las Vegas	Nevada Las Vegas|689	89109
snapshot_11_16_2015_0_0.json	1447650000.0	136.29	185	28
snapshot_11_16_2015_0_0.json	1447650000.0	136.29	185	28
snapshot_11_17_2015_0_0.json	1447736400.0	136.29	185	28
snapshot_11_17_2015_12_0.json	1447779600.0	59.83	49	3
snapshot_11_17_2015_6_0.json	1447758000.0	66.85	185	31
snapshot_11_18_2015_0_0.json	1447822800.0	49.3	40	3
snapshot_11_18_2015_0_0.json	1447822800.0	49.3	40	3
snapshot_11_18_2015_18_0.json	1447887600.0	49.3	185	31
snapshot_11_18_2015_6_0.json	1447844400.0	49.3	185	31
snapshot_11_19_2015_0_0.json	1447909200.0	49.3	40	3
snapshot_11_19_2015_18_0.json	1447974000.0	0	0	0
snapshot_11_19_2015_6_0.json	1447930800.0	0	0	0
snapshot_11_19_2015_6_0.json	1447930800.0	0	0	0
snapshot_11_20_2015_0_0.json	1447995600.0	0	0	0
snapshot_11_20_2015_12_0.json	1448038800.0	0	0	0
