9244580	2015-11-20T05:30:00Z	Jubilee	Jubilee Theater at Ballys Las Vegas	Nevada Las Vegas|689	89109
snapshot_11_16_2015_0_0.json	1447650000.0	136.29	250.45	32
snapshot_11_16_2015_0_0.json	1447650000.0	136.29	250.45	32
snapshot_11_17_2015_12_0.json	1447779600.0	136.29	218.79	30
snapshot_11_17_2015_6_0.json	1447758000.0	136.29	218.79	30
snapshot_11_18_2015_12_0.json	1447866000.0	136.29	185	28
snapshot_11_18_2015_18_0.json	1447887600.0	136.29	185	28
snapshot_11_18_2015_6_0.json	1447844400.0	136.29	185	28
snapshot_11_19_2015_0_0.json	1447909200.0	136.29	185	28
snapshot_11_19_2015_0_0.json	1447909200.0	136.29	185	28
snapshot_11_19_2015_18_0.json	1447974000.0	136.29	185	28
snapshot_11_19_2015_6_0.json	1447930800.0	136.29	185	28
snapshot_11_20_2015_0_0.json	1447995600.0	0	0	0
snapshot_11_21_2015_12_0.json	1448125200.0	0	0	0
snapshot_11_21_2015_12_0.json	1448125200.0	0	0	0
9244580	2015-11-20T05:30:00Z	Jubilee	Jubilee Theater at Ballys Las Vegas	Nevada Las Vegas|689	89109
snapshot_11_16_2015_0_0.json	1447650000.0	136.29	250.45	32
snapshot_11_16_2015_0_0.json	1447650000.0	136.29	250.45	32
snapshot_11_17_2015_12_0.json	1447779600.0	136.29	218.79	30
snapshot_11_17_2015_6_0.json	1447758000.0	136.29	218.79	30
snapshot_11_18_2015_12_0.json	1447866000.0	136.29	185	28
snapshot_11_18_2015_18_0.json	1447887600.0	136.29	185	28
snapshot_11_18_2015_6_0.json	1447844400.0	136.29	185	28
snapshot_11_19_2015_0_0.json	1447909200.0	136.29	185	28
snapshot_11_19_2015_0_0.json	1447909200.0	136.29	185	28
snapshot_11_19_2015_18_0.json	1447974000.0	136.29	185	28
snapshot_11_19_2015_6_0.json	1447930800.0	136.29	185	28
snapshot_11_20_2015_0_0.json	1447995600.0	0	0	0
snapshot_11_21_2015_12_0.json	1448125200.0	0	0	0
snapshot_11_21_2015_12_0.json	1448125200.0	0	0	0
9244580	2015-11-20T05:30:00Z	Jubilee	Jubilee Theater at Ballys Las Vegas	Nevada Las Vegas|689	89109
snapshot_11_16_2015_0_0.json	1447650000.0	136.29	250.45	32
snapshot_11_16_2015_0_0.json	1447650000.0	136.29	250.45	32
snapshot_11_17_2015_12_0.json	1447779600.0	136.29	218.79	30
snapshot_11_17_2015_6_0.json	1447758000.0	136.29	218.79	30
snapshot_11_18_2015_12_0.json	1447866000.0	136.29	185	28
snapshot_11_18_2015_18_0.json	1447887600.0	136.29	185	28
snapshot_11_18_2015_6_0.json	1447844400.0	136.29	185	28
snapshot_11_19_2015_0_0.json	1447909200.0	136.29	185	28
snapshot_11_19_2015_0_0.json	1447909200.0	136.29	185	28
snapshot_11_19_2015_18_0.json	1447974000.0	136.29	185	28
snapshot_11_19_2015_6_0.json	1447930800.0	136.29	185	28
snapshot_11_20_2015_0_0.json	1447995600.0	0	0	0
snapshot_11_21_2015_12_0.json	1448125200.0	0	0	0
snapshot_11_21_2015_12_0.json	1448125200.0	0	0	0
9244580	2015-11-20T05:30:00Z	Jubilee	Jubilee Theater at Ballys Las Vegas	Nevada Las Vegas|689	89109
snapshot_11_16_2015_0_0.json	1447650000.0	136.29	250.45	32
snapshot_11_16_2015_0_0.json	1447650000.0	136.29	250.45	32
snapshot_11_17_2015_12_0.json	1447779600.0	136.29	218.79	30
snapshot_11_17_2015_6_0.json	1447758000.0	136.29	218.79	30
snapshot_11_18_2015_12_0.json	1447866000.0	136.29	185	28
snapshot_11_18_2015_18_0.json	1447887600.0	136.29	185	28
snapshot_11_18_2015_6_0.json	1447844400.0	136.29	185	28
snapshot_11_19_2015_0_0.json	1447909200.0	136.29	185	28
snapshot_11_19_2015_0_0.json	1447909200.0	136.29	185	28
snapshot_11_19_2015_18_0.json	1447974000.0	136.29	185	28
snapshot_11_19_2015_6_0.json	1447930800.0	136.29	185	28
snapshot_11_20_2015_0_0.json	1447995600.0	0	0	0
snapshot_11_21_2015_12_0.json	1448125200.0	0	0	0
snapshot_11_21_2015_12_0.json	1448125200.0	0	0	0
