9246512	2015-11-29T23:00:00Z	Grey Cup 2015	Investors Group Field	Manitoba Winnipeg|6204	R3T 2N2
snapshot_11_16_2015_0_0.json	1447650000.0	133.95	1400	449
snapshot_11_17_2015_0_0.json	1447736400.0	133.95	1400	463
snapshot_11_17_2015_12_0.json	1447779600.0	122.25	1400	466
snapshot_11_17_2015_18_0.json	1447801200.0	122.25	1400	468
snapshot_11_17_2015_18_0.json	1447801200.0	122.25	1400	468
snapshot_11_18_2015_0_0.json	1447822800.0	122.25	1400	469
snapshot_11_18_2015_12_0.json	1447866000.0	122.25	1400	474
snapshot_11_18_2015_12_0.json	1447866000.0	122.25	1400	474
snapshot_11_18_2015_18_0.json	1447887600.0	122.25	1400	470
snapshot_11_18_2015_6_0.json	1447844400.0	122.25	1400	474
snapshot_11_19_2015_0_0.json	1447909200.0	122.25	1400	453
snapshot_11_19_2015_12_0.json	1447952400.0	122.25	1400	465
snapshot_11_19_2015_6_0.json	1447930800.0	122.25	1400	465
snapshot_11_20_2015_12_0.json	1448038800.0	122.25	1400	487
snapshot_11_21_2015_12_0.json	1448125200.0	122.25	1400	503
snapshot_11_21_2015_18_0.json	1448146800.0	122.25	4000	542
snapshot_11_22_2015_0_0.json	1448168400.0	122.25	4000	564
snapshot_11_22_2015_6_0.json	1448190000.0	122.25	4000	567
snapshot_11_23_2015_0_0.json	1448254800.0	122.25	1400	599
snapshot_11_23_2015_12_0.json	1448298000.0	169.05	1400	560
snapshot_11_23_2015_18_0.json	1448319600.0	128.1	1400	581
snapshot_11_23_2015_6_0.json	1448276400.0	180.69	1400	563
snapshot_11_24_2015_0_0.json	1448341200.0	122.25	1400	468
snapshot_11_24_2015_12_0.json	1448384400.0	133.95	1200	475
snapshot_11_24_2015_18_0.json	1448406000.0	110.55	1200	543
snapshot_11_24_2015_6_0.json	1448362800.0	133.95	1400	475
snapshot_11_25_2015_0_0.json	1448427600.0	98.85	1200	595
snapshot_11_25_2015_12_0.json	1448470800.0	110.55	1200	599
snapshot_11_25_2015_18_0.json	1448492400.0	98.85	1200	604
snapshot_11_25_2015_6_0.json	1448449200.0	110.55	1200	599
snapshot_11_26_2015_0_0.json	1448514000.0	115.23	750	283
snapshot_11_27_2015_18_0.json	1448665200.0	83.23	750	279
snapshot_11_28_2015_0_0.json	1448686800.0	121.08	750	272
snapshot_11_28_2015_12_0.json	1448730000.0	132.77	750	261
snapshot_11_28_2015_18_0.json	1448751600.0	128.09	600	267
snapshot_11_28_2015_6_0.json	1448708400.0	132.77	750	263
snapshot_11_28_2015_6_0.json	1448708400.0	132.77	750	263
snapshot_11_29_2015_0_0.json	1448773200.0	110.54	600	238
snapshot_11_29_2015_0_0.json	1448773200.0	110.54	600	238
snapshot_11_29_2015_12_0.json	1448816400.0	113.65	600	222
snapshot_11_29_2015_18_0.json	1448838000.0	90.66	600	174
snapshot_11_29_2015_6_0.json	1448794800.0	115.23	600	219
snapshot_11_30_2015_0_0.json	1448859600.0	0	0	0
snapshot_11_30_2015_12_0.json	1448902800.0	0	0	0
snapshot_11_30_2015_18_0.json	1448924400.0	0	0	0
snapshot_12_1_2015_0_0.json	1448946000.0	0	0	0
snapshot_12_1_2015_12_0.json	1448989200.0	0	0	0
snapshot_12_1_2015_6_0.json	1448967600.0	0	0	0
9246512	2015-11-29T23:00:00Z	Grey Cup 2015	Investors Group Field	Manitoba Winnipeg|6204	R3T 2N2
snapshot_11_16_2015_0_0.json	1447650000.0	133.95	1400	449
snapshot_11_17_2015_0_0.json	1447736400.0	133.95	1400	463
snapshot_11_17_2015_12_0.json	1447779600.0	122.25	1400	466
snapshot_11_17_2015_18_0.json	1447801200.0	122.25	1400	468
snapshot_11_17_2015_18_0.json	1447801200.0	122.25	1400	468
snapshot_11_18_2015_0_0.json	1447822800.0	122.25	1400	469
snapshot_11_18_2015_12_0.json	1447866000.0	122.25	1400	474
snapshot_11_18_2015_12_0.json	1447866000.0	122.25	1400	474
snapshot_11_18_2015_18_0.json	1447887600.0	122.25	1400	470
snapshot_11_18_2015_6_0.json	1447844400.0	122.25	1400	474
snapshot_11_19_2015_0_0.json	1447909200.0	122.25	1400	453
snapshot_11_19_2015_12_0.json	1447952400.0	122.25	1400	465
snapshot_11_19_2015_6_0.json	1447930800.0	122.25	1400	465
snapshot_11_20_2015_12_0.json	1448038800.0	122.25	1400	487
snapshot_11_21_2015_12_0.json	1448125200.0	122.25	1400	503
snapshot_11_21_2015_18_0.json	1448146800.0	122.25	4000	542
snapshot_11_22_2015_0_0.json	1448168400.0	122.25	4000	564
snapshot_11_22_2015_6_0.json	1448190000.0	122.25	4000	567
snapshot_11_23_2015_0_0.json	1448254800.0	122.25	1400	599
snapshot_11_23_2015_12_0.json	1448298000.0	169.05	1400	560
snapshot_11_23_2015_18_0.json	1448319600.0	128.1	1400	581
snapshot_11_23_2015_6_0.json	1448276400.0	180.69	1400	563
snapshot_11_24_2015_0_0.json	1448341200.0	122.25	1400	468
snapshot_11_24_2015_12_0.json	1448384400.0	133.95	1200	475
snapshot_11_24_2015_18_0.json	1448406000.0	110.55	1200	543
snapshot_11_24_2015_6_0.json	1448362800.0	133.95	1400	475
snapshot_11_25_2015_0_0.json	1448427600.0	98.85	1200	595
snapshot_11_25_2015_12_0.json	1448470800.0	110.55	1200	599
snapshot_11_25_2015_18_0.json	1448492400.0	98.85	1200	604
snapshot_11_25_2015_6_0.json	1448449200.0	110.55	1200	599
snapshot_11_26_2015_0_0.json	1448514000.0	115.23	750	283
snapshot_11_27_2015_18_0.json	1448665200.0	83.23	750	279
snapshot_11_28_2015_0_0.json	1448686800.0	121.08	750	272
snapshot_11_28_2015_12_0.json	1448730000.0	132.77	750	261
snapshot_11_28_2015_18_0.json	1448751600.0	128.09	600	267
snapshot_11_28_2015_6_0.json	1448708400.0	132.77	750	263
snapshot_11_28_2015_6_0.json	1448708400.0	132.77	750	263
snapshot_11_29_2015_0_0.json	1448773200.0	110.54	600	238
snapshot_11_29_2015_0_0.json	1448773200.0	110.54	600	238
snapshot_11_29_2015_12_0.json	1448816400.0	113.65	600	222
snapshot_11_29_2015_18_0.json	1448838000.0	90.66	600	174
snapshot_11_29_2015_6_0.json	1448794800.0	115.23	600	219
snapshot_11_30_2015_0_0.json	1448859600.0	0	0	0
snapshot_11_30_2015_12_0.json	1448902800.0	0	0	0
snapshot_11_30_2015_18_0.json	1448924400.0	0	0	0
snapshot_12_1_2015_0_0.json	1448946000.0	0	0	0
snapshot_12_1_2015_12_0.json	1448989200.0	0	0	0
snapshot_12_1_2015_6_0.json	1448967600.0	0	0	0
9246512	2015-11-29T23:00:00Z	Grey Cup 2015	Investors Group Field	Manitoba Winnipeg|6204	R3T 2N2
snapshot_11_16_2015_0_0.json	1447650000.0	133.95	1400	449
snapshot_11_17_2015_0_0.json	1447736400.0	133.95	1400	463
snapshot_11_17_2015_12_0.json	1447779600.0	122.25	1400	466
snapshot_11_17_2015_18_0.json	1447801200.0	122.25	1400	468
snapshot_11_17_2015_18_0.json	1447801200.0	122.25	1400	468
snapshot_11_18_2015_0_0.json	1447822800.0	122.25	1400	469
snapshot_11_18_2015_12_0.json	1447866000.0	122.25	1400	474
snapshot_11_18_2015_12_0.json	1447866000.0	122.25	1400	474
snapshot_11_18_2015_18_0.json	1447887600.0	122.25	1400	470
snapshot_11_18_2015_6_0.json	1447844400.0	122.25	1400	474
snapshot_11_19_2015_0_0.json	1447909200.0	122.25	1400	453
snapshot_11_19_2015_12_0.json	1447952400.0	122.25	1400	465
snapshot_11_19_2015_6_0.json	1447930800.0	122.25	1400	465
snapshot_11_20_2015_12_0.json	1448038800.0	122.25	1400	487
snapshot_11_21_2015_12_0.json	1448125200.0	122.25	1400	503
snapshot_11_21_2015_18_0.json	1448146800.0	122.25	4000	542
snapshot_11_22_2015_0_0.json	1448168400.0	122.25	4000	564
snapshot_11_22_2015_6_0.json	1448190000.0	122.25	4000	567
snapshot_11_23_2015_0_0.json	1448254800.0	122.25	1400	599
snapshot_11_23_2015_12_0.json	1448298000.0	169.05	1400	560
snapshot_11_23_2015_18_0.json	1448319600.0	128.1	1400	581
snapshot_11_23_2015_6_0.json	1448276400.0	180.69	1400	563
snapshot_11_24_2015_0_0.json	1448341200.0	122.25	1400	468
snapshot_11_24_2015_12_0.json	1448384400.0	133.95	1200	475
snapshot_11_24_2015_18_0.json	1448406000.0	110.55	1200	543
snapshot_11_24_2015_6_0.json	1448362800.0	133.95	1400	475
snapshot_11_25_2015_0_0.json	1448427600.0	98.85	1200	595
snapshot_11_25_2015_12_0.json	1448470800.0	110.55	1200	599
snapshot_11_25_2015_18_0.json	1448492400.0	98.85	1200	604
snapshot_11_25_2015_6_0.json	1448449200.0	110.55	1200	599
snapshot_11_26_2015_0_0.json	1448514000.0	115.23	750	283
snapshot_11_27_2015_18_0.json	1448665200.0	83.23	750	279
snapshot_11_28_2015_0_0.json	1448686800.0	121.08	750	272
snapshot_11_28_2015_12_0.json	1448730000.0	132.77	750	261
snapshot_11_28_2015_18_0.json	1448751600.0	128.09	600	267
snapshot_11_28_2015_6_0.json	1448708400.0	132.77	750	263
snapshot_11_28_2015_6_0.json	1448708400.0	132.77	750	263
snapshot_11_29_2015_0_0.json	1448773200.0	110.54	600	238
snapshot_11_29_2015_0_0.json	1448773200.0	110.54	600	238
snapshot_11_29_2015_12_0.json	1448816400.0	113.65	600	222
snapshot_11_29_2015_18_0.json	1448838000.0	90.66	600	174
snapshot_11_29_2015_6_0.json	1448794800.0	115.23	600	219
snapshot_11_30_2015_0_0.json	1448859600.0	0	0	0
snapshot_11_30_2015_12_0.json	1448902800.0	0	0	0
snapshot_11_30_2015_18_0.json	1448924400.0	0	0	0
snapshot_12_1_2015_0_0.json	1448946000.0	0	0	0
snapshot_12_1_2015_12_0.json	1448989200.0	0	0	0
snapshot_12_1_2015_6_0.json	1448967600.0	0	0	0
9246512	2015-11-29T23:00:00Z	Grey Cup 2015	Investors Group Field	Manitoba Winnipeg|6204	R3T 2N2
snapshot_11_16_2015_0_0.json	1447650000.0	133.95	1400	449
snapshot_11_17_2015_0_0.json	1447736400.0	133.95	1400	463
snapshot_11_17_2015_12_0.json	1447779600.0	122.25	1400	466
snapshot_11_17_2015_18_0.json	1447801200.0	122.25	1400	468
snapshot_11_17_2015_18_0.json	1447801200.0	122.25	1400	468
snapshot_11_18_2015_0_0.json	1447822800.0	122.25	1400	469
snapshot_11_18_2015_12_0.json	1447866000.0	122.25	1400	474
snapshot_11_18_2015_12_0.json	1447866000.0	122.25	1400	474
snapshot_11_18_2015_18_0.json	1447887600.0	122.25	1400	470
snapshot_11_18_2015_6_0.json	1447844400.0	122.25	1400	474
snapshot_11_19_2015_0_0.json	1447909200.0	122.25	1400	453
snapshot_11_19_2015_12_0.json	1447952400.0	122.25	1400	465
snapshot_11_19_2015_6_0.json	1447930800.0	122.25	1400	465
snapshot_11_20_2015_12_0.json	1448038800.0	122.25	1400	487
snapshot_11_21_2015_12_0.json	1448125200.0	122.25	1400	503
snapshot_11_21_2015_18_0.json	1448146800.0	122.25	4000	542
snapshot_11_22_2015_0_0.json	1448168400.0	122.25	4000	564
snapshot_11_22_2015_6_0.json	1448190000.0	122.25	4000	567
snapshot_11_23_2015_0_0.json	1448254800.0	122.25	1400	599
snapshot_11_23_2015_12_0.json	1448298000.0	169.05	1400	560
snapshot_11_23_2015_18_0.json	1448319600.0	128.1	1400	581
snapshot_11_23_2015_6_0.json	1448276400.0	180.69	1400	563
snapshot_11_24_2015_0_0.json	1448341200.0	122.25	1400	468
snapshot_11_24_2015_12_0.json	1448384400.0	133.95	1200	475
snapshot_11_24_2015_18_0.json	1448406000.0	110.55	1200	543
snapshot_11_24_2015_6_0.json	1448362800.0	133.95	1400	475
snapshot_11_25_2015_0_0.json	1448427600.0	98.85	1200	595
snapshot_11_25_2015_12_0.json	1448470800.0	110.55	1200	599
snapshot_11_25_2015_18_0.json	1448492400.0	98.85	1200	604
snapshot_11_25_2015_6_0.json	1448449200.0	110.55	1200	599
snapshot_11_26_2015_0_0.json	1448514000.0	115.23	750	283
snapshot_11_27_2015_18_0.json	1448665200.0	83.23	750	279
snapshot_11_28_2015_0_0.json	1448686800.0	121.08	750	272
snapshot_11_28_2015_12_0.json	1448730000.0	132.77	750	261
snapshot_11_28_2015_18_0.json	1448751600.0	128.09	600	267
snapshot_11_28_2015_6_0.json	1448708400.0	132.77	750	263
snapshot_11_28_2015_6_0.json	1448708400.0	132.77	750	263
snapshot_11_29_2015_0_0.json	1448773200.0	110.54	600	238
snapshot_11_29_2015_0_0.json	1448773200.0	110.54	600	238
snapshot_11_29_2015_12_0.json	1448816400.0	113.65	600	222
snapshot_11_29_2015_18_0.json	1448838000.0	90.66	600	174
snapshot_11_29_2015_6_0.json	1448794800.0	115.23	600	219
snapshot_11_30_2015_0_0.json	1448859600.0	0	0	0
snapshot_11_30_2015_12_0.json	1448902800.0	0	0	0
snapshot_11_30_2015_18_0.json	1448924400.0	0	0	0
snapshot_12_1_2015_0_0.json	1448946000.0	0	0	0
snapshot_12_1_2015_12_0.json	1448989200.0	0	0	0
snapshot_12_1_2015_6_0.json	1448967600.0	0	0	0
