9246585	2016-01-24T00:00:00Z	Monster Jam	Florida Citrus Bowl	Florida Orlando|663	32805
snapshot_11_16_2015_0_0.json	1447650000.0	46.96	85	982
snapshot_11_17_2015_0_0.json	1447736400.0	46.96	85	978
snapshot_11_17_2015_12_0.json	1447779600.0	46.96	85	978
snapshot_11_17_2015_18_0.json	1447801200.0	46.96	85	978
snapshot_11_17_2015_18_0.json	1447801200.0	46.96	85	978
snapshot_11_17_2015_6_0.json	1447758000.0	46.96	85	978
snapshot_11_18_2015_12_0.json	1447866000.0	46.96	90	971
snapshot_11_18_2015_12_0.json	1447866000.0	46.96	90	971
snapshot_11_18_2015_18_0.json	1447887600.0	46.96	90	971
snapshot_11_18_2015_6_0.json	1447844400.0	46.96	90	971
snapshot_11_19_2015_0_0.json	1447909200.0	46.96	90	971
snapshot_11_19_2015_12_0.json	1447952400.0	46.96	90	971
snapshot_11_19_2015_18_0.json	1447974000.0	46.96	90	971
snapshot_11_19_2015_6_0.json	1447930800.0	46.96	90	971
snapshot_11_19_2015_6_0.json	1447930800.0	46.96	90	971
snapshot_11_20_2015_0_0.json	1447995600.0	46.96	90	971
snapshot_11_20_2015_12_0.json	1448038800.0	46.96	90	971
snapshot_11_21_2015_12_0.json	1448125200.0	46.96	90	969
snapshot_11_22_2015_0_0.json	1448168400.0	46.96	92	964
snapshot_11_22_2015_12_0.json	1448211600.0	46.96	92	964
snapshot_11_22_2015_6_0.json	1448190000.0	46.96	92	964
snapshot_11_22_2015_6_0.json	1448190000.0	46.96	92	964
snapshot_11_23_2015_0_0.json	1448254800.0	46.96	92	964
snapshot_11_23_2015_12_0.json	1448298000.0	46.96	92	964
snapshot_11_23_2015_6_0.json	1448276400.0	46.96	92	964
snapshot_11_24_2015_18_0.json	1448406000.0	46.96	92	964
snapshot_11_24_2015_6_0.json	1448362800.0	46.96	92	964
snapshot_11_25_2015_0_0.json	1448427600.0	46.96	92	964
snapshot_11_25_2015_0_0.json	1448427600.0	46.96	92	964
snapshot_11_25_2015_12_0.json	1448470800.0	46.96	92	958
snapshot_11_25_2015_12_0.json	1448470800.0	46.96	92	958
snapshot_11_25_2015_18_0.json	1448492400.0	46.96	92	958
snapshot_11_25_2015_18_0.json	1448492400.0	46.96	92	958
snapshot_11_25_2015_6_0.json	1448449200.0	46.96	92	958
snapshot_11_26_2015_0_0.json	1448514000.0	46.96	92	958
snapshot_11_27_2015_18_0.json	1448665200.0	46.96	92	963
snapshot_11_28_2015_0_0.json	1448686800.0	46.96	92	963
snapshot_11_28_2015_0_0.json	1448686800.0	46.96	92	963
snapshot_11_28_2015_18_0.json	1448751600.0	46.96	92	961
snapshot_11_29_2015_0_0.json	1448773200.0	46.96	92	961
snapshot_11_29_2015_12_0.json	1448816400.0	46.96	92	961
snapshot_11_29_2015_6_0.json	1448794800.0	46.96	92	961
snapshot_11_30_2015_0_0.json	1448859600.0	46.96	92	961
snapshot_11_30_2015_0_0.json	1448859600.0	46.96	92	961
snapshot_11_30_2015_12_0.json	1448902800.0	46.96	92	961
snapshot_11_30_2015_12_0.json	1448902800.0	46.96	92	961
snapshot_11_30_2015_18_0.json	1448924400.0	46.96	92	961
snapshot_12_1_2015_0_0.json	1448946000.0	46.96	92	961
snapshot_12_1_2015_12_0.json	1448989200.0	46.96	92	956
snapshot_12_1_2015_18_0.json	1449010800.0	46.96	92	954
snapshot_12_1_2015_6_0.json	1448967600.0	46.96	92	956
snapshot_12_2_2015_0_0.json	1449032400.0	46.96	92	958
snapshot_12_2_2015_12_0.json	1449075600.0	46.96	92	955
snapshot_12_2_2015_18_0.json	1449097200.0	46.96	92	955
snapshot_12_2_2015_6_0.json	1449054000.0	46.96	92	955
snapshot_12_3_2015_0_0.json	1449118800.0	46.96	92	955
snapshot_12_3_2015_12_0.json	1449162000.0	46.96	92	947
snapshot_12_3_2015_6_0.json	1449140400.0	46.96	92	947
snapshot_12_3_2015_6_0.json	1449140400.0	46.96	92	947
snapshot_12_4_2015_0_0.json	1449205200.0	46.96	92	940
snapshot_12_4_2015_12_0.json	1449248400.0	46.96	92	940
snapshot_12_4_2015_18_0.json	1449270000.0	46.96	92	931
snapshot_12_4_2015_6_0.json	1449226800.0	46.96	92	940
snapshot_12_5_2015_12_0.json	1449334800.0	46.96	92	931
snapshot_12_5_2015_18_0.json	1449356400.0	44.62	92	931
snapshot_12_5_2015_6_0.json	1449313200.0	46.96	92	931
9246585	2016-01-24T00:00:00Z	Monster Jam	Florida Citrus Bowl	Florida Orlando|663	32805
snapshot_11_16_2015_0_0.json	1447650000.0	46.96	85	982
snapshot_11_17_2015_0_0.json	1447736400.0	46.96	85	978
snapshot_11_17_2015_12_0.json	1447779600.0	46.96	85	978
snapshot_11_17_2015_18_0.json	1447801200.0	46.96	85	978
snapshot_11_17_2015_18_0.json	1447801200.0	46.96	85	978
snapshot_11_17_2015_6_0.json	1447758000.0	46.96	85	978
snapshot_11_18_2015_12_0.json	1447866000.0	46.96	90	971
snapshot_11_18_2015_12_0.json	1447866000.0	46.96	90	971
snapshot_11_18_2015_18_0.json	1447887600.0	46.96	90	971
snapshot_11_18_2015_6_0.json	1447844400.0	46.96	90	971
snapshot_11_19_2015_0_0.json	1447909200.0	46.96	90	971
snapshot_11_19_2015_12_0.json	1447952400.0	46.96	90	971
snapshot_11_19_2015_18_0.json	1447974000.0	46.96	90	971
snapshot_11_19_2015_6_0.json	1447930800.0	46.96	90	971
snapshot_11_19_2015_6_0.json	1447930800.0	46.96	90	971
snapshot_11_20_2015_0_0.json	1447995600.0	46.96	90	971
snapshot_11_20_2015_12_0.json	1448038800.0	46.96	90	971
snapshot_11_21_2015_12_0.json	1448125200.0	46.96	90	969
snapshot_11_22_2015_0_0.json	1448168400.0	46.96	92	964
snapshot_11_22_2015_12_0.json	1448211600.0	46.96	92	964
snapshot_11_22_2015_6_0.json	1448190000.0	46.96	92	964
snapshot_11_22_2015_6_0.json	1448190000.0	46.96	92	964
snapshot_11_23_2015_0_0.json	1448254800.0	46.96	92	964
snapshot_11_23_2015_12_0.json	1448298000.0	46.96	92	964
snapshot_11_23_2015_6_0.json	1448276400.0	46.96	92	964
snapshot_11_24_2015_18_0.json	1448406000.0	46.96	92	964
snapshot_11_24_2015_6_0.json	1448362800.0	46.96	92	964
snapshot_11_25_2015_0_0.json	1448427600.0	46.96	92	964
snapshot_11_25_2015_0_0.json	1448427600.0	46.96	92	964
snapshot_11_25_2015_12_0.json	1448470800.0	46.96	92	958
snapshot_11_25_2015_12_0.json	1448470800.0	46.96	92	958
snapshot_11_25_2015_18_0.json	1448492400.0	46.96	92	958
snapshot_11_25_2015_18_0.json	1448492400.0	46.96	92	958
snapshot_11_25_2015_6_0.json	1448449200.0	46.96	92	958
snapshot_11_26_2015_0_0.json	1448514000.0	46.96	92	958
snapshot_11_27_2015_18_0.json	1448665200.0	46.96	92	963
snapshot_11_28_2015_0_0.json	1448686800.0	46.96	92	963
snapshot_11_28_2015_0_0.json	1448686800.0	46.96	92	963
snapshot_11_28_2015_18_0.json	1448751600.0	46.96	92	961
snapshot_11_29_2015_0_0.json	1448773200.0	46.96	92	961
snapshot_11_29_2015_12_0.json	1448816400.0	46.96	92	961
snapshot_11_29_2015_6_0.json	1448794800.0	46.96	92	961
snapshot_11_30_2015_0_0.json	1448859600.0	46.96	92	961
snapshot_11_30_2015_0_0.json	1448859600.0	46.96	92	961
snapshot_11_30_2015_12_0.json	1448902800.0	46.96	92	961
snapshot_11_30_2015_12_0.json	1448902800.0	46.96	92	961
snapshot_11_30_2015_18_0.json	1448924400.0	46.96	92	961
snapshot_12_1_2015_0_0.json	1448946000.0	46.96	92	961
snapshot_12_1_2015_12_0.json	1448989200.0	46.96	92	956
snapshot_12_1_2015_18_0.json	1449010800.0	46.96	92	954
snapshot_12_1_2015_6_0.json	1448967600.0	46.96	92	956
snapshot_12_2_2015_0_0.json	1449032400.0	46.96	92	958
snapshot_12_2_2015_12_0.json	1449075600.0	46.96	92	955
snapshot_12_2_2015_18_0.json	1449097200.0	46.96	92	955
snapshot_12_2_2015_6_0.json	1449054000.0	46.96	92	955
snapshot_12_3_2015_0_0.json	1449118800.0	46.96	92	955
snapshot_12_3_2015_12_0.json	1449162000.0	46.96	92	947
snapshot_12_3_2015_6_0.json	1449140400.0	46.96	92	947
snapshot_12_3_2015_6_0.json	1449140400.0	46.96	92	947
snapshot_12_4_2015_0_0.json	1449205200.0	46.96	92	940
snapshot_12_4_2015_12_0.json	1449248400.0	46.96	92	940
snapshot_12_4_2015_18_0.json	1449270000.0	46.96	92	931
snapshot_12_4_2015_6_0.json	1449226800.0	46.96	92	940
snapshot_12_5_2015_12_0.json	1449334800.0	46.96	92	931
snapshot_12_5_2015_18_0.json	1449356400.0	44.62	92	931
snapshot_12_5_2015_6_0.json	1449313200.0	46.96	92	931
9246585	2016-01-24T00:00:00Z	Monster Jam	Florida Citrus Bowl	Florida Orlando|663	32805
snapshot_11_16_2015_0_0.json	1447650000.0	46.96	85	982
snapshot_11_17_2015_0_0.json	1447736400.0	46.96	85	978
snapshot_11_17_2015_12_0.json	1447779600.0	46.96	85	978
snapshot_11_17_2015_18_0.json	1447801200.0	46.96	85	978
snapshot_11_17_2015_18_0.json	1447801200.0	46.96	85	978
snapshot_11_17_2015_6_0.json	1447758000.0	46.96	85	978
snapshot_11_18_2015_12_0.json	1447866000.0	46.96	90	971
snapshot_11_18_2015_12_0.json	1447866000.0	46.96	90	971
snapshot_11_18_2015_18_0.json	1447887600.0	46.96	90	971
snapshot_11_18_2015_6_0.json	1447844400.0	46.96	90	971
snapshot_11_19_2015_0_0.json	1447909200.0	46.96	90	971
snapshot_11_19_2015_12_0.json	1447952400.0	46.96	90	971
snapshot_11_19_2015_18_0.json	1447974000.0	46.96	90	971
snapshot_11_19_2015_6_0.json	1447930800.0	46.96	90	971
snapshot_11_19_2015_6_0.json	1447930800.0	46.96	90	971
snapshot_11_20_2015_0_0.json	1447995600.0	46.96	90	971
snapshot_11_20_2015_12_0.json	1448038800.0	46.96	90	971
snapshot_11_21_2015_12_0.json	1448125200.0	46.96	90	969
snapshot_11_22_2015_0_0.json	1448168400.0	46.96	92	964
snapshot_11_22_2015_12_0.json	1448211600.0	46.96	92	964
snapshot_11_22_2015_6_0.json	1448190000.0	46.96	92	964
snapshot_11_22_2015_6_0.json	1448190000.0	46.96	92	964
snapshot_11_23_2015_0_0.json	1448254800.0	46.96	92	964
snapshot_11_23_2015_12_0.json	1448298000.0	46.96	92	964
snapshot_11_23_2015_6_0.json	1448276400.0	46.96	92	964
snapshot_11_24_2015_18_0.json	1448406000.0	46.96	92	964
snapshot_11_24_2015_6_0.json	1448362800.0	46.96	92	964
snapshot_11_25_2015_0_0.json	1448427600.0	46.96	92	964
snapshot_11_25_2015_0_0.json	1448427600.0	46.96	92	964
snapshot_11_25_2015_12_0.json	1448470800.0	46.96	92	958
snapshot_11_25_2015_12_0.json	1448470800.0	46.96	92	958
snapshot_11_25_2015_18_0.json	1448492400.0	46.96	92	958
snapshot_11_25_2015_18_0.json	1448492400.0	46.96	92	958
snapshot_11_25_2015_6_0.json	1448449200.0	46.96	92	958
snapshot_11_26_2015_0_0.json	1448514000.0	46.96	92	958
snapshot_11_27_2015_18_0.json	1448665200.0	46.96	92	963
snapshot_11_28_2015_0_0.json	1448686800.0	46.96	92	963
snapshot_11_28_2015_0_0.json	1448686800.0	46.96	92	963
snapshot_11_28_2015_18_0.json	1448751600.0	46.96	92	961
snapshot_11_29_2015_0_0.json	1448773200.0	46.96	92	961
snapshot_11_29_2015_12_0.json	1448816400.0	46.96	92	961
snapshot_11_29_2015_6_0.json	1448794800.0	46.96	92	961
snapshot_11_30_2015_0_0.json	1448859600.0	46.96	92	961
snapshot_11_30_2015_0_0.json	1448859600.0	46.96	92	961
snapshot_11_30_2015_12_0.json	1448902800.0	46.96	92	961
snapshot_11_30_2015_12_0.json	1448902800.0	46.96	92	961
snapshot_11_30_2015_18_0.json	1448924400.0	46.96	92	961
snapshot_12_1_2015_0_0.json	1448946000.0	46.96	92	961
snapshot_12_1_2015_12_0.json	1448989200.0	46.96	92	956
snapshot_12_1_2015_18_0.json	1449010800.0	46.96	92	954
snapshot_12_1_2015_6_0.json	1448967600.0	46.96	92	956
snapshot_12_2_2015_0_0.json	1449032400.0	46.96	92	958
snapshot_12_2_2015_12_0.json	1449075600.0	46.96	92	955
snapshot_12_2_2015_18_0.json	1449097200.0	46.96	92	955
snapshot_12_2_2015_6_0.json	1449054000.0	46.96	92	955
snapshot_12_3_2015_0_0.json	1449118800.0	46.96	92	955
snapshot_12_3_2015_12_0.json	1449162000.0	46.96	92	947
snapshot_12_3_2015_6_0.json	1449140400.0	46.96	92	947
snapshot_12_3_2015_6_0.json	1449140400.0	46.96	92	947
snapshot_12_4_2015_0_0.json	1449205200.0	46.96	92	940
snapshot_12_4_2015_12_0.json	1449248400.0	46.96	92	940
snapshot_12_4_2015_18_0.json	1449270000.0	46.96	92	931
snapshot_12_4_2015_6_0.json	1449226800.0	46.96	92	940
snapshot_12_5_2015_12_0.json	1449334800.0	46.96	92	931
snapshot_12_5_2015_18_0.json	1449356400.0	44.62	92	931
snapshot_12_5_2015_6_0.json	1449313200.0	46.96	92	931
9246585	2016-01-24T00:00:00Z	Monster Jam	Florida Citrus Bowl	Florida Orlando|663	32805
snapshot_11_16_2015_0_0.json	1447650000.0	46.96	85	982
snapshot_11_17_2015_0_0.json	1447736400.0	46.96	85	978
snapshot_11_17_2015_12_0.json	1447779600.0	46.96	85	978
snapshot_11_17_2015_18_0.json	1447801200.0	46.96	85	978
snapshot_11_17_2015_18_0.json	1447801200.0	46.96	85	978
snapshot_11_17_2015_6_0.json	1447758000.0	46.96	85	978
snapshot_11_18_2015_12_0.json	1447866000.0	46.96	90	971
snapshot_11_18_2015_12_0.json	1447866000.0	46.96	90	971
snapshot_11_18_2015_18_0.json	1447887600.0	46.96	90	971
snapshot_11_18_2015_6_0.json	1447844400.0	46.96	90	971
snapshot_11_19_2015_0_0.json	1447909200.0	46.96	90	971
snapshot_11_19_2015_12_0.json	1447952400.0	46.96	90	971
snapshot_11_19_2015_18_0.json	1447974000.0	46.96	90	971
snapshot_11_19_2015_6_0.json	1447930800.0	46.96	90	971
snapshot_11_19_2015_6_0.json	1447930800.0	46.96	90	971
snapshot_11_20_2015_0_0.json	1447995600.0	46.96	90	971
snapshot_11_20_2015_12_0.json	1448038800.0	46.96	90	971
snapshot_11_21_2015_12_0.json	1448125200.0	46.96	90	969
snapshot_11_22_2015_0_0.json	1448168400.0	46.96	92	964
snapshot_11_22_2015_12_0.json	1448211600.0	46.96	92	964
snapshot_11_22_2015_6_0.json	1448190000.0	46.96	92	964
snapshot_11_22_2015_6_0.json	1448190000.0	46.96	92	964
snapshot_11_23_2015_0_0.json	1448254800.0	46.96	92	964
snapshot_11_23_2015_12_0.json	1448298000.0	46.96	92	964
snapshot_11_23_2015_6_0.json	1448276400.0	46.96	92	964
snapshot_11_24_2015_18_0.json	1448406000.0	46.96	92	964
snapshot_11_24_2015_6_0.json	1448362800.0	46.96	92	964
snapshot_11_25_2015_0_0.json	1448427600.0	46.96	92	964
snapshot_11_25_2015_0_0.json	1448427600.0	46.96	92	964
snapshot_11_25_2015_12_0.json	1448470800.0	46.96	92	958
snapshot_11_25_2015_12_0.json	1448470800.0	46.96	92	958
snapshot_11_25_2015_18_0.json	1448492400.0	46.96	92	958
snapshot_11_25_2015_18_0.json	1448492400.0	46.96	92	958
snapshot_11_25_2015_6_0.json	1448449200.0	46.96	92	958
snapshot_11_26_2015_0_0.json	1448514000.0	46.96	92	958
snapshot_11_27_2015_18_0.json	1448665200.0	46.96	92	963
snapshot_11_28_2015_0_0.json	1448686800.0	46.96	92	963
snapshot_11_28_2015_0_0.json	1448686800.0	46.96	92	963
snapshot_11_28_2015_18_0.json	1448751600.0	46.96	92	961
snapshot_11_29_2015_0_0.json	1448773200.0	46.96	92	961
snapshot_11_29_2015_12_0.json	1448816400.0	46.96	92	961
snapshot_11_29_2015_6_0.json	1448794800.0	46.96	92	961
snapshot_11_30_2015_0_0.json	1448859600.0	46.96	92	961
snapshot_11_30_2015_0_0.json	1448859600.0	46.96	92	961
snapshot_11_30_2015_12_0.json	1448902800.0	46.96	92	961
snapshot_11_30_2015_12_0.json	1448902800.0	46.96	92	961
snapshot_11_30_2015_18_0.json	1448924400.0	46.96	92	961
snapshot_12_1_2015_0_0.json	1448946000.0	46.96	92	961
snapshot_12_1_2015_12_0.json	1448989200.0	46.96	92	956
snapshot_12_1_2015_18_0.json	1449010800.0	46.96	92	954
snapshot_12_1_2015_6_0.json	1448967600.0	46.96	92	956
snapshot_12_2_2015_0_0.json	1449032400.0	46.96	92	958
snapshot_12_2_2015_12_0.json	1449075600.0	46.96	92	955
snapshot_12_2_2015_18_0.json	1449097200.0	46.96	92	955
snapshot_12_2_2015_6_0.json	1449054000.0	46.96	92	955
snapshot_12_3_2015_0_0.json	1449118800.0	46.96	92	955
snapshot_12_3_2015_12_0.json	1449162000.0	46.96	92	947
snapshot_12_3_2015_6_0.json	1449140400.0	46.96	92	947
snapshot_12_3_2015_6_0.json	1449140400.0	46.96	92	947
snapshot_12_4_2015_0_0.json	1449205200.0	46.96	92	940
snapshot_12_4_2015_12_0.json	1449248400.0	46.96	92	940
snapshot_12_4_2015_18_0.json	1449270000.0	46.96	92	931
snapshot_12_4_2015_6_0.json	1449226800.0	46.96	92	940
snapshot_12_5_2015_12_0.json	1449334800.0	46.96	92	931
snapshot_12_5_2015_18_0.json	1449356400.0	44.62	92	931
snapshot_12_5_2015_6_0.json	1449313200.0	46.96	92	931
