9247312	2016-02-14T19:00:00Z	Disney On Ice Frozen	Sleep Train Arena	California Sacramento|81690	95834
snapshot_11_16_2015_0_0.json	1447650000.0	44.62	364	808
snapshot_11_17_2015_0_0.json	1447736400.0	44.62	169.2	808
snapshot_11_17_2015_12_0.json	1447779600.0	47.37	364	799
snapshot_11_17_2015_18_0.json	1447801200.0	44.62	162.27	799
snapshot_11_17_2015_6_0.json	1447758000.0	47.37	169.2	799
snapshot_11_18_2015_0_0.json	1447822800.0	44.62	162.27	795
snapshot_11_18_2015_12_0.json	1447866000.0	53.22	372	781
snapshot_11_18_2015_18_0.json	1447887600.0	50.47	162.27	781
snapshot_11_18_2015_18_0.json	1447887600.0	50.47	162.27	781
snapshot_11_18_2015_6_0.json	1447844400.0	53.22	162.27	781
snapshot_11_19_2015_12_0.json	1447952400.0	53.22	372	781
snapshot_11_19_2015_6_0.json	1447930800.0	53.22	162.27	781
snapshot_11_20_2015_0_0.json	1447995600.0	50.47	162.27	815
snapshot_11_20_2015_12_0.json	1448038800.0	53.22	372	815
snapshot_11_21_2015_12_0.json	1448125200.0	53.22	372	815
snapshot_11_21_2015_18_0.json	1448146800.0	50.47	162.27	815
snapshot_11_22_2015_0_0.json	1448168400.0	55.15	162.27	811
snapshot_11_22_2015_12_0.json	1448211600.0	55.15	372	811
snapshot_11_22_2015_18_0.json	1448233200.0	55.15	162.27	811
snapshot_11_22_2015_6_0.json	1448190000.0	55.15	162.27	811
snapshot_11_23_2015_0_0.json	1448254800.0	55.15	162.27	811
snapshot_11_23_2015_12_0.json	1448298000.0	55.15	372	811
snapshot_11_23_2015_18_0.json	1448319600.0	55.15	372	807
snapshot_11_23_2015_6_0.json	1448276400.0	55.15	372	811
snapshot_11_24_2015_0_0.json	1448341200.0	55.15	162.27	808
snapshot_11_24_2015_12_0.json	1448384400.0	55.15	372	805
snapshot_11_24_2015_18_0.json	1448406000.0	55.15	162.27	805
snapshot_11_24_2015_6_0.json	1448362800.0	55.15	162.27	805
snapshot_11_25_2015_0_0.json	1448427600.0	55.15	162.27	802
snapshot_11_25_2015_12_0.json	1448470800.0	55.15	372	798
snapshot_11_25_2015_18_0.json	1448492400.0	55.15	164.25	798
snapshot_11_25_2015_6_0.json	1448449200.0	55.15	188	802
snapshot_11_25_2015_6_0.json	1448449200.0	55.15	188	802
snapshot_11_26_2015_0_0.json	1448514000.0	55.15	432	806
snapshot_11_26_2015_0_0.json	1448514000.0	55.15	432	806
snapshot_11_27_2015_18_0.json	1448665200.0	55.15	436	826
snapshot_11_28_2015_0_0.json	1448686800.0	55.15	170	832
snapshot_11_28_2015_0_0.json	1448686800.0	55.15	170	832
snapshot_11_28_2015_12_0.json	1448730000.0	55.15	436	842
snapshot_11_29_2015_0_0.json	1448773200.0	54.49	170	834
snapshot_11_29_2015_0_0.json	1448773200.0	54.49	170	834
snapshot_11_29_2015_12_0.json	1448816400.0	54.49	436	840
snapshot_11_29_2015_18_0.json	1448838000.0	53.98	170	834
snapshot_11_29_2015_6_0.json	1448794800.0	54.49	170	834
snapshot_11_29_2015_6_0.json	1448794800.0	54.49	170	834
snapshot_11_30_2015_0_0.json	1448859600.0	54.49	170	834
snapshot_11_30_2015_0_0.json	1448859600.0	54.49	170	834
snapshot_11_30_2015_12_0.json	1448902800.0	54.49	436	838
snapshot_11_30_2015_18_0.json	1448924400.0	54.49	432	832
snapshot_11_30_2015_6_0.json	1448881200.0	54.49	328	832
snapshot_12_1_2015_0_0.json	1448946000.0	54.49	372	838
snapshot_12_1_2015_12_0.json	1448989200.0	54.49	436	842
snapshot_12_1_2015_18_0.json	1449010800.0	54.49	184	834
snapshot_12_1_2015_6_0.json	1448967600.0	54.49	436	838
snapshot_12_2_2015_0_0.json	1449032400.0	54.49	170	802
snapshot_12_2_2015_0_0.json	1449032400.0	54.49	170	802
snapshot_12_2_2015_12_0.json	1449075600.0	54.49	436	799
snapshot_12_2_2015_18_0.json	1449097200.0	54.49	170	799
snapshot_12_2_2015_6_0.json	1449054000.0	54.49	170	799
snapshot_12_2_2015_6_0.json	1449054000.0	54.49	170	799
snapshot_12_3_2015_0_0.json	1449118800.0	54.49	372	803
snapshot_12_3_2015_12_0.json	1449162000.0	54.49	170	751
snapshot_12_3_2015_18_0.json	1449183600.0	53.98	332	797
snapshot_12_3_2015_6_0.json	1449140400.0	54.49	436	797
snapshot_12_4_2015_0_0.json	1449205200.0	54.49	332	797
snapshot_12_4_2015_12_0.json	1449248400.0	54.49	436	787
snapshot_12_4_2015_18_0.json	1449270000.0	54.49	332	787
snapshot_12_4_2015_18_0.json	1449270000.0	54.49	332	787
snapshot_12_4_2015_6_0.json	1449226800.0	54.49	332	795
snapshot_12_5_2015_0_0.json	1449291600.0	54.49	170	787
snapshot_12_5_2015_12_0.json	1449334800.0	54.49	436	787
snapshot_12_5_2015_18_0.json	1449356400.0	54.49	332	787
snapshot_12_5_2015_6_0.json	1449313200.0	54.49	170	787
9247312	2016-02-14T19:00:00Z	Disney On Ice Frozen	Sleep Train Arena	California Sacramento|81690	95834
snapshot_11_16_2015_0_0.json	1447650000.0	44.62	364	808
snapshot_11_17_2015_0_0.json	1447736400.0	44.62	169.2	808
snapshot_11_17_2015_12_0.json	1447779600.0	47.37	364	799
snapshot_11_17_2015_18_0.json	1447801200.0	44.62	162.27	799
snapshot_11_17_2015_6_0.json	1447758000.0	47.37	169.2	799
snapshot_11_18_2015_0_0.json	1447822800.0	44.62	162.27	795
snapshot_11_18_2015_12_0.json	1447866000.0	53.22	372	781
snapshot_11_18_2015_18_0.json	1447887600.0	50.47	162.27	781
snapshot_11_18_2015_18_0.json	1447887600.0	50.47	162.27	781
snapshot_11_18_2015_6_0.json	1447844400.0	53.22	162.27	781
snapshot_11_19_2015_12_0.json	1447952400.0	53.22	372	781
snapshot_11_19_2015_6_0.json	1447930800.0	53.22	162.27	781
snapshot_11_20_2015_0_0.json	1447995600.0	50.47	162.27	815
snapshot_11_20_2015_12_0.json	1448038800.0	53.22	372	815
snapshot_11_21_2015_12_0.json	1448125200.0	53.22	372	815
snapshot_11_21_2015_18_0.json	1448146800.0	50.47	162.27	815
snapshot_11_22_2015_0_0.json	1448168400.0	55.15	162.27	811
snapshot_11_22_2015_12_0.json	1448211600.0	55.15	372	811
snapshot_11_22_2015_18_0.json	1448233200.0	55.15	162.27	811
snapshot_11_22_2015_6_0.json	1448190000.0	55.15	162.27	811
snapshot_11_23_2015_0_0.json	1448254800.0	55.15	162.27	811
snapshot_11_23_2015_12_0.json	1448298000.0	55.15	372	811
snapshot_11_23_2015_18_0.json	1448319600.0	55.15	372	807
snapshot_11_23_2015_6_0.json	1448276400.0	55.15	372	811
snapshot_11_24_2015_0_0.json	1448341200.0	55.15	162.27	808
snapshot_11_24_2015_12_0.json	1448384400.0	55.15	372	805
snapshot_11_24_2015_18_0.json	1448406000.0	55.15	162.27	805
snapshot_11_24_2015_6_0.json	1448362800.0	55.15	162.27	805
snapshot_11_25_2015_0_0.json	1448427600.0	55.15	162.27	802
snapshot_11_25_2015_12_0.json	1448470800.0	55.15	372	798
snapshot_11_25_2015_18_0.json	1448492400.0	55.15	164.25	798
snapshot_11_25_2015_6_0.json	1448449200.0	55.15	188	802
snapshot_11_25_2015_6_0.json	1448449200.0	55.15	188	802
snapshot_11_26_2015_0_0.json	1448514000.0	55.15	432	806
snapshot_11_26_2015_0_0.json	1448514000.0	55.15	432	806
snapshot_11_27_2015_18_0.json	1448665200.0	55.15	436	826
snapshot_11_28_2015_0_0.json	1448686800.0	55.15	170	832
snapshot_11_28_2015_0_0.json	1448686800.0	55.15	170	832
snapshot_11_28_2015_12_0.json	1448730000.0	55.15	436	842
snapshot_11_29_2015_0_0.json	1448773200.0	54.49	170	834
snapshot_11_29_2015_0_0.json	1448773200.0	54.49	170	834
snapshot_11_29_2015_12_0.json	1448816400.0	54.49	436	840
snapshot_11_29_2015_18_0.json	1448838000.0	53.98	170	834
snapshot_11_29_2015_6_0.json	1448794800.0	54.49	170	834
snapshot_11_29_2015_6_0.json	1448794800.0	54.49	170	834
snapshot_11_30_2015_0_0.json	1448859600.0	54.49	170	834
snapshot_11_30_2015_0_0.json	1448859600.0	54.49	170	834
snapshot_11_30_2015_12_0.json	1448902800.0	54.49	436	838
snapshot_11_30_2015_18_0.json	1448924400.0	54.49	432	832
snapshot_11_30_2015_6_0.json	1448881200.0	54.49	328	832
snapshot_12_1_2015_0_0.json	1448946000.0	54.49	372	838
snapshot_12_1_2015_12_0.json	1448989200.0	54.49	436	842
snapshot_12_1_2015_18_0.json	1449010800.0	54.49	184	834
snapshot_12_1_2015_6_0.json	1448967600.0	54.49	436	838
snapshot_12_2_2015_0_0.json	1449032400.0	54.49	170	802
snapshot_12_2_2015_0_0.json	1449032400.0	54.49	170	802
snapshot_12_2_2015_12_0.json	1449075600.0	54.49	436	799
snapshot_12_2_2015_18_0.json	1449097200.0	54.49	170	799
snapshot_12_2_2015_6_0.json	1449054000.0	54.49	170	799
snapshot_12_2_2015_6_0.json	1449054000.0	54.49	170	799
snapshot_12_3_2015_0_0.json	1449118800.0	54.49	372	803
snapshot_12_3_2015_12_0.json	1449162000.0	54.49	170	751
snapshot_12_3_2015_18_0.json	1449183600.0	53.98	332	797
snapshot_12_3_2015_6_0.json	1449140400.0	54.49	436	797
snapshot_12_4_2015_0_0.json	1449205200.0	9247312	2016-02-14T19:00:00Z	Disney On Ice Frozen	Sleep Train Arena	California Sacramento|81690	95834
snapshot_11_16_2015_0_0.json	1447650000.0	44.62	364	808
snapshot_11_17_2015_0_0.json	1447736400.0	44.62	169.2	808
snapshot_11_17_2015_12_0.json	1447779600.0	47.37	364	799
snapshot_11_17_2015_18_0.json	1447801200.0	44.62	162.27	799
snapshot_11_17_2015_6_0.json	1447758000.0	47.37	169.2	799
snapshot_11_18_2015_0_0.json	1447822800.0	44.62	162.27	795
snapshot_11_18_2015_12_0.json	1447866000.0	53.22	372	781
snapshot_11_18_2015_18_0.json	1447887600.0	50.47	162.27	781
snapshot_11_18_2015_18_0.json	1447887600.0	50.47	162.27	781
snapshot_11_18_2015_6_0.json	1447844400.0	53.22	162.27	781
snapshot_11_19_2015_12_0.json	1447952400.0	53.22	372	781
snapshot_11_19_2015_6_0.json	1447930800.0	53.22	162.27	781
snapshot_11_20_2015_0_0.json	1447995600.0	50.47	162.27	815
snapshot_11_20_2015_12_0.json	1448038800.0	53.22	372	815
snapshot_11_21_2015_12_0.json	1448125200.0	53.22	372	815
snapshot_11_21_2015_18_0.json	1448146800.0	50.47	162.27	815
snapshot_11_22_2015_0_0.json	1448168400.0	55.15	162.27	811
snapshot_11_22_2015_12_0.json	1448211600.0	55.15	372	811
snapshot_11_22_2015_18_0.json	1448233200.0	55.15	162.27	811
snapshot_11_22_2015_6_0.json	1448190000.0	55.15	162.27	811
snapshot_11_23_2015_0_0.json	1448254800.0	55.15	162.27	811
snapshot_11_23_2015_12_0.json	1448298000.0	55.15	372	811
snapshot_11_23_2015_18_0.json	1448319600.0	55.15	372	807
snapshot_11_23_2015_6_0.json	1448276400.0	55.15	372	811
snapshot_11_24_2015_0_0.json	1448341200.0	55.15	162.27	808
snapshot_11_24_2015_12_0.json	1448384400.0	55.15	372	805
snapshot_11_24_2015_18_0.json	1448406000.0	55.15	162.27	805
snapshot_11_24_2015_6_0.json	1448362800.0	55.15	162.27	805
snapshot_11_25_2015_0_0.json	1448427600.0	55.15	162.27	802
snapshot_11_25_2015_12_0.json	1448470800.0	55.15	372	798
snapshot_11_25_2015_18_0.json	1448492400.0	55.15	164.25	798
snapshot_11_25_2015_6_0.json	1448449200.0	55.15	188	802
snapshot_11_25_2015_6_0.json	1448449200.0	55.15	188	802
snapshot_11_26_2015_0_0.json	1448514000.0	55.15	432	806
snapshot_11_26_2015_0_0.json	1448514000.0	55.15	432	806
snapshot_11_27_2015_18_0.json	1448665200.0	55.15	436	826
snapshot_11_28_2015_0_0.json	1448686800.0	55.15	170	832
snapshot_11_28_2015_0_0.json	1448686800.0	55.15	170	832
snapshot_11_28_2015_12_0.json	1448730000.0	55.15	436	842
snapshot_11_29_2015_0_0.json	1448773200.0	54.49	170	834
snapshot_11_29_2015_0_0.json	1448773200.0	54.49	170	834
snapshot_11_29_2015_12_0.json	1448816400.0	54.49	436	840
snapshot_11_29_2015_18_0.json	1448838000.0	53.98	170	834
snapshot_11_29_2015_6_0.json	1448794800.0	54.49	170	834
snapshot_11_29_2015_6_0.json	1448794800.0	54.49	170	834
snapshot_11_30_2015_0_0.json	1448859600.0	54.49	170	834
snapshot_11_30_2015_0_0.json	1448859600.0	54.49	170	834
snapshot_11_30_2015_12_0.json	1448902800.0	54.49	436	838
snapshot_11_30_2015_18_0.json	1448924400.0	54.49	432	832
snapshot_11_30_2015_6_0.json	1448881200.0	54.49	328	832
snapshot_12_1_2015_0_0.json	1448946000.0	54.49	372	838
snapshot_12_1_2015_12_0.json	1448989200.0	54.49	436	842
snapshot_12_1_2015_18_0.json	1449010800.0	54.49	184	834
snapshot_12_1_2015_6_0.json	1448967600.0	54.49	436	838
snapshot_12_2_2015_0_0.json	1449032400.0	54.49	170	802
snapshot_12_2_2015_0_0.json	1449032400.0	54.49	170	802
snapshot_12_2_2015_12_0.json	1449075600.0	54.49	436	799
snapshot_12_2_2015_18_0.json	1449097200.0	54.49	170	799
snapshot_12_2_2015_6_0.json	1449054000.0	54.49	170	799
snapshot_12_2_2015_6_0.json	1449054000.0	54.49	170	799
snapshot_12_3_2015_0_0.json	1449118800.0	54.49	372	803
snapshot_12_3_2015_12_0.json	1449162000.0	54.49	170	751
snapshot_12_3_2015_18_0.json	1449183600.0	53.98	332	797
snapshot_12_3_2015_6_0.json	1449140400.0	54.49	436	797
snapshot_12_4_2015_0_0.json	1449205200.0	54.49	332	797
snapshot_12_4_2015_12_0.json	1449248400.0	54.49	436	787
snapshot_12_4_2015_18_0.json	1449270000.0	54.49	332	787
snapshot_12_4_2015_18_0.json	1449270000.0	54.49	332	787
snapshot_12_4_2015_6_0.json	1449226800.0	54.49	332	795
snapshot_12_5_2015_0_0.json	1449291600.0	54.49	170	787
snapshot_12_5_2015_12_0.json	1449334800.0	54.49	436	787
snapshot_12_5_2015_18_0.json	1449356400.0	54.49	332	787
snapshot_12_5_2015_6_0.json	1449313200.0	54.49	170	787
9247312	2016-02-14T19:00:00Z	Disney On Ice Frozen	Sleep Train Arena	California Sacramento|81690	95834
snapshot_11_16_2015_0_0.json	1447650000.0	44.62	364	808
snapshot_11_17_2015_0_0.json	1447736400.0	44.62	169.2	808
snapshot_11_17_2015_12_0.json	1447779600.0	47.37	364	799
snapshot_11_17_2015_18_0.json	1447801200.0	44.62	162.27	799
snapshot_11_17_2015_6_0.json	1447758000.0	47.37	169.2	799
snapshot_11_18_2015_0_0.json	1447822800.0	44.62	162.27	795
snapshot_11_18_2015_12_0.json	1447866000.0	53.22	372	781
snapshot_11_18_2015_18_0.json	1447887600.0	50.47	162.27	781
snapshot_11_18_2015_18_0.json	1447887600.0	50.47	162.27	781
snapshot_11_18_2015_6_0.json	1447844400.0	53.22	162.27	781
snapshot_11_19_2015_12_0.json	1447952400.0	53.22	372	781
snapshot_11_19_2015_6_0.json	1447930800.0	53.22	162.27	781
snapshot_11_20_2015_0_0.json	1447995600.0	50.47	162.27	815
snapshot_11_20_2015_12_0.json	1448038800.0	53.22	372	815
snapshot_11_21_2015_12_0.json	1448125200.0	53.22	372	815
snapshot_11_21_2015_18_0.json	1448146800.0	50.47	162.27	815
snapshot_11_22_2015_0_0.json	1448168400.0	55.15	162.27	811
snapshot_11_22_2015_12_0.json	1448211600.0	55.15	372	811
snapshot_11_22_2015_18_0.json	1448233200.0	55.15	162.27	811
snapshot_11_22_2015_6_0.json	1448190000.0	55.15	162.27	811
snapshot_11_23_2015_0_0.json	1448254800.0	55.15	162.27	811
snapshot_11_23_2015_12_0.json	1448298000.0	55.15	372	811
snapshot_11_23_2015_18_0.json	1448319600.0	55.15	372	807
snapshot_11_23_2015_6_0.json	1448276400.0	55.15	372	811
snapshot_11_24_2015_0_0.json	1448341200.0	55.15	162.27	808
snapshot_11_24_2015_12_0.json	1448384400.0	55.15	372	805
snapshot_11_24_2015_18_0.json	1448406000.0	55.15	162.27	805
snapshot_11_24_2015_6_0.json	1448362800.0	55.15	162.27	805
snapshot_11_25_2015_0_0.json	1448427600.0	55.15	162.27	802
snapshot_11_25_2015_12_0.json	1448470800.0	55.15	372	798
snapshot_11_25_2015_18_0.json	1448492400.0	55.15	164.25	798
snapshot_11_25_2015_6_0.json	1448449200.0	55.15	188	802
snapshot_11_25_2015_6_0.json	1448449200.0	55.15	188	802
snapshot_11_26_2015_0_0.json	1448514000.0	55.15	432	806
snapshot_11_26_2015_0_0.json	1448514000.0	55.15	432	806
snapshot_11_27_2015_18_0.json	1448665200.0	55.15	436	826
snapshot_11_28_2015_0_0.json	1448686800.0	55.15	170	832
snapshot_11_28_2015_0_0.json	1448686800.0	55.15	170	832
snapshot_11_28_2015_12_0.json	1448730000.0	55.15	436	842
snapshot_11_29_2015_0_0.json	1448773200.0	54.49	170	834
snapshot_11_29_2015_0_0.json	1448773200.0	54.49	170	834
snapshot_11_29_2015_12_0.json	1448816400.0	54.49	436	840
snapshot_11_29_2015_18_0.json	1448838000.0	53.98	170	834
snapshot_11_29_2015_6_0.json	1448794800.0	54.49	170	834
snapshot_11_29_2015_6_0.json	1448794800.0	54.49	170	834
snapshot_11_30_2015_0_0.json	1448859600.0	54.49	170	834
snapshot_11_30_2015_0_0.json	1448859600.0	54.49	170	834
snapshot_11_30_2015_12_0.json	1448902800.0	54.49	436	838
snapshot_11_30_2015_18_0.json	1448924400.0	54.49	432	832
snapshot_11_30_2015_6_0.json	1448881200.0	54.49	328	832
snapshot_12_1_2015_0_0.json	1448946000.0	54.49	372	838
snapshot_12_1_2015_12_0.json	1448989200.0	54.49	436	842
snapshot_12_1_2015_18_0.json	1449010800.0	54.49	184	834
snapshot_12_1_2015_6_0.json	1448967600.0	54.49	436	838
snapshot_12_2_2015_0_0.json	1449032400.0	54.49	170	802
snapshot_12_2_2015_0_0.json	1449032400.0	54.49	170	802
snapshot_12_2_2015_12_0.json	1449075600.0	54.49	436	799
snapshot_12_2_2015_18_0.json	1449097200.0	54.49	170	799
snapshot_12_2_2015_6_0.json	1449054000.0	54.49	170	799
snapshot_12_2_2015_6_0.json	1449054000.0	54.49	170	799
snapshot_12_3_2015_0_0.json	1449118800.0	54.49	372	803
snapshot_12_3_2015_12_0.json	1449162000.0	54.49	170	751
snapshot_12_3_2015_18_0.json	1449183600.0	53.98	332	797
snapshot_12_3_2015_6_0.json	1449140400.0	54.49	436	797
snapshot_12_4_2015_0_0.json	1449205200.0	
