9247313	2016-02-14T23:00:00Z	Disney On Ice Frozen	Sleep Train Arena	California Sacramento|81690	95834
snapshot_11_16_2015_0_0.json	1447650000.0	44.62	169.2	929
snapshot_11_17_2015_0_0.json	1447736400.0	44.62	169.2	929
snapshot_11_17_2015_18_0.json	1447801200.0	44.62	162.27	929
snapshot_11_17_2015_6_0.json	1447758000.0	47.37	169.2	929
snapshot_11_18_2015_0_0.json	1447822800.0	44.62	162.27	914
snapshot_11_18_2015_12_0.json	1447866000.0	47.37	162.27	914
snapshot_11_18_2015_18_0.json	1447887600.0	44.62	162.27	910
snapshot_11_18_2015_6_0.json	1447844400.0	47.37	162.27	914
snapshot_11_19_2015_0_0.json	1447909200.0	44.62	162.27	910
snapshot_11_19_2015_0_0.json	1447909200.0	44.62	162.27	910
snapshot_11_19_2015_12_0.json	1447952400.0	47.37	162.27	910
snapshot_11_19_2015_6_0.json	1447930800.0	47.37	162.27	910
snapshot_11_20_2015_0_0.json	1447995600.0	44.62	162.27	914
snapshot_11_20_2015_12_0.json	1448038800.0	47.37	162.27	914
snapshot_11_21_2015_12_0.json	1448125200.0	47.37	162.27	908
snapshot_11_22_2015_0_0.json	1448168400.0	44.62	162.27	908
snapshot_11_22_2015_0_0.json	1448168400.0	44.62	162.27	908
snapshot_11_22_2015_12_0.json	1448211600.0	47.37	162.27	908
snapshot_11_22_2015_18_0.json	1448233200.0	44.62	162.27	908
snapshot_11_22_2015_18_0.json	1448233200.0	44.62	162.27	908
snapshot_11_22_2015_6_0.json	1448190000.0	47.37	162.27	908
snapshot_11_22_2015_6_0.json	1448190000.0	47.37	162.27	908
snapshot_11_23_2015_0_0.json	1448254800.0	44.62	162.27	911
snapshot_11_23_2015_12_0.json	1448298000.0	47.37	162.27	911
snapshot_11_23_2015_12_0.json	1448298000.0	47.37	162.27	911
snapshot_11_23_2015_18_0.json	1448319600.0	44.62	162.27	913
snapshot_11_23_2015_6_0.json	1448276400.0	47.37	162.27	911
snapshot_11_24_2015_0_0.json	1448341200.0	44.62	162.27	910
snapshot_11_24_2015_12_0.json	1448384400.0	47.37	162.27	903
snapshot_11_24_2015_18_0.json	1448406000.0	44.62	162.27	903
snapshot_11_24_2015_6_0.json	1448362800.0	47.37	162.27	910
snapshot_11_25_2015_12_0.json	1448470800.0	47.37	162.27	899
snapshot_11_25_2015_18_0.json	1448492400.0	44.62	164.25	899
snapshot_11_25_2015_6_0.json	1448449200.0	47.37	162.27	899
snapshot_11_25_2015_6_0.json	1448449200.0	47.37	162.27	899
snapshot_11_28_2015_0_0.json	1448686800.0	44.62	170	940
snapshot_11_28_2015_12_0.json	1448730000.0	47.37	170	937
snapshot_11_28_2015_12_0.json	1448730000.0	47.37	170	937
snapshot_11_28_2015_18_0.json	1448751600.0	44.62	170	937
snapshot_11_28_2015_6_0.json	1448708400.0	47.37	170	937
snapshot_11_29_2015_12_0.json	1448816400.0	47.37	170	933
snapshot_11_29_2015_18_0.json	1448838000.0	44.62	170	933
snapshot_11_29_2015_6_0.json	1448794800.0	47.37	170	933
snapshot_11_30_2015_0_0.json	1448859600.0	44.62	170	933
snapshot_11_30_2015_18_0.json	1448924400.0	44.62	170	933
snapshot_11_30_2015_6_0.json	1448881200.0	47.37	170	933
snapshot_12_1_2015_12_0.json	1448989200.0	47.37	170	924
snapshot_12_1_2015_18_0.json	1449010800.0	44.62	170	924
snapshot_12_1_2015_6_0.json	1448967600.0	47.37	170	924
snapshot_12_2_2015_0_0.json	1449032400.0	44.62	170	900
snapshot_12_2_2015_18_0.json	1449097200.0	44.62	170	900
snapshot_12_2_2015_6_0.json	1449054000.0	47.37	170	900
snapshot_12_2_2015_6_0.json	1449054000.0	47.37	170	900
snapshot_12_3_2015_0_0.json	1449118800.0	44.62	170	896
snapshot_12_3_2015_12_0.json	1449162000.0	47.37	170	896
snapshot_12_3_2015_18_0.json	1449183600.0	44.62	170	896
snapshot_12_3_2015_18_0.json	1449183600.0	44.62	170	896
snapshot_12_3_2015_6_0.json	1449140400.0	47.37	170	896
snapshot_12_4_2015_0_0.json	1449205200.0	44.62	170	891
snapshot_12_4_2015_12_0.json	1449248400.0	47.37	170	889
snapshot_12_4_2015_18_0.json	1449270000.0	44.62	170	886
snapshot_12_4_2015_18_0.json	1449270000.0	44.62	170	886
snapshot_12_4_2015_6_0.json	1449226800.0	47.37	170	889
snapshot_12_5_2015_0_0.json	1449291600.0	44.62	170	874
snapshot_12_5_2015_12_0.json	1449334800.0	47.37	170	874
snapshot_12_5_2015_18_0.json	1449356400.0	44.62	170	874
snapshot_12_5_2015_6_0.json	1449313200.0	47.37	170	874
9247313	2016-02-14T23:00:00Z	Disney On Ice Frozen	Sleep Train Arena	California Sacramento|81690	95834
snapshot_11_16_2015_0_0.json	1447650000.0	44.62	169.2	929
snapshot_11_17_2015_0_0.json	1447736400.0	44.62	169.2	929
snapshot_11_17_2015_18_0.json	1447801200.0	44.62	162.27	929
snapshot_11_17_2015_6_0.json	1447758000.0	47.37	169.2	929
snapshot_11_18_2015_0_0.json	1447822800.0	44.62	162.27	914
snapshot_11_18_2015_12_0.json	1447866000.0	47.37	162.27	914
snapshot_11_18_2015_18_0.json	1447887600.0	44.62	162.27	910
snapshot_11_18_2015_6_0.json	1447844400.0	47.37	162.27	914
snapshot_11_19_2015_0_0.json	1447909200.0	44.62	162.27	910
snapshot_11_19_2015_0_0.json	1447909200.0	44.62	162.27	910
snapshot_11_19_2015_12_0.json	1447952400.0	47.37	162.27	910
snapshot_11_19_2015_6_0.json	1447930800.0	47.37	162.27	910
snapshot_11_20_2015_0_0.json	1447995600.0	44.62	162.27	914
snapshot_11_20_2015_12_0.json	1448038800.0	47.37	162.27	914
snapshot_11_21_2015_12_0.json	1448125200.0	47.37	162.27	908
snapshot_11_22_2015_0_0.json	1448168400.0	44.62	162.27	908
snapshot_11_22_2015_0_0.json	1448168400.0	44.62	162.27	908
snapshot_11_22_2015_12_0.json	1448211600.0	47.37	162.27	908
snapshot_11_22_2015_18_0.json	1448233200.0	44.62	162.27	908
snapshot_11_22_2015_18_0.json	1448233200.0	44.62	162.27	908
snapshot_11_22_2015_6_0.json	1448190000.0	47.37	162.27	908
snapshot_11_22_2015_6_0.json	1448190000.0	47.37	162.27	908
snapshot_11_23_2015_0_0.json	1448254800.0	44.62	162.27	911
snapshot_11_23_2015_12_0.json	1448298000.0	47.37	162.27	911
snapshot_11_23_2015_12_0.json	1448298000.0	47.37	162.27	911
snapshot_11_23_2015_18_0.json	1448319600.0	44.62	162.27	913
snapshot_11_23_2015_6_0.json	1448276400.0	47.37	162.27	911
snapshot_11_24_2015_0_0.json	1448341200.0	44.62	162.27	910
snapshot_11_24_2015_12_0.json	1448384400.0	47.37	162.27	903
snapshot_11_24_2015_18_0.json	1448406000.0	44.62	162.27	903
snapshot_11_24_2015_6_0.json	1448362800.0	47.37	162.27	910
snapshot_11_25_2015_12_0.json	1448470800.0	47.37	162.27	899
snapshot_11_25_2015_18_0.json	1448492400.0	44.62	164.25	899
snapshot_11_25_2015_6_0.json	1448449200.0	47.37	162.27	899
snapshot_11_25_2015_6_0.json	1448449200.0	47.37	162.27	899
snapshot_11_28_2015_0_0.json	1448686800.0	44.62	170	940
snapshot_11_28_2015_12_0.json	1448730000.0	47.37	170	937
snapshot_11_28_2015_12_0.json	1448730000.0	47.37	170	937
snapshot_11_28_2015_18_0.json	1448751600.0	44.62	170	937
snapshot_11_28_2015_6_0.json	1448708400.0	47.37	170	937
snapshot_11_29_2015_12_0.json	1448816400.0	47.37	170	933
snapshot_11_29_2015_18_0.json	1448838000.0	44.62	170	933
snapshot_11_29_2015_6_0.json	1448794800.0	47.37	170	933
snapshot_11_30_2015_0_0.json	1448859600.0	44.62	170	933
snapshot_11_30_2015_18_0.json	1448924400.0	44.62	170	933
snapshot_11_30_2015_6_0.json	1448881200.0	47.37	170	933
snapshot_12_1_2015_12_0.json	1448989200.0	47.37	170	924
snapshot_12_1_2015_18_0.json	1449010800.0	44.62	170	924
snapshot_12_1_2015_6_0.json	1448967600.0	47.37	170	924
snapshot_12_2_2015_0_0.json	1449032400.0	44.62	170	900
snapshot_12_2_2015_18_0.json	1449097200.0	44.62	170	900
snapshot_12_2_2015_6_0.json	1449054000.0	47.37	170	900
snapshot_12_2_2015_6_0.json	1449054000.0	47.37	170	900
snapshot_12_3_2015_0_0.json	1449118800.0	44.62	170	896
snapshot_12_3_2015_12_0.json	1449162000.0	47.37	170	896
snapshot_12_3_2015_18_0.json	1449183600.0	44.62	170	896
snapshot_12_3_2015_18_0.json	1449183600.0	44.62	170	896
snapshot_12_3_2015_6_0.json	1449140400.0	47.37	170	896
snapshot_12_4_2015_0_0.json	1449205200.0	44.62	170	891
snapshot_12_4_2015_12_0.json	1449248400.0	47.37	170	889
snapshot_12_4_2015_18_0.json	1449270000.0	44.62	170	886
snapshot_12_4_2015_18_0.json	1449270000.0	44.62	170	886
snapshot_12_4_2015_6_0.json	1449226800.0	47.37	170	889
snapshot_12_5_2015_0_0.json	1449291600.0	44.62	170	874
snapshot_12_5_2015_12_0.json	1449334800.0	47.37	170	874
snapshot_12_5_2015_18_0.json	1449356400.0	44.62	170	874
snapshot_12_5_2015_6_0.json	1449313200.0	47.37	170	874
9247313	2016-02-14T23:00:00Z	Disney On Ice Frozen	Sleep Train Arena	California Sacramento|81690	95834
snapshot_11_16_2015_0_0.json	1447650000.0	44.62	169.2	929
snapshot_11_17_2015_0_0.json	1447736400.0	44.62	169.2	929
snapshot_11_17_2015_18_0.json	1447801200.0	44.62	162.27	929
snapshot_11_17_2015_6_0.json	1447758000.0	47.37	169.2	929
snapshot_11_18_2015_0_0.json	1447822800.0	44.62	162.27	914
snapshot_11_18_2015_12_0.json	1447866000.0	47.37	162.27	914
snapshot_11_18_2015_18_0.json	1447887600.0	44.62	162.27	910
snapshot_11_18_2015_6_0.json	1447844400.0	47.37	162.27	914
snapshot_11_19_2015_0_0.json	1447909200.0	44.62	162.27	910
snapshot_11_19_2015_0_0.json	1447909200.0	44.62	162.27	910
snapshot_11_19_2015_12_0.json	1447952400.0	47.37	162.27	910
snapshot_11_19_2015_6_0.json	1447930800.0	47.37	162.27	910
snapshot_11_20_2015_0_0.json	1447995600.0	44.62	162.27	914
snapshot_11_20_2015_12_0.json	1448038800.0	47.37	162.27	914
snapshot_11_21_2015_12_0.json	1448125200.0	47.37	162.27	908
snapshot_11_22_2015_0_0.json	1448168400.0	44.62	162.27	908
snapshot_11_22_2015_0_0.json	1448168400.0	44.62	162.27	908
snapshot_11_22_2015_12_0.json	1448211600.0	47.37	162.27	908
snapshot_11_22_2015_18_0.json	1448233200.0	44.62	162.27	908
snapshot_11_22_2015_18_0.json	1448233200.0	44.62	162.27	908
snapshot_11_22_2015_6_0.json	1448190000.0	47.37	162.27	908
snapshot_11_22_2015_6_0.json	1448190000.0	47.37	162.27	908
snapshot_11_23_2015_0_0.json	1448254800.0	44.62	162.27	911
snapshot_11_23_2015_12_0.json	1448298000.0	47.37	162.27	911
snapshot_11_23_2015_12_0.json	1448298000.0	47.37	162.27	911
snapshot_11_23_2015_18_0.json	1448319600.0	44.62	162.27	913
snapshot_11_23_2015_6_0.json	1448276400.0	47.37	162.27	911
snapshot_11_24_2015_0_0.json	1448341200.0	44.62	162.27	910
snapshot_11_24_2015_12_0.json	1448384400.0	47.37	162.27	903
snapshot_11_24_2015_18_0.json	1448406000.0	44.62	162.27	903
snapshot_11_24_2015_6_0.json	1448362800.0	47.37	162.27	910
snapshot_11_25_2015_12_0.json	1448470800.0	47.37	162.27	899
snapshot_11_25_2015_18_0.json	1448492400.0	44.62	164.25	899
snapshot_11_25_2015_6_0.json	1448449200.0	47.37	162.27	899
snapshot_11_25_2015_6_0.json	1448449200.0	47.37	162.27	899
snapshot_11_28_2015_0_0.json	1448686800.0	44.62	170	940
snapshot_11_28_2015_12_0.json	1448730000.0	47.37	170	937
snapshot_11_28_2015_12_0.json	1448730000.0	47.37	170	937
snapshot_11_28_2015_18_0.json	1448751600.0	44.62	170	937
snapshot_11_28_2015_6_0.json	1448708400.0	47.37	170	937
snapshot_11_29_2015_12_0.json	1448816400.0	47.37	170	933
snapshot_11_29_2015_18_0.json	1448838000.0	44.62	170	933
snapshot_11_29_2015_6_0.json	1448794800.0	47.37	170	933
snapshot_11_30_2015_0_0.json	1448859600.0	44.62	170	933
snapshot_11_30_2015_18_0.json	1448924400.0	44.62	170	933
snapshot_11_30_2015_6_0.json	1448881200.0	47.37	170	933
snapshot_12_1_2015_12_0.json	1448989200.0	47.37	170	924
snapshot_12_1_2015_18_0.json	1449010800.0	44.62	170	924
snapshot_12_1_2015_6_0.json	1448967600.0	47.37	170	924
snapshot_12_2_2015_0_0.json	1449032400.0	44.62	170	900
snapshot_12_2_2015_18_0.json	1449097200.0	44.62	170	900
snapshot_12_2_2015_6_0.json	1449054000.0	47.37	170	900
snapshot_12_2_2015_6_0.json	1449054000.0	47.37	170	900
snapshot_12_3_2015_0_0.json	1449118800.0	44.62	170	896
snapshot_12_3_2015_12_0.json	1449162000.0	47.37	170	896
snapshot_12_3_2015_18_0.json	1449183600.0	44.62	170	896
snapshot_12_3_2015_18_0.json	1449183600.0	44.62	170	896
snapshot_12_3_2015_6_0.json	1449140400.0	47.37	170	896
snapshot_12_4_2015_0_0.json	1449205200.0	44.62	170	891
snapshot_12_4_2015_12_0.json	1449248400.0	47.37	170	889
snapshot_12_4_2015_18_0.json	1449270000.0	44.62	170	886
snapshot_12_4_2015_18_0.json	1449270000.0	44.62	170	886
snapshot_12_4_2015_6_0.json	1449226800.0	47.37	170	889
snapshot_12_5_2015_0_0.json	1449291600.0	44.62	170	874
snapshot_12_5_2015_12_0.json	1449334800.0	47.37	170	874
snapshot_12_5_2015_18_0.json	1449356400.0	44.62	170	874
snapshot_12_5_2015_6_0.json	1449313200.0	47.37	170	874
9247313	2016-02-14T23:00:00Z	Disney On Ice Frozen	Sleep Train Arena	California Sacramento|81690	95834
snapshot_11_16_2015_0_0.json	1447650000.0	44.62	169.2	929
snapshot_11_17_2015_0_0.json	1447736400.0	44.62	169.2	929
snapshot_11_17_2015_18_0.json	1447801200.0	44.62	162.27	929
snapshot_11_17_2015_6_0.json	1447758000.0	47.37	169.2	929
snapshot_11_18_2015_0_0.json	1447822800.0	44.62	162.27	914
snapshot_11_18_2015_12_0.json	1447866000.0	47.37	162.27	914
snapshot_11_18_2015_18_0.json	1447887600.0	44.62	162.27	910
snapshot_11_18_2015_6_0.json	1447844400.0	47.37	162.27	914
snapshot_11_19_2015_0_0.json	1447909200.0	44.62	162.27	910
snapshot_11_19_2015_0_0.json	1447909200.0	44.62	162.27	910
snapshot_11_19_2015_12_0.json	1447952400.0	47.37	162.27	910
snapshot_11_19_2015_6_0.json	1447930800.0	47.37	162.27	910
snapshot_11_20_2015_0_0.json	1447995600.0	44.62	162.27	914
snapshot_11_20_2015_12_0.json	1448038800.0	47.37	162.27	914
snapshot_11_21_2015_12_0.json	1448125200.0	47.37	162.27	908
snapshot_11_22_2015_0_0.json	1448168400.0	44.62	162.27	908
snapshot_11_22_2015_0_0.json	1448168400.0	44.62	162.27	908
snapshot_11_22_2015_12_0.json	1448211600.0	47.37	162.27	908
snapshot_11_22_2015_18_0.json	1448233200.0	44.62	162.27	908
snapshot_11_22_2015_18_0.json	1448233200.0	44.62	162.27	908
snapshot_11_22_2015_6_0.json	1448190000.0	47.37	162.27	908
snapshot_11_22_2015_6_0.json	1448190000.0	47.37	162.27	908
snapshot_11_23_2015_0_0.json	1448254800.0	44.62	162.27	911
snapshot_11_23_2015_12_0.json	1448298000.0	47.37	162.27	911
snapshot_11_23_2015_12_0.json	1448298000.0	47.37	162.27	911
snapshot_11_23_2015_18_0.json	1448319600.0	44.62	162.27	913
snapshot_11_23_2015_6_0.json	1448276400.0	47.37	162.27	911
snapshot_11_24_2015_0_0.json	1448341200.0	44.62	162.27	910
snapshot_11_24_2015_12_0.json	1448384400.0	47.37	162.27	903
snapshot_11_24_2015_18_0.json	1448406000.0	44.62	162.27	903
snapshot_11_24_2015_6_0.json	1448362800.0	47.37	162.27	910
snapshot_11_25_2015_12_0.json	1448470800.0	47.37	162.27	899
snapshot_11_25_2015_18_0.json	1448492400.0	44.62	164.25	899
snapshot_11_25_2015_6_0.json	1448449200.0	47.37	162.27	899
snapshot_11_25_2015_6_0.json	1448449200.0	47.37	162.27	899
snapshot_11_28_2015_0_0.json	1448686800.0	44.62	170	940
snapshot_11_28_2015_12_0.json	1448730000.0	47.37	170	937
snapshot_11_28_2015_12_0.json	1448730000.0	47.37	170	937
snapshot_11_28_2015_18_0.json	1448751600.0	44.62	170	937
snapshot_11_28_2015_6_0.json	1448708400.0	47.37	170	937
snapshot_11_29_2015_12_0.json	1448816400.0	47.37	170	933
snapshot_11_29_2015_18_0.json	1448838000.0	44.62	170	933
snapshot_11_29_2015_6_0.json	1448794800.0	47.37	170	933
snapshot_11_30_2015_0_0.json	1448859600.0	44.62	170	933
snapshot_11_30_2015_18_0.json	1448924400.0	44.62	170	933
snapshot_11_30_2015_6_0.json	1448881200.0	47.37	170	933
snapshot_12_1_2015_12_0.json	1448989200.0	47.37	170	924
snapshot_12_1_2015_18_0.json	1449010800.0	44.62	170	924
snapshot_12_1_2015_6_0.json	1448967600.0	47.37	170	924
snapshot_12_2_2015_0_0.json	1449032400.0	44.62	170	900
snapshot_12_2_2015_18_0.json	1449097200.0	44.62	170	900
snapshot_12_2_2015_6_0.json	1449054000.0	47.37	170	900
snapshot_12_2_2015_6_0.json	1449054000.0	47.37	170	900
snapshot_12_3_2015_0_0.json	1449118800.0	44.62	170	896
snapshot_12_3_2015_12_0.json	1449162000.0	47.37	170	896
snapshot_12_3_2015_18_0.json	1449183600.0	44.62	170	896
snapshot_12_3_2015_18_0.json	1449183600.0	44.62	170	896
snapshot_12_3_2015_6_0.json	1449140400.0	47.37	170	896
snapshot_12_4_2015_0_0.json	1449205200.0	44.62	170	891
snapshot_12_4_2015_12_0.json	1449248400.0	47.37	170	889
snapshot_12_4_2015_18_0.json	1449270000.0	44.62	170	886
snapshot_12_4_2015_18_0.json	1449270000.0	44.62	170	886
snapshot_12_4_2015_6_0.json	1449226800.0	47.37	170	889
snapshot_12_5_2015_0_0.json	1449291600.0	44.62	170	874
snapshot_12_5_2015_12_0.json	1449334800.0	47.37	170	874
snapshot_12_5_2015_18_0.json	1449356400.0	44.62	170	874
snapshot_12_5_2015_6_0.json	1449313200.0	47.37	170	874
