9247310	2016-02-14T03:00:00Z	Disney On Ice Frozen	Sleep Train Arena	California Sacramento|81690	95834
snapshot_11_16_2015_0_0.json	1447650000.0	50.47	292	698
snapshot_11_16_2015_0_0.json	1447650000.0	50.47	292	698
snapshot_11_17_2015_0_0.json	1447736400.0	50.47	212	698
snapshot_11_17_2015_18_0.json	1447801200.0	50.47	212	698
snapshot_11_17_2015_18_0.json	1447801200.0	50.47	212	698
snapshot_11_17_2015_6_0.json	1447758000.0	52.81	212	698
snapshot_11_18_2015_0_0.json	1447822800.0	50.47	212	698
snapshot_11_18_2015_18_0.json	1447887600.0	50.47	212	698
snapshot_11_18_2015_18_0.json	1447887600.0	50.47	212	698
snapshot_11_18_2015_6_0.json	1447844400.0	52.81	212	698
snapshot_11_19_2015_0_0.json	1447909200.0	50.47	212	698
snapshot_11_19_2015_6_0.json	1447930800.0	52.81	212	694
snapshot_11_20_2015_0_0.json	1447995600.0	50.47	212	674
snapshot_11_20_2015_12_0.json	1448038800.0	52.81	316	672
snapshot_11_21_2015_12_0.json	1448125200.0	52.81	316	653
snapshot_11_21_2015_18_0.json	1448146800.0	50.47	212	653
snapshot_11_22_2015_0_0.json	1448168400.0	50.47	212	653
snapshot_11_22_2015_12_0.json	1448211600.0	52.81	316	650
snapshot_11_22_2015_18_0.json	1448233200.0	50.47	212	650
snapshot_11_22_2015_6_0.json	1448190000.0	52.81	212	650
snapshot_11_23_2015_0_0.json	1448254800.0	50.47	316	650
snapshot_11_23_2015_12_0.json	1448298000.0	52.81	316	650
snapshot_11_23_2015_18_0.json	1448319600.0	50.47	316	650
snapshot_11_23_2015_6_0.json	1448276400.0	52.81	212	650
snapshot_11_24_2015_0_0.json	1448341200.0	50.47	212	654
snapshot_11_24_2015_12_0.json	1448384400.0	52.81	648	654
snapshot_11_24_2015_12_0.json	1448384400.0	52.81	648	654
snapshot_11_24_2015_18_0.json	1448406000.0	50.47	212	650
snapshot_11_24_2015_6_0.json	1448362800.0	52.81	212	650
snapshot_11_25_2015_0_0.json	1448427600.0	50.47	300	650
snapshot_11_25_2015_0_0.json	1448427600.0	50.47	300	650
snapshot_11_25_2015_12_0.json	1448470800.0	52.81	316	646
snapshot_11_25_2015_18_0.json	1448492400.0	50.47	212	419
snapshot_11_25_2015_6_0.json	1448449200.0	52.81	212	646
snapshot_11_25_2015_6_0.json	1448449200.0	52.81	212	646
snapshot_11_26_2015_0_0.json	1448514000.0	50.47	436	544
snapshot_11_27_2015_18_0.json	1448665200.0	50.47	212	580
snapshot_11_28_2015_0_0.json	1448686800.0	50.47	212	592
snapshot_11_28_2015_12_0.json	1448730000.0	52.81	436	592
snapshot_11_28_2015_18_0.json	1448751600.0	50.47	212	592
snapshot_11_28_2015_6_0.json	1448708400.0	52.81	212	592
snapshot_11_29_2015_0_0.json	1448773200.0	50.47	212	592
snapshot_11_29_2015_0_0.json	1448773200.0	50.47	212	592
snapshot_11_29_2015_12_0.json	1448816400.0	50.6	436	604
snapshot_11_29_2015_18_0.json	1448838000.0	50.47	212	592
snapshot_11_29_2015_6_0.json	1448794800.0	50.6	212	592
snapshot_11_30_2015_0_0.json	1448859600.0	50.47	212	592
snapshot_11_30_2015_0_0.json	1448859600.0	50.47	212	592
snapshot_11_30_2015_12_0.json	1448902800.0	50.6	436	606
snapshot_11_30_2015_18_0.json	1448924400.0	50.47	212	592
snapshot_11_30_2015_6_0.json	1448881200.0	50.6	300	594
snapshot_12_1_2015_18_0.json	1449010800.0	50.47	212	592
snapshot_12_1_2015_6_0.json	1448967600.0	50.6	648	594
snapshot_12_2_2015_12_0.json	1449075600.0	50.6	648	579
snapshot_12_3_2015_18_0.json	1449183600.0	50.47	212	565
snapshot_12_3_2015_18_0.json	1449183600.0	50.47	212	565
snapshot_12_4_2015_0_0.json	1449205200.0	50.47	212	565
snapshot_12_4_2015_12_0.json	1449248400.0	50.6	436	577
snapshot_12_4_2015_18_0.json	1449270000.0	50.47	212	559
snapshot_12_4_2015_6_0.json	1449226800.0	50.6	212	565
snapshot_12_4_2015_6_0.json	1449226800.0	50.6	212	565
snapshot_12_5_2015_0_0.json	1449291600.0	50.47	212	555
snapshot_12_5_2015_12_0.json	1449334800.0	50.6	436	567
snapshot_12_5_2015_18_0.json	1449356400.0	50.47	212	571
snapshot_12_5_2015_6_0.json	1449313200.0	50.6	212	555
9247310	2016-02-14T03:00:00Z	Disney On Ice Frozen	Sleep Train Arena	California Sacramento|81690	95834
snapshot_11_16_2015_0_0.json	1447650000.0	50.47	292	698
snapshot_11_16_2015_0_0.json	1447650000.0	50.47	292	698
snapshot_11_17_2015_0_0.json	1447736400.0	50.47	212	698
snapshot_11_17_2015_18_0.json	1447801200.0	50.47	212	698
snapshot_11_17_2015_18_0.json	1447801200.0	50.47	212	698
snapshot_11_17_2015_6_0.json	1447758000.0	52.81	212	698
snapshot_11_18_2015_0_0.json	1447822800.0	50.47	212	698
snapshot_11_18_2015_18_0.json	1447887600.0	50.47	212	698
snapshot_11_18_2015_18_0.json	1447887600.0	50.47	212	698
snapshot_11_18_2015_6_0.json	1447844400.0	52.81	212	698
snapshot_11_19_2015_0_0.json	1447909200.0	50.47	212	698
snapshot_11_19_2015_6_0.json	1447930800.0	52.81	212	694
snapshot_11_20_2015_0_0.json	1447995600.0	50.47	212	674
snapshot_11_20_2015_12_0.json	1448038800.0	52.81	316	672
snapshot_11_21_2015_12_0.json	1448125200.0	52.81	316	653
snapshot_11_21_2015_18_0.json	1448146800.0	50.47	212	653
snapshot_11_22_2015_0_0.json	1448168400.0	50.47	212	653
snapshot_11_22_2015_12_0.json	1448211600.0	52.81	316	650
snapshot_11_22_2015_18_0.json	1448233200.0	50.47	212	650
snapshot_11_22_2015_6_0.json	1448190000.0	52.81	212	650
snapshot_11_23_2015_0_0.json	1448254800.0	50.47	316	650
snapshot_11_23_2015_12_0.json	1448298000.0	52.81	316	650
snapshot_11_23_2015_18_0.json	1448319600.0	50.47	316	650
snapshot_11_23_2015_6_0.json	1448276400.0	52.81	212	650
snapshot_11_24_2015_0_0.json	1448341200.0	50.47	212	654
snapshot_11_24_2015_12_0.json	1448384400.0	52.81	648	654
snapshot_11_24_2015_12_0.json	1448384400.0	52.81	648	654
snapshot_11_24_2015_18_0.json	1448406000.0	50.47	212	650
snapshot_11_24_2015_6_0.json	1448362800.0	52.81	212	650
snapshot_11_25_2015_0_0.json	1448427600.0	50.47	300	650
snapshot_11_25_2015_0_0.json	1448427600.0	50.47	300	650
snapshot_11_25_2015_12_0.json	1448470800.0	52.81	316	646
snapshot_11_25_2015_18_0.json	1448492400.0	50.47	212	419
snapshot_11_25_2015_6_0.json	1448449200.0	52.81	212	646
snapshot_11_25_2015_6_0.json	1448449200.0	52.81	212	646
snapshot_11_26_2015_0_0.json	1448514000.0	50.47	436	544
snapshot_11_27_2015_18_0.json	1448665200.0	50.47	212	580
snapshot_11_28_2015_0_0.json	1448686800.0	50.47	212	592
snapshot_11_28_2015_12_0.json	1448730000.0	52.81	436	592
snapshot_11_28_2015_18_0.json	1448751600.0	50.47	212	592
snapshot_11_28_2015_6_0.json	1448708400.0	52.81	212	592
snapshot_11_29_2015_0_0.json	1448773200.0	50.47	212	592
snapshot_11_29_2015_0_0.json	1448773200.0	50.47	212	592
snapshot_11_29_2015_12_0.json	1448816400.0	50.6	436	604
snapshot_11_29_2015_18_0.json	1448838000.0	50.47	212	592
snapshot_11_29_2015_6_0.json	1448794800.0	50.6	212	592
snapshot_11_30_2015_0_0.json	1448859600.0	50.47	212	592
snapshot_11_30_2015_0_0.json	1448859600.0	50.47	212	592
snapshot_11_30_2015_12_0.json	1448902800.0	50.6	436	606
snapshot_11_30_2015_18_0.json	1448924400.0	50.47	212	592
snapshot_11_30_2015_6_0.json	1448881200.0	50.6	300	594
snapshot_12_1_2015_18_0.json	1449010800.0	50.47	212	592
snapshot_12_1_2015_6_0.json	1448967600.0	50.6	648	594
snapshot_12_2_2015_12_0.json	1449075600.0	50.6	648	579
snapshot_12_3_2015_18_0.json	1449183600.0	50.47	212	565
snapshot_12_3_2015_18_0.json	1449183600.0	50.47	212	565
snapshot_12_4_2015_0_0.json	1449205200.0	50.47	212	565
snapshot_12_4_2015_12_0.json	1449248400.0	50.6	436	577
snapshot_12_4_2015_18_0.json	1449270000.0	50.47	212	559
snapshot_12_4_2015_6_0.json	1449226800.0	50.6	212	565
snapshot_12_4_2015_6_0.json	1449226800.0	50.6	212	565
snapshot_12_5_2015_0_0.json	1449291600.0	50.47	212	555
snapshot_12_5_2015_12_0.json	1449334800.0	50.6	436	567
snapshot_12_5_2015_18_0.json	1449356400.0	50.47	212	571
snapshot_12_5_2015_6_0.json	1449313200.0	50.6	212	555
9247310	2016-02-14T03:00:00Z	Disney On Ice Frozen	Sleep Train Arena	California Sacramento|81690	95834
snapshot_11_16_2015_0_0.json	1447650000.0	50.47	292	698
snapshot_11_16_2015_0_0.json	1447650000.0	50.47	292	698
snapshot_11_17_2015_0_0.json	1447736400.0	50.47	212	698
snapshot_11_17_2015_18_0.json	1447801200.0	50.47	212	698
snapshot_11_17_2015_18_0.json	1447801200.0	50.47	212	698
snapshot_11_17_2015_6_0.json	1447758000.0	52.81	212	698
snapshot_11_18_2015_0_0.json	1447822800.0	50.47	212	698
snapshot_11_18_2015_18_0.json	1447887600.0	50.47	212	698
snapshot_11_18_2015_18_0.json	1447887600.0	50.47	212	698
snapshot_11_18_2015_6_0.json	1447844400.0	52.81	212	698
snapshot_11_19_2015_0_0.json	1447909200.0	50.47	212	698
snapshot_11_19_2015_6_0.json	1447930800.0	52.81	212	694
snapshot_11_20_2015_0_0.json	1447995600.0	50.47	212	674
snapshot_11_20_2015_12_0.json	1448038800.0	52.81	316	672
snapshot_11_21_2015_12_0.json	1448125200.0	52.81	316	653
snapshot_11_21_2015_18_0.json	1448146800.0	50.47	212	653
snapshot_11_22_2015_0_0.json	1448168400.0	50.47	212	653
snapshot_11_22_2015_12_0.json	1448211600.0	52.81	316	650
snapshot_11_22_2015_18_0.json	1448233200.0	50.47	212	650
snapshot_11_22_2015_6_0.json	1448190000.0	52.81	212	650
snapshot_11_23_2015_0_0.json	1448254800.0	50.47	316	650
snapshot_11_23_2015_12_0.json	1448298000.0	52.81	316	650
snapshot_11_23_2015_18_0.json	1448319600.0	50.47	316	650
snapshot_11_23_2015_6_0.json	1448276400.0	52.81	212	650
snapshot_11_24_2015_0_0.json	1448341200.0	50.47	212	654
snapshot_11_24_2015_12_0.json	1448384400.0	52.81	648	654
snapshot_11_24_2015_12_0.json	1448384400.0	52.81	648	654
snapshot_11_24_2015_18_0.json	1448406000.0	50.47	212	650
snapshot_11_24_2015_6_0.json	1448362800.0	52.81	212	650
snapshot_11_25_2015_0_0.json	1448427600.0	50.47	300	650
snapshot_11_25_2015_0_0.json	1448427600.0	50.47	300	650
snapshot_11_25_2015_12_0.json	1448470800.0	52.81	316	646
snapshot_11_25_2015_18_0.json	1448492400.0	50.47	212	419
snapshot_11_25_2015_6_0.json	1448449200.0	52.81	212	646
snapshot_11_25_2015_6_0.json	1448449200.0	52.81	212	646
snapshot_11_26_2015_0_0.json	1448514000.0	50.47	436	544
snapshot_11_27_2015_18_0.json	1448665200.0	50.47	212	580
snapshot_11_28_2015_0_0.json	1448686800.0	50.47	212	592
snapshot_11_28_2015_12_0.json	1448730000.0	52.81	436	592
snapshot_11_28_2015_18_0.json	1448751600.0	50.47	212	592
snapshot_11_28_2015_6_0.json	1448708400.0	52.81	212	592
snapshot_11_29_2015_0_0.json	1448773200.0	50.47	212	592
snapshot_11_29_2015_0_0.json	1448773200.0	50.47	212	592
snapshot_11_29_2015_12_0.json	1448816400.0	50.6	436	604
snapshot_11_29_2015_18_0.json	1448838000.0	50.47	212	592
snapshot_11_29_2015_6_0.json	1448794800.0	50.6	212	592
snapshot_11_30_2015_0_0.json	1448859600.0	50.47	212	592
snapshot_11_30_2015_0_0.json	1448859600.0	50.47	212	592
snapshot_11_30_2015_12_0.json	1448902800.0	50.6	436	606
snapshot_11_30_2015_18_0.json	1448924400.0	50.47	212	592
snapshot_11_30_2015_6_0.json	1448881200.0	50.6	300	594
snapshot_12_1_2015_18_0.json	1449010800.0	50.47	212	592
snapshot_12_1_2015_6_0.json	1448967600.0	50.6	648	594
snapshot_12_2_2015_12_0.json	1449075600.0	50.6	648	579
snapshot_12_3_2015_18_0.json	1449183600.0	50.47	212	565
snapshot_12_3_2015_18_0.json	1449183600.0	50.47	212	565
snapshot_12_4_2015_0_0.json	1449205200.0	50.47	212	565
snapshot_12_4_2015_12_0.json	1449248400.0	50.6	436	577
snapshot_12_4_2015_18_0.json	1449270000.0	50.47	212	559
snapshot_12_4_2015_6_0.json	1449226800.0	50.6	212	565
snapshot_12_4_2015_6_0.json	1449226800.0	50.6	212	565
snapshot_12_5_2015_0_0.json	1449291600.0	50.47	212	555
snapshot_12_5_2015_12_0.json	1449334800.0	50.6	436	567
snapshot_12_5_2015_18_0.json	1449356400.0	50.47	212	571
snapshot_12_5_2015_6_0.json	1449313200.0	50.6	212	555
9247310	2016-02-14T03:00:00Z	Disney On Ice Frozen	Sleep Train Arena	California Sacramento|81690	95834
snapshot_11_16_2015_0_0.json	1447650000.0	50.47	292	698
snapshot_11_16_2015_0_0.json	1447650000.0	50.47	292	698
snapshot_11_17_2015_0_0.json	1447736400.0	50.47	212	698
snapshot_11_17_2015_18_0.json	1447801200.0	50.47	212	698
snapshot_11_17_2015_18_0.json	1447801200.0	50.47	212	698
snapshot_11_17_2015_6_0.json	1447758000.0	52.81	212	698
snapshot_11_18_2015_0_0.json	1447822800.0	50.47	212	698
snapshot_11_18_2015_18_0.json	1447887600.0	50.47	212	698
snapshot_11_18_2015_18_0.json	1447887600.0	50.47	212	698
snapshot_11_18_2015_6_0.json	1447844400.0	52.81	212	698
snapshot_11_19_2015_0_0.json	1447909200.0	50.47	212	698
snapshot_11_19_2015_6_0.json	1447930800.0	52.81	212	694
snapshot_11_20_2015_0_0.json	1447995600.0	50.47	212	674
snapshot_11_20_2015_12_0.json	1448038800.0	52.81	316	672
snapshot_11_21_2015_12_0.json	1448125200.0	52.81	316	653
snapshot_11_21_2015_18_0.json	1448146800.0	50.47	212	653
snapshot_11_22_2015_0_0.json	1448168400.0	50.47	212	653
snapshot_11_22_2015_12_0.json	1448211600.0	52.81	316	650
snapshot_11_22_2015_18_0.json	1448233200.0	50.47	212	650
snapshot_11_22_2015_6_0.json	1448190000.0	52.81	212	650
snapshot_11_23_2015_0_0.json	1448254800.0	50.47	316	650
snapshot_11_23_2015_12_0.json	1448298000.0	52.81	316	650
snapshot_11_23_2015_18_0.json	1448319600.0	50.47	316	650
snapshot_11_23_2015_6_0.json	1448276400.0	52.81	212	650
snapshot_11_24_2015_0_0.json	1448341200.0	50.47	212	654
snapshot_11_24_2015_12_0.json	1448384400.0	52.81	648	654
snapshot_11_24_2015_12_0.json	1448384400.0	52.81	648	654
snapshot_11_24_2015_18_0.json	1448406000.0	50.47	212	650
snapshot_11_24_2015_6_0.json	1448362800.0	52.81	212	650
snapshot_11_25_2015_0_0.json	1448427600.0	50.47	300	650
snapshot_11_25_2015_0_0.json	1448427600.0	50.47	300	650
snapshot_11_25_2015_12_0.json	1448470800.0	52.81	316	646
snapshot_11_25_2015_18_0.json	1448492400.0	50.47	212	419
snapshot_11_25_2015_6_0.json	1448449200.0	52.81	212	646
snapshot_11_25_2015_6_0.json	1448449200.0	52.81	212	646
snapshot_11_26_2015_0_0.json	1448514000.0	50.47	436	544
snapshot_11_27_2015_18_0.json	1448665200.0	50.47	212	580
snapshot_11_28_2015_0_0.json	1448686800.0	50.47	212	592
snapshot_11_28_2015_12_0.json	1448730000.0	52.81	436	592
snapshot_11_28_2015_18_0.json	1448751600.0	50.47	212	592
snapshot_11_28_2015_6_0.json	1448708400.0	52.81	212	592
snapshot_11_29_2015_0_0.json	1448773200.0	50.47	212	592
snapshot_11_29_2015_0_0.json	1448773200.0	50.47	212	592
snapshot_11_29_2015_12_0.json	1448816400.0	50.6	436	604
snapshot_11_29_2015_18_0.json	1448838000.0	50.47	212	592
snapshot_11_29_2015_6_0.json	1448794800.0	50.6	212	592
snapshot_11_30_2015_0_0.json	1448859600.0	50.47	212	592
snapshot_11_30_2015_0_0.json	1448859600.0	50.47	212	592
snapshot_11_30_2015_12_0.json	1448902800.0	50.6	436	606
snapshot_11_30_2015_18_0.json	1448924400.0	50.47	212	592
snapshot_11_30_2015_6_0.json	1448881200.0	50.6	300	594
snapshot_12_1_2015_18_0.json	1449010800.0	50.47	212	592
snapshot_12_1_2015_6_0.json	1448967600.0	50.6	648	594
snapshot_12_2_2015_12_0.json	1449075600.0	50.6	648	579
snapshot_12_3_2015_18_0.json	1449183600.0	50.47	212	565
snapshot_12_3_2015_18_0.json	1449183600.0	50.47	212	565
snapshot_12_4_2015_0_0.json	1449205200.0	50.47	212	565
snapshot_12_4_2015_12_0.json	1449248400.0	50.6	436	577
snapshot_12_4_2015_18_0.json	1449270000.0	50.47	212	559
snapshot_12_4_2015_6_0.json	1449226800.0	50.6	212	565
snapshot_12_4_2015_6_0.json	1449226800.0	50.6	212	565
snapshot_12_5_2015_0_0.json	1449291600.0	50.47	212	555
snapshot_12_5_2015_12_0.json	1449334800.0	50.6	436	567
snapshot_12_5_2015_18_0.json	1449356400.0	50.47	212	571
snapshot_12_5_2015_6_0.json	1449313200.0	50.6	212	555
