9247509	2016-01-30T23:30:00Z	Monster Jam	Lucas Oil Stadium	Indiana Indianapolis|697	46225
snapshot_11_16_2015_0_0.json	1447650000.0	38.01	127	1734
snapshot_11_17_2015_0_0.json	1447736400.0	38.01	127	1725
snapshot_11_17_2015_18_0.json	1447801200.0	38.01	127	1725
snapshot_11_17_2015_6_0.json	1447758000.0	38.01	127	1725
snapshot_11_18_2015_0_0.json	1447822800.0	38.01	127	1725
snapshot_11_18_2015_12_0.json	1447866000.0	38.01	127	1719
snapshot_11_18_2015_12_0.json	1447866000.0	38.01	127	1719
snapshot_11_18_2015_18_0.json	1447887600.0	38.01	127	1719
snapshot_11_18_2015_6_0.json	1447844400.0	38.01	127	1719
snapshot_11_18_2015_6_0.json	1447844400.0	38.01	127	1719
snapshot_11_19_2015_6_0.json	1447930800.0	38.01	127	1714
snapshot_11_20_2015_0_0.json	1447995600.0	38.01	127	1708
snapshot_11_21_2015_12_0.json	1448125200.0	38.01	127	1687
snapshot_11_22_2015_12_0.json	1448211600.0	36.84	127	1723
snapshot_11_22_2015_18_0.json	1448233200.0	36.84	127	1709
snapshot_11_22_2015_6_0.json	1448190000.0	36.84	127	1723
snapshot_11_22_2015_6_0.json	1448190000.0	36.84	127	1723
snapshot_11_23_2015_0_0.json	1448254800.0	36.84	127	1705
snapshot_11_23_2015_12_0.json	1448298000.0	36.84	127	1697
snapshot_11_23_2015_18_0.json	1448319600.0	36.84	127	1697
snapshot_11_23_2015_6_0.json	1448276400.0	36.84	127	1697
snapshot_11_24_2015_0_0.json	1448341200.0	36.84	127	1687
snapshot_11_24_2015_18_0.json	1448406000.0	36.84	127	1677
snapshot_11_24_2015_6_0.json	1448362800.0	36.84	127	1677
snapshot_11_25_2015_0_0.json	1448427600.0	36.84	127	1671
snapshot_11_25_2015_0_0.json	1448427600.0	36.84	127	1671
snapshot_11_25_2015_12_0.json	1448470800.0	36.84	127	1667
snapshot_11_25_2015_18_0.json	1448492400.0	36.84	127	1667
snapshot_11_25_2015_6_0.json	1448449200.0	36.84	127	1667
snapshot_11_27_2015_18_0.json	1448665200.0	44.62	127	1622
snapshot_11_28_2015_12_0.json	1448730000.0	44.62	127	1616
snapshot_11_28_2015_12_0.json	1448730000.0	44.62	127	1616
snapshot_11_28_2015_18_0.json	1448751600.0	44.62	127	1608
snapshot_11_28_2015_18_0.json	1448751600.0	44.62	127	1608
snapshot_11_28_2015_6_0.json	1448708400.0	44.62	127	1616
snapshot_11_29_2015_12_0.json	1448816400.0	44.62	127	1597
snapshot_11_29_2015_12_0.json	1448816400.0	44.62	127	1597
snapshot_11_29_2015_6_0.json	1448794800.0	44.62	127	1599
snapshot_11_30_2015_0_0.json	1448859600.0	44.62	127	1558
snapshot_11_30_2015_0_0.json	1448859600.0	44.62	127	1558
snapshot_11_30_2015_12_0.json	1448902800.0	41.52	127	1690
snapshot_11_30_2015_18_0.json	1448924400.0	41.52	127	1689
snapshot_11_30_2015_6_0.json	1448881200.0	41.52	127	1690
snapshot_12_1_2015_0_0.json	1448946000.0	41.52	127	1666
snapshot_12_1_2015_12_0.json	1448989200.0	41.52	127	1656
snapshot_12_1_2015_18_0.json	1449010800.0	41.52	127	1750
snapshot_12_1_2015_6_0.json	1448967600.0	41.52	127	1656
snapshot_12_2_2015_0_0.json	1449032400.0	41.52	127	1746
snapshot_12_2_2015_12_0.json	1449075600.0	41.52	127	1756
snapshot_12_2_2015_18_0.json	1449097200.0	41.52	127	1752
snapshot_12_3_2015_12_0.json	1449162000.0	41.52	127	1768
snapshot_12_3_2015_18_0.json	1449183600.0	41.52	127	1751
snapshot_12_3_2015_6_0.json	1449140400.0	41.52	127	1768
snapshot_12_4_2015_12_0.json	1449248400.0	41.52	127	1734
snapshot_12_4_2015_18_0.json	1449270000.0	41.52	127	1735
snapshot_12_4_2015_6_0.json	1449226800.0	41.52	127	1734
snapshot_12_4_2015_6_0.json	1449226800.0	41.52	127	1734
snapshot_12_5_2015_0_0.json	1449291600.0	41.52	127	1712
snapshot_12_5_2015_12_0.json	1449334800.0	41.52	127	1708
snapshot_12_5_2015_18_0.json	1449356400.0	41.52	127	1705
snapshot_12_5_2015_6_0.json	1449313200.0	41.52	127	1708
snapshot_12_5_2015_6_0.json	1449313200.0	41.52	127	1708
9247509	2016-01-30T23:30:00Z	Monster Jam	Lucas Oil Stadium	Indiana Indianapolis|697	46225
snapshot_11_16_2015_0_0.json	1447650000.0	38.01	127	1734
snapshot_11_17_2015_0_0.json	1447736400.0	38.01	127	1725
snapshot_11_17_2015_18_0.json	1447801200.0	38.01	127	1725
snapshot_11_17_2015_6_0.json	1447758000.0	38.01	127	1725
snapshot_11_18_2015_0_0.json	1447822800.0	38.01	127	1725
snapshot_11_18_2015_12_0.json	1447866000.0	38.01	127	1719
snapshot_11_18_2015_12_0.json	1447866000.0	38.01	127	1719
snapshot_11_18_2015_18_0.json	1447887600.0	38.01	127	1719
snapshot_11_18_2015_6_0.json	1447844400.0	38.01	127	1719
snapshot_11_18_2015_6_0.json	1447844400.0	38.01	127	1719
snapshot_11_19_2015_6_0.json	1447930800.0	38.01	127	1714
snapshot_11_20_2015_0_0.json	1447995600.0	38.01	127	1708
snapshot_11_21_2015_12_0.json	1448125200.0	38.01	127	1687
snapshot_11_22_2015_12_0.json	1448211600.0	36.84	127	1723
snapshot_11_22_2015_18_0.json	1448233200.0	36.84	127	1709
snapshot_11_22_2015_6_0.json	1448190000.0	36.84	127	1723
snapshot_11_22_2015_6_0.json	1448190000.0	36.84	127	1723
snapshot_11_23_2015_0_0.json	1448254800.0	36.84	127	1705
snapshot_11_23_2015_12_0.json	1448298000.0	36.84	127	1697
snapshot_11_23_2015_18_0.json	1448319600.0	36.84	127	1697
snapshot_11_23_2015_6_0.json	1448276400.0	36.84	127	1697
snapshot_11_24_2015_0_0.json	1448341200.0	36.84	127	1687
snapshot_11_24_2015_18_0.json	1448406000.0	36.84	127	1677
snapshot_11_24_2015_6_0.json	1448362800.0	36.84	127	1677
snapshot_11_25_2015_0_0.json	1448427600.0	36.84	127	1671
snapshot_11_25_2015_0_0.json	1448427600.0	36.84	127	1671
snapshot_11_25_2015_12_0.json	1448470800.0	36.84	127	1667
snapshot_11_25_2015_18_0.json	1448492400.0	36.84	127	1667
snapshot_11_25_2015_6_0.json	1448449200.0	36.84	127	1667
snapshot_11_27_2015_18_0.json	1448665200.0	44.62	127	1622
snapshot_11_28_2015_12_0.json	1448730000.0	44.62	127	1616
snapshot_11_28_2015_12_0.json	1448730000.0	44.62	127	1616
snapshot_11_28_2015_18_0.json	1448751600.0	44.62	127	1608
snapshot_11_28_2015_18_0.json	1448751600.0	44.62	127	1608
snapshot_11_28_2015_6_0.json	1448708400.0	44.62	127	1616
snapshot_11_29_2015_12_0.json	1448816400.0	44.62	127	1597
snapshot_11_29_2015_12_0.json	1448816400.0	44.62	127	1597
snapshot_11_29_2015_6_0.json	1448794800.0	44.62	127	1599
snapshot_11_30_2015_0_0.json	1448859600.0	44.62	127	1558
snapshot_11_30_2015_0_0.json	1448859600.0	44.62	127	1558
snapshot_11_30_2015_12_0.json	1448902800.0	41.52	127	1690
snapshot_11_30_2015_18_0.json	1448924400.0	41.52	127	1689
snapshot_11_30_2015_6_0.json	1448881200.0	41.52	127	1690
snapshot_12_1_2015_0_0.json	1448946000.0	41.52	127	1666
snapshot_12_1_2015_12_0.json	1448989200.0	41.52	127	1656
snapshot_12_1_2015_18_0.json	1449010800.0	41.52	127	1750
snapshot_12_1_2015_6_0.json	1448967600.0	41.52	127	1656
snapshot_12_2_2015_0_0.json	1449032400.0	41.52	127	1746
snapshot_12_2_2015_12_0.json	1449075600.0	41.52	127	1756
snapshot_12_2_2015_18_0.json	1449097200.0	41.52	127	1752
snapshot_12_3_2015_12_0.json	1449162000.0	41.52	127	1768
snapshot_12_3_2015_18_0.json	1449183600.0	41.52	127	1751
snapshot_12_3_2015_6_0.json	1449140400.0	41.52	127	1768
snapshot_12_4_2015_12_0.json	1449248400.0	41.52	127	1734
snapshot_12_4_2015_18_0.json	1449270000.0	41.52	127	1735
snapshot_12_4_2015_6_0.json	1449226800.0	41.52	127	1734
snapshot_12_4_2015_6_0.json	1449226800.0	41.52	127	1734
snapshot_12_5_2015_0_0.json	1449291600.0	41.52	127	1712
snapshot_12_5_2015_12_0.json	1449334800.0	41.52	127	1708
snapshot_12_5_2015_18_0.json	1449356400.0	41.52	127	1705
snapshot_12_5_2015_6_0.json	1449313200.0	41.52	127	1708
snapshot_12_5_2015_6_0.json	1449313200.0	41.52	127	1708
9247509	2016-01-30T23:30:00Z	Monster Jam	Lucas Oil Stadium	Indiana Indianapolis|697	46225
snapshot_11_16_2015_0_0.json	1447650000.0	38.01	127	1734
snapshot_11_17_2015_0_0.json	1447736400.0	38.01	127	1725
snapshot_11_17_2015_18_0.json	1447801200.0	38.01	127	1725
snapshot_11_17_2015_6_0.json	1447758000.0	38.01	127	1725
snapshot_11_18_2015_0_0.json	1447822800.0	38.01	127	1725
snapshot_11_18_2015_12_0.json	1447866000.0	38.01	127	1719
snapshot_11_18_2015_12_0.json	1447866000.0	38.01	127	1719
snapshot_11_18_2015_18_0.json	1447887600.0	38.01	127	1719
snapshot_11_18_2015_6_0.json	1447844400.0	38.01	127	1719
snapshot_11_18_2015_6_0.json	1447844400.0	38.01	127	1719
snapshot_11_19_2015_6_0.json	1447930800.0	38.01	127	1714
snapshot_11_20_2015_0_0.json	1447995600.0	38.01	127	1708
snapshot_11_21_2015_12_0.json	1448125200.0	38.01	127	1687
snapshot_11_22_2015_12_0.json	1448211600.0	36.84	127	1723
snapshot_11_22_2015_18_0.json	1448233200.0	36.84	127	1709
snapshot_11_22_2015_6_0.json	1448190000.0	36.84	127	1723
snapshot_11_22_2015_6_0.json	1448190000.0	36.84	127	1723
snapshot_11_23_2015_0_0.json	1448254800.0	36.84	127	1705
snapshot_11_23_2015_12_0.json	1448298000.0	36.84	127	1697
snapshot_11_23_2015_18_0.json	1448319600.0	36.84	127	1697
snapshot_11_23_2015_6_0.json	1448276400.0	36.84	127	1697
snapshot_11_24_2015_0_0.json	1448341200.0	36.84	127	1687
snapshot_11_24_2015_18_0.json	1448406000.0	36.84	127	1677
snapshot_11_24_2015_6_0.json	1448362800.0	36.84	127	1677
snapshot_11_25_2015_0_0.json	1448427600.0	36.84	127	1671
snapshot_11_25_2015_0_0.json	1448427600.0	36.84	127	1671
snapshot_11_25_2015_12_0.json	1448470800.0	36.84	127	1667
snapshot_11_25_2015_18_0.json	1448492400.0	36.84	127	1667
snapshot_11_25_2015_6_0.json	1448449200.0	36.84	127	1667
snapshot_11_27_2015_18_0.json	1448665200.0	44.62	127	1622
snapshot_11_28_2015_12_0.json	1448730000.0	44.62	127	1616
snapshot_11_28_2015_12_0.json	1448730000.0	44.62	127	1616
snapshot_11_28_2015_18_0.json	1448751600.0	44.62	127	1608
snapshot_11_28_2015_18_0.json	1448751600.0	44.62	127	1608
snapshot_11_28_2015_6_0.json	1448708400.0	44.62	127	1616
snapshot_11_29_2015_12_0.json	1448816400.0	44.62	127	1597
snapshot_11_29_2015_12_0.json	1448816400.0	44.62	127	1597
snapshot_11_29_2015_6_0.json	1448794800.0	44.62	127	1599
snapshot_11_30_2015_0_0.json	1448859600.0	44.62	127	1558
snapshot_11_30_2015_0_0.json	1448859600.0	44.62	127	1558
snapshot_11_30_2015_12_0.json	1448902800.0	41.52	127	1690
snapshot_11_30_2015_18_0.json	1448924400.0	41.52	127	1689
snapshot_11_30_2015_6_0.json	1448881200.0	41.52	127	1690
snapshot_12_1_2015_0_0.json	1448946000.0	41.52	127	1666
snapshot_12_1_2015_12_0.json	1448989200.0	41.52	127	1656
snapshot_12_1_2015_18_0.json	1449010800.0	41.52	127	1750
snapshot_12_1_2015_6_0.json	1448967600.0	41.52	127	1656
snapshot_12_2_2015_0_0.json	1449032400.0	41.52	127	1746
snapshot_12_2_2015_12_0.json	1449075600.0	41.52	127	1756
snapshot_12_2_2015_18_0.json	1449097200.0	41.52	127	1752
snapshot_12_3_2015_12_0.json	1449162000.0	41.52	127	1768
snapshot_12_3_2015_18_0.json	1449183600.0	41.52	127	1751
snapshot_12_3_2015_6_0.json	1449140400.0	41.52	127	1768
snapshot_12_4_2015_12_0.json	1449248400.0	41.52	127	1734
snapshot_12_4_2015_18_0.json	1449270000.0	41.52	127	1735
snapshot_12_4_2015_6_0.json	1449226800.0	41.52	127	1734
snapshot_12_4_2015_6_0.json	1449226800.0	41.52	127	1734
snapshot_12_5_2015_0_0.json	1449291600.0	41.52	127	1712
snapshot_12_5_2015_12_0.json	1449334800.0	41.52	127	1708
snapshot_12_5_2015_18_0.json	1449356400.0	41.52	127	1705
snapshot_12_5_2015_6_0.json	1449313200.0	41.52	127	1708
snapshot_12_5_2015_6_0.json	1449313200.0	41.52	127	1708
9247509	2016-01-30T23:30:00Z	Monster Jam	Lucas Oil Stadium	Indiana Indianapolis|697	46225
snapshot_11_16_2015_0_0.json	1447650000.0	38.01	127	1734
snapshot_11_17_2015_0_0.json	1447736400.0	38.01	127	1725
snapshot_11_17_2015_18_0.json	1447801200.0	38.01	127	1725
snapshot_11_17_2015_6_0.json	1447758000.0	38.01	127	1725
snapshot_11_18_2015_0_0.json	1447822800.0	38.01	127	1725
snapshot_11_18_2015_12_0.json	1447866000.0	38.01	127	1719
snapshot_11_18_2015_12_0.json	1447866000.0	38.01	127	1719
snapshot_11_18_2015_18_0.json	1447887600.0	38.01	127	1719
snapshot_11_18_2015_6_0.json	1447844400.0	38.01	127	1719
snapshot_11_18_2015_6_0.json	1447844400.0	38.01	127	1719
snapshot_11_19_2015_6_0.json	1447930800.0	38.01	127	1714
snapshot_11_20_2015_0_0.json	1447995600.0	38.01	127	1708
snapshot_11_21_2015_12_0.json	1448125200.0	38.01	127	1687
snapshot_11_22_2015_12_0.json	1448211600.0	36.84	127	1723
snapshot_11_22_2015_18_0.json	1448233200.0	36.84	127	1709
snapshot_11_22_2015_6_0.json	1448190000.0	36.84	127	1723
snapshot_11_22_2015_6_0.json	1448190000.0	36.84	127	1723
snapshot_11_23_2015_0_0.json	1448254800.0	36.84	127	1705
snapshot_11_23_2015_12_0.json	1448298000.0	36.84	127	1697
snapshot_11_23_2015_18_0.json	1448319600.0	36.84	127	1697
snapshot_11_23_2015_6_0.json	1448276400.0	36.84	127	1697
snapshot_11_24_2015_0_0.json	1448341200.0	36.84	127	1687
snapshot_11_24_2015_18_0.json	1448406000.0	36.84	127	1677
snapshot_11_24_2015_6_0.json	1448362800.0	36.84	127	1677
snapshot_11_25_2015_0_0.json	1448427600.0	36.84	127	1671
snapshot_11_25_2015_0_0.json	1448427600.0	36.84	127	1671
snapshot_11_25_2015_12_0.json	1448470800.0	36.84	127	1667
snapshot_11_25_2015_18_0.json	1448492400.0	36.84	127	1667
snapshot_11_25_2015_6_0.json	1448449200.0	36.84	127	1667
snapshot_11_27_2015_18_0.json	1448665200.0	44.62	127	1622
snapshot_11_28_2015_12_0.json	1448730000.0	44.62	127	1616
snapshot_11_28_2015_12_0.json	1448730000.0	44.62	127	1616
snapshot_11_28_2015_18_0.json	1448751600.0	44.62	127	1608
snapshot_11_28_2015_18_0.json	1448751600.0	44.62	127	1608
snapshot_11_28_2015_6_0.json	1448708400.0	44.62	127	1616
snapshot_11_29_2015_12_0.json	1448816400.0	44.62	127	1597
snapshot_11_29_2015_12_0.json	1448816400.0	44.62	127	1597
snapshot_11_29_2015_6_0.json	1448794800.0	44.62	127	1599
snapshot_11_30_2015_0_0.json	1448859600.0	44.62	127	1558
snapshot_11_30_2015_0_0.json	1448859600.0	44.62	127	1558
snapshot_11_30_2015_12_0.json	1448902800.0	41.52	127	1690
snapshot_11_30_2015_18_0.json	1448924400.0	41.52	127	1689
snapshot_11_30_2015_6_0.json	1448881200.0	41.52	127	1690
snapshot_12_1_2015_0_0.json	1448946000.0	41.52	127	1666
snapshot_12_1_2015_12_0.json	1448989200.0	41.52	127	1656
snapshot_12_1_2015_18_0.json	1449010800.0	41.52	127	1750
snapshot_12_1_2015_6_0.json	1448967600.0	41.52	127	1656
snapshot_12_2_2015_0_0.json	1449032400.0	41.52	127	1746
snapshot_12_2_2015_12_0.json	1449075600.0	41.52	127	1756
snapshot_12_2_2015_18_0.json	1449097200.0	41.52	127	1752
snapshot_12_3_2015_12_0.json	1449162000.0	41.52	127	1768
snapshot_12_3_2015_18_0.json	1449183600.0	41.52	127	1751
snapshot_12_3_2015_6_0.json	1449140400.0	41.52	127	1768
snapshot_12_4_2015_12_0.json	1449248400.0	41.52	127	1734
snapshot_12_4_2015_18_0.json	1449270000.0	41.52	127	1735
snapshot_12_4_2015_6_0.json	1449226800.0	41.52	127	1734
snapshot_12_4_2015_6_0.json	1449226800.0	41.52	127	1734
snapshot_12_5_2015_0_0.json	1449291600.0	41.52	127	1712
snapshot_12_5_2015_12_0.json	1449334800.0	41.52	127	1708
snapshot_12_5_2015_18_0.json	1449356400.0	41.52	127	1705
snapshot_12_5_2015_6_0.json	1449313200.0	41.52	127	1708
snapshot_12_5_2015_6_0.json	1449313200.0	41.52	127	1708
