9247308	2016-02-13T23:00:00Z	Disney On Ice Frozen	Sleep Train Arena	California Sacramento|81690	95834
snapshot_11_17_2015_0_0.json	1447736400.0	43.45	207.48	1049
snapshot_11_17_2015_12_0.json	1447779600.0	46.2	396	1046
snapshot_11_17_2015_18_0.json	1447801200.0	43.45	207.48	1120
snapshot_11_17_2015_18_0.json	1447801200.0	43.45	207.48	1120
snapshot_11_18_2015_0_0.json	1447822800.0	43.45	207.48	1136
snapshot_11_18_2015_0_0.json	1447822800.0	43.45	207.48	1136
snapshot_11_18_2015_12_0.json	1447866000.0	46.2	404	1120
snapshot_11_18_2015_18_0.json	1447887600.0	43.45	207.48	1120
snapshot_11_18_2015_6_0.json	1447844400.0	46.2	207.48	1120
snapshot_11_19_2015_0_0.json	1447909200.0	43.45	404	1120
snapshot_11_19_2015_12_0.json	1447952400.0	46.2	404	1121
snapshot_11_19_2015_6_0.json	1447930800.0	46.2	207.48	1120
snapshot_11_21_2015_12_0.json	1448125200.0	46.2	404	1129
snapshot_11_21_2015_18_0.json	1448146800.0	43.45	207.48	1129
snapshot_11_22_2015_0_0.json	1448168400.0	43.45	207.48	1129
snapshot_11_22_2015_12_0.json	1448211600.0	46.2	404	1129
snapshot_11_22_2015_18_0.json	1448233200.0	43.45	207.48	1129
snapshot_11_22_2015_6_0.json	1448190000.0	46.2	207.48	1129
snapshot_11_22_2015_6_0.json	1448190000.0	46.2	207.48	1129
snapshot_11_23_2015_0_0.json	1448254800.0	43.45	207.48	1126
snapshot_11_23_2015_18_0.json	1448319600.0	43.45	404	1124
snapshot_11_23_2015_18_0.json	1448319600.0	43.45	404	1124
snapshot_11_23_2015_6_0.json	1448276400.0	46.2	207.48	1126
snapshot_11_24_2015_0_0.json	1448341200.0	43.45	207.48	1113
snapshot_11_24_2015_12_0.json	1448384400.0	46.2	404	1117
snapshot_11_24_2015_12_0.json	1448384400.0	46.2	404	1117
snapshot_11_24_2015_18_0.json	1448406000.0	43.45	212	1117
snapshot_11_24_2015_6_0.json	1448362800.0	46.2	207.48	1116
snapshot_11_25_2015_0_0.json	1448427600.0	43.45	207.48	1110
snapshot_11_25_2015_0_0.json	1448427600.0	43.45	207.48	1110
snapshot_11_25_2015_18_0.json	1448492400.0	43.45	207.48	1106
snapshot_11_25_2015_6_0.json	1448449200.0	46.2	207.48	1110
snapshot_11_25_2015_6_0.json	1448449200.0	46.2	207.48	1110
snapshot_11_26_2015_0_0.json	1448514000.0	43.45	464	1114
snapshot_11_27_2015_18_0.json	1448665200.0	43.45	207.48	1164
snapshot_11_28_2015_0_0.json	1448686800.0	43.45	207.48	1154
snapshot_11_28_2015_12_0.json	1448730000.0	46.2	464	1162
snapshot_11_28_2015_18_0.json	1448751600.0	43.45	207.48	1154
snapshot_11_28_2015_6_0.json	1448708400.0	46.2	207.48	1154
snapshot_11_29_2015_0_0.json	1448773200.0	43.45	207.48	1146
snapshot_11_29_2015_12_0.json	1448816400.0	46.2	464	1150
snapshot_11_29_2015_18_0.json	1448838000.0	43.45	207.48	1146
snapshot_11_29_2015_6_0.json	1448794800.0	46.2	207.48	1142
snapshot_11_30_2015_0_0.json	1448859600.0	43.45	207.48	1141
snapshot_11_30_2015_0_0.json	1448859600.0	43.45	207.48	1141
snapshot_11_30_2015_12_0.json	1448902800.0	46.2	464	1140
snapshot_11_30_2015_18_0.json	1448924400.0	43.45	464	1136
snapshot_11_30_2015_18_0.json	1448924400.0	43.45	464	1136
snapshot_11_30_2015_6_0.json	1448881200.0	46.2	207.48	1136
snapshot_11_30_2015_6_0.json	1448881200.0	46.2	207.48	1136
snapshot_12_1_2015_12_0.json	1448989200.0	46.2	464	1132
snapshot_12_1_2015_6_0.json	1448967600.0	46.2	460	1136
snapshot_12_2_2015_12_0.json	1449075600.0	46.2	464	1109
snapshot_12_2_2015_18_0.json	1449097200.0	43.45	460	1175
snapshot_12_3_2015_0_0.json	1449118800.0	43.45	460	1167
snapshot_12_3_2015_12_0.json	1449162000.0	46.2	207.48	1116
snapshot_12_3_2015_18_0.json	1449183600.0	43.45	207.48	1160
snapshot_12_3_2015_6_0.json	1449140400.0	46.2	464	1163
snapshot_12_4_2015_0_0.json	1449205200.0	43.45	207.48	1146
snapshot_12_4_2015_12_0.json	1449248400.0	46.2	464	1142
snapshot_12_4_2015_18_0.json	1449270000.0	43.45	207.48	1142
snapshot_12_4_2015_6_0.json	1449226800.0	46.2	207.48	1146
snapshot_12_5_2015_0_0.json	1449291600.0	43.45	207.48	1132
snapshot_12_5_2015_12_0.json	1449334800.0	46.2	464	1124
snapshot_12_5_2015_18_0.json	1449356400.0	43.45	207.48	1132
9247308	2016-02-13T23:00:00Z	Disney On Ice Frozen	Sleep Train Arena	California Sacramento|81690	95834
snapshot_11_17_2015_0_0.json	1447736400.0	43.45	207.48	1049
snapshot_11_17_2015_12_0.json	1447779600.0	46.2	396	1046
snapshot_11_17_2015_18_0.json	1447801200.0	43.45	207.48	1120
snapshot_11_17_2015_18_0.json	1447801200.0	43.45	207.48	1120
snapshot_11_18_2015_0_0.json	1447822800.0	43.45	207.48	1136
snapshot_11_18_2015_0_0.json	1447822800.0	43.45	207.48	1136
snapshot_11_18_2015_12_0.json	1447866000.0	46.2	404	1120
snapshot_11_18_2015_18_0.json	1447887600.0	43.45	207.48	1120
snapshot_11_18_2015_6_0.json	1447844400.0	46.2	207.48	1120
snapshot_11_19_2015_0_0.json	1447909200.0	43.45	404	1120
snapshot_11_19_2015_12_0.json	1447952400.0	46.2	404	1121
snapshot_11_19_2015_6_0.json	1447930800.0	46.2	207.48	1120
snapshot_11_21_2015_12_0.json	1448125200.0	46.2	404	1129
snapshot_11_21_2015_18_0.json	1448146800.0	43.45	207.48	1129
snapshot_11_22_2015_0_0.json	1448168400.0	43.45	207.48	1129
snapshot_11_22_2015_12_0.json	1448211600.0	46.2	404	1129
snapshot_11_22_2015_18_0.json	1448233200.0	43.45	207.48	1129
snapshot_11_22_2015_6_0.json	1448190000.0	46.2	207.48	1129
snapshot_11_22_2015_6_0.json	1448190000.0	46.2	207.48	1129
snapshot_11_23_2015_0_0.json	1448254800.0	43.45	207.48	1126
snapshot_11_23_2015_18_0.json	1448319600.0	43.45	404	1124
snapshot_11_23_2015_18_0.json	1448319600.0	43.45	404	1124
snapshot_11_23_2015_6_0.json	1448276400.0	46.2	207.48	1126
snapshot_11_24_2015_0_0.json	1448341200.0	43.45	207.48	1113
snapshot_11_24_2015_12_0.json	1448384400.0	46.2	404	1117
snapshot_11_24_2015_12_0.json	1448384400.0	46.2	404	1117
snapshot_11_24_2015_18_0.json	1448406000.0	43.45	212	1117
snapshot_11_24_2015_6_0.json	1448362800.0	46.2	207.48	1116
snapshot_11_25_2015_0_0.json	1448427600.0	43.45	207.48	1110
snapshot_11_25_2015_0_0.json	1448427600.0	43.45	207.48	1110
snapshot_11_25_2015_18_0.json	1448492400.0	43.45	207.48	1106
snapshot_11_25_2015_6_0.json	1448449200.0	46.2	207.48	1110
snapshot_11_25_2015_6_0.json	1448449200.0	46.2	207.48	1110
snapshot_11_26_2015_0_0.json	1448514000.0	43.45	464	1114
snapshot_11_27_2015_18_0.json	1448665200.0	43.45	207.48	1164
snapshot_11_28_2015_0_0.json	1448686800.0	43.45	207.48	1154
snapshot_11_28_2015_12_0.json	1448730000.0	46.2	464	1162
snapshot_11_28_2015_18_0.json	1448751600.0	43.45	207.48	1154
snapshot_11_28_2015_6_0.json	1448708400.0	46.2	207.48	1154
snapshot_11_29_2015_0_0.json	1448773200.0	43.45	207.48	1146
snapshot_11_29_2015_12_0.json	1448816400.0	46.2	464	1150
snapshot_11_29_2015_18_0.json	1448838000.0	43.45	207.48	1146
snapshot_11_29_2015_6_0.json	1448794800.0	46.2	207.48	1142
snapshot_11_30_2015_0_0.json	1448859600.0	43.45	207.48	1141
snapshot_11_30_2015_0_0.json	1448859600.0	43.45	207.48	1141
snapshot_11_30_2015_12_0.json	1448902800.0	46.2	464	1140
snapshot_11_30_2015_18_0.json	1448924400.0	43.45	464	1136
snapshot_11_30_2015_18_0.json	1448924400.0	43.45	464	1136
snapshot_11_30_2015_6_0.json	1448881200.0	46.2	207.48	1136
snapshot_11_30_2015_6_0.json	1448881200.0	46.2	207.48	1136
snapshot_12_1_2015_12_0.json	1448989200.0	46.2	464	1132
snapshot_12_1_2015_6_0.json	1448967600.0	46.2	460	1136
snapshot_12_2_2015_12_0.json	1449075600.0	46.2	464	1109
snapshot_12_2_2015_18_0.json	1449097200.0	43.45	460	1175
snapshot_12_3_2015_0_0.json	1449118800.0	43.45	460	1167
snapshot_12_3_2015_12_0.json	1449162000.0	46.2	207.48	1116
snapshot_12_3_2015_18_0.json	1449183600.0	43.45	207.48	1160
snapshot_12_3_2015_6_0.json	1449140400.0	46.2	464	1163
snapshot_12_4_2015_0_0.json	1449205200.0	43.45	207.48	1146
snapshot_12_4_2015_12_0.json	1449248400.0	46.2	464	1142
snapshot_12_4_2015_18_0.json	1449270000.0	43.45	207.48	1142
snapshot_12_4_2015_6_0.json	1449226800.0	46.2	207.48	1146
snapshot_12_5_2015_0_0.json	1449291600.0	43.45	207.48	1132
snapshot_12_5_2015_12_0.json	1449334800.0	46.2	464	1124
snapshot_12_5_2015_18_0.json	1449356400.0	43.45	207.48	1132
9247308	2016-02-13T23:00:00Z	Disney On Ice Frozen	Sleep Train Arena	California Sacramento|81690	95834
snapshot_11_17_2015_0_0.json	1447736400.0	43.45	207.48	1049
snapshot_11_17_2015_12_0.json	1447779600.0	46.2	396	1046
snapshot_11_17_2015_18_0.json	1447801200.0	43.45	207.48	1120
snapshot_11_17_2015_18_0.json	1447801200.0	43.45	207.48	1120
snapshot_11_18_2015_0_0.json	1447822800.0	43.45	207.48	1136
snapshot_11_18_2015_0_0.json	1447822800.0	43.45	207.48	1136
snapshot_11_18_2015_12_0.json	1447866000.0	46.2	404	1120
snapshot_11_18_2015_18_0.json	1447887600.0	43.45	207.48	1120
snapshot_11_18_2015_6_0.json	1447844400.0	46.2	207.48	1120
snapshot_11_19_2015_0_0.json	1447909200.0	43.45	404	1120
snapshot_11_19_2015_12_0.json	1447952400.0	46.2	404	1121
snapshot_11_19_2015_6_0.json	1447930800.0	46.2	207.48	1120
snapshot_11_21_2015_12_0.json	1448125200.0	46.2	404	1129
snapshot_11_21_2015_18_0.json	1448146800.0	43.45	207.48	1129
snapshot_11_22_2015_0_0.json	1448168400.0	43.45	207.48	1129
snapshot_11_22_2015_12_0.json	1448211600.0	46.2	404	1129
snapshot_11_22_2015_18_0.json	1448233200.0	43.45	207.48	1129
snapshot_11_22_2015_6_0.json	1448190000.0	46.2	207.48	1129
snapshot_11_22_2015_6_0.json	1448190000.0	46.2	207.48	1129
snapshot_11_23_2015_0_0.json	1448254800.0	43.45	207.48	1126
snapshot_11_23_2015_18_0.json	1448319600.0	43.45	404	1124
snapshot_11_23_2015_18_0.json	1448319600.0	43.45	404	1124
snapshot_11_23_2015_6_0.json	1448276400.0	46.2	207.48	1126
snapshot_11_24_2015_0_0.json	1448341200.0	43.45	207.48	1113
snapshot_11_24_2015_12_0.json	1448384400.0	46.2	404	1117
snapshot_11_24_2015_12_0.json	1448384400.0	46.2	404	1117
snapshot_11_24_2015_18_0.json	1448406000.0	43.45	212	1117
snapshot_11_24_2015_6_0.json	1448362800.0	46.2	207.48	1116
snapshot_11_25_2015_0_0.json	1448427600.0	43.45	207.48	1110
snapshot_11_25_2015_0_0.json	1448427600.0	43.45	207.48	1110
snapshot_11_25_2015_18_0.json	1448492400.0	43.45	207.48	1106
snapshot_11_25_2015_6_0.json	1448449200.0	46.2	207.48	1110
snapshot_11_25_2015_6_0.json	1448449200.0	46.2	207.48	1110
snapshot_11_26_2015_0_0.json	1448514000.0	43.45	464	1114
snapshot_11_27_2015_18_0.json	1448665200.0	43.45	207.48	1164
snapshot_11_28_2015_0_0.json	1448686800.0	43.45	207.48	1154
snapshot_11_28_2015_12_0.json	1448730000.0	46.2	464	1162
snapshot_11_28_2015_18_0.json	1448751600.0	43.45	207.48	1154
snapshot_11_28_2015_6_0.json	1448708400.0	46.2	207.48	1154
snapshot_11_29_2015_0_0.json	1448773200.0	43.45	207.48	1146
snapshot_11_29_2015_12_0.json	1448816400.0	46.2	464	1150
snapshot_11_29_2015_18_0.json	1448838000.0	43.45	207.48	1146
snapshot_11_29_2015_6_0.json	1448794800.0	46.2	207.48	1142
snapshot_11_30_2015_0_0.json	1448859600.0	43.45	207.48	1141
snapshot_11_30_2015_0_0.json	1448859600.0	43.45	207.48	1141
snapshot_11_30_2015_12_0.json	1448902800.0	46.2	464	1140
snapshot_11_30_2015_18_0.json	1448924400.0	43.45	464	1136
snapshot_11_30_2015_18_0.json	1448924400.0	43.45	464	1136
snapshot_11_30_2015_6_0.json	1448881200.0	46.2	207.48	1136
snapshot_11_30_2015_6_0.json	1448881200.0	46.2	207.48	1136
snapshot_12_1_2015_12_0.json	1448989200.0	46.2	464	1132
snapshot_12_1_2015_6_0.json	1448967600.0	46.2	460	1136
snapshot_12_2_2015_12_0.json	1449075600.0	46.2	464	1109
snapshot_12_2_2015_18_0.json	1449097200.0	43.45	460	1175
snapshot_12_3_2015_0_0.json	1449118800.0	43.45	460	1167
snapshot_12_3_2015_12_0.json	1449162000.0	46.2	207.48	1116
snapshot_12_3_2015_18_0.json	1449183600.0	43.45	207.48	1160
snapshot_12_3_2015_6_0.json	1449140400.0	46.2	464	1163
snapshot_12_4_2015_0_0.json	1449205200.0	43.45	207.48	1146
snapshot_12_4_2015_12_0.json	1449248400.0	46.2	464	1142
snapshot_12_4_2015_18_0.json	1449270000.0	43.45	207.48	1142
snapshot_12_4_2015_6_0.json	1449226800.0	46.2	207.48	1146
snapshot_12_5_2015_0_0.json	1449291600.0	43.45	207.48	1132
snapshot_12_5_2015_12_0.json	1449334800.0	46.2	464	1124
snapshot_12_5_2015_18_0.json	1449356400.0	43.45	207.48	1132
9247308	2016-02-13T23:00:00Z	Disney On Ice Frozen	Sleep Train Arena	California Sacramento|81690	95834
snapshot_11_17_2015_0_0.json	1447736400.0	43.45	207.48	1049
snapshot_11_17_2015_12_0.json	1447779600.0	46.2	396	1046
snapshot_11_17_2015_18_0.json	1447801200.0	43.45	207.48	1120
snapshot_11_17_2015_18_0.json	1447801200.0	43.45	207.48	1120
snapshot_11_18_2015_0_0.json	1447822800.0	43.45	207.48	1136
snapshot_11_18_2015_0_0.json	1447822800.0	43.45	207.48	1136
snapshot_11_18_2015_12_0.json	1447866000.0	46.2	404	1120
snapshot_11_18_2015_18_0.json	1447887600.0	43.45	207.48	1120
snapshot_11_18_2015_6_0.json	1447844400.0	46.2	207.48	1120
snapshot_11_19_2015_0_0.json	1447909200.0	43.45	404	1120
snapshot_11_19_2015_12_0.json	1447952400.0	46.2	404	1121
snapshot_11_19_2015_6_0.json	1447930800.0	46.2	207.48	1120
snapshot_11_21_2015_12_0.json	1448125200.0	46.2	404	1129
snapshot_11_21_2015_18_0.json	1448146800.0	43.45	207.48	1129
snapshot_11_22_2015_0_0.json	1448168400.0	43.45	207.48	1129
snapshot_11_22_2015_12_0.json	1448211600.0	46.2	404	1129
snapshot_11_22_2015_18_0.json	1448233200.0	43.45	207.48	1129
snapshot_11_22_2015_6_0.json	1448190000.0	46.2	207.48	1129
snapshot_11_22_2015_6_0.json	1448190000.0	46.2	207.48	1129
snapshot_11_23_2015_0_0.json	1448254800.0	43.45	207.48	1126
snapshot_11_23_2015_18_0.json	1448319600.0	43.45	404	1124
snapshot_11_23_2015_18_0.json	1448319600.0	43.45	404	1124
snapshot_11_23_2015_6_0.json	1448276400.0	46.2	207.48	1126
snapshot_11_24_2015_0_0.json	1448341200.0	43.45	207.48	1113
snapshot_11_24_2015_12_0.json	1448384400.0	46.2	404	1117
snapshot_11_24_2015_12_0.json	1448384400.0	46.2	404	1117
snapshot_11_24_2015_18_0.json	1448406000.0	43.45	212	1117
snapshot_11_24_2015_6_0.json	1448362800.0	46.2	207.48	1116
snapshot_11_25_2015_0_0.json	1448427600.0	43.45	207.48	1110
snapshot_11_25_2015_0_0.json	1448427600.0	43.45	207.48	1110
snapshot_11_25_2015_18_0.json	1448492400.0	43.45	207.48	1106
snapshot_11_25_2015_6_0.json	1448449200.0	46.2	207.48	1110
snapshot_11_25_2015_6_0.json	1448449200.0	46.2	207.48	1110
snapshot_11_26_2015_0_0.json	1448514000.0	43.45	464	1114
snapshot_11_27_2015_18_0.json	1448665200.0	43.45	207.48	1164
snapshot_11_28_2015_0_0.json	1448686800.0	43.45	207.48	1154
snapshot_11_28_2015_12_0.json	1448730000.0	46.2	464	1162
snapshot_11_28_2015_18_0.json	1448751600.0	43.45	207.48	1154
snapshot_11_28_2015_6_0.json	1448708400.0	46.2	207.48	1154
snapshot_11_29_2015_0_0.json	1448773200.0	43.45	207.48	1146
snapshot_11_29_2015_12_0.json	1448816400.0	46.2	464	1150
snapshot_11_29_2015_18_0.json	1448838000.0	43.45	207.48	1146
snapshot_11_29_2015_6_0.json	1448794800.0	46.2	207.48	1142
snapshot_11_30_2015_0_0.json	1448859600.0	43.45	207.48	1141
snapshot_11_30_2015_0_0.json	1448859600.0	43.45	207.48	1141
snapshot_11_30_2015_12_0.json	1448902800.0	46.2	464	1140
snapshot_11_30_2015_18_0.json	1448924400.0	43.45	464	1136
snapshot_11_30_2015_18_0.json	1448924400.0	43.45	464	1136
snapshot_11_30_2015_6_0.json	1448881200.0	46.2	207.48	1136
snapshot_11_30_2015_6_0.json	1448881200.0	46.2	207.48	1136
snapshot_12_1_2015_12_0.json	1448989200.0	46.2	464	1132
snapshot_12_1_2015_6_0.json	1448967600.0	46.2	460	1136
snapshot_12_2_2015_12_0.json	1449075600.0	46.2	464	1109
snapshot_12_2_2015_18_0.json	1449097200.0	43.45	460	1175
snapshot_12_3_2015_0_0.json	1449118800.0	43.45	460	1167
snapshot_12_3_2015_12_0.json	1449162000.0	46.2	207.48	1116
snapshot_12_3_2015_18_0.json	1449183600.0	43.45	207.48	1160
snapshot_12_3_2015_6_0.json	1449140400.0	46.2	464	1163
snapshot_12_4_2015_0_0.json	1449205200.0	43.45	207.48	1146
snapshot_12_4_2015_12_0.json	1449248400.0	46.2	464	1142
snapshot_12_4_2015_18_0.json	1449270000.0	43.45	207.48	1142
snapshot_12_4_2015_6_0.json	1449226800.0	46.2	207.48	1146
snapshot_12_5_2015_0_0.json	1449291600.0	43.45	207.48	1132
snapshot_12_5_2015_12_0.json	1449334800.0	46.2	464	1124
snapshot_12_5_2015_18_0.json	1449356400.0	43.45	207.48	1132
