9247307	2016-02-13T03:00:00Z	Disney On Ice Frozen	Sleep Train Arena	California Sacramento|81690	95834
snapshot_11_16_2015_0_0.json	1447650000.0	48.13	212	397
snapshot_11_17_2015_0_0.json	1447736400.0	48.13	276	399
snapshot_11_17_2015_18_0.json	1447801200.0	48.13	145.45	394
snapshot_11_17_2015_18_0.json	1447801200.0	48.13	145.45	394
snapshot_11_17_2015_6_0.json	1447758000.0	50.88	164.25	397
snapshot_11_18_2015_0_0.json	1447822800.0	48.13	276	409
snapshot_11_18_2015_12_0.json	1447866000.0	50.88	284	409
snapshot_11_18_2015_18_0.json	1447887600.0	48.13	145.45	394
snapshot_11_18_2015_6_0.json	1447844400.0	50.88	145.45	397
snapshot_11_19_2015_0_0.json	1447909200.0	48.13	284	404
snapshot_11_19_2015_12_0.json	1447952400.0	50.88	284	407
snapshot_11_19_2015_6_0.json	1447930800.0	50.88	145.45	407
snapshot_11_20_2015_0_0.json	1447995600.0	48.13	145.45	395
snapshot_11_20_2015_12_0.json	1448038800.0	50.88	284	395
snapshot_11_21_2015_12_0.json	1448125200.0	50.88	284	379
snapshot_11_21_2015_18_0.json	1448146800.0	48.13	284	379
snapshot_11_22_2015_12_0.json	1448211600.0	50.88	284	391
snapshot_11_22_2015_18_0.json	1448233200.0	48.13	284	389
snapshot_11_23_2015_0_0.json	1448254800.0	48.13	284	375
snapshot_11_23_2015_12_0.json	1448298000.0	50.88	284	375
snapshot_11_23_2015_18_0.json	1448319600.0	48.13	284	375
snapshot_11_23_2015_6_0.json	1448276400.0	50.88	145.45	375
snapshot_11_24_2015_0_0.json	1448341200.0	48.13	184	379
snapshot_11_24_2015_12_0.json	1448384400.0	50.88	284	391
snapshot_11_24_2015_12_0.json	1448384400.0	50.88	284	391
snapshot_11_24_2015_18_0.json	1448406000.0	48.13	145.45	375
snapshot_11_24_2015_6_0.json	1448362800.0	50.88	145.45	375
snapshot_11_25_2015_0_0.json	1448427600.0	48.13	284	375
snapshot_11_25_2015_12_0.json	1448470800.0	50.88	284	403
snapshot_11_25_2015_18_0.json	1448492400.0	48.13	188	387
snapshot_11_25_2015_6_0.json	1448449200.0	50.88	145.45	389
snapshot_11_26_2015_0_0.json	1448514000.0	48.13	520	391
snapshot_11_27_2015_18_0.json	1448665200.0	48.13	147.43	385
snapshot_11_27_2015_18_0.json	1448665200.0	48.13	147.43	385
snapshot_11_28_2015_0_0.json	1448686800.0	48.13	170	397
snapshot_11_28_2015_0_0.json	1448686800.0	48.13	170	397
snapshot_11_28_2015_12_0.json	1448730000.0	50.88	520	419
snapshot_11_28_2015_18_0.json	1448751600.0	48.13	170	397
snapshot_11_28_2015_6_0.json	1448708400.0	50.88	170	397
snapshot_11_29_2015_0_0.json	1448773200.0	48.13	170	397
snapshot_11_29_2015_12_0.json	1448816400.0	50.88	520	417
snapshot_11_29_2015_6_0.json	1448794800.0	50.88	170	395
snapshot_11_30_2015_0_0.json	1448859600.0	48.13	170	395
snapshot_11_30_2015_0_0.json	1448859600.0	48.13	170	395
snapshot_11_30_2015_12_0.json	1448902800.0	50.88	520	399
snapshot_11_30_2015_18_0.json	1448924400.0	48.13	520	387
snapshot_12_1_2015_0_0.json	1448946000.0	48.13	170	387
snapshot_12_1_2015_12_0.json	1448989200.0	50.88	520	390
snapshot_12_1_2015_18_0.json	1449010800.0	48.13	170	380
snapshot_12_1_2015_6_0.json	1448967600.0	50.88	192	380
snapshot_12_2_2015_12_0.json	1449075600.0	50.88	520	372
snapshot_12_2_2015_18_0.json	1449097200.0	48.13	170	362
snapshot_12_3_2015_0_0.json	1449118800.0	48.13	170	359
snapshot_12_3_2015_12_0.json	1449162000.0	50.88	520	359
snapshot_12_3_2015_18_0.json	1449183600.0	48.13	170	357
snapshot_12_3_2015_6_0.json	1449140400.0	50.88	520	359
snapshot_12_4_2015_0_0.json	1449205200.0	48.13	170	357
snapshot_12_4_2015_0_0.json	1449205200.0	48.13	170	357
snapshot_12_4_2015_12_0.json	1449248400.0	50.88	520	369
snapshot_12_4_2015_18_0.json	1449270000.0	48.13	170	357
snapshot_12_4_2015_6_0.json	1449226800.0	50.88	170	357
snapshot_12_5_2015_0_0.json	1449291600.0	48.13	170	357
snapshot_12_5_2015_12_0.json	1449334800.0	50.88	520	370
snapshot_12_5_2015_18_0.json	1449356400.0	48.13	284	370
snapshot_12_5_2015_6_0.json	1449313200.0	50.88	170	354
9247307	2016-02-13T03:00:00Z	Disney On Ice Frozen	Sleep Train Arena	California Sacramento|81690	95834
snapshot_11_16_2015_0_0.json	1447650000.0	48.13	212	397
snapshot_11_17_2015_0_0.json	1447736400.0	48.13	276	399
snapshot_11_17_2015_18_0.json	1447801200.0	48.13	145.45	394
snapshot_11_17_2015_18_0.json	1447801200.0	48.13	145.45	394
snapshot_11_17_2015_6_0.json	1447758000.0	50.88	164.25	397
snapshot_11_18_2015_0_0.json	1447822800.0	48.13	276	409
snapshot_11_18_2015_12_0.json	1447866000.0	50.88	284	409
snapshot_11_18_2015_18_0.json	1447887600.0	48.13	145.45	394
snapshot_11_18_2015_6_0.json	1447844400.0	50.88	145.45	397
snapshot_11_19_2015_0_0.json	1447909200.0	48.13	284	404
snapshot_11_19_2015_12_0.json	1447952400.0	50.88	284	407
snapshot_11_19_2015_6_0.json	1447930800.0	50.88	145.45	407
snapshot_11_20_2015_0_0.json	1447995600.0	48.13	145.45	395
snapshot_11_20_2015_12_0.json	1448038800.0	50.88	284	395
snapshot_11_21_2015_12_0.json	1448125200.0	50.88	284	379
snapshot_11_21_2015_18_0.json	1448146800.0	48.13	284	379
snapshot_11_22_2015_12_0.json	1448211600.0	50.88	284	391
snapshot_11_22_2015_18_0.json	1448233200.0	48.13	284	389
snapshot_11_23_2015_0_0.json	1448254800.0	48.13	284	375
snapshot_11_23_2015_12_0.json	1448298000.0	50.88	284	375
snapshot_11_23_2015_18_0.json	1448319600.0	48.13	284	375
snapshot_11_23_2015_6_0.json	1448276400.0	50.88	145.45	375
snapshot_11_24_2015_0_0.json	1448341200.0	48.13	184	379
snapshot_11_24_2015_12_0.json	1448384400.0	50.88	284	391
snapshot_11_24_2015_12_0.json	1448384400.0	50.88	284	391
snapshot_11_24_2015_18_0.json	1448406000.0	48.13	145.45	375
snapshot_11_24_2015_6_0.json	1448362800.0	50.88	145.45	375
snapshot_11_25_2015_0_0.json	1448427600.0	48.13	284	375
snapshot_11_25_2015_12_0.json	1448470800.0	50.88	284	403
snapshot_11_25_2015_18_0.json	1448492400.0	48.13	188	387
snapshot_11_25_2015_6_0.json	1448449200.0	50.88	145.45	389
snapshot_11_26_2015_0_0.json	1448514000.0	48.13	520	391
snapshot_11_27_2015_18_0.json	1448665200.0	48.13	147.43	385
snapshot_11_27_2015_18_0.json	1448665200.0	48.13	147.43	385
snapshot_11_28_2015_0_0.json	1448686800.0	48.13	170	397
snapshot_11_28_2015_0_0.json	1448686800.0	48.13	170	397
snapshot_11_28_2015_12_0.json	1448730000.0	50.88	520	419
snapshot_11_28_2015_18_0.json	1448751600.0	48.13	170	397
snapshot_11_28_2015_6_0.json	1448708400.0	50.88	170	397
snapshot_11_29_2015_0_0.json	1448773200.0	48.13	170	397
snapshot_11_29_2015_12_0.json	1448816400.0	50.88	520	417
snapshot_11_29_2015_6_0.json	1448794800.0	50.88	170	395
snapshot_11_30_2015_0_0.json	1448859600.0	48.13	170	395
snapshot_11_30_2015_0_0.json	1448859600.0	48.13	170	395
snapshot_11_30_2015_12_0.json	1448902800.0	50.88	520	399
snapshot_11_30_2015_18_0.json	1448924400.0	48.13	520	387
snapshot_12_1_2015_0_0.json	1448946000.0	48.13	170	387
snapshot_12_1_2015_12_0.json	1448989200.0	50.88	520	390
snapshot_12_1_2015_18_0.json	1449010800.0	48.13	170	380
snapshot_12_1_2015_6_0.json	1448967600.0	50.88	192	380
snapshot_12_2_2015_12_0.json	1449075600.0	50.88	520	372
snapshot_12_2_2015_18_0.json	1449097200.0	48.13	170	362
snapshot_12_3_2015_0_0.json	1449118800.0	48.13	170	359
snapshot_12_3_2015_12_0.json	1449162000.0	50.88	520	359
snapshot_12_3_2015_18_0.json	1449183600.0	48.13	170	357
snapshot_12_3_2015_6_0.json	1449140400.0	50.88	520	359
snapshot_12_4_2015_0_0.json	1449205200.0	48.13	170	357
snapshot_12_4_2015_0_0.json	1449205200.0	48.13	170	357
snapshot_12_4_2015_12_0.json	1449248400.0	50.88	520	369
snapshot_12_4_2015_18_0.json	1449270000.0	48.13	170	357
snapshot_12_4_2015_6_0.json	1449226800.0	50.88	170	357
snapshot_12_5_2015_0_0.json	1449291600.0	48.13	170	357
snapshot_12_5_2015_12_0.json	1449334800.0	50.88	520	370
snapshot_12_5_2015_18_0.json	1449356400.0	48.13	284	370
snapshot_12_5_2015_6_0.json	1449313200.0	50.88	170	354
9247307	2016-02-13T03:00:00Z	Disney On Ice Frozen	Sleep Train Arena	California Sacramento|81690	95834
snapshot_11_16_2015_0_0.json	1447650000.0	48.13	212	397
snapshot_11_17_2015_0_0.json	1447736400.0	48.13	276	399
snapshot_11_17_2015_18_0.json	1447801200.0	48.13	145.45	394
snapshot_11_17_2015_18_0.json	1447801200.0	48.13	145.45	394
snapshot_11_17_2015_6_0.json	1447758000.0	50.88	164.25	397
snapshot_11_18_2015_0_0.json	1447822800.0	48.13	276	409
snapshot_11_18_2015_12_0.json	1447866000.0	50.88	284	409
snapshot_11_18_2015_18_0.json	1447887600.0	48.13	145.45	394
snapshot_11_18_2015_6_0.json	1447844400.0	50.88	145.45	397
snapshot_11_19_2015_0_0.json	1447909200.0	48.13	284	404
snapshot_11_19_2015_12_0.json	1447952400.0	50.88	284	407
snapshot_11_19_2015_6_0.json	1447930800.0	50.88	145.45	407
snapshot_11_20_2015_0_0.json	1447995600.0	48.13	145.45	395
snapshot_11_20_2015_12_0.json	1448038800.0	50.88	284	395
snapshot_11_21_2015_12_0.json	1448125200.0	50.88	284	379
snapshot_11_21_2015_18_0.json	1448146800.0	48.13	284	379
snapshot_11_22_2015_12_0.json	1448211600.0	50.88	284	391
snapshot_11_22_2015_18_0.json	1448233200.0	48.13	284	389
snapshot_11_23_2015_0_0.json	1448254800.0	48.13	284	375
snapshot_11_23_2015_12_0.json	1448298000.0	50.88	284	375
snapshot_11_23_2015_18_0.json	1448319600.0	48.13	284	375
snapshot_11_23_2015_6_0.json	1448276400.0	50.88	145.45	375
snapshot_11_24_2015_0_0.json	1448341200.0	48.13	184	379
snapshot_11_24_2015_12_0.json	1448384400.0	50.88	284	391
snapshot_11_24_2015_12_0.json	1448384400.0	50.88	284	391
snapshot_11_24_2015_18_0.json	1448406000.0	48.13	145.45	375
snapshot_11_24_2015_6_0.json	1448362800.0	50.88	145.45	375
snapshot_11_25_2015_0_0.json	1448427600.0	48.13	284	375
snapshot_11_25_2015_12_0.json	1448470800.0	50.88	284	403
snapshot_11_25_2015_18_0.json	1448492400.0	48.13	188	387
snapshot_11_25_2015_6_0.json	1448449200.0	50.88	145.45	389
snapshot_11_26_2015_0_0.json	1448514000.0	48.13	520	391
snapshot_11_27_2015_18_0.json	1448665200.0	48.13	147.43	385
snapshot_11_27_2015_18_0.json	1448665200.0	48.13	147.43	385
snapshot_11_28_2015_0_0.json	1448686800.0	48.13	170	397
snapshot_11_28_2015_0_0.json	1448686800.0	48.13	170	397
snapshot_11_28_2015_12_0.json	1448730000.0	50.88	520	419
snapshot_11_28_2015_18_0.json	1448751600.0	48.13	170	397
snapshot_11_28_2015_6_0.json	1448708400.0	50.88	170	397
snapshot_11_29_2015_0_0.json	1448773200.0	48.13	170	397
snapshot_11_29_2015_12_0.json	1448816400.0	50.88	520	417
snapshot_11_29_2015_6_0.json	1448794800.0	50.88	170	395
snapshot_11_30_2015_0_0.json	1448859600.0	48.13	170	395
snapshot_11_30_2015_0_0.json	1448859600.0	48.13	170	395
snapshot_11_30_2015_12_0.json	1448902800.0	50.88	520	399
snapshot_11_30_2015_18_0.json	1448924400.0	48.13	520	387
snapshot_12_1_2015_0_0.json	1448946000.0	48.13	170	387
snapshot_12_1_2015_12_0.json	1448989200.0	50.88	520	390
snapshot_12_1_2015_18_0.json	1449010800.0	48.13	170	380
snapshot_12_1_2015_6_0.json	1448967600.0	50.88	192	380
snapshot_12_2_2015_12_0.json	1449075600.0	50.88	520	372
snapshot_12_2_2015_18_0.json	1449097200.0	48.13	170	362
snapshot_12_3_2015_0_0.json	1449118800.0	48.13	170	359
snapshot_12_3_2015_12_0.json	1449162000.0	50.88	520	359
snapshot_12_3_2015_18_0.json	1449183600.0	48.13	170	357
snapshot_12_3_2015_6_0.json	1449140400.0	50.88	520	359
snapshot_12_4_2015_0_0.json	1449205200.0	48.13	170	357
snapshot_12_4_2015_0_0.json	1449205200.0	48.13	170	357
snapshot_12_4_2015_12_0.json	1449248400.0	50.88	520	369
snapshot_12_4_2015_18_0.json	1449270000.0	48.13	170	357
snapshot_12_4_2015_6_0.json	1449226800.0	50.88	170	357
snapshot_12_5_2015_0_0.json	1449291600.0	48.13	170	357
snapshot_12_5_2015_12_0.json	1449334800.0	50.88	520	370
snapshot_12_5_2015_18_0.json	1449356400.0	48.13	284	370
snapshot_12_5_2015_6_0.json	1449313200.0	50.88	170	354
9247307	2016-02-13T03:00:00Z	Disney On Ice Frozen	Sleep Train Arena	California Sacramento|81690	95834
snapshot_11_16_2015_0_0.json	1447650000.0	48.13	212	397
snapshot_11_17_2015_0_0.json	1447736400.0	48.13	276	399
snapshot_11_17_2015_18_0.json	1447801200.0	48.13	145.45	394
snapshot_11_17_2015_18_0.json	1447801200.0	48.13	145.45	394
snapshot_11_17_2015_6_0.json	1447758000.0	50.88	164.25	397
snapshot_11_18_2015_0_0.json	1447822800.0	48.13	276	409
snapshot_11_18_2015_12_0.json	1447866000.0	50.88	284	409
snapshot_11_18_2015_18_0.json	1447887600.0	48.13	145.45	394
snapshot_11_18_2015_6_0.json	1447844400.0	50.88	145.45	397
snapshot_11_19_2015_0_0.json	1447909200.0	48.13	284	404
snapshot_11_19_2015_12_0.json	1447952400.0	50.88	284	407
snapshot_11_19_2015_6_0.json	1447930800.0	50.88	145.45	407
snapshot_11_20_2015_0_0.json	1447995600.0	48.13	145.45	395
snapshot_11_20_2015_12_0.json	1448038800.0	50.88	284	395
snapshot_11_21_2015_12_0.json	1448125200.0	50.88	284	379
snapshot_11_21_2015_18_0.json	1448146800.0	48.13	284	379
snapshot_11_22_2015_12_0.json	1448211600.0	50.88	284	391
snapshot_11_22_2015_18_0.json	1448233200.0	48.13	284	389
snapshot_11_23_2015_0_0.json	1448254800.0	48.13	284	375
snapshot_11_23_2015_12_0.json	1448298000.0	50.88	284	375
snapshot_11_23_2015_18_0.json	1448319600.0	48.13	284	375
snapshot_11_23_2015_6_0.json	1448276400.0	50.88	145.45	375
snapshot_11_24_2015_0_0.json	1448341200.0	48.13	184	379
snapshot_11_24_2015_12_0.json	1448384400.0	50.88	284	391
snapshot_11_24_2015_12_0.json	1448384400.0	50.88	284	391
snapshot_11_24_2015_18_0.json	1448406000.0	48.13	145.45	375
snapshot_11_24_2015_6_0.json	1448362800.0	50.88	145.45	375
snapshot_11_25_2015_0_0.json	1448427600.0	48.13	284	375
snapshot_11_25_2015_12_0.json	1448470800.0	50.88	284	403
snapshot_11_25_2015_18_0.json	1448492400.0	48.13	188	387
snapshot_11_25_2015_6_0.json	1448449200.0	50.88	145.45	389
snapshot_11_26_2015_0_0.json	1448514000.0	48.13	520	391
snapshot_11_27_2015_18_0.json	1448665200.0	48.13	147.43	385
snapshot_11_27_2015_18_0.json	1448665200.0	48.13	147.43	385
snapshot_11_28_2015_0_0.json	1448686800.0	48.13	170	397
snapshot_11_28_2015_0_0.json	1448686800.0	48.13	170	397
snapshot_11_28_2015_12_0.json	1448730000.0	50.88	520	419
snapshot_11_28_2015_18_0.json	1448751600.0	48.13	170	397
snapshot_11_28_2015_6_0.json	1448708400.0	50.88	170	397
snapshot_11_29_2015_0_0.json	1448773200.0	48.13	170	397
snapshot_11_29_2015_12_0.json	1448816400.0	50.88	520	417
snapshot_11_29_2015_6_0.json	1448794800.0	50.88	170	395
snapshot_11_30_2015_0_0.json	1448859600.0	48.13	170	395
snapshot_11_30_2015_0_0.json	1448859600.0	48.13	170	395
snapshot_11_30_2015_12_0.json	1448902800.0	50.88	520	399
snapshot_11_30_2015_18_0.json	1448924400.0	48.13	520	387
snapshot_12_1_2015_0_0.json	1448946000.0	48.13	170	387
snapshot_12_1_2015_12_0.json	1448989200.0	50.88	520	390
snapshot_12_1_2015_18_0.json	1449010800.0	48.13	170	380
snapshot_12_1_2015_6_0.json	1448967600.0	50.88	192	380
snapshot_12_2_2015_12_0.json	1449075600.0	50.88	520	372
snapshot_12_2_2015_18_0.json	1449097200.0	48.13	170	362
snapshot_12_3_2015_0_0.json	1449118800.0	48.13	170	359
snapshot_12_3_2015_12_0.json	1449162000.0	50.88	520	359
snapshot_12_3_2015_18_0.json	1449183600.0	48.13	170	357
snapshot_12_3_2015_6_0.json	1449140400.0	50.88	520	359
snapshot_12_4_2015_0_0.json	1449205200.0	48.13	170	357
snapshot_12_4_2015_0_0.json	1449205200.0	48.13	170	357
snapshot_12_4_2015_12_0.json	1449248400.0	50.88	520	369
snapshot_12_4_2015_18_0.json	1449270000.0	48.13	170	357
snapshot_12_4_2015_6_0.json	1449226800.0	50.88	170	357
snapshot_12_5_2015_0_0.json	1449291600.0	48.13	170	357
snapshot_12_5_2015_12_0.json	1449334800.0	50.88	520	370
snapshot_12_5_2015_18_0.json	1449356400.0	48.13	284	370
snapshot_12_5_2015_6_0.json	1449313200.0	50.88	170	354
