9248163	2015-11-21T20:30:00Z	UConn Huskies	Pratt and Whitney Stadium at Rentschler Field	Connecticut Hartford|1869	06118
snapshot_11_16_2015_0_0.json	1447650000.0	27.07	165	422
snapshot_11_17_2015_0_0.json	1447736400.0	27.07	165	396
snapshot_11_17_2015_12_0.json	1447779600.0	27.07	165	364
snapshot_11_17_2015_18_0.json	1447801200.0	27.07	165	336
snapshot_11_17_2015_18_0.json	1447801200.0	27.07	165	336
snapshot_11_18_2015_0_0.json	1447822800.0	27.07	165	292
snapshot_11_18_2015_12_0.json	1447866000.0	27.07	165	304
snapshot_11_18_2015_18_0.json	1447887600.0	27.07	150	274
snapshot_11_18_2015_6_0.json	1447844400.0	27.07	165	306
snapshot_11_19_2015_0_0.json	1447909200.0	29.41	93.5	243
snapshot_11_19_2015_12_0.json	1447952400.0	27.07	93.5	243
snapshot_11_19_2015_6_0.json	1447930800.0	27.07	93.5	243
snapshot_11_19_2015_6_0.json	1447930800.0	27.07	93.5	243
snapshot_11_20_2015_0_0.json	1447995600.0	23.56	69	322
snapshot_11_20_2015_12_0.json	1448038800.0	23.56	69	337
snapshot_11_21_2015_12_0.json	1448125200.0	24.73	69	124
snapshot_11_21_2015_18_0.json	1448146800.0	36.94	35	16
snapshot_11_22_2015_0_0.json	1448168400.0	0	0	0
snapshot_11_22_2015_12_0.json	1448211600.0	0	0	0
snapshot_11_22_2015_18_0.json	1448233200.0	0	0	0
snapshot_11_22_2015_6_0.json	1448190000.0	0	0	0
snapshot_11_23_2015_0_0.json	1448254800.0	0	0	0
snapshot_11_23_2015_12_0.json	1448298000.0	0	0	0
snapshot_11_23_2015_18_0.json	1448319600.0	0	0	0
snapshot_11_23_2015_6_0.json	1448276400.0	0	0	0
snapshot_12_5_2015_0_0.json	1449291600.0	0	0	0
snapshot_12_5_2015_12_0.json	1449334800.0	0	0	0
9248163	2015-11-21T20:30:00Z	UConn Huskies	Pratt and Whitney Stadium at Rentschler Field	Connecticut Hartford|1869	06118
snapshot_11_16_2015_0_0.json	1447650000.0	27.07	165	422
snapshot_11_17_2015_0_0.json	1447736400.0	27.07	165	396
snapshot_11_17_2015_12_0.json	1447779600.0	27.07	165	364
snapshot_11_17_2015_18_0.json	1447801200.0	27.07	165	336
snapshot_11_17_2015_18_0.json	1447801200.0	27.07	165	336
snapshot_11_18_2015_0_0.json	1447822800.0	27.07	165	292
snapshot_11_18_2015_12_0.json	1447866000.0	27.07	165	304
snapshot_11_18_2015_18_0.json	1447887600.0	27.07	150	274
snapshot_11_18_2015_6_0.json	1447844400.0	27.07	165	306
snapshot_11_19_2015_0_0.json	1447909200.0	29.41	93.5	243
snapshot_11_19_2015_12_0.json	1447952400.0	27.07	93.5	243
snapshot_11_19_2015_6_0.json	1447930800.0	27.07	93.5	243
snapshot_11_19_2015_6_0.json	1447930800.0	27.07	93.5	243
snapshot_11_20_2015_0_0.json	1447995600.0	23.56	69	322
snapshot_11_20_2015_12_0.json	1448038800.0	23.56	69	337
snapshot_11_21_2015_12_0.json	1448125200.0	24.73	69	124
snapshot_11_21_2015_18_0.json	1448146800.0	36.94	35	16
snapshot_11_22_2015_0_0.json	1448168400.0	0	0	0
snapshot_11_22_2015_12_0.json	1448211600.0	0	0	0
snapshot_11_22_2015_18_0.json	1448233200.0	0	0	0
snapshot_11_22_2015_6_0.json	1448190000.0	0	0	0
snapshot_11_23_2015_0_0.json	1448254800.0	0	0	0
snapshot_11_23_2015_12_0.json	1448298000.0	0	0	0
snapshot_11_23_2015_18_0.json	1448319600.0	0	0	0
snapshot_11_23_2015_6_0.json	1448276400.0	0	0	0
snapshot_12_5_2015_0_0.json	1449291600.0	0	0	0
snapshot_12_5_2015_12_0.json	1449334800.0	0	0	0
9248163	2015-11-21T20:30:00Z	UConn Huskies	Pratt and Whitney Stadium at Rentschler Field	Connecticut Hartford|1869	06118
snapshot_11_16_2015_0_0.json	1447650000.0	27.07	165	422
snapshot_11_17_2015_0_0.json	1447736400.0	27.07	165	396
snapshot_11_17_2015_12_0.json	1447779600.0	27.07	165	364
snapshot_11_17_2015_18_0.json	1447801200.0	27.07	165	336
snapshot_11_17_2015_18_0.json	1447801200.0	27.07	165	336
snapshot_11_18_2015_0_0.json	1447822800.0	27.07	165	292
snapshot_11_18_2015_12_0.json	1447866000.0	27.07	165	304
snapshot_11_18_2015_18_0.json	1447887600.0	27.07	150	274
snapshot_11_18_2015_6_0.json	1447844400.0	27.07	165	306
snapshot_11_19_2015_0_0.json	1447909200.0	29.41	93.5	243
snapshot_11_19_2015_12_0.json	1447952400.0	27.07	93.5	243
snapshot_11_19_2015_6_0.json	1447930800.0	27.07	93.5	243
snapshot_11_19_2015_6_0.json	1447930800.0	27.07	93.5	243
snapshot_11_20_2015_0_0.json	1447995600.0	23.56	69	322
snapshot_11_20_2015_12_0.json	1448038800.0	23.56	69	337
snapshot_11_21_2015_12_0.json	1448125200.0	24.73	69	124
snapshot_11_21_2015_18_0.json	1448146800.0	36.94	35	16
snapshot_11_22_2015_0_0.json	1448168400.0	0	0	0
snapshot_11_22_2015_12_0.json	1448211600.0	0	0	0
snapshot_11_22_2015_18_0.json	1448233200.0	0	0	0
snapshot_11_22_2015_6_0.json	1448190000.0	0	0	0
snapshot_11_23_2015_0_0.json	1448254800.0	0	0	0
snapshot_11_23_2015_12_0.json	1448298000.0	0	0	0
snapshot_11_23_2015_18_0.json	1448319600.0	0	0	0
snapshot_11_23_2015_6_0.json	1448276400.0	0	0	0
snapshot_12_5_2015_0_0.json	1449291600.0	0	0	0
snapshot_12_5_2015_12_0.json	1449334800.0	0	0	0
9248163	2015-11-21T20:30:00Z	UConn Huskies	Pratt and Whitney Stadium at Rentschler Field	Connecticut Hartford|1869	06118
snapshot_11_16_2015_0_0.json	1447650000.0	27.07	165	422
snapshot_11_17_2015_0_0.json	1447736400.0	27.07	165	396
snapshot_11_17_2015_12_0.json	1447779600.0	27.07	165	364
snapshot_11_17_2015_18_0.json	1447801200.0	27.07	165	336
snapshot_11_17_2015_18_0.json	1447801200.0	27.07	165	336
snapshot_11_18_2015_0_0.json	1447822800.0	27.07	165	292
snapshot_11_18_2015_12_0.json	1447866000.0	27.07	165	304
snapshot_11_18_2015_18_0.json	1447887600.0	27.07	150	274
snapshot_11_18_2015_6_0.json	1447844400.0	27.07	165	306
snapshot_11_19_2015_0_0.json	1447909200.0	29.41	93.5	243
snapshot_11_19_2015_12_0.json	1447952400.0	27.07	93.5	243
snapshot_11_19_2015_6_0.json	1447930800.0	27.07	93.5	243
snapshot_11_19_2015_6_0.json	1447930800.0	27.07	93.5	243
snapshot_11_20_2015_0_0.json	1447995600.0	23.56	69	322
snapshot_11_20_2015_12_0.json	1448038800.0	23.56	69	337
snapshot_11_21_2015_12_0.json	1448125200.0	24.73	69	124
snapshot_11_21_2015_18_0.json	1448146800.0	36.94	35	16
snapshot_11_22_2015_0_0.json	1448168400.0	0	0	0
snapshot_11_22_2015_12_0.json	1448211600.0	0	0	0
snapshot_11_22_2015_18_0.json	1448233200.0	0	0	0
snapshot_11_22_2015_6_0.json	1448190000.0	0	0	0
snapshot_11_23_2015_0_0.json	1448254800.0	0	0	0
snapshot_11_23_2015_12_0.json	1448298000.0	0	0	0
snapshot_11_23_2015_18_0.json	1448319600.0	0	0	0
snapshot_11_23_2015_6_0.json	1448276400.0	0	0	0
snapshot_12_5_2015_0_0.json	1449291600.0	0	0	0
snapshot_12_5_2015_12_0.json	1449334800.0	0	0	0
