9248176	2015-11-27T19:00:00Z	Houston Cougars	TDECU Stadium	Texas Houston|694	77004
snapshot_11_16_2015_0_0.json	1447650000.0	55.15	447.5	1207
snapshot_11_17_2015_0_0.json	1447736400.0	52.81	477	1432
snapshot_11_17_2015_12_0.json	1447779600.0	52.81	477	1490
snapshot_11_17_2015_18_0.json	1447801200.0	56.32	550	1431
snapshot_11_17_2015_6_0.json	1447758000.0	52.81	477	1473
snapshot_11_17_2015_6_0.json	1447758000.0	52.81	477	1473
snapshot_11_18_2015_0_0.json	1447822800.0	56.32	550	1499
snapshot_11_18_2015_12_0.json	1447866000.0	56.32	550	1466
snapshot_11_18_2015_18_0.json	1447887600.0	51.64	550	1776
snapshot_11_18_2015_6_0.json	1447844400.0	56.32	550	1470
snapshot_11_18_2015_6_0.json	1447844400.0	56.32	550	1470
snapshot_11_19_2015_0_0.json	1447909200.0	51.64	550	2312
snapshot_11_19_2015_12_0.json	1447952400.0	53.4	550	2230
snapshot_11_19_2015_6_0.json	1447930800.0	53.4	550	2230
snapshot_11_20_2015_0_0.json	1447995600.0	43.45	550	2204
snapshot_11_20_2015_12_0.json	1448038800.0	52.23	550	2161
snapshot_11_21_2015_12_0.json	1448125200.0	38.77	550	2345
snapshot_11_21_2015_18_0.json	1448146800.0	37.6	550	2340
snapshot_11_22_2015_0_0.json	1448168400.0	36.2	550	2681
snapshot_11_22_2015_12_0.json	1448211600.0	23.56	550	2769
snapshot_11_23_2015_0_0.json	1448254800.0	20.05	249	2814
snapshot_11_23_2015_12_0.json	1448298000.0	14.2	249	2876
snapshot_11_23_2015_18_0.json	1448319600.0	13.03	249	2803
snapshot_11_23_2015_6_0.json	1448276400.0	13.03	249	2886
snapshot_11_24_2015_0_0.json	1448341200.0	14.14	249	2681
snapshot_11_24_2015_12_0.json	1448384400.0	9.52	199	2700
snapshot_11_24_2015_18_0.json	1448406000.0	9.52	198	2714
snapshot_11_25_2015_0_0.json	1448427600.0	9.52	975	2562
snapshot_11_25_2015_12_0.json	1448470800.0	9.52	975	2457
snapshot_11_25_2015_18_0.json	1448492400.0	9.52	222.22	2318
snapshot_11_25_2015_6_0.json	1448449200.0	9.52	975	2473
snapshot_11_26_2015_0_0.json	1448514000.0	9.52	222.22	1950
snapshot_11_27_2015_18_0.json	1448665200.0	14.2	10	2
snapshot_11_28_2015_0_0.json	1448686800.0	0	0	0
snapshot_11_28_2015_12_0.json	1448730000.0	0	0	0
snapshot_11_28_2015_18_0.json	1448751600.0	0	0	0
snapshot_11_28_2015_6_0.json	1448708400.0	0	0	0
snapshot_11_29_2015_0_0.json	1448773200.0	0	0	0
snapshot_11_29_2015_12_0.json	1448816400.0	0	0	0
snapshot_11_29_2015_18_0.json	1448838000.0	0	0	0
snapshot_11_29_2015_6_0.json	1448794800.0	0	0	0
snapshot_11_30_2015_0_0.json	1448859600.0	0	0	0
snapshot_11_30_2015_12_0.json	1448902800.0	0	0	0
snapshot_11_30_2015_6_0.json	1448881200.0	0	0	0
snapshot_12_3_2015_12_0.json	1449162000.0	0	0	0
snapshot_12_3_2015_12_0.json	1449162000.0	0	0	0
snapshot_12_3_2015_6_0.json	1449140400.0	0	0	0
snapshot_12_4_2015_0_0.json	1449205200.0	0	0	0
snapshot_12_4_2015_12_0.json	1449248400.0	0	0	0
snapshot_12_4_2015_6_0.json	1449226800.0	0	0	0
snapshot_12_5_2015_0_0.json	1449291600.0	0	0	0
snapshot_12_5_2015_12_0.json	1449334800.0	0	0	0
9248176	2015-11-27T19:00:00Z	Houston Cougars	TDECU Stadium	Texas Houston|694	77004
snapshot_11_16_2015_0_0.json	1447650000.0	55.15	447.5	1207
snapshot_11_17_2015_0_0.json	1447736400.0	52.81	477	1432
snapshot_11_17_2015_12_0.json	1447779600.0	52.81	477	1490
snapshot_11_17_2015_18_0.json	1447801200.0	56.32	550	1431
snapshot_11_17_2015_6_0.json	1447758000.0	52.81	477	1473
snapshot_11_17_2015_6_0.json	1447758000.0	52.81	477	1473
snapshot_11_18_2015_0_0.json	1447822800.0	56.32	550	1499
snapshot_11_18_2015_12_0.json	1447866000.0	56.32	550	1466
snapshot_11_18_2015_18_0.json	1447887600.0	51.64	550	1776
snapshot_11_18_2015_6_0.json	1447844400.0	56.32	550	1470
snapshot_11_18_2015_6_0.json	1447844400.0	56.32	550	1470
snapshot_11_19_2015_0_0.json	1447909200.0	51.64	550	2312
snapshot_11_19_2015_12_0.json	1447952400.0	53.4	550	2230
snapshot_11_19_2015_6_0.json	1447930800.0	53.4	550	2230
snapshot_11_20_2015_0_0.json	1447995600.0	43.45	550	2204
snapshot_11_20_2015_12_0.json	1448038800.0	52.23	550	2161
snapshot_11_21_2015_12_0.json	1448125200.0	38.77	550	2345
snapshot_11_21_2015_18_0.json	1448146800.0	37.6	550	2340
snapshot_11_22_2015_0_0.json	1448168400.0	36.2	550	2681
snapshot_11_22_2015_12_0.json	1448211600.0	23.56	550	2769
snapshot_11_23_2015_0_0.json	1448254800.0	20.05	249	2814
snapshot_11_23_2015_12_0.json	1448298000.0	14.2	249	2876
snapshot_11_23_2015_18_0.json	1448319600.0	13.03	249	2803
snapshot_11_23_2015_6_0.json	1448276400.0	13.03	249	2886
snapshot_11_24_2015_0_0.json	1448341200.0	14.14	249	2681
snapshot_11_24_2015_12_0.json	1448384400.0	9.52	199	2700
snapshot_11_24_2015_18_0.json	1448406000.0	9.52	198	2714
snapshot_11_25_2015_0_0.json	1448427600.0	9.52	975	2562
snapshot_11_25_2015_12_0.json	1448470800.0	9.52	975	2457
snapshot_11_25_2015_18_0.json	1448492400.0	9.52	222.22	2318
snapshot_11_25_2015_6_0.json	1448449200.0	9.52	975	2473
snapshot_11_26_2015_0_0.json	1448514000.0	9.52	222.22	1950
snapshot_11_27_2015_18_0.json	1448665200.0	14.2	10	2
snapshot_11_28_2015_0_0.json	1448686800.0	0	0	0
snapshot_11_28_2015_12_0.json	1448730000.0	0	0	0
snapshot_11_28_2015_18_0.json	1448751600.0	0	0	0
snapshot_11_28_2015_6_0.json	1448708400.0	0	0	0
snapshot_11_29_2015_0_0.json	1448773200.0	0	0	0
snapshot_11_29_2015_12_0.json	1448816400.0	0	0	0
snapshot_11_29_2015_18_0.json	1448838000.0	0	0	0
snapshot_11_29_2015_6_0.json	1448794800.0	0	0	0
snapshot_11_30_2015_0_0.json	1448859600.0	0	0	0
snapshot_11_30_2015_12_0.json	1448902800.0	0	0	0
snapshot_11_30_2015_6_0.json	1448881200.0	0	0	0
snapshot_12_3_2015_12_0.json	1449162000.0	0	0	0
snapshot_12_3_2015_12_0.json	1449162000.0	0	0	0
snapshot_12_3_2015_6_0.json	1449140400.0	0	0	0
snapshot_12_4_2015_0_0.json	1449205200.0	0	0	0
snapshot_12_4_2015_12_0.json	1449248400.0	0	0	0
snapshot_12_4_2015_6_0.json	1449226800.0	0	0	0
snapshot_12_5_2015_0_0.json	1449291600.0	0	0	0
snapshot_12_5_2015_12_0.json	1449334800.0	0	0	0
9248176	2015-11-27T19:00:00Z	Houston Cougars	TDECU Stadium	Texas Houston|694	77004
snapshot_11_16_2015_0_0.json	1447650000.0	55.15	447.5	1207
snapshot_11_17_2015_0_0.json	1447736400.0	52.81	477	1432
snapshot_11_17_2015_12_0.json	1447779600.0	52.81	477	1490
snapshot_11_17_2015_18_0.json	1447801200.0	56.32	550	1431
snapshot_11_17_2015_6_0.json	1447758000.0	52.81	477	1473
snapshot_11_17_2015_6_0.json	1447758000.0	52.81	477	1473
snapshot_11_18_2015_0_0.json	1447822800.0	56.32	550	1499
snapshot_11_18_2015_12_0.json	1447866000.0	56.32	550	1466
snapshot_11_18_2015_18_0.json	1447887600.0	51.64	550	1776
snapshot_11_18_2015_6_0.json	1447844400.0	56.32	550	1470
snapshot_11_18_2015_6_0.json	1447844400.0	56.32	550	1470
snapshot_11_19_2015_0_0.json	1447909200.0	51.64	550	2312
snapshot_11_19_2015_12_0.json	1447952400.0	53.4	550	2230
snapshot_11_19_2015_6_0.json	1447930800.0	53.4	550	2230
snapshot_11_20_2015_0_0.json	1447995600.0	43.45	550	2204
snapshot_11_20_2015_12_0.json	1448038800.0	52.23	550	2161
snapshot_11_21_2015_12_0.json	1448125200.0	38.77	550	2345
snapshot_11_21_2015_18_0.json	1448146800.0	37.6	550	2340
snapshot_11_22_2015_0_0.json	1448168400.0	36.2	550	2681
snapshot_11_22_2015_12_0.json	1448211600.0	23.56	550	2769
snapshot_11_23_2015_0_0.json	1448254800.0	20.05	249	2814
snapshot_11_23_2015_12_0.json	1448298000.0	14.2	249	2876
snapshot_11_23_2015_18_0.json	1448319600.0	13.03	249	2803
snapshot_11_23_2015_6_0.json	1448276400.0	13.03	249	2886
snapshot_11_24_2015_0_0.json	1448341200.0	14.14	249	2681
snapshot_11_24_2015_12_0.json	1448384400.0	9.52	199	2700
snapshot_11_24_2015_18_0.json	1448406000.0	9.52	198	2714
snapshot_11_25_2015_0_0.json	1448427600.0	9.52	975	2562
snapshot_11_25_2015_12_0.json	1448470800.0	9.52	975	2457
snapshot_11_25_2015_18_0.json	1448492400.0	9.52	222.22	2318
snapshot_11_25_2015_6_0.json	1448449200.0	9.52	975	2473
snapshot_11_26_2015_0_0.json	1448514000.0	9.52	222.22	1950
snapshot_11_27_2015_18_0.json	1448665200.0	14.2	10	2
snapshot_11_28_2015_0_0.json	1448686800.0	0	0	0
snapshot_11_28_2015_12_0.json	1448730000.0	0	0	0
snapshot_11_28_2015_18_0.json	1448751600.0	0	0	0
snapshot_11_28_2015_6_0.json	1448708400.0	0	0	0
snapshot_11_29_2015_0_0.json	1448773200.0	0	0	0
snapshot_11_29_2015_12_0.json	1448816400.0	0	0	0
snapshot_11_29_2015_18_0.json	1448838000.0	0	0	0
snapshot_11_29_2015_6_0.json	1448794800.0	0	0	0
snapshot_11_30_2015_0_0.json	1448859600.0	0	0	0
snapshot_11_30_2015_12_0.json	1448902800.0	0	0	0
snapshot_11_30_2015_6_0.json	1448881200.0	0	0	0
snapshot_12_3_2015_12_0.json	1449162000.0	0	0	0
snapshot_12_3_2015_12_0.json	1449162000.0	0	0	0
snapshot_12_3_2015_6_0.json	1449140400.0	0	0	0
snapshot_12_4_2015_0_0.json	1449205200.0	0	0	0
snapshot_12_4_2015_12_0.json	1449248400.0	0	0	0
snapshot_12_4_2015_6_0.json	1449226800.0	0	0	0
snapshot_12_5_2015_0_0.json	1449291600.0	0	0	0
snapshot_12_5_2015_12_0.json	1449334800.0	0	0	0
9248176	2015-11-27T19:00:00Z	Houston Cougars	TDECU Stadium	Texas Houston|694	77004
snapshot_11_16_2015_0_0.json	1447650000.0	55.15	447.5	1207
snapshot_11_17_2015_0_0.json	1447736400.0	52.81	477	1432
snapshot_11_17_2015_12_0.json	1447779600.0	52.81	477	1490
snapshot_11_17_2015_18_0.json	1447801200.0	56.32	550	1431
snapshot_11_17_2015_6_0.json	1447758000.0	52.81	477	1473
snapshot_11_17_2015_6_0.json	1447758000.0	52.81	477	1473
snapshot_11_18_2015_0_0.json	1447822800.0	56.32	550	1499
snapshot_11_18_2015_12_0.json	1447866000.0	56.32	550	1466
snapshot_11_18_2015_18_0.json	1447887600.0	51.64	550	1776
snapshot_11_18_2015_6_0.json	1447844400.0	56.32	550	1470
snapshot_11_18_2015_6_0.json	1447844400.0	56.32	550	1470
snapshot_11_19_2015_0_0.json	1447909200.0	51.64	550	2312
snapshot_11_19_2015_12_0.json	1447952400.0	53.4	550	2230
snapshot_11_19_2015_6_0.json	1447930800.0	53.4	550	2230
snapshot_11_20_2015_0_0.json	1447995600.0	43.45	550	2204
snapshot_11_20_2015_12_0.json	1448038800.0	52.23	550	2161
snapshot_11_21_2015_12_0.json	1448125200.0	38.77	550	2345
snapshot_11_21_2015_18_0.json	1448146800.0	37.6	550	2340
snapshot_11_22_2015_0_0.json	1448168400.0	36.2	550	2681
snapshot_11_22_2015_12_0.json	1448211600.0	23.56	550	2769
snapshot_11_23_2015_0_0.json	1448254800.0	20.05	249	2814
snapshot_11_23_2015_12_0.json	1448298000.0	14.2	249	2876
snapshot_11_23_2015_18_0.json	1448319600.0	13.03	249	2803
snapshot_11_23_2015_6_0.json	1448276400.0	13.03	249	2886
snapshot_11_24_2015_0_0.json	1448341200.0	14.14	249	2681
snapshot_11_24_2015_12_0.json	1448384400.0	9.52	199	2700
snapshot_11_24_2015_18_0.json	1448406000.0	9.52	198	2714
snapshot_11_25_2015_0_0.json	1448427600.0	9.52	975	2562
snapshot_11_25_2015_12_0.json	1448470800.0	9.52	975	2457
snapshot_11_25_2015_18_0.json	1448492400.0	9.52	222.22	2318
snapshot_11_25_2015_6_0.json	1448449200.0	9.52	975	2473
snapshot_11_26_2015_0_0.json	1448514000.0	9.52	222.22	1950
snapshot_11_27_2015_18_0.json	1448665200.0	14.2	10	2
snapshot_11_28_2015_0_0.json	1448686800.0	0	0	0
snapshot_11_28_2015_12_0.json	1448730000.0	0	0	0
snapshot_11_28_2015_18_0.json	1448751600.0	0	0	0
snapshot_11_28_2015_6_0.json	1448708400.0	0	0	0
snapshot_11_29_2015_0_0.json	1448773200.0	0	0	0
snapshot_11_29_2015_12_0.json	1448816400.0	0	0	0
snapshot_11_29_2015_18_0.json	1448838000.0	0	0	0
snapshot_11_29_2015_6_0.json	1448794800.0	0	0	0
snapshot_11_30_2015_0_0.json	1448859600.0	0	0	0
snapshot_11_30_2015_12_0.json	1448902800.0	0	0	0
snapshot_11_30_2015_6_0.json	1448881200.0	0	0	0
snapshot_12_3_2015_12_0.json	1449162000.0	0	0	0
snapshot_12_3_2015_12_0.json	1449162000.0	0	0	0
snapshot_12_3_2015_6_0.json	1449140400.0	0	0	0
snapshot_12_4_2015_0_0.json	1449205200.0	0	0	0
snapshot_12_4_2015_12_0.json	1449248400.0	0	0	0
snapshot_12_4_2015_6_0.json	1449226800.0	0	0	0
snapshot_12_5_2015_0_0.json	1449291600.0	0	0	0
snapshot_12_5_2015_12_0.json	1449334800.0	0	0	0
