9248131	2015-11-27T00:30:00Z	UCF Knights	Bright House Networks Stadium	Florida Orlando|663	32816
snapshot_11_16_2015_0_0.json	1447650000.0	11.1	300	911
snapshot_11_17_2015_0_0.json	1447736400.0	11.1	300	905
snapshot_11_17_2015_12_0.json	1447779600.0	11.1	300	892
snapshot_11_17_2015_18_0.json	1447801200.0	11.1	300	887
snapshot_11_18_2015_0_0.json	1447822800.0	9.52	300	862
snapshot_11_18_2015_12_0.json	1447866000.0	9.52	300	815
snapshot_11_18_2015_18_0.json	1447887600.0	9.52	300	798
snapshot_11_18_2015_6_0.json	1447844400.0	9.52	300	825
snapshot_11_19_2015_12_0.json	1447952400.0	9.52	200	746
snapshot_11_19_2015_6_0.json	1447930800.0	9.52	200	746
snapshot_11_20_2015_0_0.json	1447995600.0	9.52	200	678
snapshot_11_20_2015_12_0.json	1448038800.0	9.52	200	654
snapshot_11_21_2015_12_0.json	1448125200.0	9.52	200	573
snapshot_11_21_2015_18_0.json	1448146800.0	9.52	200	529
snapshot_11_22_2015_0_0.json	1448168400.0	9.52	200	517
snapshot_11_22_2015_12_0.json	1448211600.0	9.52	200	483
snapshot_11_23_2015_0_0.json	1448254800.0	9.52	200	443
snapshot_11_23_2015_12_0.json	1448298000.0	9.52	200	400
snapshot_11_23_2015_18_0.json	1448319600.0	9.52	200	371
snapshot_11_23_2015_6_0.json	1448276400.0	9.52	200	402
snapshot_11_23_2015_6_0.json	1448276400.0	9.52	200	402
snapshot_11_24_2015_0_0.json	1448341200.0	14.2	185	286
snapshot_11_24_2015_12_0.json	1448384400.0	24.73	185	245
snapshot_11_24_2015_18_0.json	1448406000.0	20.05	185	227
snapshot_11_25_2015_0_0.json	1448427600.0	27.07	185	190
snapshot_11_25_2015_12_0.json	1448470800.0	31.75	185	155
snapshot_11_25_2015_18_0.json	1448492400.0	27.07	185	134
snapshot_11_25_2015_6_0.json	1448449200.0	31.75	185	149
snapshot_11_26_2015_0_0.json	1448514000.0	29.13	185	111
snapshot_11_27_2015_18_0.json	1448665200.0	0	0	0
snapshot_11_28_2015_0_0.json	1448686800.0	0	0	0
snapshot_11_28_2015_0_0.json	1448686800.0	0	0	0
snapshot_11_28_2015_6_0.json	1448708400.0	0	0	0
snapshot_12_3_2015_0_0.json	1449118800.0	0	0	0
snapshot_12_3_2015_12_0.json	1449162000.0	0	0	0
snapshot_12_3_2015_6_0.json	1449140400.0	0	0	0
9248131	2015-11-27T00:30:00Z	UCF Knights	Bright House Networks Stadium	Florida Orlando|663	32816
snapshot_11_16_2015_0_0.json	1447650000.0	11.1	300	911
snapshot_11_17_2015_0_0.json	1447736400.0	11.1	300	905
snapshot_11_17_2015_12_0.json	1447779600.0	11.1	300	892
snapshot_11_17_2015_18_0.json	1447801200.0	11.1	300	887
snapshot_11_18_2015_0_0.json	1447822800.0	9.52	300	862
snapshot_11_18_2015_12_0.json	1447866000.0	9.52	300	815
snapshot_11_18_2015_18_0.json	1447887600.0	9.52	300	798
snapshot_11_18_2015_6_0.json	1447844400.0	9.52	300	825
snapshot_11_19_2015_12_0.json	1447952400.0	9.52	200	746
snapshot_11_19_2015_6_0.json	1447930800.0	9.52	200	746
snapshot_11_20_2015_0_0.json	1447995600.0	9.52	200	678
snapshot_11_20_2015_12_0.json	1448038800.0	9.52	200	654
snapshot_11_21_2015_12_0.json	1448125200.0	9.52	200	573
snapshot_11_21_2015_18_0.json	1448146800.0	9.52	200	529
snapshot_11_22_2015_0_0.json	1448168400.0	9.52	200	517
snapshot_11_22_2015_12_0.json	1448211600.0	9.52	200	483
snapshot_11_23_2015_0_0.json	1448254800.0	9.52	200	443
snapshot_11_23_2015_12_0.json	1448298000.0	9.52	200	400
snapshot_11_23_2015_18_0.json	1448319600.0	9.52	200	371
snapshot_11_23_2015_6_0.json	1448276400.0	9.52	200	402
snapshot_11_23_2015_6_0.json	1448276400.0	9.52	200	402
snapshot_11_24_2015_0_0.json	1448341200.0	14.2	185	286
snapshot_11_24_2015_12_0.json	1448384400.0	24.73	185	245
snapshot_11_24_2015_18_0.json	1448406000.0	20.05	185	227
snapshot_11_25_2015_0_0.json	1448427600.0	27.07	185	190
snapshot_11_25_2015_12_0.json	1448470800.0	31.75	185	155
snapshot_11_25_2015_18_0.json	1448492400.0	27.07	185	134
snapshot_11_25_2015_6_0.json	1448449200.0	31.75	185	149
snapshot_11_26_2015_0_0.json	1448514000.0	29.13	185	111
snapshot_11_27_2015_18_0.json	1448665200.0	0	0	0
snapshot_11_28_2015_0_0.json	1448686800.0	0	0	0
snapshot_11_28_2015_0_0.json	1448686800.0	0	0	0
snapshot_11_28_2015_6_0.json	1448708400.0	0	0	0
snapshot_12_3_2015_0_0.json	1449118800.0	0	0	0
snapshot_12_3_2015_12_0.json	1449162000.0	0	0	0
snapshot_12_3_2015_6_0.json	1449140400.0	0	0	0
9248131	2015-11-27T00:30:00Z	UCF Knights	Bright House Networks Stadium	Florida Orlando|663	32816
snapshot_11_16_2015_0_0.json	1447650000.0	11.1	300	911
snapshot_11_17_2015_0_0.json	1447736400.0	11.1	300	905
snapshot_11_17_2015_12_0.json	1447779600.0	11.1	300	892
snapshot_11_17_2015_18_0.json	1447801200.0	11.1	300	887
snapshot_11_18_2015_0_0.json	1447822800.0	9.52	300	862
snapshot_11_18_2015_12_0.json	1447866000.0	9.52	300	815
snapshot_11_18_2015_18_0.json	1447887600.0	9.52	300	798
snapshot_11_18_2015_6_0.json	1447844400.0	9.52	300	825
snapshot_11_19_2015_12_0.json	1447952400.0	9.52	200	746
snapshot_11_19_2015_6_0.json	1447930800.0	9.52	200	746
snapshot_11_20_2015_0_0.json	1447995600.0	9.52	200	678
snapshot_11_20_2015_12_0.json	1448038800.0	9.52	200	654
snapshot_11_21_2015_12_0.json	1448125200.0	9.52	200	573
snapshot_11_21_2015_18_0.json	1448146800.0	9.52	200	529
snapshot_11_22_2015_0_0.json	1448168400.0	9.52	200	517
snapshot_11_22_2015_12_0.json	1448211600.0	9.52	200	483
snapshot_11_23_2015_0_0.json	1448254800.0	9.52	200	443
snapshot_11_23_2015_12_0.json	1448298000.0	9.52	200	400
snapshot_11_23_2015_18_0.json	1448319600.0	9.52	200	371
snapshot_11_23_2015_6_0.json	1448276400.0	9.52	200	402
snapshot_11_23_2015_6_0.json	1448276400.0	9.52	200	402
snapshot_11_24_2015_0_0.json	1448341200.0	14.2	185	286
snapshot_11_24_2015_12_0.json	1448384400.0	24.73	185	245
snapshot_11_24_2015_18_0.json	1448406000.0	20.05	185	227
snapshot_11_25_2015_0_0.json	1448427600.0	27.07	185	190
snapshot_11_25_2015_12_0.json	1448470800.0	31.75	185	155
snapshot_11_25_2015_18_0.json	1448492400.0	27.07	185	134
snapshot_11_25_2015_6_0.json	1448449200.0	31.75	185	149
snapshot_11_26_2015_0_0.json	1448514000.0	29.13	185	111
snapshot_11_27_2015_18_0.json	1448665200.0	0	0	0
snapshot_11_28_2015_0_0.json	1448686800.0	0	0	0
snapshot_11_28_2015_0_0.json	1448686800.0	0	0	0
snapshot_11_28_2015_6_0.json	1448708400.0	0	0	0
snapshot_12_3_2015_0_0.json	1449118800.0	0	0	0
snapshot_12_3_2015_12_0.json	1449162000.0	0	0	0
snapshot_12_3_2015_6_0.json	1449140400.0	0	0	0
9248131	2015-11-27T00:30:00Z	UCF Knights	Bright House Networks Stadium	Florida Orlando|663	32816
snapshot_11_16_2015_0_0.json	1447650000.0	11.1	300	911
snapshot_11_17_2015_0_0.json	1447736400.0	11.1	300	905
snapshot_11_17_2015_12_0.json	1447779600.0	11.1	300	892
snapshot_11_17_2015_18_0.json	1447801200.0	11.1	300	887
snapshot_11_18_2015_0_0.json	1447822800.0	9.52	300	862
snapshot_11_18_2015_12_0.json	1447866000.0	9.52	300	815
snapshot_11_18_2015_18_0.json	1447887600.0	9.52	300	798
snapshot_11_18_2015_6_0.json	1447844400.0	9.52	300	825
snapshot_11_19_2015_12_0.json	1447952400.0	9.52	200	746
snapshot_11_19_2015_6_0.json	1447930800.0	9.52	200	746
snapshot_11_20_2015_0_0.json	1447995600.0	9.52	200	678
snapshot_11_20_2015_12_0.json	1448038800.0	9.52	200	654
snapshot_11_21_2015_12_0.json	1448125200.0	9.52	200	573
snapshot_11_21_2015_18_0.json	1448146800.0	9.52	200	529
snapshot_11_22_2015_0_0.json	1448168400.0	9.52	200	517
snapshot_11_22_2015_12_0.json	1448211600.0	9.52	200	483
snapshot_11_23_2015_0_0.json	1448254800.0	9.52	200	443
snapshot_11_23_2015_12_0.json	1448298000.0	9.52	200	400
snapshot_11_23_2015_18_0.json	1448319600.0	9.52	200	371
snapshot_11_23_2015_6_0.json	1448276400.0	9.52	200	402
snapshot_11_23_2015_6_0.json	1448276400.0	9.52	200	402
snapshot_11_24_2015_0_0.json	1448341200.0	14.2	185	286
snapshot_11_24_2015_12_0.json	1448384400.0	24.73	185	245
snapshot_11_24_2015_18_0.json	1448406000.0	20.05	185	227
snapshot_11_25_2015_0_0.json	1448427600.0	27.07	185	190
snapshot_11_25_2015_12_0.json	1448470800.0	31.75	185	155
snapshot_11_25_2015_18_0.json	1448492400.0	27.07	185	134
snapshot_11_25_2015_6_0.json	1448449200.0	31.75	185	149
snapshot_11_26_2015_0_0.json	1448514000.0	29.13	185	111
snapshot_11_27_2015_18_0.json	1448665200.0	0	0	0
snapshot_11_28_2015_0_0.json	1448686800.0	0	0	0
snapshot_11_28_2015_0_0.json	1448686800.0	0	0	0
snapshot_11_28_2015_6_0.json	1448708400.0	0	0	0
snapshot_12_3_2015_0_0.json	1449118800.0	0	0	0
snapshot_12_3_2015_12_0.json	1449162000.0	0	0	0
snapshot_12_3_2015_6_0.json	1449140400.0	0	0	0
