9248196	2015-11-22T01:00:00Z	SMU Mustangs	Gerald Ford Stadium 	Texas Dallas|672	75275
snapshot_11_16_2015_0_0.json	1447650000.0	9.52	125	1012
snapshot_11_17_2015_0_0.json	1447736400.0	9.52	125	1005
snapshot_11_17_2015_12_0.json	1447779600.0	9.52	125	1001
snapshot_11_17_2015_18_0.json	1447801200.0	9.52	125	997
snapshot_11_18_2015_0_0.json	1447822800.0	9.52	88.77	959
snapshot_11_18_2015_12_0.json	1447866000.0	9.52	88.77	953
snapshot_11_18_2015_18_0.json	1447887600.0	9.52	88.77	948
snapshot_11_18_2015_6_0.json	1447844400.0	9.52	88.77	951
snapshot_11_19_2015_0_0.json	1447909200.0	9.52	88.77	891
snapshot_11_19_2015_12_0.json	1447952400.0	9.52	88.77	882
snapshot_11_19_2015_6_0.json	1447930800.0	9.52	88.77	882
snapshot_11_19_2015_6_0.json	1447930800.0	9.52	88.77	882
snapshot_11_20_2015_0_0.json	1447995600.0	9.52	65	806
snapshot_11_20_2015_12_0.json	1448038800.0	9.52	46	758
snapshot_11_21_2015_12_0.json	1448125200.0	9.52	49	716
snapshot_11_21_2015_18_0.json	1448146800.0	9.52	39	674
snapshot_11_22_2015_0_0.json	1448168400.0	9.52	3000	583
snapshot_11_22_2015_12_0.json	1448211600.0	0	0	0
snapshot_11_22_2015_18_0.json	1448233200.0	0	0	0
snapshot_11_22_2015_6_0.json	1448190000.0	0	0	0
snapshot_11_23_2015_0_0.json	1448254800.0	0	0	0
snapshot_11_23_2015_12_0.json	1448298000.0	0	0	0
snapshot_11_23_2015_18_0.json	1448319600.0	0	0	0
snapshot_11_23_2015_6_0.json	1448276400.0	0	0	0
snapshot_11_24_2015_0_0.json	1448341200.0	0	0	0
snapshot_11_24_2015_12_0.json	1448384400.0	0	0	0
snapshot_11_24_2015_6_0.json	1448362800.0	0	0	0
9248196	2015-11-22T01:00:00Z	SMU Mustangs	Gerald Ford Stadium 	Texas Dallas|672	75275
snapshot_11_16_2015_0_0.json	1447650000.0	9.52	125	1012
snapshot_11_17_2015_0_0.json	1447736400.0	9.52	125	1005
snapshot_11_17_2015_12_0.json	1447779600.0	9.52	125	1001
snapshot_11_17_2015_18_0.json	1447801200.0	9.52	125	997
snapshot_11_18_2015_0_0.json	1447822800.0	9.52	88.77	959
snapshot_11_18_2015_12_0.json	1447866000.0	9.52	88.77	953
snapshot_11_18_2015_18_0.json	1447887600.0	9.52	88.77	948
snapshot_11_18_2015_6_0.json	1447844400.0	9.52	88.77	951
snapshot_11_19_2015_0_0.json	1447909200.0	9.52	88.77	891
snapshot_11_19_2015_12_0.json	1447952400.0	9.52	88.77	882
snapshot_11_19_2015_6_0.json	1447930800.0	9.52	88.77	882
snapshot_11_19_2015_6_0.json	1447930800.0	9.52	88.77	882
snapshot_11_20_2015_0_0.json	1447995600.0	9.52	65	806
snapshot_11_20_2015_12_0.json	1448038800.0	9.52	46	758
snapshot_11_21_2015_12_0.json	1448125200.0	9.52	49	716
snapshot_11_21_2015_18_0.json	1448146800.0	9.52	39	674
snapshot_11_22_2015_0_0.json	1448168400.0	9.52	3000	583
snapshot_11_22_2015_12_0.json	1448211600.0	0	0	0
snapshot_11_22_2015_18_0.json	1448233200.0	0	0	0
snapshot_11_22_2015_6_0.json	1448190000.0	0	0	0
snapshot_11_23_2015_0_0.json	1448254800.0	0	0	0
snapshot_11_23_2015_12_0.json	1448298000.0	0	0	0
snapshot_11_23_2015_18_0.json	1448319600.0	0	0	0
snapshot_11_23_2015_6_0.json	1448276400.0	0	0	0
snapshot_11_24_2015_0_0.json	1448341200.0	0	0	0
snapshot_11_24_2015_12_0.json	1448384400.0	0	0	0
snapshot_11_24_2015_6_0.json	1448362800.0	0	0	0
9248196	2015-11-22T01:00:00Z	SMU Mustangs	Gerald Ford Stadium 	Texas Dallas|672	75275
snapshot_11_16_2015_0_0.json	1447650000.0	9.52	125	1012
snapshot_11_17_2015_0_0.json	1447736400.0	9.52	125	1005
snapshot_11_17_2015_12_0.json	1447779600.0	9.52	125	1001
snapshot_11_17_2015_18_0.json	1447801200.0	9.52	125	997
snapshot_11_18_2015_0_0.json	1447822800.0	9.52	88.77	959
snapshot_11_18_2015_12_0.json	1447866000.0	9.52	88.77	953
snapshot_11_18_2015_18_0.json	1447887600.0	9.52	88.77	948
snapshot_11_18_2015_6_0.json	1447844400.0	9.52	88.77	951
snapshot_11_19_2015_0_0.json	1447909200.0	9.52	88.77	891
snapshot_11_19_2015_12_0.json	1447952400.0	9.52	88.77	882
snapshot_11_19_2015_6_0.json	1447930800.0	9.52	88.77	882
snapshot_11_19_2015_6_0.json	1447930800.0	9.52	88.77	882
snapshot_11_20_2015_0_0.json	1447995600.0	9.52	65	806
snapshot_11_20_2015_12_0.json	1448038800.0	9.52	46	758
snapshot_11_21_2015_12_0.json	1448125200.0	9.52	49	716
snapshot_11_21_2015_18_0.json	1448146800.0	9.52	39	674
snapshot_11_22_2015_0_0.json	1448168400.0	9.52	3000	583
snapshot_11_22_2015_12_0.json	1448211600.0	0	0	0
snapshot_11_22_2015_18_0.json	1448233200.0	0	0	0
snapshot_11_22_2015_6_0.json	1448190000.0	0	0	0
snapshot_11_23_2015_0_0.json	1448254800.0	0	0	0
snapshot_11_23_2015_12_0.json	1448298000.0	0	0	0
snapshot_11_23_2015_18_0.json	1448319600.0	0	0	0
snapshot_11_23_2015_6_0.json	1448276400.0	0	0	0
snapshot_11_24_2015_0_0.json	1448341200.0	0	0	0
snapshot_11_24_2015_12_0.json	1448384400.0	0	0	0
snapshot_11_24_2015_6_0.json	1448362800.0	0	0	0
9248196	2015-11-22T01:00:00Z	SMU Mustangs	Gerald Ford Stadium 	Texas Dallas|672	75275
snapshot_11_16_2015_0_0.json	1447650000.0	9.52	125	1012
snapshot_11_17_2015_0_0.json	1447736400.0	9.52	125	1005
snapshot_11_17_2015_12_0.json	1447779600.0	9.52	125	1001
snapshot_11_17_2015_18_0.json	1447801200.0	9.52	125	997
snapshot_11_18_2015_0_0.json	1447822800.0	9.52	88.77	959
snapshot_11_18_2015_12_0.json	1447866000.0	9.52	88.77	953
snapshot_11_18_2015_18_0.json	1447887600.0	9.52	88.77	948
snapshot_11_18_2015_6_0.json	1447844400.0	9.52	88.77	951
snapshot_11_19_2015_0_0.json	1447909200.0	9.52	88.77	891
snapshot_11_19_2015_12_0.json	1447952400.0	9.52	88.77	882
snapshot_11_19_2015_6_0.json	1447930800.0	9.52	88.77	882
snapshot_11_19_2015_6_0.json	1447930800.0	9.52	88.77	882
snapshot_11_20_2015_0_0.json	1447995600.0	9.52	65	806
snapshot_11_20_2015_12_0.json	1448038800.0	9.52	46	758
snapshot_11_21_2015_12_0.json	1448125200.0	9.52	49	716
snapshot_11_21_2015_18_0.json	1448146800.0	9.52	39	674
snapshot_11_22_2015_0_0.json	1448168400.0	9.52	3000	583
snapshot_11_22_2015_12_0.json	1448211600.0	0	0	0
snapshot_11_22_2015_18_0.json	1448233200.0	0	0	0
snapshot_11_22_2015_6_0.json	1448190000.0	0	0	0
snapshot_11_23_2015_0_0.json	1448254800.0	0	0	0
snapshot_11_23_2015_12_0.json	1448298000.0	0	0	0
snapshot_11_23_2015_18_0.json	1448319600.0	0	0	0
snapshot_11_23_2015_6_0.json	1448276400.0	0	0	0
snapshot_11_24_2015_0_0.json	1448341200.0	0	0	0
snapshot_11_24_2015_12_0.json	1448384400.0	0	0	0
snapshot_11_24_2015_6_0.json	1448362800.0	0	0	0
