9248223	2015-11-28T18:00:00Z	Temple Owls	Lincoln Financial Field	Pennsylvania Philadelphia|522	19148
snapshot_11_16_2015_0_0.json	1447650000.0	14.2	150	1457
snapshot_11_16_2015_0_0.json	1447650000.0	14.2	150	1453
snapshot_11_17_2015_0_0.json	1447736400.0	14.2	150	1439
snapshot_11_17_2015_0_0.json	1447736400.0	14.2	150	1439
snapshot_11_17_2015_12_0.json	1447779600.0	15.78	150	1432
snapshot_11_18_2015_0_0.json	1447822800.0	15.78	279.99	1439
snapshot_11_18_2015_12_0.json	1447866000.0	15.78	279.99	1433
snapshot_11_18_2015_18_0.json	1447887600.0	11.28	279.99	1427
snapshot_11_18_2015_6_0.json	1447844400.0	15.78	279.99	1433
snapshot_11_19_2015_0_0.json	1447909200.0	11.28	199.99	1426
snapshot_11_19_2015_6_0.json	1447930800.0	11.28	199.99	1423
snapshot_11_20_2015_0_0.json	1447995600.0	11.28	150	1420
snapshot_11_21_2015_12_0.json	1448125200.0	11.28	250	1378
snapshot_11_21_2015_18_0.json	1448146800.0	11.28	999	1358
snapshot_11_21_2015_18_0.json	1448146800.0	11.28	999	1358
snapshot_11_22_2015_0_0.json	1448168400.0	14.61	500	1287
snapshot_11_22_2015_12_0.json	1448211600.0	16.54	500	1256
snapshot_11_22_2015_18_0.json	1448233200.0	15.44	500	1217
snapshot_11_22_2015_6_0.json	1448190000.0	16.54	500	1260
snapshot_11_23_2015_0_0.json	1448254800.0	15.44	500	1158
snapshot_11_23_2015_18_0.json	1448319600.0	16.95	500	1134
snapshot_11_23_2015_6_0.json	1448276400.0	15.44	500	1149
snapshot_11_24_2015_0_0.json	1448341200.0	17.71	500	994
snapshot_11_24_2015_12_0.json	1448384400.0	17.79	500	949
snapshot_11_24_2015_12_0.json	1448384400.0	17.79	500	949
snapshot_11_24_2015_18_0.json	1448406000.0	17.71	500	933
snapshot_11_24_2015_6_0.json	1448362800.0	17.79	500	949
snapshot_11_25_2015_0_0.json	1448427600.0	20.52	500	856
snapshot_11_25_2015_12_0.json	1448470800.0	18.88	500	813
snapshot_11_25_2015_18_0.json	1448492400.0	17.71	500	779
snapshot_11_25_2015_6_0.json	1448449200.0	18.88	500	821
snapshot_11_26_2015_0_0.json	1448514000.0	21.21	500	695
snapshot_11_27_2015_18_0.json	1448665200.0	22.39	500	362
snapshot_11_28_2015_0_0.json	1448686800.0	34.09	500	232
snapshot_11_28_2015_12_0.json	1448730000.0	35.26	500	167
snapshot_11_28_2015_18_0.json	1448751600.0	84.4	500	30
snapshot_11_28_2015_6_0.json	1448708400.0	35.26	500	171
snapshot_11_29_2015_0_0.json	1448773200.0	0	0	0
snapshot_11_29_2015_12_0.json	1448816400.0	0	0	0
snapshot_11_29_2015_18_0.json	1448838000.0	0	0	0
snapshot_11_30_2015_0_0.json	1448859600.0	0	0	0
snapshot_11_30_2015_12_0.json	1448902800.0	0	0	0
snapshot_12_1_2015_12_0.json	1448989200.0	0	0	0
snapshot_12_1_2015_12_0.json	1448989200.0	0	0	0
9248223	2015-11-28T18:00:00Z	Temple Owls	Lincoln Financial Field	Pennsylvania Philadelphia|522	19148
snapshot_11_16_2015_0_0.json	1447650000.0	14.2	150	1457
snapshot_11_16_2015_0_0.json	1447650000.0	14.2	150	1453
snapshot_11_17_2015_0_0.json	1447736400.0	14.2	150	1439
snapshot_11_17_2015_0_0.json	1447736400.0	14.2	150	1439
snapshot_11_17_2015_12_0.json	1447779600.0	15.78	150	1432
snapshot_11_18_2015_0_0.json	1447822800.0	15.78	279.99	1439
snapshot_11_18_2015_12_0.json	1447866000.0	15.78	279.99	1433
snapshot_11_18_2015_18_0.json	1447887600.0	11.28	279.99	1427
snapshot_11_18_2015_6_0.json	1447844400.0	15.78	279.99	1433
snapshot_11_19_2015_0_0.json	1447909200.0	11.28	199.99	1426
snapshot_11_19_2015_6_0.json	1447930800.0	11.28	199.99	1423
snapshot_11_20_2015_0_0.json	1447995600.0	11.28	150	1420
snapshot_11_21_2015_12_0.json	1448125200.0	11.28	250	1378
snapshot_11_21_2015_18_0.json	1448146800.0	11.28	999	1358
snapshot_11_21_2015_18_0.json	1448146800.0	11.28	999	1358
snapshot_11_22_2015_0_0.json	1448168400.0	14.61	500	1287
snapshot_11_22_2015_12_0.json	1448211600.0	16.54	500	1256
snapshot_11_22_2015_18_0.json	1448233200.0	15.44	500	1217
snapshot_11_22_2015_6_0.json	1448190000.0	16.54	500	1260
snapshot_11_23_2015_0_0.json	1448254800.0	15.44	500	1158
snapshot_11_23_2015_18_0.json	1448319600.0	16.95	500	1134
snapshot_11_23_2015_6_0.json	1448276400.0	15.44	500	1149
snapshot_11_24_2015_0_0.json	1448341200.0	17.71	500	994
snapshot_11_24_2015_12_0.json	1448384400.0	17.79	500	949
snapshot_11_24_2015_12_0.json	1448384400.0	17.79	500	949
snapshot_11_24_2015_18_0.json	1448406000.0	17.71	500	933
snapshot_11_24_2015_6_0.json	1448362800.0	17.79	500	949
snapshot_11_25_2015_0_0.json	1448427600.0	20.52	500	856
snapshot_11_25_2015_12_0.json	1448470800.0	18.88	500	813
snapshot_11_25_2015_18_0.json	1448492400.0	17.71	500	779
snapshot_11_25_2015_6_0.json	1448449200.0	18.88	500	821
snapshot_11_26_2015_0_0.json	1448514000.0	21.21	500	695
snapshot_11_27_2015_18_0.json	1448665200.0	22.39	500	362
snapshot_11_28_2015_0_0.json	1448686800.0	34.09	500	232
snapshot_11_28_2015_12_0.json	1448730000.0	35.26	500	167
snapshot_11_28_2015_18_0.json	1448751600.0	84.4	500	30
snapshot_11_28_2015_6_0.json	1448708400.0	35.26	500	171
snapshot_11_29_2015_0_0.json	1448773200.0	0	0	0
snapshot_11_29_2015_12_0.json	1448816400.0	0	0	0
snapshot_11_29_2015_18_0.json	1448838000.0	0	0	0
snapshot_11_30_2015_0_0.json	1448859600.0	0	0	0
snapshot_11_30_2015_12_0.json	1448902800.0	0	0	0
snapshot_12_1_2015_12_0.json	1448989200.0	0	0	0
snapshot_12_1_2015_12_0.json	1448989200.0	0	0	0
9248223	2015-11-28T18:00:00Z	Temple Owls	Lincoln Financial Field	Pennsylvania Philadelphia|522	19148
snapshot_11_16_2015_0_0.json	1447650000.0	14.2	150	1457
snapshot_11_16_2015_0_0.json	1447650000.0	14.2	150	1453
snapshot_11_17_2015_0_0.json	1447736400.0	14.2	150	1439
snapshot_11_17_2015_0_0.json	1447736400.0	14.2	150	1439
snapshot_11_17_2015_12_0.json	1447779600.0	15.78	150	1432
snapshot_11_18_2015_0_0.json	1447822800.0	15.78	279.99	1439
snapshot_11_18_2015_12_0.json	1447866000.0	15.78	279.99	1433
snapshot_11_18_2015_18_0.json	1447887600.0	11.28	279.99	1427
snapshot_11_18_2015_6_0.json	1447844400.0	15.78	279.99	1433
snapshot_11_19_2015_0_0.json	1447909200.0	11.28	199.99	1426
snapshot_11_19_2015_6_0.json	1447930800.0	11.28	199.99	1423
snapshot_11_20_2015_0_0.json	1447995600.0	11.28	150	1420
snapshot_11_21_2015_12_0.json	1448125200.0	11.28	250	1378
snapshot_11_21_2015_18_0.json	1448146800.0	11.28	999	1358
snapshot_11_21_2015_18_0.json	1448146800.0	11.28	999	1358
snapshot_11_22_2015_0_0.json	1448168400.0	14.61	500	1287
snapshot_11_22_2015_12_0.json	1448211600.0	16.54	500	1256
snapshot_11_22_2015_18_0.json	1448233200.0	15.44	500	1217
snapshot_11_22_2015_6_0.json	1448190000.0	16.54	500	1260
snapshot_11_23_2015_0_0.json	1448254800.0	15.44	500	1158
snapshot_11_23_2015_18_0.json	1448319600.0	16.95	500	1134
snapshot_11_23_2015_6_0.json	1448276400.0	15.44	500	1149
snapshot_11_24_2015_0_0.json	1448341200.0	17.71	500	994
snapshot_11_24_2015_12_0.json	1448384400.0	17.79	500	949
snapshot_11_24_2015_12_0.json	1448384400.0	17.79	500	949
snapshot_11_24_2015_18_0.json	1448406000.0	17.71	500	933
snapshot_11_24_2015_6_0.json	1448362800.0	17.79	500	949
snapshot_11_25_2015_0_0.json	1448427600.0	20.52	500	856
snapshot_11_25_2015_12_0.json	1448470800.0	18.88	500	813
snapshot_11_25_2015_18_0.json	1448492400.0	17.71	500	779
snapshot_11_25_2015_6_0.json	1448449200.0	18.88	500	821
snapshot_11_26_2015_0_0.json	1448514000.0	21.21	500	695
snapshot_11_27_2015_18_0.json	1448665200.0	22.39	500	362
snapshot_11_28_2015_0_0.json	1448686800.0	34.09	500	232
snapshot_11_28_2015_12_0.json	1448730000.0	35.26	500	167
snapshot_11_28_2015_18_0.json	1448751600.0	84.4	500	30
snapshot_11_28_2015_6_0.json	1448708400.0	35.26	500	171
snapshot_11_29_2015_0_0.json	1448773200.0	0	0	0
snapshot_11_29_2015_12_0.json	1448816400.0	0	0	0
snapshot_11_29_2015_18_0.json	1448838000.0	0	0	0
snapshot_11_30_2015_0_0.json	1448859600.0	0	0	0
snapshot_11_30_2015_12_0.json	1448902800.0	0	0	0
snapshot_12_1_2015_12_0.json	1448989200.0	0	0	0
snapshot_12_1_2015_12_0.json	1448989200.0	0	0	0
9248223	2015-11-28T18:00:00Z	Temple Owls	Lincoln Financial Field	Pennsylvania Philadelphia|522	19148
snapshot_11_16_2015_0_0.json	1447650000.0	14.2	150	1457
snapshot_11_16_2015_0_0.json	1447650000.0	14.2	150	1453
snapshot_11_17_2015_0_0.json	1447736400.0	14.2	150	1439
snapshot_11_17_2015_0_0.json	1447736400.0	14.2	150	1439
snapshot_11_17_2015_12_0.json	1447779600.0	15.78	150	1432
snapshot_11_18_2015_0_0.json	1447822800.0	15.78	279.99	1439
snapshot_11_18_2015_12_0.json	1447866000.0	15.78	279.99	1433
snapshot_11_18_2015_18_0.json	1447887600.0	11.28	279.99	1427
snapshot_11_18_2015_6_0.json	1447844400.0	15.78	279.99	1433
snapshot_11_19_2015_0_0.json	1447909200.0	11.28	199.99	1426
snapshot_11_19_2015_6_0.json	1447930800.0	11.28	199.99	1423
snapshot_11_20_2015_0_0.json	1447995600.0	11.28	150	1420
snapshot_11_21_2015_12_0.json	1448125200.0	11.28	250	1378
snapshot_11_21_2015_18_0.json	1448146800.0	11.28	999	1358
snapshot_11_21_2015_18_0.json	1448146800.0	11.28	999	1358
snapshot_11_22_2015_0_0.json	1448168400.0	14.61	500	1287
snapshot_11_22_2015_12_0.json	1448211600.0	16.54	500	1256
snapshot_11_22_2015_18_0.json	1448233200.0	15.44	500	1217
snapshot_11_22_2015_6_0.json	1448190000.0	16.54	500	1260
snapshot_11_23_2015_0_0.json	1448254800.0	15.44	500	1158
snapshot_11_23_2015_18_0.json	1448319600.0	16.95	500	1134
snapshot_11_23_2015_6_0.json	1448276400.0	15.44	500	1149
snapshot_11_24_2015_0_0.json	1448341200.0	17.71	500	994
snapshot_11_24_2015_12_0.json	1448384400.0	17.79	500	949
snapshot_11_24_2015_12_0.json	1448384400.0	17.79	500	949
snapshot_11_24_2015_18_0.json	1448406000.0	17.71	500	933
snapshot_11_24_2015_6_0.json	1448362800.0	17.79	500	949
snapshot_11_25_2015_0_0.json	1448427600.0	20.52	500	856
snapshot_11_25_2015_12_0.json	1448470800.0	18.88	500	813
snapshot_11_25_2015_18_0.json	1448492400.0	17.71	500	779
snapshot_11_25_2015_6_0.json	1448449200.0	18.88	500	821
snapshot_11_26_2015_0_0.json	1448514000.0	21.21	500	695
snapshot_11_27_2015_18_0.json	1448665200.0	22.39	500	362
snapshot_11_28_2015_0_0.json	1448686800.0	34.09	500	232
snapshot_11_28_2015_12_0.json	1448730000.0	35.26	500	167
snapshot_11_28_2015_18_0.json	1448751600.0	84.4	500	30
snapshot_11_28_2015_6_0.json	1448708400.0	35.26	500	171
snapshot_11_29_2015_0_0.json	1448773200.0	0	0	0
snapshot_11_29_2015_12_0.json	1448816400.0	0	0	0
snapshot_11_29_2015_18_0.json	1448838000.0	0	0	0
snapshot_11_30_2015_0_0.json	1448859600.0	0	0	0
snapshot_11_30_2015_12_0.json	1448902800.0	0	0	0
snapshot_12_1_2015_12_0.json	1448989200.0	0	0	0
snapshot_12_1_2015_12_0.json	1448989200.0	0	0	0
