9248220	2015-11-21T17:00:00Z	Temple Owls	Lincoln Financial Field	Pennsylvania Philadelphia|522	19148
snapshot_11_16_2015_0_0.json	1447650000.0	22.2	300	1402
snapshot_11_17_2015_0_0.json	1447736400.0	22.2	300	1373
snapshot_11_17_2015_12_0.json	1447779600.0	22.2	300	1303
snapshot_11_17_2015_18_0.json	1447801200.0	22.2	300	1292
snapshot_11_17_2015_6_0.json	1447758000.0	22.2	300	1309
snapshot_11_17_2015_6_0.json	1447758000.0	22.2	300	1309
snapshot_11_18_2015_0_0.json	1447822800.0	21.63	300	1247
snapshot_11_18_2015_12_0.json	1447866000.0	20.05	300	1207
snapshot_11_18_2015_18_0.json	1447887600.0	20.05	300	1222
snapshot_11_18_2015_6_0.json	1447844400.0	20.05	300	1211
snapshot_11_19_2015_0_0.json	1447909200.0	20.05	300	1066
snapshot_11_19_2015_12_0.json	1447952400.0	20.05	300	1037
snapshot_11_19_2015_6_0.json	1447930800.0	20.05	300	1042
snapshot_11_20_2015_0_0.json	1447995600.0	22.39	300	831
snapshot_11_20_2015_12_0.json	1448038800.0	18.88	300	832
snapshot_11_21_2015_12_0.json	1448125200.0	17.71	250	389
snapshot_11_21_2015_18_0.json	1448146800.0	0	0	0
snapshot_11_22_2015_0_0.json	1448168400.0	0	0	0
snapshot_11_22_2015_12_0.json	1448211600.0	0	0	0
snapshot_11_22_2015_18_0.json	1448233200.0	0	0	0
snapshot_11_22_2015_6_0.json	1448190000.0	0	0	0
snapshot_11_23_2015_0_0.json	1448254800.0	0	0	0
snapshot_11_23_2015_12_0.json	1448298000.0	0	0	0
snapshot_11_23_2015_18_0.json	1448319600.0	0	0	0
snapshot_11_23_2015_6_0.json	1448276400.0	0	0	0
snapshot_11_24_2015_0_0.json	1448341200.0	0	0	0
snapshot_11_24_2015_12_0.json	1448384400.0	0	0	0
snapshot_12_4_2015_0_0.json	1449205200.0	0	0	0
snapshot_12_4_2015_12_0.json	1449248400.0	0	0	0
snapshot_12_4_2015_6_0.json	1449226800.0	0	0	0
9248220	2015-11-21T17:00:00Z	Temple Owls	Lincoln Financial Field	Pennsylvania Philadelphia|522	19148
snapshot_11_16_2015_0_0.json	1447650000.0	22.2	300	1402
snapshot_11_17_2015_0_0.json	1447736400.0	22.2	300	1373
snapshot_11_17_2015_12_0.json	1447779600.0	22.2	300	1303
snapshot_11_17_2015_18_0.json	1447801200.0	22.2	300	1292
snapshot_11_17_2015_6_0.json	1447758000.0	22.2	300	1309
snapshot_11_17_2015_6_0.json	1447758000.0	22.2	300	1309
snapshot_11_18_2015_0_0.json	1447822800.0	21.63	300	1247
snapshot_11_18_2015_12_0.json	1447866000.0	20.05	300	1207
snapshot_11_18_2015_18_0.json	1447887600.0	20.05	300	1222
snapshot_11_18_2015_6_0.json	1447844400.0	20.05	300	1211
snapshot_11_19_2015_0_0.json	1447909200.0	20.05	300	1066
snapshot_11_19_2015_12_0.json	1447952400.0	20.05	300	1037
snapshot_11_19_2015_6_0.json	1447930800.0	20.05	300	1042
snapshot_11_20_2015_0_0.json	1447995600.0	22.39	300	831
snapshot_11_20_2015_12_0.json	1448038800.0	18.88	300	832
snapshot_11_21_2015_12_0.json	1448125200.0	17.71	250	389
snapshot_11_21_2015_18_0.json	1448146800.0	0	0	0
snapshot_11_22_2015_0_0.json	1448168400.0	0	0	0
snapshot_11_22_2015_12_0.json	1448211600.0	0	0	0
snapshot_11_22_2015_18_0.json	1448233200.0	0	0	0
snapshot_11_22_2015_6_0.json	1448190000.0	0	0	0
snapshot_11_23_2015_0_0.json	1448254800.0	0	0	0
snapshot_11_23_2015_12_0.json	1448298000.0	0	0	0
snapshot_11_23_2015_18_0.json	1448319600.0	0	0	0
snapshot_11_23_2015_6_0.json	1448276400.0	0	0	0
snapshot_11_24_2015_0_0.json	1448341200.0	0	0	0
snapshot_11_24_2015_12_0.json	1448384400.0	0	0	0
snapshot_12_4_2015_0_0.json	1449205200.0	0	0	0
snapshot_12_4_2015_12_0.json	1449248400.0	0	0	0
snapshot_12_4_2015_6_0.json	1449226800.0	0	0	0
9248220	2015-11-21T17:00:00Z	Temple Owls	Lincoln Financial Field	Pennsylvania Philadelphia|522	19148
snapshot_11_16_2015_0_0.json	1447650000.0	22.2	300	1402
snapshot_11_17_2015_0_0.json	1447736400.0	22.2	300	1373
snapshot_11_17_2015_12_0.json	1447779600.0	22.2	300	1303
snapshot_11_17_2015_18_0.json	1447801200.0	22.2	300	1292
snapshot_11_17_2015_6_0.json	1447758000.0	22.2	300	1309
snapshot_11_17_2015_6_0.json	1447758000.0	22.2	300	1309
snapshot_11_18_2015_0_0.json	1447822800.0	21.63	300	1247
snapshot_11_18_2015_12_0.json	1447866000.0	20.05	300	1207
snapshot_11_18_2015_18_0.json	1447887600.0	20.05	300	1222
snapshot_11_18_2015_6_0.json	1447844400.0	20.05	300	1211
snapshot_11_19_2015_0_0.json	1447909200.0	20.05	300	1066
snapshot_11_19_2015_12_0.json	1447952400.0	20.05	300	1037
snapshot_11_19_2015_6_0.json	1447930800.0	20.05	300	1042
snapshot_11_20_2015_0_0.json	1447995600.0	22.39	300	831
snapshot_11_20_2015_12_0.json	1448038800.0	18.88	300	832
snapshot_11_21_2015_12_0.json	1448125200.0	17.71	250	389
snapshot_11_21_2015_18_0.json	1448146800.0	0	0	0
snapshot_11_22_2015_0_0.json	1448168400.0	0	0	0
snapshot_11_22_2015_12_0.json	1448211600.0	0	0	0
snapshot_11_22_2015_18_0.json	1448233200.0	0	0	0
snapshot_11_22_2015_6_0.json	1448190000.0	0	0	0
snapshot_11_23_2015_0_0.json	1448254800.0	0	0	0
snapshot_11_23_2015_12_0.json	1448298000.0	0	0	0
snapshot_11_23_2015_18_0.json	1448319600.0	0	0	0
snapshot_11_23_2015_6_0.json	1448276400.0	0	0	0
snapshot_11_24_2015_0_0.json	1448341200.0	0	0	0
snapshot_11_24_2015_12_0.json	1448384400.0	0	0	0
snapshot_12_4_2015_0_0.json	1449205200.0	0	0	0
snapshot_12_4_2015_12_0.json	1449248400.0	0	0	0
snapshot_12_4_2015_6_0.json	1449226800.0	0	0	0
9248220	2015-11-21T17:00:00Z	Temple Owls	Lincoln Financial Field	Pennsylvania Philadelphia|522	19148
snapshot_11_16_2015_0_0.json	1447650000.0	22.2	300	1402
snapshot_11_17_2015_0_0.json	1447736400.0	22.2	300	1373
snapshot_11_17_2015_12_0.json	1447779600.0	22.2	300	1303
snapshot_11_17_2015_18_0.json	1447801200.0	22.2	300	1292
snapshot_11_17_2015_6_0.json	1447758000.0	22.2	300	1309
snapshot_11_17_2015_6_0.json	1447758000.0	22.2	300	1309
snapshot_11_18_2015_0_0.json	1447822800.0	21.63	300	1247
snapshot_11_18_2015_12_0.json	1447866000.0	20.05	300	1207
snapshot_11_18_2015_18_0.json	1447887600.0	20.05	300	1222
snapshot_11_18_2015_6_0.json	1447844400.0	20.05	300	1211
snapshot_11_19_2015_0_0.json	1447909200.0	20.05	300	1066
snapshot_11_19_2015_12_0.json	1447952400.0	20.05	300	1037
snapshot_11_19_2015_6_0.json	1447930800.0	20.05	300	1042
snapshot_11_20_2015_0_0.json	1447995600.0	22.39	300	831
snapshot_11_20_2015_12_0.json	1448038800.0	18.88	300	832
snapshot_11_21_2015_12_0.json	1448125200.0	17.71	250	389
snapshot_11_21_2015_18_0.json	1448146800.0	0	0	0
snapshot_11_22_2015_0_0.json	1448168400.0	0	0	0
snapshot_11_22_2015_12_0.json	1448211600.0	0	0	0
snapshot_11_22_2015_18_0.json	1448233200.0	0	0	0
snapshot_11_22_2015_6_0.json	1448190000.0	0	0	0
snapshot_11_23_2015_0_0.json	1448254800.0	0	0	0
snapshot_11_23_2015_12_0.json	1448298000.0	0	0	0
snapshot_11_23_2015_18_0.json	1448319600.0	0	0	0
snapshot_11_23_2015_6_0.json	1448276400.0	0	0	0
snapshot_11_24_2015_0_0.json	1448341200.0	0	0	0
snapshot_11_24_2015_12_0.json	1448384400.0	0	0	0
snapshot_12_4_2015_0_0.json	1449205200.0	0	0	0
snapshot_12_4_2015_12_0.json	1449248400.0	0	0	0
snapshot_12_4_2015_6_0.json	1449226800.0	0	0	0
