9248245	2015-11-26T19:01:00Z	PARKING PASSES ONLY Texas Tech at Texas	Darrell K Royal Texas Memorial Stadium Parking Lots	Texas Austin / San Antonio|707	78712
snapshot_11_17_2015_0_0.json	1447736400.0	33.7	225	38
snapshot_11_17_2015_12_0.json	1447779600.0	34.09	225	39
snapshot_11_17_2015_18_0.json	1447801200.0	34.09	225	41
snapshot_11_17_2015_18_0.json	1447801200.0	34.09	225	41
snapshot_11_18_2015_12_0.json	1447866000.0	34.09	225	47
snapshot_11_18_2015_18_0.json	1447887600.0	34.09	225	47
snapshot_11_18_2015_6_0.json	1447844400.0	34.09	225	47
snapshot_11_19_2015_0_0.json	1447909200.0	34.09	225	47
snapshot_11_19_2015_12_0.json	1447952400.0	34.09	225	48
snapshot_11_19_2015_6_0.json	1447930800.0	34.09	225	48
snapshot_11_20_2015_0_0.json	1447995600.0	33.92	225	55
snapshot_11_20_2015_12_0.json	1448038800.0	33.92	225	55
snapshot_11_21_2015_12_0.json	1448125200.0	26.31	225	59
snapshot_11_21_2015_18_0.json	1448146800.0	28.65	225	58
snapshot_11_22_2015_0_0.json	1448168400.0	34.5	225	55
snapshot_11_22_2015_12_0.json	1448211600.0	34.5	225	55
snapshot_11_22_2015_18_0.json	1448233200.0	34.5	225	55
snapshot_11_22_2015_6_0.json	1448190000.0	34.5	225	55
snapshot_11_23_2015_0_0.json	1448254800.0	28.65	225	54
snapshot_11_23_2015_12_0.json	1448298000.0	28.65	225	53
snapshot_11_23_2015_18_0.json	1448319600.0	34.5	225	50
snapshot_11_23_2015_6_0.json	1448276400.0	28.65	225	53
snapshot_11_24_2015_0_0.json	1448341200.0	37.95	115.5	12
snapshot_11_24_2015_12_0.json	1448384400.0	37.95	115.5	11
snapshot_11_24_2015_12_0.json	1448384400.0	37.95	115.5	11
snapshot_11_24_2015_18_0.json	1448406000.0	27.48	105	11
snapshot_11_24_2015_6_0.json	1448362800.0	37.95	115.5	11
snapshot_11_24_2015_6_0.json	1448362800.0	37.95	115.5	11
snapshot_11_25_2015_0_0.json	1448427600.0	72.7	60	1
snapshot_11_25_2015_12_0.json	1448470800.0	58.66	60	2
snapshot_11_25_2015_18_0.json	1448492400.0	58.66	60	2
snapshot_11_25_2015_6_0.json	1448449200.0	72.7	60	1
snapshot_11_26_2015_0_0.json	1448514000.0	58.66	60	2
snapshot_11_27_2015_18_0.json	1448665200.0	0	0	0
snapshot_11_28_2015_0_0.json	1448686800.0	0	0	0
snapshot_11_28_2015_6_0.json	1448708400.0	0	0	0
9248245	2015-11-26T19:01:00Z	PARKING PASSES ONLY Texas Tech at Texas	Darrell K Royal Texas Memorial Stadium Parking Lots	Texas Austin / San Antonio|707	78712
snapshot_11_17_2015_0_0.json	1447736400.0	33.7	225	38
snapshot_11_17_2015_12_0.json	1447779600.0	34.09	225	39
snapshot_11_17_2015_18_0.json	1447801200.0	34.09	225	41
snapshot_11_17_2015_18_0.json	1447801200.0	34.09	225	41
snapshot_11_18_2015_12_0.json	1447866000.0	34.09	225	47
snapshot_11_18_2015_18_0.json	1447887600.0	34.09	225	47
snapshot_11_18_2015_6_0.json	1447844400.0	34.09	225	47
snapshot_11_19_2015_0_0.json	1447909200.0	34.09	225	47
snapshot_11_19_2015_12_0.json	1447952400.0	34.09	225	48
snapshot_11_19_2015_6_0.json	1447930800.0	34.09	225	48
snapshot_11_20_2015_0_0.json	1447995600.0	33.92	225	55
snapshot_11_20_2015_12_0.json	1448038800.0	33.92	225	55
snapshot_11_21_2015_12_0.json	1448125200.0	26.31	225	59
snapshot_11_21_2015_18_0.json	1448146800.0	28.65	225	58
snapshot_11_22_2015_0_0.json	1448168400.0	34.5	225	55
snapshot_11_22_2015_12_0.json	1448211600.0	34.5	225	55
snapshot_11_22_2015_18_0.json	1448233200.0	34.5	225	55
snapshot_11_22_2015_6_0.json	1448190000.0	34.5	225	55
snapshot_11_23_2015_0_0.json	1448254800.0	28.65	225	54
snapshot_11_23_2015_12_0.json	1448298000.0	28.65	225	53
snapshot_11_23_2015_18_0.json	1448319600.0	34.5	225	50
snapshot_11_23_2015_6_0.json	1448276400.0	28.65	225	53
snapshot_11_24_2015_0_0.json	1448341200.0	37.95	115.5	12
snapshot_11_24_2015_12_0.json	1448384400.0	37.95	115.5	11
snapshot_11_24_2015_12_0.json	1448384400.0	37.95	115.5	11
snapshot_11_24_2015_18_0.json	1448406000.0	27.48	105	11
snapshot_11_24_2015_6_0.json	1448362800.0	37.95	115.5	11
snapshot_11_24_2015_6_0.json	1448362800.0	37.95	115.5	11
snapshot_11_25_2015_0_0.json	1448427600.0	72.7	60	1
snapshot_11_25_2015_12_0.json	1448470800.0	58.66	60	2
snapshot_11_25_2015_18_0.json	1448492400.0	58.66	60	2
snapshot_11_25_2015_6_0.json	1448449200.0	72.7	60	1
snapshot_11_26_2015_0_0.json	1448514000.0	58.66	60	2
snapshot_11_27_2015_18_0.json	1448665200.0	0	0	0
snapshot_11_28_2015_0_0.json	1448686800.0	0	0	0
snapshot_11_28_2015_6_0.json	1448708400.0	0	0	0
9248245	2015-11-26T19:01:00Z	PARKING PASSES ONLY Texas Tech at Texas	Darrell K Royal Texas Memorial Stadium Parking Lots	Texas Austin / San Antonio|707	78712
snapshot_11_17_2015_0_0.json	1447736400.0	33.7	225	38
snapshot_11_17_2015_12_0.json	1447779600.0	34.09	225	39
snapshot_11_17_2015_18_0.json	1447801200.0	34.09	225	41
snapshot_11_17_2015_18_0.json	1447801200.0	34.09	225	41
snapshot_11_18_2015_12_0.json	1447866000.0	34.09	225	47
snapshot_11_18_2015_18_0.json	1447887600.0	34.09	225	47
snapshot_11_18_2015_6_0.json	1447844400.0	34.09	225	47
snapshot_11_19_2015_0_0.json	1447909200.0	34.09	225	47
snapshot_11_19_2015_12_0.json	1447952400.0	34.09	225	48
snapshot_11_19_2015_6_0.json	1447930800.0	34.09	225	48
snapshot_11_20_2015_0_0.json	1447995600.0	33.92	225	55
snapshot_11_20_2015_12_0.json	1448038800.0	33.92	225	55
snapshot_11_21_2015_12_0.json	1448125200.0	26.31	225	59
snapshot_11_21_2015_18_0.json	1448146800.0	28.65	225	58
snapshot_11_22_2015_0_0.json	1448168400.0	34.5	225	55
snapshot_11_22_2015_12_0.json	1448211600.0	34.5	225	55
snapshot_11_22_2015_18_0.json	1448233200.0	34.5	225	55
snapshot_11_22_2015_6_0.json	1448190000.0	34.5	225	55
snapshot_11_23_2015_0_0.json	1448254800.0	28.65	225	54
snapshot_11_23_2015_12_0.json	1448298000.0	28.65	225	53
snapshot_11_23_2015_18_0.json	1448319600.0	34.5	225	50
snapshot_11_23_2015_6_0.json	1448276400.0	28.65	225	53
snapshot_11_24_2015_0_0.json	1448341200.0	37.95	115.5	12
snapshot_11_24_2015_12_0.json	1448384400.0	37.95	115.5	11
snapshot_11_24_2015_12_0.json	1448384400.0	37.95	115.5	11
snapshot_11_24_2015_18_0.json	1448406000.0	27.48	105	11
snapshot_11_24_2015_6_0.json	1448362800.0	37.95	115.5	11
snapshot_11_24_2015_6_0.json	1448362800.0	37.95	115.5	11
snapshot_11_25_2015_0_0.json	1448427600.0	72.7	60	1
snapshot_11_25_2015_12_0.json	1448470800.0	58.66	60	2
snapshot_11_25_2015_18_0.json	1448492400.0	58.66	60	2
snapshot_11_25_2015_6_0.json	1448449200.0	72.7	60	1
snapshot_11_26_2015_0_0.json	1448514000.0	58.66	60	2
snapshot_11_27_2015_18_0.json	1448665200.0	0	0	0
snapshot_11_28_2015_0_0.json	1448686800.0	0	0	0
snapshot_11_28_2015_6_0.json	1448708400.0	0	0	0
9248245	2015-11-26T19:01:00Z	PARKING PASSES ONLY Texas Tech at Texas	Darrell K Royal Texas Memorial Stadium Parking Lots	Texas Austin / San Antonio|707	78712
snapshot_11_17_2015_0_0.json	1447736400.0	33.7	225	38
snapshot_11_17_2015_12_0.json	1447779600.0	34.09	225	39
snapshot_11_17_2015_18_0.json	1447801200.0	34.09	225	41
snapshot_11_17_2015_18_0.json	1447801200.0	34.09	225	41
snapshot_11_18_2015_12_0.json	1447866000.0	34.09	225	47
snapshot_11_18_2015_18_0.json	1447887600.0	34.09	225	47
snapshot_11_18_2015_6_0.json	1447844400.0	34.09	225	47
snapshot_11_19_2015_0_0.json	1447909200.0	34.09	225	47
snapshot_11_19_2015_12_0.json	1447952400.0	34.09	225	48
snapshot_11_19_2015_6_0.json	1447930800.0	34.09	225	48
snapshot_11_20_2015_0_0.json	1447995600.0	33.92	225	55
snapshot_11_20_2015_12_0.json	1448038800.0	33.92	225	55
snapshot_11_21_2015_12_0.json	1448125200.0	26.31	225	59
snapshot_11_21_2015_18_0.json	1448146800.0	28.65	225	58
snapshot_11_22_2015_0_0.json	1448168400.0	34.5	225	55
snapshot_11_22_2015_12_0.json	1448211600.0	34.5	225	55
snapshot_11_22_2015_18_0.json	1448233200.0	34.5	225	55
snapshot_11_22_2015_6_0.json	1448190000.0	34.5	225	55
snapshot_11_23_2015_0_0.json	1448254800.0	28.65	225	54
snapshot_11_23_2015_12_0.json	1448298000.0	28.65	225	53
snapshot_11_23_2015_18_0.json	1448319600.0	34.5	225	50
snapshot_11_23_2015_6_0.json	1448276400.0	28.65	225	53
snapshot_11_24_2015_0_0.json	1448341200.0	37.95	115.5	12
snapshot_11_24_2015_12_0.json	1448384400.0	37.95	115.5	11
snapshot_11_24_2015_12_0.json	1448384400.0	37.95	115.5	11
snapshot_11_24_2015_18_0.json	1448406000.0	27.48	105	11
snapshot_11_24_2015_6_0.json	1448362800.0	37.95	115.5	11
snapshot_11_24_2015_6_0.json	1448362800.0	37.95	115.5	11
snapshot_11_25_2015_0_0.json	1448427600.0	72.7	60	1
snapshot_11_25_2015_12_0.json	1448470800.0	58.66	60	2
snapshot_11_25_2015_18_0.json	1448492400.0	58.66	60	2
snapshot_11_25_2015_6_0.json	1448449200.0	72.7	60	1
snapshot_11_26_2015_0_0.json	1448514000.0	58.66	60	2
snapshot_11_27_2015_18_0.json	1448665200.0	0	0	0
snapshot_11_28_2015_0_0.json	1448686800.0	0	0	0
snapshot_11_28_2015_6_0.json	1448708400.0	0	0	0
