9248130	2015-11-20T00:30:00Z	UCF Knights	Bright House Networks Stadium	Florida Orlando|663	32816
snapshot_11_17_2015_18_0.json	1447801200.0	9.52	170	503
snapshot_11_18_2015_0_0.json	1447822800.0	9.52	170	482
snapshot_11_18_2015_12_0.json	1447866000.0	9.52	170	458
snapshot_11_18_2015_18_0.json	1447887600.0	9.52	170	442
snapshot_11_18_2015_6_0.json	1447844400.0	9.52	170	462
snapshot_11_18_2015_6_0.json	1447844400.0	9.52	170	462
snapshot_11_19_2015_0_0.json	1447909200.0	9.52	170	409
snapshot_11_19_2015_12_0.json	1447952400.0	9.52	170	371
snapshot_11_19_2015_6_0.json	1447930800.0	9.52	170	375
snapshot_11_20_2015_0_0.json	1447995600.0	9.52	170	245
snapshot_11_20_2015_12_0.json	1448038800.0	0	0	0
9248130	2015-11-20T00:30:00Z	UCF Knights	Bright House Networks Stadium	Florida Orlando|663	32816
snapshot_11_17_2015_18_0.json	1447801200.0	9.52	170	503
snapshot_11_18_2015_0_0.json	1447822800.0	9.52	170	482
snapshot_11_18_2015_12_0.json	1447866000.0	9.52	170	458
snapshot_11_18_2015_18_0.json	1447887600.0	9.52	170	442
snapshot_11_18_2015_6_0.json	1447844400.0	9.52	170	462
snapshot_11_18_2015_6_0.json	1447844400.0	9.52	170	462
snapshot_11_19_2015_0_0.json	1447909200.0	9.52	170	409
snapshot_11_19_2015_12_0.json	1447952400.0	9.52	170	371
snapshot_11_19_2015_6_0.json	1447930800.0	9.52	170	375
snapshot_11_20_2015_0_0.json	1447995600.0	9.52	170	245
snapshot_11_20_2015_12_0.json	1448038800.0	0	0	0
9248130	2015-11-20T00:30:00Z	UCF Knights	Bright House Networks Stadium	Florida Orlando|663	32816
snapshot_11_17_2015_18_0.json	1447801200.0	9.52	170	503
snapshot_11_18_2015_0_0.json	1447822800.0	9.52	170	482
snapshot_11_18_2015_12_0.json	1447866000.0	9.52	170	458
snapshot_11_18_2015_18_0.json	1447887600.0	9.52	170	442
snapshot_11_18_2015_6_0.json	1447844400.0	9.52	170	462
snapshot_11_18_2015_6_0.json	1447844400.0	9.52	170	462
snapshot_11_19_2015_0_0.json	1447909200.0	9.52	170	409
snapshot_11_19_2015_12_0.json	1447952400.0	9.52	170	371
snapshot_11_19_2015_6_0.json	1447930800.0	9.52	170	375
snapshot_11_20_2015_0_0.json	1447995600.0	9.52	170	245
snapshot_11_20_2015_12_0.json	1448038800.0	0	0	0
9248130	2015-11-20T00:30:00Z	UCF Knights	Bright House Networks Stadium	Florida Orlando|663	32816
snapshot_11_17_2015_18_0.json	1447801200.0	9.52	170	503
snapshot_11_18_2015_0_0.json	1447822800.0	9.52	170	482
snapshot_11_18_2015_12_0.json	1447866000.0	9.52	170	458
snapshot_11_18_2015_18_0.json	1447887600.0	9.52	170	442
snapshot_11_18_2015_6_0.json	1447844400.0	9.52	170	462
snapshot_11_18_2015_6_0.json	1447844400.0	9.52	170	462
snapshot_11_19_2015_0_0.json	1447909200.0	9.52	170	409
snapshot_11_19_2015_12_0.json	1447952400.0	9.52	170	371
snapshot_11_19_2015_6_0.json	1447930800.0	9.52	170	375
snapshot_11_20_2015_0_0.json	1447995600.0	9.52	170	245
snapshot_11_20_2015_12_0.json	1448038800.0	0	0	0
