9248169	2015-11-28T18:00:00Z	East Carolina Pirates	Dowdy-Ficklen Stadium	North Carolina Raleigh-Durham|685	27858
snapshot_11_16_2015_0_0.json	1447650000.0	27.07	127.78	273
snapshot_11_17_2015_0_0.json	1447736400.0	28.23	127.78	277
snapshot_11_17_2015_18_0.json	1447801200.0	20.05	127.78	276
snapshot_11_17_2015_6_0.json	1447758000.0	25.89	127.78	294
snapshot_11_18_2015_0_0.json	1447822800.0	20.64	127.78	272
snapshot_11_18_2015_18_0.json	1447887600.0	28.24	127.78	234
snapshot_11_19_2015_0_0.json	1447909200.0	28.24	127.78	219
snapshot_11_19_2015_12_0.json	1447952400.0	25.9	127.78	239
snapshot_11_19_2015_6_0.json	1447930800.0	25.9	127.78	231
snapshot_11_20_2015_0_0.json	1447995600.0	25.9	127.78	237
snapshot_11_20_2015_12_0.json	1448038800.0	25.9	127.78	226
snapshot_11_20_2015_12_0.json	1448038800.0	25.9	127.78	226
snapshot_11_21_2015_12_0.json	1448125200.0	24.73	127.78	250
snapshot_11_21_2015_18_0.json	1448146800.0	25.9	125	246
snapshot_11_22_2015_0_0.json	1448168400.0	25.9	125	259
snapshot_11_22_2015_12_0.json	1448211600.0	25.9	125	253
snapshot_11_22_2015_18_0.json	1448233200.0	20.23	125	251
snapshot_11_22_2015_6_0.json	1448190000.0	25.9	125	253
snapshot_11_23_2015_0_0.json	1448254800.0	25.9	125	249
snapshot_11_23_2015_12_0.json	1448298000.0	19.47	211.54	248
snapshot_11_23_2015_18_0.json	1448319600.0	20.05	211.54	241
snapshot_11_23_2015_6_0.json	1448276400.0	19.47	211.54	246
snapshot_11_24_2015_0_0.json	1448341200.0	20.05	211.54	223
snapshot_11_24_2015_12_0.json	1448384400.0	23.55	211.54	204
snapshot_11_24_2015_18_0.json	1448406000.0	22.38	168.8	219
snapshot_11_24_2015_6_0.json	1448362800.0	23.55	211.54	204
snapshot_11_25_2015_0_0.json	1448427600.0	22.38	999	236
snapshot_11_25_2015_12_0.json	1448470800.0	28.24	168.8	199
snapshot_11_25_2015_18_0.json	1448492400.0	26.13	168.8	272
snapshot_11_25_2015_6_0.json	1448449200.0	28.24	168.8	201
snapshot_11_26_2015_0_0.json	1448514000.0	24.72	168.8	258
snapshot_11_27_2015_18_0.json	1448665200.0	28.23	168.8	189
snapshot_11_28_2015_0_0.json	1448686800.0	21.21	168.8	156
snapshot_11_28_2015_12_0.json	1448730000.0	28.24	168.8	122
snapshot_11_28_2015_18_0.json	1448751600.0	0	0	0
snapshot_11_28_2015_6_0.json	1448708400.0	25.9	168.8	126
snapshot_11_29_2015_0_0.json	1448773200.0	0	0	0
snapshot_11_29_2015_12_0.json	1448816400.0	0	0	0
snapshot_11_29_2015_18_0.json	1448838000.0	0	0	0
snapshot_11_29_2015_18_0.json	1448838000.0	0	0	0
snapshot_11_29_2015_6_0.json	1448794800.0	0	0	0
snapshot_11_30_2015_0_0.json	1448859600.0	0	0	0
snapshot_11_30_2015_12_0.json	1448902800.0	0	0	0
9248169	2015-11-28T18:00:00Z	East Carolina Pirates	Dowdy-Ficklen Stadium	North Carolina Raleigh-Durham|685	27858
snapshot_11_16_2015_0_0.json	1447650000.0	27.07	127.78	273
snapshot_11_17_2015_0_0.json	1447736400.0	28.23	127.78	277
snapshot_11_17_2015_18_0.json	1447801200.0	20.05	127.78	276
snapshot_11_17_2015_6_0.json	1447758000.0	25.89	127.78	294
snapshot_11_18_2015_0_0.json	1447822800.0	20.64	127.78	272
snapshot_11_18_2015_18_0.json	1447887600.0	28.24	127.78	234
snapshot_11_19_2015_0_0.json	1447909200.0	28.24	127.78	219
snapshot_11_19_2015_12_0.json	1447952400.0	25.9	127.78	239
snapshot_11_19_2015_6_0.json	1447930800.0	25.9	127.78	231
snapshot_11_20_2015_0_0.json	1447995600.0	25.9	127.78	237
snapshot_11_20_2015_12_0.json	1448038800.0	25.9	127.78	226
snapshot_11_20_2015_12_0.json	1448038800.0	25.9	127.78	226
snapshot_11_21_2015_12_0.json	1448125200.0	24.73	127.78	250
snapshot_11_21_2015_18_0.json	1448146800.0	25.9	125	246
snapshot_11_22_2015_0_0.json	1448168400.0	25.9	125	259
snapshot_11_22_2015_12_0.json	1448211600.0	25.9	125	253
snapshot_11_22_2015_18_0.json	1448233200.0	20.23	125	251
snapshot_11_22_2015_6_0.json	1448190000.0	25.9	125	253
snapshot_11_23_2015_0_0.json	1448254800.0	25.9	125	249
snapshot_11_23_2015_12_0.json	1448298000.0	19.47	211.54	248
snapshot_11_23_2015_18_0.json	1448319600.0	20.05	211.54	241
snapshot_11_23_2015_6_0.json	1448276400.0	19.47	211.54	246
snapshot_11_24_2015_0_0.json	1448341200.0	20.05	211.54	223
snapshot_11_24_2015_12_0.json	1448384400.0	23.55	211.54	204
snapshot_11_24_2015_18_0.json	1448406000.0	22.38	168.8	219
snapshot_11_24_2015_6_0.json	1448362800.0	23.55	211.54	204
snapshot_11_25_2015_0_0.json	1448427600.0	22.38	999	236
snapshot_11_25_2015_12_0.json	1448470800.0	28.24	168.8	199
snapshot_11_25_2015_18_0.json	1448492400.0	26.13	168.8	272
snapshot_11_25_2015_6_0.json	1448449200.0	28.24	168.8	201
snapshot_11_26_2015_0_0.json	1448514000.0	24.72	168.8	258
snapshot_11_27_2015_18_0.json	1448665200.0	28.23	168.8	189
snapshot_11_28_2015_0_0.json	1448686800.0	21.21	168.8	156
snapshot_11_28_2015_12_0.json	1448730000.0	28.24	168.8	122
snapshot_11_28_2015_18_0.json	1448751600.0	0	0	0
snapshot_11_28_2015_6_0.json	1448708400.0	25.9	168.8	126
snapshot_11_29_2015_0_0.json	1448773200.0	0	0	0
snapshot_11_29_2015_12_0.json	1448816400.0	0	0	0
snapshot_11_29_2015_18_0.json	1448838000.0	0	0	0
snapshot_11_29_2015_18_0.json	1448838000.0	0	0	0
snapshot_11_29_2015_6_0.json	1448794800.0	0	0	0
snapshot_11_30_2015_0_0.json	1448859600.0	0	0	0
snapshot_11_30_2015_12_0.json	1448902800.0	0	0	0
9248169	2015-11-28T18:00:00Z	East Carolina Pirates	Dowdy-Ficklen Stadium	North Carolina Raleigh-Durham|685	27858
snapshot_11_16_2015_0_0.json	1447650000.0	27.07	127.78	273
snapshot_11_17_2015_0_0.json	1447736400.0	28.23	127.78	277
snapshot_11_17_2015_18_0.json	1447801200.0	20.05	127.78	276
snapshot_11_17_2015_6_0.json	1447758000.0	25.89	127.78	294
snapshot_11_18_2015_0_0.json	1447822800.0	20.64	127.78	272
snapshot_11_18_2015_18_0.json	1447887600.0	28.24	127.78	234
snapshot_11_19_2015_0_0.json	1447909200.0	28.24	127.78	219
snapshot_11_19_2015_12_0.json	1447952400.0	25.9	127.78	239
snapshot_11_19_2015_6_0.json	1447930800.0	25.9	127.78	231
snapshot_11_20_2015_0_0.json	1447995600.0	25.9	127.78	237
snapshot_11_20_2015_12_0.json	1448038800.0	25.9	127.78	226
snapshot_11_20_2015_12_0.json	1448038800.0	25.9	127.78	226
snapshot_11_21_2015_12_0.json	1448125200.0	24.73	127.78	250
snapshot_11_21_2015_18_0.json	1448146800.0	25.9	125	246
snapshot_11_22_2015_0_0.json	1448168400.0	25.9	125	259
snapshot_11_22_2015_12_0.json	1448211600.0	25.9	125	253
snapshot_11_22_2015_18_0.json	1448233200.0	20.23	125	251
snapshot_11_22_2015_6_0.json	1448190000.0	25.9	125	253
snapshot_11_23_2015_0_0.json	1448254800.0	25.9	125	249
snapshot_11_23_2015_12_0.json	1448298000.0	19.47	211.54	248
snapshot_11_23_2015_18_0.json	1448319600.0	20.05	211.54	241
snapshot_11_23_2015_6_0.json	1448276400.0	19.47	211.54	246
snapshot_11_24_2015_0_0.json	1448341200.0	20.05	211.54	223
snapshot_11_24_2015_12_0.json	1448384400.0	23.55	211.54	204
snapshot_11_24_2015_18_0.json	1448406000.0	22.38	168.8	219
snapshot_11_24_2015_6_0.json	1448362800.0	23.55	211.54	204
snapshot_11_25_2015_0_0.json	1448427600.0	22.38	999	236
snapshot_11_25_2015_12_0.json	1448470800.0	28.24	168.8	199
snapshot_11_25_2015_18_0.json	1448492400.0	26.13	168.8	272
snapshot_11_25_2015_6_0.json	1448449200.0	28.24	168.8	201
snapshot_11_26_2015_0_0.json	1448514000.0	24.72	168.8	258
snapshot_11_27_2015_18_0.json	1448665200.0	28.23	168.8	189
snapshot_11_28_2015_0_0.json	1448686800.0	21.21	168.8	156
snapshot_11_28_2015_12_0.json	1448730000.0	28.24	168.8	122
snapshot_11_28_2015_18_0.json	1448751600.0	0	0	0
snapshot_11_28_2015_6_0.json	1448708400.0	25.9	168.8	126
snapshot_11_29_2015_0_0.json	1448773200.0	0	0	0
snapshot_11_29_2015_12_0.json	1448816400.0	0	0	0
snapshot_11_29_2015_18_0.json	1448838000.0	0	0	0
snapshot_11_29_2015_18_0.json	1448838000.0	0	0	0
snapshot_11_29_2015_6_0.json	1448794800.0	0	0	0
snapshot_11_30_2015_0_0.json	1448859600.0	0	0	0
snapshot_11_30_2015_12_0.json	1448902800.0	0	0	0
9248169	2015-11-28T18:00:00Z	East Carolina Pirates	Dowdy-Ficklen Stadium	North Carolina Raleigh-Durham|685	27858
snapshot_11_16_2015_0_0.json	1447650000.0	27.07	127.78	273
snapshot_11_17_2015_0_0.json	1447736400.0	28.23	127.78	277
snapshot_11_17_2015_18_0.json	1447801200.0	20.05	127.78	276
snapshot_11_17_2015_6_0.json	1447758000.0	25.89	127.78	294
snapshot_11_18_2015_0_0.json	1447822800.0	20.64	127.78	272
snapshot_11_18_2015_18_0.json	1447887600.0	28.24	127.78	234
snapshot_11_19_2015_0_0.json	1447909200.0	28.24	127.78	219
snapshot_11_19_2015_12_0.json	1447952400.0	25.9	127.78	239
snapshot_11_19_2015_6_0.json	1447930800.0	25.9	127.78	231
snapshot_11_20_2015_0_0.json	1447995600.0	25.9	127.78	237
snapshot_11_20_2015_12_0.json	1448038800.0	25.9	127.78	226
snapshot_11_20_2015_12_0.json	1448038800.0	25.9	127.78	226
snapshot_11_21_2015_12_0.json	1448125200.0	24.73	127.78	250
snapshot_11_21_2015_18_0.json	1448146800.0	25.9	125	246
snapshot_11_22_2015_0_0.json	1448168400.0	25.9	125	259
snapshot_11_22_2015_12_0.json	1448211600.0	25.9	125	253
snapshot_11_22_2015_18_0.json	1448233200.0	20.23	125	251
snapshot_11_22_2015_6_0.json	1448190000.0	25.9	125	253
snapshot_11_23_2015_0_0.json	1448254800.0	25.9	125	249
snapshot_11_23_2015_12_0.json	1448298000.0	19.47	211.54	248
snapshot_11_23_2015_18_0.json	1448319600.0	20.05	211.54	241
snapshot_11_23_2015_6_0.json	1448276400.0	19.47	211.54	246
snapshot_11_24_2015_0_0.json	1448341200.0	20.05	211.54	223
snapshot_11_24_2015_12_0.json	1448384400.0	23.55	211.54	204
snapshot_11_24_2015_18_0.json	1448406000.0	22.38	168.8	219
snapshot_11_24_2015_6_0.json	1448362800.0	23.55	211.54	204
snapshot_11_25_2015_0_0.json	1448427600.0	22.38	999	236
snapshot_11_25_2015_12_0.json	1448470800.0	28.24	168.8	199
snapshot_11_25_2015_18_0.json	1448492400.0	26.13	168.8	272
snapshot_11_25_2015_6_0.json	1448449200.0	28.24	168.8	201
snapshot_11_26_2015_0_0.json	1448514000.0	24.72	168.8	258
snapshot_11_27_2015_18_0.json	1448665200.0	28.23	168.8	189
snapshot_11_28_2015_0_0.json	1448686800.0	21.21	168.8	156
snapshot_11_28_2015_12_0.json	1448730000.0	28.24	168.8	122
snapshot_11_28_2015_18_0.json	1448751600.0	0	0	0
snapshot_11_28_2015_6_0.json	1448708400.0	25.9	168.8	126
snapshot_11_29_2015_0_0.json	1448773200.0	0	0	0
snapshot_11_29_2015_12_0.json	1448816400.0	0	0	0
snapshot_11_29_2015_18_0.json	1448838000.0	0	0	0
snapshot_11_29_2015_18_0.json	1448838000.0	0	0	0
snapshot_11_29_2015_6_0.json	1448794800.0	0	0	0
snapshot_11_30_2015_0_0.json	1448859600.0	0	0	0
snapshot_11_30_2015_12_0.json	1448902800.0	0	0	0
