9249697	2015-11-21T17:00:00Z	Army Black Knights	Michie Stadium	New York New York Metro|664	10996
snapshot_11_16_2015_0_0.json	1447650000.0	49.13	138.89	333
snapshot_11_17_2015_0_0.json	1447736400.0	49.13	138.89	314
snapshot_11_17_2015_12_0.json	1447779600.0	45.03	138.89	287
snapshot_11_17_2015_18_0.json	1447801200.0	40.35	138.89	246
snapshot_11_17_2015_6_0.json	1447758000.0	45.03	138.89	293
snapshot_11_17_2015_6_0.json	1447758000.0	45.03	138.89	293
snapshot_11_18_2015_0_0.json	1447822800.0	51.69	138.89	210
snapshot_11_18_2015_12_0.json	1447866000.0	57.78	138.89	195
snapshot_11_18_2015_18_0.json	1447887600.0	55.15	138.89	191
snapshot_11_18_2015_6_0.json	1447844400.0	57.78	138.89	195
snapshot_11_19_2015_0_0.json	1447909200.0	55.15	124	116
snapshot_11_19_2015_12_0.json	1447952400.0	61	94	139
snapshot_11_19_2015_6_0.json	1447930800.0	61	94	127
snapshot_11_20_2015_0_0.json	1447995600.0	61	94	36
snapshot_11_20_2015_12_0.json	1448038800.0	68.14	88	14
snapshot_11_21_2015_12_0.json	1448125200.0	111.31	93	3
snapshot_11_21_2015_18_0.json	1448146800.0	0	0	0
snapshot_11_22_2015_0_0.json	1448168400.0	0	0	0
snapshot_11_22_2015_12_0.json	1448211600.0	0	0	0
snapshot_11_22_2015_18_0.json	1448233200.0	0	0	0
snapshot_11_22_2015_6_0.json	1448190000.0	0	0	0
snapshot_11_23_2015_0_0.json	1448254800.0	0	0	0
snapshot_11_23_2015_12_0.json	1448298000.0	0	0	0
snapshot_11_23_2015_18_0.json	1448319600.0	0	0	0
snapshot_11_23_2015_6_0.json	1448276400.0	0	0	0
9249697	2015-11-21T17:00:00Z	Army Black Knights	Michie Stadium	New York New York Metro|664	10996
snapshot_11_16_2015_0_0.json	1447650000.0	49.13	138.89	333
snapshot_11_17_2015_0_0.json	1447736400.0	49.13	138.89	314
snapshot_11_17_2015_12_0.json	1447779600.0	45.03	138.89	287
snapshot_11_17_2015_18_0.json	1447801200.0	40.35	138.89	246
snapshot_11_17_2015_6_0.json	1447758000.0	45.03	138.89	293
snapshot_11_17_2015_6_0.json	1447758000.0	45.03	138.89	293
snapshot_11_18_2015_0_0.json	1447822800.0	51.69	138.89	210
snapshot_11_18_2015_12_0.json	1447866000.0	57.78	138.89	195
snapshot_11_18_2015_18_0.json	1447887600.0	55.15	138.89	191
snapshot_11_18_2015_6_0.json	1447844400.0	57.78	138.89	195
snapshot_11_19_2015_0_0.json	1447909200.0	55.15	124	116
snapshot_11_19_2015_12_0.json	1447952400.0	61	94	139
snapshot_11_19_2015_6_0.json	1447930800.0	61	94	127
snapshot_11_20_2015_0_0.json	1447995600.0	61	94	36
snapshot_11_20_2015_12_0.json	1448038800.0	68.14	88	14
snapshot_11_21_2015_12_0.json	1448125200.0	111.31	93	3
snapshot_11_21_2015_18_0.json	1448146800.0	0	0	0
snapshot_11_22_2015_0_0.json	1448168400.0	0	0	0
snapshot_11_22_2015_12_0.json	1448211600.0	0	0	0
snapshot_11_22_2015_18_0.json	1448233200.0	0	0	0
snapshot_11_22_2015_6_0.json	1448190000.0	0	0	0
snapshot_11_23_2015_0_0.json	1448254800.0	0	0	0
snapshot_11_23_2015_12_0.json	1448298000.0	0	0	0
snapshot_11_23_2015_18_0.json	1448319600.0	0	0	0
snapshot_11_23_2015_6_0.json	1448276400.0	0	0	0
9249697	2015-11-21T17:00:00Z	Army Black Knights	Michie Stadium	New York New York Metro|664	10996
snapshot_11_16_2015_0_0.json	1447650000.0	49.13	138.89	333
snapshot_11_17_2015_0_0.json	1447736400.0	49.13	138.89	314
snapshot_11_17_2015_12_0.json	1447779600.0	45.03	138.89	287
snapshot_11_17_2015_18_0.json	1447801200.0	40.35	138.89	246
snapshot_11_17_2015_6_0.json	1447758000.0	45.03	138.89	293
snapshot_11_17_2015_6_0.json	1447758000.0	45.03	138.89	293
snapshot_11_18_2015_0_0.json	1447822800.0	51.69	138.89	210
snapshot_11_18_2015_12_0.json	1447866000.0	57.78	138.89	195
snapshot_11_18_2015_18_0.json	1447887600.0	55.15	138.89	191
snapshot_11_18_2015_6_0.json	1447844400.0	57.78	138.89	195
snapshot_11_19_2015_0_0.json	1447909200.0	55.15	124	116
snapshot_11_19_2015_12_0.json	1447952400.0	61	94	139
snapshot_11_19_2015_6_0.json	1447930800.0	61	94	127
snapshot_11_20_2015_0_0.json	1447995600.0	61	94	36
snapshot_11_20_2015_12_0.json	1448038800.0	68.14	88	14
snapshot_11_21_2015_12_0.json	1448125200.0	111.31	93	3
snapshot_11_21_2015_18_0.json	1448146800.0	0	0	0
snapshot_11_22_2015_0_0.json	1448168400.0	0	0	0
snapshot_11_22_2015_12_0.json	1448211600.0	0	0	0
snapshot_11_22_2015_18_0.json	1448233200.0	0	0	0
snapshot_11_22_2015_6_0.json	1448190000.0	0	0	0
snapshot_11_23_2015_0_0.json	1448254800.0	0	0	0
snapshot_11_23_2015_12_0.json	1448298000.0	0	0	0
snapshot_11_23_2015_18_0.json	1448319600.0	0	0	0
snapshot_11_23_2015_6_0.json	1448276400.0	0	0	0
9249697	2015-11-21T17:00:00Z	Army Black Knights	Michie Stadium	New York New York Metro|664	10996
snapshot_11_16_2015_0_0.json	1447650000.0	49.13	138.89	333
snapshot_11_17_2015_0_0.json	1447736400.0	49.13	138.89	314
snapshot_11_17_2015_12_0.json	1447779600.0	45.03	138.89	287
snapshot_11_17_2015_18_0.json	1447801200.0	40.35	138.89	246
snapshot_11_17_2015_6_0.json	1447758000.0	45.03	138.89	293
snapshot_11_17_2015_6_0.json	1447758000.0	45.03	138.89	293
snapshot_11_18_2015_0_0.json	1447822800.0	51.69	138.89	210
snapshot_11_18_2015_12_0.json	1447866000.0	57.78	138.89	195
snapshot_11_18_2015_18_0.json	1447887600.0	55.15	138.89	191
snapshot_11_18_2015_6_0.json	1447844400.0	57.78	138.89	195
snapshot_11_19_2015_0_0.json	1447909200.0	55.15	124	116
snapshot_11_19_2015_12_0.json	1447952400.0	61	94	139
snapshot_11_19_2015_6_0.json	1447930800.0	61	94	127
snapshot_11_20_2015_0_0.json	1447995600.0	61	94	36
snapshot_11_20_2015_12_0.json	1448038800.0	68.14	88	14
snapshot_11_21_2015_12_0.json	1448125200.0	111.31	93	3
snapshot_11_21_2015_18_0.json	1448146800.0	0	0	0
snapshot_11_22_2015_0_0.json	1448168400.0	0	0	0
snapshot_11_22_2015_12_0.json	1448211600.0	0	0	0
snapshot_11_22_2015_18_0.json	1448233200.0	0	0	0
snapshot_11_22_2015_6_0.json	1448190000.0	0	0	0
snapshot_11_23_2015_0_0.json	1448254800.0	0	0	0
snapshot_11_23_2015_12_0.json	1448298000.0	0	0	0
snapshot_11_23_2015_18_0.json	1448319600.0	0	0	0
snapshot_11_23_2015_6_0.json	1448276400.0	0	0	0
