9250171	2015-12-29T03:00:00Z	Motley Crue	STAPLES Center	California Los Angeles Metro|10	90015
snapshot_11_16_2015_0_0.json	1447650000.0	28.3	3750	998
snapshot_11_17_2015_0_0.json	1447736400.0	28.3	3750	1002
snapshot_11_17_2015_12_0.json	1447779600.0	28.3	3750	994
snapshot_11_17_2015_18_0.json	1447801200.0	28.3	3750	1053
snapshot_11_17_2015_6_0.json	1447758000.0	28.3	3750	1000
snapshot_11_18_2015_0_0.json	1447822800.0	28.3	3750	1054
snapshot_11_18_2015_12_0.json	1447866000.0	28.3	3750	1053
snapshot_11_18_2015_18_0.json	1447887600.0	28.3	3750	1053
snapshot_11_18_2015_6_0.json	1447844400.0	28.3	3750	1053
snapshot_11_18_2015_6_0.json	1447844400.0	28.3	3750	1053
snapshot_11_19_2015_0_0.json	1447909200.0	28.3	3375	1047
snapshot_11_19_2015_12_0.json	1447952400.0	28.3	3375	1051
snapshot_11_19_2015_6_0.json	1447930800.0	28.3	3375	1051
snapshot_11_20_2015_0_0.json	1447995600.0	28.3	3375	1077
snapshot_11_20_2015_12_0.json	1448038800.0	28.3	3375	1077
snapshot_11_21_2015_12_0.json	1448125200.0	28.3	3375	1072
snapshot_11_21_2015_18_0.json	1448146800.0	28.3	3375	1072
snapshot_11_22_2015_0_0.json	1448168400.0	28.3	3375	1070
snapshot_11_22_2015_12_0.json	1448211600.0	28.3	3375	1070
snapshot_11_22_2015_18_0.json	1448233200.0	28.3	3375	1068
snapshot_11_22_2015_6_0.json	1448190000.0	28.3	3375	1070
snapshot_11_23_2015_0_0.json	1448254800.0	28.3	3375	1068
snapshot_11_23_2015_12_0.json	1448298000.0	28.3	3375	1068
snapshot_11_23_2015_18_0.json	1448319600.0	28.3	3375	1068
snapshot_11_23_2015_6_0.json	1448276400.0	28.3	3375	1068
snapshot_11_23_2015_6_0.json	1448276400.0	28.3	3375	1068
snapshot_11_24_2015_0_0.json	1448341200.0	28.3	3375	1062
snapshot_11_24_2015_12_0.json	1448384400.0	28.3	3375	1059
snapshot_11_24_2015_18_0.json	1448406000.0	28.3	3375	1059
snapshot_11_24_2015_6_0.json	1448362800.0	28.3	3375	1059
snapshot_11_25_2015_0_0.json	1448427600.0	28.3	3375	1059
snapshot_11_25_2015_12_0.json	1448470800.0	28.3	3375	1061
snapshot_11_25_2015_18_0.json	1448492400.0	28.3	3375	1056
snapshot_11_25_2015_6_0.json	1448449200.0	28.3	3375	1057
snapshot_11_26_2015_0_0.json	1448514000.0	28.3	3375	1047
snapshot_11_27_2015_18_0.json	1448665200.0	28.3	3375	1063
snapshot_11_28_2015_0_0.json	1448686800.0	28.3	3375	1061
snapshot_11_28_2015_12_0.json	1448730000.0	28.3	3375	1057
snapshot_11_28_2015_18_0.json	1448751600.0	28.3	3375	1053
snapshot_11_28_2015_6_0.json	1448708400.0	28.3	3375	1059
snapshot_11_29_2015_0_0.json	1448773200.0	28.3	3375	1051
snapshot_11_29_2015_12_0.json	1448816400.0	28.3	3375	1051
snapshot_11_29_2015_18_0.json	1448838000.0	28.3	3375	1053
snapshot_11_29_2015_6_0.json	1448794800.0	28.3	3375	1051
snapshot_11_30_2015_0_0.json	1448859600.0	28.3	3375	1046
snapshot_11_30_2015_12_0.json	1448902800.0	28.3	3375	1041
snapshot_11_30_2015_18_0.json	1448924400.0	28.3	3375	1042
snapshot_11_30_2015_6_0.json	1448881200.0	28.3	3375	1041
snapshot_12_1_2015_0_0.json	1448946000.0	28.3	3375	1051
snapshot_12_1_2015_12_0.json	1448989200.0	28.3	3375	1049
snapshot_12_1_2015_18_0.json	1449010800.0	28.3	3375	1043
snapshot_12_1_2015_6_0.json	1448967600.0	28.3	3375	1049
snapshot_12_2_2015_0_0.json	1449032400.0	28.3	3375	1037
snapshot_12_2_2015_12_0.json	1449075600.0	28.3	3375	1037
snapshot_12_2_2015_18_0.json	1449097200.0	28.3	3375	1037
snapshot_12_2_2015_6_0.json	1449054000.0	28.3	3375	1037
snapshot_12_3_2015_0_0.json	1449118800.0	28.24	3375	1046
snapshot_12_3_2015_12_0.json	1449162000.0	28.24	3375	1044
snapshot_12_3_2015_18_0.json	1449183600.0	28.24	3375	1044
snapshot_12_3_2015_6_0.json	1449140400.0	28.24	3375	1044
snapshot_12_4_2015_0_0.json	1449205200.0	28.24	3375	1036
snapshot_12_4_2015_12_0.json	1449248400.0	28.24	3375	1019
snapshot_12_4_2015_18_0.json	1449270000.0	28.24	3375	1015
snapshot_12_4_2015_6_0.json	1449226800.0	28.24	3375	1023
snapshot_12_5_2015_0_0.json	1449291600.0	28.24	3375	1002
snapshot_12_5_2015_12_0.json	1449334800.0	28.24	3375	999
snapshot_12_5_2015_18_0.json	1449356400.0	28.24	3375	999
snapshot_12_5_2015_6_0.json	1449313200.0	28.24	3375	1001
9250171	2015-12-29T03:00:00Z	Motley Crue	STAPLES Center	California Los Angeles Metro|10	90015
snapshot_11_16_2015_0_0.json	1447650000.0	28.3	3750	998
snapshot_11_17_2015_0_0.json	1447736400.0	28.3	3750	1002
snapshot_11_17_2015_12_0.json	1447779600.0	28.3	3750	994
snapshot_11_17_2015_18_0.json	1447801200.0	28.3	3750	1053
snapshot_11_17_2015_6_0.json	1447758000.0	28.3	3750	1000
snapshot_11_18_2015_0_0.json	1447822800.0	28.3	3750	1054
snapshot_11_18_2015_12_0.json	1447866000.0	28.3	3750	1053
snapshot_11_18_2015_18_0.json	1447887600.0	28.3	3750	1053
snapshot_11_18_2015_6_0.json	1447844400.0	28.3	3750	1053
snapshot_11_18_2015_6_0.json	1447844400.0	28.3	3750	1053
snapshot_11_19_2015_0_0.json	1447909200.0	28.3	3375	1047
snapshot_11_19_2015_12_0.json	1447952400.0	28.3	3375	1051
snapshot_11_19_2015_6_0.json	1447930800.0	28.3	3375	1051
snapshot_11_20_2015_0_0.json	1447995600.0	28.3	3375	1077
snapshot_11_20_2015_12_0.json	1448038800.0	28.3	3375	1077
snapshot_11_21_2015_12_0.json	1448125200.0	28.3	3375	1072
snapshot_11_21_2015_18_0.json	1448146800.0	28.3	3375	1072
snapshot_11_22_2015_0_0.json	1448168400.0	28.3	3375	1070
snapshot_11_22_2015_12_0.json	1448211600.0	28.3	3375	1070
snapshot_11_22_2015_18_0.json	1448233200.0	28.3	3375	1068
snapshot_11_22_2015_6_0.json	1448190000.0	28.3	3375	1070
snapshot_11_23_2015_0_0.json	1448254800.0	28.3	3375	1068
snapshot_11_23_2015_12_0.json	1448298000.0	28.3	3375	1068
snapshot_11_23_2015_18_0.json	1448319600.0	28.3	3375	1068
snapshot_11_23_2015_6_0.json	1448276400.0	28.3	3375	1068
snapshot_11_23_2015_6_0.json	1448276400.0	28.3	3375	1068
snapshot_11_24_2015_0_0.json	1448341200.0	28.3	3375	1062
snapshot_11_24_2015_12_0.json	1448384400.0	28.3	3375	1059
snapshot_11_24_2015_18_0.json	1448406000.0	28.3	3375	1059
snapshot_11_24_2015_6_0.json	1448362800.0	28.3	3375	1059
snapshot_11_25_2015_0_0.json	1448427600.0	28.3	3375	1059
snapshot_11_25_2015_12_0.json	1448470800.0	28.3	3375	1061
snapshot_11_25_2015_18_0.json	1448492400.0	28.3	3375	1056
snapshot_11_25_2015_6_0.json	1448449200.0	28.3	3375	1057
snapshot_11_26_2015_0_0.json	1448514000.0	28.3	3375	1047
snapshot_11_27_2015_18_0.json	1448665200.0	28.3	3375	1063
snapshot_11_28_2015_0_0.json	1448686800.0	28.3	3375	1061
snapshot_11_28_2015_12_0.json	1448730000.0	28.3	3375	1057
snapshot_11_28_2015_18_0.json	1448751600.0	28.3	3375	1053
snapshot_11_28_2015_6_0.json	1448708400.0	28.3	3375	1059
snapshot_11_29_2015_0_0.json	1448773200.0	28.3	3375	1051
snapshot_11_29_2015_12_0.json	1448816400.0	28.3	3375	1051
snapshot_11_29_2015_18_0.json	1448838000.0	28.3	3375	1053
snapshot_11_29_2015_6_0.json	1448794800.0	28.3	3375	1051
snapshot_11_30_2015_0_0.json	1448859600.0	28.3	3375	1046
snapshot_11_30_2015_12_0.json	1448902800.0	28.3	3375	1041
snapshot_11_30_2015_18_0.json	1448924400.0	28.3	3375	1042
snapshot_11_30_2015_6_0.json	1448881200.0	28.3	3375	1041
snapshot_12_1_2015_0_0.json	1448946000.0	28.3	3375	1051
snapshot_12_1_2015_12_0.json	1448989200.0	28.3	3375	1049
snapshot_12_1_2015_18_0.json	1449010800.0	28.3	3375	1043
snapshot_12_1_2015_6_0.json	1448967600.0	28.3	3375	1049
snapshot_12_2_2015_0_0.json	1449032400.0	28.3	3375	1037
snapshot_12_2_2015_12_0.json	1449075600.0	28.3	3375	1037
snapshot_12_2_2015_18_0.json	1449097200.0	28.3	3375	1037
snapshot_12_2_2015_6_0.json	1449054000.0	28.3	3375	1037
snapshot_12_3_2015_0_0.json	1449118800.0	28.24	3375	1046
snapshot_12_3_2015_12_0.json	1449162000.0	28.24	3375	1044
snapshot_12_3_2015_18_0.json	1449183600.0	28.24	3375	1044
snapshot_12_3_2015_6_0.json	1449140400.0	28.24	3375	1044
snapshot_12_4_2015_0_0.json	1449205200.0	28.24	3375	1036
snapshot_12_4_2015_12_0.json	1449248400.0	28.24	3375	1019
snapshot_12_4_2015_18_0.json	1449270000.0	28.24	3375	1015
snapshot_12_4_2015_6_0.json	1449226800.0	28.24	3375	1023
snapshot_12_5_2015_0_0.json	1449291600.0	28.24	3375	1002
snapshot_12_5_2015_12_0.json	1449334800.0	28.24	3375	999
snapshot_12_5_2015_18_0.json	1449356400.0	28.24	3375	999
snapshot_12_5_2015_6_0.json	1449313200.0	28.24	3375	1001
9250171	2015-12-29T03:00:00Z	Motley Crue	STAPLES Center	California Los Angeles Metro|10	90015
snapshot_11_16_2015_0_0.json	1447650000.0	28.3	3750	998
snapshot_11_17_2015_0_0.json	1447736400.0	28.3	3750	1002
snapshot_11_17_2015_12_0.json	1447779600.0	28.3	3750	994
snapshot_11_17_2015_18_0.json	1447801200.0	28.3	3750	1053
snapshot_11_17_2015_6_0.json	1447758000.0	28.3	3750	1000
snapshot_11_18_2015_0_0.json	1447822800.0	28.3	3750	1054
snapshot_11_18_2015_12_0.json	1447866000.0	28.3	3750	1053
snapshot_11_18_2015_18_0.json	1447887600.0	28.3	3750	1053
snapshot_11_18_2015_6_0.json	1447844400.0	28.3	3750	1053
snapshot_11_18_2015_6_0.json	1447844400.0	28.3	3750	1053
snapshot_11_19_2015_0_0.json	1447909200.0	28.3	3375	1047
snapshot_11_19_2015_12_0.json	1447952400.0	28.3	3375	1051
snapshot_11_19_2015_6_0.json	1447930800.0	28.3	3375	1051
snapshot_11_20_2015_0_0.json	1447995600.0	28.3	3375	1077
snapshot_11_20_2015_12_0.json	1448038800.0	28.3	3375	1077
snapshot_11_21_2015_12_0.json	1448125200.0	28.3	3375	1072
snapshot_11_21_2015_18_0.json	1448146800.0	28.3	3375	1072
snapshot_11_22_2015_0_0.json	1448168400.0	28.3	3375	1070
snapshot_11_22_2015_12_0.json	1448211600.0	28.3	3375	1070
snapshot_11_22_2015_18_0.json	1448233200.0	28.3	3375	1068
snapshot_11_22_2015_6_0.json	1448190000.0	28.3	3375	1070
snapshot_11_23_2015_0_0.json	1448254800.0	28.3	3375	1068
snapshot_11_23_2015_12_0.json	1448298000.0	28.3	3375	1068
snapshot_11_23_2015_18_0.json	1448319600.0	28.3	3375	1068
snapshot_11_23_2015_6_0.json	1448276400.0	28.3	3375	1068
snapshot_11_23_2015_6_0.json	1448276400.0	28.3	3375	1068
snapshot_11_24_2015_0_0.json	1448341200.0	28.3	3375	1062
snapshot_11_24_2015_12_0.json	1448384400.0	28.3	3375	1059
snapshot_11_24_2015_18_0.json	1448406000.0	28.3	3375	1059
snapshot_11_24_2015_6_0.json	1448362800.0	28.3	3375	1059
snapshot_11_25_2015_0_0.json	1448427600.0	28.3	3375	1059
snapshot_11_25_2015_12_0.json	1448470800.0	28.3	3375	1061
snapshot_11_25_2015_18_0.json	1448492400.0	28.3	3375	1056
snapshot_11_25_2015_6_0.json	1448449200.0	28.3	3375	1057
snapshot_11_26_2015_0_0.json	1448514000.0	28.3	3375	1047
snapshot_11_27_2015_18_0.json	1448665200.0	28.3	3375	1063
snapshot_11_28_2015_0_0.json	1448686800.0	28.3	3375	1061
snapshot_11_28_2015_12_0.json	1448730000.0	28.3	3375	1057
snapshot_11_28_2015_18_0.json	1448751600.0	28.3	3375	1053
snapshot_11_28_2015_6_0.json	1448708400.0	28.3	3375	1059
snapshot_11_29_2015_0_0.json	1448773200.0	28.3	3375	1051
snapshot_11_29_2015_12_0.json	1448816400.0	28.3	3375	1051
snapshot_11_29_2015_18_0.json	1448838000.0	28.3	3375	1053
snapshot_11_29_2015_6_0.json	1448794800.0	28.3	3375	1051
snapshot_11_30_2015_0_0.json	1448859600.0	28.3	3375	1046
snapshot_11_30_2015_12_0.json	1448902800.0	28.3	3375	1041
snapshot_11_30_2015_18_0.json	1448924400.0	28.3	3375	1042
snapshot_11_30_2015_6_0.json	1448881200.0	28.3	3375	1041
snapshot_12_1_2015_0_0.json	1448946000.0	28.3	3375	1051
snapshot_12_1_2015_12_0.json	1448989200.0	28.3	3375	1049
snapshot_12_1_2015_18_0.json	1449010800.0	28.3	3375	1043
snapshot_12_1_2015_6_0.json	1448967600.0	28.3	3375	1049
snapshot_12_2_2015_0_0.json	1449032400.0	28.3	3375	1037
snapshot_12_2_2015_12_0.json	1449075600.0	28.3	3375	1037
snapshot_12_2_2015_18_0.json	1449097200.0	28.3	3375	1037
snapshot_12_2_2015_6_0.json	1449054000.0	28.3	3375	1037
snapshot_12_3_2015_0_0.json	1449118800.0	28.24	3375	1046
snapshot_12_3_2015_12_0.json	1449162000.0	28.24	3375	1044
snapshot_12_3_2015_18_0.json	1449183600.0	28.24	3375	1044
snapshot_12_3_2015_6_0.json	1449140400.0	28.24	3375	1044
snapshot_12_4_2015_0_0.json	1449205200.0	28.24	3375	1036
snapshot_12_4_2015_12_0.json	1449248400.0	28.24	3375	1019
snapshot_12_4_2015_18_0.json	1449270000.0	28.24	3375	1015
snapshot_12_4_2015_6_0.json	1449226800.0	28.24	3375	1023
snapshot_12_5_2015_0_0.json	1449291600.0	28.24	3375	1002
snapshot_12_5_2015_12_0.json	1449334800.0	28.24	3375	999
snapshot_12_5_2015_18_0.json	1449356400.0	28.24	3375	999
snapshot_12_5_2015_6_0.json	1449313200.0	28.24	3375	1001
9250171	2015-12-29T03:00:00Z	Motley Crue	STAPLES Center	California Los Angeles Metro|10	90015
snapshot_11_16_2015_0_0.json	1447650000.0	28.3	3750	998
snapshot_11_17_2015_0_0.json	1447736400.0	28.3	3750	1002
snapshot_11_17_2015_12_0.json	1447779600.0	28.3	3750	994
snapshot_11_17_2015_18_0.json	1447801200.0	28.3	3750	1053
snapshot_11_17_2015_6_0.json	1447758000.0	28.3	3750	1000
snapshot_11_18_2015_0_0.json	1447822800.0	28.3	3750	1054
snapshot_11_18_2015_12_0.json	1447866000.0	28.3	3750	1053
snapshot_11_18_2015_18_0.json	1447887600.0	28.3	3750	1053
snapshot_11_18_2015_6_0.json	1447844400.0	28.3	3750	1053
snapshot_11_18_2015_6_0.json	1447844400.0	28.3	3750	1053
snapshot_11_19_2015_0_0.json	1447909200.0	28.3	3375	1047
snapshot_11_19_2015_12_0.json	1447952400.0	28.3	3375	1051
snapshot_11_19_2015_6_0.json	1447930800.0	28.3	3375	1051
snapshot_11_20_2015_0_0.json	1447995600.0	28.3	3375	1077
snapshot_11_20_2015_12_0.json	1448038800.0	28.3	3375	1077
snapshot_11_21_2015_12_0.json	1448125200.0	28.3	3375	1072
snapshot_11_21_2015_18_0.json	1448146800.0	28.3	3375	1072
snapshot_11_22_2015_0_0.json	1448168400.0	28.3	3375	1070
snapshot_11_22_2015_12_0.json	1448211600.0	28.3	3375	1070
snapshot_11_22_2015_18_0.json	1448233200.0	28.3	3375	1068
snapshot_11_22_2015_6_0.json	1448190000.0	28.3	3375	1070
snapshot_11_23_2015_0_0.json	1448254800.0	28.3	3375	1068
snapshot_11_23_2015_12_0.json	1448298000.0	28.3	3375	1068
snapshot_11_23_2015_18_0.json	1448319600.0	28.3	3375	1068
snapshot_11_23_2015_6_0.json	1448276400.0	28.3	3375	1068
snapshot_11_23_2015_6_0.json	1448276400.0	28.3	3375	1068
snapshot_11_24_2015_0_0.json	1448341200.0	28.3	3375	1062
snapshot_11_24_2015_12_0.json	1448384400.0	28.3	3375	1059
snapshot_11_24_2015_18_0.json	1448406000.0	28.3	3375	1059
snapshot_11_24_2015_6_0.json	1448362800.0	28.3	3375	1059
snapshot_11_25_2015_0_0.json	1448427600.0	28.3	3375	1059
snapshot_11_25_2015_12_0.json	1448470800.0	28.3	3375	1061
snapshot_11_25_2015_18_0.json	1448492400.0	28.3	3375	1056
snapshot_11_25_2015_6_0.json	1448449200.0	28.3	3375	1057
snapshot_11_26_2015_0_0.json	1448514000.0	28.3	3375	1047
snapshot_11_27_2015_18_0.json	1448665200.0	28.3	3375	1063
snapshot_11_28_2015_0_0.json	1448686800.0	28.3	3375	1061
snapshot_11_28_2015_12_0.json	1448730000.0	28.3	3375	1057
snapshot_11_28_2015_18_0.json	1448751600.0	28.3	3375	1053
snapshot_11_28_2015_6_0.json	1448708400.0	28.3	3375	1059
snapshot_11_29_2015_0_0.json	1448773200.0	28.3	3375	1051
snapshot_11_29_2015_12_0.json	1448816400.0	28.3	3375	1051
snapshot_11_29_2015_18_0.json	1448838000.0	28.3	3375	1053
snapshot_11_29_2015_6_0.json	1448794800.0	28.3	3375	1051
snapshot_11_30_2015_0_0.json	1448859600.0	28.3	3375	1046
snapshot_11_30_2015_12_0.json	1448902800.0	28.3	3375	1041
snapshot_11_30_2015_18_0.json	1448924400.0	28.3	3375	1042
snapshot_11_30_2015_6_0.json	1448881200.0	28.3	3375	1041
snapshot_12_1_2015_0_0.json	1448946000.0	28.3	3375	1051
snapshot_12_1_2015_12_0.json	1448989200.0	28.3	3375	1049
snapshot_12_1_2015_18_0.json	1449010800.0	28.3	3375	1043
snapshot_12_1_2015_6_0.json	1448967600.0	28.3	3375	1049
snapshot_12_2_2015_0_0.json	1449032400.0	28.3	3375	1037
snapshot_12_2_2015_12_0.json	1449075600.0	28.3	3375	1037
snapshot_12_2_2015_18_0.json	1449097200.0	28.3	3375	1037
snapshot_12_2_2015_6_0.json	1449054000.0	28.3	3375	1037
snapshot_12_3_2015_0_0.json	1449118800.0	28.24	3375	1046
snapshot_12_3_2015_12_0.json	1449162000.0	28.24	3375	1044
snapshot_12_3_2015_18_0.json	1449183600.0	28.24	3375	1044
snapshot_12_3_2015_6_0.json	1449140400.0	28.24	3375	1044
snapshot_12_4_2015_0_0.json	1449205200.0	28.24	3375	1036
snapshot_12_4_2015_12_0.json	1449248400.0	28.24	3375	1019
snapshot_12_4_2015_18_0.json	1449270000.0	28.24	3375	1015
snapshot_12_4_2015_6_0.json	1449226800.0	28.24	3375	1023
snapshot_12_5_2015_0_0.json	1449291600.0	28.24	3375	1002
snapshot_12_5_2015_12_0.json	1449334800.0	28.24	3375	999
snapshot_12_5_2015_18_0.json	1449356400.0	28.24	3375	999
snapshot_12_5_2015_6_0.json	1449313200.0	28.24	3375	1001
