9252973	2016-02-20T03:30:00Z	Disney On Ice Frozen	SAP Center	California SF Bay Area|81	95113
snapshot_11_16_2015_0_0.json	1447650000.0	55.15	219	549
snapshot_11_17_2015_0_0.json	1447736400.0	55.15	219	549
snapshot_11_17_2015_12_0.json	1447779600.0	55.15	203	549
snapshot_11_17_2015_6_0.json	1447758000.0	55.15	203	549
snapshot_11_18_2015_0_0.json	1447822800.0	55.15	203	549
snapshot_11_18_2015_18_0.json	1447887600.0	55.15	203	549
snapshot_11_18_2015_18_0.json	1447887600.0	55.15	203	549
snapshot_11_19_2015_0_0.json	1447909200.0	55.15	203	549
snapshot_11_19_2015_0_0.json	1447909200.0	55.15	203	549
snapshot_11_19_2015_12_0.json	1447952400.0	55.15	203	541
snapshot_11_20_2015_0_0.json	1447995600.0	55.15	203	514
snapshot_11_20_2015_12_0.json	1448038800.0	55.15	203	514
snapshot_11_21_2015_12_0.json	1448125200.0	55.15	892	569
snapshot_11_21_2015_18_0.json	1448146800.0	55.15	628	569
snapshot_11_22_2015_12_0.json	1448211600.0	55.15	892	557
snapshot_11_22_2015_18_0.json	1448233200.0	55.15	332	555
snapshot_11_22_2015_18_0.json	1448233200.0	55.15	332	555
snapshot_11_22_2015_6_0.json	1448190000.0	55.15	336	555
snapshot_11_23_2015_0_0.json	1448254800.0	55.15	223	555
snapshot_11_23_2015_12_0.json	1448298000.0	55.15	892	559
snapshot_11_23_2015_18_0.json	1448319600.0	55.15	892	551
snapshot_11_23_2015_6_0.json	1448276400.0	55.15	223	555
snapshot_11_23_2015_6_0.json	1448276400.0	55.15	223	555
snapshot_11_24_2015_0_0.json	1448341200.0	55.15	628	553
snapshot_11_24_2015_12_0.json	1448384400.0	55.15	892	571
snapshot_11_24_2015_12_0.json	1448384400.0	55.15	892	571
snapshot_11_24_2015_18_0.json	1448406000.0	55.15	223	555
snapshot_11_24_2015_6_0.json	1448362800.0	55.15	223	553
snapshot_11_25_2015_0_0.json	1448427600.0	55.15	223	555
snapshot_11_25_2015_0_0.json	1448427600.0	55.15	223	555
snapshot_11_25_2015_18_0.json	1448492400.0	55.15	332	560
snapshot_11_25_2015_6_0.json	1448449200.0	55.15	284	555
snapshot_11_26_2015_0_0.json	1448514000.0	55.15	336	555
snapshot_11_26_2015_0_0.json	1448514000.0	55.15	336	555
snapshot_11_27_2015_18_0.json	1448665200.0	55.15	223	555
snapshot_11_28_2015_12_0.json	1448730000.0	55.15	892	584
snapshot_11_28_2015_18_0.json	1448751600.0	55.15	516	567
snapshot_11_29_2015_0_0.json	1448773200.0	55.15	223	567
snapshot_11_29_2015_0_0.json	1448773200.0	55.15	223	567
snapshot_11_29_2015_12_0.json	1448816400.0	55.15	892	584
snapshot_11_29_2015_18_0.json	1448838000.0	55.15	223	567
snapshot_11_29_2015_6_0.json	1448794800.0	55.15	223	567
snapshot_11_29_2015_6_0.json	1448794800.0	55.15	223	567
snapshot_11_30_2015_0_0.json	1448859600.0	55.15	223	567
snapshot_11_30_2015_0_0.json	1448859600.0	55.15	223	567
snapshot_11_30_2015_12_0.json	1448902800.0	55.15	892	584
snapshot_11_30_2015_18_0.json	1448924400.0	55.15	223	567
snapshot_11_30_2015_6_0.json	1448881200.0	55.15	223	567
snapshot_12_1_2015_18_0.json	1449010800.0	55.15	223	560
snapshot_12_1_2015_6_0.json	1448967600.0	55.15	332	568
snapshot_12_2_2015_12_0.json	1449075600.0	55.15	892	574
snapshot_12_2_2015_18_0.json	1449097200.0	55.15	223	553
snapshot_12_3_2015_0_0.json	1449118800.0	55.15	628	565
snapshot_12_3_2015_12_0.json	1449162000.0	55.15	203	520
snapshot_12_3_2015_18_0.json	1449183600.0	55.15	223	566
snapshot_12_3_2015_6_0.json	1449140400.0	55.15	892	561
snapshot_12_4_2015_0_0.json	1449205200.0	55.15	223	563
snapshot_12_4_2015_12_0.json	1449248400.0	55.15	892	577
snapshot_12_4_2015_18_0.json	1449270000.0	55.15	223	563
snapshot_12_4_2015_6_0.json	1449226800.0	55.15	223	563
snapshot_12_5_2015_0_0.json	1449291600.0	55.15	223	560
snapshot_12_5_2015_12_0.json	1449334800.0	55.15	892	578
snapshot_12_5_2015_18_0.json	1449356400.0	55.15	223	560
snapshot_12_5_2015_6_0.json	1449313200.0	55.15	223	560
9252973	2016-02-20T03:30:00Z	Disney On Ice Frozen	SAP Center	California SF Bay Area|81	95113
snapshot_11_16_2015_0_0.json	1447650000.0	55.15	219	549
snapshot_11_17_2015_0_0.json	1447736400.0	55.15	219	549
snapshot_11_17_2015_12_0.json	1447779600.0	55.15	203	549
snapshot_11_17_2015_6_0.json	1447758000.0	55.15	203	549
snapshot_11_18_2015_0_0.json	1447822800.0	55.15	203	549
snapshot_11_18_2015_18_0.json	1447887600.0	55.15	203	549
snapshot_11_18_2015_18_0.json	1447887600.0	55.15	203	549
snapshot_11_19_2015_0_0.json	1447909200.0	55.15	203	549
snapshot_11_19_2015_0_0.json	1447909200.0	55.15	203	549
snapshot_11_19_2015_12_0.json	1447952400.0	55.15	203	541
snapshot_11_20_2015_0_0.json	1447995600.0	55.15	203	514
snapshot_11_20_2015_12_0.json	1448038800.0	55.15	203	514
snapshot_11_21_2015_12_0.json	1448125200.0	55.15	892	569
snapshot_11_21_2015_18_0.json	1448146800.0	55.15	628	569
snapshot_11_22_2015_12_0.json	1448211600.0	55.15	892	557
snapshot_11_22_2015_18_0.json	1448233200.0	55.15	332	555
snapshot_11_22_2015_18_0.json	1448233200.0	55.15	332	555
snapshot_11_22_2015_6_0.json	1448190000.0	55.15	336	555
snapshot_11_23_2015_0_0.json	1448254800.0	55.15	223	555
snapshot_11_23_2015_12_0.json	1448298000.0	55.15	892	559
snapshot_11_23_2015_18_0.json	1448319600.0	55.15	892	551
snapshot_11_23_2015_6_0.json	1448276400.0	55.15	223	555
snapshot_11_23_2015_6_0.json	1448276400.0	55.15	223	555
snapshot_11_24_2015_0_0.json	1448341200.0	55.15	628	553
snapshot_11_24_2015_12_0.json	1448384400.0	55.15	892	571
snapshot_11_24_2015_12_0.json	1448384400.0	55.15	892	571
snapshot_11_24_2015_18_0.json	1448406000.0	55.15	223	555
snapshot_11_24_2015_6_0.json	1448362800.0	55.15	223	553
snapshot_11_25_2015_0_0.json	1448427600.0	55.15	223	555
snapshot_11_25_2015_0_0.json	1448427600.0	55.15	223	555
snapshot_11_25_2015_18_0.json	1448492400.0	55.15	332	560
snapshot_11_25_2015_6_0.json	1448449200.0	55.15	284	555
snapshot_11_26_2015_0_0.json	1448514000.0	55.15	336	555
snapshot_11_26_2015_0_0.json	1448514000.0	55.15	336	555
snapshot_11_27_2015_18_0.json	1448665200.0	55.15	223	555
snapshot_11_28_2015_12_0.json	1448730000.0	55.15	892	584
snapshot_11_28_2015_18_0.json	1448751600.0	55.15	516	567
snapshot_11_29_2015_0_0.json	1448773200.0	55.15	223	567
snapshot_11_29_2015_0_0.json	1448773200.0	55.15	223	567
snapshot_11_29_2015_12_0.json	1448816400.0	55.15	892	584
snapshot_11_29_2015_18_0.json	1448838000.0	55.15	223	567
snapshot_11_29_2015_6_0.json	1448794800.0	55.15	223	567
snapshot_11_29_2015_6_0.json	1448794800.0	55.15	223	567
snapshot_11_30_2015_0_0.json	1448859600.0	55.15	223	567
snapshot_11_30_2015_0_0.json	1448859600.0	55.15	223	567
snapshot_11_30_2015_12_0.json	1448902800.0	55.15	892	584
snapshot_11_30_2015_18_0.json	1448924400.0	55.15	223	567
snapshot_11_30_2015_6_0.json	1448881200.0	55.15	223	567
snapshot_12_1_2015_18_0.json	1449010800.0	55.15	223	560
snapshot_12_1_2015_6_0.json	1448967600.0	55.15	332	568
snapshot_12_2_2015_12_0.json	1449075600.0	55.15	892	574
snapshot_12_2_2015_18_0.json	1449097200.0	55.15	223	553
snapshot_12_3_2015_0_0.json	1449118800.0	55.15	628	565
snapshot_12_3_2015_12_0.json	1449162000.0	55.15	203	520
snapshot_12_3_2015_18_0.json	1449183600.0	55.15	223	566
snapshot_12_3_2015_6_0.json	1449140400.0	55.15	892	561
snapshot_12_4_2015_0_0.json	1449205200.0	55.15	223	563
snapshot_12_4_2015_12_0.json	1449248400.0	55.15	892	577
snapshot_12_4_2015_18_0.json	1449270000.0	55.15	223	563
snapshot_12_4_2015_6_0.json	1449226800.0	55.15	223	563
snapshot_12_5_2015_0_0.json	1449291600.0	55.15	223	560
snapshot_12_5_2015_12_0.json	1449334800.0	55.15	892	578
snapshot_12_5_2015_18_0.json	1449356400.0	55.15	223	560
snapshot_12_5_2015_6_0.json	1449313200.0	55.15	223	560
9252973	2016-02-20T03:30:00Z	Disney On Ice Frozen	SAP Center	California SF Bay Area|81	95113
snapshot_11_16_2015_0_0.json	1447650000.0	55.15	219	549
snapshot_11_17_2015_0_0.json	1447736400.0	55.15	219	549
snapshot_11_17_2015_12_0.json	1447779600.0	55.15	203	549
snapshot_11_17_2015_6_0.json	1447758000.0	55.15	203	549
snapshot_11_18_2015_0_0.json	1447822800.0	55.15	203	549
snapshot_11_18_2015_18_0.json	1447887600.0	55.15	203	549
snapshot_11_18_2015_18_0.json	1447887600.0	55.15	203	549
snapshot_11_19_2015_0_0.json	1447909200.0	55.15	203	549
snapshot_11_19_2015_0_0.json	1447909200.0	55.15	203	549
snapshot_11_19_2015_12_0.json	1447952400.0	55.15	203	541
snapshot_11_20_2015_0_0.json	1447995600.0	55.15	203	514
snapshot_11_20_2015_12_0.json	1448038800.0	55.15	203	514
snapshot_11_21_2015_12_0.json	1448125200.0	55.15	892	569
snapshot_11_21_2015_18_0.json	1448146800.0	55.15	628	569
snapshot_11_22_2015_12_0.json	1448211600.0	55.15	892	557
snapshot_11_22_2015_18_0.json	1448233200.0	55.15	332	555
snapshot_11_22_2015_18_0.json	1448233200.0	55.15	332	555
snapshot_11_22_2015_6_0.json	1448190000.0	55.15	336	555
snapshot_11_23_2015_0_0.json	1448254800.0	55.15	223	555
snapshot_11_23_2015_12_0.json	1448298000.0	55.15	892	559
snapshot_11_23_2015_18_0.json	1448319600.0	55.15	892	551
snapshot_11_23_2015_6_0.json	1448276400.0	55.15	223	555
snapshot_11_23_2015_6_0.json	1448276400.0	55.15	223	555
snapshot_11_24_2015_0_0.json	1448341200.0	55.15	628	553
snapshot_11_24_2015_12_0.json	1448384400.0	55.15	892	571
snapshot_11_24_2015_12_0.json	1448384400.0	55.15	892	571
snapshot_11_24_2015_18_0.json	1448406000.0	55.15	223	555
snapshot_11_24_2015_6_0.json	1448362800.0	55.15	223	553
snapshot_11_25_2015_0_0.json	1448427600.0	55.15	223	555
snapshot_11_25_2015_0_0.json	1448427600.0	55.15	223	555
snapshot_11_25_2015_18_0.json	1448492400.0	55.15	332	560
snapshot_11_25_2015_6_0.json	1448449200.0	55.15	284	555
snapshot_11_26_2015_0_0.json	1448514000.0	55.15	336	555
snapshot_11_26_2015_0_0.json	1448514000.0	55.15	336	555
snapshot_11_27_2015_18_0.json	1448665200.0	55.15	223	555
snapshot_11_28_2015_12_0.json	1448730000.0	55.15	892	584
snapshot_11_28_2015_18_0.json	1448751600.0	55.15	516	567
snapshot_11_29_2015_0_0.json	1448773200.0	55.15	223	567
snapshot_11_29_2015_0_0.json	1448773200.0	55.15	223	567
snapshot_11_29_2015_12_0.json	1448816400.0	55.15	892	584
snapshot_11_29_2015_18_0.json	1448838000.0	55.15	223	567
snapshot_11_29_2015_6_0.json	1448794800.0	55.15	223	567
snapshot_11_29_2015_6_0.json	1448794800.0	55.15	223	567
snapshot_11_30_2015_0_0.json	1448859600.0	55.15	223	567
snapshot_11_30_2015_0_0.json	1448859600.0	55.15	223	567
snapshot_11_30_2015_12_0.json	1448902800.0	55.15	892	584
snapshot_11_30_2015_18_0.json	1448924400.0	55.15	223	567
snapshot_11_30_2015_6_0.json	1448881200.0	55.15	223	567
snapshot_12_1_2015_18_0.json	1449010800.0	55.15	223	560
snapshot_12_1_2015_6_0.json	1448967600.0	55.15	332	568
snapshot_12_2_2015_12_0.json	1449075600.0	55.15	892	574
snapshot_12_2_2015_18_0.json	1449097200.0	55.15	223	553
snapshot_12_3_2015_0_0.json	1449118800.0	55.15	628	565
snapshot_12_3_2015_12_0.json	1449162000.0	55.15	203	520
snapshot_12_3_2015_18_0.json	1449183600.0	55.15	223	566
snapshot_12_3_2015_6_0.json	1449140400.0	55.15	892	561
snapshot_12_4_2015_0_0.json	1449205200.0	55.15	223	563
snapshot_12_4_2015_12_0.json	1449248400.0	55.15	892	577
snapshot_12_4_2015_18_0.json	1449270000.0	55.15	223	563
snapshot_12_4_2015_6_0.json	1449226800.0	55.15	223	563
snapshot_12_5_2015_0_0.json	1449291600.0	55.15	223	560
snapshot_12_5_2015_12_0.json	1449334800.0	55.15	892	578
snapshot_12_5_2015_18_0.json	1449356400.0	55.15	223	560
snapshot_12_5_2015_6_0.json	1449313200.0	55.15	223	560
9252973	2016-02-20T03:30:00Z	Disney On Ice Frozen	SAP Center	California SF Bay Area|81	95113
snapshot_11_16_2015_0_0.json	1447650000.0	55.15	219	549
snapshot_11_17_2015_0_0.json	1447736400.0	55.15	219	549
snapshot_11_17_2015_12_0.json	1447779600.0	55.15	203	549
snapshot_11_17_2015_6_0.json	1447758000.0	55.15	203	549
snapshot_11_18_2015_0_0.json	1447822800.0	55.15	203	549
snapshot_11_18_2015_18_0.json	1447887600.0	55.15	203	549
snapshot_11_18_2015_18_0.json	1447887600.0	55.15	203	549
snapshot_11_19_2015_0_0.json	1447909200.0	55.15	203	549
snapshot_11_19_2015_0_0.json	1447909200.0	55.15	203	549
snapshot_11_19_2015_12_0.json	1447952400.0	55.15	203	541
snapshot_11_20_2015_0_0.json	1447995600.0	55.15	203	514
snapshot_11_20_2015_12_0.json	1448038800.0	55.15	203	514
snapshot_11_21_2015_12_0.json	1448125200.0	55.15	892	569
snapshot_11_21_2015_18_0.json	1448146800.0	55.15	628	569
snapshot_11_22_2015_12_0.json	1448211600.0	55.15	892	557
snapshot_11_22_2015_18_0.json	1448233200.0	55.15	332	555
snapshot_11_22_2015_18_0.json	1448233200.0	55.15	332	555
snapshot_11_22_2015_6_0.json	1448190000.0	55.15	336	555
snapshot_11_23_2015_0_0.json	1448254800.0	55.15	223	555
snapshot_11_23_2015_12_0.json	1448298000.0	55.15	892	559
snapshot_11_23_2015_18_0.json	1448319600.0	55.15	892	551
snapshot_11_23_2015_6_0.json	1448276400.0	55.15	223	555
snapshot_11_23_2015_6_0.json	1448276400.0	55.15	223	555
snapshot_11_24_2015_0_0.json	1448341200.0	55.15	628	553
snapshot_11_24_2015_12_0.json	1448384400.0	55.15	892	571
snapshot_11_24_2015_12_0.json	1448384400.0	55.15	892	571
snapshot_11_24_2015_18_0.json	1448406000.0	55.15	223	555
snapshot_11_24_2015_6_0.json	1448362800.0	55.15	223	553
snapshot_11_25_2015_0_0.json	1448427600.0	55.15	223	555
snapshot_11_25_2015_0_0.json	1448427600.0	55.15	223	555
snapshot_11_25_2015_18_0.json	1448492400.0	55.15	332	560
snapshot_11_25_2015_6_0.json	1448449200.0	55.15	284	555
snapshot_11_26_2015_0_0.json	1448514000.0	55.15	336	555
snapshot_11_26_2015_0_0.json	1448514000.0	55.15	336	555
snapshot_11_27_2015_18_0.json	1448665200.0	55.15	223	555
snapshot_11_28_2015_12_0.json	1448730000.0	55.15	892	584
snapshot_11_28_2015_18_0.json	1448751600.0	55.15	516	567
snapshot_11_29_2015_0_0.json	1448773200.0	55.15	223	567
snapshot_11_29_2015_0_0.json	1448773200.0	55.15	223	567
snapshot_11_29_2015_12_0.json	1448816400.0	55.15	892	584
snapshot_11_29_2015_18_0.json	1448838000.0	55.15	223	567
snapshot_11_29_2015_6_0.json	1448794800.0	55.15	223	567
snapshot_11_29_2015_6_0.json	1448794800.0	55.15	223	567
snapshot_11_30_2015_0_0.json	1448859600.0	55.15	223	567
snapshot_11_30_2015_0_0.json	1448859600.0	55.15	223	567
snapshot_11_30_2015_12_0.json	1448902800.0	55.15	892	584
snapshot_11_30_2015_18_0.json	1448924400.0	55.15	223	567
snapshot_11_30_2015_6_0.json	1448881200.0	55.15	223	567
snapshot_12_1_2015_18_0.json	1449010800.0	55.15	223	560
snapshot_12_1_2015_6_0.json	1448967600.0	55.15	332	568
snapshot_12_2_2015_12_0.json	1449075600.0	55.15	892	574
snapshot_12_2_2015_18_0.json	1449097200.0	55.15	223	553
snapshot_12_3_2015_0_0.json	1449118800.0	55.15	628	565
snapshot_12_3_2015_12_0.json	1449162000.0	55.15	203	520
snapshot_12_3_2015_18_0.json	1449183600.0	55.15	223	566
snapshot_12_3_2015_6_0.json	1449140400.0	55.15	892	561
snapshot_12_4_2015_0_0.json	1449205200.0	55.15	223	563
snapshot_12_4_2015_12_0.json	1449248400.0	55.15	892	577
snapshot_12_4_2015_18_0.json	1449270000.0	55.15	223	563
snapshot_12_4_2015_6_0.json	1449226800.0	55.15	223	563
snapshot_12_5_2015_0_0.json	1449291600.0	55.15	223	560
snapshot_12_5_2015_12_0.json	1449334800.0	55.15	892	578
snapshot_12_5_2015_18_0.json	1449356400.0	55.15	223	560
snapshot_12_5_2015_6_0.json	1449313200.0	55.15	223	560
