9252966	2016-02-21T23:00:00Z	Disney On Ice Frozen	SAP Center	California SF Bay Area|81	95113
snapshot_11_16_2015_0_0.json	1447650000.0	52.81	792	1906
snapshot_11_17_2015_0_0.json	1447736400.0	52.81	350	1906
snapshot_11_17_2015_6_0.json	1447758000.0	52.81	350	1906
snapshot_11_18_2015_0_0.json	1447822800.0	52.81	350	1904
snapshot_11_18_2015_12_0.json	1447866000.0	52.81	808	1904
snapshot_11_18_2015_18_0.json	1447887600.0	52.81	350	1904
snapshot_11_18_2015_6_0.json	1447844400.0	52.81	350	1904
snapshot_11_19_2015_0_0.json	1447909200.0	52.81	808	1904
snapshot_11_19_2015_12_0.json	1447952400.0	52.81	896	1912
snapshot_11_20_2015_12_0.json	1448038800.0	52.81	896	1844
snapshot_11_21_2015_12_0.json	1448125200.0	52.81	896	1844
snapshot_11_21_2015_18_0.json	1448146800.0	52.81	350	1844
snapshot_11_21_2015_18_0.json	1448146800.0	52.81	350	1844
snapshot_11_22_2015_0_0.json	1448168400.0	52.81	350	1844
snapshot_11_22_2015_0_0.json	1448168400.0	52.81	350	1844
snapshot_11_22_2015_12_0.json	1448211600.0	52.81	896	1844
snapshot_11_22_2015_18_0.json	1448233200.0	52.81	350	1844
snapshot_11_22_2015_6_0.json	1448190000.0	52.81	350	1844
snapshot_11_22_2015_6_0.json	1448190000.0	52.81	350	1844
snapshot_11_23_2015_12_0.json	1448298000.0	52.81	896	1844
snapshot_11_23_2015_18_0.json	1448319600.0	52.81	896	1876
snapshot_11_24_2015_12_0.json	1448384400.0	52.81	896	1880
snapshot_11_24_2015_12_0.json	1448384400.0	52.81	896	1880
snapshot_11_24_2015_18_0.json	1448406000.0	52.81	350	1876
snapshot_11_25_2015_0_0.json	1448427600.0	52.81	350	1876
snapshot_11_25_2015_18_0.json	1448492400.0	52.81	350	1876
snapshot_11_25_2015_6_0.json	1448449200.0	52.81	350	1876
snapshot_11_27_2015_18_0.json	1448665200.0	52.81	350	1922
snapshot_11_28_2015_0_0.json	1448686800.0	52.81	544	1938
snapshot_11_28_2015_12_0.json	1448730000.0	52.81	896	1938
snapshot_11_28_2015_18_0.json	1448751600.0	52.81	350	1932
snapshot_11_28_2015_18_0.json	1448751600.0	52.81	350	1932
snapshot_11_28_2015_6_0.json	1448708400.0	52.81	350	1934
snapshot_11_29_2015_0_0.json	1448773200.0	52.81	456	1932
snapshot_11_29_2015_12_0.json	1448816400.0	52.81	896	1940
snapshot_11_29_2015_18_0.json	1448838000.0	52.81	350	1925
snapshot_11_29_2015_6_0.json	1448794800.0	52.81	536	1934
snapshot_11_30_2015_0_0.json	1448859600.0	52.81	350	1925
snapshot_11_30_2015_12_0.json	1448902800.0	52.81	896	1929
snapshot_11_30_2015_18_0.json	1448924400.0	52.81	896	1925
snapshot_11_30_2015_6_0.json	1448881200.0	52.81	350	1925
snapshot_12_1_2015_0_0.json	1448946000.0	52.81	350	1943
snapshot_12_1_2015_12_0.json	1448989200.0	52.81	896	1944
snapshot_12_1_2015_18_0.json	1449010800.0	52.81	350	1937
snapshot_12_2_2015_0_0.json	1449032400.0	52.81	350	1937
snapshot_12_2_2015_0_0.json	1449032400.0	52.81	350	1937
snapshot_12_2_2015_12_0.json	1449075600.0	61.41	896	1936
snapshot_12_2_2015_12_0.json	1449075600.0	61.41	896	1936
snapshot_12_2_2015_18_0.json	1449097200.0	58.66	350	1932
snapshot_12_3_2015_0_0.json	1449118800.0	58.66	350	1929
snapshot_12_3_2015_12_0.json	1449162000.0	61.41	350	1873
snapshot_12_3_2015_18_0.json	1449183600.0	58.66	350	1929
snapshot_12_3_2015_6_0.json	1449140400.0	61.41	896	1929
snapshot_12_4_2015_0_0.json	1449205200.0	58.66	350	1929
snapshot_12_4_2015_12_0.json	1449248400.0	61.41	896	1935
snapshot_12_4_2015_18_0.json	1449270000.0	58.66	350	1929
snapshot_12_4_2015_6_0.json	1449226800.0	61.41	892	1931
snapshot_12_5_2015_0_0.json	1449291600.0	58.66	350	1930
snapshot_12_5_2015_12_0.json	1449334800.0	61.41	900	1954
snapshot_12_5_2015_18_0.json	1449356400.0	58.66	350	1926
snapshot_12_5_2015_6_0.json	1449313200.0	61.41	536	1930
9252966	2016-02-21T23:00:00Z	Disney On Ice Frozen	SAP Center	California SF Bay Area|81	95113
snapshot_11_16_2015_0_0.json	1447650000.0	52.81	792	1906
snapshot_11_17_2015_0_0.json	1447736400.0	52.81	350	1906
snapshot_11_17_2015_6_0.json	1447758000.0	52.81	350	1906
snapshot_11_18_2015_0_0.json	1447822800.0	52.81	350	1904
snapshot_11_18_2015_12_0.json	1447866000.0	52.81	808	1904
snapshot_11_18_2015_18_0.json	1447887600.0	52.81	350	1904
snapshot_11_18_2015_6_0.json	1447844400.0	52.81	350	1904
snapshot_11_19_2015_0_0.json	1447909200.0	52.81	808	1904
snapshot_11_19_2015_12_0.json	1447952400.0	52.81	896	1912
snapshot_11_20_2015_12_0.json	1448038800.0	52.81	896	1844
snapshot_11_21_2015_12_0.json	1448125200.0	52.81	896	1844
snapshot_11_21_2015_18_0.json	1448146800.0	52.81	350	1844
snapshot_11_21_2015_18_0.json	1448146800.0	52.81	350	1844
snapshot_11_22_2015_0_0.json	1448168400.0	52.81	350	1844
snapshot_11_22_2015_0_0.json	1448168400.0	52.81	350	1844
snapshot_11_22_2015_12_0.json	1448211600.0	52.81	896	1844
snapshot_11_22_2015_18_0.json	1448233200.0	52.81	350	1844
snapshot_11_22_2015_6_0.json	1448190000.0	52.81	350	1844
snapshot_11_22_2015_6_0.json	1448190000.0	52.81	350	1844
snapshot_11_23_2015_12_0.json	1448298000.0	52.81	896	1844
snapshot_11_23_2015_18_0.json	1448319600.0	52.81	896	1876
snapshot_11_24_2015_12_0.json	1448384400.0	52.81	896	1880
snapshot_11_24_2015_12_0.json	1448384400.0	52.81	896	1880
snapshot_11_24_2015_18_0.json	1448406000.0	52.81	350	1876
snapshot_11_25_2015_0_0.json	1448427600.0	52.81	350	1876
snapshot_11_25_2015_18_0.json	1448492400.0	52.81	350	1876
snapshot_11_25_2015_6_0.json	1448449200.0	52.81	350	1876
snapshot_11_27_2015_18_0.json	1448665200.0	52.81	350	1922
snapshot_11_28_2015_0_0.json	1448686800.0	52.81	544	1938
snapshot_11_28_2015_12_0.json	1448730000.0	52.81	896	1938
snapshot_11_28_2015_18_0.json	1448751600.0	52.81	350	1932
snapshot_11_28_2015_18_0.json	1448751600.0	52.81	350	1932
snapshot_11_28_2015_6_0.json	1448708400.0	52.81	350	1934
snapshot_11_29_2015_0_0.json	1448773200.0	52.81	456	1932
snapshot_11_29_2015_12_0.json	1448816400.0	52.81	896	1940
snapshot_11_29_2015_18_0.json	1448838000.0	52.81	350	1925
snapshot_11_29_2015_6_0.json	1448794800.0	52.81	536	1934
snapshot_11_30_2015_0_0.json	1448859600.0	52.81	350	1925
snapshot_11_30_2015_12_0.json	1448902800.0	52.81	896	1929
snapshot_11_30_2015_18_0.json	1448924400.0	52.81	896	1925
snapshot_11_30_2015_6_0.json	1448881200.0	52.81	350	1925
snapshot_12_1_2015_0_0.json	1448946000.0	52.81	350	1943
snapshot_12_1_2015_12_0.json	1448989200.0	52.81	896	1944
snapshot_12_1_2015_18_0.json	1449010800.0	52.81	350	1937
snapshot_12_2_2015_0_0.json	1449032400.0	52.81	350	1937
snapshot_12_2_2015_0_0.json	1449032400.0	52.81	350	1937
snapshot_12_2_2015_12_0.json	1449075600.0	61.41	896	1936
snapshot_12_2_2015_12_0.json	1449075600.0	61.41	896	1936
snapshot_12_2_2015_18_0.json	1449097200.0	58.66	350	1932
snapshot_12_3_2015_0_0.json	1449118800.0	58.66	350	1929
snapshot_12_3_2015_12_0.json	1449162000.0	61.41	350	1873
snapshot_12_3_2015_18_0.json	1449183600.0	58.66	350	1929
snapshot_12_3_2015_6_0.json	1449140400.0	61.41	896	1929
snapshot_12_4_2015_0_0.json	1449205200.0	58.66	350	1929
snapshot_12_4_2015_12_0.json	1449248400.0	61.41	896	1935
snapshot_12_4_2015_18_0.json	1449270000.0	58.66	350	1929
snapshot_12_4_2015_6_0.json	1449226800.0	61.41	892	1931
snapshot_12_5_2015_0_0.json	1449291600.0	58.66	350	1930
snapshot_12_5_2015_12_0.json	1449334800.0	61.41	900	1954
snapshot_12_5_2015_18_0.json	1449356400.0	58.66	350	1926
snapshot_12_5_2015_6_0.json	1449313200.0	61.41	536	1930
9252966	2016-02-21T23:00:00Z	Disney On Ice Frozen	SAP Center	California SF Bay Area|81	95113
snapshot_11_16_2015_0_0.json	1447650000.0	52.81	792	1906
snapshot_11_17_2015_0_0.json	1447736400.0	52.81	350	1906
snapshot_11_17_2015_6_0.json	1447758000.0	52.81	350	1906
snapshot_11_18_2015_0_0.json	1447822800.0	52.81	350	1904
snapshot_11_18_2015_12_0.json	1447866000.0	52.81	808	1904
snapshot_11_18_2015_18_0.json	1447887600.0	52.81	350	1904
snapshot_11_18_2015_6_0.json	1447844400.0	52.81	350	1904
snapshot_11_19_2015_0_0.json	1447909200.0	52.81	808	1904
snapshot_11_19_2015_12_0.json	1447952400.0	52.81	896	1912
snapshot_11_20_2015_12_0.json	1448038800.0	52.81	896	1844
snapshot_11_21_2015_12_0.json	1448125200.0	52.81	896	1844
snapshot_11_21_2015_18_0.json	1448146800.0	52.81	350	1844
snapshot_11_21_2015_18_0.json	1448146800.0	52.81	350	1844
snapshot_11_22_2015_0_0.json	1448168400.0	52.81	350	1844
snapshot_11_22_2015_0_0.json	1448168400.0	52.81	350	1844
snapshot_11_22_2015_12_0.json	1448211600.0	52.81	896	1844
snapshot_11_22_2015_18_0.json	1448233200.0	52.81	350	1844
snapshot_11_22_2015_6_0.json	1448190000.0	52.81	350	1844
snapshot_11_22_2015_6_0.json	1448190000.0	52.81	350	1844
snapshot_11_23_2015_12_0.json	1448298000.0	52.81	896	1844
snapshot_11_23_2015_18_0.json	1448319600.0	52.81	896	1876
snapshot_11_24_2015_12_0.json	1448384400.0	52.81	896	1880
snapshot_11_24_2015_12_0.json	1448384400.0	52.81	896	1880
snapshot_11_24_2015_18_0.json	1448406000.0	52.81	350	1876
snapshot_11_25_2015_0_0.json	1448427600.0	52.81	350	1876
snapshot_11_25_2015_18_0.json	1448492400.0	52.81	350	1876
snapshot_11_25_2015_6_0.json	1448449200.0	52.81	350	1876
snapshot_11_27_2015_18_0.json	1448665200.0	52.81	350	1922
snapshot_11_28_2015_0_0.json	1448686800.0	52.81	544	1938
snapshot_11_28_2015_12_0.json	1448730000.0	52.81	896	1938
snapshot_11_28_2015_18_0.json	1448751600.0	52.81	350	1932
snapshot_11_28_2015_18_0.json	1448751600.0	52.81	350	1932
snapshot_11_28_2015_6_0.json	1448708400.0	52.81	350	1934
snapshot_11_29_2015_0_0.json	1448773200.0	52.81	456	1932
snapshot_11_29_2015_12_0.json	1448816400.0	52.81	896	1940
snapshot_11_29_2015_18_0.json	1448838000.0	52.81	350	1925
snapshot_11_29_2015_6_0.json	1448794800.0	52.81	536	1934
snapshot_11_30_2015_0_0.json	1448859600.0	52.81	350	1925
snapshot_11_30_2015_12_0.json	1448902800.0	52.81	896	1929
snapshot_11_30_2015_18_0.json	1448924400.0	52.81	896	1925
snapshot_11_30_2015_6_0.json	1448881200.0	52.81	350	1925
snapshot_12_1_2015_0_0.json	1448946000.0	52.81	350	1943
snapshot_12_1_2015_12_0.json	1448989200.0	52.81	896	1944
snapshot_12_1_2015_18_0.json	1449010800.0	52.81	350	1937
snapshot_12_2_2015_0_0.json	1449032400.0	52.81	350	1937
snapshot_12_2_2015_0_0.json	1449032400.0	52.81	350	1937
snapshot_12_2_2015_12_0.json	1449075600.0	61.41	896	1936
snapshot_12_2_2015_12_0.json	1449075600.0	61.41	896	1936
snapshot_12_2_2015_18_0.json	1449097200.0	58.66	350	1932
snapshot_12_3_2015_0_0.json	1449118800.0	58.66	350	1929
snapshot_12_3_2015_12_0.json	1449162000.0	61.41	350	1873
snapshot_12_3_2015_18_0.json	1449183600.0	58.66	350	1929
snapshot_12_3_2015_6_0.json	1449140400.0	61.41	896	1929
snapshot_12_4_2015_0_0.json	1449205200.0	58.66	350	1929
snapshot_12_4_2015_12_0.json	1449248400.0	61.41	896	1935
snapshot_12_4_2015_18_0.json	1449270000.0	58.66	350	1929
snapshot_12_4_2015_6_0.json	1449226800.0	61.41	892	1931
snapshot_12_5_2015_0_0.json	1449291600.0	58.66	350	1930
snapshot_12_5_2015_12_0.json	1449334800.0	61.41	900	1954
snapshot_12_5_2015_18_0.json	1449356400.0	58.66	350	1926
snapshot_12_5_2015_6_0.json	1449313200.0	61.41	536	1930
9252966	2016-02-21T23:00:00Z	Disney On Ice Frozen	SAP Center	California SF Bay Area|81	95113
snapshot_11_16_2015_0_0.json	1447650000.0	52.81	792	1906
snapshot_11_17_2015_0_0.json	1447736400.0	52.81	350	1906
snapshot_11_17_2015_6_0.json	1447758000.0	52.81	350	1906
snapshot_11_18_2015_0_0.json	1447822800.0	52.81	350	1904
snapshot_11_18_2015_12_0.json	1447866000.0	52.81	808	1904
snapshot_11_18_2015_18_0.json	1447887600.0	52.81	350	1904
snapshot_11_18_2015_6_0.json	1447844400.0	52.81	350	1904
snapshot_11_19_2015_0_0.json	1447909200.0	52.81	808	1904
snapshot_11_19_2015_12_0.json	1447952400.0	52.81	896	1912
snapshot_11_20_2015_12_0.json	1448038800.0	52.81	896	1844
snapshot_11_21_2015_12_0.json	1448125200.0	52.81	896	1844
snapshot_11_21_2015_18_0.json	1448146800.0	52.81	350	1844
snapshot_11_21_2015_18_0.json	1448146800.0	52.81	350	1844
snapshot_11_22_2015_0_0.json	1448168400.0	52.81	350	1844
snapshot_11_22_2015_0_0.json	1448168400.0	52.81	350	1844
snapshot_11_22_2015_12_0.json	1448211600.0	52.81	896	1844
snapshot_11_22_2015_18_0.json	1448233200.0	52.81	350	1844
snapshot_11_22_2015_6_0.json	1448190000.0	52.81	350	1844
snapshot_11_22_2015_6_0.json	1448190000.0	52.81	350	1844
snapshot_11_23_2015_12_0.json	1448298000.0	52.81	896	1844
snapshot_11_23_2015_18_0.json	1448319600.0	52.81	896	1876
snapshot_11_24_2015_12_0.json	1448384400.0	52.81	896	1880
snapshot_11_24_2015_12_0.json	1448384400.0	52.81	896	1880
snapshot_11_24_2015_18_0.json	1448406000.0	52.81	350	1876
snapshot_11_25_2015_0_0.json	1448427600.0	52.81	350	1876
snapshot_11_25_2015_18_0.json	1448492400.0	52.81	350	1876
snapshot_11_25_2015_6_0.json	1448449200.0	52.81	350	1876
snapshot_11_27_2015_18_0.json	1448665200.0	52.81	350	1922
snapshot_11_28_2015_0_0.json	1448686800.0	52.81	544	1938
snapshot_11_28_2015_12_0.json	1448730000.0	52.81	896	1938
snapshot_11_28_2015_18_0.json	1448751600.0	52.81	350	1932
snapshot_11_28_2015_18_0.json	1448751600.0	52.81	350	1932
snapshot_11_28_2015_6_0.json	1448708400.0	52.81	350	1934
snapshot_11_29_2015_0_0.json	1448773200.0	52.81	456	1932
snapshot_11_29_2015_12_0.json	1448816400.0	52.81	896	1940
snapshot_11_29_2015_18_0.json	1448838000.0	52.81	350	1925
snapshot_11_29_2015_6_0.json	1448794800.0	52.81	536	1934
snapshot_11_30_2015_0_0.json	1448859600.0	52.81	350	1925
snapshot_11_30_2015_12_0.json	1448902800.0	52.81	896	1929
snapshot_11_30_2015_18_0.json	1448924400.0	52.81	896	1925
snapshot_11_30_2015_6_0.json	1448881200.0	52.81	350	1925
snapshot_12_1_2015_0_0.json	1448946000.0	52.81	350	1943
snapshot_12_1_2015_12_0.json	1448989200.0	52.81	896	1944
snapshot_12_1_2015_18_0.json	1449010800.0	52.81	350	1937
snapshot_12_2_2015_0_0.json	1449032400.0	52.81	350	1937
snapshot_12_2_2015_0_0.json	1449032400.0	52.81	350	1937
snapshot_12_2_2015_12_0.json	1449075600.0	61.41	896	1936
snapshot_12_2_2015_12_0.json	1449075600.0	61.41	896	1936
snapshot_12_2_2015_18_0.json	1449097200.0	58.66	350	1932
snapshot_12_3_2015_0_0.json	1449118800.0	58.66	350	1929
snapshot_12_3_2015_12_0.json	1449162000.0	61.41	350	1873
snapshot_12_3_2015_18_0.json	1449183600.0	58.66	350	1929
snapshot_12_3_2015_6_0.json	1449140400.0	61.41	896	1929
snapshot_12_4_2015_0_0.json	1449205200.0	58.66	350	1929
snapshot_12_4_2015_12_0.json	1449248400.0	61.41	896	1935
snapshot_12_4_2015_18_0.json	1449270000.0	58.66	350	1929
snapshot_12_4_2015_6_0.json	1449226800.0	61.41	892	1931
snapshot_12_5_2015_0_0.json	1449291600.0	58.66	350	1930
snapshot_12_5_2015_12_0.json	1449334800.0	61.41	900	1954
snapshot_12_5_2015_18_0.json	1449356400.0	58.66	350	1926
snapshot_12_5_2015_6_0.json	1449313200.0	61.41	536	1930
