9253878	2015-11-27T20:30:00Z	San Jose State Spartans	Spartan Stadium (San Jose)	California SF Bay Area|81	95112
snapshot_11_16_2015_0_0.json	1447650000.0	25.14	95	169
snapshot_11_16_2015_0_0.json	1447650000.0	25.14	95	169
snapshot_11_17_2015_0_0.json	1447736400.0	25.14	95	166
snapshot_11_17_2015_12_0.json	1447779600.0	25.14	95	159
snapshot_11_17_2015_18_0.json	1447801200.0	25.14	95	159
snapshot_11_17_2015_18_0.json	1447801200.0	25.14	95	159
snapshot_11_18_2015_0_0.json	1447822800.0	23.97	95	159
snapshot_11_18_2015_0_0.json	1447822800.0	23.97	95	159
snapshot_11_18_2015_0_0.json	1447822800.0	23.97	95	159
snapshot_11_18_2015_12_0.json	1447866000.0	23.97	95	152
snapshot_11_18_2015_18_0.json	1447887600.0	23.97	95	157
snapshot_11_18_2015_6_0.json	1447844400.0	23.97	95	152
snapshot_11_18_2015_6_0.json	1447844400.0	23.97	95	152
snapshot_11_19_2015_0_0.json	1447909200.0	22.8	75	157
snapshot_11_19_2015_12_0.json	1447952400.0	22.8	75	148
snapshot_11_19_2015_6_0.json	1447930800.0	22.8	75	153
snapshot_11_20_2015_0_0.json	1447995600.0	21.63	56	144
snapshot_11_20_2015_12_0.json	1448038800.0	21.63	56	132
snapshot_11_21_2015_12_0.json	1448125200.0	24.73	56	100
snapshot_11_22_2015_0_0.json	1448168400.0	24.73	56	151
snapshot_11_22_2015_12_0.json	1448211600.0	24.72	56	144
snapshot_11_22_2015_6_0.json	1448190000.0	24.73	56	144
snapshot_11_22_2015_6_0.json	1448190000.0	24.73	56	144
snapshot_11_23_2015_0_0.json	1448254800.0	23.56	56	132
snapshot_11_23_2015_12_0.json	1448298000.0	19.99	65	104
snapshot_11_23_2015_18_0.json	1448319600.0	19.99	70	122
snapshot_11_23_2015_18_0.json	1448319600.0	19.99	70	122
snapshot_11_24_2015_0_0.json	1448341200.0	19.99	67	110
snapshot_11_24_2015_12_0.json	1448384400.0	19.99	65	102
snapshot_11_24_2015_18_0.json	1448406000.0	19.99	65	104
snapshot_11_24_2015_6_0.json	1448362800.0	19.99	65	102
snapshot_11_25_2015_0_0.json	1448427600.0	19.99	56	93
snapshot_11_25_2015_12_0.json	1448470800.0	19.99	56	76
snapshot_11_25_2015_18_0.json	1448492400.0	19.99	56	74
snapshot_11_25_2015_6_0.json	1448449200.0	19.99	56	77
snapshot_11_26_2015_0_0.json	1448514000.0	19.99	56	68
snapshot_11_27_2015_18_0.json	1448665200.0	46.95	50	2
snapshot_11_27_2015_18_0.json	1448665200.0	46.95	50	2
snapshot_11_28_2015_0_0.json	1448686800.0	0	0	0
snapshot_11_28_2015_12_0.json	1448730000.0	0	0	0
snapshot_11_28_2015_18_0.json	1448751600.0	0	0	0
snapshot_11_28_2015_6_0.json	1448708400.0	0	0	0
snapshot_11_28_2015_6_0.json	1448708400.0	0	0	0
snapshot_11_29_2015_6_0.json	1448794800.0	0	0	0
snapshot_11_29_2015_6_0.json	1448794800.0	0	0	0
9253878	2015-11-27T20:30:00Z	San Jose State Spartans	Spartan Stadium (San Jose)	California SF Bay Area|81	95112
snapshot_11_16_2015_0_0.json	1447650000.0	25.14	95	169
snapshot_11_16_2015_0_0.json	1447650000.0	25.14	95	169
snapshot_11_17_2015_0_0.json	1447736400.0	25.14	95	166
snapshot_11_17_2015_12_0.json	1447779600.0	25.14	95	159
snapshot_11_17_2015_18_0.json	1447801200.0	25.14	95	159
snapshot_11_17_2015_18_0.json	1447801200.0	25.14	95	159
snapshot_11_18_2015_0_0.json	1447822800.0	23.97	95	159
snapshot_11_18_2015_0_0.json	1447822800.0	23.97	95	159
snapshot_11_18_2015_0_0.json	1447822800.0	23.97	95	159
snapshot_11_18_2015_12_0.json	1447866000.0	23.97	95	152
snapshot_11_18_2015_18_0.json	1447887600.0	23.97	95	157
snapshot_11_18_2015_6_0.json	1447844400.0	23.97	95	152
snapshot_11_18_2015_6_0.json	1447844400.0	23.97	95	152
snapshot_11_19_2015_0_0.json	1447909200.0	22.8	75	157
snapshot_11_19_2015_12_0.json	1447952400.0	22.8	75	148
snapshot_11_19_2015_6_0.json	1447930800.0	22.8	75	153
snapshot_11_20_2015_0_0.json	1447995600.0	21.63	56	144
snapshot_11_20_2015_12_0.json	1448038800.0	21.63	56	132
snapshot_11_21_2015_12_0.json	1448125200.0	24.73	56	100
snapshot_11_22_2015_0_0.json	1448168400.0	24.73	56	151
snapshot_11_22_2015_12_0.json	1448211600.0	24.72	56	144
snapshot_11_22_2015_6_0.json	1448190000.0	24.73	56	144
snapshot_11_22_2015_6_0.json	1448190000.0	24.73	56	144
snapshot_11_23_2015_0_0.json	1448254800.0	23.56	56	132
snapshot_11_23_2015_12_0.json	1448298000.0	19.99	65	104
snapshot_11_23_2015_18_0.json	1448319600.0	19.99	70	122
snapshot_11_23_2015_18_0.json	1448319600.0	19.99	70	122
snapshot_11_24_2015_0_0.json	1448341200.0	19.99	67	110
snapshot_11_24_2015_12_0.json	1448384400.0	19.99	65	102
snapshot_11_24_2015_18_0.json	1448406000.0	19.99	65	104
snapshot_11_24_2015_6_0.json	1448362800.0	19.99	65	102
snapshot_11_25_2015_0_0.json	1448427600.0	19.99	56	93
snapshot_11_25_2015_12_0.json	1448470800.0	19.99	56	76
snapshot_11_25_2015_18_0.json	1448492400.0	19.99	56	74
snapshot_11_25_2015_6_0.json	1448449200.0	19.99	56	77
snapshot_11_26_2015_0_0.json	1448514000.0	19.99	56	68
snapshot_11_27_2015_18_0.json	1448665200.0	46.95	50	2
snapshot_11_27_2015_18_0.json	1448665200.0	46.95	50	2
snapshot_11_28_2015_0_0.json	1448686800.0	0	0	0
snapshot_11_28_2015_12_0.json	1448730000.0	0	0	0
snapshot_11_28_2015_18_0.json	1448751600.0	0	0	0
snapshot_11_28_2015_6_0.json	1448708400.0	0	0	0
snapshot_11_28_2015_6_0.json	1448708400.0	0	0	0
snapshot_11_29_2015_6_0.json	1448794800.0	0	0	0
snapshot_11_29_2015_6_0.json	1448794800.0	0	0	0
9253878	2015-11-27T20:30:00Z	San Jose State Spartans	Spartan Stadium (San Jose)	California SF Bay Area|81	95112
snapshot_11_16_2015_0_0.json	1447650000.0	25.14	95	169
snapshot_11_16_2015_0_0.json	1447650000.0	25.14	95	169
snapshot_11_17_2015_0_0.json	1447736400.0	25.14	95	166
snapshot_11_17_2015_12_0.json	1447779600.0	25.14	95	159
snapshot_11_17_2015_18_0.json	1447801200.0	25.14	95	159
snapshot_11_17_2015_18_0.json	1447801200.0	25.14	95	159
snapshot_11_18_2015_0_0.json	1447822800.0	23.97	95	159
snapshot_11_18_2015_0_0.json	1447822800.0	23.97	95	159
snapshot_11_18_2015_0_0.json	1447822800.0	23.97	95	159
snapshot_11_18_2015_12_0.json	1447866000.0	23.97	95	152
snapshot_11_18_2015_18_0.json	1447887600.0	23.97	95	157
snapshot_11_18_2015_6_0.json	1447844400.0	23.97	95	152
snapshot_11_18_2015_6_0.json	1447844400.0	23.97	95	152
snapshot_11_19_2015_0_0.json	1447909200.0	22.8	75	157
snapshot_11_19_2015_12_0.json	1447952400.0	22.8	75	148
snapshot_11_19_2015_6_0.json	1447930800.0	22.8	75	153
snapshot_11_20_2015_0_0.json	1447995600.0	21.63	56	144
snapshot_11_20_2015_12_0.json	1448038800.0	21.63	56	132
snapshot_11_21_2015_12_0.json	1448125200.0	24.73	56	100
snapshot_11_22_2015_0_0.json	1448168400.0	24.73	56	151
snapshot_11_22_2015_12_0.json	1448211600.0	24.72	56	144
snapshot_11_22_2015_6_0.json	1448190000.0	24.73	56	144
snapshot_11_22_2015_6_0.json	1448190000.0	24.73	56	144
snapshot_11_23_2015_0_0.json	1448254800.0	23.56	56	132
snapshot_11_23_2015_12_0.json	1448298000.0	19.99	65	104
snapshot_11_23_2015_18_0.json	1448319600.0	19.99	70	122
snapshot_11_23_2015_18_0.json	1448319600.0	19.99	70	122
snapshot_11_24_2015_0_0.json	1448341200.0	19.99	67	110
snapshot_11_24_2015_12_0.json	1448384400.0	19.99	65	102
snapshot_11_24_2015_18_0.json	1448406000.0	19.99	65	104
snapshot_11_24_2015_6_0.json	1448362800.0	19.99	65	102
snapshot_11_25_2015_0_0.json	1448427600.0	19.99	56	93
snapshot_11_25_2015_12_0.json	1448470800.0	19.99	56	76
snapshot_11_25_2015_18_0.json	1448492400.0	19.99	56	74
snapshot_11_25_2015_6_0.json	1448449200.0	19.99	56	77
snapshot_11_26_2015_0_0.json	1448514000.0	19.99	56	68
snapshot_11_27_2015_18_0.json	1448665200.0	46.95	50	2
snapshot_11_27_2015_18_0.json	1448665200.0	46.95	50	2
snapshot_11_28_2015_0_0.json	1448686800.0	0	0	0
snapshot_11_28_2015_12_0.json	1448730000.0	0	0	0
snapshot_11_28_2015_18_0.json	1448751600.0	0	0	0
snapshot_11_28_2015_6_0.json	1448708400.0	0	0	0
snapshot_11_28_2015_6_0.json	1448708400.0	0	0	0
snapshot_11_29_2015_6_0.json	1448794800.0	0	0	0
snapshot_11_29_2015_6_0.json	1448794800.0	0	0	0
9253878	2015-11-27T20:30:00Z	San Jose State Spartans	Spartan Stadium (San Jose)	California SF Bay Area|81	95112
snapshot_11_16_2015_0_0.json	1447650000.0	25.14	95	169
snapshot_11_16_2015_0_0.json	1447650000.0	25.14	95	169
snapshot_11_17_2015_0_0.json	1447736400.0	25.14	95	166
snapshot_11_17_2015_12_0.json	1447779600.0	25.14	95	159
snapshot_11_17_2015_18_0.json	1447801200.0	25.14	95	159
snapshot_11_17_2015_18_0.json	1447801200.0	25.14	95	159
snapshot_11_18_2015_0_0.json	1447822800.0	23.97	95	159
snapshot_11_18_2015_0_0.json	1447822800.0	23.97	95	159
snapshot_11_18_2015_0_0.json	1447822800.0	23.97	95	159
snapshot_11_18_2015_12_0.json	1447866000.0	23.97	95	152
snapshot_11_18_2015_18_0.json	1447887600.0	23.97	95	157
snapshot_11_18_2015_6_0.json	1447844400.0	23.97	95	152
snapshot_11_18_2015_6_0.json	1447844400.0	23.97	95	152
snapshot_11_19_2015_0_0.json	1447909200.0	22.8	75	157
snapshot_11_19_2015_12_0.json	1447952400.0	22.8	75	148
snapshot_11_19_2015_6_0.json	1447930800.0	22.8	75	153
snapshot_11_20_2015_0_0.json	1447995600.0	21.63	56	144
snapshot_11_20_2015_12_0.json	1448038800.0	21.63	56	132
snapshot_11_21_2015_12_0.json	1448125200.0	24.73	56	100
snapshot_11_22_2015_0_0.json	1448168400.0	24.73	56	151
snapshot_11_22_2015_12_0.json	1448211600.0	24.72	56	144
snapshot_11_22_2015_6_0.json	1448190000.0	24.73	56	144
snapshot_11_22_2015_6_0.json	1448190000.0	24.73	56	144
snapshot_11_23_2015_0_0.json	1448254800.0	23.56	56	132
snapshot_11_23_2015_12_0.json	1448298000.0	19.99	65	104
snapshot_11_23_2015_18_0.json	1448319600.0	19.99	70	122
snapshot_11_23_2015_18_0.json	1448319600.0	19.99	70	122
snapshot_11_24_2015_0_0.json	1448341200.0	19.99	67	110
snapshot_11_24_2015_12_0.json	1448384400.0	19.99	65	102
snapshot_11_24_2015_18_0.json	1448406000.0	19.99	65	104
snapshot_11_24_2015_6_0.json	1448362800.0	19.99	65	102
snapshot_11_25_2015_0_0.json	1448427600.0	19.99	56	93
snapshot_11_25_2015_12_0.json	1448470800.0	19.99	56	76
snapshot_11_25_2015_18_0.json	1448492400.0	19.99	56	74
snapshot_11_25_2015_6_0.json	1448449200.0	19.99	56	77
snapshot_11_26_2015_0_0.json	1448514000.0	19.99	56	68
snapshot_11_27_2015_18_0.json	1448665200.0	46.95	50	2
snapshot_11_27_2015_18_0.json	1448665200.0	46.95	50	2
snapshot_11_28_2015_0_0.json	1448686800.0	0	0	0
snapshot_11_28_2015_12_0.json	1448730000.0	0	0	0
snapshot_11_28_2015_18_0.json	1448751600.0	0	0	0
snapshot_11_28_2015_6_0.json	1448708400.0	0	0	0
snapshot_11_28_2015_6_0.json	1448708400.0	0	0	0
snapshot_11_29_2015_6_0.json	1448794800.0	0	0	0
snapshot_11_29_2015_6_0.json	1448794800.0	0	0	0
