9253888	2015-11-22T03:30:00Z	UNLV Rebels	Sam Boyd Stadium	Nevada Las Vegas|689	89122
snapshot_11_16_2015_0_0.json	1447650000.0	16.54	325	219
snapshot_11_17_2015_12_0.json	1447779600.0	14.2	325	196
snapshot_11_17_2015_6_0.json	1447758000.0	14.2	325	196
snapshot_11_17_2015_6_0.json	1447758000.0	14.2	325	196
snapshot_11_18_2015_0_0.json	1447822800.0	14.2	325	181
snapshot_11_18_2015_12_0.json	1447866000.0	14.2	325	168
snapshot_11_18_2015_18_0.json	1447887600.0	11.86	325	168
snapshot_11_18_2015_6_0.json	1447844400.0	14.2	325	164
snapshot_11_19_2015_0_0.json	1447909200.0	11.86	65.99	119
snapshot_11_19_2015_12_0.json	1447952400.0	11.86	65.99	121
snapshot_11_19_2015_6_0.json	1447930800.0	11.86	65.99	121
snapshot_11_20_2015_0_0.json	1447995600.0	11.86	58.99	121
snapshot_11_21_2015_12_0.json	1448125200.0	18.88	60	78
snapshot_11_21_2015_18_0.json	1448146800.0	20.05	60	66
snapshot_11_22_2015_0_0.json	1448168400.0	27.48	54.99	34
snapshot_11_22_2015_18_0.json	1448233200.0	0	0	0
snapshot_11_23_2015_12_0.json	1448298000.0	0	0	0
snapshot_11_23_2015_6_0.json	1448276400.0	0	0	0
snapshot_11_23_2015_6_0.json	1448276400.0	0	0	0
9253888	2015-11-22T03:30:00Z	UNLV Rebels	Sam Boyd Stadium	Nevada Las Vegas|689	89122
snapshot_11_16_2015_0_0.json	1447650000.0	16.54	325	219
snapshot_11_17_2015_12_0.json	1447779600.0	14.2	325	196
snapshot_11_17_2015_6_0.json	1447758000.0	14.2	325	196
snapshot_11_17_2015_6_0.json	1447758000.0	14.2	325	196
snapshot_11_18_2015_0_0.json	1447822800.0	14.2	325	181
snapshot_11_18_2015_12_0.json	1447866000.0	14.2	325	168
snapshot_11_18_2015_18_0.json	1447887600.0	11.86	325	168
snapshot_11_18_2015_6_0.json	1447844400.0	14.2	325	164
snapshot_11_19_2015_0_0.json	1447909200.0	11.86	65.99	119
snapshot_11_19_2015_12_0.json	1447952400.0	11.86	65.99	121
snapshot_11_19_2015_6_0.json	1447930800.0	11.86	65.99	121
snapshot_11_20_2015_0_0.json	1447995600.0	11.86	58.99	121
snapshot_11_21_2015_12_0.json	1448125200.0	18.88	60	78
snapshot_11_21_2015_18_0.json	1448146800.0	20.05	60	66
snapshot_11_22_2015_0_0.json	1448168400.0	27.48	54.99	34
snapshot_11_22_2015_18_0.json	1448233200.0	0	0	0
snapshot_11_23_2015_12_0.json	1448298000.0	0	0	0
snapshot_11_23_2015_6_0.json	1448276400.0	0	0	0
snapshot_11_23_2015_6_0.json	1448276400.0	0	0	0
9253888	2015-11-22T03:30:00Z	UNLV Rebels	Sam Boyd Stadium	Nevada Las Vegas|689	89122
snapshot_11_16_2015_0_0.json	1447650000.0	16.54	325	219
snapshot_11_17_2015_12_0.json	1447779600.0	14.2	325	196
snapshot_11_17_2015_6_0.json	1447758000.0	14.2	325	196
snapshot_11_17_2015_6_0.json	1447758000.0	14.2	325	196
snapshot_11_18_2015_0_0.json	1447822800.0	14.2	325	181
snapshot_11_18_2015_12_0.json	1447866000.0	14.2	325	168
snapshot_11_18_2015_18_0.json	1447887600.0	11.86	325	168
snapshot_11_18_2015_6_0.json	1447844400.0	14.2	325	164
snapshot_11_19_2015_0_0.json	1447909200.0	11.86	65.99	119
snapshot_11_19_2015_12_0.json	1447952400.0	11.86	65.99	121
snapshot_11_19_2015_6_0.json	1447930800.0	11.86	65.99	121
snapshot_11_20_2015_0_0.json	1447995600.0	11.86	58.99	121
snapshot_11_21_2015_12_0.json	1448125200.0	18.88	60	78
snapshot_11_21_2015_18_0.json	1448146800.0	20.05	60	66
snapshot_11_22_2015_0_0.json	1448168400.0	27.48	54.99	34
snapshot_11_22_2015_18_0.json	1448233200.0	0	0	0
snapshot_11_23_2015_12_0.json	1448298000.0	0	0	0
snapshot_11_23_2015_6_0.json	1448276400.0	0	0	0
snapshot_11_23_2015_6_0.json	1448276400.0	0	0	0
9253888	2015-11-22T03:30:00Z	UNLV Rebels	Sam Boyd Stadium	Nevada Las Vegas|689	89122
snapshot_11_16_2015_0_0.json	1447650000.0	16.54	325	219
snapshot_11_17_2015_12_0.json	1447779600.0	14.2	325	196
snapshot_11_17_2015_6_0.json	1447758000.0	14.2	325	196
snapshot_11_17_2015_6_0.json	1447758000.0	14.2	325	196
snapshot_11_18_2015_0_0.json	1447822800.0	14.2	325	181
snapshot_11_18_2015_12_0.json	1447866000.0	14.2	325	168
snapshot_11_18_2015_18_0.json	1447887600.0	11.86	325	168
snapshot_11_18_2015_6_0.json	1447844400.0	14.2	325	164
snapshot_11_19_2015_0_0.json	1447909200.0	11.86	65.99	119
snapshot_11_19_2015_12_0.json	1447952400.0	11.86	65.99	121
snapshot_11_19_2015_6_0.json	1447930800.0	11.86	65.99	121
snapshot_11_20_2015_0_0.json	1447995600.0	11.86	58.99	121
snapshot_11_21_2015_12_0.json	1448125200.0	18.88	60	78
snapshot_11_21_2015_18_0.json	1448146800.0	20.05	60	66
snapshot_11_22_2015_0_0.json	1448168400.0	27.48	54.99	34
snapshot_11_22_2015_18_0.json	1448233200.0	0	0	0
snapshot_11_23_2015_12_0.json	1448298000.0	0	0	0
snapshot_11_23_2015_6_0.json	1448276400.0	0	0	0
snapshot_11_23_2015_6_0.json	1448276400.0	0	0	0
