9253907	2015-11-21T20:30:00Z	Utah State Aggies	Maverik Stadium	Utah Salt Lake City|706	84322
snapshot_11_16_2015_0_0.json	1447650000.0	9.52	45	518
snapshot_11_16_2015_0_0.json	1447650000.0	9.52	45	518
snapshot_11_17_2015_0_0.json	1447736400.0	9.52	45	504
snapshot_11_17_2015_12_0.json	1447779600.0	9.52	45	502
snapshot_11_17_2015_18_0.json	1447801200.0	9.52	45	502
snapshot_11_17_2015_18_0.json	1447801200.0	9.52	45	502
snapshot_11_17_2015_6_0.json	1447758000.0	9.52	45	502
snapshot_11_18_2015_0_0.json	1447822800.0	9.52	45	502
snapshot_11_18_2015_12_0.json	1447866000.0	9.52	35	500
snapshot_11_18_2015_18_0.json	1447887600.0	9.52	35	458
snapshot_11_18_2015_6_0.json	1447844400.0	9.52	35	500
snapshot_11_18_2015_6_0.json	1447844400.0	9.52	35	500
snapshot_11_19_2015_0_0.json	1447909200.0	9.52	35	433
snapshot_11_19_2015_6_0.json	1447930800.0	9.52	35	404
snapshot_11_20_2015_0_0.json	1447995600.0	9.52	35	358
snapshot_11_21_2015_12_0.json	1448125200.0	9.52	14	474
snapshot_11_21_2015_18_0.json	1448146800.0	9.52	14	413
snapshot_11_22_2015_0_0.json	1448168400.0	0	0	0
snapshot_11_22_2015_6_0.json	1448190000.0	0	0	0
snapshot_11_23_2015_0_0.json	1448254800.0	0	0	0
snapshot_11_23_2015_12_0.json	1448298000.0	0	0	0
snapshot_11_23_2015_6_0.json	1448276400.0	0	0	0
snapshot_11_23_2015_6_0.json	1448276400.0	0	0	0
snapshot_11_24_2015_6_0.json	1448362800.0	0	0	0
9253907	2015-11-21T20:30:00Z	Utah State Aggies	Maverik Stadium	Utah Salt Lake City|706	84322
snapshot_11_16_2015_0_0.json	1447650000.0	9.52	45	518
snapshot_11_16_2015_0_0.json	1447650000.0	9.52	45	518
snapshot_11_17_2015_0_0.json	1447736400.0	9.52	45	504
snapshot_11_17_2015_12_0.json	1447779600.0	9.52	45	502
snapshot_11_17_2015_18_0.json	1447801200.0	9.52	45	502
snapshot_11_17_2015_18_0.json	1447801200.0	9.52	45	502
snapshot_11_17_2015_6_0.json	1447758000.0	9.52	45	502
snapshot_11_18_2015_0_0.json	1447822800.0	9.52	45	502
snapshot_11_18_2015_12_0.json	1447866000.0	9.52	35	500
snapshot_11_18_2015_18_0.json	1447887600.0	9.52	35	458
snapshot_11_18_2015_6_0.json	1447844400.0	9.52	35	500
snapshot_11_18_2015_6_0.json	1447844400.0	9.52	35	500
snapshot_11_19_2015_0_0.json	1447909200.0	9.52	35	433
snapshot_11_19_2015_6_0.json	1447930800.0	9.52	35	404
snapshot_11_20_2015_0_0.json	1447995600.0	9.52	35	358
snapshot_11_21_2015_12_0.json	1448125200.0	9.52	14	474
snapshot_11_21_2015_18_0.json	1448146800.0	9.52	14	413
snapshot_11_22_2015_0_0.json	1448168400.0	0	0	0
snapshot_11_22_2015_6_0.json	1448190000.0	0	0	0
snapshot_11_23_2015_0_0.json	1448254800.0	0	0	0
snapshot_11_23_2015_12_0.json	1448298000.0	0	0	0
snapshot_11_23_2015_6_0.json	1448276400.0	0	0	0
snapshot_11_23_2015_6_0.json	1448276400.0	0	0	0
snapshot_11_24_2015_6_0.json	1448362800.0	0	0	0
9253907	2015-11-21T20:30:00Z	Utah State Aggies	Maverik Stadium	Utah Salt Lake City|706	84322
snapshot_11_16_2015_0_0.json	1447650000.0	9.52	45	518
snapshot_11_16_2015_0_0.json	1447650000.0	9.52	45	518
snapshot_11_17_2015_0_0.json	1447736400.0	9.52	45	504
snapshot_11_17_2015_12_0.json	1447779600.0	9.52	45	502
snapshot_11_17_2015_18_0.json	1447801200.0	9.52	45	502
snapshot_11_17_2015_18_0.json	1447801200.0	9.52	45	502
snapshot_11_17_2015_6_0.json	1447758000.0	9.52	45	502
snapshot_11_18_2015_0_0.json	1447822800.0	9.52	45	502
snapshot_11_18_2015_12_0.json	1447866000.0	9.52	35	500
snapshot_11_18_2015_18_0.json	1447887600.0	9.52	35	458
snapshot_11_18_2015_6_0.json	1447844400.0	9.52	35	500
snapshot_11_18_2015_6_0.json	1447844400.0	9.52	35	500
snapshot_11_19_2015_0_0.json	1447909200.0	9.52	35	433
snapshot_11_19_2015_6_0.json	1447930800.0	9.52	35	404
snapshot_11_20_2015_0_0.json	1447995600.0	9.52	35	358
snapshot_11_21_2015_12_0.json	1448125200.0	9.52	14	474
snapshot_11_21_2015_18_0.json	1448146800.0	9.52	14	413
snapshot_11_22_2015_0_0.json	1448168400.0	0	0	0
snapshot_11_22_2015_6_0.json	1448190000.0	0	0	0
snapshot_11_23_2015_0_0.json	1448254800.0	0	0	0
snapshot_11_23_2015_12_0.json	1448298000.0	0	0	0
snapshot_11_23_2015_6_0.json	1448276400.0	0	0	0
snapshot_11_23_2015_6_0.json	1448276400.0	0	0	0
snapshot_11_24_2015_6_0.json	1448362800.0	0	0	0
9253907	2015-11-21T20:30:00Z	Utah State Aggies	Maverik Stadium	Utah Salt Lake City|706	84322
snapshot_11_16_2015_0_0.json	1447650000.0	9.52	45	518
snapshot_11_16_2015_0_0.json	1447650000.0	9.52	45	518
snapshot_11_17_2015_0_0.json	1447736400.0	9.52	45	504
snapshot_11_17_2015_12_0.json	1447779600.0	9.52	45	502
snapshot_11_17_2015_18_0.json	1447801200.0	9.52	45	502
snapshot_11_17_2015_18_0.json	1447801200.0	9.52	45	502
snapshot_11_17_2015_6_0.json	1447758000.0	9.52	45	502
snapshot_11_18_2015_0_0.json	1447822800.0	9.52	45	502
snapshot_11_18_2015_12_0.json	1447866000.0	9.52	35	500
snapshot_11_18_2015_18_0.json	1447887600.0	9.52	35	458
snapshot_11_18_2015_6_0.json	1447844400.0	9.52	35	500
snapshot_11_18_2015_6_0.json	1447844400.0	9.52	35	500
snapshot_11_19_2015_0_0.json	1447909200.0	9.52	35	433
snapshot_11_19_2015_6_0.json	1447930800.0	9.52	35	404
snapshot_11_20_2015_0_0.json	1447995600.0	9.52	35	358
snapshot_11_21_2015_12_0.json	1448125200.0	9.52	14	474
snapshot_11_21_2015_18_0.json	1448146800.0	9.52	14	413
snapshot_11_22_2015_0_0.json	1448168400.0	0	0	0
snapshot_11_22_2015_6_0.json	1448190000.0	0	0	0
snapshot_11_23_2015_0_0.json	1448254800.0	0	0	0
snapshot_11_23_2015_12_0.json	1448298000.0	0	0	0
snapshot_11_23_2015_6_0.json	1448276400.0	0	0	0
snapshot_11_23_2015_6_0.json	1448276400.0	0	0	0
snapshot_11_24_2015_6_0.json	1448362800.0	0	0	0
