9253099	2015-12-04T00:30:00Z	Lewis Black	Santander Performing Arts Center	Pennsylvania Philadelphia|522	19601
snapshot_11_16_2015_0_0.json	1447650000.0	93.76	151.91	68
snapshot_11_17_2015_0_0.json	1447736400.0	93.76	151.91	68
snapshot_11_17_2015_12_0.json	1447779600.0	93.76	151.91	68
snapshot_11_17_2015_18_0.json	1447801200.0	93.76	151.91	68
snapshot_11_17_2015_6_0.json	1447758000.0	93.76	151.91	68
snapshot_11_18_2015_0_0.json	1447822800.0	93.76	151.91	76
snapshot_11_18_2015_12_0.json	1447866000.0	93.76	151.91	76
snapshot_11_18_2015_6_0.json	1447844400.0	93.76	151.91	76
snapshot_11_18_2015_6_0.json	1447844400.0	93.76	151.91	76
snapshot_11_19_2015_12_0.json	1447952400.0	93.76	151.91	78
snapshot_11_19_2015_18_0.json	1447974000.0	93.76	151.91	78
snapshot_11_19_2015_6_0.json	1447930800.0	93.76	151.91	78
snapshot_11_20_2015_0_0.json	1447995600.0	93.76	151.91	78
snapshot_11_20_2015_12_0.json	1448038800.0	93.76	151.91	78
snapshot_11_21_2015_12_0.json	1448125200.0	93.76	151.91	72
snapshot_11_21_2015_18_0.json	1448146800.0	93.76	151.91	72
snapshot_11_22_2015_0_0.json	1448168400.0	93.76	151.91	72
snapshot_11_22_2015_18_0.json	1448233200.0	93.76	151.91	72
snapshot_11_22_2015_6_0.json	1448190000.0	93.76	151.91	72
snapshot_11_22_2015_6_0.json	1448190000.0	93.76	151.91	72
snapshot_11_23_2015_0_0.json	1448254800.0	93.76	151.91	72
snapshot_11_23_2015_0_0.json	1448254800.0	93.76	151.91	72
snapshot_11_23_2015_0_0.json	1448254800.0	93.76	151.91	72
snapshot_11_23_2015_12_0.json	1448298000.0	93.76	151.91	72
snapshot_11_23_2015_18_0.json	1448319600.0	80.89	151.91	72
snapshot_11_23_2015_6_0.json	1448276400.0	93.76	151.91	72
snapshot_11_24_2015_0_0.json	1448341200.0	80.89	151.91	72
snapshot_11_24_2015_12_0.json	1448384400.0	80.89	151.91	72
snapshot_11_24_2015_18_0.json	1448406000.0	80.89	151.91	72
snapshot_11_24_2015_6_0.json	1448362800.0	80.89	151.91	72
snapshot_11_25_2015_0_0.json	1448427600.0	80.89	151.91	70
snapshot_11_25_2015_12_0.json	1448470800.0	80.89	151.91	70
snapshot_11_25_2015_12_0.json	1448470800.0	80.89	151.91	70
snapshot_11_25_2015_18_0.json	1448492400.0	80.89	151.91	70
snapshot_11_25_2015_6_0.json	1448449200.0	80.89	151.91	70
snapshot_11_25_2015_6_0.json	1448449200.0	80.89	151.91	70
snapshot_11_26_2015_0_0.json	1448514000.0	63.75	151.91	72
snapshot_11_28_2015_0_0.json	1448686800.0	63.75	151.91	77
snapshot_11_28_2015_12_0.json	1448730000.0	63.75	139.99	77
snapshot_11_28_2015_18_0.json	1448751600.0	63.75	139.99	75
snapshot_11_29_2015_0_0.json	1448773200.0	63.75	139.99	75
snapshot_11_29_2015_0_0.json	1448773200.0	63.75	139.99	75
snapshot_11_29_2015_12_0.json	1448816400.0	63.75	139.99	85
snapshot_11_29_2015_18_0.json	1448838000.0	63.75	380	85
snapshot_11_29_2015_6_0.json	1448794800.0	63.75	139.99	75
snapshot_11_30_2015_0_0.json	1448859600.0	63.75	139.99	83
snapshot_11_30_2015_0_0.json	1448859600.0	63.75	139.99	83
snapshot_11_30_2015_12_0.json	1448902800.0	63.75	139.99	81
snapshot_11_30_2015_18_0.json	1448924400.0	63.75	380	69
snapshot_11_30_2015_6_0.json	1448881200.0	63.75	139.99	81
snapshot_12_1_2015_0_0.json	1448946000.0	71.53	384	61
snapshot_12_1_2015_0_0.json	1448946000.0	71.53	384	61
snapshot_12_1_2015_18_0.json	1449010800.0	66.85	380	55
snapshot_12_1_2015_18_0.json	1449010800.0	66.85	380	55
snapshot_12_1_2015_6_0.json	1448967600.0	66.85	380	55
snapshot_12_2_2015_0_0.json	1449032400.0	66.85	139.99	53
snapshot_12_2_2015_0_0.json	1449032400.0	66.85	139.99	53
snapshot_12_2_2015_12_0.json	1449075600.0	61	139.99	37
snapshot_12_2_2015_18_0.json	1449097200.0	43.45	139.99	36
snapshot_12_2_2015_6_0.json	1449054000.0	61	139.99	37
snapshot_12_3_2015_0_0.json	1449118800.0	37.6	125	36
snapshot_12_3_2015_12_0.json	1449162000.0	37.6	125	36
snapshot_12_3_2015_18_0.json	1449183600.0	25.9	125	34
snapshot_12_3_2015_6_0.json	1449140400.0	37.6	125	36
snapshot_12_4_2015_0_0.json	1449205200.0	13.03	125	34
snapshot_12_4_2015_12_0.json	1449248400.0	0	0	0
snapshot_12_4_2015_18_0.json	1449270000.0	0	0	0
snapshot_12_4_2015_6_0.json	1449226800.0	0	0	0
snapshot_12_5_2015_12_0.json	1449334800.0	0	0	0
snapshot_12_5_2015_18_0.json	1449356400.0	0	0	0
9253099	2015-12-04T00:30:00Z	Lewis Black	Santander Performing Arts Center	Pennsylvania Philadelphia|522	19601
snapshot_11_16_2015_0_0.json	1447650000.0	93.76	151.91	68
snapshot_11_17_2015_0_0.json	1447736400.0	93.76	151.91	68
snapshot_11_17_2015_12_0.json	1447779600.0	93.76	151.91	68
snapshot_11_17_2015_18_0.json	1447801200.0	93.76	151.91	68
snapshot_11_17_2015_6_0.json	1447758000.0	93.76	151.91	68
snapshot_11_18_2015_0_0.json	1447822800.0	93.76	151.91	76
snapshot_11_18_2015_12_0.json	1447866000.0	93.76	151.91	76
snapshot_11_18_2015_6_0.json	1447844400.0	93.76	151.91	76
snapshot_11_18_2015_6_0.json	1447844400.0	93.76	151.91	76
snapshot_11_19_2015_12_0.json	1447952400.0	93.76	151.91	78
snapshot_11_19_2015_18_0.json	1447974000.0	93.76	151.91	78
snapshot_11_19_2015_6_0.json	1447930800.0	93.76	151.91	78
snapshot_11_20_2015_0_0.json	1447995600.0	93.76	151.91	78
snapshot_11_20_2015_12_0.json	1448038800.0	93.76	151.91	78
snapshot_11_21_2015_12_0.json	1448125200.0	93.76	151.91	72
snapshot_11_21_2015_18_0.json	1448146800.0	93.76	151.91	72
snapshot_11_22_2015_0_0.json	1448168400.0	93.76	151.91	72
snapshot_11_22_2015_18_0.json	1448233200.0	93.76	151.91	72
snapshot_11_22_2015_6_0.json	1448190000.0	93.76	151.91	72
snapshot_11_22_2015_6_0.json	1448190000.0	93.76	151.91	72
snapshot_11_23_2015_0_0.json	1448254800.0	93.76	151.91	72
snapshot_11_23_2015_0_0.json	1448254800.0	93.76	151.91	72
snapshot_11_23_2015_0_0.json	1448254800.0	93.76	151.91	72
snapshot_11_23_2015_12_0.json	1448298000.0	93.76	151.91	72
snapshot_11_23_2015_18_0.json	1448319600.0	80.89	151.91	72
snapshot_11_23_2015_6_0.json	1448276400.0	93.76	151.91	72
snapshot_11_24_2015_0_0.json	1448341200.0	80.89	151.91	72
snapshot_11_24_2015_12_0.json	1448384400.0	80.89	151.91	72
snapshot_11_24_2015_18_0.json	1448406000.0	80.89	151.91	72
snapshot_11_24_2015_6_0.json	1448362800.0	80.89	151.91	72
snapshot_11_25_2015_0_0.json	1448427600.0	80.89	151.91	70
snapshot_11_25_2015_12_0.json	1448470800.0	80.89	151.91	70
snapshot_11_25_2015_12_0.json	1448470800.0	80.89	151.91	70
snapshot_11_25_2015_18_0.json	1448492400.0	80.89	151.91	70
snapshot_11_25_2015_6_0.json	1448449200.0	80.89	151.91	70
snapshot_11_25_2015_6_0.json	1448449200.0	80.89	151.91	70
snapshot_11_26_2015_0_0.json	1448514000.0	63.75	151.91	72
snapshot_11_28_2015_0_0.json	1448686800.0	63.75	151.91	77
snapshot_11_28_2015_12_0.json	1448730000.0	63.75	139.99	77
snapshot_11_28_2015_18_0.json	1448751600.0	63.75	139.99	75
snapshot_11_29_2015_0_0.json	1448773200.0	63.75	139.99	75
snapshot_11_29_2015_0_0.json	1448773200.0	63.75	139.99	75
snapshot_11_29_2015_12_0.json	1448816400.0	63.75	139.99	85
snapshot_11_29_2015_18_0.json	1448838000.0	63.75	380	85
snapshot_11_29_2015_6_0.json	1448794800.0	63.75	139.99	75
snapshot_11_30_2015_0_0.json	1448859600.0	63.75	139.99	83
snapshot_11_30_2015_0_0.json	1448859600.0	63.75	139.99	83
snapshot_11_30_2015_12_0.json	1448902800.0	63.75	139.99	81
snapshot_11_30_2015_18_0.json	1448924400.0	63.75	380	69
snapshot_11_30_2015_6_0.json	1448881200.0	63.75	139.99	81
snapshot_12_1_2015_0_0.json	1448946000.0	71.53	384	61
snapshot_12_1_2015_0_0.json	1448946000.0	71.53	384	61
snapshot_12_1_2015_18_0.json	1449010800.0	66.85	380	55
snapshot_12_1_2015_18_0.json	1449010800.0	66.85	380	55
snapshot_12_1_2015_6_0.json	1448967600.0	66.85	380	55
snapshot_12_2_2015_0_0.json	1449032400.0	66.85	139.99	53
snapshot_12_2_2015_0_0.json	1449032400.0	66.85	139.99	53
snapshot_12_2_2015_12_0.json	1449075600.0	61	139.99	37
snapshot_12_2_2015_18_0.json	1449097200.0	43.45	139.99	36
snapshot_12_2_2015_6_0.json	1449054000.0	61	139.99	37
snapshot_12_3_2015_0_0.json	1449118800.0	37.6	125	36
snapshot_12_3_2015_12_0.json	1449162000.0	37.6	125	36
snapshot_12_3_2015_18_0.json	1449183600.0	25.9	125	34
snapshot_12_3_2015_6_0.json	1449140400.0	37.6	125	36
snapshot_12_4_2015_0_0.json	1449205200.0	13.03	125	34
snapshot_12_4_2015_12_0.json	1449248400.0	0	0	0
snapshot_12_4_2015_18_0.json	1449270000.0	0	0	0
snapshot_12_4_2015_6_0.j9253099	2015-12-04T00:30:00Z	Lewis Black	Santander Performing Arts Center	Pennsylvania Philadelphia|522	19601
snapshot_11_16_2015_0_0.json	1447650000.0	93.76	151.91	68
snapshot_11_17_2015_0_0.json	1447736400.0	93.76	151.91	68
snapshot_11_17_2015_12_0.json	1447779600.0	93.76	151.91	68
snapshot_11_17_2015_18_0.json	1447801200.0	93.76	151.91	68
snapshot_11_17_2015_6_0.json	1447758000.0	93.76	151.91	68
snapshot_11_18_2015_0_0.json	1447822800.0	93.76	151.91	76
snapshot_11_18_2015_12_0.json	1447866000.0	93.76	151.91	76
snapshot_11_18_2015_6_0.json	1447844400.0	93.76	151.91	76
snapshot_11_18_2015_6_0.json	1447844400.0	93.76	151.91	76
snapshot_11_19_2015_12_0.json	1447952400.0	93.76	151.91	78
snapshot_11_19_2015_18_0.json	1447974000.0	93.76	151.91	78
snapshot_11_19_2015_6_0.json	1447930800.0	93.76	151.91	78
snapshot_11_20_2015_0_0.json	1447995600.0	93.76	151.91	78
snapshot_11_20_2015_12_0.json	1448038800.0	93.76	151.91	78
snapshot_11_21_2015_12_0.json	1448125200.0	93.76	151.91	72
snapshot_11_21_2015_18_0.json	1448146800.0	93.76	151.91	72
snapshot_11_22_2015_0_0.json	1448168400.0	93.76	151.91	72
snapshot_11_22_2015_18_0.json	1448233200.0	93.76	151.91	72
snapshot_11_22_2015_6_0.json	1448190000.0	93.76	151.91	72
snapshot_11_22_2015_6_0.json	1448190000.0	93.76	151.91	72
snapshot_11_23_2015_0_0.json	1448254800.0	93.76	151.91	72
snapshot_11_23_2015_0_0.json	1448254800.0	93.76	151.91	72
snapshot_11_23_2015_0_0.json	1448254800.0	93.76	151.91	72
snapshot_11_23_2015_12_0.json	1448298000.0	93.76	151.91	72
snapshot_11_23_2015_18_0.json	1448319600.0	80.89	151.91	72
snapshot_11_23_2015_6_0.json	1448276400.0	93.76	151.91	72
snapshot_11_24_2015_0_0.json	1448341200.0	80.89	151.91	72
snapshot_11_24_2015_12_0.json	1448384400.0	80.89	151.91	72
snapshot_11_24_2015_18_0.json	1448406000.0	80.89	151.91	72
snapshot_11_24_2015_6_0.json	1448362800.0	80.89	151.91	72
snapshot_11_25_2015_0_0.json	1448427600.0	80.89	151.91	70
snapshot_11_25_2015_12_0.json	1448470800.0	80.89	151.91	70
snapshot_11_25_2015_12_0.json	1448470800.0	80.89	151.91	70
snapshot_11_25_2015_18_0.json	1448492400.0	80.89	151.91	70
snapshot_11_25_2015_6_0.json	1448449200.0	80.89	151.91	70
snapshot_11_25_2015_6_0.json	1448449200.0	80.89	151.91	70
snapshot_11_26_2015_0_0.json	1448514000.0	63.75	151.91	72
snapshot_11_28_2015_0_0.json	1448686800.0	63.75	151.91	77
snapshot_11_28_2015_12_0.json	1448730000.0	63.75	139.99	77
snapshot_11_28_2015_18_0.json	1448751600.0	63.75	139.99	75
snapshot_11_29_2015_0_0.json	1448773200.0	63.75	139.99	75
snapshot_11_29_2015_0_0.json	1448773200.0	63.75	139.99	75
snapshot_11_29_2015_12_0.json	1448816400.0	63.75	139.99	85
snapshot_11_29_2015_18_0.json	1448838000.0	63.75	380	85
snapshot_11_29_2015_6_0.json	1448794800.0	63.75	139.99	75
snapshot_11_30_2015_0_0.json	1448859600.0	63.75	139.99	83
snapshot_11_30_2015_0_0.json	1448859600.0	63.75	139.99	83
snapshot_11_30_2015_12_0.json	1448902800.0	63.75	139.99	81
snapshot_11_30_2015_18_0.json	1448924400.0	63.75	380	69
snapshot_11_30_2015_6_0.json	1448881200.0	63.75	139.99	81
snapshot_12_1_2015_0_0.json	1448946000.0	71.53	384	61
snapshot_12_1_2015_0_0.json	1448946000.0	71.53	384	61
snapshot_12_1_2015_18_0.json	1449010800.0	66.85	380	55
snapshot_12_1_2015_18_0.json	1449010800.0	66.85	380	55
snapshot_12_1_2015_6_0.json	1448967600.0	66.85	380	55
snapshot_12_2_2015_0_0.json	1449032400.0	66.85	139.99	53
snapshot_12_2_2015_0_0.json	1449032400.0	66.85	139.99	53
snapshot_12_2_2015_12_0.json	1449075600.0	61	139.99	37
snapshot_12_2_2015_18_0.json	1449097200.0	43.45	139.99	36
snapshot_12_2_2015_6_0.json	1449054000.0	61	139.99	37
snapshot_12_3_2015_0_0.json	1449118800.0	37.6	125	36
snapshot_12_3_2015_12_0.json	1449162000.0	37.6	125	36
snapshot_12_3_2015_18_0.json	1449183600.0	25.9	125	34
snapshot_12_3_2015_6_0.json	1449140400.0	37.6	125	36
snapshot_12_4_2015_0_0.json	1449205200.0	13.03	125	34
snapshot_12_4_2015_12_0.json	1449248400.0	0	0	0
snapshot_12_4_2015_18_0.json	1449270000.0	0	0	0
snapshot_12_4_2015_6_0.json	1449226800.0	0	0	0
snapshot_12_5_2015_12_0.json	1449334800.0	0	0	0
snapshot_12_5_2015_18_0.json	1449356400.0	0	0	0
9253099	2015-12-04T00:30:00Z	Lewis Black	Santander Performing Arts Center	Pennsylvania Philadelphia|522	19601
snapshot_11_16_2015_0_0.json	1447650000.0	93.76	151.91	68
snapshot_11_17_2015_0_0.json	1447736400.0	93.76	151.91	68
snapshot_11_17_2015_12_0.json	1447779600.0	93.76	151.91	68
snapshot_11_17_2015_18_0.json	1447801200.0	93.76	151.91	68
snapshot_11_17_2015_6_0.json	1447758000.0	93.76	151.91	68
snapshot_11_18_2015_0_0.json	1447822800.0	93.76	151.91	76
snapshot_11_18_2015_12_0.json	1447866000.0	93.76	151.91	76
snapshot_11_18_2015_6_0.json	1447844400.0	93.76	151.91	76
snapshot_11_18_2015_6_0.json	1447844400.0	93.76	151.91	76
snapshot_11_19_2015_12_0.json	1447952400.0	93.76	151.91	78
snapshot_11_19_2015_18_0.json	1447974000.0	93.76	151.91	78
snapshot_11_19_2015_6_0.json	1447930800.0	93.76	151.91	78
snapshot_11_20_2015_0_0.json	1447995600.0	93.76	151.91	78
snapshot_11_20_2015_12_0.json	1448038800.0	93.76	151.91	78
snapshot_11_21_2015_12_0.json	1448125200.0	93.76	151.91	72
snapshot_11_21_2015_18_0.json	1448146800.0	93.76	151.91	72
snapshot_11_22_2015_0_0.json	1448168400.0	93.76	151.91	72
snapshot_11_22_2015_18_0.json	1448233200.0	93.76	151.91	72
snapshot_11_22_2015_6_0.json	1448190000.0	93.76	151.91	72
snapshot_11_22_2015_6_0.json	1448190000.0	93.76	151.91	72
snapshot_11_23_2015_0_0.json	1448254800.0	93.76	151.91	72
snapshot_11_23_2015_0_0.json	1448254800.0	93.76	151.91	72
snapshot_11_23_2015_0_0.json	1448254800.0	93.76	151.91	72
snapshot_11_23_2015_12_0.json	1448298000.0	93.76	151.91	72
snapshot_11_23_2015_18_0.json	1448319600.0	80.89	151.91	72
snapshot_11_23_2015_6_0.json	1448276400.0	93.76	151.91	72
snapshot_11_24_2015_0_0.json	1448341200.0	80.89	151.91	72
snapshot_11_24_2015_12_0.json	1448384400.0	80.89	151.91	72
snapshot_11_24_2015_18_0.json	1448406000.0	80.89	151.91	72
snapshot_11_24_2015_6_0.json	1448362800.0	80.89	151.91	72
snapshot_11_25_2015_0_0.json	1448427600.0	80.89	151.91	70
snapshot_11_25_2015_12_0.json	1448470800.0	80.89	151.91	70
snapshot_11_25_2015_12_0.json	1448470800.0	80.89	151.91	70
snapshot_11_25_2015_18_0.json	1448492400.0	80.89	151.91	70
snapshot_11_25_2015_6_0.json	1448449200.0	80.89	151.91	70
snapshot_11_25_2015_6_0.json	1448449200.0	80.89	151.91	70
snapshot_11_26_2015_0_0.json	1448514000.0	63.75	151.91	72
snapshot_11_28_2015_0_0.json	1448686800.0	63.75	151.91	77
snapshot_11_28_2015_12_0.json	1448730000.0	63.75	139.99	77
snapshot_11_28_2015_18_0.json	1448751600.0	63.75	139.99	75
snapshot_11_29_2015_0_0.json	1448773200.0	63.75	139.99	75
snapshot_11_29_2015_0_0.json	1448773200.0	63.75	139.99	75
snapshot_11_29_2015_12_0.json	1448816400.0	63.75	139.99	85
snapshot_11_29_2015_18_0.json	1448838000.0	63.75	380	85
snapshot_11_29_2015_6_0.json	1448794800.0	63.75	139.99	75
snapshot_11_30_2015_0_0.json	1448859600.0	63.75	139.99	83
snapshot_11_30_2015_0_0.json	1448859600.0	63.75	139.99	83
snapshot_11_30_2015_12_0.json	1448902800.0	63.75	139.99	81
snapshot_11_30_2015_18_0.json	1448924400.0	63.75	380	69
snapshot_11_30_2015_6_0.json	1448881200.0	63.75	139.99	81
snapshot_12_1_2015_0_0.json	1448946000.0	71.53	384	61
snapshot_12_1_2015_0_0.json	1448946000.0	71.53	384	61
snapshot_12_1_2015_18_0.json	1449010800.0	66.85	380	55
snapshot_12_1_2015_18_0.json	1449010800.0	66.85	380	55
snapshot_12_1_2015_6_0.json	1448967600.0	66.85	380	55
snapshot_12_2_2015_0_0.json	1449032400.0	66.85	139.99	53
snapshot_12_2_2015_0_0.json	1449032400.0	66.85	139.99	53
snapshot_12_2_2015_12_0.json	1449075600.0	61	139.99	37
snapshot_12_2_2015_18_0.json	1449097200.0	43.45	139.99	36
snapshot_12_2_2015_6_0.json	1449054000.0	61	139.99	37
snapshot_12_3_2015_0_0.json	1449118800.0	37.6	125	36
snapshot_12_3_2015_12_0.json	1449162000.0	37.6	125	36
snapshot_12_3_2015_18_0.json	1449183600.0	25.9	125	34
snapshot_12_3_2015_6_0.json	1449140400.0	37.6	125	36
snapshot_12_4_2015_0_0.json	1449205200.0	13.03	125	34
snapshot_12_4_2015_12_0.json	1449248400.0	0	0	0
snapshot_12_4_2015_18_0.json	1449270000.0	0	0	0
snapshot_12_4_2015_6_0.j
