9253914	2016-02-27T19:00:00Z	Disney on Ice Frozen	Oracle Arena	California SF Bay Area|81	94621
snapshot_11_16_2015_0_0.json	1447650000.0	49.3	186.02	978
snapshot_11_16_2015_0_0.json	1447650000.0	49.3	186.02	978
snapshot_11_17_2015_0_0.json	1447736400.0	49.3	186.02	976
snapshot_11_17_2015_12_0.json	1447779600.0	52.05	186.02	973
snapshot_11_17_2015_18_0.json	1447801200.0	49.3	186.02	973
snapshot_11_17_2015_18_0.json	1447801200.0	49.3	186.02	973
snapshot_11_17_2015_6_0.json	1447758000.0	52.05	186.02	976
snapshot_11_18_2015_18_0.json	1447887600.0	49.3	186.02	1049
snapshot_11_18_2015_18_0.json	1447887600.0	49.3	186.02	1049
snapshot_11_18_2015_6_0.json	1447844400.0	52.05	186.02	1049
snapshot_11_19_2015_0_0.json	1447909200.0	49.3	186.02	1049
snapshot_11_19_2015_0_0.json	1447909200.0	49.3	186.02	1049
snapshot_11_19_2015_12_0.json	1447952400.0	52.05	186.02	1049
snapshot_11_19_2015_6_0.json	1447930800.0	52.05	186.02	1049
snapshot_11_20_2015_0_0.json	1447995600.0	49.3	185	1035
snapshot_11_20_2015_12_0.json	1448038800.0	52.05	185	1032
snapshot_11_21_2015_12_0.json	1448125200.0	52.05	185	1028
snapshot_11_21_2015_18_0.json	1448146800.0	49.3	185	1028
snapshot_11_22_2015_18_0.json	1448233200.0	49.3	185	1028
snapshot_11_22_2015_18_0.json	1448233200.0	49.3	185	1028
snapshot_11_22_2015_6_0.json	1448190000.0	52.05	185	1028
snapshot_11_22_2015_6_0.json	1448190000.0	52.05	185	1028
snapshot_11_23_2015_0_0.json	1448254800.0	49.3	185	1023
snapshot_11_23_2015_12_0.json	1448298000.0	52.05	185	1023
snapshot_11_23_2015_18_0.json	1448319600.0	49.3	185	1023
snapshot_11_24_2015_0_0.json	1448341200.0	49.3	185	1023
snapshot_11_24_2015_18_0.json	1448406000.0	49.3	185	1018
snapshot_11_24_2015_6_0.json	1448362800.0	52.05	185	1018
snapshot_11_25_2015_0_0.json	1448427600.0	49.3	185	1009
snapshot_11_25_2015_0_0.json	1448427600.0	49.3	185	1009
snapshot_11_25_2015_12_0.json	1448470800.0	52.05	185	1021
snapshot_11_25_2015_6_0.json	1448449200.0	52.05	185	1021
snapshot_11_26_2015_0_0.json	1448514000.0	49.3	185	1021
snapshot_11_27_2015_18_0.json	1448665200.0	49.3	185	1050
snapshot_11_27_2015_18_0.json	1448665200.0	49.3	185	1050
snapshot_11_28_2015_0_0.json	1448686800.0	49.3	185	1062
snapshot_11_28_2015_18_0.json	1448751600.0	49.3	175	1057
snapshot_11_28_2015_6_0.json	1448708400.0	52.05	175	1057
snapshot_11_29_2015_18_0.json	1448838000.0	49.3	175	1051
snapshot_11_29_2015_6_0.json	1448794800.0	52.05	175	1051
snapshot_11_30_2015_12_0.json	1448902800.0	52.05	175	1045
snapshot_11_30_2015_18_0.json	1448924400.0	49.3	175	1045
snapshot_11_30_2015_6_0.json	1448881200.0	52.05	175	1051
snapshot_12_1_2015_0_0.json	1448946000.0	49.3	175	1043
snapshot_12_1_2015_12_0.json	1448989200.0	52.05	175	1040
snapshot_12_1_2015_18_0.json	1449010800.0	49.3	175	1040
snapshot_12_1_2015_6_0.json	1448967600.0	52.05	175	1043
snapshot_12_2_2015_0_0.json	1449032400.0	49.3	175	1034
snapshot_12_2_2015_12_0.json	1449075600.0	52.05	175	1050
snapshot_12_2_2015_12_0.json	1449075600.0	52.05	175	1050
snapshot_12_2_2015_18_0.json	1449097200.0	49.3	175	1063
snapshot_12_2_2015_6_0.json	1449054000.0	52.05	175	1050
snapshot_12_3_2015_0_0.json	1449118800.0	49.3	175	1063
snapshot_12_3_2015_12_0.json	1449162000.0	52.05	175	1050
snapshot_12_3_2015_12_0.json	1449162000.0	52.05	175	1050
snapshot_12_3_2015_18_0.json	1449183600.0	49.3	175	1056
snapshot_12_3_2015_6_0.json	1449140400.0	52.05	175	1050
snapshot_12_3_2015_6_0.json	1449140400.0	52.05	175	1050
snapshot_12_4_2015_0_0.json	1449205200.0	49.3	175	1052
snapshot_12_4_2015_12_0.json	1449248400.0	52.05	175	1052
snapshot_12_4_2015_18_0.json	1449270000.0	49.3	175	1052
snapshot_12_4_2015_6_0.json	1449226800.0	52.05	175	1052
snapshot_12_4_2015_6_0.json	1449226800.0	52.05	175	1052
snapshot_12_5_2015_0_0.json	1449291600.0	49.3	175	1064
snapshot_12_5_2015_12_0.json	1449334800.0	52.05	175	1064
snapshot_12_5_2015_12_0.json	1449334800.0	52.05	175	1064
snapshot_12_5_2015_18_0.json	1449356400.0	49.3	175	1064
snapshot_12_5_2015_6_0.json	1449313200.0	52.05	175	1064
snapshot_12_5_2015_6_0.json	1449313200.0	52.05	175	1064
9253914	2016-02-27T19:00:00Z	Disney on Ice Frozen	Oracle Arena	California SF Bay Area|81	94621
snapshot_11_16_2015_0_0.json	1447650000.0	49.3	186.02	978
snapshot_11_16_2015_0_0.json	1447650000.0	49.3	186.02	978
snapshot_11_17_2015_0_0.json	1447736400.0	49.3	186.02	976
snapshot_11_17_2015_12_0.json	1447779600.0	52.05	186.02	973
snapshot_11_17_2015_18_0.json	1447801200.0	49.3	186.02	973
snapshot_11_17_2015_18_0.json	1447801200.0	49.3	186.02	973
snapshot_11_17_2015_6_0.json	1447758000.0	52.05	186.02	976
snapshot_11_18_2015_18_0.json	1447887600.0	49.3	186.02	1049
snapshot_11_18_2015_18_0.json	1447887600.0	49.3	186.02	1049
snapshot_11_18_2015_6_0.json	1447844400.0	52.05	186.02	1049
snapshot_11_19_2015_0_0.json	1447909200.0	49.3	186.02	1049
snapshot_11_19_2015_0_0.json	1447909200.0	49.3	186.02	1049
snapshot_11_19_2015_12_0.json	1447952400.0	52.05	186.02	1049
snapshot_11_19_2015_6_0.json	1447930800.0	52.05	186.02	1049
snapshot_11_20_2015_0_0.json	1447995600.0	49.3	185	1035
snapshot_11_20_2015_12_0.json	1448038800.0	52.05	185	1032
snapshot_11_21_2015_12_0.json	1448125200.0	52.05	185	1028
snapshot_11_21_2015_18_0.json	1448146800.0	49.3	185	1028
snapshot_11_22_2015_18_0.json	1448233200.0	49.3	185	1028
snapshot_11_22_2015_18_0.json	1448233200.0	49.3	185	1028
snapshot_11_22_2015_6_0.json	1448190000.0	52.05	185	1028
snapshot_11_22_2015_6_0.json	1448190000.0	52.05	185	1028
snapshot_11_23_2015_0_0.json	1448254800.0	49.3	185	1023
snapshot_11_23_2015_12_0.json	1448298000.0	52.05	185	1023
snapshot_11_23_2015_18_0.json	1448319600.0	49.3	185	1023
snapshot_11_24_2015_0_0.json	1448341200.0	49.3	185	1023
snapshot_11_24_2015_18_0.json	1448406000.0	49.3	185	1018
snapshot_11_24_2015_6_0.json	1448362800.0	52.05	185	1018
snapshot_11_25_2015_0_0.json	1448427600.0	49.3	185	1009
snapshot_11_25_2015_0_0.json	1448427600.0	49.3	185	1009
snapshot_11_25_2015_12_0.json	1448470800.0	52.05	185	1021
snapshot_11_25_2015_6_0.json	1448449200.0	52.05	185	1021
snapshot_11_26_2015_0_0.json	1448514000.0	49.3	185	1021
snapshot_11_27_2015_18_0.json	1448665200.0	49.3	185	1050
snapshot_11_27_2015_18_0.json	1448665200.0	49.3	185	1050
snapshot_11_28_2015_0_0.json	1448686800.0	49.3	185	1062
snapshot_11_28_2015_18_0.json	1448751600.0	49.3	175	1057
snapshot_11_28_2015_6_0.json	1448708400.0	52.05	175	1057
snapshot_11_29_2015_18_0.json	1448838000.0	49.3	175	1051
snapshot_11_29_2015_6_0.json	1448794800.0	52.05	175	1051
snapshot_11_30_2015_12_0.json	1448902800.0	52.05	175	1045
snapshot_11_30_2015_18_0.json	1448924400.0	49.3	175	1045
snapshot_11_30_2015_6_0.json	1448881200.0	52.05	175	1051
snapshot_12_1_2015_0_0.json	1448946000.0	49.3	175	1043
snapshot_12_1_2015_12_0.json	1448989200.0	52.05	175	1040
snapshot_12_1_2015_18_0.json	1449010800.0	49.3	175	1040
snapshot_12_1_2015_6_0.json	1448967600.0	52.05	175	1043
snapshot_12_2_2015_0_0.json	1449032400.0	49.3	175	1034
snapshot_12_2_2015_12_0.json	1449075600.0	52.05	175	1050
snapshot_12_2_2015_12_0.json	1449075600.0	52.05	175	1050
snapshot_12_2_2015_18_0.json	1449097200.0	49.3	175	1063
snapshot_12_2_2015_6_0.json	1449054000.0	52.05	175	1050
snapshot_12_3_2015_0_0.json	1449118800.0	49.3	175	1063
snapshot_12_3_2015_12_0.json	1449162000.0	52.05	175	1050
snapshot_12_3_2015_12_0.json	1449162000.0	52.05	175	1050
snapshot_12_3_2015_18_0.json	1449183600.0	49.3	175	1056
snapshot_12_3_2015_6_0.json	1449140400.0	52.05	175	1050
snapshot_12_3_2015_6_0.json	1449140400.0	52.05	175	1050
snapshot_12_4_2015_0_0.json	1449205200.0	49.3	175	1052
snapshot_12_4_2015_12_0.json	1449248400.0	52.05	175	1052
snapshot_12_4_2015_18_0.json	1449270000.0	49.3	175	1052
snapshot_12_4_2015_6_0.json	1449226800.0	52.05	175	1052
snapshot_12_4_2015_6_0.json	1449226800.0	52.05	175	1052
snapshot_12_5_2015_0_0.json	1449291600.0	49.3	175	1064
snapshot_12_5_2015_12_0.json	1449334800.0	52.05	175	1064
snapshot_12_5_2015_12_0.json	1449334800.0	52.05	175	1064
snapshot_12_5_2015_18_0.json	1449356400.0	49.3	175	1064
snapshot_12_5_2015_6_0.json	1449313200.0	52.05	175	1064
snapshot_12_5_2015_6_0.json	1449313200.9253914	2016-02-27T19:00:00Z	Disney on Ice Frozen	Oracle Arena	California SF Bay Area|81	94621
snapshot_11_16_2015_0_0.json	1447650000.0	49.3	186.02	978
snapshot_11_16_2015_0_0.json	1447650000.0	49.3	186.02	978
snapshot_11_17_2015_0_0.json	1447736400.0	49.3	186.02	976
snapshot_11_17_2015_12_0.json	1447779600.0	52.05	186.02	973
snapshot_11_17_2015_18_0.json	1447801200.0	49.3	186.02	973
snapshot_11_17_2015_18_0.json	1447801200.0	49.3	186.02	973
snapshot_11_17_2015_6_0.json	1447758000.0	52.05	186.02	976
snapshot_11_18_2015_18_0.json	1447887600.0	49.3	186.02	1049
snapshot_11_18_2015_18_0.json	1447887600.0	49.3	186.02	1049
snapshot_11_18_2015_6_0.json	1447844400.0	52.05	186.02	1049
snapshot_11_19_2015_0_0.json	1447909200.0	49.3	186.02	1049
snapshot_11_19_2015_0_0.json	1447909200.0	49.3	186.02	1049
snapshot_11_19_2015_12_0.json	1447952400.0	52.05	186.02	1049
snapshot_11_19_2015_6_0.json	1447930800.0	52.05	186.02	1049
snapshot_11_20_2015_0_0.json	1447995600.0	49.3	185	1035
snapshot_11_20_2015_12_0.json	1448038800.0	52.05	185	1032
snapshot_11_21_2015_12_0.json	1448125200.0	52.05	185	1028
snapshot_11_21_2015_18_0.json	1448146800.0	49.3	185	1028
snapshot_11_22_2015_18_0.json	1448233200.0	49.3	185	1028
snapshot_11_22_2015_18_0.json	1448233200.0	49.3	185	1028
snapshot_11_22_2015_6_0.json	1448190000.0	52.05	185	1028
snapshot_11_22_2015_6_0.json	1448190000.0	52.05	185	1028
snapshot_11_23_2015_0_0.json	1448254800.0	49.3	185	1023
snapshot_11_23_2015_12_0.json	1448298000.0	52.05	185	1023
snapshot_11_23_2015_18_0.json	1448319600.0	49.3	185	1023
snapshot_11_24_2015_0_0.json	1448341200.0	49.3	185	1023
snapshot_11_24_2015_18_0.json	1448406000.0	49.3	185	1018
snapshot_11_24_2015_6_0.json	1448362800.0	52.05	185	1018
snapshot_11_25_2015_0_0.json	1448427600.0	49.3	185	1009
snapshot_11_25_2015_0_0.json	1448427600.0	49.3	185	1009
snapshot_11_25_2015_12_0.json	1448470800.0	52.05	185	1021
snapshot_11_25_2015_6_0.json	1448449200.0	52.05	185	1021
snapshot_11_26_2015_0_0.json	1448514000.0	49.3	185	1021
snapshot_11_27_2015_18_0.json	1448665200.0	49.3	185	1050
snapshot_11_27_2015_18_0.json	1448665200.0	49.3	185	1050
snapshot_11_28_2015_0_0.json	1448686800.0	49.3	185	1062
snapshot_11_28_2015_18_0.json	1448751600.0	49.3	175	1057
snapshot_11_28_2015_6_0.json	1448708400.0	52.05	175	1057
snapshot_11_29_2015_18_0.json	1448838000.0	49.3	175	1051
snapshot_11_29_2015_6_0.json	1448794800.0	52.05	175	1051
snapshot_11_30_2015_12_0.json	1448902800.0	52.05	175	1045
snapshot_11_30_2015_18_0.json	1448924400.0	49.3	175	1045
snapshot_11_30_2015_6_0.json	1448881200.0	52.05	175	1051
snapshot_12_1_2015_0_0.json	1448946000.0	49.3	175	1043
snapshot_12_1_2015_12_0.json	1448989200.0	52.05	175	1040
snapshot_12_1_2015_18_0.json	1449010800.0	49.3	175	1040
snapshot_12_1_2015_6_0.json	1448967600.0	52.05	175	1043
snapshot_12_2_2015_0_0.json	1449032400.0	49.3	175	1034
snapshot_12_2_2015_12_0.json	1449075600.0	52.05	175	1050
snapshot_12_2_2015_12_0.json	1449075600.0	52.05	175	1050
snapshot_12_2_2015_18_0.json	1449097200.0	49.3	175	1063
snapshot_12_2_2015_6_0.json	1449054000.0	52.05	175	1050
snapshot_12_3_2015_0_0.json	1449118800.0	49.3	175	1063
snapshot_12_3_2015_12_0.json	1449162000.0	52.05	175	1050
snapshot_12_3_2015_12_0.json	1449162000.0	52.05	175	1050
snapshot_12_3_2015_18_0.json	1449183600.0	49.3	175	1056
snapshot_12_3_2015_6_0.json	1449140400.0	52.05	175	1050
snapshot_12_3_2015_6_0.json	1449140400.0	52.05	175	1050
snapshot_12_4_2015_0_0.json	1449205200.0	49.3	175	1052
snapshot_12_4_2015_12_0.json	1449248400.0	52.05	175	1052
snapshot_12_4_2015_18_0.json	1449270000.0	49.3	175	1052
snapshot_12_4_2015_6_0.json	1449226800.0	52.05	175	1052
snapshot_12_4_2015_6_0.json	1449226800.0	52.05	175	1052
snapshot_12_5_2015_0_0.json	1449291600.0	49.3	175	1064
snapshot_12_5_2015_12_0.json	1449334800.0	52.05	175	1064
snapshot_12_5_2015_12_0.json	1449334800.0	52.05	175	1064
snapshot_12_5_2015_18_0.json	1449356400.0	49.3	175	1064
snapshot_12_5_2015_6_0.json	1449313200.0	52.05	175	1064
snapshot_12_5_2015_6_0.json	1449313200.0	52.05	175	1064
9253914	2016-02-27T19:00:00Z	Disney on Ice Frozen	Oracle Arena	California SF Bay Area|81	94621
snapshot_11_16_2015_0_0.json	1447650000.0	49.3	186.02	978
snapshot_11_16_2015_0_0.json	1447650000.0	49.3	186.02	978
snapshot_11_17_2015_0_0.json	1447736400.0	49.3	186.02	976
snapshot_11_17_2015_12_0.json	1447779600.0	52.05	186.02	973
snapshot_11_17_2015_18_0.json	1447801200.0	49.3	186.02	973
snapshot_11_17_2015_18_0.json	1447801200.0	49.3	186.02	973
snapshot_11_17_2015_6_0.json	1447758000.0	52.05	186.02	976
snapshot_11_18_2015_18_0.json	1447887600.0	49.3	186.02	1049
snapshot_11_18_2015_18_0.json	1447887600.0	49.3	186.02	1049
snapshot_11_18_2015_6_0.json	1447844400.0	52.05	186.02	1049
snapshot_11_19_2015_0_0.json	1447909200.0	49.3	186.02	1049
snapshot_11_19_2015_0_0.json	1447909200.0	49.3	186.02	1049
snapshot_11_19_2015_12_0.json	1447952400.0	52.05	186.02	1049
snapshot_11_19_2015_6_0.json	1447930800.0	52.05	186.02	1049
snapshot_11_20_2015_0_0.json	1447995600.0	49.3	185	1035
snapshot_11_20_2015_12_0.json	1448038800.0	52.05	185	1032
snapshot_11_21_2015_12_0.json	1448125200.0	52.05	185	1028
snapshot_11_21_2015_18_0.json	1448146800.0	49.3	185	1028
snapshot_11_22_2015_18_0.json	1448233200.0	49.3	185	1028
snapshot_11_22_2015_18_0.json	1448233200.0	49.3	185	1028
snapshot_11_22_2015_6_0.json	1448190000.0	52.05	185	1028
snapshot_11_22_2015_6_0.json	1448190000.0	52.05	185	1028
snapshot_11_23_2015_0_0.json	1448254800.0	49.3	185	1023
snapshot_11_23_2015_12_0.json	1448298000.0	52.05	185	1023
snapshot_11_23_2015_18_0.json	1448319600.0	49.3	185	1023
snapshot_11_24_2015_0_0.json	1448341200.0	49.3	185	1023
snapshot_11_24_2015_18_0.json	1448406000.0	49.3	185	1018
snapshot_11_24_2015_6_0.json	1448362800.0	52.05	185	1018
snapshot_11_25_2015_0_0.json	1448427600.0	49.3	185	1009
snapshot_11_25_2015_0_0.json	1448427600.0	49.3	185	1009
snapshot_11_25_2015_12_0.json	1448470800.0	52.05	185	1021
snapshot_11_25_2015_6_0.json	1448449200.0	52.05	185	1021
snapshot_11_26_2015_0_0.json	1448514000.0	49.3	185	1021
snapshot_11_27_2015_18_0.json	1448665200.0	49.3	185	1050
snapshot_11_27_2015_18_0.json	1448665200.0	49.3	185	1050
snapshot_11_28_2015_0_0.json	1448686800.0	49.3	185	1062
snapshot_11_28_2015_18_0.json	1448751600.0	49.3	175	1057
snapshot_11_28_2015_6_0.json	1448708400.0	52.05	175	1057
snapshot_11_29_2015_18_0.json	1448838000.0	49.3	175	1051
snapshot_11_29_2015_6_0.json	1448794800.0	52.05	175	1051
snapshot_11_30_2015_12_0.json	1448902800.0	52.05	175	1045
snapshot_11_30_2015_18_0.json	1448924400.0	49.3	175	1045
snapshot_11_30_2015_6_0.json	1448881200.0	52.05	175	1051
snapshot_12_1_2015_0_0.json	1448946000.0	49.3	175	1043
snapshot_12_1_2015_12_0.json	1448989200.0	52.05	175	1040
snapshot_12_1_2015_18_0.json	1449010800.0	49.3	175	1040
snapshot_12_1_2015_6_0.json	1448967600.0	52.05	175	1043
snapshot_12_2_2015_0_0.json	1449032400.0	49.3	175	1034
snapshot_12_2_2015_12_0.json	1449075600.0	52.05	175	1050
snapshot_12_2_2015_12_0.json	1449075600.0	52.05	175	1050
snapshot_12_2_2015_18_0.json	1449097200.0	49.3	175	1063
snapshot_12_2_2015_6_0.json	1449054000.0	52.05	175	1050
snapshot_12_3_2015_0_0.json	1449118800.0	49.3	175	1063
snapshot_12_3_2015_12_0.json	1449162000.0	52.05	175	1050
snapshot_12_3_2015_12_0.json	1449162000.0	52.05	175	1050
snapshot_12_3_2015_18_0.json	1449183600.0	49.3	175	1056
snapshot_12_3_2015_6_0.json	1449140400.0	52.05	175	1050
snapshot_12_3_2015_6_0.json	1449140400.0	52.05	175	1050
snapshot_12_4_2015_0_0.json	1449205200.0	49.3	175	1052
snapshot_12_4_2015_12_0.json	1449248400.0	52.05	175	1052
snapshot_12_4_2015_18_0.json	1449270000.0	49.3	175	1052
snapshot_12_4_2015_6_0.json	1449226800.0	52.05	175	1052
snapshot_12_4_2015_6_0.json	1449226800.0	52.05	175	1052
snapshot_12_5_2015_0_0.json	1449291600.0	49.3	175	1064
snapshot_12_5_2015_12_0.json	1449334800.0	52.05	175	1064
snapshot_12_5_2015_12_0.json	1449334800.0	52.05	175	1064
snapshot_12_5_2015_18_0.json	1449356400.0	49.3	175	1064
snapshot_12_5_2015_6_0.json	1449313200.0	52.05	175	1064
snapshot_12_5_2015_6_0.json	1449313200.
