9253866	2015-11-28T21:00:00Z	San Diego State Aztecs	Qualcomm Stadium	California San Diego|81689	92108
snapshot_11_16_2015_0_0.json	1447650000.0	17.71	65	256
snapshot_11_17_2015_0_0.json	1447736400.0	17.3	65	252
snapshot_11_17_2015_0_0.json	1447736400.0	17.3	65	252
snapshot_11_17_2015_12_0.json	1447779600.0	15.72	65	248
snapshot_11_17_2015_18_0.json	1447801200.0	15	65	248
snapshot_11_18_2015_0_0.json	1447822800.0	14.29	65	248
snapshot_11_18_2015_12_0.json	1447866000.0	13.99	65	243
snapshot_11_18_2015_18_0.json	1447887600.0	13.11	65	243
snapshot_11_19_2015_0_0.json	1447909200.0	13.01	65	241
snapshot_11_19_2015_12_0.json	1447952400.0	11.67	65	239
snapshot_11_19_2015_12_0.json	1447952400.0	11.67	65	239
snapshot_11_19_2015_6_0.json	1447930800.0	12.32	65	239
snapshot_11_20_2015_0_0.json	1447995600.0	9.64	65	253
snapshot_11_20_2015_12_0.json	1448038800.0	9.52	65	246
snapshot_11_21_2015_12_0.json	1448125200.0	17.7	65	226
snapshot_11_21_2015_18_0.json	1448146800.0	17.7	65	226
snapshot_11_22_2015_12_0.json	1448211600.0	17.7	65	206
snapshot_11_22_2015_18_0.json	1448233200.0	17.7	65	198
snapshot_11_22_2015_6_0.json	1448190000.0	17.7	65	210
snapshot_11_23_2015_0_0.json	1448254800.0	18.88	65	190
snapshot_11_23_2015_12_0.json	1448298000.0	16.54	65	232
snapshot_11_23_2015_18_0.json	1448319600.0	16.54	65	244
snapshot_11_23_2015_6_0.json	1448276400.0	20.05	65	185
snapshot_11_24_2015_0_0.json	1448341200.0	16.54	65	257
snapshot_11_24_2015_12_0.json	1448384400.0	16.54	65	235
snapshot_11_24_2015_12_0.json	1448384400.0	16.54	65	235
snapshot_11_24_2015_18_0.json	1448406000.0	16.54	65	235
snapshot_11_25_2015_0_0.json	1448427600.0	16.54	65	235
snapshot_11_25_2015_0_0.json	1448427600.0	16.54	65	235
snapshot_11_25_2015_12_0.json	1448470800.0	13.03	65	233
snapshot_11_25_2015_18_0.json	1448492400.0	13.03	59.95	228
snapshot_11_25_2015_6_0.json	1448449200.0	16.54	65	233
snapshot_11_25_2015_6_0.json	1448449200.0	16.54	65	233
snapshot_11_26_2015_0_0.json	1448514000.0	13.03	59.95	215
snapshot_11_26_2015_0_0.json	1448514000.0	13.03	59.95	215
snapshot_11_27_2015_18_0.json	1448665200.0	14.2	49.95	145
snapshot_11_28_2015_0_0.json	1448686800.0	16.54	49.95	115
snapshot_11_28_2015_12_0.json	1448730000.0	25.9	49.95	105
snapshot_11_28_2015_18_0.json	1448751600.0	25.9	49.95	82
snapshot_11_28_2015_6_0.json	1448708400.0	25.9	49.95	105
snapshot_11_28_2015_6_0.json	1448708400.0	25.9	49.95	105
snapshot_11_29_2015_0_0.json	1448773200.0	23.56	39.95	58
snapshot_11_29_2015_12_0.json	1448816400.0	0	0	0
snapshot_11_29_2015_6_0.json	1448794800.0	0	0	0
snapshot_11_30_2015_0_0.json	1448859600.0	0	0	0
snapshot_11_30_2015_12_0.json	1448902800.0	0	0	0
snapshot_11_30_2015_18_0.json	1448924400.0	0	0	0
snapshot_11_30_2015_18_0.json	1448924400.0	0	0	0
snapshot_11_30_2015_6_0.json	1448881200.0	0	0	0
snapshot_11_30_2015_6_0.json	1448881200.0	0	0	0
snapshot_11_30_2015_6_0.json	1448881200.0	0	0	0
9253866	2015-11-28T21:00:00Z	San Diego State Aztecs	Qualcomm Stadium	California San Diego|81689	92108
snapshot_11_16_2015_0_0.json	1447650000.0	17.71	65	256
snapshot_11_17_2015_0_0.json	1447736400.0	17.3	65	252
snapshot_11_17_2015_0_0.json	1447736400.0	17.3	65	252
snapshot_11_17_2015_12_0.json	1447779600.0	15.72	65	248
snapshot_11_17_2015_18_0.json	1447801200.0	15	65	248
snapshot_11_18_2015_0_0.json	1447822800.0	14.29	65	248
snapshot_11_18_2015_12_0.json	1447866000.0	13.99	65	243
snapshot_11_18_2015_18_0.json	1447887600.0	13.11	65	243
snapshot_11_19_2015_0_0.json	1447909200.0	13.01	65	241
snapshot_11_19_2015_12_0.json	1447952400.0	11.67	65	239
snapshot_11_19_2015_12_0.json	1447952400.0	11.67	65	239
snapshot_11_19_2015_6_0.json	1447930800.0	12.32	65	239
snapshot_11_20_2015_0_0.json	1447995600.0	9.64	65	253
snapshot_11_20_2015_12_0.json	1448038800.0	9.52	65	246
snapshot_11_21_2015_12_0.json	1448125200.0	17.7	65	226
snapshot_11_21_2015_18_0.json	1448146800.0	17.7	65	226
snapshot_11_22_2015_12_0.json	1448211600.0	17.7	65	206
snapshot_11_22_2015_18_0.json	1448233200.0	17.7	65	198
snapshot_11_22_2015_6_0.json	1448190000.0	17.7	65	210
snapshot_11_23_2015_0_0.json	1448254800.0	18.88	65	190
snapshot_11_23_2015_12_0.json	1448298000.0	16.54	65	232
snapshot_11_23_2015_18_0.json	1448319600.0	16.54	65	244
snapshot_11_23_2015_6_0.json	1448276400.0	20.05	65	185
snapshot_11_24_2015_0_0.json	1448341200.0	16.54	65	257
snapshot_11_24_2015_12_0.json	1448384400.0	16.54	65	235
snapshot_11_24_2015_12_0.json	1448384400.0	16.54	65	235
snapshot_11_24_2015_18_0.json	1448406000.0	16.54	65	235
snapshot_11_25_2015_0_0.json	1448427600.0	16.54	65	235
snapshot_11_25_2015_0_0.json	1448427600.0	16.54	65	235
snapshot_11_25_2015_12_0.json	1448470800.0	13.03	65	233
snapshot_11_25_2015_18_0.json	1448492400.0	13.03	59.95	228
snapshot_11_25_2015_6_0.json	1448449200.0	16.54	65	233
snapshot_11_25_2015_6_0.json	1448449200.0	16.54	65	233
snapshot_11_26_2015_0_0.json	1448514000.0	13.03	59.95	215
snapshot_11_26_2015_0_0.json	1448514000.0	13.03	59.95	215
snapshot_11_27_2015_18_0.json	1448665200.0	14.2	49.95	145
snapshot_11_28_2015_0_0.json	1448686800.0	16.54	49.95	115
snapshot_11_28_2015_12_0.json	1448730000.0	25.9	49.95	105
snapshot_11_28_2015_18_0.json	1448751600.0	25.9	49.95	82
snapshot_11_28_2015_6_0.json	1448708400.0	25.9	49.95	105
snapshot_11_28_2015_6_0.json	1448708400.0	25.9	49.95	105
snapshot_11_29_2015_0_0.json	1448773200.0	23.56	39.95	58
snapshot_11_29_2015_12_0.json	1448816400.0	0	0	0
snapshot_11_29_2015_6_0.json	1448794800.0	0	0	0
snapshot_11_30_2015_0_0.json	1448859600.0	0	0	0
snapshot_11_30_2015_12_0.json	1448902800.0	0	0	0
snapshot_11_30_2015_18_0.json	1448924400.0	0	0	0
snapshot_11_30_2015_18_0.json	1448924400.0	0	0	0
snapshot_11_30_2015_6_0.json	1448881200.0	0	0	0
snapshot_11_30_2015_6_0.json	1448881200.0	0	0	0
snapshot_11_30_2015_6_0.json	1448881200.0	0	0	0
9253866	2015-11-28T21:00:00Z	San Diego State Aztecs	Qualcomm Stadium	California San Diego|81689	92108
snapshot_11_16_2015_0_0.json	1447650000.0	17.71	65	256
snapshot_11_17_2015_0_0.json	1447736400.0	17.3	65	252
snapshot_11_17_2015_0_0.json	1447736400.0	17.3	65	252
snapshot_11_17_2015_12_0.json	1447779600.0	15.72	65	248
snapshot_11_17_2015_18_0.json	1447801200.0	15	65	248
snapshot_11_18_2015_0_0.json	1447822800.0	14.29	65	248
snapshot_11_18_2015_12_0.json	1447866000.0	13.99	65	243
snapshot_11_18_2015_18_0.json	1447887600.0	13.11	65	243
snapshot_11_19_2015_0_0.json	1447909200.0	13.01	65	241
snapshot_11_19_2015_12_0.json	1447952400.0	11.67	65	239
snapshot_11_19_2015_12_0.json	1447952400.0	11.67	65	239
snapshot_11_19_2015_6_0.json	1447930800.0	12.32	65	239
snapshot_11_20_2015_0_0.json	1447995600.0	9.64	65	253
snapshot_11_20_2015_12_0.json	1448038800.0	9.52	65	246
snapshot_11_21_2015_12_0.json	1448125200.0	17.7	65	226
snapshot_11_21_2015_18_0.json	1448146800.0	17.7	65	226
snapshot_11_22_2015_12_0.json	1448211600.0	17.7	65	206
snapshot_11_22_2015_18_0.json	1448233200.0	17.7	65	198
snapshot_11_22_2015_6_0.json	1448190000.0	17.7	65	210
snapshot_11_23_2015_0_0.json	1448254800.0	18.88	65	190
snapshot_11_23_2015_12_0.json	1448298000.0	16.54	65	232
snapshot_11_23_2015_18_0.json	1448319600.0	16.54	65	244
snapshot_11_23_2015_6_0.json	1448276400.0	20.05	65	185
snapshot_11_24_2015_0_0.json	1448341200.0	16.54	65	257
snapshot_11_24_2015_12_0.json	1448384400.0	16.54	65	235
snapshot_11_24_2015_12_0.json	1448384400.0	16.54	65	235
snapshot_11_24_2015_18_0.json	1448406000.0	16.54	65	235
snapshot_11_25_2015_0_0.json	1448427600.0	16.54	65	235
snapshot_11_25_2015_0_0.json	1448427600.0	16.54	65	235
snapshot_11_25_2015_12_0.json	1448470800.0	13.03	65	233
snapshot_11_25_2015_18_0.json	1448492400.0	13.03	59.95	228
snapshot_11_25_2015_6_0.json	1448449200.0	16.54	65	233
snapshot_11_25_2015_6_0.json	1448449200.0	16.54	65	233
snapshot_11_26_2015_0_0.json	1448514000.0	13.03	59.95	215
snapshot_11_26_2015_0_0.json	1448514000.0	13.03	59.95	215
snapshot_11_27_2015_18_0.json	1448665200.0	14.2	49.95	145
snapshot_11_28_2015_0_0.json	1448686800.0	16.54	49.95	115
snapshot_11_28_2015_12_0.json	1448730000.0	25.9	49.95	105
snapshot_11_28_2015_18_0.json	1448751600.0	25.9	49.95	82
snapshot_11_28_2015_6_0.json	1448708400.0	25.9	49.95	105
snapshot_11_28_2015_6_0.json	1448708400.0	25.9	49.95	105
snapshot_11_29_2015_0_0.json	1448773200.0	23.56	39.95	58
snapshot_11_29_2015_12_0.json	1448816400.0	0	0	0
snapshot_11_29_2015_6_0.json	1448794800.0	0	0	0
snapshot_11_30_2015_0_0.json	1448859600.0	0	0	0
snapshot_11_30_2015_12_0.json	1448902800.0	0	0	0
snapshot_11_30_2015_18_0.json	1448924400.0	0	0	0
snapshot_11_30_2015_18_0.json	1448924400.0	0	0	0
snapshot_11_30_2015_6_0.json	1448881200.0	0	0	0
snapshot_11_30_2015_6_0.json	1448881200.0	0	0	0
snapshot_11_30_2015_6_0.json	1448881200.0	0	0	0
9253866	2015-11-28T21:00:00Z	San Diego State Aztecs	Qualcomm Stadium	California San Diego|81689	92108
snapshot_11_16_2015_0_0.json	1447650000.0	17.71	65	256
snapshot_11_17_2015_0_0.json	1447736400.0	17.3	65	252
snapshot_11_17_2015_0_0.json	1447736400.0	17.3	65	252
snapshot_11_17_2015_12_0.json	1447779600.0	15.72	65	248
snapshot_11_17_2015_18_0.json	1447801200.0	15	65	248
snapshot_11_18_2015_0_0.json	1447822800.0	14.29	65	248
snapshot_11_18_2015_12_0.json	1447866000.0	13.99	65	243
snapshot_11_18_2015_18_0.json	1447887600.0	13.11	65	243
snapshot_11_19_2015_0_0.json	1447909200.0	13.01	65	241
snapshot_11_19_2015_12_0.json	1447952400.0	11.67	65	239
snapshot_11_19_2015_12_0.json	1447952400.0	11.67	65	239
snapshot_11_19_2015_6_0.json	1447930800.0	12.32	65	239
snapshot_11_20_2015_0_0.json	1447995600.0	9.64	65	253
snapshot_11_20_2015_12_0.json	1448038800.0	9.52	65	246
snapshot_11_21_2015_12_0.json	1448125200.0	17.7	65	226
snapshot_11_21_2015_18_0.json	1448146800.0	17.7	65	226
snapshot_11_22_2015_12_0.json	1448211600.0	17.7	65	206
snapshot_11_22_2015_18_0.json	1448233200.0	17.7	65	198
snapshot_11_22_2015_6_0.json	1448190000.0	17.7	65	210
snapshot_11_23_2015_0_0.json	1448254800.0	18.88	65	190
snapshot_11_23_2015_12_0.json	1448298000.0	16.54	65	232
snapshot_11_23_2015_18_0.json	1448319600.0	16.54	65	244
snapshot_11_23_2015_6_0.json	1448276400.0	20.05	65	185
snapshot_11_24_2015_0_0.json	1448341200.0	16.54	65	257
snapshot_11_24_2015_12_0.json	1448384400.0	16.54	65	235
snapshot_11_24_2015_12_0.json	1448384400.0	16.54	65	235
snapshot_11_24_2015_18_0.json	1448406000.0	16.54	65	235
snapshot_11_25_2015_0_0.json	1448427600.0	16.54	65	235
snapshot_11_25_2015_0_0.json	1448427600.0	16.54	65	235
snapshot_11_25_2015_12_0.json	1448470800.0	13.03	65	233
snapshot_11_25_2015_18_0.json	1448492400.0	13.03	59.95	228
snapshot_11_25_2015_6_0.json	1448449200.0	16.54	65	233
snapshot_11_25_2015_6_0.json	1448449200.0	16.54	65	233
snapshot_11_26_2015_0_0.json	1448514000.0	13.03	59.95	215
snapshot_11_26_2015_0_0.json	1448514000.0	13.03	59.95	215
snapshot_11_27_2015_18_0.json	1448665200.0	14.2	49.95	145
snapshot_11_28_2015_0_0.json	1448686800.0	16.54	49.95	115
snapshot_11_28_2015_12_0.json	1448730000.0	25.9	49.95	105
snapshot_11_28_2015_18_0.json	1448751600.0	25.9	49.95	82
snapshot_11_28_2015_6_0.json	1448708400.0	25.9	49.95	105
snapshot_11_28_2015_6_0.json	1448708400.0	25.9	49.95	105
snapshot_11_29_2015_0_0.json	1448773200.0	23.56	39.95	58
snapshot_11_29_2015_12_0.json	1448816400.0	0	0	0
snapshot_11_29_2015_6_0.json	1448794800.0	0	0	0
snapshot_11_30_2015_0_0.json	1448859600.0	0	0	0
snapshot_11_30_2015_12_0.json	1448902800.0	0	0	0
snapshot_11_30_2015_18_0.json	1448924400.0	0	0	0
snapshot_11_30_2015_18_0.json	1448924400.0	0	0	0
snapshot_11_30_2015_6_0.json	1448881200.0	0	0	0
snapshot_11_30_2015_6_0.json	1448881200.0	0	0	0
snapshot_11_30_2015_6_0.json	1448881200.0	0	0	0
