9253838	2015-11-22T04:00:00Z	Hawaii Warriors	Aloha Stadium	Hawaii Honolulu|422	96701
snapshot_11_16_2015_0_0.json	1447650000.0	16.54	175	169
snapshot_11_17_2015_12_0.json	1447779600.0	11.86	175	165
snapshot_11_17_2015_18_0.json	1447801200.0	11.86	175	161
snapshot_11_17_2015_18_0.json	1447801200.0	11.86	175	161
snapshot_11_18_2015_0_0.json	1447822800.0	11.86	175	188
snapshot_11_18_2015_12_0.json	1447866000.0	11.86	175	193
snapshot_11_18_2015_18_0.json	1447887600.0	11.86	175	193
snapshot_11_18_2015_6_0.json	1447844400.0	11.86	175	194
snapshot_11_19_2015_0_0.json	1447909200.0	11.86	175	191
snapshot_11_19_2015_6_0.json	1447930800.0	11.86	175	191
snapshot_11_19_2015_6_0.json	1447930800.0	11.86	175	191
snapshot_11_20_2015_12_0.json	1448038800.0	11.86	75	158
snapshot_11_21_2015_12_0.json	1448125200.0	10.69	75	132
snapshot_11_21_2015_18_0.json	1448146800.0	9.52	75	132
snapshot_11_22_2015_0_0.json	1448168400.0	16.54	45	35
snapshot_11_22_2015_18_0.json	1448233200.0	0	0	0
snapshot_11_23_2015_12_0.json	1448298000.0	0	0	0
snapshot_11_23_2015_6_0.json	1448276400.0	0	0	0
snapshot_11_23_2015_6_0.json	1448276400.0	0	0	0
9253838	2015-11-22T04:00:00Z	Hawaii Warriors	Aloha Stadium	Hawaii Honolulu|422	96701
snapshot_11_16_2015_0_0.json	1447650000.0	16.54	175	169
snapshot_11_17_2015_12_0.json	1447779600.0	11.86	175	165
snapshot_11_17_2015_18_0.json	1447801200.0	11.86	175	161
snapshot_11_17_2015_18_0.json	1447801200.0	11.86	175	161
snapshot_11_18_2015_0_0.json	1447822800.0	11.86	175	188
snapshot_11_18_2015_12_0.json	1447866000.0	11.86	175	193
snapshot_11_18_2015_18_0.json	1447887600.0	11.86	175	193
snapshot_11_18_2015_6_0.json	1447844400.0	11.86	175	194
snapshot_11_19_2015_0_0.json	1447909200.0	11.86	175	191
snapshot_11_19_2015_6_0.json	1447930800.0	11.86	175	191
snapshot_11_19_2015_6_0.json	1447930800.0	11.86	175	191
snapshot_11_20_2015_12_0.json	1448038800.0	11.86	75	158
snapshot_11_21_2015_12_0.json	1448125200.0	10.69	75	132
snapshot_11_21_2015_18_0.json	1448146800.0	9.52	75	132
snapshot_11_22_2015_0_0.json	1448168400.0	16.54	45	35
snapshot_11_22_2015_18_0.json	1448233200.0	0	0	0
snapshot_11_23_2015_12_0.json	1448298000.0	0	0	0
snapshot_11_23_2015_6_0.json	1448276400.0	0	0	0
snapshot_11_23_2015_6_0.json	1448276400.0	0	0	0
9253838	2015-11-22T04:00:00Z	Hawaii Warriors	Aloha Stadium	Hawaii Honolulu|422	96701
snapshot_11_16_2015_0_0.json	1447650000.0	16.54	175	169
snapshot_11_17_2015_12_0.json	1447779600.0	11.86	175	165
snapshot_11_17_2015_18_0.json	1447801200.0	11.86	175	161
snapshot_11_17_2015_18_0.json	1447801200.0	11.86	175	161
snapshot_11_18_2015_0_0.json	1447822800.0	11.86	175	188
snapshot_11_18_2015_12_0.json	1447866000.0	11.86	175	193
snapshot_11_18_2015_18_0.json	1447887600.0	11.86	175	193
snapshot_11_18_2015_6_0.json	1447844400.0	11.86	175	194
snapshot_11_19_2015_0_0.json	1447909200.0	11.86	175	191
snapshot_11_19_2015_6_0.json	1447930800.0	11.86	175	191
snapshot_11_19_2015_6_0.json	1447930800.0	11.86	175	191
snapshot_11_20_2015_12_0.json	1448038800.0	11.86	75	158
snapshot_11_21_2015_12_0.json	1448125200.0	10.69	75	132
snapshot_11_21_2015_18_0.json	1448146800.0	9.52	75	132
snapshot_11_22_2015_0_0.json	1448168400.0	16.54	45	35
snapshot_11_22_2015_18_0.json	1448233200.0	0	0	0
snapshot_11_23_2015_12_0.json	1448298000.0	0	0	0
snapshot_11_23_2015_6_0.json	1448276400.0	0	0	0
snapshot_11_23_2015_6_0.json	1448276400.0	0	0	0
9253838	2015-11-22T04:00:00Z	Hawaii Warriors	Aloha Stadium	Hawaii Honolulu|422	96701
snapshot_11_16_2015_0_0.json	1447650000.0	16.54	175	169
snapshot_11_17_2015_12_0.json	1447779600.0	11.86	175	165
snapshot_11_17_2015_18_0.json	1447801200.0	11.86	175	161
snapshot_11_17_2015_18_0.json	1447801200.0	11.86	175	161
snapshot_11_18_2015_0_0.json	1447822800.0	11.86	175	188
snapshot_11_18_2015_12_0.json	1447866000.0	11.86	175	193
snapshot_11_18_2015_18_0.json	1447887600.0	11.86	175	193
snapshot_11_18_2015_6_0.json	1447844400.0	11.86	175	194
snapshot_11_19_2015_0_0.json	1447909200.0	11.86	175	191
snapshot_11_19_2015_6_0.json	1447930800.0	11.86	175	191
snapshot_11_19_2015_6_0.json	1447930800.0	11.86	175	191
snapshot_11_20_2015_12_0.json	1448038800.0	11.86	75	158
snapshot_11_21_2015_12_0.json	1448125200.0	10.69	75	132
snapshot_11_21_2015_18_0.json	1448146800.0	9.52	75	132
snapshot_11_22_2015_0_0.json	1448168400.0	16.54	45	35
snapshot_11_22_2015_18_0.json	1448233200.0	0	0	0
snapshot_11_23_2015_12_0.json	1448298000.0	0	0	0
snapshot_11_23_2015_6_0.json	1448276400.0	0	0	0
snapshot_11_23_2015_6_0.json	1448276400.0	0	0	0
