9253915	2016-02-27T23:00:00Z	Disney on Ice Frozen	Oracle Arena	California SF Bay Area|81	94621
snapshot_11_16_2015_0_0.json	1447650000.0	46.2	245	1528
snapshot_11_16_2015_0_0.json	1447650000.0	46.2	245	1528
snapshot_11_17_2015_0_0.json	1447736400.0	46.2	245	1528
snapshot_11_17_2015_12_0.json	1447779600.0	46.2	245	1528
snapshot_11_17_2015_18_0.json	1447801200.0	46.2	245	1528
snapshot_11_17_2015_18_0.json	1447801200.0	46.2	245	1528
snapshot_11_17_2015_6_0.json	1447758000.0	46.2	245	1528
snapshot_11_18_2015_18_0.json	1447887600.0	46.2	245	1512
snapshot_11_18_2015_6_0.json	1447844400.0	46.2	245	1512
snapshot_11_19_2015_12_0.json	1447952400.0	46.2	245	1528
snapshot_11_19_2015_6_0.json	1447930800.0	46.2	245	1528
snapshot_11_20_2015_0_0.json	1447995600.0	46.2	245	1649
snapshot_11_20_2015_12_0.json	1448038800.0	46.2	245	1656
snapshot_11_21_2015_12_0.json	1448125200.0	46.2	245	1650
snapshot_11_21_2015_18_0.json	1448146800.0	46.2	245	1650
snapshot_11_22_2015_12_0.json	1448211600.0	46.2	245	1647
snapshot_11_22_2015_18_0.json	1448233200.0	46.2	245	1645
snapshot_11_22_2015_18_0.json	1448233200.0	46.2	245	1645
snapshot_11_22_2015_6_0.json	1448190000.0	46.2	245	1647
snapshot_11_22_2015_6_0.json	1448190000.0	46.2	245	1647
snapshot_11_23_2015_12_0.json	1448298000.0	46.2	245	1642
snapshot_11_23_2015_18_0.json	1448319600.0	46.2	245	1642
snapshot_11_23_2015_6_0.json	1448276400.0	46.2	245	1642
snapshot_11_24_2015_0_0.json	1448341200.0	46.2	245	1642
snapshot_11_24_2015_18_0.json	1448406000.0	46.2	245	1642
snapshot_11_24_2015_6_0.json	1448362800.0	46.2	245	1642
snapshot_11_25_2015_6_0.json	1448449200.0	46.2	245	1650
snapshot_11_26_2015_0_0.json	1448514000.0	46.2	245	1646
snapshot_11_28_2015_0_0.json	1448686800.0	46.2	245	1730
snapshot_11_28_2015_18_0.json	1448751600.0	46.2	245	1727
snapshot_11_28_2015_6_0.json	1448708400.0	46.2	245	1730
snapshot_11_29_2015_0_0.json	1448773200.0	46.2	245	1727
snapshot_11_29_2015_12_0.json	1448816400.0	46.2	245	1727
snapshot_11_29_2015_18_0.json	1448838000.0	46.2	245	1727
snapshot_11_29_2015_6_0.json	1448794800.0	46.2	245	1727
snapshot_11_30_2015_12_0.json	1448902800.0	46.2	245	1727
snapshot_11_30_2015_18_0.json	1448924400.0	46.2	245	1727
snapshot_11_30_2015_6_0.json	1448881200.0	46.2	245	1727
snapshot_12_1_2015_0_0.json	1448946000.0	46.2	245	1709
snapshot_12_1_2015_12_0.json	1448989200.0	46.2	245	1695
snapshot_12_1_2015_18_0.json	1449010800.0	46.2	245	1695
snapshot_12_1_2015_6_0.json	1448967600.0	46.2	245	1704
snapshot_12_2_2015_0_0.json	1449032400.0	46.2	245	1715
snapshot_12_2_2015_12_0.json	1449075600.0	46.2	245	1701
snapshot_12_2_2015_18_0.json	1449097200.0	46.2	245	1756
snapshot_12_2_2015_6_0.json	1449054000.0	46.2	245	1707
snapshot_12_2_2015_6_0.json	1449054000.0	46.2	245	1707
snapshot_12_3_2015_0_0.json	1449118800.0	46.2	245	1752
snapshot_12_3_2015_12_0.json	1449162000.0	46.2	245	1744
snapshot_12_3_2015_18_0.json	1449183600.0	46.2	245	1753
snapshot_12_3_2015_6_0.json	1449140400.0	46.2	245	1750
snapshot_12_4_2015_0_0.json	1449205200.0	46.2	245	1749
snapshot_12_4_2015_12_0.json	1449248400.0	46.2	245	1749
snapshot_12_4_2015_18_0.json	1449270000.0	46.2	245	1749
snapshot_12_4_2015_6_0.json	1449226800.0	46.2	245	1749
snapshot_12_5_2015_0_0.json	1449291600.0	46.2	245	1736
snapshot_12_5_2015_12_0.json	1449334800.0	46.2	245	1736
snapshot_12_5_2015_12_0.json	1449334800.0	46.2	245	1736
snapshot_12_5_2015_18_0.json	1449356400.0	46.2	245	1736
snapshot_12_5_2015_6_0.json	1449313200.0	46.2	245	1736
9253915	2016-02-27T23:00:00Z	Disney on Ice Frozen	Oracle Arena	California SF Bay Area|81	94621
snapshot_11_16_2015_0_0.json	1447650000.0	46.2	245	1528
snapshot_11_16_2015_0_0.json	1447650000.0	46.2	245	1528
snapshot_11_17_2015_0_0.json	1447736400.0	46.2	245	1528
snapshot_11_17_2015_12_0.json	1447779600.0	46.2	245	1528
snapshot_11_17_2015_18_0.json	1447801200.0	46.2	245	1528
snapshot_11_17_2015_18_0.json	1447801200.0	46.2	245	1528
snapshot_11_17_2015_6_0.json	1447758000.0	46.2	245	1528
snapshot_11_18_2015_18_0.json	1447887600.0	46.2	245	1512
snapshot_11_18_2015_6_0.json	1447844400.0	46.2	245	1512
snapshot_11_19_2015_12_0.json	1447952400.0	46.2	245	1528
snapshot_11_19_2015_6_0.json	1447930800.0	46.2	245	1528
snapshot_11_20_2015_0_0.json	1447995600.0	46.2	245	1649
snapshot_11_20_2015_12_0.json	1448038800.0	46.2	245	1656
snapshot_11_21_2015_12_0.json	1448125200.0	46.2	245	1650
snapshot_11_21_2015_18_0.json	1448146800.0	46.2	245	1650
snapshot_11_22_2015_12_0.json	1448211600.0	46.2	245	1647
snapshot_11_22_2015_18_0.json	1448233200.0	46.2	245	1645
snapshot_11_22_2015_18_0.json	1448233200.0	46.2	245	1645
snapshot_11_22_2015_6_0.json	1448190000.0	46.2	245	1647
snapshot_11_22_2015_6_0.json	1448190000.0	46.2	245	1647
snapshot_11_23_2015_12_0.json	1448298000.0	46.2	245	1642
snapshot_11_23_2015_18_0.json	1448319600.0	46.2	245	1642
snapshot_11_23_2015_6_0.json	1448276400.0	46.2	245	1642
snapshot_11_24_2015_0_0.json	1448341200.0	46.2	245	1642
snapshot_11_24_2015_18_0.json	1448406000.0	46.2	245	1642
snapshot_11_24_2015_6_0.json	1448362800.0	46.2	245	1642
snapshot_11_25_2015_6_0.json	1448449200.0	46.2	245	1650
snapshot_11_26_2015_0_0.json	1448514000.0	46.2	245	1646
snapshot_11_28_2015_0_0.json	1448686800.0	46.2	245	1730
snapshot_11_28_2015_18_0.json	1448751600.0	46.2	245	1727
snapshot_11_28_2015_6_0.json	1448708400.0	46.2	245	1730
snapshot_11_29_2015_0_0.json	1448773200.0	46.2	245	1727
snapshot_11_29_2015_12_0.json	1448816400.0	46.2	245	1727
snapshot_11_29_2015_18_0.json	1448838000.0	46.2	245	1727
snapshot_11_29_2015_6_0.json	1448794800.0	46.2	245	1727
snapshot_11_30_2015_12_0.json	1448902800.0	46.2	245	1727
snapshot_11_30_2015_18_0.json	1448924400.0	46.2	245	1727
snapshot_11_30_2015_6_0.json	1448881200.0	46.2	245	1727
snapshot_12_1_2015_0_0.json	1448946000.0	46.2	245	1709
snapshot_12_1_2015_12_0.json	1448989200.0	46.2	245	1695
snapshot_12_1_2015_18_0.json	1449010800.0	46.2	245	1695
snapshot_12_1_2015_6_0.json	1448967600.0	46.2	245	1704
snapshot_12_2_2015_0_0.json	1449032400.0	46.2	245	1715
snapshot_12_2_2015_12_0.json	1449075600.0	46.2	245	1701
snapshot_12_2_2015_18_0.json	1449097200.0	46.2	245	1756
snapshot_12_2_2015_6_0.json	1449054000.0	46.2	245	1707
snapshot_12_2_2015_6_0.json	1449054000.0	46.2	245	1707
snapshot_12_3_2015_0_0.json	1449118800.0	46.2	245	1752
snapshot_12_3_2015_12_0.json	1449162000.0	46.2	245	1744
snapshot_12_3_2015_18_0.json	1449183600.0	46.2	245	1753
snapshot_12_3_2015_6_0.json	1449140400.0	46.2	245	1750
snapshot_12_4_2015_0_0.json	1449205200.0	46.2	245	1749
snapshot_12_4_2015_12_0.json	1449248400.0	46.2	245	1749
snapshot_12_4_2015_18_0.json	1449270000.0	46.2	245	1749
snapshot_12_4_2015_6_0.json	1449226800.0	46.2	245	1749
snapshot_12_5_2015_0_0.json	1449291600.0	46.2	245	1736
snapshot_12_5_2015_12_0.json	1449334800.0	46.2	245	1736
snapshot_12_5_2015_12_0.json	1449334800.0	46.2	245	1736
snapshot_12_5_2015_18_0.json	1449356400.0	46.2	245	1736
snapshot_12_5_2015_6_0.json	1449313200.0	46.2	245	1736
9253915	2016-02-27T23:00:00Z	Disney on Ice Frozen	Oracle Arena	California SF Bay Area|81	94621
snapshot_11_16_2015_0_0.json	1447650000.0	46.2	245	1528
snapshot_11_16_2015_0_0.json	1447650000.0	46.2	245	1528
snapshot_11_17_2015_0_0.json	1447736400.0	46.2	245	1528
snapshot_11_17_2015_12_0.json	1447779600.0	46.2	245	1528
snapshot_11_17_2015_18_0.json	1447801200.0	46.2	245	1528
snapshot_11_17_2015_18_0.json	1447801200.0	46.2	245	1528
snapshot_11_17_2015_6_0.json	1447758000.0	46.2	245	1528
snapshot_11_18_2015_18_0.json	1447887600.0	46.2	245	1512
snapshot_11_18_2015_6_0.json	1447844400.0	46.2	245	1512
snapshot_11_19_2015_12_0.json	1447952400.0	46.2	245	1528
snapshot_11_19_2015_6_0.json	1447930800.0	46.2	245	1528
snapshot_11_20_2015_0_0.json	1447995600.0	46.2	245	1649
snapshot_11_20_2015_12_0.json	1448038800.0	46.2	245	1656
snapshot_11_21_2015_12_0.json	1448125200.0	46.2	245	1650
snapshot_11_21_2015_18_0.json	1448146800.0	46.2	245	1650
snapshot_11_22_2015_12_0.json	1448211600.0	46.2	245	1647
snapshot_11_22_2015_18_0.json	1448233200.0	46.2	245	1645
snapshot_11_22_2015_18_0.json	1448233200.0	46.2	245	1645
snapshot_11_22_2015_6_0.json	1448190000.0	46.2	245	1647
snapshot_11_22_2015_6_0.json	1448190000.0	46.2	245	1647
snapshot_11_23_2015_12_0.json	1448298000.0	46.2	245	1642
snapshot_11_23_2015_18_0.json	1448319600.0	46.2	245	1642
snapshot_11_23_2015_6_0.json	1448276400.0	46.2	245	1642
snapshot_11_24_2015_0_0.json	1448341200.0	46.2	245	1642
snapshot_11_24_2015_18_0.json	1448406000.0	46.2	245	1642
snapshot_11_24_2015_6_0.json	1448362800.0	46.2	245	1642
snapshot_11_25_2015_6_0.json	1448449200.0	46.2	245	1650
snapshot_11_26_2015_0_0.json	1448514000.0	46.2	245	1646
snapshot_11_28_2015_0_0.json	1448686800.0	46.2	245	1730
snapshot_11_28_2015_18_0.json	1448751600.0	46.2	245	1727
snapshot_11_28_2015_6_0.json	1448708400.0	46.2	245	1730
snapshot_11_29_2015_0_0.json	1448773200.0	46.2	245	1727
snapshot_11_29_2015_12_0.json	1448816400.0	46.2	245	1727
snapshot_11_29_2015_18_0.json	1448838000.0	46.2	245	1727
snapshot_11_29_2015_6_0.json	1448794800.0	46.2	245	1727
snapshot_11_30_2015_12_0.json	1448902800.0	46.2	245	1727
snapshot_11_30_2015_18_0.json	1448924400.0	46.2	245	1727
snapshot_11_30_2015_6_0.json	1448881200.0	46.2	245	1727
snapshot_12_1_2015_0_0.json	1448946000.0	46.2	245	1709
snapshot_12_1_2015_12_0.json	1448989200.0	46.2	245	1695
snapshot_12_1_2015_18_0.json	1449010800.0	46.2	245	1695
snapshot_12_1_2015_6_0.json	1448967600.0	46.2	245	1704
snapshot_12_2_2015_0_0.json	1449032400.0	46.2	245	1715
snapshot_12_2_2015_12_0.json	1449075600.0	46.2	245	1701
snapshot_12_2_2015_18_0.json	1449097200.0	46.2	245	1756
snapshot_12_2_2015_6_0.json	1449054000.0	46.2	245	1707
snapshot_12_2_2015_6_0.json	1449054000.0	46.2	245	1707
snapshot_12_3_2015_0_0.json	1449118800.0	46.2	245	1752
snapshot_12_3_2015_12_0.json	1449162000.0	46.2	245	1744
snapshot_12_3_2015_18_0.json	1449183600.0	46.2	245	1753
snapshot_12_3_2015_6_0.json	1449140400.0	46.2	245	1750
snapshot_12_4_2015_0_0.json	1449205200.0	46.2	245	1749
snapshot_12_4_2015_12_0.json	1449248400.0	46.2	245	1749
snapshot_12_4_2015_18_0.json	1449270000.0	46.2	245	1749
snapshot_12_4_2015_6_0.json	1449226800.0	46.2	245	1749
snapshot_12_5_2015_0_0.json	1449291600.0	46.2	245	1736
snapshot_12_5_2015_12_0.json	1449334800.0	46.2	245	1736
snapshot_12_5_2015_12_0.json	1449334800.0	46.2	245	1736
snapshot_12_5_2015_18_0.json	1449356400.0	46.2	245	1736
snapshot_12_5_2015_6_0.json	1449313200.0	46.2	245	1736
9253915	2016-02-27T23:00:00Z	Disney on Ice Frozen	Oracle Arena	California SF Bay Area|81	94621
snapshot_11_16_2015_0_0.json	1447650000.0	46.2	245	1528
snapshot_11_16_2015_0_0.json	1447650000.0	46.2	245	1528
snapshot_11_17_2015_0_0.json	1447736400.0	46.2	245	1528
snapshot_11_17_2015_12_0.json	1447779600.0	46.2	245	1528
snapshot_11_17_2015_18_0.json	1447801200.0	46.2	245	1528
snapshot_11_17_2015_18_0.json	1447801200.0	46.2	245	1528
snapshot_11_17_2015_6_0.json	1447758000.0	46.2	245	1528
snapshot_11_18_2015_18_0.json	1447887600.0	46.2	245	1512
snapshot_11_18_2015_6_0.json	1447844400.0	46.2	245	1512
snapshot_11_19_2015_12_0.json	1447952400.0	46.2	245	1528
snapshot_11_19_2015_6_0.json	1447930800.0	46.2	245	1528
snapshot_11_20_2015_0_0.json	1447995600.0	46.2	245	1649
snapshot_11_20_2015_12_0.json	1448038800.0	46.2	245	1656
snapshot_11_21_2015_12_0.json	1448125200.0	46.2	245	1650
snapshot_11_21_2015_18_0.json	1448146800.0	46.2	245	1650
snapshot_11_22_2015_12_0.json	1448211600.0	46.2	245	1647
snapshot_11_22_2015_18_0.json	1448233200.0	46.2	245	1645
snapshot_11_22_2015_18_0.json	1448233200.0	46.2	245	1645
snapshot_11_22_2015_6_0.json	1448190000.0	46.2	245	1647
snapshot_11_22_2015_6_0.json	1448190000.0	46.2	245	1647
snapshot_11_23_2015_12_0.json	1448298000.0	46.2	245	1642
snapshot_11_23_2015_18_0.json	1448319600.0	46.2	245	1642
snapshot_11_23_2015_6_0.json	1448276400.0	46.2	245	1642
snapshot_11_24_2015_0_0.json	1448341200.0	46.2	245	1642
snapshot_11_24_2015_18_0.json	1448406000.0	46.2	245	1642
snapshot_11_24_2015_6_0.json	1448362800.0	46.2	245	1642
snapshot_11_25_2015_6_0.json	1448449200.0	46.2	245	1650
snapshot_11_26_2015_0_0.json	1448514000.0	46.2	245	1646
snapshot_11_28_2015_0_0.json	1448686800.0	46.2	245	1730
snapshot_11_28_2015_18_0.json	1448751600.0	46.2	245	1727
snapshot_11_28_2015_6_0.json	1448708400.0	46.2	245	1730
snapshot_11_29_2015_0_0.json	1448773200.0	46.2	245	1727
snapshot_11_29_2015_12_0.json	1448816400.0	46.2	245	1727
snapshot_11_29_2015_18_0.json	1448838000.0	46.2	245	1727
snapshot_11_29_2015_6_0.json	1448794800.0	46.2	245	1727
snapshot_11_30_2015_12_0.json	1448902800.0	46.2	245	1727
snapshot_11_30_2015_18_0.json	1448924400.0	46.2	245	1727
snapshot_11_30_2015_6_0.json	1448881200.0	46.2	245	1727
snapshot_12_1_2015_0_0.json	1448946000.0	46.2	245	1709
snapshot_12_1_2015_12_0.json	1448989200.0	46.2	245	1695
snapshot_12_1_2015_18_0.json	1449010800.0	46.2	245	1695
snapshot_12_1_2015_6_0.json	1448967600.0	46.2	245	1704
snapshot_12_2_2015_0_0.json	1449032400.0	46.2	245	1715
snapshot_12_2_2015_12_0.json	1449075600.0	46.2	245	1701
snapshot_12_2_2015_18_0.json	1449097200.0	46.2	245	1756
snapshot_12_2_2015_6_0.json	1449054000.0	46.2	245	1707
snapshot_12_2_2015_6_0.json	1449054000.0	46.2	245	1707
snapshot_12_3_2015_0_0.json	1449118800.0	46.2	245	1752
snapshot_12_3_2015_12_0.json	1449162000.0	46.2	245	1744
snapshot_12_3_2015_18_0.json	1449183600.0	46.2	245	1753
snapshot_12_3_2015_6_0.json	1449140400.0	46.2	245	1750
snapshot_12_4_2015_0_0.json	1449205200.0	46.2	245	1749
snapshot_12_4_2015_12_0.json	1449248400.0	46.2	245	1749
snapshot_12_4_2015_18_0.json	1449270000.0	46.2	245	1749
snapshot_12_4_2015_6_0.json	1449226800.0	46.2	245	1749
snapshot_12_5_2015_0_0.json	1449291600.0	46.2	245	1736
snapshot_12_5_2015_12_0.json	1449334800.0	46.2	245	1736
snapshot_12_5_2015_12_0.json	1449334800.0	46.2	245	1736
snapshot_12_5_2015_18_0.json	1449356400.0	46.2	245	1736
snapshot_12_5_2015_6_0.json	1449313200.0	46.2	245	1736
