9253930	2015-11-28T19:00:00Z	Wyoming Cowboys	War Memorial Stadium Wyoming	Wyoming Casper|9465	82071
snapshot_11_16_2015_0_0.json	1447650000.0	20.4	83	188
snapshot_11_16_2015_0_0.json	1447650000.0	20.4	83	188
snapshot_11_17_2015_12_0.json	1447779600.0	20.4	83	188
snapshot_11_17_2015_18_0.json	1447801200.0	14.79	83	188
snapshot_11_17_2015_6_0.json	1447758000.0	20.4	83	188
snapshot_11_18_2015_0_0.json	1447822800.0	14.43	83	188
snapshot_11_18_2015_12_0.json	1447866000.0	14.43	83	186
snapshot_11_18_2015_18_0.json	1447887600.0	12.33	83	186
snapshot_11_19_2015_0_0.json	1447909200.0	12.33	83	186
snapshot_11_19_2015_12_0.json	1447952400.0	12.33	83	186
snapshot_11_19_2015_12_0.json	1447952400.0	12.33	83	186
snapshot_11_19_2015_6_0.json	1447930800.0	12.33	83	186
snapshot_11_19_2015_6_0.json	1447930800.0	12.33	83	186
snapshot_11_20_2015_0_0.json	1447995600.0	9.87	83	186
snapshot_11_20_2015_12_0.json	1448038800.0	9.87	83	186
snapshot_11_21_2015_12_0.json	1448125200.0	9.87	83	184
snapshot_11_21_2015_18_0.json	1448146800.0	9.87	83	184
snapshot_11_22_2015_0_0.json	1448168400.0	9.87	83	184
snapshot_11_22_2015_18_0.json	1448233200.0	9.87	83	184
snapshot_11_22_2015_6_0.json	1448190000.0	9.87	83	184
snapshot_11_22_2015_6_0.json	1448190000.0	9.87	83	184
snapshot_11_23_2015_0_0.json	1448254800.0	9.87	83	184
snapshot_11_23_2015_12_0.json	1448298000.0	9.87	83	184
snapshot_11_23_2015_18_0.json	1448319600.0	9.52	83	184
snapshot_11_23_2015_18_0.json	1448319600.0	9.52	83	184
snapshot_11_23_2015_6_0.json	1448276400.0	9.87	83	184
snapshot_11_23_2015_6_0.json	1448276400.0	9.87	83	184
snapshot_11_24_2015_0_0.json	1448341200.0	9.52	27	170
snapshot_11_24_2015_18_0.json	1448406000.0	9.52	25	168
snapshot_11_24_2015_6_0.json	1448362800.0	9.52	27	168
snapshot_11_25_2015_0_0.json	1448427600.0	9.52	25	165
snapshot_11_25_2015_12_0.json	1448470800.0	9.52	25	165
snapshot_11_25_2015_18_0.json	1448492400.0	9.52	20	165
snapshot_11_25_2015_6_0.json	1448449200.0	9.52	25	165
snapshot_11_26_2015_0_0.json	1448514000.0	9.52	20	151
snapshot_11_26_2015_0_0.json	1448514000.0	9.52	20	151
snapshot_11_26_2015_0_0.json	1448514000.0	9.52	20	151
snapshot_11_27_2015_18_0.json	1448665200.0	9.52	15	140
snapshot_11_28_2015_0_0.json	1448686800.0	9.52	15	129
snapshot_11_28_2015_0_0.json	1448686800.0	9.52	15	129
snapshot_11_28_2015_12_0.json	1448730000.0	9.52	15	121
snapshot_11_28_2015_18_0.json	1448751600.0	9.52	15	115
snapshot_11_29_2015_12_0.json	1448816400.0	0	0	0
snapshot_11_29_2015_12_0.json	1448816400.0	0	0	0
snapshot_11_29_2015_6_0.json	1448794800.0	0	0	0
snapshot_11_30_2015_0_0.json	1448859600.0	0	0	0
snapshot_11_30_2015_12_0.json	1448902800.0	0	0	0
snapshot_11_30_2015_6_0.json	1448881200.0	0	0	0
snapshot_11_30_2015_6_0.json	1448881200.0	0	0	0
9253930	2015-11-28T19:00:00Z	Wyoming Cowboys	War Memorial Stadium Wyoming	Wyoming Casper|9465	82071
snapshot_11_16_2015_0_0.json	1447650000.0	20.4	83	188
snapshot_11_16_2015_0_0.json	1447650000.0	20.4	83	188
snapshot_11_17_2015_12_0.json	1447779600.0	20.4	83	188
snapshot_11_17_2015_18_0.json	1447801200.0	14.79	83	188
snapshot_11_17_2015_6_0.json	1447758000.0	20.4	83	188
snapshot_11_18_2015_0_0.json	1447822800.0	14.43	83	188
snapshot_11_18_2015_12_0.json	1447866000.0	14.43	83	186
snapshot_11_18_2015_18_0.json	1447887600.0	12.33	83	186
snapshot_11_19_2015_0_0.json	1447909200.0	12.33	83	186
snapshot_11_19_2015_12_0.json	1447952400.0	12.33	83	186
snapshot_11_19_2015_12_0.json	1447952400.0	12.33	83	186
snapshot_11_19_2015_6_0.json	1447930800.0	12.33	83	186
snapshot_11_19_2015_6_0.json	1447930800.0	12.33	83	186
snapshot_11_20_2015_0_0.json	1447995600.0	9.87	83	186
snapshot_11_20_2015_12_0.json	1448038800.0	9.87	83	186
snapshot_11_21_2015_12_0.json	1448125200.0	9.87	83	184
snapshot_11_21_2015_18_0.json	1448146800.0	9.87	83	184
snapshot_11_22_2015_0_0.json	1448168400.0	9.87	83	184
snapshot_11_22_2015_18_0.json	1448233200.0	9.87	83	184
snapshot_11_22_2015_6_0.json	1448190000.0	9.87	83	184
snapshot_11_22_2015_6_0.json	1448190000.0	9.87	83	184
snapshot_11_23_2015_0_0.json	1448254800.0	9.87	83	184
snapshot_11_23_2015_12_0.json	1448298000.0	9.87	83	184
snapshot_11_23_2015_18_0.json	1448319600.0	9.52	83	184
snapshot_11_23_2015_18_0.json	1448319600.0	9.52	83	184
snapshot_11_23_2015_6_0.json	1448276400.0	9.87	83	184
snapshot_11_23_2015_6_0.json	1448276400.0	9.87	83	184
snapshot_11_24_2015_0_0.json	1448341200.0	9.52	27	170
snapshot_11_24_2015_18_0.json	1448406000.0	9.52	25	168
snapshot_11_24_2015_6_0.json	1448362800.0	9.52	27	168
snapshot_11_25_2015_0_0.json	1448427600.0	9.52	25	165
snapshot_11_25_2015_12_0.json	1448470800.0	9.52	25	165
snapshot_11_25_2015_18_0.json	1448492400.0	9.52	20	165
snapshot_11_25_2015_6_0.json	1448449200.0	9.52	25	165
snapshot_11_26_2015_0_0.json	1448514000.0	9.52	20	151
snapshot_11_26_2015_0_0.json	1448514000.0	9.52	20	151
snapshot_11_26_2015_0_0.json	1448514000.0	9.52	20	151
snapshot_11_27_2015_18_0.json	1448665200.0	9.52	15	140
snapshot_11_28_2015_0_0.json	1448686800.0	9.52	15	129
snapshot_11_28_2015_0_0.json	1448686800.0	9.52	15	129
snapshot_11_28_2015_12_0.json	1448730000.0	9.52	15	121
snapshot_11_28_2015_18_0.json	1448751600.0	9.52	15	115
snapshot_11_29_2015_12_0.json	1448816400.0	0	0	0
snapshot_11_29_2015_12_0.json	1448816400.0	0	0	0
snapshot_11_29_2015_6_0.json	1448794800.0	0	0	0
snapshot_11_30_2015_0_0.json	1448859600.0	0	0	0
snapshot_11_30_2015_12_0.json	1448902800.0	0	0	0
snapshot_11_30_2015_6_0.json	1448881200.0	0	0	0
snapshot_11_30_2015_6_0.json	1448881200.0	0	0	0
9253930	2015-11-28T19:00:00Z	Wyoming Cowboys	War Memorial Stadium Wyoming	Wyoming Casper|9465	82071
snapshot_11_16_2015_0_0.json	1447650000.0	20.4	83	188
snapshot_11_16_2015_0_0.json	1447650000.0	20.4	83	188
snapshot_11_17_2015_12_0.json	1447779600.0	20.4	83	188
snapshot_11_17_2015_18_0.json	1447801200.0	14.79	83	188
snapshot_11_17_2015_6_0.json	1447758000.0	20.4	83	188
snapshot_11_18_2015_0_0.json	1447822800.0	14.43	83	188
snapshot_11_18_2015_12_0.json	1447866000.0	14.43	83	186
snapshot_11_18_2015_18_0.json	1447887600.0	12.33	83	186
snapshot_11_19_2015_0_0.json	1447909200.0	12.33	83	186
snapshot_11_19_2015_12_0.json	1447952400.0	12.33	83	186
snapshot_11_19_2015_12_0.json	1447952400.0	12.33	83	186
snapshot_11_19_2015_6_0.json	1447930800.0	12.33	83	186
snapshot_11_19_2015_6_0.json	1447930800.0	12.33	83	186
snapshot_11_20_2015_0_0.json	1447995600.0	9.87	83	186
snapshot_11_20_2015_12_0.json	1448038800.0	9.87	83	186
snapshot_11_21_2015_12_0.json	1448125200.0	9.87	83	184
snapshot_11_21_2015_18_0.json	1448146800.0	9.87	83	184
snapshot_11_22_2015_0_0.json	1448168400.0	9.87	83	184
snapshot_11_22_2015_18_0.json	1448233200.0	9.87	83	184
snapshot_11_22_2015_6_0.json	1448190000.0	9.87	83	184
snapshot_11_22_2015_6_0.json	1448190000.0	9.87	83	184
snapshot_11_23_2015_0_0.json	1448254800.0	9.87	83	184
snapshot_11_23_2015_12_0.json	1448298000.0	9.87	83	184
snapshot_11_23_2015_18_0.json	1448319600.0	9.52	83	184
snapshot_11_23_2015_18_0.json	1448319600.0	9.52	83	184
snapshot_11_23_2015_6_0.json	1448276400.0	9.87	83	184
snapshot_11_23_2015_6_0.json	1448276400.0	9.87	83	184
snapshot_11_24_2015_0_0.json	1448341200.0	9.52	27	170
snapshot_11_24_2015_18_0.json	1448406000.0	9.52	25	168
snapshot_11_24_2015_6_0.json	1448362800.0	9.52	27	168
snapshot_11_25_2015_0_0.json	1448427600.0	9.52	25	165
snapshot_11_25_2015_12_0.json	1448470800.0	9.52	25	165
snapshot_11_25_2015_18_0.json	1448492400.0	9.52	20	165
snapshot_11_25_2015_6_0.json	1448449200.0	9.52	25	165
snapshot_11_26_2015_0_0.json	1448514000.0	9.52	20	151
snapshot_11_26_2015_0_0.json	1448514000.0	9.52	20	151
snapshot_11_26_2015_0_0.json	1448514000.0	9.52	20	151
snapshot_11_27_2015_18_0.json	1448665200.0	9.52	15	140
snapshot_11_28_2015_0_0.json	1448686800.0	9.52	15	129
snapshot_11_28_2015_0_0.json	1448686800.0	9.52	15	129
snapshot_11_28_2015_12_0.json	1448730000.0	9.52	15	121
snapshot_11_28_2015_18_0.json	1448751600.0	9.52	15	115
snapshot_11_29_2015_12_0.json	1448816400.0	0	0	0
snapshot_11_29_2015_12_0.json	1448816400.0	0	0	0
snapshot_11_29_2015_6_0.json	1448794800.0	0	0	0
snapshot_11_30_2015_0_0.json	1448859600.0	0	0	0
snapshot_11_30_2015_12_0.json	1448902800.0	0	0	0
snapshot_11_30_2015_6_0.json	1448881200.0	0	0	0
snapshot_11_30_2015_6_0.json	1448881200.0	0	0	0
9253930	2015-11-28T19:00:00Z	Wyoming Cowboys	War Memorial Stadium Wyoming	Wyoming Casper|9465	82071
snapshot_11_16_2015_0_0.json	1447650000.0	20.4	83	188
snapshot_11_16_2015_0_0.json	1447650000.0	20.4	83	188
snapshot_11_17_2015_12_0.json	1447779600.0	20.4	83	188
snapshot_11_17_2015_18_0.json	1447801200.0	14.79	83	188
snapshot_11_17_2015_6_0.json	1447758000.0	20.4	83	188
snapshot_11_18_2015_0_0.json	1447822800.0	14.43	83	188
snapshot_11_18_2015_12_0.json	1447866000.0	14.43	83	186
snapshot_11_18_2015_18_0.json	1447887600.0	12.33	83	186
snapshot_11_19_2015_0_0.json	1447909200.0	12.33	83	186
snapshot_11_19_2015_12_0.json	1447952400.0	12.33	83	186
snapshot_11_19_2015_12_0.json	1447952400.0	12.33	83	186
snapshot_11_19_2015_6_0.json	1447930800.0	12.33	83	186
snapshot_11_19_2015_6_0.json	1447930800.0	12.33	83	186
snapshot_11_20_2015_0_0.json	1447995600.0	9.87	83	186
snapshot_11_20_2015_12_0.json	1448038800.0	9.87	83	186
snapshot_11_21_2015_12_0.json	1448125200.0	9.87	83	184
snapshot_11_21_2015_18_0.json	1448146800.0	9.87	83	184
snapshot_11_22_2015_0_0.json	1448168400.0	9.87	83	184
snapshot_11_22_2015_18_0.json	1448233200.0	9.87	83	184
snapshot_11_22_2015_6_0.json	1448190000.0	9.87	83	184
snapshot_11_22_2015_6_0.json	1448190000.0	9.87	83	184
snapshot_11_23_2015_0_0.json	1448254800.0	9.87	83	184
snapshot_11_23_2015_12_0.json	1448298000.0	9.87	83	184
snapshot_11_23_2015_18_0.json	1448319600.0	9.52	83	184
snapshot_11_23_2015_18_0.json	1448319600.0	9.52	83	184
snapshot_11_23_2015_6_0.json	1448276400.0	9.87	83	184
snapshot_11_23_2015_6_0.json	1448276400.0	9.87	83	184
snapshot_11_24_2015_0_0.json	1448341200.0	9.52	27	170
snapshot_11_24_2015_18_0.json	1448406000.0	9.52	25	168
snapshot_11_24_2015_6_0.json	1448362800.0	9.52	27	168
snapshot_11_25_2015_0_0.json	1448427600.0	9.52	25	165
snapshot_11_25_2015_12_0.json	1448470800.0	9.52	25	165
snapshot_11_25_2015_18_0.json	1448492400.0	9.52	20	165
snapshot_11_25_2015_6_0.json	1448449200.0	9.52	25	165
snapshot_11_26_2015_0_0.json	1448514000.0	9.52	20	151
snapshot_11_26_2015_0_0.json	1448514000.0	9.52	20	151
snapshot_11_26_2015_0_0.json	1448514000.0	9.52	20	151
snapshot_11_27_2015_18_0.json	1448665200.0	9.52	15	140
snapshot_11_28_2015_0_0.json	1448686800.0	9.52	15	129
snapshot_11_28_2015_0_0.json	1448686800.0	9.52	15	129
snapshot_11_28_2015_12_0.json	1448730000.0	9.52	15	121
snapshot_11_28_2015_18_0.json	1448751600.0	9.52	15	115
snapshot_11_29_2015_12_0.json	1448816400.0	0	0	0
snapshot_11_29_2015_12_0.json	1448816400.0	0	0	0
snapshot_11_29_2015_6_0.json	1448794800.0	0	0	0
snapshot_11_30_2015_0_0.json	1448859600.0	0	0	0
snapshot_11_30_2015_12_0.json	1448902800.0	0	0	0
snapshot_11_30_2015_6_0.json	1448881200.0	0	0	0
snapshot_11_30_2015_6_0.json	1448881200.0	0	0	0
