9253836	2015-11-21T02:30:00Z	Boise State Broncos	Albertsons Stadium	Idaho Boise|4921	83725
snapshot_11_16_2015_0_0.json	1447650000.0	30.99	204.91	370
snapshot_11_16_2015_0_0.json	1447650000.0	30.99	204.91	370
snapshot_11_17_2015_0_0.json	1447736400.0	23.97	204.91	388
snapshot_11_17_2015_12_0.json	1447779600.0	25.14	200	372
snapshot_11_17_2015_12_0.json	1447779600.0	25.14	200	372
snapshot_11_17_2015_18_0.json	1447801200.0	15.77	200	370
snapshot_11_17_2015_18_0.json	1447801200.0	15.77	200	370
snapshot_11_18_2015_0_0.json	1447822800.0	21.63	107	210
snapshot_11_18_2015_12_0.json	1447866000.0	21.63	107	173
snapshot_11_18_2015_18_0.json	1447887600.0	21.45	150	165
snapshot_11_18_2015_6_0.json	1447844400.0	21.63	107	175
snapshot_11_19_2015_0_0.json	1447909200.0	90.25	150	7
snapshot_11_19_2015_12_0.json	1447952400.0	90.25	150	7
snapshot_11_19_2015_6_0.json	1447930800.0	90.25	150	7
snapshot_11_20_2015_12_0.json	1448038800.0	119.5	100	4
snapshot_11_21_2015_18_0.json	1448146800.0	0	0	0
snapshot_11_22_2015_0_0.json	1448168400.0	0	0	0
snapshot_11_22_2015_12_0.json	1448211600.0	0	0	0
snapshot_11_29_2015_18_0.json	1448838000.0	0	0	0
snapshot_11_30_2015_12_0.json	1448902800.0	0	0	0
snapshot_11_30_2015_6_0.json	1448881200.0	0	0	0
9253836	2015-11-21T02:30:00Z	Boise State Broncos	Albertsons Stadium	Idaho Boise|4921	83725
snapshot_11_16_2015_0_0.json	1447650000.0	30.99	204.91	370
snapshot_11_16_2015_0_0.json	1447650000.0	30.99	204.91	370
snapshot_11_17_2015_0_0.json	1447736400.0	23.97	204.91	388
snapshot_11_17_2015_12_0.json	1447779600.0	25.14	200	372
snapshot_11_17_2015_12_0.json	1447779600.0	25.14	200	372
snapshot_11_17_2015_18_0.json	1447801200.0	15.77	200	370
snapshot_11_17_2015_18_0.json	1447801200.0	15.77	200	370
snapshot_11_18_2015_0_0.json	1447822800.0	21.63	107	210
snapshot_11_18_2015_12_0.json	1447866000.0	21.63	107	173
snapshot_11_18_2015_18_0.json	1447887600.0	21.45	150	165
snapshot_11_18_2015_6_0.json	1447844400.0	21.63	107	175
snapshot_11_19_2015_0_0.json	1447909200.0	90.25	150	7
snapshot_11_19_2015_12_0.json	1447952400.0	90.25	150	7
snapshot_11_19_2015_6_0.json	1447930800.0	90.25	150	7
snapshot_11_20_2015_12_0.json	1448038800.0	119.5	100	4
snapshot_11_21_2015_18_0.json	1448146800.0	0	0	0
snapshot_11_22_2015_0_0.json	1448168400.0	0	0	0
snapshot_11_22_2015_12_0.json	1448211600.0	0	0	0
snapshot_11_29_2015_18_0.json	1448838000.0	0	0	0
snapshot_11_30_2015_12_0.json	1448902800.0	0	0	0
snapshot_11_30_2015_6_0.json	1448881200.0	0	0	0
9253836	2015-11-21T02:30:00Z	Boise State Broncos	Albertsons Stadium	Idaho Boise|4921	83725
snapshot_11_16_2015_0_0.json	1447650000.0	30.99	204.91	370
snapshot_11_16_2015_0_0.json	1447650000.0	30.99	204.91	370
snapshot_11_17_2015_0_0.json	1447736400.0	23.97	204.91	388
snapshot_11_17_2015_12_0.json	1447779600.0	25.14	200	372
snapshot_11_17_2015_12_0.json	1447779600.0	25.14	200	372
snapshot_11_17_2015_18_0.json	1447801200.0	15.77	200	370
snapshot_11_17_2015_18_0.json	1447801200.0	15.77	200	370
snapshot_11_18_2015_0_0.json	1447822800.0	21.63	107	210
snapshot_11_18_2015_12_0.json	1447866000.0	21.63	107	173
snapshot_11_18_2015_18_0.json	1447887600.0	21.45	150	165
snapshot_11_18_2015_6_0.json	1447844400.0	21.63	107	175
snapshot_11_19_2015_0_0.json	1447909200.0	90.25	150	7
snapshot_11_19_2015_12_0.json	1447952400.0	90.25	150	7
snapshot_11_19_2015_6_0.json	1447930800.0	90.25	150	7
snapshot_11_20_2015_12_0.json	1448038800.0	119.5	100	4
snapshot_11_21_2015_18_0.json	1448146800.0	0	0	0
snapshot_11_22_2015_0_0.json	1448168400.0	0	0	0
snapshot_11_22_2015_12_0.json	1448211600.0	0	0	0
snapshot_11_29_2015_18_0.json	1448838000.0	0	0	0
snapshot_11_30_2015_12_0.json	1448902800.0	0	0	0
snapshot_11_30_2015_6_0.json	1448881200.0	0	0	0
9253836	2015-11-21T02:30:00Z	Boise State Broncos	Albertsons Stadium	Idaho Boise|4921	83725
snapshot_11_16_2015_0_0.json	1447650000.0	30.99	204.91	370
snapshot_11_16_2015_0_0.json	1447650000.0	30.99	204.91	370
snapshot_11_17_2015_0_0.json	1447736400.0	23.97	204.91	388
snapshot_11_17_2015_12_0.json	1447779600.0	25.14	200	372
snapshot_11_17_2015_12_0.json	1447779600.0	25.14	200	372
snapshot_11_17_2015_18_0.json	1447801200.0	15.77	200	370
snapshot_11_17_2015_18_0.json	1447801200.0	15.77	200	370
snapshot_11_18_2015_0_0.json	1447822800.0	21.63	107	210
snapshot_11_18_2015_12_0.json	1447866000.0	21.63	107	173
snapshot_11_18_2015_18_0.json	1447887600.0	21.45	150	165
snapshot_11_18_2015_6_0.json	1447844400.0	21.63	107	175
snapshot_11_19_2015_0_0.json	1447909200.0	90.25	150	7
snapshot_11_19_2015_12_0.json	1447952400.0	90.25	150	7
snapshot_11_19_2015_6_0.json	1447930800.0	90.25	150	7
snapshot_11_20_2015_12_0.json	1448038800.0	119.5	100	4
snapshot_11_21_2015_18_0.json	1448146800.0	0	0	0
snapshot_11_22_2015_0_0.json	1448168400.0	0	0	0
snapshot_11_22_2015_12_0.json	1448211600.0	0	0	0
snapshot_11_29_2015_18_0.json	1448838000.0	0	0	0
snapshot_11_30_2015_12_0.json	1448902800.0	0	0	0
snapshot_11_30_2015_6_0.json	1448881200.0	0	0	0
