9253619	2015-11-21T01:00:00Z	Three Dog Night	Penns Peak	Pennsylvania Philadelphia|522	18229
snapshot_11_16_2015_0_0.json	1447650000.0	96.1	120	12
snapshot_11_17_2015_0_0.json	1447736400.0	69.6	120	13
snapshot_11_17_2015_0_0.json	1447736400.0	69.6	120	13
snapshot_11_17_2015_12_0.json	1447779600.0	77.88	120	12
snapshot_11_18_2015_12_0.json	1447866000.0	77.88	120	14
snapshot_11_18_2015_6_0.json	1447844400.0	77.88	120	14
snapshot_11_19_2015_0_0.json	1447909200.0	77.88	120	14
snapshot_11_19_2015_0_0.json	1447909200.0	77.88	120	14
snapshot_11_19_2015_12_0.json	1447952400.0	71.53	110	11
snapshot_11_20_2015_12_0.json	1448038800.0	119.5	120	5
snapshot_11_20_2015_12_0.json	1448038800.0	119.5	120	5
snapshot_11_21_2015_18_0.json	1448146800.0	0	0	0
snapshot_11_22_2015_0_0.json	1448168400.0	0	0	0
snapshot_11_22_2015_12_0.json	1448211600.0	0	0	0
9253619	2015-11-21T01:00:00Z	Three Dog Night	Penns Peak	Pennsylvania Philadelphia|522	18229
snapshot_11_16_2015_0_0.json	1447650000.0	96.1	120	12
snapshot_11_17_2015_0_0.json	1447736400.0	69.6	120	13
snapshot_11_17_2015_0_0.json	1447736400.0	69.6	120	13
snapshot_11_17_2015_12_0.json	1447779600.0	77.88	120	12
snapshot_11_18_2015_12_0.json	1447866000.0	77.88	120	14
snapshot_11_18_2015_6_0.json	1447844400.0	77.88	120	14
snapshot_11_19_2015_0_0.json	1447909200.0	77.88	120	14
snapshot_11_19_2015_0_0.json	1447909200.0	77.88	120	14
snapshot_11_19_2015_12_0.json	1447952400.0	71.53	110	11
snapshot_11_20_2015_12_0.json	1448038800.0	119.5	120	5
snapshot_11_20_2015_12_0.json	1448038800.0	119.5	120	5
snapshot_11_21_2015_18_0.json	1448146800.0	0	0	0
snapshot_11_22_2015_0_0.json	1448168400.0	0	0	0
snapshot_11_22_2015_12_0.json	1448211600.0	0	0	0
9253619	2015-11-21T01:00:00Z	Three Dog Night	Penns Peak	Pennsylvania Philadelphia|522	18229
snapshot_11_16_2015_0_0.json	1447650000.0	96.1	120	12
snapshot_11_17_2015_0_0.json	1447736400.0	69.6	120	13
snapshot_11_17_2015_0_0.json	1447736400.0	69.6	120	13
snapshot_11_17_2015_12_0.json	1447779600.0	77.88	120	12
snapshot_11_18_2015_12_0.json	1447866000.0	77.88	120	14
snapshot_11_18_2015_6_0.json	1447844400.0	77.88	120	14
snapshot_11_19_2015_0_0.json	1447909200.0	77.88	120	14
snapshot_11_19_2015_0_0.json	1447909200.0	77.88	120	14
snapshot_11_19_2015_12_0.json	1447952400.0	71.53	110	11
snapshot_11_20_2015_12_0.json	1448038800.0	119.5	120	5
snapshot_11_20_2015_12_0.json	1448038800.0	119.5	120	5
snapshot_11_21_2015_18_0.json	1448146800.0	0	0	0
snapshot_11_22_2015_0_0.json	1448168400.0	0	0	0
snapshot_11_22_2015_12_0.json	1448211600.0	0	0	0
9253619	2015-11-21T01:00:00Z	Three Dog Night	Penns Peak	Pennsylvania Philadelphia|522	18229
snapshot_11_16_2015_0_0.json	1447650000.0	96.1	120	12
snapshot_11_17_2015_0_0.json	1447736400.0	69.6	120	13
snapshot_11_17_2015_0_0.json	1447736400.0	69.6	120	13
snapshot_11_17_2015_12_0.json	1447779600.0	77.88	120	12
snapshot_11_18_2015_12_0.json	1447866000.0	77.88	120	14
snapshot_11_18_2015_6_0.json	1447844400.0	77.88	120	14
snapshot_11_19_2015_0_0.json	1447909200.0	77.88	120	14
snapshot_11_19_2015_0_0.json	1447909200.0	77.88	120	14
snapshot_11_19_2015_12_0.json	1447952400.0	71.53	110	11
snapshot_11_20_2015_12_0.json	1448038800.0	119.5	120	5
snapshot_11_20_2015_12_0.json	1448038800.0	119.5	120	5
snapshot_11_21_2015_18_0.json	1448146800.0	0	0	0
snapshot_11_22_2015_0_0.json	1448168400.0	0	0	0
snapshot_11_22_2015_12_0.json	1448211600.0	0	0	0
