9253133	2016-01-09T04:00:00Z	The Book of Mormon	Paramount Theatre Seattle	Washington Seattle|693	98101
snapshot_11_16_2015_0_0.json	1447650000.0	104.81	600	254
snapshot_11_16_2015_0_0.json	1447650000.0	104.81	600	254
snapshot_11_17_2015_0_0.json	1447736400.0	104.81	600	254
snapshot_11_17_2015_12_0.json	1447779600.0	104.81	600	256
snapshot_11_17_2015_18_0.json	1447801200.0	104.81	600	256
snapshot_11_17_2015_6_0.json	1447758000.0	104.81	600	256
snapshot_11_18_2015_0_0.json	1447822800.0	104.81	600	258
snapshot_11_18_2015_12_0.json	1447866000.0	104.81	600	267
snapshot_11_18_2015_18_0.json	1447887600.0	104.81	600	267
snapshot_11_19_2015_12_0.json	1447952400.0	104.81	600	261
snapshot_11_19_2015_6_0.json	1447930800.0	104.81	600	261
snapshot_11_20_2015_12_0.json	1448038800.0	104.81	600	268
snapshot_11_20_2015_12_0.json	1448038800.0	104.81	600	268
snapshot_11_21_2015_12_0.json	1448125200.0	104.81	600	266
snapshot_11_21_2015_18_0.json	1448146800.0	104.81	600	262
snapshot_11_22_2015_12_0.json	1448211600.0	104.81	600	256
snapshot_11_22_2015_12_0.json	1448211600.0	104.81	600	256
snapshot_11_22_2015_18_0.json	1448233200.0	104.81	600	255
snapshot_11_22_2015_18_0.json	1448233200.0	104.81	600	255
snapshot_11_23_2015_0_0.json	1448254800.0	104.81	600	255
snapshot_11_23_2015_18_0.json	1448319600.0	104.81	600	253
snapshot_11_23_2015_18_0.json	1448319600.0	104.81	600	253
snapshot_11_23_2015_6_0.json	1448276400.0	104.81	600	253
snapshot_11_24_2015_0_0.json	1448341200.0	104.81	600	253
snapshot_11_24_2015_12_0.json	1448384400.0	104.81	600	251
snapshot_11_24_2015_18_0.json	1448406000.0	104.81	600	251
snapshot_11_24_2015_6_0.json	1448362800.0	104.81	600	251
snapshot_11_25_2015_18_0.json	1448492400.0	104.81	600	247
snapshot_11_25_2015_6_0.json	1448449200.0	104.81	600	249
snapshot_11_26_2015_0_0.json	1448514000.0	104.81	600	243
snapshot_11_26_2015_0_0.json	1448514000.0	104.81	600	243
snapshot_11_26_2015_0_0.json	1448514000.0	104.81	600	243
snapshot_11_27_2015_18_0.json	1448665200.0	104.81	600	243
snapshot_11_28_2015_0_0.json	1448686800.0	104.81	600	243
snapshot_11_28_2015_18_0.json	1448751600.0	104.81	600	243
snapshot_11_28_2015_6_0.json	1448708400.0	104.81	600	243
snapshot_11_29_2015_18_0.json	1448838000.0	104.81	600	243
snapshot_11_29_2015_6_0.json	1448794800.0	104.81	600	243
snapshot_11_29_2015_6_0.json	1448794800.0	104.81	600	243
snapshot_11_30_2015_12_0.json	1448902800.0	99.01	600	249
snapshot_11_30_2015_18_0.json	1448924400.0	99.01	600	249
snapshot_11_30_2015_6_0.json	1448881200.0	99.01	600	245
snapshot_12_1_2015_0_0.json	1448946000.0	99.01	600	249
snapshot_12_1_2015_0_0.json	1448946000.0	99.01	600	249
snapshot_12_1_2015_12_0.json	1448989200.0	99.01	600	247
snapshot_12_1_2015_18_0.json	1449010800.0	110.59	600	243
snapshot_12_1_2015_6_0.json	1448967600.0	99.01	600	247
snapshot_12_2_2015_0_0.json	1449032400.0	110.59	600	237
snapshot_12_2_2015_0_0.json	1449032400.0	110.59	600	237
snapshot_12_2_2015_18_0.json	1449097200.0	110.59	600	235
snapshot_12_2_2015_6_0.json	1449054000.0	110.59	600	237
snapshot_12_2_2015_6_0.json	1449054000.0	110.59	600	237
snapshot_12_3_2015_0_0.json	1449118800.0	110.59	600	242
snapshot_12_3_2015_12_0.json	1449162000.0	110.59	600	240
snapshot_12_3_2015_18_0.json	1449183600.0	110.59	600	240
snapshot_12_3_2015_18_0.json	1449183600.0	110.59	600	240
snapshot_12_4_2015_0_0.json	1449205200.0	110.59	600	244
snapshot_12_4_2015_12_0.json	1449248400.0	110.59	600	244
snapshot_12_4_2015_18_0.json	1449270000.0	110.59	600	244
snapshot_12_4_2015_6_0.json	1449226800.0	110.59	600	244
snapshot_12_5_2015_0_0.json	1449291600.0	110.59	600	238
snapshot_12_5_2015_12_0.json	1449334800.0	110.59	600	236
snapshot_12_5_2015_18_0.json	1449356400.0	110.59	600	236
snapshot_12_5_2015_6_0.json	1449313200.0	110.59	600	236
9253133	2016-01-09T04:00:00Z	The Book of Mormon	Paramount Theatre Seattle	Washington Seattle|693	98101
snapshot_11_16_2015_0_0.json	1447650000.0	104.81	600	254
snapshot_11_16_2015_0_0.json	1447650000.0	104.81	600	254
snapshot_11_17_2015_0_0.json	1447736400.0	104.81	600	254
snapshot_11_17_2015_12_0.json	1447779600.0	104.81	600	256
snapshot_11_17_2015_18_0.json	1447801200.0	104.81	600	256
snapshot_11_17_2015_6_0.json	1447758000.0	104.81	600	256
snapshot_11_18_2015_0_0.json	1447822800.0	104.81	600	258
snapshot_11_18_2015_12_0.json	1447866000.0	104.81	600	267
snapshot_11_18_2015_18_0.json	1447887600.0	104.81	600	267
snapshot_11_19_2015_12_0.json	1447952400.0	104.81	600	261
snapshot_11_19_2015_6_0.json	1447930800.0	104.81	600	261
snapshot_11_20_2015_12_0.json	1448038800.0	104.81	600	268
snapshot_11_20_2015_12_0.json	1448038800.0	104.81	600	268
snapshot_11_21_2015_12_0.json	1448125200.0	104.81	600	266
snapshot_11_21_2015_18_0.json	1448146800.0	104.81	600	262
snapshot_11_22_2015_12_0.json	1448211600.0	104.81	600	256
snapshot_11_22_2015_12_0.json	1448211600.0	104.81	600	256
snapshot_11_22_2015_18_0.json	1448233200.0	104.81	600	255
snapshot_11_22_2015_18_0.json	1448233200.0	104.81	600	255
snapshot_11_23_2015_0_0.json	1448254800.0	104.81	600	255
snapshot_11_23_2015_18_0.json	1448319600.0	104.81	600	253
snapshot_11_23_2015_18_0.json	1448319600.0	104.81	600	253
snapshot_11_23_2015_6_0.json	1448276400.0	104.81	600	253
snapshot_11_24_2015_0_0.json	1448341200.0	104.81	600	253
snapshot_11_24_2015_12_0.json	1448384400.0	104.81	600	251
snapshot_11_24_2015_18_0.json	1448406000.0	104.81	600	251
snapshot_11_24_2015_6_0.json	1448362800.0	104.81	600	251
snapshot_11_25_2015_18_0.json	1448492400.0	104.81	600	247
snapshot_11_25_2015_6_0.json	1448449200.0	104.81	600	249
snapshot_11_26_2015_0_0.json	1448514000.0	104.81	600	243
snapshot_11_26_2015_0_0.json	1448514000.0	104.81	600	243
snapshot_11_26_2015_0_0.json	1448514000.0	104.81	600	243
snapshot_11_27_2015_18_0.json	1448665200.0	104.81	600	243
snapshot_11_28_2015_0_0.json	1448686800.0	104.81	600	243
snapshot_11_28_2015_18_0.json	1448751600.0	104.81	600	243
snapshot_11_28_2015_6_0.json	1448708400.0	104.81	600	243
snapshot_11_29_2015_18_0.json	1448838000.0	104.81	600	243
snapshot_11_29_2015_6_0.json	1448794800.0	104.81	600	243
snapshot_11_29_2015_6_0.json	1448794800.0	104.81	600	243
snapshot_11_30_2015_12_0.json	1448902800.0	99.01	600	249
snapshot_11_30_2015_18_0.json	1448924400.0	99.01	600	249
snapshot_11_30_2015_6_0.json	1448881200.0	99.01	600	245
snapshot_12_1_2015_0_0.json	1448946000.0	99.01	600	249
snapshot_12_1_2015_0_0.json	1448946000.0	99.01	600	249
snapshot_12_1_2015_12_0.json	1448989200.0	99.01	600	247
snapshot_12_1_2015_18_0.json	1449010800.0	110.59	600	243
snapshot_12_1_2015_6_0.json	1448967600.0	99.01	600	247
snapshot_12_2_2015_0_0.json	1449032400.0	110.59	600	237
snapshot_12_2_2015_0_0.json	1449032400.0	110.59	600	237
snapshot_12_2_2015_18_0.json	1449097200.0	110.59	600	235
snapshot_12_2_2015_6_0.json	1449054000.0	110.59	600	237
snapshot_12_2_2015_6_0.json	1449054000.0	110.59	600	237
snapshot_12_3_2015_0_0.json	1449118800.0	110.59	600	242
snapshot_12_3_2015_12_0.json	1449162000.0	110.59	600	240
snapshot_12_3_2015_18_0.json	1449183600.0	110.59	600	240
snapshot_12_3_2015_18_0.json	1449183600.0	110.59	600	240
snapshot_12_4_2015_0_0.json	1449205200.0	110.59	600	244
snapshot_12_4_2015_12_0.json	1449248400.0	110.59	600	244
snapshot_12_4_2015_18_0.json	1449270000.0	110.59	600	244
snapshot_12_4_2015_6_0.json	1449226800.0	110.59	600	244
snapshot_12_5_2015_0_0.json	1449291600.0	110.59	600	238
snapshot_12_5_2015_12_0.json	1449334800.0	110.59	600	236
snapshot_12_5_2015_18_0.json	1449356400.0	110.59	600	236
snapshot_12_5_2015_6_0.json	1449313200.0	110.59	600	236
9253133	2016-01-09T04:00:00Z	The Book of Mormon	Paramount Theatre Seattle	Washington Seattle|693	98101
snapshot_11_16_2015_0_0.json	1447650000.0	104.81	600	254
snapshot_11_16_2015_0_0.json	1447650000.0	104.81	600	254
snapshot_11_17_2015_0_0.json	1447736400.0	104.81	600	254
snapshot_11_17_2015_12_0.json	1447779600.0	104.81	600	256
snapshot_11_17_2015_18_0.json	1447801200.0	104.81	600	256
snapshot_11_17_2015_6_0.json	1447758000.0	104.81	600	256
snapshot_11_18_2015_0_0.json	1447822800.0	104.81	600	258
snapshot_11_18_2015_12_0.json	1447866000.0	104.81	600	267
snapshot_11_18_2015_18_0.json	1447887600.0	104.81	600	267
snapshot_11_19_2015_12_0.json	1447952400.0	104.81	600	261
snapshot_11_19_2015_6_0.json	1447930800.0	104.81	600	261
snapshot_11_20_2015_12_0.json	1448038800.0	104.81	600	268
snapshot_11_20_2015_12_0.json	1448038800.0	104.81	600	268
snapshot_11_21_2015_12_0.json	1448125200.0	104.81	600	266
snapshot_11_21_2015_18_0.json	1448146800.0	104.81	600	262
snapshot_11_22_2015_12_0.json	1448211600.0	104.81	600	256
snapshot_11_22_2015_12_0.json	1448211600.0	104.81	600	256
snapshot_11_22_2015_18_0.json	1448233200.0	104.81	600	255
snapshot_11_22_2015_18_0.json	1448233200.0	104.81	600	255
snapshot_11_23_2015_0_0.json	1448254800.0	104.81	600	255
snapshot_11_23_2015_18_0.json	1448319600.0	104.81	600	253
snapshot_11_23_2015_18_0.json	1448319600.0	104.81	600	253
snapshot_11_23_2015_6_0.json	1448276400.0	104.81	600	253
snapshot_11_24_2015_0_0.json	1448341200.0	104.81	600	253
snapshot_11_24_2015_12_0.json	1448384400.0	104.81	600	251
snapshot_11_24_2015_18_0.json	1448406000.0	104.81	600	251
snapshot_11_24_2015_6_0.json	1448362800.0	104.81	600	251
snapshot_11_25_2015_18_0.json	1448492400.0	104.81	600	247
snapshot_11_25_2015_6_0.json	1448449200.0	104.81	600	249
snapshot_11_26_2015_0_0.json	1448514000.0	104.81	600	243
snapshot_11_26_2015_0_0.json	1448514000.0	104.81	600	243
snapshot_11_26_2015_0_0.json	1448514000.0	104.81	600	243
snapshot_11_27_2015_18_0.json	1448665200.0	104.81	600	243
snapshot_11_28_2015_0_0.json	1448686800.0	104.81	600	243
snapshot_11_28_2015_18_0.json	1448751600.0	104.81	600	243
snapshot_11_28_2015_6_0.json	1448708400.0	104.81	600	243
snapshot_11_29_2015_18_0.json	1448838000.0	104.81	600	243
snapshot_11_29_2015_6_0.json	1448794800.0	104.81	600	243
snapshot_11_29_2015_6_0.json	1448794800.0	104.81	600	243
snapshot_11_30_2015_12_0.json	1448902800.0	99.01	600	249
snapshot_11_30_2015_18_0.json	1448924400.0	99.01	600	249
snapshot_11_30_2015_6_0.json	1448881200.0	99.01	600	245
snapshot_12_1_2015_0_0.json	1448946000.0	99.01	600	249
snapshot_12_1_2015_0_0.json	1448946000.0	99.01	600	249
snapshot_12_1_2015_12_0.json	1448989200.0	99.01	600	247
snapshot_12_1_2015_18_0.json	1449010800.0	110.59	600	243
snapshot_12_1_2015_6_0.json	1448967600.0	99.01	600	247
snapshot_12_2_2015_0_0.json	1449032400.0	110.59	600	237
snapshot_12_2_2015_0_0.json	1449032400.0	110.59	600	237
snapshot_12_2_2015_18_0.json	1449097200.0	110.59	600	235
snapshot_12_2_2015_6_0.json	1449054000.0	110.59	600	237
snapshot_12_2_2015_6_0.json	1449054000.0	110.59	600	237
snapshot_12_3_2015_0_0.json	1449118800.0	110.59	600	242
snapshot_12_3_2015_12_0.json	1449162000.0	110.59	600	240
snapshot_12_3_2015_18_0.json	1449183600.0	110.59	600	240
snapshot_12_3_2015_18_0.json	1449183600.0	110.59	600	240
snapshot_12_4_2015_0_0.json	1449205200.0	110.59	600	244
snapshot_12_4_2015_12_0.json	1449248400.0	110.59	600	244
snapshot_12_4_2015_18_0.json	1449270000.0	110.59	600	244
snapshot_12_4_2015_6_0.json	1449226800.0	110.59	600	244
snapshot_12_5_2015_0_0.json	1449291600.0	110.59	600	238
snapshot_12_5_2015_12_0.json	1449334800.0	110.59	600	236
snapshot_12_5_2015_18_0.json	1449356400.0	110.59	600	236
snapshot_12_5_2015_6_0.json	1449313200.0	110.59	600	236
9253133	2016-01-09T04:00:00Z	The Book of Mormon	Paramount Theatre Seattle	Washington Seattle|693	98101
snapshot_11_16_2015_0_0.json	1447650000.0	104.81	600	254
snapshot_11_16_2015_0_0.json	1447650000.0	104.81	600	254
snapshot_11_17_2015_0_0.json	1447736400.0	104.81	600	254
snapshot_11_17_2015_12_0.json	1447779600.0	104.81	600	256
snapshot_11_17_2015_18_0.json	1447801200.0	104.81	600	256
snapshot_11_17_2015_6_0.json	1447758000.0	104.81	600	256
snapshot_11_18_2015_0_0.json	1447822800.0	104.81	600	258
snapshot_11_18_2015_12_0.json	1447866000.0	104.81	600	267
snapshot_11_18_2015_18_0.json	1447887600.0	104.81	600	267
snapshot_11_19_2015_12_0.json	1447952400.0	104.81	600	261
snapshot_11_19_2015_6_0.json	1447930800.0	104.81	600	261
snapshot_11_20_2015_12_0.json	1448038800.0	104.81	600	268
snapshot_11_20_2015_12_0.json	1448038800.0	104.81	600	268
snapshot_11_21_2015_12_0.json	1448125200.0	104.81	600	266
snapshot_11_21_2015_18_0.json	1448146800.0	104.81	600	262
snapshot_11_22_2015_12_0.json	1448211600.0	104.81	600	256
snapshot_11_22_2015_12_0.json	1448211600.0	104.81	600	256
snapshot_11_22_2015_18_0.json	1448233200.0	104.81	600	255
snapshot_11_22_2015_18_0.json	1448233200.0	104.81	600	255
snapshot_11_23_2015_0_0.json	1448254800.0	104.81	600	255
snapshot_11_23_2015_18_0.json	1448319600.0	104.81	600	253
snapshot_11_23_2015_18_0.json	1448319600.0	104.81	600	253
snapshot_11_23_2015_6_0.json	1448276400.0	104.81	600	253
snapshot_11_24_2015_0_0.json	1448341200.0	104.81	600	253
snapshot_11_24_2015_12_0.json	1448384400.0	104.81	600	251
snapshot_11_24_2015_18_0.json	1448406000.0	104.81	600	251
snapshot_11_24_2015_6_0.json	1448362800.0	104.81	600	251
snapshot_11_25_2015_18_0.json	1448492400.0	104.81	600	247
snapshot_11_25_2015_6_0.json	1448449200.0	104.81	600	249
snapshot_11_26_2015_0_0.json	1448514000.0	104.81	600	243
snapshot_11_26_2015_0_0.json	1448514000.0	104.81	600	243
snapshot_11_26_2015_0_0.json	1448514000.0	104.81	600	243
snapshot_11_27_2015_18_0.json	1448665200.0	104.81	600	243
snapshot_11_28_2015_0_0.json	1448686800.0	104.81	600	243
snapshot_11_28_2015_18_0.json	1448751600.0	104.81	600	243
snapshot_11_28_2015_6_0.json	1448708400.0	104.81	600	243
snapshot_11_29_2015_18_0.json	1448838000.0	104.81	600	243
snapshot_11_29_2015_6_0.json	1448794800.0	104.81	600	243
snapshot_11_29_2015_6_0.json	1448794800.0	104.81	600	243
snapshot_11_30_2015_12_0.json	1448902800.0	99.01	600	249
snapshot_11_30_2015_18_0.json	1448924400.0	99.01	600	249
snapshot_11_30_2015_6_0.json	1448881200.0	99.01	600	245
snapshot_12_1_2015_0_0.json	1448946000.0	99.01	600	249
snapshot_12_1_2015_0_0.json	1448946000.0	99.01	600	249
snapshot_12_1_2015_12_0.json	1448989200.0	99.01	600	247
snapshot_12_1_2015_18_0.json	1449010800.0	110.59	600	243
snapshot_12_1_2015_6_0.json	1448967600.0	99.01	600	247
snapshot_12_2_2015_0_0.json	1449032400.0	110.59	600	237
snapshot_12_2_2015_0_0.json	1449032400.0	110.59	600	237
snapshot_12_2_2015_18_0.json	1449097200.0	110.59	600	235
snapshot_12_2_2015_6_0.json	1449054000.0	110.59	600	237
snapshot_12_2_2015_6_0.json	1449054000.0	110.59	600	237
snapshot_12_3_2015_0_0.json	1449118800.0	110.59	600	242
snapshot_12_3_2015_12_0.json	1449162000.0	110.59	600	240
snapshot_12_3_2015_18_0.json	1449183600.0	110.59	600	240
snapshot_12_3_2015_18_0.json	1449183600.0	110.59	600	240
snapshot_12_4_2015_0_0.json	1449205200.0	110.59	600	244
snapshot_12_4_2015_12_0.json	1449248400.0	110.59	600	244
snapshot_12_4_2015_18_0.json	1449270000.0	110.59	600	244
snapshot_12_4_2015_6_0.json	1449226800.0	110.59	600	244
snapshot_12_5_2015_0_0.json	1449291600.0	110.59	600	238
snapshot_12_5_2015_12_0.json	1449334800.0	110.59	600	236
snapshot_12_5_2015_18_0.json	1449356400.0	110.59	600	236
snapshot_12_5_2015_6_0.json	1449313200.0	110.59	600	236
