9253124	2016-01-10T04:00:00Z	The Book of Mormon	Paramount Theatre Seattle	Washington Seattle|693	98101
snapshot_11_16_2015_0_0.json	1447650000.0	92.59	432	279
snapshot_11_17_2015_0_0.json	1447736400.0	92.59	432	277
snapshot_11_17_2015_12_0.json	1447779600.0	92.59	432	285
snapshot_11_17_2015_18_0.json	1447801200.0	92.59	432	285
snapshot_11_17_2015_6_0.json	1447758000.0	92.59	432	277
snapshot_11_18_2015_0_0.json	1447822800.0	92.59	432	285
snapshot_11_18_2015_12_0.json	1447866000.0	92.59	432	291
snapshot_11_18_2015_6_0.json	1447844400.0	92.59	432	294
snapshot_11_19_2015_12_0.json	1447952400.0	92.59	432	291
snapshot_11_19_2015_6_0.json	1447930800.0	92.59	432	291
snapshot_11_20_2015_0_0.json	1447995600.0	92.59	432	290
snapshot_11_20_2015_12_0.json	1448038800.0	92.59	432	287
snapshot_11_21_2015_12_0.json	1448125200.0	92.59	432	283
snapshot_11_22_2015_0_0.json	1448168400.0	92.59	432	283
snapshot_11_22_2015_12_0.json	1448211600.0	92.59	432	283
snapshot_11_22_2015_18_0.json	1448233200.0	92.59	432	283
snapshot_11_22_2015_18_0.json	1448233200.0	92.59	432	283
snapshot_11_22_2015_6_0.json	1448190000.0	92.59	432	283
snapshot_11_22_2015_6_0.json	1448190000.0	92.59	432	283
snapshot_11_23_2015_18_0.json	1448319600.0	92.59	432	279
snapshot_11_24_2015_0_0.json	1448341200.0	92.59	432	275
snapshot_11_24_2015_0_0.json	1448341200.0	92.59	432	275
snapshot_11_24_2015_12_0.json	1448384400.0	92.59	432	273
snapshot_11_24_2015_12_0.json	1448384400.0	92.59	432	273
snapshot_11_24_2015_18_0.json	1448406000.0	92.59	432	273
snapshot_11_24_2015_6_0.json	1448362800.0	92.59	432	273
snapshot_11_25_2015_0_0.json	1448427600.0	92.59	432	265
snapshot_11_25_2015_0_0.json	1448427600.0	92.59	432	265
snapshot_11_25_2015_18_0.json	1448492400.0	92.59	432	260
snapshot_11_25_2015_18_0.json	1448492400.0	92.59	432	260
snapshot_11_25_2015_6_0.json	1448449200.0	92.59	432	261
snapshot_11_27_2015_18_0.json	1448665200.0	92.59	432	264
snapshot_11_27_2015_18_0.json	1448665200.0	92.59	432	264
snapshot_11_28_2015_0_0.json	1448686800.0	82.06	432	262
snapshot_11_28_2015_0_0.json	1448686800.0	82.06	432	262
snapshot_11_28_2015_12_0.json	1448730000.0	82.06	432	256
snapshot_11_28_2015_18_0.json	1448751600.0	82.06	432	256
snapshot_11_28_2015_6_0.json	1448708400.0	82.06	432	260
snapshot_11_28_2015_6_0.json	1448708400.0	82.06	432	260
snapshot_11_29_2015_0_0.json	1448773200.0	82.06	432	252
snapshot_11_29_2015_12_0.json	1448816400.0	82.06	432	250
snapshot_11_29_2015_6_0.json	1448794800.0	82.06	432	248
snapshot_11_29_2015_6_0.json	1448794800.0	82.06	432	248
snapshot_11_30_2015_0_0.json	1448859600.0	82.06	432	249
snapshot_11_30_2015_12_0.json	1448902800.0	82.06	432	245
snapshot_11_30_2015_18_0.json	1448924400.0	82.06	432	245
snapshot_12_1_2015_0_0.json	1448946000.0	82.06	432	251
snapshot_12_1_2015_18_0.json	1449010800.0	82.06	432	249
snapshot_12_1_2015_6_0.json	1448967600.0	82.06	432	249
snapshot_12_2_2015_0_0.json	1449032400.0	82.06	432	243
snapshot_12_2_2015_12_0.json	1449075600.0	82.06	432	241
snapshot_12_2_2015_18_0.json	1449097200.0	82.06	432	241
snapshot_12_2_2015_6_0.json	1449054000.0	82.06	432	239
snapshot_12_3_2015_0_0.json	1449118800.0	82.06	432	249
snapshot_12_3_2015_12_0.json	1449162000.0	82.06	432	247
snapshot_12_3_2015_18_0.json	1449183600.0	99.01	432	241
snapshot_12_3_2015_6_0.json	1449140400.0	82.06	432	247
snapshot_12_4_2015_0_0.json	1449205200.0	99.01	432	246
snapshot_12_4_2015_12_0.json	1449248400.0	99.01	432	242
snapshot_12_4_2015_18_0.json	1449270000.0	99.01	432	244
snapshot_12_4_2015_18_0.json	1449270000.0	99.01	432	244
snapshot_12_5_2015_0_0.json	1449291600.0	99.01	432	242
snapshot_12_5_2015_12_0.json	1449334800.0	99.01	432	242
snapshot_12_5_2015_18_0.json	1449356400.0	99.01	432	242
snapshot_12_5_2015_6_0.json	1449313200.0	99.01	432	242
9253124	2016-01-10T04:00:00Z	The Book of Mormon	Paramount Theatre Seattle	Washington Seattle|693	98101
snapshot_11_16_2015_0_0.json	1447650000.0	92.59	432	279
snapshot_11_17_2015_0_0.json	1447736400.0	92.59	432	277
snapshot_11_17_2015_12_0.json	1447779600.0	92.59	432	285
snapshot_11_17_2015_18_0.json	1447801200.0	92.59	432	285
snapshot_11_17_2015_6_0.json	1447758000.0	92.59	432	277
snapshot_11_18_2015_0_0.json	1447822800.0	92.59	432	285
snapshot_11_18_2015_12_0.json	1447866000.0	92.59	432	291
snapshot_11_18_2015_6_0.json	1447844400.0	92.59	432	294
snapshot_11_19_2015_12_0.json	1447952400.0	92.59	432	291
snapshot_11_19_2015_6_0.json	1447930800.0	92.59	432	291
snapshot_11_20_2015_0_0.json	1447995600.0	92.59	432	290
snapshot_11_20_2015_12_0.json	1448038800.0	92.59	432	287
snapshot_11_21_2015_12_0.json	1448125200.0	92.59	432	283
snapshot_11_22_2015_0_0.json	1448168400.0	92.59	432	283
snapshot_11_22_2015_12_0.json	1448211600.0	92.59	432	283
snapshot_11_22_2015_18_0.json	1448233200.0	92.59	432	283
snapshot_11_22_2015_18_0.json	1448233200.0	92.59	432	283
snapshot_11_22_2015_6_0.json	1448190000.0	92.59	432	283
snapshot_11_22_2015_6_0.json	1448190000.0	92.59	432	283
snapshot_11_23_2015_18_0.json	1448319600.0	92.59	432	279
snapshot_11_24_2015_0_0.json	1448341200.0	92.59	432	275
snapshot_11_24_2015_0_0.json	1448341200.0	92.59	432	275
snapshot_11_24_2015_12_0.json	1448384400.0	92.59	432	273
snapshot_11_24_2015_12_0.json	1448384400.0	92.59	432	273
snapshot_11_24_2015_18_0.json	1448406000.0	92.59	432	273
snapshot_11_24_2015_6_0.json	1448362800.0	92.59	432	273
snapshot_11_25_2015_0_0.json	1448427600.0	92.59	432	265
snapshot_11_25_2015_0_0.json	1448427600.0	92.59	432	265
snapshot_11_25_2015_18_0.json	1448492400.0	92.59	432	260
snapshot_11_25_2015_18_0.json	1448492400.0	92.59	432	260
snapshot_11_25_2015_6_0.json	1448449200.0	92.59	432	261
snapshot_11_27_2015_18_0.json	1448665200.0	92.59	432	264
snapshot_11_27_2015_18_0.json	1448665200.0	92.59	432	264
snapshot_11_28_2015_0_0.json	1448686800.0	82.06	432	262
snapshot_11_28_2015_0_0.json	1448686800.0	82.06	432	262
snapshot_11_28_2015_12_0.json	1448730000.0	82.06	432	256
snapshot_11_28_2015_18_0.json	1448751600.0	82.06	432	256
snapshot_11_28_2015_6_0.json	1448708400.0	82.06	432	260
snapshot_11_28_2015_6_0.json	1448708400.0	82.06	432	260
snapshot_11_29_2015_0_0.json	1448773200.0	82.06	432	252
snapshot_11_29_2015_12_0.json	1448816400.0	82.06	432	250
snapshot_11_29_2015_6_0.json	1448794800.0	82.06	432	248
snapshot_11_29_2015_6_0.json	1448794800.0	82.06	432	248
snapshot_11_30_2015_0_0.json	1448859600.0	82.06	432	249
snapshot_11_30_2015_12_0.json	1448902800.0	82.06	432	245
snapshot_11_30_2015_18_0.json	1448924400.0	82.06	432	245
snapshot_12_1_2015_0_0.json	1448946000.0	82.06	432	251
snapshot_12_1_2015_18_0.json	1449010800.0	82.06	432	249
snapshot_12_1_2015_6_0.json	1448967600.0	82.06	432	249
snapshot_12_2_2015_0_0.json	1449032400.0	82.06	432	243
snapshot_12_2_2015_12_0.json	1449075600.0	82.06	432	241
snapshot_12_2_2015_18_0.json	1449097200.0	82.06	432	241
snapshot_12_2_2015_6_0.json	1449054000.0	82.06	432	239
snapshot_12_3_2015_0_0.json	1449118800.0	82.06	432	249
snapshot_12_3_2015_12_0.json	1449162000.0	82.06	432	247
snapshot_12_3_2015_18_0.json	1449183600.0	99.01	432	241
snapshot_12_3_2015_6_0.json	1449140400.0	82.06	432	247
snapshot_12_4_2015_0_0.json	1449205200.0	99.01	432	246
snapshot_12_4_2015_12_0.json	1449248400.0	99.01	432	242
snapshot_12_4_2015_18_0.json	1449270000.0	99.01	432	244
snapshot_12_4_2015_18_0.json	1449270000.0	99.01	432	244
snapshot_12_5_2015_0_0.json	1449291600.0	99.01	432	242
snapshot_12_5_2015_12_0.json	1449334800.0	99.01	432	242
snapshot_12_5_2015_18_0.json	1449356400.0	99.01	432	242
snapshot_12_5_2015_6_0.json	1449313200.0	99.01	432	242
9253124	2016-01-10T04:00:00Z	The Book of Mormon	Paramount Theatre Seattle	Washington Seattle|693	98101
snapshot_11_16_2015_0_0.json	1447650000.0	92.59	432	279
snapshot_11_17_2015_0_0.json	1447736400.0	92.59	432	277
snapshot_11_17_2015_12_0.json	1447779600.0	92.59	432	285
snapshot_11_17_2015_18_0.json	1447801200.0	92.59	432	285
snapshot_11_17_2015_6_0.json	1447758000.0	92.59	432	277
snapshot_11_18_2015_0_0.json	1447822800.0	92.59	432	285
snapshot_11_18_2015_12_0.json	1447866000.0	92.59	432	291
snapshot_11_18_2015_6_0.json	1447844400.0	92.59	432	294
snapshot_11_19_2015_12_0.json	1447952400.0	92.59	432	291
snapshot_11_19_2015_6_0.json	1447930800.0	92.59	432	291
snapshot_11_20_2015_0_0.json	1447995600.0	92.59	432	290
snapshot_11_20_2015_12_0.json	1448038800.0	92.59	432	287
snapshot_11_21_2015_12_0.json	1448125200.0	92.59	432	283
snapshot_11_22_2015_0_0.json	1448168400.0	92.59	432	283
snapshot_11_22_2015_12_0.json	1448211600.0	92.59	432	283
snapshot_11_22_2015_18_0.json	1448233200.0	92.59	432	283
snapshot_11_22_2015_18_0.json	1448233200.0	92.59	432	283
snapshot_11_22_2015_6_0.json	1448190000.0	92.59	432	283
snapshot_11_22_2015_6_0.json	1448190000.0	92.59	432	283
snapshot_11_23_2015_18_0.json	1448319600.0	92.59	432	279
snapshot_11_24_2015_0_0.json	1448341200.0	92.59	432	275
snapshot_11_24_2015_0_0.json	1448341200.0	92.59	432	275
snapshot_11_24_2015_12_0.json	1448384400.0	92.59	432	273
snapshot_11_24_2015_12_0.json	1448384400.0	92.59	432	273
snapshot_11_24_2015_18_0.json	1448406000.0	92.59	432	273
snapshot_11_24_2015_6_0.json	1448362800.0	92.59	432	273
snapshot_11_25_2015_0_0.json	1448427600.0	92.59	432	265
snapshot_11_25_2015_0_0.json	1448427600.0	92.59	432	265
snapshot_11_25_2015_18_0.json	1448492400.0	92.59	432	260
snapshot_11_25_2015_18_0.json	1448492400.0	92.59	432	260
snapshot_11_25_2015_6_0.json	1448449200.0	92.59	432	261
snapshot_11_27_2015_18_0.json	1448665200.0	92.59	432	264
snapshot_11_27_2015_18_0.json	1448665200.0	92.59	432	264
snapshot_11_28_2015_0_0.json	1448686800.0	82.06	432	262
snapshot_11_28_2015_0_0.json	1448686800.0	82.06	432	262
snapshot_11_28_2015_12_0.json	1448730000.0	82.06	432	256
snapshot_11_28_2015_18_0.json	1448751600.0	82.06	432	256
snapshot_11_28_2015_6_0.json	1448708400.0	82.06	432	260
snapshot_11_28_2015_6_0.json	1448708400.0	82.06	432	260
snapshot_11_29_2015_0_0.json	1448773200.0	82.06	432	252
snapshot_11_29_2015_12_0.json	1448816400.0	82.06	432	250
snapshot_11_29_2015_6_0.json	1448794800.0	82.06	432	248
snapshot_11_29_2015_6_0.json	1448794800.0	82.06	432	248
snapshot_11_30_2015_0_0.json	1448859600.0	82.06	432	249
snapshot_11_30_2015_12_0.json	1448902800.0	82.06	432	245
snapshot_11_30_2015_18_0.json	1448924400.0	82.06	432	245
snapshot_12_1_2015_0_0.json	1448946000.0	82.06	432	251
snapshot_12_1_2015_18_0.json	1449010800.0	82.06	432	249
snapshot_12_1_2015_6_0.json	1448967600.0	82.06	432	249
snapshot_12_2_2015_0_0.json	1449032400.0	82.06	432	243
snapshot_12_2_2015_12_0.json	1449075600.0	82.06	432	241
snapshot_12_2_2015_18_0.json	1449097200.0	82.06	432	241
snapshot_12_2_2015_6_0.json	1449054000.0	82.06	432	239
snapshot_12_3_2015_0_0.json	1449118800.0	82.06	432	249
snapshot_12_3_2015_12_0.json	1449162000.0	82.06	432	247
snapshot_12_3_2015_18_0.json	1449183600.0	99.01	432	241
snapshot_12_3_2015_6_0.json	1449140400.0	82.06	432	247
snapshot_12_4_2015_0_0.json	1449205200.0	99.01	432	246
snapshot_12_4_2015_12_0.json	1449248400.0	99.01	432	242
snapshot_12_4_2015_18_0.json	1449270000.0	99.01	432	244
snapshot_12_4_2015_18_0.json	1449270000.0	99.01	432	244
snapshot_12_5_2015_0_0.json	1449291600.0	99.01	432	242
snapshot_12_5_2015_12_0.json	1449334800.0	99.01	432	242
snapshot_12_5_2015_18_0.json	1449356400.0	99.01	432	242
snapshot_12_5_2015_6_0.json	1449313200.0	99.01	432	242
9253124	2016-01-10T04:00:00Z	The Book of Mormon	Paramount Theatre Seattle	Washington Seattle|693	98101
snapshot_11_16_2015_0_0.json	1447650000.0	92.59	432	279
snapshot_11_17_2015_0_0.json	1447736400.0	92.59	432	277
snapshot_11_17_2015_12_0.json	1447779600.0	92.59	432	285
snapshot_11_17_2015_18_0.json	1447801200.0	92.59	432	285
snapshot_11_17_2015_6_0.json	1447758000.0	92.59	432	277
snapshot_11_18_2015_0_0.json	1447822800.0	92.59	432	285
snapshot_11_18_2015_12_0.json	1447866000.0	92.59	432	291
snapshot_11_18_2015_6_0.json	1447844400.0	92.59	432	294
snapshot_11_19_2015_12_0.json	1447952400.0	92.59	432	291
snapshot_11_19_2015_6_0.json	1447930800.0	92.59	432	291
snapshot_11_20_2015_0_0.json	1447995600.0	92.59	432	290
snapshot_11_20_2015_12_0.json	1448038800.0	92.59	432	287
snapshot_11_21_2015_12_0.json	1448125200.0	92.59	432	283
snapshot_11_22_2015_0_0.json	1448168400.0	92.59	432	283
snapshot_11_22_2015_12_0.json	1448211600.0	92.59	432	283
snapshot_11_22_2015_18_0.json	1448233200.0	92.59	432	283
snapshot_11_22_2015_18_0.json	1448233200.0	92.59	432	283
snapshot_11_22_2015_6_0.json	1448190000.0	92.59	432	283
snapshot_11_22_2015_6_0.json	1448190000.0	92.59	432	283
snapshot_11_23_2015_18_0.json	1448319600.0	92.59	432	279
snapshot_11_24_2015_0_0.json	1448341200.0	92.59	432	275
snapshot_11_24_2015_0_0.json	1448341200.0	92.59	432	275
snapshot_11_24_2015_12_0.json	1448384400.0	92.59	432	273
snapshot_11_24_2015_12_0.json	1448384400.0	92.59	432	273
snapshot_11_24_2015_18_0.json	1448406000.0	92.59	432	273
snapshot_11_24_2015_6_0.json	1448362800.0	92.59	432	273
snapshot_11_25_2015_0_0.json	1448427600.0	92.59	432	265
snapshot_11_25_2015_0_0.json	1448427600.0	92.59	432	265
snapshot_11_25_2015_18_0.json	1448492400.0	92.59	432	260
snapshot_11_25_2015_18_0.json	1448492400.0	92.59	432	260
snapshot_11_25_2015_6_0.json	1448449200.0	92.59	432	261
snapshot_11_27_2015_18_0.json	1448665200.0	92.59	432	264
snapshot_11_27_2015_18_0.json	1448665200.0	92.59	432	264
snapshot_11_28_2015_0_0.json	1448686800.0	82.06	432	262
snapshot_11_28_2015_0_0.json	1448686800.0	82.06	432	262
snapshot_11_28_2015_12_0.json	1448730000.0	82.06	432	256
snapshot_11_28_2015_18_0.json	1448751600.0	82.06	432	256
snapshot_11_28_2015_6_0.json	1448708400.0	82.06	432	260
snapshot_11_28_2015_6_0.json	1448708400.0	82.06	432	260
snapshot_11_29_2015_0_0.json	1448773200.0	82.06	432	252
snapshot_11_29_2015_12_0.json	1448816400.0	82.06	432	250
snapshot_11_29_2015_6_0.json	1448794800.0	82.06	432	248
snapshot_11_29_2015_6_0.json	1448794800.0	82.06	432	248
snapshot_11_30_2015_0_0.json	1448859600.0	82.06	432	249
snapshot_11_30_2015_12_0.json	1448902800.0	82.06	432	245
snapshot_11_30_2015_18_0.json	1448924400.0	82.06	432	245
snapshot_12_1_2015_0_0.json	1448946000.0	82.06	432	251
snapshot_12_1_2015_18_0.json	1449010800.0	82.06	432	249
snapshot_12_1_2015_6_0.json	1448967600.0	82.06	432	249
snapshot_12_2_2015_0_0.json	1449032400.0	82.06	432	243
snapshot_12_2_2015_12_0.json	1449075600.0	82.06	432	241
snapshot_12_2_2015_18_0.json	1449097200.0	82.06	432	241
snapshot_12_2_2015_6_0.json	1449054000.0	82.06	432	239
snapshot_12_3_2015_0_0.json	1449118800.0	82.06	432	249
snapshot_12_3_2015_12_0.json	1449162000.0	82.06	432	247
snapshot_12_3_2015_18_0.json	1449183600.0	99.01	432	241
snapshot_12_3_2015_6_0.json	1449140400.0	82.06	432	247
snapshot_12_4_2015_0_0.json	1449205200.0	99.01	432	246
snapshot_12_4_2015_12_0.json	1449248400.0	99.01	432	242
snapshot_12_4_2015_18_0.json	1449270000.0	99.01	432	244
snapshot_12_4_2015_18_0.json	1449270000.0	99.01	432	244
snapshot_12_5_2015_0_0.json	1449291600.0	99.01	432	242
snapshot_12_5_2015_12_0.json	1449334800.0	99.01	432	242
snapshot_12_5_2015_18_0.json	1449356400.0	99.01	432	242
snapshot_12_5_2015_6_0.json	1449313200.0	99.01	432	242
