9253900	2015-11-28T20:00:00Z	New Mexico Lobos	University Stadium (New Mexico)	New Mexico Albuquerque|5647	87106
snapshot_11_16_2015_0_0.json	1447650000.0	43.86	125	17
snapshot_11_17_2015_0_0.json	1447736400.0	43.86	125	17
snapshot_11_17_2015_12_0.json	1447779600.0	43.86	125	17
snapshot_11_17_2015_12_0.json	1447779600.0	43.86	125	17
snapshot_11_17_2015_18_0.json	1447801200.0	43.86	125	17
snapshot_11_17_2015_18_0.json	1447801200.0	43.86	125	17
snapshot_11_17_2015_6_0.json	1447758000.0	43.86	125	17
snapshot_11_17_2015_6_0.json	1447758000.0	43.86	125	17
snapshot_11_18_2015_0_0.json	1447822800.0	43.86	125	17
snapshot_11_18_2015_12_0.json	1447866000.0	43.86	125	17
snapshot_11_19_2015_0_0.json	1447909200.0	43.86	125	17
snapshot_11_19_2015_12_0.json	1447952400.0	43.86	55	15
snapshot_11_19_2015_12_0.json	1447952400.0	43.86	55	15
snapshot_11_20_2015_0_0.json	1447995600.0	43.86	53	40
snapshot_11_21_2015_12_0.json	1448125200.0	34.5	35	32
snapshot_11_21_2015_18_0.json	1448146800.0	34.5	35	32
snapshot_11_22_2015_0_0.json	1448168400.0	34.5	35	25
snapshot_11_22_2015_12_0.json	1448211600.0	34.5	35	25
snapshot_11_22_2015_18_0.json	1448233200.0	35.67	35	21
snapshot_11_22_2015_18_0.json	1448233200.0	35.67	35	21
snapshot_11_22_2015_6_0.json	1448190000.0	34.5	35	25
snapshot_11_23_2015_0_0.json	1448254800.0	34.5	26	21
snapshot_11_23_2015_12_0.json	1448298000.0	34.5	26	21
snapshot_11_23_2015_18_0.json	1448319600.0	34.5	26	21
snapshot_11_23_2015_6_0.json	1448276400.0	34.5	26	21
snapshot_11_23_2015_6_0.json	1448276400.0	34.5	26	21
snapshot_11_24_2015_0_0.json	1448341200.0	35.67	26	17
snapshot_11_24_2015_12_0.json	1448384400.0	22.8	26	21
snapshot_11_24_2015_12_0.json	1448384400.0	22.8	26	21
snapshot_11_24_2015_18_0.json	1448406000.0	16.95	26	21
snapshot_11_24_2015_6_0.json	1448362800.0	35.67	26	17
snapshot_11_25_2015_0_0.json	1448427600.0	32.16	26	17
snapshot_11_25_2015_0_0.json	1448427600.0	32.16	26	17
snapshot_11_25_2015_18_0.json	1448492400.0	19.29	12	17
snapshot_11_25_2015_6_0.json	1448449200.0	32.16	26	17
snapshot_11_26_2015_0_0.json	1448514000.0	0	0	0
snapshot_11_27_2015_18_0.json	1448665200.0	0	0	0
snapshot_11_28_2015_18_0.json	1448751600.0	0	0	0
snapshot_11_28_2015_6_0.json	1448708400.0	0	0	0
snapshot_11_29_2015_12_0.json	1448816400.0	0	0	0
snapshot_11_29_2015_18_0.json	1448838000.0	0	0	0
snapshot_11_29_2015_18_0.json	1448838000.0	0	0	0
snapshot_11_29_2015_6_0.json	1448794800.0	0	0	0
snapshot_11_29_2015_6_0.json	1448794800.0	0	0	0
snapshot_11_30_2015_0_0.json	1448859600.0	0	0	0
snapshot_11_30_2015_12_0.json	1448902800.0	0	0	0
snapshot_11_30_2015_18_0.json	1448924400.0	0	0	0
9253900	2015-11-28T20:00:00Z	New Mexico Lobos	University Stadium (New Mexico)	New Mexico Albuquerque|5647	87106
snapshot_11_16_2015_0_0.json	1447650000.0	43.86	125	17
snapshot_11_17_2015_0_0.json	1447736400.0	43.86	125	17
snapshot_11_17_2015_12_0.json	1447779600.0	43.86	125	17
snapshot_11_17_2015_12_0.json	1447779600.0	43.86	125	17
snapshot_11_17_2015_18_0.json	1447801200.0	43.86	125	17
snapshot_11_17_2015_18_0.json	1447801200.0	43.86	125	17
snapshot_11_17_2015_6_0.json	1447758000.0	43.86	125	17
snapshot_11_17_2015_6_0.json	1447758000.0	43.86	125	17
snapshot_11_18_2015_0_0.json	1447822800.0	43.86	125	17
snapshot_11_18_2015_12_0.json	1447866000.0	43.86	125	17
snapshot_11_19_2015_0_0.json	1447909200.0	43.86	125	17
snapshot_11_19_2015_12_0.json	1447952400.0	43.86	55	15
snapshot_11_19_2015_12_0.json	1447952400.0	43.86	55	15
snapshot_11_20_2015_0_0.json	1447995600.0	43.86	53	40
snapshot_11_21_2015_12_0.json	1448125200.0	34.5	35	32
snapshot_11_21_2015_18_0.json	1448146800.0	34.5	35	32
snapshot_11_22_2015_0_0.json	1448168400.0	34.5	35	25
snapshot_11_22_2015_12_0.json	1448211600.0	34.5	35	25
snapshot_11_22_2015_18_0.json	1448233200.0	35.67	35	21
snapshot_11_22_2015_18_0.json	1448233200.0	35.67	35	21
snapshot_11_22_2015_6_0.json	1448190000.0	34.5	35	25
snapshot_11_23_2015_0_0.json	1448254800.0	34.5	26	21
snapshot_11_23_2015_12_0.json	1448298000.0	34.5	26	21
snapshot_11_23_2015_18_0.json	1448319600.0	34.5	26	21
snapshot_11_23_2015_6_0.json	1448276400.0	34.5	26	21
snapshot_11_23_2015_6_0.json	1448276400.0	34.5	26	21
snapshot_11_24_2015_0_0.json	1448341200.0	35.67	26	17
snapshot_11_24_2015_12_0.json	1448384400.0	22.8	26	21
snapshot_11_24_2015_12_0.json	1448384400.0	22.8	26	21
snapshot_11_24_2015_18_0.json	1448406000.0	16.95	26	21
snapshot_11_24_2015_6_0.json	1448362800.0	35.67	26	17
snapshot_11_25_2015_0_0.json	1448427600.0	32.16	26	17
snapshot_11_25_2015_0_0.json	1448427600.0	32.16	26	17
snapshot_11_25_2015_18_0.json	1448492400.0	19.29	12	17
snapshot_11_25_2015_6_0.json	1448449200.0	32.16	26	17
snapshot_11_26_2015_0_0.json	1448514000.0	0	0	0
snapshot_11_27_2015_18_0.json	1448665200.0	0	0	0
snapshot_11_28_2015_18_0.json	1448751600.0	0	0	0
snapshot_11_28_2015_6_0.json	1448708400.0	0	0	0
snapshot_11_29_2015_12_0.json	1448816400.0	0	0	0
snapshot_11_29_2015_18_0.json	1448838000.0	0	0	0
snapshot_11_29_2015_18_0.json	1448838000.0	0	0	0
snapshot_11_29_2015_6_0.json	1448794800.0	0	0	0
snapshot_11_29_2015_6_0.json	1448794800.0	0	0	0
snapshot_11_30_2015_0_0.json	1448859600.0	0	0	0
snapshot_11_30_2015_12_0.json	1448902800.0	0	0	0
snapshot_11_30_2015_18_0.json	1448924400.0	0	0	0
9253900	2015-11-28T20:00:00Z	New Mexico Lobos	University Stadium (New Mexico)	New Mexico Albuquerque|5647	87106
snapshot_11_16_2015_0_0.json	1447650000.0	43.86	125	17
snapshot_11_17_2015_0_0.json	1447736400.0	43.86	125	17
snapshot_11_17_2015_12_0.json	1447779600.0	43.86	125	17
snapshot_11_17_2015_12_0.json	1447779600.0	43.86	125	17
snapshot_11_17_2015_18_0.json	1447801200.0	43.86	125	17
snapshot_11_17_2015_18_0.json	1447801200.0	43.86	125	17
snapshot_11_17_2015_6_0.json	1447758000.0	43.86	125	17
snapshot_11_17_2015_6_0.json	1447758000.0	43.86	125	17
snapshot_11_18_2015_0_0.json	1447822800.0	43.86	125	17
snapshot_11_18_2015_12_0.json	1447866000.0	43.86	125	17
snapshot_11_19_2015_0_0.json	1447909200.0	43.86	125	17
snapshot_11_19_2015_12_0.json	1447952400.0	43.86	55	15
snapshot_11_19_2015_12_0.json	1447952400.0	43.86	55	15
snapshot_11_20_2015_0_0.json	1447995600.0	43.86	53	40
snapshot_11_21_2015_12_0.json	1448125200.0	34.5	35	32
snapshot_11_21_2015_18_0.json	1448146800.0	34.5	35	32
snapshot_11_22_2015_0_0.json	1448168400.0	34.5	35	25
snapshot_11_22_2015_12_0.json	1448211600.0	34.5	35	25
snapshot_11_22_2015_18_0.json	1448233200.0	35.67	35	21
snapshot_11_22_2015_18_0.json	1448233200.0	35.67	35	21
snapshot_11_22_2015_6_0.json	1448190000.0	34.5	35	25
snapshot_11_23_2015_0_0.json	1448254800.0	34.5	26	21
snapshot_11_23_2015_12_0.json	1448298000.0	34.5	26	21
snapshot_11_23_2015_18_0.json	1448319600.0	34.5	26	21
snapshot_11_23_2015_6_0.json	1448276400.0	34.5	26	21
snapshot_11_23_2015_6_0.json	1448276400.0	34.5	26	21
snapshot_11_24_2015_0_0.json	1448341200.0	35.67	26	17
snapshot_11_24_2015_12_0.json	1448384400.0	22.8	26	21
snapshot_11_24_2015_12_0.json	1448384400.0	22.8	26	21
snapshot_11_24_2015_18_0.json	1448406000.0	16.95	26	21
snapshot_11_24_2015_6_0.json	1448362800.0	35.67	26	17
snapshot_11_25_2015_0_0.json	1448427600.0	32.16	26	17
snapshot_11_25_2015_0_0.json	1448427600.0	32.16	26	17
snapshot_11_25_2015_18_0.json	1448492400.0	19.29	12	17
snapshot_11_25_2015_6_0.json	1448449200.0	32.16	26	17
snapshot_11_26_2015_0_0.json	1448514000.0	0	0	0
snapshot_11_27_2015_18_0.json	1448665200.0	0	0	0
snapshot_11_28_2015_18_0.json	1448751600.0	0	0	0
snapshot_11_28_2015_6_0.json	1448708400.0	0	0	0
snapshot_11_29_2015_12_0.json	1448816400.0	0	0	0
snapshot_11_29_2015_18_0.json	1448838000.0	0	0	0
snapshot_11_29_2015_18_0.json	1448838000.0	0	0	0
snapshot_11_29_2015_6_0.json	1448794800.0	0	0	0
snapshot_11_29_2015_6_0.json	1448794800.0	0	0	0
snapshot_11_30_2015_0_0.json	1448859600.0	0	0	0
snapshot_11_30_2015_12_0.json	1448902800.0	0	0	0
snapshot_11_30_2015_18_0.json	1448924400.0	0	0	0
9253900	2015-11-28T20:00:00Z	New Mexico Lobos	University Stadium (New Mexico)	New Mexico Albuquerque|5647	87106
snapshot_11_16_2015_0_0.json	1447650000.0	43.86	125	17
snapshot_11_17_2015_0_0.json	1447736400.0	43.86	125	17
snapshot_11_17_2015_12_0.json	1447779600.0	43.86	125	17
snapshot_11_17_2015_12_0.json	1447779600.0	43.86	125	17
snapshot_11_17_2015_18_0.json	1447801200.0	43.86	125	17
snapshot_11_17_2015_18_0.json	1447801200.0	43.86	125	17
snapshot_11_17_2015_6_0.json	1447758000.0	43.86	125	17
snapshot_11_17_2015_6_0.json	1447758000.0	43.86	125	17
snapshot_11_18_2015_0_0.json	1447822800.0	43.86	125	17
snapshot_11_18_2015_12_0.json	1447866000.0	43.86	125	17
snapshot_11_19_2015_0_0.json	1447909200.0	43.86	125	17
snapshot_11_19_2015_12_0.json	1447952400.0	43.86	55	15
snapshot_11_19_2015_12_0.json	1447952400.0	43.86	55	15
snapshot_11_20_2015_0_0.json	1447995600.0	43.86	53	40
snapshot_11_21_2015_12_0.json	1448125200.0	34.5	35	32
snapshot_11_21_2015_18_0.json	1448146800.0	34.5	35	32
snapshot_11_22_2015_0_0.json	1448168400.0	34.5	35	25
snapshot_11_22_2015_12_0.json	1448211600.0	34.5	35	25
snapshot_11_22_2015_18_0.json	1448233200.0	35.67	35	21
snapshot_11_22_2015_18_0.json	1448233200.0	35.67	35	21
snapshot_11_22_2015_6_0.json	1448190000.0	34.5	35	25
snapshot_11_23_2015_0_0.json	1448254800.0	34.5	26	21
snapshot_11_23_2015_12_0.json	1448298000.0	34.5	26	21
snapshot_11_23_2015_18_0.json	1448319600.0	34.5	26	21
snapshot_11_23_2015_6_0.json	1448276400.0	34.5	26	21
snapshot_11_23_2015_6_0.json	1448276400.0	34.5	26	21
snapshot_11_24_2015_0_0.json	1448341200.0	35.67	26	17
snapshot_11_24_2015_12_0.json	1448384400.0	22.8	26	21
snapshot_11_24_2015_12_0.json	1448384400.0	22.8	26	21
snapshot_11_24_2015_18_0.json	1448406000.0	16.95	26	21
snapshot_11_24_2015_6_0.json	1448362800.0	35.67	26	17
snapshot_11_25_2015_0_0.json	1448427600.0	32.16	26	17
snapshot_11_25_2015_0_0.json	1448427600.0	32.16	26	17
snapshot_11_25_2015_18_0.json	1448492400.0	19.29	12	17
snapshot_11_25_2015_6_0.json	1448449200.0	32.16	26	17
snapshot_11_26_2015_0_0.json	1448514000.0	0	0	0
snapshot_11_27_2015_18_0.json	1448665200.0	0	0	0
snapshot_11_28_2015_18_0.json	1448751600.0	0	0	0
snapshot_11_28_2015_6_0.json	1448708400.0	0	0	0
snapshot_11_29_2015_12_0.json	1448816400.0	0	0	0
snapshot_11_29_2015_18_0.json	1448838000.0	0	0	0
snapshot_11_29_2015_18_0.json	1448838000.0	0	0	0
snapshot_11_29_2015_6_0.json	1448794800.0	0	0	0
snapshot_11_29_2015_6_0.json	1448794800.0	0	0	0
snapshot_11_30_2015_0_0.json	1448859600.0	0	0	0
snapshot_11_30_2015_12_0.json	1448902800.0	0	0	0
snapshot_11_30_2015_18_0.json	1448924400.0	0	0	0
