9254425	2015-12-05T20:00:00Z	The Nutcracker	Auditorium Theatre	Illinois Chicago|666	60605
snapshot_11_16_2015_0_0.json	1447650000.0	93.76	275	120
snapshot_11_17_2015_0_0.json	1447736400.0	93.76	275	120
snapshot_11_17_2015_12_0.json	1447779600.0	93.76	275	120
snapshot_11_17_2015_18_0.json	1447801200.0	93.76	275	118
snapshot_11_17_2015_6_0.json	1447758000.0	93.76	275	120
snapshot_11_18_2015_0_0.json	1447822800.0	93.76	275	133
snapshot_11_18_2015_12_0.json	1447866000.0	93.76	620	126
snapshot_11_18_2015_18_0.json	1447887600.0	93.76	620	126
snapshot_11_18_2015_18_0.json	1447887600.0	93.76	620	126
snapshot_11_18_2015_6_0.json	1447844400.0	93.76	500	143
snapshot_11_19_2015_0_0.json	1447909200.0	93.76	520	120
snapshot_11_19_2015_12_0.json	1447952400.0	93.76	620	128
snapshot_11_19_2015_6_0.json	1447930800.0	93.76	612	126
snapshot_11_20_2015_0_0.json	1447995600.0	93.76	275	140
snapshot_11_20_2015_12_0.json	1448038800.0	93.76	620	137
snapshot_11_21_2015_12_0.json	1448125200.0	93.76	620	148
snapshot_11_21_2015_18_0.json	1448146800.0	93.76	620	143
snapshot_11_22_2015_0_0.json	1448168400.0	93.76	616	145
snapshot_11_22_2015_12_0.json	1448211600.0	93.76	620	139
snapshot_11_22_2015_18_0.json	1448233200.0	93.76	396	139
snapshot_11_22_2015_18_0.json	1448233200.0	93.76	396	139
snapshot_11_23_2015_0_0.json	1448254800.0	93.76	620	139
snapshot_11_23_2015_12_0.json	1448298000.0	93.76	620	139
snapshot_11_23_2015_18_0.json	1448319600.0	93.76	620	139
snapshot_11_23_2015_6_0.json	1448276400.0	93.76	620	139
snapshot_11_23_2015_6_0.json	1448276400.0	93.76	620	139
snapshot_11_24_2015_0_0.json	1448341200.0	93.76	616	139
snapshot_11_24_2015_12_0.json	1448384400.0	93.76	275	139
snapshot_11_24_2015_18_0.json	1448406000.0	93.76	620	141
snapshot_11_25_2015_0_0.json	1448427600.0	93.76	612	141
snapshot_11_25_2015_12_0.json	1448470800.0	93.76	275	131
snapshot_11_25_2015_18_0.json	1448492400.0	93.76	620	131
snapshot_11_25_2015_6_0.json	1448449200.0	93.76	275	131
snapshot_11_26_2015_0_0.json	1448514000.0	93.76	275	125
snapshot_11_27_2015_18_0.json	1448665200.0	93.76	620	114
snapshot_11_28_2015_12_0.json	1448730000.0	93.76	275	114
snapshot_11_28_2015_18_0.json	1448751600.0	93.76	620	113
snapshot_11_28_2015_6_0.json	1448708400.0	93.76	275	114
snapshot_11_29_2015_0_0.json	1448773200.0	93.76	516	116
snapshot_11_29_2015_0_0.json	1448773200.0	93.76	516	116
snapshot_11_29_2015_12_0.json	1448816400.0	93.76	275	111
snapshot_11_29_2015_18_0.json	1448838000.0	93.76	275	113
snapshot_11_30_2015_0_0.json	1448859600.0	93.76	275	102
snapshot_11_30_2015_12_0.json	1448902800.0	93.76	275	101
snapshot_11_30_2015_18_0.json	1448924400.0	93.76	620	101
snapshot_12_1_2015_0_0.json	1448946000.0	93.76	520	109
snapshot_12_1_2015_12_0.json	1448989200.0	93.76	275	96
snapshot_12_1_2015_18_0.json	1449010800.0	93.76	512	96
snapshot_12_1_2015_18_0.json	1449010800.0	93.76	512	96
snapshot_12_1_2015_6_0.json	1448967600.0	93.76	520	101
snapshot_12_2_2015_0_0.json	1449032400.0	93.76	275	94
snapshot_12_2_2015_0_0.json	1449032400.0	93.76	275	94
snapshot_12_2_2015_12_0.json	1449075600.0	93.76	275	98
snapshot_12_2_2015_18_0.json	1449097200.0	93.76	275	96
snapshot_12_2_2015_6_0.json	1449054000.0	93.76	275	98
snapshot_12_3_2015_0_0.json	1449118800.0	93.76	275	62
snapshot_12_3_2015_12_0.json	1449162000.0	93.76	153	27
snapshot_12_3_2015_18_0.json	1449183600.0	93.76	612	25
snapshot_12_3_2015_18_0.json	1449183600.0	93.76	612	25
snapshot_12_4_2015_12_0.json	1449248400.0	93.76	123	11
snapshot_12_4_2015_18_0.json	1449270000.0	93.76	112	8
snapshot_12_5_2015_0_0.json	1449291600.0	93.76	93	5
snapshot_12_5_2015_18_0.json	1449356400.0	27.07	21	1
snapshot_12_5_2015_6_0.json	1449313200.0	44.62	93	3
9254425	2015-12-05T20:00:00Z	The Nutcracker	Auditorium Theatre	Illinois Chicago|666	60605
snapshot_11_16_2015_0_0.json	1447650000.0	93.76	275	120
snapshot_11_17_2015_0_0.json	1447736400.0	93.76	275	120
snapshot_11_17_2015_12_0.json	1447779600.0	93.76	275	120
snapshot_11_17_2015_18_0.json	1447801200.0	93.76	275	118
snapshot_11_17_2015_6_0.json	1447758000.0	93.76	275	120
snapshot_11_18_2015_0_0.json	1447822800.0	93.76	275	133
snapshot_11_18_2015_12_0.json	1447866000.0	93.76	620	126
snapshot_11_18_2015_18_0.json	1447887600.0	93.76	620	126
snapshot_11_18_2015_18_0.json	1447887600.0	93.76	620	126
snapshot_11_18_2015_6_0.json	1447844400.0	93.76	500	143
snapshot_11_19_2015_0_0.json	1447909200.0	93.76	520	120
snapshot_11_19_2015_12_0.json	1447952400.0	93.76	620	128
snapshot_11_19_2015_6_0.json	1447930800.0	93.76	612	126
snapshot_11_20_2015_0_0.json	1447995600.0	93.76	275	140
snapshot_11_20_2015_12_0.json	1448038800.0	93.76	620	137
snapshot_11_21_2015_12_0.json	1448125200.0	93.76	620	148
snapshot_11_21_2015_18_0.json	1448146800.0	93.76	620	143
snapshot_11_22_2015_0_0.json	1448168400.0	93.76	616	145
snapshot_11_22_2015_12_0.json	1448211600.0	93.76	620	139
snapshot_11_22_2015_18_0.json	1448233200.0	93.76	396	139
snapshot_11_22_2015_18_0.json	1448233200.0	93.76	396	139
snapshot_11_23_2015_0_0.json	1448254800.0	93.76	620	139
snapshot_11_23_2015_12_0.json	1448298000.0	93.76	620	139
snapshot_11_23_2015_18_0.json	1448319600.0	93.76	620	139
snapshot_11_23_2015_6_0.json	1448276400.0	93.76	620	139
snapshot_11_23_2015_6_0.json	1448276400.0	93.76	620	139
snapshot_11_24_2015_0_0.json	1448341200.0	93.76	616	139
snapshot_11_24_2015_12_0.json	1448384400.0	93.76	275	139
snapshot_11_24_2015_18_0.json	1448406000.0	93.76	620	141
snapshot_11_25_2015_0_0.json	1448427600.0	93.76	612	141
snapshot_11_25_2015_12_0.json	1448470800.0	93.76	275	131
snapshot_11_25_2015_18_0.json	1448492400.0	93.76	620	131
snapshot_11_25_2015_6_0.json	1448449200.0	93.76	275	131
snapshot_11_26_2015_0_0.json	1448514000.0	93.76	275	125
snapshot_11_27_2015_18_0.json	1448665200.0	93.76	620	114
snapshot_11_28_2015_12_0.json	1448730000.0	93.76	275	114
snapshot_11_28_2015_18_0.json	1448751600.0	93.76	620	113
snapshot_11_28_2015_6_0.json	1448708400.0	93.76	275	114
snapshot_11_29_2015_0_0.json	1448773200.0	93.76	516	116
snapshot_11_29_2015_0_0.json	1448773200.0	93.76	516	116
snapshot_11_29_2015_12_0.json	1448816400.0	93.76	275	111
snapshot_11_29_2015_18_0.json	1448838000.0	93.76	275	113
snapshot_11_30_2015_0_0.json	1448859600.0	93.76	275	102
snapshot_11_30_2015_12_0.json	1448902800.0	93.76	275	101
snapshot_11_30_2015_18_0.json	1448924400.0	93.76	620	101
snapshot_12_1_2015_0_0.json	1448946000.0	93.76	520	109
snapshot_12_1_2015_12_0.json	1448989200.0	93.76	275	96
snapshot_12_1_2015_18_0.json	1449010800.0	93.76	512	96
snapshot_12_1_2015_18_0.json	1449010800.0	93.76	512	96
snapshot_12_1_2015_6_0.json	1448967600.0	93.76	520	101
snapshot_12_2_2015_0_0.json	1449032400.0	93.76	275	94
snapshot_12_2_2015_0_0.json	1449032400.0	93.76	275	94
snapshot_12_2_2015_12_0.json	1449075600.0	93.76	275	98
snapshot_12_2_2015_18_0.json	1449097200.0	93.76	275	96
snapshot_12_2_2015_6_0.json	1449054000.0	93.76	275	98
snapshot_12_3_2015_0_0.json	1449118800.0	93.76	275	62
snapshot_12_3_2015_12_0.json	1449162000.0	93.76	153	27
snapshot_12_3_2015_18_0.json	1449183600.0	93.76	612	25
snapshot_12_3_2015_18_0.json	1449183600.0	93.76	612	25
snapshot_12_4_2015_12_0.json	1449248400.0	93.76	123	11
snapshot_12_4_2015_18_0.json	1449270000.0	93.76	112	8
snapshot_12_5_2015_0_0.json	1449291600.0	93.76	93	5
snapshot_12_5_2015_18_0.json	1449356400.0	27.07	21	1
snapshot_12_5_2015_6_0.json	1449313200.0	44.62	93	3
9254425	2015-12-05T20:00:00Z	The Nutcracker	Auditorium Theatre	Illinois Chicago|666	60605
snapshot_11_16_2015_0_0.json	1447650000.0	93.76	275	120
snapshot_11_17_2015_0_0.json	1447736400.0	93.76	275	120
snapshot_11_17_2015_12_0.json	1447779600.0	93.76	275	120
snapshot_11_17_2015_18_0.json	1447801200.0	93.76	275	118
snapshot_11_17_2015_6_0.json	1447758000.0	93.76	275	120
snapshot_11_18_2015_0_0.json	1447822800.0	93.76	275	133
snapshot_11_18_2015_12_0.json	1447866000.0	93.76	620	126
snapshot_11_18_2015_18_0.json	1447887600.0	93.76	620	126
snapshot_11_18_2015_18_0.json	1447887600.0	93.76	620	126
snapshot_11_18_2015_6_0.json	1447844400.0	93.76	500	143
snapshot_11_19_2015_0_0.json	1447909200.0	93.76	520	120
snapshot_11_19_2015_12_0.json	1447952400.0	93.76	620	128
snapshot_11_19_2015_6_0.json	1447930800.0	93.76	612	126
snapshot_11_20_2015_0_0.json	1447995600.0	93.76	275	140
snapshot_11_20_2015_12_0.json	1448038800.0	93.76	620	137
snapshot_11_21_2015_12_0.json	1448125200.0	93.76	620	148
snapshot_11_21_2015_18_0.json	1448146800.0	93.76	620	143
snapshot_11_22_2015_0_0.json	1448168400.0	93.76	616	145
snapshot_11_22_2015_12_0.json	1448211600.0	93.76	620	139
snapshot_11_22_2015_18_0.json	1448233200.0	93.76	396	139
snapshot_11_22_2015_18_0.json	1448233200.0	93.76	396	139
snapshot_11_23_2015_0_0.json	1448254800.0	93.76	620	139
snapshot_11_23_2015_12_0.json	1448298000.0	93.76	620	139
snapshot_11_23_2015_18_0.json	1448319600.0	93.76	620	139
snapshot_11_23_2015_6_0.json	1448276400.0	93.76	620	139
snapshot_11_23_2015_6_0.json	1448276400.0	93.76	620	139
snapshot_11_24_2015_0_0.json	1448341200.0	93.76	616	139
snapshot_11_24_2015_12_0.json	1448384400.0	93.76	275	139
snapshot_11_24_2015_18_0.json	1448406000.0	93.76	620	141
snapshot_11_25_2015_0_0.json	1448427600.0	93.76	612	141
snapshot_11_25_2015_12_0.json	1448470800.0	93.76	275	131
snapshot_11_25_2015_18_0.json	1448492400.0	93.76	620	131
snapshot_11_25_2015_6_0.json	1448449200.0	93.76	275	131
snapshot_11_26_2015_0_0.json	1448514000.0	93.76	275	125
snapshot_11_27_2015_18_0.json	1448665200.0	93.76	620	114
snapshot_11_28_2015_12_0.json	1448730000.0	93.76	275	114
snapshot_11_28_2015_18_0.json	1448751600.0	93.76	620	113
snapshot_11_28_2015_6_0.json	1448708400.0	93.76	275	114
snapshot_11_29_2015_0_0.json	1448773200.0	93.76	516	116
snapshot_11_29_2015_0_0.json	1448773200.0	93.76	516	116
snapshot_11_29_2015_12_0.json	1448816400.0	93.76	275	111
snapshot_11_29_2015_18_0.json	1448838000.0	93.76	275	113
snapshot_11_30_2015_0_0.json	1448859600.0	93.76	275	102
snapshot_11_30_2015_12_0.json	1448902800.0	93.76	275	101
snapshot_11_30_2015_18_0.json	1448924400.0	93.76	620	101
snapshot_12_1_2015_0_0.json	1448946000.0	93.76	520	109
snapshot_12_1_2015_12_0.json	1448989200.0	93.76	275	96
snapshot_12_1_2015_18_0.json	1449010800.0	93.76	512	96
snapshot_12_1_2015_18_0.json	1449010800.0	93.76	512	96
snapshot_12_1_2015_6_0.json	1448967600.0	93.76	520	101
snapshot_12_2_2015_0_0.json	1449032400.0	93.76	275	94
snapshot_12_2_2015_0_0.json	1449032400.0	93.76	275	94
snapshot_12_2_2015_12_0.json	1449075600.0	93.76	275	98
snapshot_12_2_2015_18_0.json	1449097200.0	93.76	275	96
snapshot_12_2_2015_6_0.json	1449054000.0	93.76	275	98
snapshot_12_3_2015_0_0.json	1449118800.0	93.76	275	62
snapshot_12_3_2015_12_0.json	1449162000.0	93.76	153	27
snapshot_12_3_2015_18_0.json	1449183600.0	93.76	612	25
snapshot_12_3_2015_18_0.json	1449183600.0	93.76	612	25
snapshot_12_4_2015_12_0.json	1449248400.0	93.76	123	11
snapshot_12_4_2015_18_0.json	1449270000.0	93.76	112	8
snapshot_12_5_2015_0_0.json	1449291600.0	93.76	93	5
snapshot_12_5_2015_18_0.json	1449356400.0	27.07	21	1
snapshot_12_5_2015_6_0.json	1449313200.0	44.62	93	3
9254425	2015-12-05T20:00:00Z	The Nutcracker	Auditorium Theatre	Illinois Chicago|666	60605
snapshot_11_16_2015_0_0.json	1447650000.0	93.76	275	120
snapshot_11_17_2015_0_0.json	1447736400.0	93.76	275	120
snapshot_11_17_2015_12_0.json	1447779600.0	93.76	275	120
snapshot_11_17_2015_18_0.json	1447801200.0	93.76	275	118
snapshot_11_17_2015_6_0.json	1447758000.0	93.76	275	120
snapshot_11_18_2015_0_0.json	1447822800.0	93.76	275	133
snapshot_11_18_2015_12_0.json	1447866000.0	93.76	620	126
snapshot_11_18_2015_18_0.json	1447887600.0	93.76	620	126
snapshot_11_18_2015_18_0.json	1447887600.0	93.76	620	126
snapshot_11_18_2015_6_0.json	1447844400.0	93.76	500	143
snapshot_11_19_2015_0_0.json	1447909200.0	93.76	520	120
snapshot_11_19_2015_12_0.json	1447952400.0	93.76	620	128
snapshot_11_19_2015_6_0.json	1447930800.0	93.76	612	126
snapshot_11_20_2015_0_0.json	1447995600.0	93.76	275	140
snapshot_11_20_2015_12_0.json	1448038800.0	93.76	620	137
snapshot_11_21_2015_12_0.json	1448125200.0	93.76	620	148
snapshot_11_21_2015_18_0.json	1448146800.0	93.76	620	143
snapshot_11_22_2015_0_0.json	1448168400.0	93.76	616	145
snapshot_11_22_2015_12_0.json	1448211600.0	93.76	620	139
snapshot_11_22_2015_18_0.json	1448233200.0	93.76	396	139
snapshot_11_22_2015_18_0.json	1448233200.0	93.76	396	139
snapshot_11_23_2015_0_0.json	1448254800.0	93.76	620	139
snapshot_11_23_2015_12_0.json	1448298000.0	93.76	620	139
snapshot_11_23_2015_18_0.json	1448319600.0	93.76	620	139
snapshot_11_23_2015_6_0.json	1448276400.0	93.76	620	139
snapshot_11_23_2015_6_0.json	1448276400.0	93.76	620	139
snapshot_11_24_2015_0_0.json	1448341200.0	93.76	616	139
snapshot_11_24_2015_12_0.json	1448384400.0	93.76	275	139
snapshot_11_24_2015_18_0.json	1448406000.0	93.76	620	141
snapshot_11_25_2015_0_0.json	1448427600.0	93.76	612	141
snapshot_11_25_2015_12_0.json	1448470800.0	93.76	275	131
snapshot_11_25_2015_18_0.json	1448492400.0	93.76	620	131
snapshot_11_25_2015_6_0.json	1448449200.0	93.76	275	131
snapshot_11_26_2015_0_0.json	1448514000.0	93.76	275	125
snapshot_11_27_2015_18_0.json	1448665200.0	93.76	620	114
snapshot_11_28_2015_12_0.json	1448730000.0	93.76	275	114
snapshot_11_28_2015_18_0.json	1448751600.0	93.76	620	113
snapshot_11_28_2015_6_0.json	1448708400.0	93.76	275	114
snapshot_11_29_2015_0_0.json	1448773200.0	93.76	516	116
snapshot_11_29_2015_0_0.json	1448773200.0	93.76	516	116
snapshot_11_29_2015_12_0.json	1448816400.0	93.76	275	111
snapshot_11_29_2015_18_0.json	1448838000.0	93.76	275	113
snapshot_11_30_2015_0_0.json	1448859600.0	93.76	275	102
snapshot_11_30_2015_12_0.json	1448902800.0	93.76	275	101
snapshot_11_30_2015_18_0.json	1448924400.0	93.76	620	101
snapshot_12_1_2015_0_0.json	1448946000.0	93.76	520	109
snapshot_12_1_2015_12_0.json	1448989200.0	93.76	275	96
snapshot_12_1_2015_18_0.json	1449010800.0	93.76	512	96
snapshot_12_1_2015_18_0.json	1449010800.0	93.76	512	96
snapshot_12_1_2015_6_0.json	1448967600.0	93.76	520	101
snapshot_12_2_2015_0_0.json	1449032400.0	93.76	275	94
snapshot_12_2_2015_0_0.json	1449032400.0	93.76	275	94
snapshot_12_2_2015_12_0.json	1449075600.0	93.76	275	98
snapshot_12_2_2015_18_0.json	1449097200.0	93.76	275	96
snapshot_12_2_2015_6_0.json	1449054000.0	93.76	275	98
snapshot_12_3_2015_0_0.json	1449118800.0	93.76	275	62
snapshot_12_3_2015_12_0.json	1449162000.0	93.76	153	27
snapshot_12_3_2015_18_0.json	1449183600.0	93.76	612	25
snapshot_12_3_2015_18_0.json	1449183600.0	93.76	612	25
snapshot_12_4_2015_12_0.json	1449248400.0	93.76	123	11
snapshot_12_4_2015_18_0.json	1449270000.0	93.76	112	8
snapshot_12_5_2015_0_0.json	1449291600.0	93.76	93	5
snapshot_12_5_2015_18_0.json	1449356400.0	27.07	21	1
snapshot_12_5_2015_6_0.json	1449313200.0	44.62	93	3
