9254431	2015-12-12T20:00:00Z	The Nutcracker	Auditorium Theatre	Illinois Chicago|666	60605
snapshot_11_16_2015_0_0.json	1447650000.0	74.75	349	240
snapshot_11_16_2015_0_0.json	1447650000.0	74.75	349	240
snapshot_11_17_2015_0_0.json	1447736400.0	74.75	349	236
snapshot_11_17_2015_12_0.json	1447779600.0	74.75	349	236
snapshot_11_17_2015_12_0.json	1447779600.0	74.75	349	236
snapshot_11_17_2015_6_0.json	1447758000.0	74.75	349	236
snapshot_11_18_2015_0_0.json	1447822800.0	83.35	349	181
snapshot_11_18_2015_12_0.json	1447866000.0	83.35	349	181
snapshot_11_18_2015_12_0.json	1447866000.0	83.35	349	181
snapshot_11_18_2015_6_0.json	1447844400.0	83.35	349	181
snapshot_11_19_2015_6_0.json	1447930800.0	83.35	349	197
snapshot_11_20_2015_0_0.json	1447995600.0	75.16	616	225
snapshot_11_21_2015_12_0.json	1448125200.0	75.16	620	216
snapshot_11_21_2015_18_0.json	1448146800.0	75.16	349	216
snapshot_11_22_2015_0_0.json	1448168400.0	75.16	612	218
snapshot_11_22_2015_12_0.json	1448211600.0	75.16	620	214
snapshot_11_22_2015_6_0.json	1448190000.0	75.16	612	214
snapshot_11_23_2015_0_0.json	1448254800.0	75.16	620	210
snapshot_11_23_2015_0_0.json	1448254800.0	75.16	620	210
snapshot_11_23_2015_12_0.json	1448298000.0	75.16	620	212
snapshot_11_23_2015_6_0.json	1448276400.0	75.16	520	218
snapshot_11_23_2015_6_0.json	1448276400.0	75.16	520	218
snapshot_11_24_2015_0_0.json	1448341200.0	75.16	512	224
snapshot_11_24_2015_12_0.json	1448384400.0	75.16	349	218
snapshot_11_24_2015_12_0.json	1448384400.0	75.16	349	218
snapshot_11_24_2015_18_0.json	1448406000.0	75.16	349	223
snapshot_11_24_2015_6_0.json	1448362800.0	75.16	612	220
snapshot_11_25_2015_0_0.json	1448427600.0	75.16	349	222
snapshot_11_25_2015_12_0.json	1448470800.0	75.16	349	292
snapshot_11_25_2015_18_0.json	1448492400.0	75.16	349	292
snapshot_11_25_2015_6_0.json	1448449200.0	75.16	520	238
snapshot_11_26_2015_0_0.json	1448514000.0	75.16	349	292
snapshot_11_27_2015_18_0.json	1448665200.0	78	349	270
snapshot_11_27_2015_18_0.json	1448665200.0	78	349	270
snapshot_11_28_2015_0_0.json	1448686800.0	78	616	272
snapshot_11_28_2015_12_0.json	1448730000.0	78	349	265
snapshot_11_28_2015_18_0.json	1448751600.0	78	349	265
snapshot_11_29_2015_0_0.json	1448773200.0	78	349	265
snapshot_11_29_2015_12_0.json	1448816400.0	78	349	263
snapshot_11_29_2015_18_0.json	1448838000.0	78	349	263
snapshot_11_29_2015_6_0.json	1448794800.0	78	616	265
snapshot_11_30_2015_0_0.json	1448859600.0	78	349	261
snapshot_11_30_2015_0_0.json	1448859600.0	78	349	261
snapshot_11_30_2015_12_0.json	1448902800.0	78	349	262
snapshot_11_30_2015_18_0.json	1448924400.0	78	512	249
snapshot_12_1_2015_0_0.json	1448946000.0	78	776	241
snapshot_12_1_2015_12_0.json	1448989200.0	78	349	233
snapshot_12_1_2015_18_0.json	1449010800.0	78	776	233
snapshot_12_1_2015_6_0.json	1448967600.0	78	349	233
snapshot_12_2_2015_12_0.json	1449075600.0	86.4	516	172
snapshot_12_2_2015_18_0.json	1449097200.0	90.25	516	178
snapshot_12_3_2015_0_0.json	1449118800.0	90.25	516	113
snapshot_12_3_2015_12_0.json	1449162000.0	93	392	96
snapshot_12_3_2015_18_0.json	1449183600.0	93	392	96
snapshot_12_3_2015_6_0.json	1449140400.0	91.2	516	102
snapshot_12_4_2015_0_0.json	1449205200.0	93	392	94
snapshot_12_4_2015_12_0.json	1449248400.0	93	275	94
snapshot_12_4_2015_18_0.json	1449270000.0	93	275	94
snapshot_12_4_2015_6_0.json	1449226800.0	93	275	90
snapshot_12_5_2015_0_0.json	1449291600.0	93	392	92
snapshot_12_5_2015_18_0.json	1449356400.0	93	275	86
snapshot_12_5_2015_6_0.json	1449313200.0	93	275	88
9254431	2015-12-12T20:00:00Z	The Nutcracker	Auditorium Theatre	Illinois Chicago|666	60605
snapshot_11_16_2015_0_0.json	1447650000.0	74.75	349	240
snapshot_11_16_2015_0_0.json	1447650000.0	74.75	349	240
snapshot_11_17_2015_0_0.json	1447736400.0	74.75	349	236
snapshot_11_17_2015_12_0.json	1447779600.0	74.75	349	236
snapshot_11_17_2015_12_0.json	1447779600.0	74.75	349	236
snapshot_11_17_2015_6_0.json	1447758000.0	74.75	349	236
snapshot_11_18_2015_0_0.json	1447822800.0	83.35	349	181
snapshot_11_18_2015_12_0.json	1447866000.0	83.35	349	181
snapshot_11_18_2015_12_0.json	1447866000.0	83.35	349	181
snapshot_11_18_2015_6_0.json	1447844400.0	83.35	349	181
snapshot_11_19_2015_6_0.json	1447930800.0	83.35	349	197
snapshot_11_20_2015_0_0.json	1447995600.0	75.16	616	225
snapshot_11_21_2015_12_0.json	1448125200.0	75.16	620	216
snapshot_11_21_2015_18_0.json	1448146800.0	75.16	349	216
snapshot_11_22_2015_0_0.json	1448168400.0	75.16	612	218
snapshot_11_22_2015_12_0.json	1448211600.0	75.16	620	214
snapshot_11_22_2015_6_0.json	1448190000.0	75.16	612	214
snapshot_11_23_2015_0_0.json	1448254800.0	75.16	620	210
snapshot_11_23_2015_0_0.json	1448254800.0	75.16	620	210
snapshot_11_23_2015_12_0.json	1448298000.0	75.16	620	212
snapshot_11_23_2015_6_0.json	1448276400.0	75.16	520	218
snapshot_11_23_2015_6_0.json	1448276400.0	75.16	520	218
snapshot_11_24_2015_0_0.json	1448341200.0	75.16	512	224
snapshot_11_24_2015_12_0.json	1448384400.0	75.16	349	218
snapshot_11_24_2015_12_0.json	1448384400.0	75.16	349	218
snapshot_11_24_2015_18_0.json	1448406000.0	75.16	349	223
snapshot_11_24_2015_6_0.json	1448362800.0	75.16	612	220
snapshot_11_25_2015_0_0.json	1448427600.0	75.16	349	222
snapshot_11_25_2015_12_0.json	1448470800.0	75.16	349	292
snapshot_11_25_2015_18_0.json	1448492400.0	75.16	349	292
snapshot_11_25_2015_6_0.json	1448449200.0	75.16	520	238
snapshot_11_26_2015_0_0.json	1448514000.0	75.16	349	292
snapshot_11_27_2015_18_0.json	1448665200.0	78	349	270
snapshot_11_27_2015_18_0.json	1448665200.0	78	349	270
snapshot_11_28_2015_0_0.json	1448686800.0	78	616	272
snapshot_11_28_2015_12_0.json	1448730000.0	78	349	265
snapshot_11_28_2015_18_0.json	1448751600.0	78	349	265
snapshot_11_29_2015_0_0.json	1448773200.0	78	349	265
snapshot_11_29_2015_12_0.json	1448816400.0	78	349	263
snapshot_11_29_2015_18_0.json	1448838000.0	78	349	263
snapshot_11_29_2015_6_0.json	1448794800.0	78	616	265
snapshot_11_30_2015_0_0.json	1448859600.0	78	349	261
snapshot_11_30_2015_0_0.json	1448859600.0	78	349	261
snapshot_11_30_2015_12_0.json	1448902800.0	78	349	262
snapshot_11_30_2015_18_0.json	1448924400.0	78	512	249
snapshot_12_1_2015_0_0.json	1448946000.0	78	776	241
snapshot_12_1_2015_12_0.json	1448989200.0	78	349	233
snapshot_12_1_2015_18_0.json	1449010800.0	78	776	233
snapshot_12_1_2015_6_0.json	1448967600.0	78	349	233
snapshot_12_2_2015_12_0.json	1449075600.0	86.4	516	172
snapshot_12_2_2015_18_0.json	1449097200.0	90.25	516	178
snapshot_12_3_2015_0_0.json	1449118800.0	90.25	516	113
snapshot_12_3_2015_12_0.json	1449162000.0	93	392	96
snapshot_12_3_2015_18_0.json	1449183600.0	93	392	96
snapshot_12_3_2015_6_0.json	1449140400.0	91.2	516	102
snapshot_12_4_2015_0_0.json	1449205200.0	93	392	94
snapshot_12_4_2015_12_0.json	1449248400.0	93	275	94
snapshot_12_4_2015_18_0.json	1449270000.0	93	275	94
snapshot_12_4_2015_6_0.json	1449226800.0	93	275	90
snapshot_12_5_2015_0_0.json	1449291600.0	93	392	92
snapshot_12_5_2015_18_0.json	1449356400.0	93	275	86
snapshot_12_5_2015_6_0.json	1449313200.0	93	275	88
9254431	2015-12-12T20:00:00Z	The Nutcracker	Auditorium Theatre	Illinois Chicago|666	60605
snapshot_11_16_2015_0_0.json	1447650000.0	74.75	349	240
snapshot_11_16_2015_0_0.json	1447650000.0	74.75	349	240
snapshot_11_17_2015_0_0.json	1447736400.0	74.75	349	236
snapshot_11_17_2015_12_0.json	1447779600.0	74.75	349	236
snapshot_11_17_2015_12_0.json	1447779600.0	74.75	349	236
snapshot_11_17_2015_6_0.json	1447758000.0	74.75	349	236
snapshot_11_18_2015_0_0.json	1447822800.0	83.35	349	181
snapshot_11_18_2015_12_0.json	1447866000.0	83.35	349	181
snapshot_11_18_2015_12_0.json	1447866000.0	83.35	349	181
snapshot_11_18_2015_6_0.json	1447844400.0	83.35	349	181
snapshot_11_19_2015_6_0.json	1447930800.0	83.35	349	197
snapshot_11_20_2015_0_0.json	1447995600.0	75.16	616	225
snapshot_11_21_2015_12_0.json	1448125200.0	75.16	620	216
snapshot_11_21_2015_18_0.json	1448146800.0	75.16	349	216
snapshot_11_22_2015_0_0.json	1448168400.0	75.16	612	218
snapshot_11_22_2015_12_0.json	1448211600.0	75.16	620	214
snapshot_11_22_2015_6_0.json	1448190000.0	75.16	612	214
snapshot_11_23_2015_0_0.json	1448254800.0	75.16	620	210
snapshot_11_23_2015_0_0.json	1448254800.0	75.16	620	210
snapshot_11_23_2015_12_0.json	1448298000.0	75.16	620	212
snapshot_11_23_2015_6_0.json	1448276400.0	75.16	520	218
snapshot_11_23_2015_6_0.json	1448276400.0	75.16	520	218
snapshot_11_24_2015_0_0.json	1448341200.0	75.16	512	224
snapshot_11_24_2015_12_0.json	1448384400.0	75.16	349	218
snapshot_11_24_2015_12_0.json	1448384400.0	75.16	349	218
snapshot_11_24_2015_18_0.json	1448406000.0	75.16	349	223
snapshot_11_24_2015_6_0.json	1448362800.0	75.16	612	220
snapshot_11_25_2015_0_0.json	1448427600.0	75.16	349	222
snapshot_11_25_2015_12_0.json	1448470800.0	75.16	349	292
snapshot_11_25_2015_18_0.json	1448492400.0	75.16	349	292
snapshot_11_25_2015_6_0.json	1448449200.0	75.16	520	238
snapshot_11_26_2015_0_0.json	1448514000.0	75.16	349	292
snapshot_11_27_2015_18_0.json	1448665200.0	78	349	270
snapshot_11_27_2015_18_0.json	1448665200.0	78	349	270
snapshot_11_28_2015_0_0.json	1448686800.0	78	616	272
snapshot_11_28_2015_12_0.json	1448730000.0	78	349	265
snapshot_11_28_2015_18_0.json	1448751600.0	78	349	265
snapshot_11_29_2015_0_0.json	1448773200.0	78	349	265
snapshot_11_29_2015_12_0.json	1448816400.0	78	349	263
snapshot_11_29_2015_18_0.json	1448838000.0	78	349	263
snapshot_11_29_2015_6_0.json	1448794800.0	78	616	265
snapshot_11_30_2015_0_0.json	1448859600.0	78	349	261
snapshot_11_30_2015_0_0.json	1448859600.0	78	349	261
snapshot_11_30_2015_12_0.json	1448902800.0	78	349	262
snapshot_11_30_2015_18_0.json	1448924400.0	78	512	249
snapshot_12_1_2015_0_0.json	1448946000.0	78	776	241
snapshot_12_1_2015_12_0.json	1448989200.0	78	349	233
snapshot_12_1_2015_18_0.json	1449010800.0	78	776	233
snapshot_12_1_2015_6_0.json	1448967600.0	78	349	233
snapshot_12_2_2015_12_0.json	1449075600.0	86.4	516	172
snapshot_12_2_2015_18_0.json	1449097200.0	90.25	516	178
snapshot_12_3_2015_0_0.json	1449118800.0	90.25	516	113
snapshot_12_3_2015_12_0.json	1449162000.0	93	392	96
snapshot_12_3_2015_18_0.json	1449183600.0	93	392	96
snapshot_12_3_2015_6_0.json	1449140400.0	91.2	516	102
snapshot_12_4_2015_0_0.json	1449205200.0	93	392	94
snapshot_12_4_2015_12_0.json	1449248400.0	93	275	94
snapshot_12_4_2015_18_0.json	1449270000.0	93	275	94
snapshot_12_4_2015_6_0.json	1449226800.0	93	275	90
snapshot_12_5_2015_0_0.json	1449291600.0	93	392	92
snapshot_12_5_2015_18_0.json	1449356400.0	93	275	86
snapshot_12_5_2015_6_0.json	1449313200.0	93	275	88
9254431	2015-12-12T20:00:00Z	The Nutcracker	Auditorium Theatre	Illinois Chicago|666	60605
snapshot_11_16_2015_0_0.json	1447650000.0	74.75	349	240
snapshot_11_16_2015_0_0.json	1447650000.0	74.75	349	240
snapshot_11_17_2015_0_0.json	1447736400.0	74.75	349	236
snapshot_11_17_2015_12_0.json	1447779600.0	74.75	349	236
snapshot_11_17_2015_12_0.json	1447779600.0	74.75	349	236
snapshot_11_17_2015_6_0.json	1447758000.0	74.75	349	236
snapshot_11_18_2015_0_0.json	1447822800.0	83.35	349	181
snapshot_11_18_2015_12_0.json	1447866000.0	83.35	349	181
snapshot_11_18_2015_12_0.json	1447866000.0	83.35	349	181
snapshot_11_18_2015_6_0.json	1447844400.0	83.35	349	181
snapshot_11_19_2015_6_0.json	1447930800.0	83.35	349	197
snapshot_11_20_2015_0_0.json	1447995600.0	75.16	616	225
snapshot_11_21_2015_12_0.json	1448125200.0	75.16	620	216
snapshot_11_21_2015_18_0.json	1448146800.0	75.16	349	216
snapshot_11_22_2015_0_0.json	1448168400.0	75.16	612	218
snapshot_11_22_2015_12_0.json	1448211600.0	75.16	620	214
snapshot_11_22_2015_6_0.json	1448190000.0	75.16	612	214
snapshot_11_23_2015_0_0.json	1448254800.0	75.16	620	210
snapshot_11_23_2015_0_0.json	1448254800.0	75.16	620	210
snapshot_11_23_2015_12_0.json	1448298000.0	75.16	620	212
snapshot_11_23_2015_6_0.json	1448276400.0	75.16	520	218
snapshot_11_23_2015_6_0.json	1448276400.0	75.16	520	218
snapshot_11_24_2015_0_0.json	1448341200.0	75.16	512	224
snapshot_11_24_2015_12_0.json	1448384400.0	75.16	349	218
snapshot_11_24_2015_12_0.json	1448384400.0	75.16	349	218
snapshot_11_24_2015_18_0.json	1448406000.0	75.16	349	223
snapshot_11_24_2015_6_0.json	1448362800.0	75.16	612	220
snapshot_11_25_2015_0_0.json	1448427600.0	75.16	349	222
snapshot_11_25_2015_12_0.json	1448470800.0	75.16	349	292
snapshot_11_25_2015_18_0.json	1448492400.0	75.16	349	292
snapshot_11_25_2015_6_0.json	1448449200.0	75.16	520	238
snapshot_11_26_2015_0_0.json	1448514000.0	75.16	349	292
snapshot_11_27_2015_18_0.json	1448665200.0	78	349	270
snapshot_11_27_2015_18_0.json	1448665200.0	78	349	270
snapshot_11_28_2015_0_0.json	1448686800.0	78	616	272
snapshot_11_28_2015_12_0.json	1448730000.0	78	349	265
snapshot_11_28_2015_18_0.json	1448751600.0	78	349	265
snapshot_11_29_2015_0_0.json	1448773200.0	78	349	265
snapshot_11_29_2015_12_0.json	1448816400.0	78	349	263
snapshot_11_29_2015_18_0.json	1448838000.0	78	349	263
snapshot_11_29_2015_6_0.json	1448794800.0	78	616	265
snapshot_11_30_2015_0_0.json	1448859600.0	78	349	261
snapshot_11_30_2015_0_0.json	1448859600.0	78	349	261
snapshot_11_30_2015_12_0.json	1448902800.0	78	349	262
snapshot_11_30_2015_18_0.json	1448924400.0	78	512	249
snapshot_12_1_2015_0_0.json	1448946000.0	78	776	241
snapshot_12_1_2015_12_0.json	1448989200.0	78	349	233
snapshot_12_1_2015_18_0.json	1449010800.0	78	776	233
snapshot_12_1_2015_6_0.json	1448967600.0	78	349	233
snapshot_12_2_2015_12_0.json	1449075600.0	86.4	516	172
snapshot_12_2_2015_18_0.json	1449097200.0	90.25	516	178
snapshot_12_3_2015_0_0.json	1449118800.0	90.25	516	113
snapshot_12_3_2015_12_0.json	1449162000.0	93	392	96
snapshot_12_3_2015_18_0.json	1449183600.0	93	392	96
snapshot_12_3_2015_6_0.json	1449140400.0	91.2	516	102
snapshot_12_4_2015_0_0.json	1449205200.0	93	392	94
snapshot_12_4_2015_12_0.json	1449248400.0	93	275	94
snapshot_12_4_2015_18_0.json	1449270000.0	93	275	94
snapshot_12_4_2015_6_0.json	1449226800.0	93	275	90
snapshot_12_5_2015_0_0.json	1449291600.0	93	392	92
snapshot_12_5_2015_18_0.json	1449356400.0	93	275	86
snapshot_12_5_2015_6_0.json	1449313200.0	93	275	88
