9254427	2015-12-06T01:00:00Z	The Nutcracker	Auditorium Theatre	Illinois Chicago|666	60605
snapshot_11_16_2015_0_0.json	1447650000.0	71.3	275	174
snapshot_11_17_2015_0_0.json	1447736400.0	71.3	275	170
snapshot_11_17_2015_12_0.json	1447779600.0	71.3	275	164
snapshot_11_17_2015_18_0.json	1447801200.0	71.3	275	164
snapshot_11_17_2015_6_0.json	1447758000.0	71.3	275	164
snapshot_11_18_2015_0_0.json	1447822800.0	71.3	275	164
snapshot_11_18_2015_12_0.json	1447866000.0	71.3	275	153
snapshot_11_18_2015_18_0.json	1447887600.0	71.3	275	155
snapshot_11_18_2015_18_0.json	1447887600.0	71.3	275	155
snapshot_11_18_2015_6_0.json	1447844400.0	71.3	275	164
snapshot_11_19_2015_0_0.json	1447909200.0	71.3	275	145
snapshot_11_19_2015_12_0.json	1447952400.0	71.3	275	145
snapshot_11_19_2015_6_0.json	1447930800.0	71.3	275	145
snapshot_11_19_2015_6_0.json	1447930800.0	71.3	275	145
snapshot_11_20_2015_0_0.json	1447995600.0	84	275	151
snapshot_11_20_2015_0_0.json	1447995600.0	84	275	151
snapshot_11_20_2015_12_0.json	1448038800.0	84	275	151
snapshot_11_21_2015_12_0.json	1448125200.0	84	275	151
snapshot_11_21_2015_18_0.json	1448146800.0	81	275	151
snapshot_11_22_2015_0_0.json	1448168400.0	81	275	151
snapshot_11_22_2015_18_0.json	1448233200.0	81	275	151
snapshot_11_22_2015_18_0.json	1448233200.0	81	275	151
snapshot_11_23_2015_0_0.json	1448254800.0	81	275	151
snapshot_11_23_2015_12_0.json	1448298000.0	81	275	151
snapshot_11_23_2015_12_0.json	1448298000.0	81	275	151
snapshot_11_23_2015_18_0.json	1448319600.0	81	275	147
snapshot_11_23_2015_18_0.json	1448319600.0	81	275	147
snapshot_11_23_2015_6_0.json	1448276400.0	81	275	151
snapshot_11_23_2015_6_0.json	1448276400.0	81	275	151
snapshot_11_24_2015_0_0.json	1448341200.0	81	275	143
snapshot_11_24_2015_18_0.json	1448406000.0	81	275	143
snapshot_11_25_2015_0_0.json	1448427600.0	81	275	139
snapshot_11_25_2015_12_0.json	1448470800.0	81	275	135
snapshot_11_25_2015_12_0.json	1448470800.0	81	275	135
snapshot_11_25_2015_18_0.json	1448492400.0	81	275	135
snapshot_11_25_2015_6_0.json	1448449200.0	81	275	135
snapshot_11_27_2015_18_0.json	1448665200.0	81	275	148
snapshot_11_28_2015_0_0.json	1448686800.0	81	275	144
snapshot_11_28_2015_12_0.json	1448730000.0	81	275	142
snapshot_11_28_2015_18_0.json	1448751600.0	81	512	142
snapshot_11_28_2015_18_0.json	1448751600.0	81	512	142
snapshot_11_28_2015_6_0.json	1448708400.0	81	275	142
snapshot_11_28_2015_6_0.json	1448708400.0	81	275	142
snapshot_11_29_2015_0_0.json	1448773200.0	81	616	146
snapshot_11_29_2015_0_0.json	1448773200.0	81	616	146
snapshot_11_29_2015_12_0.json	1448816400.0	81	275	142
snapshot_11_29_2015_18_0.json	1448838000.0	81	275	142
snapshot_11_29_2015_6_0.json	1448794800.0	81	776	148
snapshot_11_30_2015_0_0.json	1448859600.0	81	516	136
snapshot_11_30_2015_12_0.json	1448902800.0	81	275	135
snapshot_11_30_2015_18_0.json	1448924400.0	81	620	135
snapshot_11_30_2015_6_0.json	1448881200.0	81	520	142
snapshot_12_1_2015_0_0.json	1448946000.0	81	275	141
snapshot_12_1_2015_12_0.json	1448989200.0	81	275	139
snapshot_12_1_2015_18_0.json	1449010800.0	72	620	149
snapshot_12_1_2015_6_0.json	1448967600.0	81	275	139
snapshot_12_2_2015_0_0.json	1449032400.0	72	612	125
snapshot_12_2_2015_12_0.json	1449075600.0	74	612	128
snapshot_12_2_2015_18_0.json	1449097200.0	74	612	124
snapshot_12_2_2015_6_0.json	1449054000.0	74	612	124
snapshot_12_3_2015_12_0.json	1449162000.0	74	155	25
snapshot_12_3_2015_18_0.json	1449183600.0	74	620	32
snapshot_12_3_2015_6_0.json	1449140400.0	74	620	37
snapshot_12_4_2015_0_0.json	1449205200.0	74	612	29
snapshot_12_4_2015_12_0.json	1449248400.0	89	73.93	2
snapshot_12_4_2015_18_0.json	1449270000.0	74	73.93	3
snapshot_12_4_2015_6_0.json	1449226800.0	89	73.93	2
snapshot_12_5_2015_0_0.json	1449291600.0	74	61.11	1
snapshot_12_5_2015_12_0.json	1449334800.0	70	57.69	1
snapshot_12_5_2015_18_0.json	1449356400.0	60	49.15	1
snapshot_12_5_2015_6_0.json	1449313200.0	70	57.69	1
9254427	2015-12-06T01:00:00Z	The Nutcracker	Auditorium Theatre	Illinois Chicago|666	60605
snapshot_11_16_2015_0_0.json	1447650000.0	71.3	275	174
snapshot_11_17_2015_0_0.json	1447736400.0	71.3	275	170
snapshot_11_17_2015_12_0.json	1447779600.0	71.3	275	164
snapshot_11_17_2015_18_0.json	1447801200.0	71.3	275	164
snapshot_11_17_2015_6_0.json	1447758000.0	71.3	275	164
snapshot_11_18_2015_0_0.json	1447822800.0	71.3	275	164
snapshot_11_18_2015_12_0.json	1447866000.0	71.3	275	153
snapshot_11_18_2015_18_0.json	1447887600.0	71.3	275	155
snapshot_11_18_2015_18_0.json	1447887600.0	71.3	275	155
snapshot_11_18_2015_6_0.json	1447844400.0	71.3	275	164
snapshot_11_19_2015_0_0.json	1447909200.0	71.3	275	145
snapshot_11_19_2015_12_0.json	1447952400.0	71.3	275	145
snapshot_11_19_2015_6_0.json	1447930800.0	71.3	275	145
snapshot_11_19_2015_6_0.json	1447930800.0	71.3	275	145
snapshot_11_20_2015_0_0.json	1447995600.0	84	275	151
snapshot_11_20_2015_0_0.json	1447995600.0	84	275	151
snapshot_11_20_2015_12_0.json	1448038800.0	84	275	151
snapshot_11_21_2015_12_0.json	1448125200.0	84	275	151
snapshot_11_21_2015_18_0.json	1448146800.0	81	275	151
snapshot_11_22_2015_0_0.json	1448168400.0	81	275	151
snapshot_11_22_2015_18_0.json	1448233200.0	81	275	151
snapshot_11_22_2015_18_0.json	1448233200.0	81	275	151
snapshot_11_23_2015_0_0.json	1448254800.0	81	275	151
snapshot_11_23_2015_12_0.json	1448298000.0	81	275	151
snapshot_11_23_2015_12_0.json	1448298000.0	81	275	151
snapshot_11_23_2015_18_0.json	1448319600.0	81	275	147
snapshot_11_23_2015_18_0.json	1448319600.0	81	275	147
snapshot_11_23_2015_6_0.json	1448276400.0	81	275	151
snapshot_11_23_2015_6_0.json	1448276400.0	81	275	151
snapshot_11_24_2015_0_0.json	1448341200.0	81	275	143
snapshot_11_24_2015_18_0.json	1448406000.0	81	275	143
snapshot_11_25_2015_0_0.json	1448427600.0	81	275	139
snapshot_11_25_2015_12_0.json	1448470800.0	81	275	135
snapshot_11_25_2015_12_0.json	1448470800.0	81	275	135
snapshot_11_25_2015_18_0.json	1448492400.0	81	275	135
snapshot_11_25_2015_6_0.json	1448449200.0	81	275	135
snapshot_11_27_2015_18_0.json	1448665200.0	81	275	148
snapshot_11_28_2015_0_0.json	1448686800.0	81	275	144
snapshot_11_28_2015_12_0.json	1448730000.0	81	275	142
snapshot_11_28_2015_18_0.json	1448751600.0	81	512	142
snapshot_11_28_2015_18_0.json	1448751600.0	81	512	142
snapshot_11_28_2015_6_0.json	1448708400.0	81	275	142
snapshot_11_28_2015_6_0.json	1448708400.0	81	275	142
snapshot_11_29_2015_0_0.json	1448773200.0	81	616	146
snapshot_11_29_2015_0_0.json	1448773200.0	81	616	146
snapshot_11_29_2015_12_0.json	1448816400.0	81	275	142
snapshot_11_29_2015_18_0.json	1448838000.0	81	275	142
snapshot_11_29_2015_6_0.json	1448794800.0	81	776	148
snapshot_11_30_2015_0_0.json	1448859600.0	81	516	136
snapshot_11_30_2015_12_0.json	1448902800.0	81	275	135
snapshot_11_30_2015_18_0.json	1448924400.0	81	620	135
snapshot_11_30_2015_6_0.json	1448881200.0	81	520	142
snapshot_12_1_2015_0_0.json	1448946000.0	81	275	141
snapshot_12_1_2015_12_0.json	1448989200.0	81	275	139
snapshot_12_1_2015_18_0.json	1449010800.0	72	620	149
snapshot_12_1_2015_6_0.json	1448967600.0	81	275	139
snapshot_12_2_2015_0_0.json	1449032400.0	72	612	125
snapshot_12_2_2015_12_0.json	1449075600.0	74	612	128
snapshot_12_2_2015_18_0.json	1449097200.0	74	612	124
snapshot_12_2_2015_6_0.json	1449054000.0	74	612	124
snapshot_12_3_2015_12_0.json	1449162000.0	74	155	25
snapshot_12_3_2015_18_0.json	1449183600.0	74	620	32
snapshot_12_3_2015_6_0.json	1449140400.0	74	620	37
snapshot_12_4_2015_0_0.json	1449205200.0	74	612	29
snapshot_12_4_2015_12_0.json	1449248400.0	89	73.93	2
snapshot_12_4_2015_18_0.json	1449270000.0	74	73.93	3
snapshot_12_4_2015_6_0.json	1449226800.0	89	73.93	2
snapshot_12_5_2015_0_0.json	1449291600.0	74	61.11	1
snapshot_12_5_2015_12_0.json	1449334800.0	70	57.69	1
snapshot_12_5_2015_18_0.json	1449356400.0	60	49.15	1
snapshot_12_5_2015_6_0.json	1449313200.0	70	57.69	1
9254427	2015-12-06T01:00:00Z	The Nutcracker	Auditorium Theatre	Illinois Chicago|666	60605
snapshot_11_16_2015_0_0.json	1447650000.0	71.3	275	174
snapshot_11_17_2015_0_0.json	1447736400.0	71.3	275	170
snapshot_11_17_2015_12_0.json	1447779600.0	71.3	275	164
snapshot_11_17_2015_18_0.json	1447801200.0	71.3	275	164
snapshot_11_17_2015_6_0.json	1447758000.0	71.3	275	164
snapshot_11_18_2015_0_0.json	1447822800.0	71.3	275	164
snapshot_11_18_2015_12_0.json	1447866000.0	71.3	275	153
snapshot_11_18_2015_18_0.json	1447887600.0	71.3	275	155
snapshot_11_18_2015_18_0.json	1447887600.0	71.3	275	155
snapshot_11_18_2015_6_0.json	1447844400.0	71.3	275	164
snapshot_11_19_2015_0_0.json	1447909200.0	71.3	275	145
snapshot_11_19_2015_12_0.json	1447952400.0	71.3	275	145
snapshot_11_19_2015_6_0.json	1447930800.0	71.3	275	145
snapshot_11_19_2015_6_0.json	1447930800.0	71.3	275	145
snapshot_11_20_2015_0_0.json	1447995600.0	84	275	151
snapshot_11_20_2015_0_0.json	1447995600.0	84	275	151
snapshot_11_20_2015_12_0.json	1448038800.0	84	275	151
snapshot_11_21_2015_12_0.json	1448125200.0	84	275	151
snapshot_11_21_2015_18_0.json	1448146800.0	81	275	151
snapshot_11_22_2015_0_0.json	1448168400.0	81	275	151
snapshot_11_22_2015_18_0.json	1448233200.0	81	275	151
snapshot_11_22_2015_18_0.json	1448233200.0	81	275	151
snapshot_11_23_2015_0_0.json	1448254800.0	81	275	151
snapshot_11_23_2015_12_0.json	1448298000.0	81	275	151
snapshot_11_23_2015_12_0.json	1448298000.0	81	275	151
snapshot_11_23_2015_18_0.json	1448319600.0	81	275	147
snapshot_11_23_2015_18_0.json	1448319600.0	81	275	147
snapshot_11_23_2015_6_0.json	1448276400.0	81	275	151
snapshot_11_23_2015_6_0.json	1448276400.0	81	275	151
snapshot_11_24_2015_0_0.json	1448341200.0	81	275	143
snapshot_11_24_2015_18_0.json	1448406000.0	81	275	143
snapshot_11_25_2015_0_0.json	1448427600.0	81	275	139
snapshot_11_25_2015_12_0.json	1448470800.0	81	275	135
snapshot_11_25_2015_12_0.json	1448470800.0	81	275	135
snapshot_11_25_2015_18_0.json	1448492400.0	81	275	135
snapshot_11_25_2015_6_0.json	1448449200.0	81	275	135
snapshot_11_27_2015_18_0.json	1448665200.0	81	275	148
snapshot_11_28_2015_0_0.json	1448686800.0	81	275	144
snapshot_11_28_2015_12_0.json	1448730000.0	81	275	142
snapshot_11_28_2015_18_0.json	1448751600.0	81	512	142
snapshot_11_28_2015_18_0.json	1448751600.0	81	512	142
snapshot_11_28_2015_6_0.json	1448708400.0	81	275	142
snapshot_11_28_2015_6_0.json	1448708400.0	81	275	142
snapshot_11_29_2015_0_0.json	1448773200.0	81	616	146
snapshot_11_29_2015_0_0.json	1448773200.0	81	616	146
snapshot_11_29_2015_12_0.json	1448816400.0	81	275	142
snapshot_11_29_2015_18_0.json	1448838000.0	81	275	142
snapshot_11_29_2015_6_0.json	1448794800.0	81	776	148
snapshot_11_30_2015_0_0.json	1448859600.0	81	516	136
snapshot_11_30_2015_12_0.json	1448902800.0	81	275	135
snapshot_11_30_2015_18_0.json	1448924400.0	81	620	135
snapshot_11_30_2015_6_0.json	1448881200.0	81	520	142
snapshot_12_1_2015_0_0.json	1448946000.0	81	275	141
snapshot_12_1_2015_12_0.json	1448989200.0	81	275	139
snapshot_12_1_2015_18_0.json	1449010800.0	72	620	149
snapshot_12_1_2015_6_0.json	1448967600.0	81	275	139
snapshot_12_2_2015_0_0.json	1449032400.0	72	612	125
snapshot_12_2_2015_12_0.json	1449075600.0	74	612	128
snapshot_12_2_2015_18_0.json	1449097200.0	74	612	124
snapshot_12_2_2015_6_0.json	1449054000.0	74	612	124
snapshot_12_3_2015_12_0.json	1449162000.0	74	155	25
snapshot_12_3_2015_18_0.json	1449183600.0	74	620	32
snapshot_12_3_2015_6_0.json	1449140400.0	74	620	37
snapshot_12_4_2015_0_0.json	1449205200.0	74	612	29
snapshot_12_4_2015_12_0.json	1449248400.0	89	73.93	2
snapshot_12_4_2015_18_0.json	1449270000.0	74	73.93	3
snapshot_12_4_2015_6_0.json	1449226800.0	89	73.93	2
snapshot_12_5_2015_0_0.json	1449291600.0	74	61.11	1
snapshot_12_5_2015_12_0.json	1449334800.0	70	57.69	1
snapshot_12_5_2015_18_0.json	1449356400.0	60	49.15	1
snapshot_12_5_2015_6_0.json	1449313200.0	70	57.69	1
9254427	2015-12-06T01:00:00Z	The Nutcracker	Auditorium Theatre	Illinois Chicago|666	60605
snapshot_11_16_2015_0_0.json	1447650000.0	71.3	275	174
snapshot_11_17_2015_0_0.json	1447736400.0	71.3	275	170
snapshot_11_17_2015_12_0.json	1447779600.0	71.3	275	164
snapshot_11_17_2015_18_0.json	1447801200.0	71.3	275	164
snapshot_11_17_2015_6_0.json	1447758000.0	71.3	275	164
snapshot_11_18_2015_0_0.json	1447822800.0	71.3	275	164
snapshot_11_18_2015_12_0.json	1447866000.0	71.3	275	153
snapshot_11_18_2015_18_0.json	1447887600.0	71.3	275	155
snapshot_11_18_2015_18_0.json	1447887600.0	71.3	275	155
snapshot_11_18_2015_6_0.json	1447844400.0	71.3	275	164
snapshot_11_19_2015_0_0.json	1447909200.0	71.3	275	145
snapshot_11_19_2015_12_0.json	1447952400.0	71.3	275	145
snapshot_11_19_2015_6_0.json	1447930800.0	71.3	275	145
snapshot_11_19_2015_6_0.json	1447930800.0	71.3	275	145
snapshot_11_20_2015_0_0.json	1447995600.0	84	275	151
snapshot_11_20_2015_0_0.json	1447995600.0	84	275	151
snapshot_11_20_2015_12_0.json	1448038800.0	84	275	151
snapshot_11_21_2015_12_0.json	1448125200.0	84	275	151
snapshot_11_21_2015_18_0.json	1448146800.0	81	275	151
snapshot_11_22_2015_0_0.json	1448168400.0	81	275	151
snapshot_11_22_2015_18_0.json	1448233200.0	81	275	151
snapshot_11_22_2015_18_0.json	1448233200.0	81	275	151
snapshot_11_23_2015_0_0.json	1448254800.0	81	275	151
snapshot_11_23_2015_12_0.json	1448298000.0	81	275	151
snapshot_11_23_2015_12_0.json	1448298000.0	81	275	151
snapshot_11_23_2015_18_0.json	1448319600.0	81	275	147
snapshot_11_23_2015_18_0.json	1448319600.0	81	275	147
snapshot_11_23_2015_6_0.json	1448276400.0	81	275	151
snapshot_11_23_2015_6_0.json	1448276400.0	81	275	151
snapshot_11_24_2015_0_0.json	1448341200.0	81	275	143
snapshot_11_24_2015_18_0.json	1448406000.0	81	275	143
snapshot_11_25_2015_0_0.json	1448427600.0	81	275	139
snapshot_11_25_2015_12_0.json	1448470800.0	81	275	135
snapshot_11_25_2015_12_0.json	1448470800.0	81	275	135
snapshot_11_25_2015_18_0.json	1448492400.0	81	275	135
snapshot_11_25_2015_6_0.json	1448449200.0	81	275	135
snapshot_11_27_2015_18_0.json	1448665200.0	81	275	148
snapshot_11_28_2015_0_0.json	1448686800.0	81	275	144
snapshot_11_28_2015_12_0.json	1448730000.0	81	275	142
snapshot_11_28_2015_18_0.json	1448751600.0	81	512	142
snapshot_11_28_2015_18_0.json	1448751600.0	81	512	142
snapshot_11_28_2015_6_0.json	1448708400.0	81	275	142
snapshot_11_28_2015_6_0.json	1448708400.0	81	275	142
snapshot_11_29_2015_0_0.json	1448773200.0	81	616	146
snapshot_11_29_2015_0_0.json	1448773200.0	81	616	146
snapshot_11_29_2015_12_0.json	1448816400.0	81	275	142
snapshot_11_29_2015_18_0.json	1448838000.0	81	275	142
snapshot_11_29_2015_6_0.json	1448794800.0	81	776	148
snapshot_11_30_2015_0_0.json	1448859600.0	81	516	136
snapshot_11_30_2015_12_0.json	1448902800.0	81	275	135
snapshot_11_30_2015_18_0.json	1448924400.0	81	620	135
snapshot_11_30_2015_6_0.json	1448881200.0	81	520	142
snapshot_12_1_2015_0_0.json	1448946000.0	81	275	141
snapshot_12_1_2015_12_0.json	1448989200.0	81	275	139
snapshot_12_1_2015_18_0.json	1449010800.0	72	620	149
snapshot_12_1_2015_6_0.json	1448967600.0	81	275	139
snapshot_12_2_2015_0_0.json	1449032400.0	72	612	125
snapshot_12_2_2015_12_0.json	1449075600.0	74	612	128
snapshot_12_2_2015_18_0.json	1449097200.0	74	612	124
snapshot_12_2_2015_6_0.json	1449054000.0	74	612	124
snapshot_12_3_2015_12_0.json	1449162000.0	74	155	25
snapshot_12_3_2015_18_0.json	1449183600.0	74	620	32
snapshot_12_3_2015_6_0.json	1449140400.0	74	620	37
snapshot_12_4_2015_0_0.json	1449205200.0	74	612	29
snapshot_12_4_2015_12_0.json	1449248400.0	89	73.93	2
snapshot_12_4_2015_18_0.json	1449270000.0	74	73.93	3
snapshot_12_4_2015_6_0.json	1449226800.0	89	73.93	2
snapshot_12_5_2015_0_0.json	1449291600.0	74	61.11	1
snapshot_12_5_2015_12_0.json	1449334800.0	70	57.69	1
snapshot_12_5_2015_18_0.json	1449356400.0	60	49.15	1
snapshot_12_5_2015_6_0.json	1449313200.0	70	57.69	1
