9254856	2016-01-10T18:00:00Z	Beauty and the Beast	The Boston Opera House	Massachusetts Boston|674	02108
snapshot_11_16_2015_0_0.json	1447650000.0	73.59	350	218
snapshot_11_16_2015_0_0.json	1447650000.0	73.59	350	218
snapshot_11_17_2015_6_0.json	1447758000.0	73.59	350	216
snapshot_11_18_2015_0_0.json	1447822800.0	73.59	350	214
snapshot_11_18_2015_18_0.json	1447887600.0	73.59	350	202
snapshot_11_18_2015_6_0.json	1447844400.0	73.59	350	214
snapshot_11_19_2015_0_0.json	1447909200.0	73.59	350	202
snapshot_11_19_2015_12_0.json	1447952400.0	73.59	350	202
snapshot_11_19_2015_6_0.json	1447930800.0	73.59	350	202
snapshot_11_20_2015_0_0.json	1447995600.0	73.59	350	202
snapshot_11_20_2015_12_0.json	1448038800.0	73.59	350	202
snapshot_11_21_2015_12_0.json	1448125200.0	73.59	350	198
snapshot_11_21_2015_18_0.json	1448146800.0	73.59	350	196
snapshot_11_22_2015_18_0.json	1448233200.0	90.47	350	195
snapshot_11_22_2015_18_0.json	1448233200.0	90.47	350	195
snapshot_11_22_2015_6_0.json	1448190000.0	73.59	350	196
snapshot_11_22_2015_6_0.json	1448190000.0	73.59	350	196
snapshot_11_23_2015_12_0.json	1448298000.0	90.47	350	195
snapshot_11_23_2015_18_0.json	1448319600.0	90.47	350	195
snapshot_11_23_2015_18_0.json	1448319600.0	90.47	350	195
snapshot_11_23_2015_6_0.json	1448276400.0	90.47	350	195
snapshot_11_24_2015_0_0.json	1448341200.0	90.47	350	190
snapshot_11_24_2015_18_0.json	1448406000.0	84.4	350	188
snapshot_11_25_2015_0_0.json	1448427600.0	84.4	350	188
snapshot_11_25_2015_12_0.json	1448470800.0	84.4	350	188
snapshot_11_25_2015_18_0.json	1448492400.0	90.47	350	186
snapshot_11_25_2015_6_0.json	1448449200.0	84.4	350	188
snapshot_11_26_2015_0_0.json	1448514000.0	90.47	350	186
snapshot_11_26_2015_0_0.json	1448514000.0	90.47	350	186
snapshot_11_27_2015_18_0.json	1448665200.0	90.47	350	192
snapshot_11_28_2015_18_0.json	1448751600.0	90.47	350	188
snapshot_11_28_2015_6_0.json	1448708400.0	90.47	350	190
snapshot_11_29_2015_12_0.json	1448816400.0	90.47	350	186
snapshot_11_29_2015_18_0.json	1448838000.0	90.47	350	179
snapshot_11_29_2015_6_0.json	1448794800.0	90.47	350	186
snapshot_11_30_2015_12_0.json	1448902800.0	92.78	350	177
snapshot_11_30_2015_12_0.json	1448902800.0	92.78	350	177
snapshot_11_30_2015_18_0.json	1448924400.0	92.78	350	179
snapshot_11_30_2015_18_0.json	1448924400.0	92.78	350	179
snapshot_12_1_2015_0_0.json	1448946000.0	92.78	350	179
snapshot_12_1_2015_12_0.json	1448989200.0	92.78	350	177
snapshot_12_1_2015_6_0.json	1448967600.0	92.78	350	177
snapshot_12_1_2015_6_0.json	1448967600.0	92.78	350	177
snapshot_12_2_2015_12_0.json	1449075600.0	92.78	350	148
snapshot_12_2_2015_18_0.json	1449097200.0	92.78	350	143
snapshot_12_2_2015_6_0.json	1449054000.0	92.78	350	148
snapshot_12_2_2015_6_0.json	1449054000.0	92.78	350	148
snapshot_12_3_2015_0_0.json	1449118800.0	92.79	350	143
snapshot_12_3_2015_0_0.json	1449118800.0	92.79	350	143
snapshot_12_3_2015_12_0.json	1449162000.0	92.79	350	143
snapshot_12_3_2015_18_0.json	1449183600.0	92.79	350	141
snapshot_12_4_2015_0_0.json	1449205200.0	92.79	350	136
snapshot_12_4_2015_12_0.json	1449248400.0	102.06	350	131
snapshot_12_4_2015_18_0.json	1449270000.0	102.06	350	127
snapshot_12_4_2015_6_0.json	1449226800.0	102.06	350	131
snapshot_12_5_2015_18_0.json	1449356400.0	102.06	350	129
snapshot_12_5_2015_6_0.json	1449313200.0	85.1	350	137
9254856	2016-01-10T18:00:00Z	Beauty and the Beast	The Boston Opera House	Massachusetts Boston|674	02108
snapshot_11_16_2015_0_0.json	1447650000.0	73.59	350	218
snapshot_11_16_2015_0_0.json	1447650000.0	73.59	350	218
snapshot_11_17_2015_6_0.json	1447758000.0	73.59	350	216
snapshot_11_18_2015_0_0.json	1447822800.0	73.59	350	214
snapshot_11_18_2015_18_0.json	1447887600.0	73.59	350	202
snapshot_11_18_2015_6_0.json	1447844400.0	73.59	350	214
snapshot_11_19_2015_0_0.json	1447909200.0	73.59	350	202
snapshot_11_19_2015_12_0.json	1447952400.0	73.59	350	202
snapshot_11_19_2015_6_0.json	1447930800.0	73.59	350	202
snapshot_11_20_2015_0_0.json	1447995600.0	73.59	350	202
snapshot_11_20_2015_12_0.json	1448038800.0	73.59	350	202
snapshot_11_21_2015_12_0.json	1448125200.0	73.59	350	198
snapshot_11_21_2015_18_0.json	1448146800.0	73.59	350	196
snapshot_11_22_2015_18_0.json	1448233200.0	90.47	350	195
snapshot_11_22_2015_18_0.json	1448233200.0	90.47	350	195
snapshot_11_22_2015_6_0.json	1448190000.0	73.59	350	196
snapshot_11_22_2015_6_0.json	1448190000.0	73.59	350	196
snapshot_11_23_2015_12_0.json	1448298000.0	90.47	350	195
snapshot_11_23_2015_18_0.json	1448319600.0	90.47	350	195
snapshot_11_23_2015_18_0.json	1448319600.0	90.47	350	195
snapshot_11_23_2015_6_0.json	1448276400.0	90.47	350	195
snapshot_11_24_2015_0_0.json	1448341200.0	90.47	350	190
snapshot_11_24_2015_18_0.json	1448406000.0	84.4	350	188
snapshot_11_25_2015_0_0.json	1448427600.0	84.4	350	188
snapshot_11_25_2015_12_0.json	1448470800.0	84.4	350	188
snapshot_11_25_2015_18_0.json	1448492400.0	90.47	350	186
snapshot_11_25_2015_6_0.json	1448449200.0	84.4	350	188
snapshot_11_26_2015_0_0.json	1448514000.0	90.47	350	186
snapshot_11_26_2015_0_0.json	1448514000.0	90.47	350	186
snapshot_11_27_2015_18_0.json	1448665200.0	90.47	350	192
snapshot_11_28_2015_18_0.json	1448751600.0	90.47	350	188
snapshot_11_28_2015_6_0.json	1448708400.0	90.47	350	190
snapshot_11_29_2015_12_0.json	1448816400.0	90.47	350	186
snapshot_11_29_2015_18_0.json	1448838000.0	90.47	350	179
snapshot_11_29_2015_6_0.json	1448794800.0	90.47	350	186
snapshot_11_30_2015_12_0.json	1448902800.0	92.78	350	177
snapshot_11_30_2015_12_0.json	1448902800.0	92.78	350	177
snapshot_11_30_2015_18_0.json	1448924400.0	92.78	350	179
snapshot_11_30_2015_18_0.json	1448924400.0	92.78	350	179
snapshot_12_1_2015_0_0.json	1448946000.0	92.78	350	179
snapshot_12_1_2015_12_0.json	1448989200.0	92.78	350	177
snapshot_12_1_2015_6_0.json	1448967600.0	92.78	350	177
snapshot_12_1_2015_6_0.json	1448967600.0	92.78	350	177
snapshot_12_2_2015_12_0.json	1449075600.0	92.78	350	148
snapshot_12_2_2015_18_0.json	1449097200.0	92.78	350	143
snapshot_12_2_2015_6_0.json	1449054000.0	92.78	350	148
snapshot_12_2_2015_6_0.json	1449054000.0	92.78	350	148
snapshot_12_3_2015_0_0.json	1449118800.0	92.79	350	143
snapshot_12_3_2015_0_0.json	1449118800.0	92.79	350	143
snapshot_12_3_2015_12_0.json	1449162000.0	92.79	350	143
snapshot_12_3_2015_18_0.json	1449183600.0	92.79	350	141
snapshot_12_4_2015_0_0.json	1449205200.0	92.79	350	136
snapshot_12_4_2015_12_0.json	1449248400.0	102.06	350	131
snapshot_12_4_2015_18_0.json	1449270000.0	102.06	350	127
snapshot_12_4_2015_6_0.json	1449226800.0	102.06	350	131
snapshot_12_5_2015_18_0.json	1449356400.0	102.06	350	129
snapshot_12_5_2015_6_0.json	1449313200.0	85.1	350	137
9254856	2016-01-10T18:00:00Z	Beauty and the Beast	The Boston Opera House	Massachusetts Boston|674	02108
snapshot_11_16_2015_0_0.json	1447650000.0	73.59	350	218
snapshot_11_16_2015_0_0.json	1447650000.0	73.59	350	218
snapshot_11_17_2015_6_0.json	1447758000.0	73.59	350	216
snapshot_11_18_2015_0_0.json	1447822800.0	73.59	350	214
snapshot_11_18_2015_18_0.json	1447887600.0	73.59	350	202
snapshot_11_18_2015_6_0.json	1447844400.0	73.59	350	214
snapshot_11_19_2015_0_0.json	1447909200.0	73.59	350	202
snapshot_11_19_2015_12_0.json	1447952400.0	73.59	350	202
snapshot_11_19_2015_6_0.json	1447930800.0	73.59	350	202
snapshot_11_20_2015_0_0.json	1447995600.0	73.59	350	202
snapshot_11_20_2015_12_0.json	1448038800.0	73.59	350	202
snapshot_11_21_2015_12_0.json	1448125200.0	73.59	350	198
snapshot_11_21_2015_18_0.json	1448146800.0	73.59	350	196
snapshot_11_22_2015_18_0.json	1448233200.0	90.47	350	195
snapshot_11_22_2015_18_0.json	1448233200.0	90.47	350	195
snapshot_11_22_2015_6_0.json	1448190000.0	73.59	350	196
snapshot_11_22_2015_6_0.json	1448190000.0	73.59	350	196
snapshot_11_23_2015_12_0.json	1448298000.0	90.47	350	195
snapshot_11_23_2015_18_0.json	1448319600.0	90.47	350	195
snapshot_11_23_2015_18_0.json	1448319600.0	90.47	350	195
snapshot_11_23_2015_6_0.json	1448276400.0	90.47	350	195
snapshot_11_24_2015_0_0.json	1448341200.0	90.47	350	190
snapshot_11_24_2015_18_0.json	1448406000.0	84.4	350	188
snapshot_11_25_2015_0_0.json	1448427600.0	84.4	350	188
snapshot_11_25_2015_12_0.json	1448470800.0	84.4	350	188
snapshot_11_25_2015_18_0.json	1448492400.0	90.47	350	186
snapshot_11_25_2015_6_0.json	1448449200.0	84.4	350	188
snapshot_11_26_2015_0_0.json	1448514000.0	90.47	350	186
snapshot_11_26_2015_0_0.json	1448514000.0	90.47	350	186
snapshot_11_27_2015_18_0.json	1448665200.0	90.47	350	192
snapshot_11_28_2015_18_0.json	1448751600.0	90.47	350	188
snapshot_11_28_2015_6_0.json	1448708400.0	90.47	350	190
snapshot_11_29_2015_12_0.json	1448816400.0	90.47	350	186
snapshot_11_29_2015_18_0.json	1448838000.0	90.47	350	179
snapshot_11_29_2015_6_0.json	1448794800.0	90.47	350	186
snapshot_11_30_2015_12_0.json	1448902800.0	92.78	350	177
snapshot_11_30_2015_12_0.json	1448902800.0	92.78	350	177
snapshot_11_30_2015_18_0.json	1448924400.0	92.78	350	179
snapshot_11_30_2015_18_0.json	1448924400.0	92.78	350	179
snapshot_12_1_2015_0_0.json	1448946000.0	92.78	350	179
snapshot_12_1_2015_12_0.json	1448989200.0	92.78	350	177
snapshot_12_1_2015_6_0.json	1448967600.0	92.78	350	177
snapshot_12_1_2015_6_0.json	1448967600.0	92.78	350	177
snapshot_12_2_2015_12_0.json	1449075600.0	92.78	350	148
snapshot_12_2_2015_18_0.json	1449097200.0	92.78	350	143
snapshot_12_2_2015_6_0.json	1449054000.0	92.78	350	148
snapshot_12_2_2015_6_0.json	1449054000.0	92.78	350	148
snapshot_12_3_2015_0_0.json	1449118800.0	92.79	350	143
snapshot_12_3_2015_0_0.json	1449118800.0	92.79	350	143
snapshot_12_3_2015_12_0.json	1449162000.0	92.79	350	143
snapshot_12_3_2015_18_0.json	1449183600.0	92.79	350	141
snapshot_12_4_2015_0_0.json	1449205200.0	92.79	350	136
snapshot_12_4_2015_12_0.json	1449248400.0	102.06	350	131
snapshot_12_4_2015_18_0.json	1449270000.0	102.06	350	127
snapshot_12_4_2015_6_0.json	1449226800.0	102.06	350	131
snapshot_12_5_2015_18_0.json	1449356400.0	102.06	350	129
snapshot_12_5_2015_6_0.json	1449313200.0	85.1	350	137
9254856	2016-01-10T18:00:00Z	Beauty and the Beast	The Boston Opera House	Massachusetts Boston|674	02108
snapshot_11_16_2015_0_0.json	1447650000.0	73.59	350	218
snapshot_11_16_2015_0_0.json	1447650000.0	73.59	350	218
snapshot_11_17_2015_6_0.json	1447758000.0	73.59	350	216
snapshot_11_18_2015_0_0.json	1447822800.0	73.59	350	214
snapshot_11_18_2015_18_0.json	1447887600.0	73.59	350	202
snapshot_11_18_2015_6_0.json	1447844400.0	73.59	350	214
snapshot_11_19_2015_0_0.json	1447909200.0	73.59	350	202
snapshot_11_19_2015_12_0.json	1447952400.0	73.59	350	202
snapshot_11_19_2015_6_0.json	1447930800.0	73.59	350	202
snapshot_11_20_2015_0_0.json	1447995600.0	73.59	350	202
snapshot_11_20_2015_12_0.json	1448038800.0	73.59	350	202
snapshot_11_21_2015_12_0.json	1448125200.0	73.59	350	198
snapshot_11_21_2015_18_0.json	1448146800.0	73.59	350	196
snapshot_11_22_2015_18_0.json	1448233200.0	90.47	350	195
snapshot_11_22_2015_18_0.json	1448233200.0	90.47	350	195
snapshot_11_22_2015_6_0.json	1448190000.0	73.59	350	196
snapshot_11_22_2015_6_0.json	1448190000.0	73.59	350	196
snapshot_11_23_2015_12_0.json	1448298000.0	90.47	350	195
snapshot_11_23_2015_18_0.json	1448319600.0	90.47	350	195
snapshot_11_23_2015_18_0.json	1448319600.0	90.47	350	195
snapshot_11_23_2015_6_0.json	1448276400.0	90.47	350	195
snapshot_11_24_2015_0_0.json	1448341200.0	90.47	350	190
snapshot_11_24_2015_18_0.json	1448406000.0	84.4	350	188
snapshot_11_25_2015_0_0.json	1448427600.0	84.4	350	188
snapshot_11_25_2015_12_0.json	1448470800.0	84.4	350	188
snapshot_11_25_2015_18_0.json	1448492400.0	90.47	350	186
snapshot_11_25_2015_6_0.json	1448449200.0	84.4	350	188
snapshot_11_26_2015_0_0.json	1448514000.0	90.47	350	186
snapshot_11_26_2015_0_0.json	1448514000.0	90.47	350	186
snapshot_11_27_2015_18_0.json	1448665200.0	90.47	350	192
snapshot_11_28_2015_18_0.json	1448751600.0	90.47	350	188
snapshot_11_28_2015_6_0.json	1448708400.0	90.47	350	190
snapshot_11_29_2015_12_0.json	1448816400.0	90.47	350	186
snapshot_11_29_2015_18_0.json	1448838000.0	90.47	350	179
snapshot_11_29_2015_6_0.json	1448794800.0	90.47	350	186
snapshot_11_30_2015_12_0.json	1448902800.0	92.78	350	177
snapshot_11_30_2015_12_0.json	1448902800.0	92.78	350	177
snapshot_11_30_2015_18_0.json	1448924400.0	92.78	350	179
snapshot_11_30_2015_18_0.json	1448924400.0	92.78	350	179
snapshot_12_1_2015_0_0.json	1448946000.0	92.78	350	179
snapshot_12_1_2015_12_0.json	1448989200.0	92.78	350	177
snapshot_12_1_2015_6_0.json	1448967600.0	92.78	350	177
snapshot_12_1_2015_6_0.json	1448967600.0	92.78	350	177
snapshot_12_2_2015_12_0.json	1449075600.0	92.78	350	148
snapshot_12_2_2015_18_0.json	1449097200.0	92.78	350	143
snapshot_12_2_2015_6_0.json	1449054000.0	92.78	350	148
snapshot_12_2_2015_6_0.json	1449054000.0	92.78	350	148
snapshot_12_3_2015_0_0.json	1449118800.0	92.79	350	143
snapshot_12_3_2015_0_0.json	1449118800.0	92.79	350	143
snapshot_12_3_2015_12_0.json	1449162000.0	92.79	350	143
snapshot_12_3_2015_18_0.json	1449183600.0	92.79	350	141
snapshot_12_4_2015_0_0.json	1449205200.0	92.79	350	136
snapshot_12_4_2015_12_0.json	1449248400.0	102.06	350	131
snapshot_12_4_2015_18_0.json	1449270000.0	102.06	350	127
snapshot_12_4_2015_6_0.json	1449226800.0	102.06	350	131
snapshot_12_5_2015_18_0.json	1449356400.0	102.06	350	129
snapshot_12_5_2015_6_0.json	1449313200.0	85.1	350	137
