9254432	2015-12-18T01:00:00Z	The Nutcracker	Auditorium Theatre	Illinois Chicago|666	60605
snapshot_11_16_2015_0_0.json	1447650000.0	71.3	275	210
snapshot_11_17_2015_0_0.json	1447736400.0	71.3	275	210
snapshot_11_17_2015_12_0.json	1447779600.0	74.4	275	210
snapshot_11_17_2015_12_0.json	1447779600.0	74.4	275	210
snapshot_11_17_2015_18_0.json	1447801200.0	74.4	275	210
snapshot_11_17_2015_6_0.json	1447758000.0	71.3	275	210
snapshot_11_18_2015_12_0.json	1447866000.0	74.4	275	210
snapshot_11_18_2015_18_0.json	1447887600.0	74.4	275	210
snapshot_11_18_2015_6_0.json	1447844400.0	74.4	275	210
snapshot_11_19_2015_12_0.json	1447952400.0	74.4	275	206
snapshot_11_19_2015_6_0.json	1447930800.0	74.4	275	206
snapshot_11_19_2015_6_0.json	1447930800.0	74.4	275	206
snapshot_11_20_2015_0_0.json	1447995600.0	66.85	275	234
snapshot_11_20_2015_0_0.json	1447995600.0	66.85	275	234
snapshot_11_21_2015_12_0.json	1448125200.0	66.85	275	234
snapshot_11_21_2015_18_0.json	1448146800.0	66.85	275	234
snapshot_11_21_2015_18_0.json	1448146800.0	66.85	275	234
snapshot_11_22_2015_0_0.json	1448168400.0	66.85	275	234
snapshot_11_22_2015_12_0.json	1448211600.0	66.85	275	228
snapshot_11_22_2015_18_0.json	1448233200.0	66.85	275	228
snapshot_11_22_2015_18_0.json	1448233200.0	66.85	275	228
snapshot_11_22_2015_6_0.json	1448190000.0	66.85	275	228
snapshot_11_22_2015_6_0.json	1448190000.0	66.85	275	228
snapshot_11_23_2015_0_0.json	1448254800.0	66.85	275	228
snapshot_11_23_2015_12_0.json	1448298000.0	66.85	275	224
snapshot_11_23_2015_18_0.json	1448319600.0	66.85	275	224
snapshot_11_24_2015_0_0.json	1448341200.0	66.85	275	220
snapshot_11_24_2015_18_0.json	1448406000.0	66.85	275	220
snapshot_11_25_2015_0_0.json	1448427600.0	66.85	275	220
snapshot_11_25_2015_0_0.json	1448427600.0	66.85	275	220
snapshot_11_25_2015_12_0.json	1448470800.0	66.85	275	228
snapshot_11_25_2015_18_0.json	1448492400.0	66.85	275	228
snapshot_11_25_2015_6_0.json	1448449200.0	66.85	275	228
snapshot_11_26_2015_0_0.json	1448514000.0	66.85	275	228
snapshot_11_27_2015_18_0.json	1448665200.0	66.85	275	224
snapshot_11_28_2015_0_0.json	1448686800.0	66.85	275	224
snapshot_11_28_2015_12_0.json	1448730000.0	66.85	275	224
snapshot_11_28_2015_12_0.json	1448730000.0	66.85	275	224
snapshot_11_28_2015_18_0.json	1448751600.0	66.85	275	224
snapshot_11_28_2015_6_0.json	1448708400.0	66.85	275	224
snapshot_11_29_2015_0_0.json	1448773200.0	66.85	275	224
snapshot_11_29_2015_12_0.json	1448816400.0	66.85	275	224
snapshot_11_29_2015_6_0.json	1448794800.0	66.85	275	224
snapshot_11_30_2015_0_0.json	1448859600.0	66.85	275	226
snapshot_11_30_2015_0_0.json	1448859600.0	66.85	275	226
snapshot_11_30_2015_12_0.json	1448902800.0	66.85	275	223
snapshot_12_1_2015_0_0.json	1448946000.0	66.85	275	223
snapshot_12_1_2015_12_0.json	1448989200.0	66.85	275	223
snapshot_12_1_2015_18_0.json	1449010800.0	66.85	275	223
snapshot_12_1_2015_6_0.json	1448967600.0	66.85	275	223
snapshot_12_2_2015_12_0.json	1449075600.0	66.85	275	195
snapshot_12_2_2015_18_0.json	1449097200.0	66.85	275	195
snapshot_12_3_2015_0_0.json	1449118800.0	66.85	275	171
snapshot_12_3_2015_12_0.json	1449162000.0	66.85	275	171
snapshot_12_3_2015_12_0.json	1449162000.0	66.85	275	171
snapshot_12_3_2015_18_0.json	1449183600.0	66.85	275	171
snapshot_12_3_2015_6_0.json	1449140400.0	66.85	275	171
snapshot_12_4_2015_0_0.json	1449205200.0	66.85	275	169
snapshot_12_4_2015_12_0.json	1449248400.0	66.85	275	167
snapshot_12_4_2015_18_0.json	1449270000.0	66.85	275	167
snapshot_12_4_2015_6_0.json	1449226800.0	66.85	275	142
snapshot_12_5_2015_0_0.json	1449291600.0	66.85	275	167
snapshot_12_5_2015_12_0.json	1449334800.0	66.85	275	167
snapshot_12_5_2015_12_0.json	1449334800.0	66.85	275	167
snapshot_12_5_2015_18_0.json	1449356400.0	66.85	275	167
9254432	2015-12-18T01:00:00Z	The Nutcracker	Auditorium Theatre	Illinois Chicago|666	60605
snapshot_11_16_2015_0_0.json	1447650000.0	71.3	275	210
snapshot_11_17_2015_0_0.json	1447736400.0	71.3	275	210
snapshot_11_17_2015_12_0.json	1447779600.0	74.4	275	210
snapshot_11_17_2015_12_0.json	1447779600.0	74.4	275	210
snapshot_11_17_2015_18_0.json	1447801200.0	74.4	275	210
snapshot_11_17_2015_6_0.json	1447758000.0	71.3	275	210
snapshot_11_18_2015_12_0.json	1447866000.0	74.4	275	210
snapshot_11_18_2015_18_0.json	1447887600.0	74.4	275	210
snapshot_11_18_2015_6_0.json	1447844400.0	74.4	275	210
snapshot_11_19_2015_12_0.json	1447952400.0	74.4	275	206
snapshot_11_19_2015_6_0.json	1447930800.0	74.4	275	206
snapshot_11_19_2015_6_0.json	1447930800.0	74.4	275	206
snapshot_11_20_2015_0_0.json	1447995600.0	66.85	275	234
snapshot_11_20_2015_0_0.json	1447995600.0	66.85	275	234
snapshot_11_21_2015_12_0.json	1448125200.0	66.85	275	234
snapshot_11_21_2015_18_0.json	1448146800.0	66.85	275	234
snapshot_11_21_2015_18_0.json	1448146800.0	66.85	275	234
snapshot_11_22_2015_0_0.json	1448168400.0	66.85	275	234
snapshot_11_22_2015_12_0.json	1448211600.0	66.85	275	228
snapshot_11_22_2015_18_0.json	1448233200.0	66.85	275	228
snapshot_11_22_2015_18_0.json	1448233200.0	66.85	275	228
snapshot_11_22_2015_6_0.json	1448190000.0	66.85	275	228
snapshot_11_22_2015_6_0.json	1448190000.0	66.85	275	228
snapshot_11_23_2015_0_0.json	1448254800.0	66.85	275	228
snapshot_11_23_2015_12_0.json	1448298000.0	66.85	275	224
snapshot_11_23_2015_18_0.json	1448319600.0	66.85	275	224
snapshot_11_24_2015_0_0.json	1448341200.0	66.85	275	220
snapshot_11_24_2015_18_0.json	1448406000.0	66.85	275	220
snapshot_11_25_2015_0_0.json	1448427600.0	66.85	275	220
snapshot_11_25_2015_0_0.json	1448427600.0	66.85	275	220
snapshot_11_25_2015_12_0.json	1448470800.0	66.85	275	228
snapshot_11_25_2015_18_0.json	1448492400.0	66.85	275	228
snapshot_11_25_2015_6_0.json	1448449200.0	66.85	275	228
snapshot_11_26_2015_0_0.json	1448514000.0	66.85	275	228
snapshot_11_27_2015_18_0.json	1448665200.0	66.85	275	224
snapshot_11_28_2015_0_0.json	1448686800.0	66.85	275	224
snapshot_11_28_2015_12_0.json	1448730000.0	66.85	275	224
snapshot_11_28_2015_12_0.json	1448730000.0	66.85	275	224
snapshot_11_28_2015_18_0.json	1448751600.0	66.85	275	224
snapshot_11_28_2015_6_0.json	1448708400.0	66.85	275	224
snapshot_11_29_2015_0_0.json	1448773200.0	66.85	275	224
snapshot_11_29_2015_12_0.json	1448816400.0	66.85	275	224
snapshot_11_29_2015_6_0.json	1448794800.0	66.85	275	224
snapshot_11_30_2015_0_0.json	1448859600.0	66.85	275	226
snapshot_11_30_2015_0_0.json	1448859600.0	66.85	275	226
snapshot_11_30_2015_12_0.json	1448902800.0	66.85	275	223
snapshot_12_1_2015_0_0.json	1448946000.0	66.85	275	223
snapshot_12_1_2015_12_0.json	1448989200.0	66.85	275	223
snapshot_12_1_2015_18_0.json	1449010800.0	66.85	275	223
snapshot_12_1_2015_6_0.json	1448967600.0	66.85	275	223
snapshot_12_2_2015_12_0.json	1449075600.0	66.85	275	195
snapshot_12_2_2015_18_0.json	1449097200.0	66.85	275	195
snapshot_12_3_2015_0_0.json	1449118800.0	66.85	275	171
snapshot_12_3_2015_12_0.json	1449162000.0	66.85	275	171
snapshot_12_3_2015_12_0.json	1449162000.0	66.85	275	171
snapshot_12_3_2015_18_0.json	1449183600.0	66.85	275	171
snapshot_12_3_2015_6_0.json	1449140400.0	66.85	275	171
snapshot_12_4_2015_0_0.json	1449205200.0	66.85	275	169
snapshot_12_4_2015_12_0.json	1449248400.0	66.85	275	167
snapshot_12_4_2015_18_0.json	1449270000.0	66.85	275	167
snapshot_12_4_2015_6_0.json	1449226800.0	66.85	275	142
snapshot_12_5_2015_0_0.json	1449291600.0	66.85	275	167
snapshot_12_5_2015_12_0.json	1449334800.0	66.85	275	167
snapshot_12_5_2015_12_0.json	1449334800.0	66.85	275	167
snapshot_12_5_2015_18_0.json	1449356400.0	66.85	275	167
9254432	2015-12-18T01:00:00Z	The Nutcracker	Auditorium Theatre	Illinois Chicago|666	60605
snapshot_11_16_2015_0_0.json	1447650000.0	71.3	275	210
snapshot_11_17_2015_0_0.json	1447736400.0	71.3	275	210
snapshot_11_17_2015_12_0.json	1447779600.0	74.4	275	210
snapshot_11_17_2015_12_0.json	1447779600.0	74.4	275	210
snapshot_11_17_2015_18_0.json	1447801200.0	74.4	275	210
snapshot_11_17_2015_6_0.json	1447758000.0	71.3	275	210
snapshot_11_18_2015_12_0.json	1447866000.0	74.4	275	210
snapshot_11_18_2015_18_0.json	1447887600.0	74.4	275	210
snapshot_11_18_2015_6_0.json	1447844400.0	74.4	275	210
snapshot_11_19_2015_12_0.json	1447952400.0	74.4	275	206
snapshot_11_19_2015_6_0.json	1447930800.0	74.4	275	206
snapshot_11_19_2015_6_0.json	1447930800.0	74.4	275	206
snapshot_11_20_2015_0_0.json	1447995600.0	66.85	275	234
snapshot_11_20_2015_0_0.json	1447995600.0	66.85	275	234
snapshot_11_21_2015_12_0.json	1448125200.0	66.85	275	234
snapshot_11_21_2015_18_0.json	1448146800.0	66.85	275	234
snapshot_11_21_2015_18_0.json	1448146800.0	66.85	275	234
snapshot_11_22_2015_0_0.json	1448168400.0	66.85	275	234
snapshot_11_22_2015_12_0.json	1448211600.0	66.85	275	228
snapshot_11_22_2015_18_0.json	1448233200.0	66.85	275	228
snapshot_11_22_2015_18_0.json	1448233200.0	66.85	275	228
snapshot_11_22_2015_6_0.json	1448190000.0	66.85	275	228
snapshot_11_22_2015_6_0.json	1448190000.0	66.85	275	228
snapshot_11_23_2015_0_0.json	1448254800.0	66.85	275	228
snapshot_11_23_2015_12_0.json	1448298000.0	66.85	275	224
snapshot_11_23_2015_18_0.json	1448319600.0	66.85	275	224
snapshot_11_24_2015_0_0.json	1448341200.0	66.85	275	220
snapshot_11_24_2015_18_0.json	1448406000.0	66.85	275	220
snapshot_11_25_2015_0_0.json	1448427600.0	66.85	275	220
snapshot_11_25_2015_0_0.json	1448427600.0	66.85	275	220
snapshot_11_25_2015_12_0.json	1448470800.0	66.85	275	228
snapshot_11_25_2015_18_0.json	1448492400.0	66.85	275	228
snapshot_11_25_2015_6_0.json	1448449200.0	66.85	275	228
snapshot_11_26_2015_0_0.json	1448514000.0	66.85	275	228
snapshot_11_27_2015_18_0.json	1448665200.0	66.85	275	224
snapshot_11_28_2015_0_0.json	1448686800.0	66.85	275	224
snapshot_11_28_2015_12_0.json	1448730000.0	66.85	275	224
snapshot_11_28_2015_12_0.json	1448730000.0	66.85	275	224
snapshot_11_28_2015_18_0.json	1448751600.0	66.85	275	224
snapshot_11_28_2015_6_0.json	1448708400.0	66.85	275	224
snapshot_11_29_2015_0_0.json	1448773200.0	66.85	275	224
snapshot_11_29_2015_12_0.json	1448816400.0	66.85	275	224
snapshot_11_29_2015_6_0.json	1448794800.0	66.85	275	224
snapshot_11_30_2015_0_0.json	1448859600.0	66.85	275	226
snapshot_11_30_2015_0_0.json	1448859600.0	66.85	275	226
snapshot_11_30_2015_12_0.json	1448902800.0	66.85	275	223
snapshot_12_1_2015_0_0.json	1448946000.0	66.85	275	223
snapshot_12_1_2015_12_0.json	1448989200.0	66.85	275	223
snapshot_12_1_2015_18_0.json	1449010800.0	66.85	275	223
snapshot_12_1_2015_6_0.json	1448967600.0	66.85	275	223
snapshot_12_2_2015_12_0.json	1449075600.0	66.85	275	195
snapshot_12_2_2015_18_0.json	1449097200.0	66.85	275	195
snapshot_12_3_2015_0_0.json	1449118800.0	66.85	275	171
snapshot_12_3_2015_12_0.json	1449162000.0	66.85	275	171
snapshot_12_3_2015_12_0.json	1449162000.0	66.85	275	171
snapshot_12_3_2015_18_0.json	1449183600.0	66.85	275	171
snapshot_12_3_2015_6_0.json	1449140400.0	66.85	275	171
snapshot_12_4_2015_0_0.json	1449205200.0	66.85	275	169
snapshot_12_4_2015_12_0.json	1449248400.0	66.85	275	167
snapshot_12_4_2015_18_0.json	1449270000.0	66.85	275	167
snapshot_12_4_2015_6_0.json	1449226800.0	66.85	275	142
snapshot_12_5_2015_0_0.json	1449291600.0	66.85	275	167
snapshot_12_5_2015_12_0.json	1449334800.0	66.85	275	167
snapshot_12_5_2015_12_0.json	1449334800.0	66.85	275	167
snapshot_12_5_2015_18_0.json	1449356400.0	66.85	275	167
9254432	2015-12-18T01:00:00Z	The Nutcracker	Auditorium Theatre	Illinois Chicago|666	60605
snapshot_11_16_2015_0_0.json	1447650000.0	71.3	275	210
snapshot_11_17_2015_0_0.json	1447736400.0	71.3	275	210
snapshot_11_17_2015_12_0.json	1447779600.0	74.4	275	210
snapshot_11_17_2015_12_0.json	1447779600.0	74.4	275	210
snapshot_11_17_2015_18_0.json	1447801200.0	74.4	275	210
snapshot_11_17_2015_6_0.json	1447758000.0	71.3	275	210
snapshot_11_18_2015_12_0.json	1447866000.0	74.4	275	210
snapshot_11_18_2015_18_0.json	1447887600.0	74.4	275	210
snapshot_11_18_2015_6_0.json	1447844400.0	74.4	275	210
snapshot_11_19_2015_12_0.json	1447952400.0	74.4	275	206
snapshot_11_19_2015_6_0.json	1447930800.0	74.4	275	206
snapshot_11_19_2015_6_0.json	1447930800.0	74.4	275	206
snapshot_11_20_2015_0_0.json	1447995600.0	66.85	275	234
snapshot_11_20_2015_0_0.json	1447995600.0	66.85	275	234
snapshot_11_21_2015_12_0.json	1448125200.0	66.85	275	234
snapshot_11_21_2015_18_0.json	1448146800.0	66.85	275	234
snapshot_11_21_2015_18_0.json	1448146800.0	66.85	275	234
snapshot_11_22_2015_0_0.json	1448168400.0	66.85	275	234
snapshot_11_22_2015_12_0.json	1448211600.0	66.85	275	228
snapshot_11_22_2015_18_0.json	1448233200.0	66.85	275	228
snapshot_11_22_2015_18_0.json	1448233200.0	66.85	275	228
snapshot_11_22_2015_6_0.json	1448190000.0	66.85	275	228
snapshot_11_22_2015_6_0.json	1448190000.0	66.85	275	228
snapshot_11_23_2015_0_0.json	1448254800.0	66.85	275	228
snapshot_11_23_2015_12_0.json	1448298000.0	66.85	275	224
snapshot_11_23_2015_18_0.json	1448319600.0	66.85	275	224
snapshot_11_24_2015_0_0.json	1448341200.0	66.85	275	220
snapshot_11_24_2015_18_0.json	1448406000.0	66.85	275	220
snapshot_11_25_2015_0_0.json	1448427600.0	66.85	275	220
snapshot_11_25_2015_0_0.json	1448427600.0	66.85	275	220
snapshot_11_25_2015_12_0.json	1448470800.0	66.85	275	228
snapshot_11_25_2015_18_0.json	1448492400.0	66.85	275	228
snapshot_11_25_2015_6_0.json	1448449200.0	66.85	275	228
snapshot_11_26_2015_0_0.json	1448514000.0	66.85	275	228
snapshot_11_27_2015_18_0.json	1448665200.0	66.85	275	224
snapshot_11_28_2015_0_0.json	1448686800.0	66.85	275	224
snapshot_11_28_2015_12_0.json	1448730000.0	66.85	275	224
snapshot_11_28_2015_12_0.json	1448730000.0	66.85	275	224
snapshot_11_28_2015_18_0.json	1448751600.0	66.85	275	224
snapshot_11_28_2015_6_0.json	1448708400.0	66.85	275	224
snapshot_11_29_2015_0_0.json	1448773200.0	66.85	275	224
snapshot_11_29_2015_12_0.json	1448816400.0	66.85	275	224
snapshot_11_29_2015_6_0.json	1448794800.0	66.85	275	224
snapshot_11_30_2015_0_0.json	1448859600.0	66.85	275	226
snapshot_11_30_2015_0_0.json	1448859600.0	66.85	275	226
snapshot_11_30_2015_12_0.json	1448902800.0	66.85	275	223
snapshot_12_1_2015_0_0.json	1448946000.0	66.85	275	223
snapshot_12_1_2015_12_0.json	1448989200.0	66.85	275	223
snapshot_12_1_2015_18_0.json	1449010800.0	66.85	275	223
snapshot_12_1_2015_6_0.json	1448967600.0	66.85	275	223
snapshot_12_2_2015_12_0.json	1449075600.0	66.85	275	195
snapshot_12_2_2015_18_0.json	1449097200.0	66.85	275	195
snapshot_12_3_2015_0_0.json	1449118800.0	66.85	275	171
snapshot_12_3_2015_12_0.json	1449162000.0	66.85	275	171
snapshot_12_3_2015_12_0.json	1449162000.0	66.85	275	171
snapshot_12_3_2015_18_0.json	1449183600.0	66.85	275	171
snapshot_12_3_2015_6_0.json	1449140400.0	66.85	275	171
snapshot_12_4_2015_0_0.json	1449205200.0	66.85	275	169
snapshot_12_4_2015_12_0.json	1449248400.0	66.85	275	167
snapshot_12_4_2015_18_0.json	1449270000.0	66.85	275	167
snapshot_12_4_2015_6_0.json	1449226800.0	66.85	275	142
snapshot_12_5_2015_0_0.json	1449291600.0	66.85	275	167
snapshot_12_5_2015_12_0.json	1449334800.0	66.85	275	167
snapshot_12_5_2015_12_0.json	1449334800.0	66.85	275	167
snapshot_12_5_2015_18_0.json	1449356400.0	66.85	275	167
