9254428	2015-12-13T01:00:00Z	The Nutcracker	Auditorium Theatre	Illinois Chicago|666	60605
snapshot_11_16_2015_0_0.json	1447650000.0	71.3	275	283
snapshot_11_17_2015_0_0.json	1447736400.0	71.3	275	283
snapshot_11_17_2015_12_0.json	1447779600.0	74.4	275	285
snapshot_11_17_2015_6_0.json	1447758000.0	71	275	285
snapshot_11_17_2015_6_0.json	1447758000.0	71	275	285
snapshot_11_18_2015_0_0.json	1447822800.0	74.4	275	279
snapshot_11_18_2015_0_0.json	1447822800.0	74.4	275	279
snapshot_11_18_2015_12_0.json	1447866000.0	78	275	263
snapshot_11_18_2015_6_0.json	1447844400.0	78	275	274
snapshot_11_19_2015_0_0.json	1447909200.0	78	620	239
snapshot_11_19_2015_12_0.json	1447952400.0	78	776	243
snapshot_11_19_2015_6_0.json	1447930800.0	78	620	243
snapshot_11_20_2015_0_0.json	1447995600.0	71.53	616	268
snapshot_11_20_2015_12_0.json	1448038800.0	71.53	616	262
snapshot_11_21_2015_12_0.json	1448125200.0	71.53	620	288
snapshot_11_21_2015_18_0.json	1448146800.0	71.53	275	288
snapshot_11_22_2015_0_0.json	1448168400.0	78	275	277
snapshot_11_22_2015_12_0.json	1448211600.0	78	620	269
snapshot_11_22_2015_18_0.json	1448233200.0	78	275	269
snapshot_11_22_2015_18_0.json	1448233200.0	78	275	269
snapshot_11_22_2015_6_0.json	1448190000.0	78	275	269
snapshot_11_22_2015_6_0.json	1448190000.0	78	275	269
snapshot_11_23_2015_0_0.json	1448254800.0	78	275	265
snapshot_11_23_2015_0_0.json	1448254800.0	78	275	265
snapshot_11_23_2015_12_0.json	1448298000.0	78	620	265
snapshot_11_23_2015_18_0.json	1448319600.0	78	620	259
snapshot_11_23_2015_18_0.json	1448319600.0	78	620	259
snapshot_11_23_2015_6_0.json	1448276400.0	78	275	265
snapshot_11_24_2015_0_0.json	1448341200.0	78	520	255
snapshot_11_24_2015_12_0.json	1448384400.0	78	275	251
snapshot_11_24_2015_12_0.json	1448384400.0	78	275	251
snapshot_11_24_2015_18_0.json	1448406000.0	78	275	249
snapshot_11_25_2015_0_0.json	1448427600.0	78	275	245
snapshot_11_25_2015_12_0.json	1448470800.0	86.4	275	240
snapshot_11_25_2015_18_0.json	1448492400.0	86.4	616	240
snapshot_11_25_2015_6_0.json	1448449200.0	84.69	275	241
snapshot_11_26_2015_0_0.json	1448514000.0	86.4	275	238
snapshot_11_27_2015_18_0.json	1448665200.0	98.59	520	237
snapshot_11_28_2015_0_0.json	1448686800.0	98.59	275	233
snapshot_11_28_2015_12_0.json	1448730000.0	98.59	275	233
snapshot_11_28_2015_18_0.json	1448751600.0	98.59	275	233
snapshot_11_28_2015_6_0.json	1448708400.0	98.59	275	233
snapshot_11_29_2015_0_0.json	1448773200.0	98.59	275	240
snapshot_11_29_2015_12_0.json	1448816400.0	98.59	616	239
snapshot_11_29_2015_18_0.json	1448838000.0	98.59	616	239
snapshot_11_29_2015_6_0.json	1448794800.0	98.59	520	240
snapshot_11_30_2015_0_0.json	1448859600.0	98.59	275	221
snapshot_11_30_2015_12_0.json	1448902800.0	98.59	275	221
snapshot_11_30_2015_18_0.json	1448924400.0	98.59	275	219
snapshot_12_1_2015_12_0.json	1448989200.0	98.59	275	244
snapshot_12_1_2015_18_0.json	1449010800.0	70	275	246
snapshot_12_1_2015_6_0.json	1448967600.0	98.59	772	244
snapshot_12_2_2015_0_0.json	1449032400.0	70	772	199
snapshot_12_2_2015_12_0.json	1449075600.0	70	512	196
snapshot_12_2_2015_18_0.json	1449097200.0	70	772	191
snapshot_12_3_2015_12_0.json	1449162000.0	70	275	138
snapshot_12_4_2015_0_0.json	1449205200.0	70	620	138
snapshot_12_4_2015_0_0.json	1449205200.0	70	275	134
snapshot_12_4_2015_12_0.json	1449248400.0	70	616	125
snapshot_12_4_2015_18_0.json	1449270000.0	70	275	123
snapshot_12_4_2015_6_0.json	1449226800.0	106.63	616	107
snapshot_12_4_2015_6_0.json	1449226800.0	106.63	616	107
snapshot_12_5_2015_0_0.json	1449291600.0	70	616	133
snapshot_12_5_2015_12_0.json	1449334800.0	70	275	129
snapshot_12_5_2015_18_0.json	1449356400.0	70	275	121
snapshot_12_5_2015_6_0.json	1449313200.0	70	275	129
9254428	2015-12-13T01:00:00Z	The Nutcracker	Auditorium Theatre	Illinois Chicago|666	60605
snapshot_11_16_2015_0_0.json	1447650000.0	71.3	275	283
snapshot_11_17_2015_0_0.json	1447736400.0	71.3	275	283
snapshot_11_17_2015_12_0.json	1447779600.0	74.4	275	285
snapshot_11_17_2015_6_0.json	1447758000.0	71	275	285
snapshot_11_17_2015_6_0.json	1447758000.0	71	275	285
snapshot_11_18_2015_0_0.json	1447822800.0	74.4	275	279
snapshot_11_18_2015_0_0.json	1447822800.0	74.4	275	279
snapshot_11_18_2015_12_0.json	1447866000.0	78	275	263
snapshot_11_18_2015_6_0.json	1447844400.0	78	275	274
snapshot_11_19_2015_0_0.json	1447909200.0	78	620	239
snapshot_11_19_2015_12_0.json	1447952400.0	78	776	243
snapshot_11_19_2015_6_0.json	1447930800.0	78	620	243
snapshot_11_20_2015_0_0.json	1447995600.0	71.53	616	268
snapshot_11_20_2015_12_0.json	1448038800.0	71.53	616	262
snapshot_11_21_2015_12_0.json	1448125200.0	71.53	620	288
snapshot_11_21_2015_18_0.json	1448146800.0	71.53	275	288
snapshot_11_22_2015_0_0.json	1448168400.0	78	275	277
snapshot_11_22_2015_12_0.json	1448211600.0	78	620	269
snapshot_11_22_2015_18_0.json	1448233200.0	78	275	269
snapshot_11_22_2015_18_0.json	1448233200.0	78	275	269
snapshot_11_22_2015_6_0.json	1448190000.0	78	275	269
snapshot_11_22_2015_6_0.json	1448190000.0	78	275	269
snapshot_11_23_2015_0_0.json	1448254800.0	78	275	265
snapshot_11_23_2015_0_0.json	1448254800.0	78	275	265
snapshot_11_23_2015_12_0.json	1448298000.0	78	620	265
snapshot_11_23_2015_18_0.json	1448319600.0	78	620	259
snapshot_11_23_2015_18_0.json	1448319600.0	78	620	259
snapshot_11_23_2015_6_0.json	1448276400.0	78	275	265
snapshot_11_24_2015_0_0.json	1448341200.0	78	520	255
snapshot_11_24_2015_12_0.json	1448384400.0	78	275	251
snapshot_11_24_2015_12_0.json	1448384400.0	78	275	251
snapshot_11_24_2015_18_0.json	1448406000.0	78	275	249
snapshot_11_25_2015_0_0.json	1448427600.0	78	275	245
snapshot_11_25_2015_12_0.json	1448470800.0	86.4	275	240
snapshot_11_25_2015_18_0.json	1448492400.0	86.4	616	240
snapshot_11_25_2015_6_0.json	1448449200.0	84.69	275	241
snapshot_11_26_2015_0_0.json	1448514000.0	86.4	275	238
snapshot_11_27_2015_18_0.json	1448665200.0	98.59	520	237
snapshot_11_28_2015_0_0.json	1448686800.0	98.59	275	233
snapshot_11_28_2015_12_0.json	1448730000.0	98.59	275	233
snapshot_11_28_2015_18_0.json	1448751600.0	98.59	275	233
snapshot_11_28_2015_6_0.json	1448708400.0	98.59	275	233
snapshot_11_29_2015_0_0.json	1448773200.0	98.59	275	240
snapshot_11_29_2015_12_0.json	1448816400.0	98.59	616	239
snapshot_11_29_2015_18_0.json	1448838000.0	98.59	616	239
snapshot_11_29_2015_6_0.json	1448794800.0	98.59	520	240
snapshot_11_30_2015_0_0.json	1448859600.0	98.59	275	221
snapshot_11_30_2015_12_0.json	1448902800.0	98.59	275	221
snapshot_11_30_2015_18_0.json	1448924400.0	98.59	275	219
snapshot_12_1_2015_12_0.json	1448989200.0	98.59	275	244
snapshot_12_1_2015_18_0.json	1449010800.0	70	275	246
snapshot_12_1_2015_6_0.json	1448967600.0	98.59	772	244
snapshot_12_2_2015_0_0.json	1449032400.0	70	772	199
snapshot_12_2_2015_12_0.json	1449075600.0	70	512	196
snapshot_12_2_2015_18_0.json	1449097200.0	70	772	191
snapshot_12_3_2015_12_0.json	1449162000.0	70	275	138
snapshot_12_4_2015_0_0.json	1449205200.0	70	620	138
snapshot_12_4_2015_0_0.json	1449205200.0	70	275	134
snapshot_12_4_2015_12_0.json	1449248400.0	70	616	125
snapshot_12_4_2015_18_0.json	1449270000.0	70	275	123
snapshot_12_4_2015_6_0.json	1449226800.0	106.63	616	107
snapshot_12_4_2015_6_0.json	1449226800.0	106.63	616	107
snapshot_12_5_2015_0_0.json	1449291600.0	70	616	133
snapshot_12_5_2015_12_0.json	1449334800.0	70	275	129
snapshot_12_5_2015_18_0.json	1449356400.0	70	275	121
snapshot_12_5_2015_6_0.json	1449313200.0	70	275	129
9254428	2015-12-13T01:00:00Z	The Nutcracker	Auditorium Theatre	Illinois Chicago|666	60605
snapshot_11_16_2015_0_0.json	1447650000.0	71.3	275	283
snapshot_11_17_2015_0_0.json	1447736400.0	71.3	275	283
snapshot_11_17_2015_12_0.json	1447779600.0	74.4	275	285
snapshot_11_17_2015_6_0.json	1447758000.0	71	275	285
snapshot_11_17_2015_6_0.json	1447758000.0	71	275	285
snapshot_11_18_2015_0_0.json	1447822800.0	74.4	275	279
snapshot_11_18_2015_0_0.json	1447822800.0	74.4	275	279
snapshot_11_18_2015_12_0.json	1447866000.0	78	275	263
snapshot_11_18_2015_6_0.json	1447844400.0	78	275	274
snapshot_11_19_2015_0_0.json	1447909200.0	78	620	239
snapshot_11_19_2015_12_0.json	1447952400.0	78	776	243
snapshot_11_19_2015_6_0.json	1447930800.0	78	620	243
snapshot_11_20_2015_0_0.json	1447995600.0	71.53	616	268
snapshot_11_20_2015_12_0.json	1448038800.0	71.53	616	262
snapshot_11_21_2015_12_0.json	1448125200.0	71.53	620	288
snapshot_11_21_2015_18_0.json	1448146800.0	71.53	275	288
snapshot_11_22_2015_0_0.json	1448168400.0	78	275	277
snapshot_11_22_2015_12_0.json	1448211600.0	78	620	269
snapshot_11_22_2015_18_0.json	1448233200.0	78	275	269
snapshot_11_22_2015_18_0.json	1448233200.0	78	275	269
snapshot_11_22_2015_6_0.json	1448190000.0	78	275	269
snapshot_11_22_2015_6_0.json	1448190000.0	78	275	269
snapshot_11_23_2015_0_0.json	1448254800.0	78	275	265
snapshot_11_23_2015_0_0.json	1448254800.0	78	275	265
snapshot_11_23_2015_12_0.json	1448298000.0	78	620	265
snapshot_11_23_2015_18_0.json	1448319600.0	78	620	259
snapshot_11_23_2015_18_0.json	1448319600.0	78	620	259
snapshot_11_23_2015_6_0.json	1448276400.0	78	275	265
snapshot_11_24_2015_0_0.json	1448341200.0	78	520	255
snapshot_11_24_2015_12_0.json	1448384400.0	78	275	251
snapshot_11_24_2015_12_0.json	1448384400.0	78	275	251
snapshot_11_24_2015_18_0.json	1448406000.0	78	275	249
snapshot_11_25_2015_0_0.json	1448427600.0	78	275	245
snapshot_11_25_2015_12_0.json	1448470800.0	86.4	275	240
snapshot_11_25_2015_18_0.json	1448492400.0	86.4	616	240
snapshot_11_25_2015_6_0.json	1448449200.0	84.69	275	241
snapshot_11_26_2015_0_0.json	1448514000.0	86.4	275	238
snapshot_11_27_2015_18_0.json	1448665200.0	98.59	520	237
snapshot_11_28_2015_0_0.json	1448686800.0	98.59	275	233
snapshot_11_28_2015_12_0.json	1448730000.0	98.59	275	233
snapshot_11_28_2015_18_0.json	1448751600.0	98.59	275	233
snapshot_11_28_2015_6_0.json	1448708400.0	98.59	275	233
snapshot_11_29_2015_0_0.json	1448773200.0	98.59	275	240
snapshot_11_29_2015_12_0.json	1448816400.0	98.59	616	239
snapshot_11_29_2015_18_0.json	1448838000.0	98.59	616	239
snapshot_11_29_2015_6_0.json	1448794800.0	98.59	520	240
snapshot_11_30_2015_0_0.json	1448859600.0	98.59	275	221
snapshot_11_30_2015_12_0.json	1448902800.0	98.59	275	221
snapshot_11_30_2015_18_0.json	1448924400.0	98.59	275	219
snapshot_12_1_2015_12_0.json	1448989200.0	98.59	275	244
snapshot_12_1_2015_18_0.json	1449010800.0	70	275	246
snapshot_12_1_2015_6_0.json	1448967600.0	98.59	772	244
snapshot_12_2_2015_0_0.json	1449032400.0	70	772	199
snapshot_12_2_2015_12_0.json	1449075600.0	70	512	196
snapshot_12_2_2015_18_0.json	1449097200.0	70	772	191
snapshot_12_3_2015_12_0.json	1449162000.0	70	275	138
snapshot_12_4_2015_0_0.json	1449205200.0	70	620	138
snapshot_12_4_2015_0_0.json	1449205200.0	70	275	134
snapshot_12_4_2015_12_0.json	1449248400.0	70	616	125
snapshot_12_4_2015_18_0.json	1449270000.0	70	275	123
snapshot_12_4_2015_6_0.json	1449226800.0	106.63	616	107
snapshot_12_4_2015_6_0.json	1449226800.0	106.63	616	107
snapshot_12_5_2015_0_0.json	1449291600.0	70	616	133
snapshot_12_5_2015_12_0.json	1449334800.0	70	275	129
snapshot_12_5_2015_18_0.json	1449356400.0	70	275	121
snapshot_12_5_2015_6_0.json	1449313200.0	70	275	129
9254428	2015-12-13T01:00:00Z	The Nutcracker	Auditorium Theatre	Illinois Chicago|666	60605
snapshot_11_16_2015_0_0.json	1447650000.0	71.3	275	283
snapshot_11_17_2015_0_0.json	1447736400.0	71.3	275	283
snapshot_11_17_2015_12_0.json	1447779600.0	74.4	275	285
snapshot_11_17_2015_6_0.json	1447758000.0	71	275	285
snapshot_11_17_2015_6_0.json	1447758000.0	71	275	285
snapshot_11_18_2015_0_0.json	1447822800.0	74.4	275	279
snapshot_11_18_2015_0_0.json	1447822800.0	74.4	275	279
snapshot_11_18_2015_12_0.json	1447866000.0	78	275	263
snapshot_11_18_2015_6_0.json	1447844400.0	78	275	274
snapshot_11_19_2015_0_0.json	1447909200.0	78	620	239
snapshot_11_19_2015_12_0.json	1447952400.0	78	776	243
snapshot_11_19_2015_6_0.json	1447930800.0	78	620	243
snapshot_11_20_2015_0_0.json	1447995600.0	71.53	616	268
snapshot_11_20_2015_12_0.json	1448038800.0	71.53	616	262
snapshot_11_21_2015_12_0.json	1448125200.0	71.53	620	288
snapshot_11_21_2015_18_0.json	1448146800.0	71.53	275	288
snapshot_11_22_2015_0_0.json	1448168400.0	78	275	277
snapshot_11_22_2015_12_0.json	1448211600.0	78	620	269
snapshot_11_22_2015_18_0.json	1448233200.0	78	275	269
snapshot_11_22_2015_18_0.json	1448233200.0	78	275	269
snapshot_11_22_2015_6_0.json	1448190000.0	78	275	269
snapshot_11_22_2015_6_0.json	1448190000.0	78	275	269
snapshot_11_23_2015_0_0.json	1448254800.0	78	275	265
snapshot_11_23_2015_0_0.json	1448254800.0	78	275	265
snapshot_11_23_2015_12_0.json	1448298000.0	78	620	265
snapshot_11_23_2015_18_0.json	1448319600.0	78	620	259
snapshot_11_23_2015_18_0.json	1448319600.0	78	620	259
snapshot_11_23_2015_6_0.json	1448276400.0	78	275	265
snapshot_11_24_2015_0_0.json	1448341200.0	78	520	255
snapshot_11_24_2015_12_0.json	1448384400.0	78	275	251
snapshot_11_24_2015_12_0.json	1448384400.0	78	275	251
snapshot_11_24_2015_18_0.json	1448406000.0	78	275	249
snapshot_11_25_2015_0_0.json	1448427600.0	78	275	245
snapshot_11_25_2015_12_0.json	1448470800.0	86.4	275	240
snapshot_11_25_2015_18_0.json	1448492400.0	86.4	616	240
snapshot_11_25_2015_6_0.json	1448449200.0	84.69	275	241
snapshot_11_26_2015_0_0.json	1448514000.0	86.4	275	238
snapshot_11_27_2015_18_0.json	1448665200.0	98.59	520	237
snapshot_11_28_2015_0_0.json	1448686800.0	98.59	275	233
snapshot_11_28_2015_12_0.json	1448730000.0	98.59	275	233
snapshot_11_28_2015_18_0.json	1448751600.0	98.59	275	233
snapshot_11_28_2015_6_0.json	1448708400.0	98.59	275	233
snapshot_11_29_2015_0_0.json	1448773200.0	98.59	275	240
snapshot_11_29_2015_12_0.json	1448816400.0	98.59	616	239
snapshot_11_29_2015_18_0.json	1448838000.0	98.59	616	239
snapshot_11_29_2015_6_0.json	1448794800.0	98.59	520	240
snapshot_11_30_2015_0_0.json	1448859600.0	98.59	275	221
snapshot_11_30_2015_12_0.json	1448902800.0	98.59	275	221
snapshot_11_30_2015_18_0.json	1448924400.0	98.59	275	219
snapshot_12_1_2015_12_0.json	1448989200.0	98.59	275	244
snapshot_12_1_2015_18_0.json	1449010800.0	70	275	246
snapshot_12_1_2015_6_0.json	1448967600.0	98.59	772	244
snapshot_12_2_2015_0_0.json	1449032400.0	70	772	199
snapshot_12_2_2015_12_0.json	1449075600.0	70	512	196
snapshot_12_2_2015_18_0.json	1449097200.0	70	772	191
snapshot_12_3_2015_12_0.json	1449162000.0	70	275	138
snapshot_12_4_2015_0_0.json	1449205200.0	70	620	138
snapshot_12_4_2015_0_0.json	1449205200.0	70	275	134
snapshot_12_4_2015_12_0.json	1449248400.0	70	616	125
snapshot_12_4_2015_18_0.json	1449270000.0	70	275	123
snapshot_12_4_2015_6_0.json	1449226800.0	106.63	616	107
snapshot_12_4_2015_6_0.json	1449226800.0	106.63	616	107
snapshot_12_5_2015_0_0.json	1449291600.0	70	616	133
snapshot_12_5_2015_12_0.json	1449334800.0	70	275	129
snapshot_12_5_2015_18_0.json	1449356400.0	70	275	121
snapshot_12_5_2015_6_0.json	1449313200.0	70	275	129
