9255673	2015-11-29T03:01:00Z	PARKING PASSES ONLY Arizona State at Cal	Kabam Field at California Memorial Stadium Parking Lots	California SF Bay Area|81	94720
snapshot_11_17_2015_0_0.json	1447736400.0	52.05	160	15
snapshot_11_17_2015_12_0.json	1447779600.0	52.05	160	13
snapshot_11_17_2015_18_0.json	1447801200.0	52.05	160	12
snapshot_11_17_2015_18_0.json	1447801200.0	52.05	160	12
snapshot_11_17_2015_6_0.json	1447758000.0	52.05	160	13
snapshot_11_18_2015_0_0.json	1447822800.0	38.01	160	13
snapshot_11_18_2015_12_0.json	1447866000.0	38.01	160	13
snapshot_11_18_2015_6_0.json	1447844400.0	38.01	160	13
snapshot_11_19_2015_0_0.json	1447909200.0	40.35	160	14
snapshot_11_19_2015_12_0.json	1447952400.0	40.35	160	17
snapshot_11_19_2015_6_0.json	1447930800.0	40.35	160	15
snapshot_11_20_2015_0_0.json	1447995600.0	40.35	160	19
snapshot_11_20_2015_12_0.json	1448038800.0	40.35	160	18
snapshot_11_21_2015_12_0.json	1448125200.0	39.18	150	18
snapshot_11_21_2015_18_0.json	1448146800.0	40.35	150	15
snapshot_11_22_2015_0_0.json	1448168400.0	40.35	150	16
snapshot_11_22_2015_12_0.json	1448211600.0	40.35	150	18
snapshot_11_23_2015_0_0.json	1448254800.0	40.35	150	16
snapshot_11_23_2015_12_0.json	1448298000.0	25	150	16
snapshot_11_23_2015_18_0.json	1448319600.0	25	150	16
snapshot_11_23_2015_6_0.json	1448276400.0	25	150	17
snapshot_11_23_2015_6_0.json	1448276400.0	25	150	17
snapshot_11_24_2015_0_0.json	1448341200.0	79.99	150	3
snapshot_11_24_2015_12_0.json	1448384400.0	40.35	100	5
snapshot_11_24_2015_12_0.json	1448384400.0	40.35	100	5
snapshot_11_24_2015_18_0.json	1448406000.0	40.35	100	5
snapshot_11_24_2015_6_0.json	1448362800.0	40.35	100	4
snapshot_11_25_2015_0_0.json	1448427600.0	49.3	100	4
snapshot_11_25_2015_12_0.json	1448470800.0	49.3	80	4
snapshot_11_25_2015_18_0.json	1448492400.0	79.99	80	3
snapshot_11_25_2015_6_0.json	1448449200.0	49.3	80	4
snapshot_11_25_2015_6_0.json	1448449200.0	49.3	80	4
snapshot_11_25_2015_6_0.json	1448449200.0	49.3	80	4
snapshot_11_27_2015_18_0.json	1448665200.0	0	0	0
snapshot_11_28_2015_0_0.json	1448686800.0	0	0	0
snapshot_11_28_2015_12_0.json	1448730000.0	0	0	0
snapshot_11_28_2015_18_0.json	1448751600.0	0	0	0
snapshot_11_28_2015_6_0.json	1448708400.0	0	0	0
snapshot_11_29_2015_0_0.json	1448773200.0	0	0	0
snapshot_11_29_2015_0_0.json	1448773200.0	0	0	0
snapshot_11_29_2015_12_0.json	1448816400.0	0	0	0
snapshot_11_29_2015_18_0.json	1448838000.0	0	0	0
snapshot_11_29_2015_18_0.json	1448838000.0	0	0	0
snapshot_11_30_2015_0_0.json	1448859600.0	0	0	0
snapshot_11_30_2015_12_0.json	1448902800.0	0	0	0
snapshot_11_30_2015_18_0.json	1448924400.0	0	0	0
9255673	2015-11-29T03:01:00Z	PARKING PASSES ONLY Arizona State at Cal	Kabam Field at California Memorial Stadium Parking Lots	California SF Bay Area|81	94720
snapshot_11_17_2015_0_0.json	1447736400.0	52.05	160	15
snapshot_11_17_2015_12_0.json	1447779600.0	52.05	160	13
snapshot_11_17_2015_18_0.json	1447801200.0	52.05	160	12
snapshot_11_17_2015_18_0.json	1447801200.0	52.05	160	12
snapshot_11_17_2015_6_0.json	1447758000.0	52.05	160	13
snapshot_11_18_2015_0_0.json	1447822800.0	38.01	160	13
snapshot_11_18_2015_12_0.json	1447866000.0	38.01	160	13
snapshot_11_18_2015_6_0.json	1447844400.0	38.01	160	13
snapshot_11_19_2015_0_0.json	1447909200.0	40.35	160	14
snapshot_11_19_2015_12_0.json	1447952400.0	40.35	160	17
snapshot_11_19_2015_6_0.json	1447930800.0	40.35	160	15
snapshot_11_20_2015_0_0.json	1447995600.0	40.35	160	19
snapshot_11_20_2015_12_0.json	1448038800.0	40.35	160	18
snapshot_11_21_2015_12_0.json	1448125200.0	39.18	150	18
snapshot_11_21_2015_18_0.json	1448146800.0	40.35	150	15
snapshot_11_22_2015_0_0.json	1448168400.0	40.35	150	16
snapshot_11_22_2015_12_0.json	1448211600.0	40.35	150	18
snapshot_11_23_2015_0_0.json	1448254800.0	40.35	150	16
snapshot_11_23_2015_12_0.json	1448298000.0	25	150	16
snapshot_11_23_2015_18_0.json	1448319600.0	25	150	16
snapshot_11_23_2015_6_0.json	1448276400.0	25	150	17
snapshot_11_23_2015_6_0.json	1448276400.0	25	150	17
snapshot_11_24_2015_0_0.json	1448341200.0	79.99	150	3
snapshot_11_24_2015_12_0.json	1448384400.0	40.35	100	5
snapshot_11_24_2015_12_0.json	1448384400.0	40.35	100	5
snapshot_11_24_2015_18_0.json	1448406000.0	40.35	100	5
snapshot_11_24_2015_6_0.json	1448362800.0	40.35	100	4
snapshot_11_25_2015_0_0.json	1448427600.0	49.3	100	4
snapshot_11_25_2015_12_0.json	1448470800.0	49.3	80	4
snapshot_11_25_2015_18_0.json	1448492400.0	79.99	80	3
snapshot_11_25_2015_6_0.json	1448449200.0	49.3	80	4
snapshot_11_25_2015_6_0.json	1448449200.0	49.3	80	4
snapshot_11_25_2015_6_0.json	1448449200.0	49.3	80	4
snapshot_11_27_2015_18_0.json	1448665200.0	0	0	0
snapshot_11_28_2015_0_0.json	1448686800.0	0	0	0
snapshot_11_28_2015_12_0.json	1448730000.0	0	0	0
snapshot_11_28_2015_18_0.json	1448751600.0	0	0	0
snapshot_11_28_2015_6_0.json	1448708400.0	0	0	0
snapshot_11_29_2015_0_0.json	1448773200.0	0	0	0
snapshot_11_29_2015_0_0.json	1448773200.0	0	0	0
snapshot_11_29_2015_12_0.json	1448816400.0	0	0	0
snapshot_11_29_2015_18_0.json	1448838000.0	0	0	0
snapshot_11_29_2015_18_0.json	1448838000.0	0	0	0
snapshot_11_30_2015_0_0.json	1448859600.0	0	0	0
snapshot_11_30_2015_12_0.json	1448902800.0	0	0	0
snapshot_11_30_2015_18_0.json	1448924400.0	0	0	0
9255673	2015-11-29T03:01:00Z	PARKING PASSES ONLY Arizona State at Cal	Kabam Field at California Memorial Stadium Parking Lots	California SF Bay Area|81	94720
snapshot_11_17_2015_0_0.json	1447736400.0	52.05	160	15
snapshot_11_17_2015_12_0.json	1447779600.0	52.05	160	13
snapshot_11_17_2015_18_0.json	1447801200.0	52.05	160	12
snapshot_11_17_2015_18_0.json	1447801200.0	52.05	160	12
snapshot_11_17_2015_6_0.json	1447758000.0	52.05	160	13
snapshot_11_18_2015_0_0.json	1447822800.0	38.01	160	13
snapshot_11_18_2015_12_0.json	1447866000.0	38.01	160	13
snapshot_11_18_2015_6_0.json	1447844400.0	38.01	160	13
snapshot_11_19_2015_0_0.json	1447909200.0	40.35	160	14
snapshot_11_19_2015_12_0.json	1447952400.0	40.35	160	17
snapshot_11_19_2015_6_0.json	1447930800.0	40.35	160	15
snapshot_11_20_2015_0_0.json	1447995600.0	40.35	160	19
snapshot_11_20_2015_12_0.json	1448038800.0	40.35	160	18
snapshot_11_21_2015_12_0.json	1448125200.0	39.18	150	18
snapshot_11_21_2015_18_0.json	1448146800.0	40.35	150	15
snapshot_11_22_2015_0_0.json	1448168400.0	40.35	150	16
snapshot_11_22_2015_12_0.json	1448211600.0	40.35	150	18
snapshot_11_23_2015_0_0.json	1448254800.0	40.35	150	16
snapshot_11_23_2015_12_0.json	1448298000.0	25	150	16
snapshot_11_23_2015_18_0.json	1448319600.0	25	150	16
snapshot_11_23_2015_6_0.json	1448276400.0	25	150	17
snapshot_11_23_2015_6_0.json	1448276400.0	25	150	17
snapshot_11_24_2015_0_0.json	1448341200.0	79.99	150	3
snapshot_11_24_2015_12_0.json	1448384400.0	40.35	100	5
snapshot_11_24_2015_12_0.json	1448384400.0	40.35	100	5
snapshot_11_24_2015_18_0.json	1448406000.0	40.35	100	5
snapshot_11_24_2015_6_0.json	1448362800.0	40.35	100	4
snapshot_11_25_2015_0_0.json	1448427600.0	49.3	100	4
snapshot_11_25_2015_12_0.json	1448470800.0	49.3	80	4
snapshot_11_25_2015_18_0.json	1448492400.0	79.99	80	3
snapshot_11_25_2015_6_0.json	1448449200.0	49.3	80	4
snapshot_11_25_2015_6_0.json	1448449200.0	49.3	80	4
snapshot_11_25_2015_6_0.json	1448449200.0	49.3	80	4
snapshot_11_27_2015_18_0.json	1448665200.0	0	0	0
snapshot_11_28_2015_0_0.json	1448686800.0	0	0	0
snapshot_11_28_2015_12_0.json	1448730000.0	0	0	0
snapshot_11_28_2015_18_0.json	1448751600.0	0	0	0
snapshot_11_28_2015_6_0.json	1448708400.0	0	0	0
snapshot_11_29_2015_0_0.json	1448773200.0	0	0	0
snapshot_11_29_2015_0_0.json	1448773200.0	0	0	0
snapshot_11_29_2015_12_0.json	1448816400.0	0	0	0
snapshot_11_29_2015_18_0.json	1448838000.0	0	0	0
snapshot_11_29_2015_18_0.json	1448838000.0	0	0	0
snapshot_11_30_2015_0_0.json	1448859600.0	0	0	0
snapshot_11_30_2015_12_0.json	1448902800.0	0	0	0
snapshot_11_30_2015_18_0.json	1448924400.0	0	0	0
9255673	2015-11-29T03:01:00Z	PARKING PASSES ONLY Arizona State at Cal	Kabam Field at California Memorial Stadium Parking Lots	California SF Bay Area|81	94720
snapshot_11_17_2015_0_0.json	1447736400.0	52.05	160	15
snapshot_11_17_2015_12_0.json	1447779600.0	52.05	160	13
snapshot_11_17_2015_18_0.json	1447801200.0	52.05	160	12
snapshot_11_17_2015_18_0.json	1447801200.0	52.05	160	12
snapshot_11_17_2015_6_0.json	1447758000.0	52.05	160	13
snapshot_11_18_2015_0_0.json	1447822800.0	38.01	160	13
snapshot_11_18_2015_12_0.json	1447866000.0	38.01	160	13
snapshot_11_18_2015_6_0.json	1447844400.0	38.01	160	13
snapshot_11_19_2015_0_0.json	1447909200.0	40.35	160	14
snapshot_11_19_2015_12_0.json	1447952400.0	40.35	160	17
snapshot_11_19_2015_6_0.json	1447930800.0	40.35	160	15
snapshot_11_20_2015_0_0.json	1447995600.0	40.35	160	19
snapshot_11_20_2015_12_0.json	1448038800.0	40.35	160	18
snapshot_11_21_2015_12_0.json	1448125200.0	39.18	150	18
snapshot_11_21_2015_18_0.json	1448146800.0	40.35	150	15
snapshot_11_22_2015_0_0.json	1448168400.0	40.35	150	16
snapshot_11_22_2015_12_0.json	1448211600.0	40.35	150	18
snapshot_11_23_2015_0_0.json	1448254800.0	40.35	150	16
snapshot_11_23_2015_12_0.json	1448298000.0	25	150	16
snapshot_11_23_2015_18_0.json	1448319600.0	25	150	16
snapshot_11_23_2015_6_0.json	1448276400.0	25	150	17
snapshot_11_23_2015_6_0.json	1448276400.0	25	150	17
snapshot_11_24_2015_0_0.json	1448341200.0	79.99	150	3
snapshot_11_24_2015_12_0.json	1448384400.0	40.35	100	5
snapshot_11_24_2015_12_0.json	1448384400.0	40.35	100	5
snapshot_11_24_2015_18_0.json	1448406000.0	40.35	100	5
snapshot_11_24_2015_6_0.json	1448362800.0	40.35	100	4
snapshot_11_25_2015_0_0.json	1448427600.0	49.3	100	4
snapshot_11_25_2015_12_0.json	1448470800.0	49.3	80	4
snapshot_11_25_2015_18_0.json	1448492400.0	79.99	80	3
snapshot_11_25_2015_6_0.json	1448449200.0	49.3	80	4
snapshot_11_25_2015_6_0.json	1448449200.0	49.3	80	4
snapshot_11_25_2015_6_0.json	1448449200.0	49.3	80	4
snapshot_11_27_2015_18_0.json	1448665200.0	0	0	0
snapshot_11_28_2015_0_0.json	1448686800.0	0	0	0
snapshot_11_28_2015_12_0.json	1448730000.0	0	0	0
snapshot_11_28_2015_18_0.json	1448751600.0	0	0	0
snapshot_11_28_2015_6_0.json	1448708400.0	0	0	0
snapshot_11_29_2015_0_0.json	1448773200.0	0	0	0
snapshot_11_29_2015_0_0.json	1448773200.0	0	0	0
snapshot_11_29_2015_12_0.json	1448816400.0	0	0	0
snapshot_11_29_2015_18_0.json	1448838000.0	0	0	0
snapshot_11_29_2015_18_0.json	1448838000.0	0	0	0
snapshot_11_30_2015_0_0.json	1448859600.0	0	0	0
snapshot_11_30_2015_12_0.json	1448902800.0	0	0	0
snapshot_11_30_2015_18_0.json	1448924400.0	0	0	0
