9257524	2015-12-17T01:30:00Z	The Book of Mormon	Majestic Theatre San Antonio	Texas Austin / San Antonio|707	78205
snapshot_11_16_2015_0_0.json	1447650000.0	125.35	259.7	62
snapshot_11_16_2015_0_0.json	1447650000.0	125.35	259.7	62
snapshot_11_17_2015_0_0.json	1447736400.0	125.35	259.7	62
snapshot_11_17_2015_12_0.json	1447779600.0	125.35	259.7	60
snapshot_11_17_2015_18_0.json	1447801200.0	95.11	259.7	76
snapshot_11_17_2015_6_0.json	1447758000.0	125.35	259.7	60
snapshot_11_18_2015_12_0.json	1447866000.0	95.11	259.7	74
snapshot_11_18_2015_18_0.json	1447887600.0	95.11	259.7	72
snapshot_11_18_2015_6_0.json	1447844400.0	95.11	259.7	74
snapshot_11_19_2015_0_0.json	1447909200.0	95.11	259.7	72
snapshot_11_19_2015_12_0.json	1447952400.0	95.11	259.7	76
snapshot_11_19_2015_18_0.json	1447974000.0	95.11	259.7	76
snapshot_11_19_2015_6_0.json	1447930800.0	95.11	259.7	76
snapshot_11_19_2015_6_0.json	1447930800.0	95.11	259.7	76
snapshot_11_20_2015_12_0.json	1448038800.0	95.11	259.7	78
snapshot_11_21_2015_12_0.json	1448125200.0	95.11	259.7	74
snapshot_11_21_2015_18_0.json	1448146800.0	95.11	259.7	74
snapshot_11_21_2015_18_0.json	1448146800.0	95.11	259.7	74
snapshot_11_22_2015_0_0.json	1448168400.0	95.11	259.7	78
snapshot_11_22_2015_18_0.json	1448233200.0	95.11	245	78
snapshot_11_22_2015_18_0.json	1448233200.0	95.11	245	78
snapshot_11_22_2015_6_0.json	1448190000.0	95.11	259.7	78
snapshot_11_22_2015_6_0.json	1448190000.0	95.11	259.7	78
snapshot_11_23_2015_0_0.json	1448254800.0	95.11	245	78
snapshot_11_23_2015_0_0.json	1448254800.0	95.11	245	78
snapshot_11_23_2015_12_0.json	1448298000.0	95.11	245	78
snapshot_11_23_2015_18_0.json	1448319600.0	95.11	250	80
snapshot_11_23_2015_6_0.json	1448276400.0	95.11	245	78
snapshot_11_24_2015_12_0.json	1448384400.0	95.11	250	78
snapshot_11_24_2015_18_0.json	1448406000.0	95.11	250	80
snapshot_11_24_2015_6_0.json	1448362800.0	95.11	250	78
snapshot_11_25_2015_0_0.json	1448427600.0	95.11	250	80
snapshot_11_25_2015_0_0.json	1448427600.0	95.11	250	80
snapshot_11_25_2015_12_0.json	1448470800.0	95.11	250	80
snapshot_11_25_2015_18_0.json	1448492400.0	95.11	250	80
snapshot_11_25_2015_18_0.json	1448492400.0	95.11	250	80
snapshot_11_25_2015_6_0.json	1448449200.0	95.11	250	80
snapshot_11_26_2015_0_0.json	1448514000.0	95.11	250	80
snapshot_11_28_2015_0_0.json	1448686800.0	95.11	250	78
snapshot_11_28_2015_12_0.json	1448730000.0	95.11	250	78
snapshot_11_28_2015_18_0.json	1448751600.0	95.11	250	78
snapshot_11_29_2015_0_0.json	1448773200.0	95.11	250	78
snapshot_11_29_2015_12_0.json	1448816400.0	95.11	250	78
snapshot_11_29_2015_18_0.json	1448838000.0	95.11	250	78
snapshot_11_29_2015_6_0.json	1448794800.0	95.11	250	78
snapshot_11_30_2015_0_0.json	1448859600.0	95.11	250	78
snapshot_11_30_2015_12_0.json	1448902800.0	95.11	250	72
snapshot_11_30_2015_18_0.json	1448924400.0	95.11	250	72
snapshot_11_30_2015_6_0.json	1448881200.0	95.11	250	72
snapshot_12_1_2015_0_0.json	1448946000.0	95.11	250	70
snapshot_12_1_2015_12_0.json	1448989200.0	95.11	250	70
snapshot_12_1_2015_18_0.json	1449010800.0	95.11	250	70
snapshot_12_1_2015_6_0.json	1448967600.0	95.11	250	70
snapshot_12_2_2015_0_0.json	1449032400.0	95.11	250	70
snapshot_12_2_2015_0_0.json	1449032400.0	95.11	250	70
snapshot_12_2_2015_18_0.json	1449097200.0	95.11	250	68
snapshot_12_2_2015_6_0.json	1449054000.0	95.11	250	68
snapshot_12_3_2015_0_0.json	1449118800.0	95.11	250	68
snapshot_12_3_2015_12_0.json	1449162000.0	95.11	250	70
snapshot_12_3_2015_18_0.json	1449183600.0	84.4	250	70
snapshot_12_3_2015_6_0.json	1449140400.0	95.11	250	70
snapshot_12_3_2015_6_0.json	1449140400.0	95.11	250	70
snapshot_12_4_2015_0_0.json	1449205200.0	84.4	250	70
snapshot_12_4_2015_0_0.json	1449205200.0	84.4	250	70
snapshot_12_4_2015_18_0.json	1449270000.0	84.4	245	70
snapshot_12_5_2015_0_0.json	1449291600.0	84.4	245	68
snapshot_12_5_2015_18_0.json	1449356400.0	84.4	245	68
snapshot_12_5_2015_6_0.json	1449313200.0	84.4	245	68
snapshot_12_5_2015_6_0.json	1449313200.0	84.4	245	68
9257524	2015-12-17T01:30:00Z	The Book of Mormon	Majestic Theatre San Antonio	Texas Austin / San Antonio|707	78205
snapshot_11_16_2015_0_0.json	1447650000.0	125.35	259.7	62
snapshot_11_16_2015_0_0.json	1447650000.0	125.35	259.7	62
snapshot_11_17_2015_0_0.json	1447736400.0	125.35	259.7	62
snapshot_11_17_2015_12_0.json	1447779600.0	125.35	259.7	60
snapshot_11_17_2015_18_0.json	1447801200.0	95.11	259.7	76
snapshot_11_17_2015_6_0.json	1447758000.0	125.35	259.7	60
snapshot_11_18_2015_12_0.json	1447866000.0	95.11	259.7	74
snapshot_11_18_2015_18_0.json	1447887600.0	95.11	259.7	72
snapshot_11_18_2015_6_0.json	1447844400.0	95.11	259.7	74
snapshot_11_19_2015_0_0.json	1447909200.0	95.11	259.7	72
snapshot_11_19_2015_12_0.json	1447952400.0	95.11	259.7	76
snapshot_11_19_2015_18_0.json	1447974000.0	95.11	259.7	76
snapshot_11_19_2015_6_0.json	1447930800.0	95.11	259.7	76
snapshot_11_19_2015_6_0.json	1447930800.0	95.11	259.7	76
snapshot_11_20_2015_12_0.json	1448038800.0	95.11	259.7	78
snapshot_11_21_2015_12_0.json	1448125200.0	95.11	259.7	74
snapshot_11_21_2015_18_0.json	1448146800.0	95.11	259.7	74
snapshot_11_21_2015_18_0.json	1448146800.0	95.11	259.7	74
snapshot_11_22_2015_0_0.json	1448168400.0	95.11	259.7	78
snapshot_11_22_2015_18_0.json	1448233200.0	95.11	245	78
snapshot_11_22_2015_18_0.json	1448233200.0	95.11	245	78
snapshot_11_22_2015_6_0.json	1448190000.0	95.11	259.7	78
snapshot_11_22_2015_6_0.json	1448190000.0	95.11	259.7	78
snapshot_11_23_2015_0_0.json	1448254800.0	95.11	245	78
snapshot_11_23_2015_0_0.json	1448254800.0	95.11	245	78
snapshot_11_23_2015_12_0.json	1448298000.0	95.11	245	78
snapshot_11_23_2015_18_0.json	1448319600.0	95.11	250	80
snapshot_11_23_2015_6_0.json	1448276400.0	95.11	245	78
snapshot_11_24_2015_12_0.json	1448384400.0	95.11	250	78
snapshot_11_24_2015_18_0.json	1448406000.0	95.11	250	80
snapshot_11_24_2015_6_0.json	1448362800.0	95.11	250	78
snapshot_11_25_2015_0_0.json	1448427600.0	95.11	250	80
snapshot_11_25_2015_0_0.json	1448427600.0	95.11	250	80
snapshot_11_25_2015_12_0.json	1448470800.0	95.11	250	80
snapshot_11_25_2015_18_0.json	1448492400.0	95.11	250	80
snapshot_11_25_2015_18_0.json	1448492400.0	95.11	250	80
snapshot_11_25_2015_6_0.json	1448449200.0	95.11	250	80
snapshot_11_26_2015_0_0.json	1448514000.0	95.11	250	80
snapshot_11_28_2015_0_0.json	1448686800.0	95.11	250	78
snapshot_11_28_2015_12_0.json	1448730000.0	95.11	250	78
snapshot_11_28_2015_18_0.json	1448751600.0	95.11	250	78
snapshot_11_29_2015_0_0.json	1448773200.0	95.11	250	78
snapshot_11_29_2015_12_0.json	1448816400.0	95.11	250	78
snapshot_11_29_2015_18_0.json	1448838000.0	95.11	250	78
snapshot_11_29_2015_6_0.json	1448794800.0	95.11	250	78
snapshot_11_30_2015_0_0.json	1448859600.0	95.11	250	78
snapshot_11_30_2015_12_0.json	1448902800.0	95.11	250	72
snapshot_11_30_2015_18_0.json	1448924400.0	95.11	250	72
snapshot_11_30_2015_6_0.json	1448881200.0	95.11	250	72
snapshot_12_1_2015_0_0.json	1448946000.0	95.11	250	70
snapshot_12_1_2015_12_0.json	1448989200.0	95.11	250	70
snapshot_12_1_2015_18_0.json	1449010800.0	95.11	250	70
snapshot_12_1_2015_6_0.json	1448967600.0	95.11	250	70
snapshot_12_2_2015_0_0.json	1449032400.0	95.11	250	70
snapshot_12_2_2015_0_0.json	1449032400.0	95.11	250	70
snapshot_12_2_2015_18_0.json	1449097200.0	95.11	250	68
snapshot_12_2_2015_6_0.json	1449054000.0	95.11	250	68
snapshot_12_3_2015_0_0.json	1449118800.0	95.11	250	68
snapshot_12_3_2015_12_0.json	1449162000.0	95.11	250	70
snapshot_12_3_2015_18_0.json	1449183600.0	84.4	250	70
snapshot_12_3_2015_6_0.json	1449140400.0	95.11	250	70
snapshot_12_3_2015_6_0.json	1449140400.0	95.11	250	70
snapshot_12_4_2015_0_0.json	1449205200.0	84.4	250	70
snapshot_12_4_2015_0_0.json	1449205200.0	84.4	250	70
snapshot_12_4_2015_18_0.json	1449270000.0	84.4	245	70
snapshot_12_5_2015_0_0.json	1449291600.0	84.4	245	68
snapshot_12_5_2015_18_0.json	1449356400.0	84.4	245	68
snapshot_12_5_2015_6_0.json	1449313200.0	84.4	245	68
snapshot_12_5_2015_6_0.json	1449313200.0	84.4	245	68
9257524	2015-12-17T01:30:00Z	The Book of Mormon	Majestic Theatre San Antonio	Texas Austin / San Antonio|707	78205
snapshot_11_16_2015_0_0.json	1447650000.0	125.35	259.7	62
snapshot_11_16_2015_0_0.json	1447650000.0	125.35	259.7	62
snapshot_11_17_2015_0_0.json	1447736400.0	125.35	259.7	62
snapshot_11_17_2015_12_0.json	1447779600.0	125.35	259.7	60
snapshot_11_17_2015_18_0.json	1447801200.0	95.11	259.7	76
snapshot_11_17_2015_6_0.json	1447758000.0	125.35	259.7	60
snapshot_11_18_2015_12_0.json	1447866000.0	95.11	259.7	74
snapshot_11_18_2015_18_0.json	1447887600.0	95.11	259.7	72
snapshot_11_18_2015_6_0.json	1447844400.0	95.11	259.7	74
snapshot_11_19_2015_0_0.json	1447909200.0	95.11	259.7	72
snapshot_11_19_2015_12_0.json	1447952400.0	95.11	259.7	76
snapshot_11_19_2015_18_0.json	1447974000.0	95.11	259.7	76
snapshot_11_19_2015_6_0.json	1447930800.0	95.11	259.7	76
snapshot_11_19_2015_6_0.json	1447930800.0	95.11	259.7	76
snapshot_11_20_2015_12_0.json	1448038800.0	95.11	259.7	78
snapshot_11_21_2015_12_0.json	1448125200.0	95.11	259.7	74
snapshot_11_21_2015_18_0.json	1448146800.0	95.11	259.7	74
snapshot_11_21_2015_18_0.json	1448146800.0	95.11	259.7	74
snapshot_11_22_2015_0_0.json	1448168400.0	95.11	259.7	78
snapshot_11_22_2015_18_0.json	1448233200.0	95.11	245	78
snapshot_11_22_2015_18_0.json	1448233200.0	95.11	245	78
snapshot_11_22_2015_6_0.json	1448190000.0	95.11	259.7	78
snapshot_11_22_2015_6_0.json	1448190000.0	95.11	259.7	78
snapshot_11_23_2015_0_0.json	1448254800.0	95.11	245	78
snapshot_11_23_2015_0_0.json	1448254800.0	95.11	245	78
snapshot_11_23_2015_12_0.json	1448298000.0	95.11	245	78
snapshot_11_23_2015_18_0.json	1448319600.0	95.11	250	80
snapshot_11_23_2015_6_0.json	1448276400.0	95.11	245	78
snapshot_11_24_2015_12_0.json	1448384400.0	95.11	250	78
snapshot_11_24_2015_18_0.json	1448406000.0	95.11	250	80
snapshot_11_24_2015_6_0.json	1448362800.0	95.11	250	78
snapshot_11_25_2015_0_0.json	1448427600.0	95.11	250	80
snapshot_11_25_2015_0_0.json	1448427600.0	95.11	250	80
snapshot_11_25_2015_12_0.json	1448470800.0	95.11	250	80
snapshot_11_25_2015_18_0.json	1448492400.0	95.11	250	80
snapshot_11_25_2015_18_0.json	1448492400.0	95.11	250	80
snapshot_11_25_2015_6_0.json	1448449200.0	95.11	250	80
snapshot_11_26_2015_0_0.json	1448514000.0	95.11	250	80
snapshot_11_28_2015_0_0.json	1448686800.0	95.11	250	78
snapshot_11_28_2015_12_0.json	1448730000.0	95.11	250	78
snapshot_11_28_2015_18_0.json	1448751600.0	95.11	250	78
snapshot_11_29_2015_0_0.json	1448773200.0	95.11	250	78
snapshot_11_29_2015_12_0.json	1448816400.0	95.11	250	78
snapshot_11_29_2015_18_0.json	1448838000.0	95.11	250	78
snapshot_11_29_2015_6_0.json	1448794800.0	95.11	250	78
snapshot_11_30_2015_0_0.json	1448859600.0	95.11	250	78
snapshot_11_30_2015_12_0.json	1448902800.0	95.11	250	72
snapshot_11_30_2015_18_0.json	1448924400.0	95.11	250	72
snapshot_11_30_2015_6_0.json	1448881200.0	95.11	250	72
snapshot_12_1_2015_0_0.json	1448946000.0	95.11	250	70
snapshot_12_1_2015_12_0.json	1448989200.0	95.11	250	70
snapshot_12_1_2015_18_0.json	1449010800.0	95.11	250	70
snapshot_12_1_2015_6_0.json	1448967600.0	95.11	250	70
snapshot_12_2_2015_0_0.json	1449032400.0	95.11	250	70
snapshot_12_2_2015_0_0.json	1449032400.0	95.11	250	70
snapshot_12_2_2015_18_0.json	1449097200.0	95.11	250	68
snapshot_12_2_2015_6_0.json	1449054000.0	95.11	250	68
snapshot_12_3_2015_0_0.json	1449118800.0	95.11	250	68
snapshot_12_3_2015_12_0.json	1449162000.0	95.11	250	70
snapshot_12_3_2015_18_0.json	1449183600.0	84.4	250	70
snapshot_12_3_2015_6_0.json	1449140400.0	95.11	250	70
snapshot_12_3_2015_6_0.json	1449140400.0	95.11	250	70
snapshot_12_4_2015_0_0.json	1449205200.0	84.4	250	70
snapshot_12_4_2015_0_0.json	1449205200.0	84.4	250	70
snapshot_12_4_2015_18_0.json	1449270000.0	84.4	245	70
snapshot_12_5_2015_0_0.json	1449291600.0	84.4	245	68
snapshot_12_5_2015_18_0.json	1449356400.0	84.4	245	68
snapshot_12_5_2015_6_0.json	1449313200.0	84.4	245	68
snapshot_12_5_2015_6_0.json	1449313200.0	84.4	245	68
9257524	2015-12-17T01:30:00Z	The Book of Mormon	Majestic Theatre San Antonio	Texas Austin / San Antonio|707	78205
snapshot_11_16_2015_0_0.json	1447650000.0	125.35	259.7	62
snapshot_11_16_2015_0_0.json	1447650000.0	125.35	259.7	62
snapshot_11_17_2015_0_0.json	1447736400.0	125.35	259.7	62
snapshot_11_17_2015_12_0.json	1447779600.0	125.35	259.7	60
snapshot_11_17_2015_18_0.json	1447801200.0	95.11	259.7	76
snapshot_11_17_2015_6_0.json	1447758000.0	125.35	259.7	60
snapshot_11_18_2015_12_0.json	1447866000.0	95.11	259.7	74
snapshot_11_18_2015_18_0.json	1447887600.0	95.11	259.7	72
snapshot_11_18_2015_6_0.json	1447844400.0	95.11	259.7	74
snapshot_11_19_2015_0_0.json	1447909200.0	95.11	259.7	72
snapshot_11_19_2015_12_0.json	1447952400.0	95.11	259.7	76
snapshot_11_19_2015_18_0.json	1447974000.0	95.11	259.7	76
snapshot_11_19_2015_6_0.json	1447930800.0	95.11	259.7	76
snapshot_11_19_2015_6_0.json	1447930800.0	95.11	259.7	76
snapshot_11_20_2015_12_0.json	1448038800.0	95.11	259.7	78
snapshot_11_21_2015_12_0.json	1448125200.0	95.11	259.7	74
snapshot_11_21_2015_18_0.json	1448146800.0	95.11	259.7	74
snapshot_11_21_2015_18_0.json	1448146800.0	95.11	259.7	74
snapshot_11_22_2015_0_0.json	1448168400.0	95.11	259.7	78
snapshot_11_22_2015_18_0.json	1448233200.0	95.11	245	78
snapshot_11_22_2015_18_0.json	1448233200.0	95.11	245	78
snapshot_11_22_2015_6_0.json	1448190000.0	95.11	259.7	78
snapshot_11_22_2015_6_0.json	1448190000.0	95.11	259.7	78
snapshot_11_23_2015_0_0.json	1448254800.0	95.11	245	78
snapshot_11_23_2015_0_0.json	1448254800.0	95.11	245	78
snapshot_11_23_2015_12_0.json	1448298000.0	95.11	245	78
snapshot_11_23_2015_18_0.json	1448319600.0	95.11	250	80
snapshot_11_23_2015_6_0.json	1448276400.0	95.11	245	78
snapshot_11_24_2015_12_0.json	1448384400.0	95.11	250	78
snapshot_11_24_2015_18_0.json	1448406000.0	95.11	250	80
snapshot_11_24_2015_6_0.json	1448362800.0	95.11	250	78
snapshot_11_25_2015_0_0.json	1448427600.0	95.11	250	80
snapshot_11_25_2015_0_0.json	1448427600.0	95.11	250	80
snapshot_11_25_2015_12_0.json	1448470800.0	95.11	250	80
snapshot_11_25_2015_18_0.json	1448492400.0	95.11	250	80
snapshot_11_25_2015_18_0.json	1448492400.0	95.11	250	80
snapshot_11_25_2015_6_0.json	1448449200.0	95.11	250	80
snapshot_11_26_2015_0_0.json	1448514000.0	95.11	250	80
snapshot_11_28_2015_0_0.json	1448686800.0	95.11	250	78
snapshot_11_28_2015_12_0.json	1448730000.0	95.11	250	78
snapshot_11_28_2015_18_0.json	1448751600.0	95.11	250	78
snapshot_11_29_2015_0_0.json	1448773200.0	95.11	250	78
snapshot_11_29_2015_12_0.json	1448816400.0	95.11	250	78
snapshot_11_29_2015_18_0.json	1448838000.0	95.11	250	78
snapshot_11_29_2015_6_0.json	1448794800.0	95.11	250	78
snapshot_11_30_2015_0_0.json	1448859600.0	95.11	250	78
snapshot_11_30_2015_12_0.json	1448902800.0	95.11	250	72
snapshot_11_30_2015_18_0.json	1448924400.0	95.11	250	72
snapshot_11_30_2015_6_0.json	1448881200.0	95.11	250	72
snapshot_12_1_2015_0_0.json	1448946000.0	95.11	250	70
snapshot_12_1_2015_12_0.json	1448989200.0	95.11	250	70
snapshot_12_1_2015_18_0.json	1449010800.0	95.11	250	70
snapshot_12_1_2015_6_0.json	1448967600.0	95.11	250	70
snapshot_12_2_2015_0_0.json	1449032400.0	95.11	250	70
snapshot_12_2_2015_0_0.json	1449032400.0	95.11	250	70
snapshot_12_2_2015_18_0.json	1449097200.0	95.11	250	68
snapshot_12_2_2015_6_0.json	1449054000.0	95.11	250	68
snapshot_12_3_2015_0_0.json	1449118800.0	95.11	250	68
snapshot_12_3_2015_12_0.json	1449162000.0	95.11	250	70
snapshot_12_3_2015_18_0.json	1449183600.0	84.4	250	70
snapshot_12_3_2015_6_0.json	1449140400.0	95.11	250	70
snapshot_12_3_2015_6_0.json	1449140400.0	95.11	250	70
snapshot_12_4_2015_0_0.json	1449205200.0	84.4	250	70
snapshot_12_4_2015_0_0.json	1449205200.0	84.4	250	70
snapshot_12_4_2015_18_0.json	1449270000.0	84.4	245	70
snapshot_12_5_2015_0_0.json	1449291600.0	84.4	245	68
snapshot_12_5_2015_18_0.json	1449356400.0	84.4	245	68
snapshot_12_5_2015_6_0.json	1449313200.0	84.4	245	68
snapshot_12_5_2015_6_0.json	1449313200.0	84.4	245	68
