9258485	2015-11-19T01:00:00Z	Hamilton	Richard Rodgers Theatre	New York New York Metro|664	10036
snapshot_11_16_2015_0_0.json	1447650000.0	412	1667	78
snapshot_11_17_2015_0_0.json	1447736400.0	412	1834	67
snapshot_11_17_2015_12_0.json	1447779600.0	441.25	1834	72
snapshot_11_17_2015_12_0.json	1447779600.0	441.25	1834	72
snapshot_11_17_2015_18_0.json	1447801200.0	470.5	1834	59
snapshot_11_17_2015_6_0.json	1447758000.0	441.25	1834	70
snapshot_11_17_2015_6_0.json	1447758000.0	441.25	1834	70
snapshot_11_18_2015_0_0.json	1447822800.0	392.11	1667	62
snapshot_11_18_2015_12_0.json	1447866000.0	359.64	1667	59
snapshot_11_18_2015_18_0.json	1447887600.0	327.18	1667	32
snapshot_11_18_2015_18_0.json	1447887600.0	327.18	1667	32
snapshot_11_18_2015_6_0.json	1447844400.0	359.64	1667	60
snapshot_11_19_2015_0_0.json	1447909200.0	346.11	725	11
snapshot_11_19_2015_6_0.json	1447930800.0	0	0	0
snapshot_11_20_2015_0_0.json	1447995600.0	0	0	0
snapshot_11_20_2015_12_0.json	1448038800.0	0	0	0
snapshot_12_3_2015_12_0.json	1449162000.0	0	0	0
snapshot_12_3_2015_6_0.json	1449140400.0	0	0	0
snapshot_12_4_2015_0_0.json	1449205200.0	0	0	0
snapshot_12_5_2015_0_0.json	1449291600.0	0	0	0
snapshot_12_5_2015_12_0.json	1449334800.0	0	0	0
9258485	2015-11-19T01:00:00Z	Hamilton	Richard Rodgers Theatre	New York New York Metro|664	10036
snapshot_11_16_2015_0_0.json	1447650000.0	412	1667	78
snapshot_11_17_2015_0_0.json	1447736400.0	412	1834	67
snapshot_11_17_2015_12_0.json	1447779600.0	441.25	1834	72
snapshot_11_17_2015_12_0.json	1447779600.0	441.25	1834	72
snapshot_11_17_2015_18_0.json	1447801200.0	470.5	1834	59
snapshot_11_17_2015_6_0.json	1447758000.0	441.25	1834	70
snapshot_11_17_2015_6_0.json	1447758000.0	441.25	1834	70
snapshot_11_18_2015_0_0.json	1447822800.0	392.11	1667	62
snapshot_11_18_2015_12_0.json	1447866000.0	359.64	1667	59
snapshot_11_18_2015_18_0.json	1447887600.0	327.18	1667	32
snapshot_11_18_2015_18_0.json	1447887600.0	327.18	1667	32
snapshot_11_18_2015_6_0.json	1447844400.0	359.64	1667	60
snapshot_11_19_2015_0_0.json	1447909200.0	346.11	725	11
snapshot_11_19_2015_6_0.json	1447930800.0	0	0	0
snapshot_11_20_2015_0_0.json	1447995600.0	0	0	0
snapshot_11_20_2015_12_0.json	1448038800.0	0	0	0
snapshot_12_3_2015_12_0.json	1449162000.0	0	0	0
snapshot_12_3_2015_6_0.json	1449140400.0	0	0	0
snapshot_12_4_2015_0_0.json	1449205200.0	0	0	0
snapshot_12_5_2015_0_0.json	1449291600.0	0	0	0
snapshot_12_5_2015_12_0.json	1449334800.0	0	0	0
9258485	2015-11-19T01:00:00Z	Hamilton	Richard Rodgers Theatre	New York New York Metro|664	10036
snapshot_11_16_2015_0_0.json	1447650000.0	412	1667	78
snapshot_11_17_2015_0_0.json	1447736400.0	412	1834	67
snapshot_11_17_2015_12_0.json	1447779600.0	441.25	1834	72
snapshot_11_17_2015_12_0.json	1447779600.0	441.25	1834	72
snapshot_11_17_2015_18_0.json	1447801200.0	470.5	1834	59
snapshot_11_17_2015_6_0.json	1447758000.0	441.25	1834	70
snapshot_11_17_2015_6_0.json	1447758000.0	441.25	1834	70
snapshot_11_18_2015_0_0.json	1447822800.0	392.11	1667	62
snapshot_11_18_2015_12_0.json	1447866000.0	359.64	1667	59
snapshot_11_18_2015_18_0.json	1447887600.0	327.18	1667	32
snapshot_11_18_2015_18_0.json	1447887600.0	327.18	1667	32
snapshot_11_18_2015_6_0.json	1447844400.0	359.64	1667	60
snapshot_11_19_2015_0_0.json	1447909200.0	346.11	725	11
snapshot_11_19_2015_6_0.json	1447930800.0	0	0	0
snapshot_11_20_2015_0_0.json	1447995600.0	0	0	0
snapshot_11_20_2015_12_0.json	1448038800.0	0	0	0
snapshot_12_3_2015_12_0.json	1449162000.0	0	0	0
snapshot_12_3_2015_6_0.json	1449140400.0	0	0	0
snapshot_12_4_2015_0_0.json	1449205200.0	0	0	0
snapshot_12_5_2015_0_0.json	1449291600.0	0	0	0
snapshot_12_5_2015_12_0.json	1449334800.0	0	0	0
9258485	2015-11-19T01:00:00Z	Hamilton	Richard Rodgers Theatre	New York New York Metro|664	10036
snapshot_11_16_2015_0_0.json	1447650000.0	412	1667	78
snapshot_11_17_2015_0_0.json	1447736400.0	412	1834	67
snapshot_11_17_2015_12_0.json	1447779600.0	441.25	1834	72
snapshot_11_17_2015_12_0.json	1447779600.0	441.25	1834	72
snapshot_11_17_2015_18_0.json	1447801200.0	470.5	1834	59
snapshot_11_17_2015_6_0.json	1447758000.0	441.25	1834	70
snapshot_11_17_2015_6_0.json	1447758000.0	441.25	1834	70
snapshot_11_18_2015_0_0.json	1447822800.0	392.11	1667	62
snapshot_11_18_2015_12_0.json	1447866000.0	359.64	1667	59
snapshot_11_18_2015_18_0.json	1447887600.0	327.18	1667	32
snapshot_11_18_2015_18_0.json	1447887600.0	327.18	1667	32
snapshot_11_18_2015_6_0.json	1447844400.0	359.64	1667	60
snapshot_11_19_2015_0_0.json	1447909200.0	346.11	725	11
snapshot_11_19_2015_6_0.json	1447930800.0	0	0	0
snapshot_11_20_2015_0_0.json	1447995600.0	0	0	0
snapshot_11_20_2015_12_0.json	1448038800.0	0	0	0
snapshot_12_3_2015_12_0.json	1449162000.0	0	0	0
snapshot_12_3_2015_6_0.json	1449140400.0	0	0	0
snapshot_12_4_2015_0_0.json	1449205200.0	0	0	0
snapshot_12_5_2015_0_0.json	1449291600.0	0	0	0
snapshot_12_5_2015_12_0.json	1449334800.0	0	0	0
