9258516	2015-11-21T19:00:00Z	Hamilton	Richard Rodgers Theatre	New York New York Metro|664	10036
snapshot_11_16_2015_0_0.json	1447650000.0	603.12	1389	91
snapshot_11_17_2015_0_0.json	1447736400.0	603.12	1389	86
snapshot_11_17_2015_12_0.json	1447779600.0	559.83	1389	86
snapshot_11_17_2015_18_0.json	1447801200.0	559.83	1389	86
snapshot_11_18_2015_0_0.json	1447822800.0	559.83	1389	87
snapshot_11_18_2015_18_0.json	1447887600.0	559.83	1389	77
snapshot_11_19_2015_0_0.json	1447909200.0	654.6	1389	73
snapshot_11_19_2015_12_0.json	1447952400.0	646	1389	67
snapshot_11_19_2015_6_0.json	1447930800.0	646	1389	67
snapshot_11_20_2015_0_0.json	1447995600.0	675.25	1389	50
snapshot_11_20_2015_12_0.json	1448038800.0	695.71	1389	42
snapshot_11_21_2015_12_0.json	1448125200.0	434.23	1389	28
snapshot_11_21_2015_18_0.json	1448146800.0	470.5	1100	16
snapshot_11_22_2015_18_0.json	1448233200.0	0	0	0
snapshot_11_23_2015_18_0.json	1448319600.0	0	0	0
snapshot_11_23_2015_6_0.json	1448276400.0	0	0	0
snapshot_11_23_2015_6_0.json	1448276400.0	0	0	0
snapshot_11_24_2015_0_0.json	1448341200.0	0	0	0
snapshot_11_24_2015_12_0.json	1448384400.0	0	0	0
snapshot_12_3_2015_12_0.json	1449162000.0	0	0	0
snapshot_12_3_2015_6_0.json	1449140400.0	0	0	0
snapshot_12_4_2015_0_0.json	1449205200.0	0	0	0
snapshot_12_5_2015_0_0.json	1449291600.0	0	0	0
snapshot_12_5_2015_12_0.json	1449334800.0	0	0	0
9258516	2015-11-21T19:00:00Z	Hamilton	Richard Rodgers Theatre	New York New York Metro|664	10036
snapshot_11_16_2015_0_0.json	1447650000.0	603.12	1389	91
snapshot_11_17_2015_0_0.json	1447736400.0	603.12	1389	86
snapshot_11_17_2015_12_0.json	1447779600.0	559.83	1389	86
snapshot_11_17_2015_18_0.json	1447801200.0	559.83	1389	86
snapshot_11_18_2015_0_0.json	1447822800.0	559.83	1389	87
snapshot_11_18_2015_18_0.json	1447887600.0	559.83	1389	77
snapshot_11_19_2015_0_0.json	1447909200.0	654.6	1389	73
snapshot_11_19_2015_12_0.json	1447952400.0	646	1389	67
snapshot_11_19_2015_6_0.json	1447930800.0	646	1389	67
snapshot_11_20_2015_0_0.json	1447995600.0	675.25	1389	50
snapshot_11_20_2015_12_0.json	1448038800.0	695.71	1389	42
snapshot_11_21_2015_12_0.json	1448125200.0	434.23	1389	28
snapshot_11_21_2015_18_0.json	1448146800.0	470.5	1100	16
snapshot_11_22_2015_18_0.json	1448233200.0	0	0	0
snapshot_11_23_2015_18_0.json	1448319600.0	0	0	0
snapshot_11_23_2015_6_0.json	1448276400.0	0	0	0
snapshot_11_23_2015_6_0.json	1448276400.0	0	0	0
snapshot_11_24_2015_0_0.json	1448341200.0	0	0	0
snapshot_11_24_2015_12_0.json	1448384400.0	0	0	0
snapshot_12_3_2015_12_0.json	1449162000.0	0	0	0
snapshot_12_3_2015_6_0.json	1449140400.0	0	0	0
snapshot_12_4_2015_0_0.json	1449205200.0	0	0	0
snapshot_12_5_2015_0_0.json	1449291600.0	0	0	0
snapshot_12_5_2015_12_0.json	1449334800.0	0	0	0
9258516	2015-11-21T19:00:00Z	Hamilton	Richard Rodgers Theatre	New York New York Metro|664	10036
snapshot_11_16_2015_0_0.json	1447650000.0	603.12	1389	91
snapshot_11_17_2015_0_0.json	1447736400.0	603.12	1389	86
snapshot_11_17_2015_12_0.json	1447779600.0	559.83	1389	86
snapshot_11_17_2015_18_0.json	1447801200.0	559.83	1389	86
snapshot_11_18_2015_0_0.json	1447822800.0	559.83	1389	87
snapshot_11_18_2015_18_0.json	1447887600.0	559.83	1389	77
snapshot_11_19_2015_0_0.json	1447909200.0	654.6	1389	73
snapshot_11_19_2015_12_0.json	1447952400.0	646	1389	67
snapshot_11_19_2015_6_0.json	1447930800.0	646	1389	67
snapshot_11_20_2015_0_0.json	1447995600.0	675.25	1389	50
snapshot_11_20_2015_12_0.json	1448038800.0	695.71	1389	42
snapshot_11_21_2015_12_0.json	1448125200.0	434.23	1389	28
snapshot_11_21_2015_18_0.json	1448146800.0	470.5	1100	16
snapshot_11_22_2015_18_0.json	1448233200.0	0	0	0
snapshot_11_23_2015_18_0.json	1448319600.0	0	0	0
snapshot_11_23_2015_6_0.json	1448276400.0	0	0	0
snapshot_11_23_2015_6_0.json	1448276400.0	0	0	0
snapshot_11_24_2015_0_0.json	1448341200.0	0	0	0
snapshot_11_24_2015_12_0.json	1448384400.0	0	0	0
snapshot_12_3_2015_12_0.json	1449162000.0	0	0	0
snapshot_12_3_2015_6_0.json	1449140400.0	0	0	0
snapshot_12_4_2015_0_0.json	1449205200.0	0	0	0
snapshot_12_5_2015_0_0.json	1449291600.0	0	0	0
snapshot_12_5_2015_12_0.json	1449334800.0	0	0	0
9258516	2015-11-21T19:00:00Z	Hamilton	Richard Rodgers Theatre	New York New York Metro|664	10036
snapshot_11_16_2015_0_0.json	1447650000.0	603.12	1389	91
snapshot_11_17_2015_0_0.json	1447736400.0	603.12	1389	86
snapshot_11_17_2015_12_0.json	1447779600.0	559.83	1389	86
snapshot_11_17_2015_18_0.json	1447801200.0	559.83	1389	86
snapshot_11_18_2015_0_0.json	1447822800.0	559.83	1389	87
snapshot_11_18_2015_18_0.json	1447887600.0	559.83	1389	77
snapshot_11_19_2015_0_0.json	1447909200.0	654.6	1389	73
snapshot_11_19_2015_12_0.json	1447952400.0	646	1389	67
snapshot_11_19_2015_6_0.json	1447930800.0	646	1389	67
snapshot_11_20_2015_0_0.json	1447995600.0	675.25	1389	50
snapshot_11_20_2015_12_0.json	1448038800.0	695.71	1389	42
snapshot_11_21_2015_12_0.json	1448125200.0	434.23	1389	28
snapshot_11_21_2015_18_0.json	1448146800.0	470.5	1100	16
snapshot_11_22_2015_18_0.json	1448233200.0	0	0	0
snapshot_11_23_2015_18_0.json	1448319600.0	0	0	0
snapshot_11_23_2015_6_0.json	1448276400.0	0	0	0
snapshot_11_23_2015_6_0.json	1448276400.0	0	0	0
snapshot_11_24_2015_0_0.json	1448341200.0	0	0	0
snapshot_11_24_2015_12_0.json	1448384400.0	0	0	0
snapshot_12_3_2015_12_0.json	1449162000.0	0	0	0
snapshot_12_3_2015_6_0.json	1449140400.0	0	0	0
snapshot_12_4_2015_0_0.json	1449205200.0	0	0	0
snapshot_12_5_2015_0_0.json	1449291600.0	0	0	0
snapshot_12_5_2015_12_0.json	1449334800.0	0	0	0
