9258527	2015-11-22T01:00:00Z	Hamilton	Richard Rodgers Theatre	New York New York Metro|664	10036
snapshot_11_16_2015_0_0.json	1447650000.0	566.85	2182.5	150
snapshot_11_17_2015_0_0.json	1447736400.0	566.85	2182.5	151
snapshot_11_17_2015_18_0.json	1447801200.0	590.25	1940	141
snapshot_11_17_2015_6_0.json	1447758000.0	566.85	2182.5	151
snapshot_11_18_2015_0_0.json	1447822800.0	586.33	1940	142
snapshot_11_18_2015_12_0.json	1447866000.0	581.65	1697.5	140
snapshot_11_18_2015_18_0.json	1447887600.0	574.63	1750	136
snapshot_11_18_2015_6_0.json	1447844400.0	581.65	1697.5	142
snapshot_11_19_2015_0_0.json	1447909200.0	558.25	1750	126
snapshot_11_19_2015_12_0.json	1447952400.0	552.4	1750	122
snapshot_11_20_2015_0_0.json	1447995600.0	523.16	1667	112
snapshot_11_20_2015_12_0.json	1448038800.0	517.3	1667	106
snapshot_11_20_2015_12_0.json	1448038800.0	517.3	1667	106
snapshot_11_21_2015_12_0.json	1448125200.0	464.65	1112	68
snapshot_11_21_2015_18_0.json	1448146800.0	412	1112	45
snapshot_11_22_2015_0_0.json	1448168400.0	765.75	700	7
snapshot_11_22_2015_18_0.json	1448233200.0	0	0	0
snapshot_11_22_2015_6_0.json	1448190000.0	0	0	0
snapshot_11_23_2015_0_0.json	1448254800.0	0	0	0
snapshot_11_23_2015_12_0.json	1448298000.0	0	0	0
snapshot_11_23_2015_18_0.json	1448319600.0	0	0	0
snapshot_11_23_2015_6_0.json	1448276400.0	0	0	0
snapshot_11_23_2015_6_0.json	1448276400.0	0	0	0
snapshot_11_24_2015_0_0.json	1448341200.0	0	0	0
snapshot_11_24_2015_12_0.json	1448384400.0	0	0	0
snapshot_11_28_2015_18_0.json	1448751600.0	0	0	0
snapshot_11_29_2015_12_0.json	1448816400.0	0	0	0
snapshot_11_29_2015_6_0.json	1448794800.0	0	0	0
snapshot_12_3_2015_12_0.json	1449162000.0	0	0	0
snapshot_12_3_2015_6_0.json	1449140400.0	0	0	0
snapshot_12_4_2015_0_0.json	1449205200.0	0	0	0
snapshot_12_5_2015_0_0.json	1449291600.0	0	0	0
snapshot_12_5_2015_12_0.json	1449334800.0	0	0	0
9258527	2015-11-22T01:00:00Z	Hamilton	Richard Rodgers Theatre	New York New York Metro|664	10036
snapshot_11_16_2015_0_0.json	1447650000.0	566.85	2182.5	150
snapshot_11_17_2015_0_0.json	1447736400.0	566.85	2182.5	151
snapshot_11_17_2015_18_0.json	1447801200.0	590.25	1940	141
snapshot_11_17_2015_6_0.json	1447758000.0	566.85	2182.5	151
snapshot_11_18_2015_0_0.json	1447822800.0	586.33	1940	142
snapshot_11_18_2015_12_0.json	1447866000.0	581.65	1697.5	140
snapshot_11_18_2015_18_0.json	1447887600.0	574.63	1750	136
snapshot_11_18_2015_6_0.json	1447844400.0	581.65	1697.5	142
snapshot_11_19_2015_0_0.json	1447909200.0	558.25	1750	126
snapshot_11_19_2015_12_0.json	1447952400.0	552.4	1750	122
snapshot_11_20_2015_0_0.json	1447995600.0	523.16	1667	112
snapshot_11_20_2015_12_0.json	1448038800.0	517.3	1667	106
snapshot_11_20_2015_12_0.json	1448038800.0	517.3	1667	106
snapshot_11_21_2015_12_0.json	1448125200.0	464.65	1112	68
snapshot_11_21_2015_18_0.json	1448146800.0	412	1112	45
snapshot_11_22_2015_0_0.json	1448168400.0	765.75	700	7
snapshot_11_22_2015_18_0.json	1448233200.0	0	0	0
snapshot_11_22_2015_6_0.json	1448190000.0	0	0	0
snapshot_11_23_2015_0_0.json	1448254800.0	0	0	0
snapshot_11_23_2015_12_0.json	1448298000.0	0	0	0
snapshot_11_23_2015_18_0.json	1448319600.0	0	0	0
snapshot_11_23_2015_6_0.json	1448276400.0	0	0	0
snapshot_11_23_2015_6_0.json	1448276400.0	0	0	0
snapshot_11_24_2015_0_0.json	1448341200.0	0	0	0
snapshot_11_24_2015_12_0.json	1448384400.0	0	0	0
snapshot_11_28_2015_18_0.json	1448751600.0	0	0	0
snapshot_11_29_2015_12_0.json	1448816400.0	0	0	0
snapshot_11_29_2015_6_0.json	1448794800.0	0	0	0
snapshot_12_3_2015_12_0.json	1449162000.0	0	0	0
snapshot_12_3_2015_6_0.json	1449140400.0	0	0	0
snapshot_12_4_2015_0_0.json	1449205200.0	0	0	0
snapshot_12_5_2015_0_0.json	1449291600.0	0	0	0
snapshot_12_5_2015_12_0.json	1449334800.0	0	0	0
9258527	2015-11-22T01:00:00Z	Hamilton	Richard Rodgers Theatre	New York New York Metro|664	10036
snapshot_11_16_2015_0_0.json	1447650000.0	566.85	2182.5	150
snapshot_11_17_2015_0_0.json	1447736400.0	566.85	2182.5	151
snapshot_11_17_2015_18_0.json	1447801200.0	590.25	1940	141
snapshot_11_17_2015_6_0.json	1447758000.0	566.85	2182.5	151
snapshot_11_18_2015_0_0.json	1447822800.0	586.33	1940	142
snapshot_11_18_2015_12_0.json	1447866000.0	581.65	1697.5	140
snapshot_11_18_2015_18_0.json	1447887600.0	574.63	1750	136
snapshot_11_18_2015_6_0.json	1447844400.0	581.65	1697.5	142
snapshot_11_19_2015_0_0.json	1447909200.0	558.25	1750	126
snapshot_11_19_2015_12_0.json	1447952400.0	552.4	1750	122
snapshot_11_20_2015_0_0.json	1447995600.0	523.16	1667	112
snapshot_11_20_2015_12_0.json	1448038800.0	517.3	1667	106
snapshot_11_20_2015_12_0.json	1448038800.0	517.3	1667	106
snapshot_11_21_2015_12_0.json	1448125200.0	464.65	1112	68
snapshot_11_21_2015_18_0.json	1448146800.0	412	1112	45
snapshot_11_22_2015_0_0.json	1448168400.0	765.75	700	7
snapshot_11_22_2015_18_0.json	1448233200.0	0	0	0
snapshot_11_22_2015_6_0.json	1448190000.0	0	0	0
snapshot_11_23_2015_0_0.json	1448254800.0	0	0	0
snapshot_11_23_2015_12_0.json	1448298000.0	0	0	0
snapshot_11_23_2015_18_0.json	1448319600.0	0	0	0
snapshot_11_23_2015_6_0.json	1448276400.0	0	0	0
snapshot_11_23_2015_6_0.json	1448276400.0	0	0	0
snapshot_11_24_2015_0_0.json	1448341200.0	0	0	0
snapshot_11_24_2015_12_0.json	1448384400.0	0	0	0
snapshot_11_28_2015_18_0.json	1448751600.0	0	0	0
snapshot_11_29_2015_12_0.json	1448816400.0	0	0	0
snapshot_11_29_2015_6_0.json	1448794800.0	0	0	0
snapshot_12_3_2015_12_0.json	1449162000.0	0	0	0
snapshot_12_3_2015_6_0.json	1449140400.0	0	0	0
snapshot_12_4_2015_0_0.json	1449205200.0	0	0	0
snapshot_12_5_2015_0_0.json	1449291600.0	0	0	0
snapshot_12_5_2015_12_0.json	1449334800.0	0	0	0
9258527	2015-11-22T01:00:00Z	Hamilton	Richard Rodgers Theatre	New York New York Metro|664	10036
snapshot_11_16_2015_0_0.json	1447650000.0	566.85	2182.5	150
snapshot_11_17_2015_0_0.json	1447736400.0	566.85	2182.5	151
snapshot_11_17_2015_18_0.json	1447801200.0	590.25	1940	141
snapshot_11_17_2015_6_0.json	1447758000.0	566.85	2182.5	151
snapshot_11_18_2015_0_0.json	1447822800.0	586.33	1940	142
snapshot_11_18_2015_12_0.json	1447866000.0	581.65	1697.5	140
snapshot_11_18_2015_18_0.json	1447887600.0	574.63	1750	136
snapshot_11_18_2015_6_0.json	1447844400.0	581.65	1697.5	142
snapshot_11_19_2015_0_0.json	1447909200.0	558.25	1750	126
snapshot_11_19_2015_12_0.json	1447952400.0	552.4	1750	122
snapshot_11_20_2015_0_0.json	1447995600.0	523.16	1667	112
snapshot_11_20_2015_12_0.json	1448038800.0	517.3	1667	106
snapshot_11_20_2015_12_0.json	1448038800.0	517.3	1667	106
snapshot_11_21_2015_12_0.json	1448125200.0	464.65	1112	68
snapshot_11_21_2015_18_0.json	1448146800.0	412	1112	45
snapshot_11_22_2015_0_0.json	1448168400.0	765.75	700	7
snapshot_11_22_2015_18_0.json	1448233200.0	0	0	0
snapshot_11_22_2015_6_0.json	1448190000.0	0	0	0
snapshot_11_23_2015_0_0.json	1448254800.0	0	0	0
snapshot_11_23_2015_12_0.json	1448298000.0	0	0	0
snapshot_11_23_2015_18_0.json	1448319600.0	0	0	0
snapshot_11_23_2015_6_0.json	1448276400.0	0	0	0
snapshot_11_23_2015_6_0.json	1448276400.0	0	0	0
snapshot_11_24_2015_0_0.json	1448341200.0	0	0	0
snapshot_11_24_2015_12_0.json	1448384400.0	0	0	0
snapshot_11_28_2015_18_0.json	1448751600.0	0	0	0
snapshot_11_29_2015_12_0.json	1448816400.0	0	0	0
snapshot_11_29_2015_6_0.json	1448794800.0	0	0	0
snapshot_12_3_2015_12_0.json	1449162000.0	0	0	0
snapshot_12_3_2015_6_0.json	1449140400.0	0	0	0
snapshot_12_4_2015_0_0.json	1449205200.0	0	0	0
snapshot_12_5_2015_0_0.json	1449291600.0	0	0	0
snapshot_12_5_2015_12_0.json	1449334800.0	0	0	0
