9258549	2015-11-18T00:00:00Z	Hamilton	Richard Rodgers Theatre	New York New York Metro|664	10036
snapshot_11_16_2015_0_0.json	1447650000.0	482.61	1144	45
snapshot_11_17_2015_0_0.json	1447736400.0	509.11	1144	36
snapshot_11_17_2015_12_0.json	1447779600.0	599.2	1144	31
snapshot_11_17_2015_6_0.json	1447758000.0	599.2	1144	31
snapshot_11_17_2015_6_0.json	1447758000.0	599.2	1144	31
snapshot_11_18_2015_0_0.json	1447822800.0	0	0	0
snapshot_11_18_2015_12_0.json	1447866000.0	0	0	0
snapshot_11_18_2015_6_0.json	1447844400.0	0	0	0
snapshot_11_18_2015_6_0.json	1447844400.0	0	0	0
snapshot_11_19_2015_0_0.json	1447909200.0	0	0	0
snapshot_11_19_2015_0_0.json	1447909200.0	0	0	0
snapshot_11_19_2015_12_0.json	1447952400.0	0	0	0
snapshot_11_20_2015_0_0.json	1447995600.0	0	0	0
snapshot_11_20_2015_12_0.json	1448038800.0	0	0	0
snapshot_11_30_2015_0_0.json	1448859600.0	0	0	0
snapshot_11_30_2015_0_0.json	1448859600.0	0	0	0
snapshot_11_30_2015_12_0.json	1448902800.0	0	0	0
snapshot_11_30_2015_12_0.json	1448902800.0	0	0	0
snapshot_11_30_2015_6_0.json	1448881200.0	0	0	0
snapshot_12_3_2015_12_0.json	1449162000.0	0	0	0
snapshot_12_3_2015_6_0.json	1449140400.0	0	0	0
snapshot_12_4_2015_0_0.json	1449205200.0	0	0	0
snapshot_12_5_2015_0_0.json	1449291600.0	0	0	0
snapshot_12_5_2015_12_0.json	1449334800.0	0	0	0
9258549	2015-11-18T00:00:00Z	Hamilton	Richard Rodgers Theatre	New York New York Metro|664	10036
snapshot_11_16_2015_0_0.json	1447650000.0	482.61	1144	45
snapshot_11_17_2015_0_0.json	1447736400.0	509.11	1144	36
snapshot_11_17_2015_12_0.json	1447779600.0	599.2	1144	31
snapshot_11_17_2015_6_0.json	1447758000.0	599.2	1144	31
snapshot_11_17_2015_6_0.json	1447758000.0	599.2	1144	31
snapshot_11_18_2015_0_0.json	1447822800.0	0	0	0
snapshot_11_18_2015_12_0.json	1447866000.0	0	0	0
snapshot_11_18_2015_6_0.json	1447844400.0	0	0	0
snapshot_11_18_2015_6_0.json	1447844400.0	0	0	0
snapshot_11_19_2015_0_0.json	1447909200.0	0	0	0
snapshot_11_19_2015_0_0.json	1447909200.0	0	0	0
snapshot_11_19_2015_12_0.json	1447952400.0	0	0	0
snapshot_11_20_2015_0_0.json	1447995600.0	0	0	0
snapshot_11_20_2015_12_0.json	1448038800.0	0	0	0
snapshot_11_30_2015_0_0.json	1448859600.0	0	0	0
snapshot_11_30_2015_0_0.json	1448859600.0	0	0	0
snapshot_11_30_2015_12_0.json	1448902800.0	0	0	0
snapshot_11_30_2015_12_0.json	1448902800.0	0	0	0
snapshot_11_30_2015_6_0.json	1448881200.0	0	0	0
snapshot_12_3_2015_12_0.json	1449162000.0	0	0	0
snapshot_12_3_2015_6_0.json	1449140400.0	0	0	0
snapshot_12_4_2015_0_0.json	1449205200.0	0	0	0
snapshot_12_5_2015_0_0.json	1449291600.0	0	0	0
snapshot_12_5_2015_12_0.json	1449334800.0	0	0	0
9258549	2015-11-18T00:00:00Z	Hamilton	Richard Rodgers Theatre	New York New York Metro|664	10036
snapshot_11_16_2015_0_0.json	1447650000.0	482.61	1144	45
snapshot_11_17_2015_0_0.json	1447736400.0	509.11	1144	36
snapshot_11_17_2015_12_0.json	1447779600.0	599.2	1144	31
snapshot_11_17_2015_6_0.json	1447758000.0	599.2	1144	31
snapshot_11_17_2015_6_0.json	1447758000.0	599.2	1144	31
snapshot_11_18_2015_0_0.json	1447822800.0	0	0	0
snapshot_11_18_2015_12_0.json	1447866000.0	0	0	0
snapshot_11_18_2015_6_0.json	1447844400.0	0	0	0
snapshot_11_18_2015_6_0.json	1447844400.0	0	0	0
snapshot_11_19_2015_0_0.json	1447909200.0	0	0	0
snapshot_11_19_2015_0_0.json	1447909200.0	0	0	0
snapshot_11_19_2015_12_0.json	1447952400.0	0	0	0
snapshot_11_20_2015_0_0.json	1447995600.0	0	0	0
snapshot_11_20_2015_12_0.json	1448038800.0	0	0	0
snapshot_11_30_2015_0_0.json	1448859600.0	0	0	0
snapshot_11_30_2015_0_0.json	1448859600.0	0	0	0
snapshot_11_30_2015_12_0.json	1448902800.0	0	0	0
snapshot_11_30_2015_12_0.json	1448902800.0	0	0	0
snapshot_11_30_2015_6_0.json	1448881200.0	0	0	0
snapshot_12_3_2015_12_0.json	1449162000.0	0	0	0
snapshot_12_3_2015_6_0.json	1449140400.0	0	0	0
snapshot_12_4_2015_0_0.json	1449205200.0	0	0	0
snapshot_12_5_2015_0_0.json	1449291600.0	0	0	0
snapshot_12_5_2015_12_0.json	1449334800.0	0	0	0
9258549	2015-11-18T00:00:00Z	Hamilton	Richard Rodgers Theatre	New York New York Metro|664	10036
snapshot_11_16_2015_0_0.json	1447650000.0	482.61	1144	45
snapshot_11_17_2015_0_0.json	1447736400.0	509.11	1144	36
snapshot_11_17_2015_12_0.json	1447779600.0	599.2	1144	31
snapshot_11_17_2015_6_0.json	1447758000.0	599.2	1144	31
snapshot_11_17_2015_6_0.json	1447758000.0	599.2	1144	31
snapshot_11_18_2015_0_0.json	1447822800.0	0	0	0
snapshot_11_18_2015_12_0.json	1447866000.0	0	0	0
snapshot_11_18_2015_6_0.json	1447844400.0	0	0	0
snapshot_11_18_2015_6_0.json	1447844400.0	0	0	0
snapshot_11_19_2015_0_0.json	1447909200.0	0	0	0
snapshot_11_19_2015_0_0.json	1447909200.0	0	0	0
snapshot_11_19_2015_12_0.json	1447952400.0	0	0	0
snapshot_11_20_2015_0_0.json	1447995600.0	0	0	0
snapshot_11_20_2015_12_0.json	1448038800.0	0	0	0
snapshot_11_30_2015_0_0.json	1448859600.0	0	0	0
snapshot_11_30_2015_0_0.json	1448859600.0	0	0	0
snapshot_11_30_2015_12_0.json	1448902800.0	0	0	0
snapshot_11_30_2015_12_0.json	1448902800.0	0	0	0
snapshot_11_30_2015_6_0.json	1448881200.0	0	0	0
snapshot_12_3_2015_12_0.json	1449162000.0	0	0	0
snapshot_12_3_2015_6_0.json	1449140400.0	0	0	0
snapshot_12_4_2015_0_0.json	1449205200.0	0	0	0
snapshot_12_5_2015_0_0.json	1449291600.0	0	0	0
snapshot_12_5_2015_12_0.json	1449334800.0	0	0	0
