9258538	2015-11-21T01:00:00Z	Hamilton	Richard Rodgers Theatre	New York New York Metro|664	10036
snapshot_11_16_2015_0_0.json	1447650000.0	513.03	1455	162
snapshot_11_17_2015_12_0.json	1447779600.0	513.03	1455	157
snapshot_11_17_2015_6_0.json	1447758000.0	513.03	1455	157
snapshot_11_17_2015_6_0.json	1447758000.0	513.03	1455	157
snapshot_11_18_2015_0_0.json	1447822800.0	455	1456	149
snapshot_11_18_2015_0_0.json	1447822800.0	455	1456	149
snapshot_11_18_2015_12_0.json	1447866000.0	455	1456	146
snapshot_11_18_2015_18_0.json	1447887600.0	419.13	1500	135
snapshot_11_18_2015_6_0.json	1447844400.0	455	1456	144
snapshot_11_19_2015_0_0.json	1447909200.0	419.13	1500	110
snapshot_11_19_2015_12_0.json	1447952400.0	419.13	1400	105
snapshot_11_19_2015_6_0.json	1447930800.0	419.13	1400	105
snapshot_11_20_2015_0_0.json	1447995600.0	434.24	1250	85
snapshot_11_20_2015_12_0.json	1448038800.0	417.86	1100	80
snapshot_11_20_2015_12_0.json	1448038800.0	417.86	1100	80
snapshot_11_21_2015_18_0.json	1448146800.0	0	0	0
snapshot_11_22_2015_0_0.json	1448168400.0	0	0	0
snapshot_11_22_2015_12_0.json	1448211600.0	0	0	0
snapshot_12_3_2015_12_0.json	1449162000.0	0	0	0
snapshot_12_3_2015_6_0.json	1449140400.0	0	0	0
snapshot_12_4_2015_0_0.json	1449205200.0	0	0	0
snapshot_12_5_2015_0_0.json	1449291600.0	0	0	0
snapshot_12_5_2015_12_0.json	1449334800.0	0	0	0
9258538	2015-11-21T01:00:00Z	Hamilton	Richard Rodgers Theatre	New York New York Metro|664	10036
snapshot_11_16_2015_0_0.json	1447650000.0	513.03	1455	162
snapshot_11_17_2015_12_0.json	1447779600.0	513.03	1455	157
snapshot_11_17_2015_6_0.json	1447758000.0	513.03	1455	157
snapshot_11_17_2015_6_0.json	1447758000.0	513.03	1455	157
snapshot_11_18_2015_0_0.json	1447822800.0	455	1456	149
snapshot_11_18_2015_0_0.json	1447822800.0	455	1456	149
snapshot_11_18_2015_12_0.json	1447866000.0	455	1456	146
snapshot_11_18_2015_18_0.json	1447887600.0	419.13	1500	135
snapshot_11_18_2015_6_0.json	1447844400.0	455	1456	144
snapshot_11_19_2015_0_0.json	1447909200.0	419.13	1500	110
snapshot_11_19_2015_12_0.json	1447952400.0	419.13	1400	105
snapshot_11_19_2015_6_0.json	1447930800.0	419.13	1400	105
snapshot_11_20_2015_0_0.json	1447995600.0	434.24	1250	85
snapshot_11_20_2015_12_0.json	1448038800.0	417.86	1100	80
snapshot_11_20_2015_12_0.json	1448038800.0	417.86	1100	80
snapshot_11_21_2015_18_0.json	1448146800.0	0	0	0
snapshot_11_22_2015_0_0.json	1448168400.0	0	0	0
snapshot_11_22_2015_12_0.json	1448211600.0	0	0	0
snapshot_12_3_2015_12_0.json	1449162000.0	0	0	0
snapshot_12_3_2015_6_0.json	1449140400.0	0	0	0
snapshot_12_4_2015_0_0.json	1449205200.0	0	0	0
snapshot_12_5_2015_0_0.json	1449291600.0	0	0	0
snapshot_12_5_2015_12_0.json	1449334800.0	0	0	0
9258538	2015-11-21T01:00:00Z	Hamilton	Richard Rodgers Theatre	New York New York Metro|664	10036
snapshot_11_16_2015_0_0.json	1447650000.0	513.03	1455	162
snapshot_11_17_2015_12_0.json	1447779600.0	513.03	1455	157
snapshot_11_17_2015_6_0.json	1447758000.0	513.03	1455	157
snapshot_11_17_2015_6_0.json	1447758000.0	513.03	1455	157
snapshot_11_18_2015_0_0.json	1447822800.0	455	1456	149
snapshot_11_18_2015_0_0.json	1447822800.0	455	1456	149
snapshot_11_18_2015_12_0.json	1447866000.0	455	1456	146
snapshot_11_18_2015_18_0.json	1447887600.0	419.13	1500	135
snapshot_11_18_2015_6_0.json	1447844400.0	455	1456	144
snapshot_11_19_2015_0_0.json	1447909200.0	419.13	1500	110
snapshot_11_19_2015_12_0.json	1447952400.0	419.13	1400	105
snapshot_11_19_2015_6_0.json	1447930800.0	419.13	1400	105
snapshot_11_20_2015_0_0.json	1447995600.0	434.24	1250	85
snapshot_11_20_2015_12_0.json	1448038800.0	417.86	1100	80
snapshot_11_20_2015_12_0.json	1448038800.0	417.86	1100	80
snapshot_11_21_2015_18_0.json	1448146800.0	0	0	0
snapshot_11_22_2015_0_0.json	1448168400.0	0	0	0
snapshot_11_22_2015_12_0.json	1448211600.0	0	0	0
snapshot_12_3_2015_12_0.json	1449162000.0	0	0	0
snapshot_12_3_2015_6_0.json	1449140400.0	0	0	0
snapshot_12_4_2015_0_0.json	1449205200.0	0	0	0
snapshot_12_5_2015_0_0.json	1449291600.0	0	0	0
snapshot_12_5_2015_12_0.json	1449334800.0	0	0	0
9258538	2015-11-21T01:00:00Z	Hamilton	Richard Rodgers Theatre	New York New York Metro|664	10036
snapshot_11_16_2015_0_0.json	1447650000.0	513.03	1455	162
snapshot_11_17_2015_12_0.json	1447779600.0	513.03	1455	157
snapshot_11_17_2015_6_0.json	1447758000.0	513.03	1455	157
snapshot_11_17_2015_6_0.json	1447758000.0	513.03	1455	157
snapshot_11_18_2015_0_0.json	1447822800.0	455	1456	149
snapshot_11_18_2015_0_0.json	1447822800.0	455	1456	149
snapshot_11_18_2015_12_0.json	1447866000.0	455	1456	146
snapshot_11_18_2015_18_0.json	1447887600.0	419.13	1500	135
snapshot_11_18_2015_6_0.json	1447844400.0	455	1456	144
snapshot_11_19_2015_0_0.json	1447909200.0	419.13	1500	110
snapshot_11_19_2015_12_0.json	1447952400.0	419.13	1400	105
snapshot_11_19_2015_6_0.json	1447930800.0	419.13	1400	105
snapshot_11_20_2015_0_0.json	1447995600.0	434.24	1250	85
snapshot_11_20_2015_12_0.json	1448038800.0	417.86	1100	80
snapshot_11_20_2015_12_0.json	1448038800.0	417.86	1100	80
snapshot_11_21_2015_18_0.json	1448146800.0	0	0	0
snapshot_11_22_2015_0_0.json	1448168400.0	0	0	0
snapshot_11_22_2015_12_0.json	1448211600.0	0	0	0
snapshot_12_3_2015_12_0.json	1449162000.0	0	0	0
snapshot_12_3_2015_6_0.json	1449140400.0	0	0	0
snapshot_12_4_2015_0_0.json	1449205200.0	0	0	0
snapshot_12_5_2015_0_0.json	1449291600.0	0	0	0
snapshot_12_5_2015_12_0.json	1449334800.0	0	0	0
