9259559	2015-12-05T00:31:00Z	PARKING PASSES ONLY Juanes	American Airlines Arena Parking Lots	Florida Miami / S. Florida|669	33132
snapshot_11_16_2015_0_0.json	1447650000.0	38.7	38.68	90
snapshot_11_17_2015_0_0.json	1447736400.0	0	0	0
snapshot_11_17_2015_12_0.json	1447779600.0	0	0	0
snapshot_11_17_2015_18_0.json	1447801200.0	0	0	0
snapshot_11_17_2015_6_0.json	1447758000.0	0	0	0
snapshot_11_17_2015_6_0.json	1447758000.0	0	0	0
snapshot_11_18_2015_0_0.json	1447822800.0	0	0	0
snapshot_11_18_2015_12_0.json	1447866000.0	0	0	0
snapshot_11_18_2015_18_0.json	1447887600.0	0	0	0
snapshot_11_18_2015_6_0.json	1447844400.0	0	0	0
snapshot_11_19_2015_0_0.json	1447909200.0	0	0	0
snapshot_11_19_2015_12_0.json	1447952400.0	0	0	0
snapshot_11_19_2015_12_0.json	1447952400.0	0	0	0
snapshot_11_19_2015_6_0.json	1447930800.0	0	0	0
snapshot_11_19_2015_6_0.json	1447930800.0	0	0	0
snapshot_11_20_2015_0_0.json	1447995600.0	0	0	0
snapshot_11_20_2015_0_0.json	1447995600.0	0	0	0
snapshot_11_20_2015_12_0.json	1448038800.0	0	0	0
snapshot_11_21_2015_12_0.json	1448125200.0	17.89	46.42	76
snapshot_11_21_2015_18_0.json	1448146800.0	17.89	46.42	76
snapshot_11_22_2015_12_0.json	1448211600.0	17.89	46.42	106
snapshot_11_22_2015_18_0.json	1448233200.0	17.89	46.42	106
snapshot_11_22_2015_18_0.json	1448233200.0	17.89	46.42	106
snapshot_11_22_2015_6_0.json	1448190000.0	17.89	46.42	106
snapshot_11_22_2015_6_0.json	1448190000.0	17.89	46.42	106
snapshot_11_23_2015_0_0.json	1448254800.0	17.89	46.42	106
snapshot_11_23_2015_0_0.json	1448254800.0	17.89	46.42	106
snapshot_11_23_2015_12_0.json	1448298000.0	17.89	46.42	106
snapshot_11_23_2015_6_0.json	1448276400.0	17.89	46.42	106
snapshot_11_23_2015_6_0.json	1448276400.0	17.89	46.42	106
snapshot_11_24_2015_0_0.json	1448341200.0	17.89	46.42	106
snapshot_11_24_2015_0_0.json	1448341200.0	17.89	46.42	106
snapshot_11_24_2015_12_0.json	1448384400.0	17.89	46.42	106
snapshot_11_24_2015_18_0.json	1448406000.0	17.89	46.42	106
snapshot_11_25_2015_0_0.json	1448427600.0	17.89	46.42	106
snapshot_11_25_2015_12_0.json	1448470800.0	17.89	46.42	106
snapshot_11_25_2015_18_0.json	1448492400.0	17.89	46.42	106
snapshot_11_25_2015_18_0.json	1448492400.0	17.89	46.42	106
snapshot_11_25_2015_6_0.json	1448449200.0	17.89	46.42	106
snapshot_11_26_2015_0_0.json	1448514000.0	17.89	46.42	106
snapshot_11_27_2015_18_0.json	1448665200.0	17.89	46.42	106
snapshot_11_28_2015_12_0.json	1448730000.0	17.89	46.42	106
snapshot_11_28_2015_18_0.json	1448751600.0	17.89	46.42	106
snapshot_11_28_2015_6_0.json	1448708400.0	17.89	46.42	106
snapshot_11_29_2015_0_0.json	1448773200.0	17.89	46.42	106
snapshot_11_29_2015_18_0.json	1448838000.0	17.89	70	107
snapshot_11_29_2015_6_0.json	1448794800.0	17.89	70	107
snapshot_11_30_2015_0_0.json	1448859600.0	17.89	70	107
snapshot_11_30_2015_0_0.json	1448859600.0	17.89	70	107
snapshot_11_30_2015_12_0.json	1448902800.0	17.89	70	107
snapshot_11_30_2015_18_0.json	1448924400.0	17.89	70	107
snapshot_11_30_2015_18_0.json	1448924400.0	17.89	70	107
snapshot_11_30_2015_6_0.json	1448881200.0	17.89	70	107
snapshot_11_30_2015_6_0.json	1448881200.0	17.89	70	107
snapshot_12_1_2015_0_0.json	1448946000.0	56.81	70	106
snapshot_12_1_2015_12_0.json	1448989200.0	56.81	70	106
snapshot_12_1_2015_6_0.json	1448967600.0	56.81	70	106
snapshot_12_2_2015_12_0.json	1449075600.0	0	0	0
snapshot_12_2_2015_18_0.json	1449097200.0	72.7	60	1
snapshot_12_2_2015_6_0.json	1449054000.0	0	0	0
snapshot_12_3_2015_0_0.json	1449118800.0	56.81	60	76
snapshot_12_3_2015_12_0.json	1449162000.0	56.81	60	76
snapshot_12_3_2015_18_0.json	1449183600.0	56.81	60	76
snapshot_12_3_2015_6_0.json	1449140400.0	56.81	60	76
snapshot_12_4_2015_0_0.json	1449205200.0	56.81	60	76
snapshot_12_4_2015_12_0.json	1449248400.0	56.81	60	76
snapshot_12_4_2015_18_0.json	1449270000.0	56.81	60	76
snapshot_12_4_2015_6_0.json	1449226800.0	56.81	60	76
snapshot_12_5_2015_12_0.json	1449334800.0	0	0	0
snapshot_12_5_2015_12_0.json	1449334800.0	0	0	0
snapshot_12_5_2015_18_0.json	1449356400.0	0	0	0
snapshot_12_5_2015_18_0.json	1449356400.0	0	0	0
snapshot_12_5_2015_6_0.json	1449313200.0	0	0	0
9259559	2015-12-05T00:31:00Z	PARKING PASSES ONLY Juanes	American Airlines Arena Parking Lots	Florida Miami / S. Florida|669	33132
snapshot_11_16_2015_0_0.json	1447650000.0	38.7	38.68	90
snapshot_11_17_2015_0_0.json	1447736400.0	0	0	0
snapshot_11_17_2015_12_0.json	1447779600.0	0	0	0
snapshot_11_17_2015_18_0.json	1447801200.0	0	0	0
snapshot_11_17_2015_6_0.json	1447758000.0	0	0	0
snapshot_11_17_2015_6_0.json	1447758000.0	0	0	0
snapshot_11_18_2015_0_0.json	1447822800.0	0	0	0
snapshot_11_18_2015_12_0.json	1447866000.0	0	0	0
snapshot_11_18_2015_18_0.json	1447887600.0	0	0	0
snapshot_11_18_2015_6_0.json	1447844400.0	0	0	0
snapshot_11_19_2015_0_0.json	1447909200.0	0	0	0
snapshot_11_19_2015_12_0.json	1447952400.0	0	0	0
snapshot_11_19_2015_12_0.json	1447952400.0	0	0	0
snapshot_11_19_2015_6_0.json	1447930800.0	0	0	0
snapshot_11_19_2015_6_0.json	1447930800.0	0	0	0
snapshot_11_20_2015_0_0.json	1447995600.0	0	0	0
snapshot_11_20_2015_0_0.json	1447995600.0	0	0	0
snapshot_11_20_2015_12_0.json	1448038800.0	0	0	0
snapshot_11_21_2015_12_0.json	1448125200.0	17.89	46.42	76
snapshot_11_21_2015_18_0.json	1448146800.0	17.89	46.42	76
snapshot_11_22_2015_12_0.json	1448211600.0	17.89	46.42	106
snapshot_11_22_2015_18_0.json	1448233200.0	17.89	46.42	106
snapshot_11_22_2015_18_0.json	1448233200.0	17.89	46.42	106
snapshot_11_22_2015_6_0.json	1448190000.0	17.89	46.42	106
snapshot_11_22_2015_6_0.json	1448190000.0	17.89	46.42	106
snapshot_11_23_2015_0_0.json	1448254800.0	17.89	46.42	106
snapshot_11_23_2015_0_0.json	1448254800.0	17.89	46.42	106
snapshot_11_23_2015_12_0.json	1448298000.0	17.89	46.42	106
snapshot_11_23_2015_6_0.json	1448276400.0	17.89	46.42	106
snapshot_11_23_2015_6_0.json	1448276400.0	17.89	46.42	106
snapshot_11_24_2015_0_0.json	1448341200.0	17.89	46.42	106
snapshot_11_24_2015_0_0.json	1448341200.0	17.89	46.42	106
snapshot_11_24_2015_12_0.json	1448384400.0	17.89	46.42	106
snapshot_11_24_2015_18_0.json	1448406000.0	17.89	46.42	106
snapshot_11_25_2015_0_0.json	1448427600.0	17.89	46.42	106
snapshot_11_25_2015_12_0.json	1448470800.0	17.89	46.42	106
snapshot_11_25_2015_18_0.json	1448492400.0	17.89	46.42	106
snapshot_11_25_2015_18_0.json	1448492400.0	17.89	46.42	106
snapshot_11_25_2015_6_0.json	1448449200.0	17.89	46.42	106
snapshot_11_26_2015_0_0.json	1448514000.0	17.89	46.42	106
snapshot_11_27_2015_18_0.json	1448665200.0	17.89	46.42	106
snapshot_11_28_2015_12_0.json	1448730000.0	17.89	46.42	106
snapshot_11_28_2015_18_0.json	1448751600.0	17.89	46.42	106
snapshot_11_28_2015_6_0.json	1448708400.0	17.89	46.42	106
snapshot_11_29_2015_0_0.json	1448773200.0	17.89	46.42	106
snapshot_11_29_2015_18_0.json	1448838000.0	17.89	70	107
snapshot_11_29_2015_6_0.json	1448794800.0	17.89	70	107
snapshot_11_30_2015_0_0.json	1448859600.0	17.89	70	107
snapshot_11_30_2015_0_0.json	1448859600.0	17.89	70	107
snapshot_11_30_2015_12_0.json	1448902800.0	17.89	70	107
snapshot_11_30_2015_18_0.json	1448924400.0	17.89	70	107
snapshot_11_30_2015_18_0.json	1448924400.0	17.89	70	107
snapshot_11_30_2015_6_0.json	1448881200.0	17.89	70	107
snapshot_11_30_2015_6_0.json	1448881200.0	17.89	70	107
snapshot_12_1_2015_0_0.json	1448946000.0	56.81	70	106
snapshot_12_1_2015_12_0.json	1448989200.0	56.81	70	106
snapshot_12_1_2015_6_0.json	1448967600.0	56.81	70	106
snapshot_12_2_2015_12_0.json	1449075600.0	0	0	0
snapshot_12_2_2015_18_0.json	1449097200.0	72.7	60	1
snapshot_12_2_2015_6_0.json	1449054000.0	0	0	0
snapshot_12_3_2015_0_0.json	1449118800.0	56.81	60	76
snapshot_12_3_2015_12_0.json	1449162000.0	56.81	60	76
snapshot_12_3_2015_18_0.json	1449183600.0	56.81	60	76
snapshot_12_3_2015_6_0.json	1449140400.0	56.81	60	76
snapshot_12_4_2015_0_0.json	1449205200.0	56.81	60	76
snapshot_12_4_2015_12_0.json	1449248400.0	56.81	60	76
snapshot_12_4_2015_18_0.json	1449270000.0	56.81	60	76
snapshot_12_4_2015_6_0.json	1449226800.0	56.81	60	76
snapshot_12_5_2015_12_0.json	1449334800.0	0	0	0
snapshot_12_5_2015_12_0.json	1449334800.0	0	0	0
snapshot_12_5_2015_18_0.json	1449356400.0	0	0	0
snapshot_12_5_29259559	2015-12-05T00:31:00Z	PARKING PASSES ONLY Juanes	American Airlines Arena Parking Lots	Florida Miami / S. Florida|669	33132
snapshot_11_16_2015_0_0.json	1447650000.0	38.7	38.68	90
snapshot_11_17_2015_0_0.json	1447736400.0	0	0	0
snapshot_11_17_2015_12_0.json	1447779600.0	0	0	0
snapshot_11_17_2015_18_0.json	1447801200.0	0	0	0
snapshot_11_17_2015_6_0.json	1447758000.0	0	0	0
snapshot_11_17_2015_6_0.json	1447758000.0	0	0	0
snapshot_11_18_2015_0_0.json	1447822800.0	0	0	0
snapshot_11_18_2015_12_0.json	1447866000.0	0	0	0
snapshot_11_18_2015_18_0.json	1447887600.0	0	0	0
snapshot_11_18_2015_6_0.json	1447844400.0	0	0	0
snapshot_11_19_2015_0_0.json	1447909200.0	0	0	0
snapshot_11_19_2015_12_0.json	1447952400.0	0	0	0
snapshot_11_19_2015_12_0.json	1447952400.0	0	0	0
snapshot_11_19_2015_6_0.json	1447930800.0	0	0	0
snapshot_11_19_2015_6_0.json	1447930800.0	0	0	0
snapshot_11_20_2015_0_0.json	1447995600.0	0	0	0
snapshot_11_20_2015_0_0.json	1447995600.0	0	0	0
snapshot_11_20_2015_12_0.json	1448038800.0	0	0	0
snapshot_11_21_2015_12_0.json	1448125200.0	17.89	46.42	76
snapshot_11_21_2015_18_0.json	1448146800.0	17.89	46.42	76
snapshot_11_22_2015_12_0.json	1448211600.0	17.89	46.42	106
snapshot_11_22_2015_18_0.json	1448233200.0	17.89	46.42	106
snapshot_11_22_2015_18_0.json	1448233200.0	17.89	46.42	106
snapshot_11_22_2015_6_0.json	1448190000.0	17.89	46.42	106
snapshot_11_22_2015_6_0.json	1448190000.0	17.89	46.42	106
snapshot_11_23_2015_0_0.json	1448254800.0	17.89	46.42	106
snapshot_11_23_2015_0_0.json	1448254800.0	17.89	46.42	106
snapshot_11_23_2015_12_0.json	1448298000.0	17.89	46.42	106
snapshot_11_23_2015_6_0.json	1448276400.0	17.89	46.42	106
snapshot_11_23_2015_6_0.json	1448276400.0	17.89	46.42	106
snapshot_11_24_2015_0_0.json	1448341200.0	17.89	46.42	106
snapshot_11_24_2015_0_0.json	1448341200.0	17.89	46.42	106
snapshot_11_24_2015_12_0.json	1448384400.0	17.89	46.42	106
snapshot_11_24_2015_18_0.json	1448406000.0	17.89	46.42	106
snapshot_11_25_2015_0_0.json	1448427600.0	17.89	46.42	106
snapshot_11_25_2015_12_0.json	1448470800.0	17.89	46.42	106
snapshot_11_25_2015_18_0.json	1448492400.0	17.89	46.42	106
snapshot_11_25_2015_18_0.json	1448492400.0	17.89	46.42	106
snapshot_11_25_2015_6_0.json	1448449200.0	17.89	46.42	106
snapshot_11_26_2015_0_0.json	1448514000.0	17.89	46.42	106
snapshot_11_27_2015_18_0.json	1448665200.0	17.89	46.42	106
snapshot_11_28_2015_12_0.json	1448730000.0	17.89	46.42	106
snapshot_11_28_2015_18_0.json	1448751600.0	17.89	46.42	106
snapshot_11_28_2015_6_0.json	1448708400.0	17.89	46.42	106
snapshot_11_29_2015_0_0.json	1448773200.0	17.89	46.42	106
snapshot_11_29_2015_18_0.json	1448838000.0	17.89	70	107
snapshot_11_29_2015_6_0.json	1448794800.0	17.89	70	107
snapshot_11_30_2015_0_0.json	1448859600.0	17.89	70	107
snapshot_11_30_2015_0_0.json	1448859600.0	17.89	70	107
snapshot_11_30_2015_12_0.json	1448902800.0	17.89	70	107
snapshot_11_30_2015_18_0.json	1448924400.0	17.89	70	107
snapshot_11_30_2015_18_0.json	1448924400.0	17.89	70	107
snapshot_11_30_2015_6_0.json	1448881200.0	17.89	70	107
snapshot_11_30_2015_6_0.json	1448881200.0	17.89	70	107
snapshot_12_1_2015_0_0.json	1448946000.0	56.81	70	106
snapshot_12_1_2015_12_0.json	1448989200.0	56.81	70	106
snapshot_12_1_2015_6_0.json	1448967600.0	56.81	70	106
snapshot_12_2_2015_12_0.json	1449075600.0	0	0	0
snapshot_12_2_2015_18_0.json	1449097200.0	72.7	60	1
snapshot_12_2_2015_6_0.json	1449054000.0	0	0	0
snapshot_12_3_2015_0_0.json	1449118800.0	56.81	60	76
snapshot_12_3_2015_12_0.json	1449162000.0	56.81	60	76
snapshot_12_3_2015_18_0.json	1449183600.0	56.81	60	76
snapshot_12_3_2015_6_0.json	1449140400.0	56.81	60	76
snapshot_12_4_2015_0_0.json	1449205200.0	56.81	60	76
snapshot_12_4_2015_12_0.json	1449248400.0	56.81	60	76
snapshot_12_4_2015_18_0.json	1449270000.0	56.81	60	76
snapshot_12_4_2015_6_0.json	1449226800.0	56.81	60	76
snapshot_12_5_2015_12_0.json	1449334800.0	0	0	0
snapshot_12_5_2015_12_0.json	1449334800.0	0	0	0
snapshot_12_5_2015_18_0.json	1449356400.0	0	0	0
snapshot_12_5_2015_18_0.json	1449356400.0	0	0	0
snapshot_12_5_2015_6_0.json	1449313200.0	0	0	0
9259559	2015-12-05T00:31:00Z	PARKING PASSES ONLY Juanes	American Airlines Arena Parking Lots	Florida Miami / S. Florida|669	33132
snapshot_11_16_2015_0_0.json	1447650000.0	38.7	38.68	90
snapshot_11_17_2015_0_0.json	1447736400.0	0	0	0
snapshot_11_17_2015_12_0.json	1447779600.0	0	0	0
snapshot_11_17_2015_18_0.json	1447801200.0	0	0	0
snapshot_11_17_2015_6_0.json	1447758000.0	0	0	0
snapshot_11_17_2015_6_0.json	1447758000.0	0	0	0
snapshot_11_18_2015_0_0.json	1447822800.0	0	0	0
snapshot_11_18_2015_12_0.json	1447866000.0	0	0	0
snapshot_11_18_2015_18_0.json	1447887600.0	0	0	0
snapshot_11_18_2015_6_0.json	1447844400.0	0	0	0
snapshot_11_19_2015_0_0.json	1447909200.0	0	0	0
snapshot_11_19_2015_12_0.json	1447952400.0	0	0	0
snapshot_11_19_2015_12_0.json	1447952400.0	0	0	0
snapshot_11_19_2015_6_0.json	1447930800.0	0	0	0
snapshot_11_19_2015_6_0.json	1447930800.0	0	0	0
snapshot_11_20_2015_0_0.json	1447995600.0	0	0	0
snapshot_11_20_2015_0_0.json	1447995600.0	0	0	0
snapshot_11_20_2015_12_0.json	1448038800.0	0	0	0
snapshot_11_21_2015_12_0.json	1448125200.0	17.89	46.42	76
snapshot_11_21_2015_18_0.json	1448146800.0	17.89	46.42	76
snapshot_11_22_2015_12_0.json	1448211600.0	17.89	46.42	106
snapshot_11_22_2015_18_0.json	1448233200.0	17.89	46.42	106
snapshot_11_22_2015_18_0.json	1448233200.0	17.89	46.42	106
snapshot_11_22_2015_6_0.json	1448190000.0	17.89	46.42	106
snapshot_11_22_2015_6_0.json	1448190000.0	17.89	46.42	106
snapshot_11_23_2015_0_0.json	1448254800.0	17.89	46.42	106
snapshot_11_23_2015_0_0.json	1448254800.0	17.89	46.42	106
snapshot_11_23_2015_12_0.json	1448298000.0	17.89	46.42	106
snapshot_11_23_2015_6_0.json	1448276400.0	17.89	46.42	106
snapshot_11_23_2015_6_0.json	1448276400.0	17.89	46.42	106
snapshot_11_24_2015_0_0.json	1448341200.0	17.89	46.42	106
snapshot_11_24_2015_0_0.json	1448341200.0	17.89	46.42	106
snapshot_11_24_2015_12_0.json	1448384400.0	17.89	46.42	106
snapshot_11_24_2015_18_0.json	1448406000.0	17.89	46.42	106
snapshot_11_25_2015_0_0.json	1448427600.0	17.89	46.42	106
snapshot_11_25_2015_12_0.json	1448470800.0	17.89	46.42	106
snapshot_11_25_2015_18_0.json	1448492400.0	17.89	46.42	106
snapshot_11_25_2015_18_0.json	1448492400.0	17.89	46.42	106
snapshot_11_25_2015_6_0.json	1448449200.0	17.89	46.42	106
snapshot_11_26_2015_0_0.json	1448514000.0	17.89	46.42	106
snapshot_11_27_2015_18_0.json	1448665200.0	17.89	46.42	106
snapshot_11_28_2015_12_0.json	1448730000.0	17.89	46.42	106
snapshot_11_28_2015_18_0.json	1448751600.0	17.89	46.42	106
snapshot_11_28_2015_6_0.json	1448708400.0	17.89	46.42	106
snapshot_11_29_2015_0_0.json	1448773200.0	17.89	46.42	106
snapshot_11_29_2015_18_0.json	1448838000.0	17.89	70	107
snapshot_11_29_2015_6_0.json	1448794800.0	17.89	70	107
snapshot_11_30_2015_0_0.json	1448859600.0	17.89	70	107
snapshot_11_30_2015_0_0.json	1448859600.0	17.89	70	107
snapshot_11_30_2015_12_0.json	1448902800.0	17.89	70	107
snapshot_11_30_2015_18_0.json	1448924400.0	17.89	70	107
snapshot_11_30_2015_18_0.json	1448924400.0	17.89	70	107
snapshot_11_30_2015_6_0.json	1448881200.0	17.89	70	107
snapshot_11_30_2015_6_0.json	1448881200.0	17.89	70	107
snapshot_12_1_2015_0_0.json	1448946000.0	56.81	70	106
snapshot_12_1_2015_12_0.json	1448989200.0	56.81	70	106
snapshot_12_1_2015_6_0.json	1448967600.0	56.81	70	106
snapshot_12_2_2015_12_0.json	1449075600.0	0	0	0
snapshot_12_2_2015_18_0.json	1449097200.0	72.7	60	1
snapshot_12_2_2015_6_0.json	1449054000.0	0	0	0
snapshot_12_3_2015_0_0.json	1449118800.0	56.81	60	76
snapshot_12_3_2015_12_0.json	1449162000.0	56.81	60	76
snapshot_12_3_2015_18_0.json	1449183600.0	56.81	60	76
snapshot_12_3_2015_6_0.json	1449140400.0	56.81	60	76
snapshot_12_4_2015_0_0.json	1449205200.0	56.81	60	76
snapshot_12_4_2015_12_0.json	1449248400.0	56.81	60	76
snapshot_12_4_2015_18_0.json	1449270000.0	56.81	60	76
snapshot_12_4_2015_6_0.json	1449226800.0	56.81	60	76
snapshot_12_5_2015_12_0.json	1449334800.0	0	0	0
snapshot_12_5_2015_12_0.json	1449334800.0	0	0	0
snapshot_12_5_2015_18_0.json	1449356400.0	0	0	0
snapshot_12_5_2
