9259556	2015-12-05T00:30:00Z	Juanes	American Airlines Arena	Florida Miami / S. Florida|669	33132
snapshot_11_16_2015_0_0.json	1447650000.0	43.52	1295	706
snapshot_11_17_2015_0_0.json	1447736400.0	43.52	1295	704
snapshot_11_17_2015_12_0.json	1447779600.0	43.52	1295	704
snapshot_11_17_2015_18_0.json	1447801200.0	43.52	1295	706
snapshot_11_17_2015_6_0.json	1447758000.0	43.52	1295	702
snapshot_11_17_2015_6_0.json	1447758000.0	43.52	1295	702
snapshot_11_18_2015_0_0.json	1447822800.0	43.52	1295	711
snapshot_11_18_2015_12_0.json	1447866000.0	43.52	1295	711
snapshot_11_18_2015_18_0.json	1447887600.0	43.52	1295	711
snapshot_11_18_2015_6_0.json	1447844400.0	43.52	1295	711
snapshot_11_19_2015_0_0.json	1447909200.0	43.52	1295	711
snapshot_11_19_2015_0_0.json	1447909200.0	43.52	1295	711
snapshot_11_19_2015_6_0.json	1447930800.0	43.52	1295	709
snapshot_11_20_2015_0_0.json	1447995600.0	43.52	1295	692
snapshot_11_20_2015_12_0.json	1448038800.0	43.52	1295	692
snapshot_11_21_2015_12_0.json	1448125200.0	43.45	1295	700
snapshot_11_21_2015_18_0.json	1448146800.0	43.45	1295	704
snapshot_11_21_2015_18_0.json	1448146800.0	43.45	1295	704
snapshot_11_22_2015_0_0.json	1448168400.0	43.45	1295	701
snapshot_11_22_2015_12_0.json	1448211600.0	43.45	1295	704
snapshot_11_22_2015_12_0.json	1448211600.0	43.45	1295	704
snapshot_11_22_2015_18_0.json	1448233200.0	43.45	1295	702
snapshot_11_22_2015_6_0.json	1448190000.0	43.45	1295	704
snapshot_11_23_2015_0_0.json	1448254800.0	43.45	1295	700
snapshot_11_23_2015_18_0.json	1448319600.0	37.4	648	706
snapshot_11_24_2015_0_0.json	1448341200.0	37.4	648	702
snapshot_11_24_2015_12_0.json	1448384400.0	37.4	648	718
snapshot_11_24_2015_18_0.json	1448406000.0	37.4	648	742
snapshot_11_24_2015_6_0.json	1448362800.0	37.4	648	717
snapshot_11_25_2015_0_0.json	1448427600.0	37.4	648	730
snapshot_11_25_2015_18_0.json	1448492400.0	32.63	648	731
snapshot_11_26_2015_0_0.json	1448514000.0	32.63	648	729
snapshot_11_26_2015_0_0.json	1448514000.0	32.63	648	729
snapshot_11_27_2015_18_0.json	1448665200.0	25.9	648	712
snapshot_11_28_2015_0_0.json	1448686800.0	22.47	648	699
snapshot_11_28_2015_0_0.json	1448686800.0	22.47	648	699
snapshot_11_28_2015_12_0.json	1448730000.0	22.47	648	695
snapshot_11_28_2015_18_0.json	1448751600.0	22.47	648	685
snapshot_11_28_2015_6_0.json	1448708400.0	22.47	648	695
snapshot_11_28_2015_6_0.json	1448708400.0	22.47	648	695
snapshot_11_29_2015_0_0.json	1448773200.0	22.47	648	681
snapshot_11_29_2015_12_0.json	1448816400.0	21.44	648	666
snapshot_11_29_2015_18_0.json	1448838000.0	23.08	648	653
snapshot_11_30_2015_0_0.json	1448859600.0	22.68	648	645
snapshot_11_30_2015_12_0.json	1448902800.0	22.68	648	631
snapshot_11_30_2015_18_0.json	1448924400.0	22.68	583	616
snapshot_11_30_2015_6_0.json	1448881200.0	22.68	648	631
snapshot_12_1_2015_0_0.json	1448946000.0	21.51	583	610
snapshot_12_1_2015_12_0.json	1448989200.0	24.1	583	594
snapshot_12_1_2015_18_0.json	1449010800.0	24.1	559	569
snapshot_12_1_2015_6_0.json	1448967600.0	24.1	583	594
snapshot_12_2_2015_0_0.json	1449032400.0	23.27	556	501
snapshot_12_2_2015_12_0.json	1449075600.0	22.14	556	501
snapshot_12_2_2015_18_0.json	1449097200.0	22.14	556	499
snapshot_12_2_2015_6_0.json	1449054000.0	22.14	556	501
snapshot_12_3_2015_0_0.json	1449118800.0	27.07	556	470
snapshot_12_3_2015_12_0.json	1449162000.0	32.34	556	411
snapshot_12_3_2015_18_0.json	1449183600.0	32.34	556	400
snapshot_12_3_2015_6_0.json	1449140400.0	32.34	556	413
snapshot_12_4_2015_0_0.json	1449205200.0	21.1	556	398
snapshot_12_4_2015_12_0.json	1449248400.0	22.79	501	381
snapshot_12_4_2015_18_0.json	1449270000.0	31.75	360	336
snapshot_12_4_2015_6_0.json	1449226800.0	22.79	501	383
snapshot_12_5_2015_0_0.json	1449291600.0	9.52	399	285
snapshot_12_5_2015_12_0.json	1449334800.0	0	0	0
snapshot_12_5_2015_12_0.json	1449334800.0	0	0	0
snapshot_12_5_2015_18_0.json	1449356400.0	0	0	0
9259556	2015-12-05T00:30:00Z	Juanes	American Airlines Arena	Florida Miami / S. Florida|669	33132
snapshot_11_16_2015_0_0.json	1447650000.0	43.52	1295	706
snapshot_11_17_2015_0_0.json	1447736400.0	43.52	1295	704
snapshot_11_17_2015_12_0.json	1447779600.0	43.52	1295	704
snapshot_11_17_2015_18_0.json	1447801200.0	43.52	1295	706
snapshot_11_17_2015_6_0.json	1447758000.0	43.52	1295	702
snapshot_11_17_2015_6_0.json	1447758000.0	43.52	1295	702
snapshot_11_18_2015_0_0.json	1447822800.0	43.52	1295	711
snapshot_11_18_2015_12_0.json	1447866000.0	43.52	1295	711
snapshot_11_18_2015_18_0.json	1447887600.0	43.52	1295	711
snapshot_11_18_2015_6_0.json	1447844400.0	43.52	1295	711
snapshot_11_19_2015_0_0.json	1447909200.0	43.52	1295	711
snapshot_11_19_2015_0_0.json	1447909200.0	43.52	1295	711
snapshot_11_19_2015_6_0.json	1447930800.0	43.52	1295	709
snapshot_11_20_2015_0_0.json	1447995600.0	43.52	1295	692
snapshot_11_20_2015_12_0.json	1448038800.0	43.52	1295	692
snapshot_11_21_2015_12_0.json	1448125200.0	43.45	1295	700
snapshot_11_21_2015_18_0.json	1448146800.0	43.45	1295	704
snapshot_11_21_2015_18_0.json	1448146800.0	43.45	1295	704
snapshot_11_22_2015_0_0.json	1448168400.0	43.45	1295	701
snapshot_11_22_2015_12_0.json	1448211600.0	43.45	1295	704
snapshot_11_22_2015_12_0.json	1448211600.0	43.45	1295	704
snapshot_11_22_2015_18_0.json	1448233200.0	43.45	1295	702
snapshot_11_22_2015_6_0.json	1448190000.0	43.45	1295	704
snapshot_11_23_2015_0_0.json	1448254800.0	43.45	1295	700
snapshot_11_23_2015_18_0.json	1448319600.0	37.4	648	706
snapshot_11_24_2015_0_0.json	1448341200.0	37.4	648	702
snapshot_11_24_2015_12_0.json	1448384400.0	37.4	648	718
snapshot_11_24_2015_18_0.json	1448406000.0	37.4	648	742
snapshot_11_24_2015_6_0.json	1448362800.0	37.4	648	717
snapshot_11_25_2015_0_0.json	1448427600.0	37.4	648	730
snapshot_11_25_2015_18_0.json	1448492400.0	32.63	648	731
snapshot_11_26_2015_0_0.json	1448514000.0	32.63	648	729
snapshot_11_26_2015_0_0.json	1448514000.0	32.63	648	729
snapshot_11_27_2015_18_0.json	1448665200.0	25.9	648	712
snapshot_11_28_2015_0_0.json	1448686800.0	22.47	648	699
snapshot_11_28_2015_0_0.json	1448686800.0	22.47	648	699
snapshot_11_28_2015_12_0.json	1448730000.0	22.47	648	695
snapshot_11_28_2015_18_0.json	1448751600.0	22.47	648	685
snapshot_11_28_2015_6_0.json	1448708400.0	22.47	648	695
snapshot_11_28_2015_6_0.json	1448708400.0	22.47	648	695
snapshot_11_29_2015_0_0.json	1448773200.0	22.47	648	681
snapshot_11_29_2015_12_0.json	1448816400.0	21.44	648	666
snapshot_11_29_2015_18_0.json	1448838000.0	23.08	648	653
snapshot_11_30_2015_0_0.json	1448859600.0	22.68	648	645
snapshot_11_30_2015_12_0.json	1448902800.0	22.68	648	631
snapshot_11_30_2015_18_0.json	1448924400.0	22.68	583	616
snapshot_11_30_2015_6_0.json	1448881200.0	22.68	648	631
snapshot_12_1_2015_0_0.json	1448946000.0	21.51	583	610
snapshot_12_1_2015_12_0.json	1448989200.0	24.1	583	594
snapshot_12_1_2015_18_0.json	1449010800.0	24.1	559	569
snapshot_12_1_2015_6_0.json	1448967600.0	24.1	583	594
snapshot_12_2_2015_0_0.json	1449032400.0	23.27	556	501
snapshot_12_2_2015_12_0.json	1449075600.0	22.14	556	501
snapshot_12_2_2015_18_0.json	1449097200.0	22.14	556	499
snapshot_12_2_2015_6_0.json	1449054000.0	22.14	556	501
snapshot_12_3_2015_0_0.json	1449118800.0	27.07	556	470
snapshot_12_3_2015_12_0.json	1449162000.0	32.34	556	411
snapshot_12_3_2015_18_0.json	1449183600.0	32.34	556	400
snapshot_12_3_2015_6_0.json	1449140400.0	32.34	556	413
snapshot_12_4_2015_0_0.json	1449205200.0	21.1	556	398
snapshot_12_4_2015_12_0.json	1449248400.0	22.79	501	381
snapshot_12_4_2015_18_0.json	1449270000.0	31.75	360	336
snapshot_12_4_2015_6_0.json	1449226800.0	22.79	501	383
snapshot_12_5_2015_0_0.json	1449291600.0	9.52	399	285
snapshot_12_5_2015_12_0.json	1449334800.0	0	0	0
snapshot_12_5_2015_12_0.json	1449334800.0	0	0	0
snapshot_12_5_2015_18_0.json	1449356400.0	0	0	0
9259556	2015-12-05T00:30:00Z	Juanes	American Airlines Arena	Florida Miami / S. Florida|669	33132
snapshot_11_16_2015_0_0.json	1447650000.0	43.52	1295	706
snapshot_11_17_2015_0_0.json	1447736400.0	43.52	1295	704
snapshot_11_17_2015_12_0.json	1447779600.0	43.52	1295	704
snapshot_11_17_2015_18_0.json	1447801200.0	43.52	1295	706
snapshot_11_17_2015_6_0.json	1447758000.0	43.52	1295	702
snapshot_11_17_2015_6_0.json	1447758000.0	43.52	1295	702
snapshot_11_18_2015_0_0.json	1447822800.0	43.52	1295	711
snapshot_11_18_2015_12_0.json	1447866000.0	43.52	1295	711
snapshot_11_18_2015_18_0.json	1447887600.0	43.52	1295	711
snapshot_11_18_2015_6_0.json	1447844400.0	43.52	1295	711
snapshot_11_19_2015_0_0.json	1447909200.0	43.52	1295	711
snapshot_11_19_2015_0_0.json	1447909200.0	43.52	1295	711
snapshot_11_19_2015_6_0.json	1447930800.0	43.52	1295	709
snapshot_11_20_2015_0_0.json	1447995600.0	43.52	1295	692
snapshot_11_20_2015_12_0.json	1448038800.0	43.52	1295	692
snapshot_11_21_2015_12_0.json	1448125200.0	43.45	1295	700
snapshot_11_21_2015_18_0.json	1448146800.0	43.45	1295	704
snapshot_11_21_2015_18_0.json	1448146800.0	43.45	1295	704
snapshot_11_22_2015_0_0.json	1448168400.0	43.45	1295	701
snapshot_11_22_2015_12_0.json	1448211600.0	43.45	1295	704
snapshot_11_22_2015_12_0.json	1448211600.0	43.45	1295	704
snapshot_11_22_2015_18_0.json	1448233200.0	43.45	1295	702
snapshot_11_22_2015_6_0.json	1448190000.0	43.45	1295	704
snapshot_11_23_2015_0_0.json	1448254800.0	43.45	1295	700
snapshot_11_23_2015_18_0.json	1448319600.0	37.4	648	706
snapshot_11_24_2015_0_0.json	1448341200.0	37.4	648	702
snapshot_11_24_2015_12_0.json	1448384400.0	37.4	648	718
snapshot_11_24_2015_18_0.json	1448406000.0	37.4	648	742
snapshot_11_24_2015_6_0.json	1448362800.0	37.4	648	717
snapshot_11_25_2015_0_0.json	1448427600.0	37.4	648	730
snapshot_11_25_2015_18_0.json	1448492400.0	32.63	648	731
snapshot_11_26_2015_0_0.json	1448514000.0	32.63	648	729
snapshot_11_26_2015_0_0.json	1448514000.0	32.63	648	729
snapshot_11_27_2015_18_0.json	1448665200.0	25.9	648	712
snapshot_11_28_2015_0_0.json	1448686800.0	22.47	648	699
snapshot_11_28_2015_0_0.json	1448686800.0	22.47	648	699
snapshot_11_28_2015_12_0.json	1448730000.0	22.47	648	695
snapshot_11_28_2015_18_0.json	1448751600.0	22.47	648	685
snapshot_11_28_2015_6_0.json	1448708400.0	22.47	648	695
snapshot_11_28_2015_6_0.json	1448708400.0	22.47	648	695
snapshot_11_29_2015_0_0.json	1448773200.0	22.47	648	681
snapshot_11_29_2015_12_0.json	1448816400.0	21.44	648	666
snapshot_11_29_2015_18_0.json	1448838000.0	23.08	648	653
snapshot_11_30_2015_0_0.json	1448859600.0	22.68	648	645
snapshot_11_30_2015_12_0.json	1448902800.0	22.68	648	631
snapshot_11_30_2015_18_0.json	1448924400.0	22.68	583	616
snapshot_11_30_2015_6_0.json	1448881200.0	22.68	648	631
snapshot_12_1_2015_0_0.json	1448946000.0	21.51	583	610
snapshot_12_1_2015_12_0.json	1448989200.0	24.1	583	594
snapshot_12_1_2015_18_0.json	1449010800.0	24.1	559	569
snapshot_12_1_2015_6_0.json	1448967600.0	24.1	583	594
snapshot_12_2_2015_0_0.json	1449032400.0	23.27	556	501
snapshot_12_2_2015_12_0.json	1449075600.0	22.14	556	501
snapshot_12_2_2015_18_0.json	1449097200.0	22.14	556	499
snapshot_12_2_2015_6_0.json	1449054000.0	22.14	556	501
snapshot_12_3_2015_0_0.json	1449118800.0	27.07	556	470
snapshot_12_3_2015_12_0.json	1449162000.0	32.34	556	411
snapshot_12_3_2015_18_0.json	1449183600.0	32.34	556	400
snapshot_12_3_2015_6_0.json	1449140400.0	32.34	556	413
snapshot_12_4_2015_0_0.json	1449205200.0	21.1	556	398
snapshot_12_4_2015_12_0.json	1449248400.0	22.79	501	381
snapshot_12_4_2015_18_0.json	1449270000.0	31.75	360	336
snapshot_12_4_2015_6_0.json	1449226800.0	22.79	501	383
snapshot_12_5_2015_0_0.json	1449291600.0	9.52	399	285
snapshot_12_5_2015_12_0.json	1449334800.0	0	0	0
snapshot_12_5_2015_12_0.json	1449334800.0	0	0	0
snapshot_12_5_2015_18_0.json	1449356400.0	0	0	0
9259556	2015-12-05T00:30:00Z	Juanes	American Airlines Arena	Florida Miami / S. Florida|669	33132
snapshot_11_16_2015_0_0.json	1447650000.0	43.52	1295	706
snapshot_11_17_2015_0_0.json	1447736400.0	43.52	1295	704
snapshot_11_17_2015_12_0.json	1447779600.0	43.52	1295	704
snapshot_11_17_2015_18_0.json	1447801200.0	43.52	1295	706
snapshot_11_17_2015_6_0.json	1447758000.0	43.52	1295	702
snapshot_11_17_2015_6_0.json	1447758000.0	43.52	1295	702
snapshot_11_18_2015_0_0.json	1447822800.0	43.52	1295	711
snapshot_11_18_2015_12_0.json	1447866000.0	43.52	1295	711
snapshot_11_18_2015_18_0.json	1447887600.0	43.52	1295	711
snapshot_11_18_2015_6_0.json	1447844400.0	43.52	1295	711
snapshot_11_19_2015_0_0.json	1447909200.0	43.52	1295	711
snapshot_11_19_2015_0_0.json	1447909200.0	43.52	1295	711
snapshot_11_19_2015_6_0.json	1447930800.0	43.52	1295	709
snapshot_11_20_2015_0_0.json	1447995600.0	43.52	1295	692
snapshot_11_20_2015_12_0.json	1448038800.0	43.52	1295	692
snapshot_11_21_2015_12_0.json	1448125200.0	43.45	1295	700
snapshot_11_21_2015_18_0.json	1448146800.0	43.45	1295	704
snapshot_11_21_2015_18_0.json	1448146800.0	43.45	1295	704
snapshot_11_22_2015_0_0.json	1448168400.0	43.45	1295	701
snapshot_11_22_2015_12_0.json	1448211600.0	43.45	1295	704
snapshot_11_22_2015_12_0.json	1448211600.0	43.45	1295	704
snapshot_11_22_2015_18_0.json	1448233200.0	43.45	1295	702
snapshot_11_22_2015_6_0.json	1448190000.0	43.45	1295	704
snapshot_11_23_2015_0_0.json	1448254800.0	43.45	1295	700
snapshot_11_23_2015_18_0.json	1448319600.0	37.4	648	706
snapshot_11_24_2015_0_0.json	1448341200.0	37.4	648	702
snapshot_11_24_2015_12_0.json	1448384400.0	37.4	648	718
snapshot_11_24_2015_18_0.json	1448406000.0	37.4	648	742
snapshot_11_24_2015_6_0.json	1448362800.0	37.4	648	717
snapshot_11_25_2015_0_0.json	1448427600.0	37.4	648	730
snapshot_11_25_2015_18_0.json	1448492400.0	32.63	648	731
snapshot_11_26_2015_0_0.json	1448514000.0	32.63	648	729
snapshot_11_26_2015_0_0.json	1448514000.0	32.63	648	729
snapshot_11_27_2015_18_0.json	1448665200.0	25.9	648	712
snapshot_11_28_2015_0_0.json	1448686800.0	22.47	648	699
snapshot_11_28_2015_0_0.json	1448686800.0	22.47	648	699
snapshot_11_28_2015_12_0.json	1448730000.0	22.47	648	695
snapshot_11_28_2015_18_0.json	1448751600.0	22.47	648	685
snapshot_11_28_2015_6_0.json	1448708400.0	22.47	648	695
snapshot_11_28_2015_6_0.json	1448708400.0	22.47	648	695
snapshot_11_29_2015_0_0.json	1448773200.0	22.47	648	681
snapshot_11_29_2015_12_0.json	1448816400.0	21.44	648	666
snapshot_11_29_2015_18_0.json	1448838000.0	23.08	648	653
snapshot_11_30_2015_0_0.json	1448859600.0	22.68	648	645
snapshot_11_30_2015_12_0.json	1448902800.0	22.68	648	631
snapshot_11_30_2015_18_0.json	1448924400.0	22.68	583	616
snapshot_11_30_2015_6_0.json	1448881200.0	22.68	648	631
snapshot_12_1_2015_0_0.json	1448946000.0	21.51	583	610
snapshot_12_1_2015_12_0.json	1448989200.0	24.1	583	594
snapshot_12_1_2015_18_0.json	1449010800.0	24.1	559	569
snapshot_12_1_2015_6_0.json	1448967600.0	24.1	583	594
snapshot_12_2_2015_0_0.json	1449032400.0	23.27	556	501
snapshot_12_2_2015_12_0.json	1449075600.0	22.14	556	501
snapshot_12_2_2015_18_0.json	1449097200.0	22.14	556	499
snapshot_12_2_2015_6_0.json	1449054000.0	22.14	556	501
snapshot_12_3_2015_0_0.json	1449118800.0	27.07	556	470
snapshot_12_3_2015_12_0.json	1449162000.0	32.34	556	411
snapshot_12_3_2015_18_0.json	1449183600.0	32.34	556	400
snapshot_12_3_2015_6_0.json	1449140400.0	32.34	556	413
snapshot_12_4_2015_0_0.json	1449205200.0	21.1	556	398
snapshot_12_4_2015_12_0.json	1449248400.0	22.79	501	381
snapshot_12_4_2015_18_0.json	1449270000.0	31.75	360	336
snapshot_12_4_2015_6_0.json	1449226800.0	22.79	501	383
snapshot_12_5_2015_0_0.json	1449291600.0	9.52	399	285
snapshot_12_5_2015_12_0.json	1449334800.0	0	0	0
snapshot_12_5_2015_12_0.json	1449334800.0	0	0	0
snapshot_12_5_2015_18_0.json	1449356400.0	0	0	0
