9259189	2015-12-06T04:00:00Z	Andrea Bocelli	MGM Grand Garden Arena	Nevada Las Vegas|689	89109
snapshot_11_17_2015_0_0.json	1447736400.0	139.8	9995	593
snapshot_11_17_2015_12_0.json	1447779600.0	139.8	9995	577
snapshot_11_17_2015_18_0.json	1447801200.0	139.8	9995	566
snapshot_11_17_2015_6_0.json	1447758000.0	139.8	9995	579
snapshot_11_17_2015_6_0.json	1447758000.0	139.8	9995	579
snapshot_11_18_2015_0_0.json	1447822800.0	139.8	9995	563
snapshot_11_18_2015_12_0.json	1447866000.0	139.8	9995	569
snapshot_11_18_2015_18_0.json	1447887600.0	139.8	9995	571
snapshot_11_18_2015_6_0.json	1447844400.0	139.8	9995	571
snapshot_11_19_2015_0_0.json	1447909200.0	139.8	2562.18	563
snapshot_11_19_2015_12_0.json	1447952400.0	139.8	2562.18	553
snapshot_11_19_2015_6_0.json	1447930800.0	139.8	2562.18	549
snapshot_11_20_2015_12_0.json	1448038800.0	139.8	2562.18	637
snapshot_11_21_2015_12_0.json	1448125200.0	139.8	2562.18	612
snapshot_11_21_2015_18_0.json	1448146800.0	139.8	2562.18	612
snapshot_11_22_2015_0_0.json	1448168400.0	136.52	2562.18	610
snapshot_11_22_2015_12_0.json	1448211600.0	136.52	2562.18	610
snapshot_11_22_2015_6_0.json	1448190000.0	136.52	2562.18	614
snapshot_11_23_2015_0_0.json	1448254800.0	125.35	2562.18	602
snapshot_11_23_2015_12_0.json	1448298000.0	113.65	2562.18	585
snapshot_11_23_2015_18_0.json	1448319600.0	113.65	2562.18	571
snapshot_11_23_2015_6_0.json	1448276400.0	113.65	2562.18	595
snapshot_11_24_2015_0_0.json	1448341200.0	125.35	2562.18	572
snapshot_11_24_2015_12_0.json	1448384400.0	125.35	2562.18	570
snapshot_11_24_2015_18_0.json	1448406000.0	125.35	2562.18	565
snapshot_11_24_2015_6_0.json	1448362800.0	125.35	2562.18	572
snapshot_11_25_2015_0_0.json	1448427600.0	127.52	2562.18	535
snapshot_11_25_2015_12_0.json	1448470800.0	124.11	2562.18	550
snapshot_11_25_2015_18_0.json	1448492400.0	121.08	2562.18	561
snapshot_11_25_2015_6_0.json	1448449200.0	124.11	2562.18	556
snapshot_11_26_2015_0_0.json	1448514000.0	121.08	2562.18	520
snapshot_11_27_2015_18_0.json	1448665200.0	121.08	2562.18	524
snapshot_11_28_2015_0_0.json	1448686800.0	121.08	2488	517
snapshot_11_28_2015_12_0.json	1448730000.0	121.08	2488	502
snapshot_11_28_2015_18_0.json	1448751600.0	121.08	2488	498
snapshot_11_28_2015_6_0.json	1448708400.0	121.08	2488	504
snapshot_11_29_2015_0_0.json	1448773200.0	121.08	2488	494
snapshot_11_29_2015_12_0.json	1448816400.0	121.08	2488	484
snapshot_11_29_2015_18_0.json	1448838000.0	121.08	2488	472
snapshot_11_30_2015_0_0.json	1448859600.0	121.08	2488	462
snapshot_11_30_2015_0_0.json	1448859600.0	121.08	2488	462
snapshot_11_30_2015_12_0.json	1448902800.0	119.79	2488	464
snapshot_11_30_2015_18_0.json	1448924400.0	112.07	2488	468
snapshot_11_30_2015_6_0.json	1448881200.0	119.79	2488	462
snapshot_12_1_2015_0_0.json	1448946000.0	108.21	2488	465
snapshot_12_1_2015_12_0.json	1448989200.0	113.65	2488	465
snapshot_12_1_2015_18_0.json	1449010800.0	110.78	1989	462
snapshot_12_1_2015_6_0.json	1448967600.0	110.14	2488	467
snapshot_12_2_2015_0_0.json	1449032400.0	121.08	1989	442
snapshot_12_2_2015_12_0.json	1449075600.0	105.64	1989	427
snapshot_12_2_2015_18_0.json	1449097200.0	101.78	1989	430
snapshot_12_2_2015_6_0.json	1449054000.0	105.64	1989	433
snapshot_12_3_2015_0_0.json	1449118800.0	103.06	1989	398
snapshot_12_3_2015_12_0.json	1449162000.0	99.2	1989	333
snapshot_12_3_2015_18_0.json	1449183600.0	82.47	1989	360
snapshot_12_3_2015_6_0.json	1449140400.0	99.2	1989	369
snapshot_12_4_2015_0_0.json	1449205200.0	148.75	2600	239
snapshot_12_4_2015_12_0.json	1449248400.0	148.75	2600	133
snapshot_12_4_2015_18_0.json	1449270000.0	148.75	2600	126
snapshot_12_4_2015_6_0.json	1449226800.0	148.75	2600	134
snapshot_12_5_2015_0_0.json	1449291600.0	124.77	1349	119
snapshot_12_5_2015_12_0.json	1449334800.0	124.77	1349	101
snapshot_12_5_2015_18_0.json	1449356400.0	148.75	1145	87
snapshot_12_5_2015_6_0.json	1449313200.0	124.77	1349	105
9259189	2015-12-06T04:00:00Z	Andrea Bocelli	MGM Grand Garden Arena	Nevada Las Vegas|689	89109
snapshot_11_17_2015_0_0.json	1447736400.0	139.8	9995	593
snapshot_11_17_2015_12_0.json	1447779600.0	139.8	9995	577
snapshot_11_17_2015_18_0.json	1447801200.0	139.8	9995	566
snapshot_11_17_2015_6_0.json	1447758000.0	139.8	9995	579
snapshot_11_17_2015_6_0.json	1447758000.0	139.8	9995	579
snapshot_11_18_2015_0_0.json	1447822800.0	139.8	9995	563
snapshot_11_18_2015_12_0.json	1447866000.0	139.8	9995	569
snapshot_11_18_2015_18_0.json	1447887600.0	139.8	9995	571
snapshot_11_18_2015_6_0.json	1447844400.0	139.8	9995	571
snapshot_11_19_2015_0_0.json	1447909200.0	139.8	2562.18	563
snapshot_11_19_2015_12_0.json	1447952400.0	139.8	2562.18	553
snapshot_11_19_2015_6_0.json	1447930800.0	139.8	2562.18	549
snapshot_11_20_2015_12_0.json	1448038800.0	139.8	2562.18	637
snapshot_11_21_2015_12_0.json	1448125200.0	139.8	2562.18	612
snapshot_11_21_2015_18_0.json	1448146800.0	139.8	2562.18	612
snapshot_11_22_2015_0_0.json	1448168400.0	136.52	2562.18	610
snapshot_11_22_2015_12_0.json	1448211600.0	136.52	2562.18	610
snapshot_11_22_2015_6_0.json	1448190000.0	136.52	2562.18	614
snapshot_11_23_2015_0_0.json	1448254800.0	125.35	2562.18	602
snapshot_11_23_2015_12_0.json	1448298000.0	113.65	2562.18	585
snapshot_11_23_2015_18_0.json	1448319600.0	113.65	2562.18	571
snapshot_11_23_2015_6_0.json	1448276400.0	113.65	2562.18	595
snapshot_11_24_2015_0_0.json	1448341200.0	125.35	2562.18	572
snapshot_11_24_2015_12_0.json	1448384400.0	125.35	2562.18	570
snapshot_11_24_2015_18_0.json	1448406000.0	125.35	2562.18	565
snapshot_11_24_2015_6_0.json	1448362800.0	125.35	2562.18	572
snapshot_11_25_2015_0_0.json	1448427600.0	127.52	2562.18	535
snapshot_11_25_2015_12_0.json	1448470800.0	124.11	2562.18	550
snapshot_11_25_2015_18_0.json	1448492400.0	121.08	2562.18	561
snapshot_11_25_2015_6_0.json	1448449200.0	124.11	2562.18	556
snapshot_11_26_2015_0_0.json	1448514000.0	121.08	2562.18	520
snapshot_11_27_2015_18_0.json	1448665200.0	121.08	2562.18	524
snapshot_11_28_2015_0_0.json	1448686800.0	121.08	2488	517
snapshot_11_28_2015_12_0.json	1448730000.0	121.08	2488	502
snapshot_11_28_2015_18_0.json	1448751600.0	121.08	2488	498
snapshot_11_28_2015_6_0.json	1448708400.0	121.08	2488	504
snapshot_11_29_2015_0_0.json	1448773200.0	121.08	2488	494
snapshot_11_29_2015_12_0.json	1448816400.0	121.08	2488	484
snapshot_11_29_2015_18_0.json	1448838000.0	121.08	2488	472
snapshot_11_30_2015_0_0.json	1448859600.0	121.08	2488	462
snapshot_11_30_2015_0_0.json	1448859600.0	121.08	2488	462
snapshot_11_30_2015_12_0.json	1448902800.0	119.79	2488	464
snapshot_11_30_2015_18_0.json	1448924400.0	112.07	2488	468
snapshot_11_30_2015_6_0.json	1448881200.0	119.79	2488	462
snapshot_12_1_2015_0_0.json	1448946000.0	108.21	2488	465
snapshot_12_1_2015_12_0.json	1448989200.0	113.65	2488	465
snapshot_12_1_2015_18_0.json	1449010800.0	110.78	1989	462
snapshot_12_1_2015_6_0.json	1448967600.0	110.14	2488	467
snapshot_12_2_2015_0_0.json	1449032400.0	121.08	1989	442
snapshot_12_2_2015_12_0.json	1449075600.0	105.64	1989	427
snapshot_12_2_2015_18_0.json	1449097200.0	101.78	1989	430
snapshot_12_2_2015_6_0.json	1449054000.0	105.64	1989	433
snapshot_12_3_2015_0_0.json	1449118800.0	103.06	1989	398
snapshot_12_3_2015_12_0.json	1449162000.0	99.2	1989	333
snapshot_12_3_2015_18_0.json	1449183600.0	82.47	1989	360
snapshot_12_3_2015_6_0.json	1449140400.0	99.2	1989	369
snapshot_12_4_2015_0_0.json	1449205200.0	148.75	2600	239
snapshot_12_4_2015_12_0.json	1449248400.0	148.75	2600	133
snapshot_12_4_2015_18_0.json	1449270000.0	148.75	2600	126
snapshot_12_4_2015_6_0.json	1449226800.0	148.75	2600	134
snapshot_12_5_2015_0_0.json	1449291600.0	124.77	1349	119
snapshot_12_5_2015_12_0.json	1449334800.0	124.77	1349	101
snapshot_12_5_2015_18_0.json	1449356400.0	148.75	1145	87
snapshot_12_5_2015_6_0.json	1449313200.0	124.77	1349	105
9259189	2015-12-06T04:00:00Z	Andrea Bocelli	MGM Grand Garden Arena	Nevada Las Vegas|689	89109
snapshot_11_17_2015_0_0.json	1447736400.0	139.8	9995	593
snapshot_11_17_2015_12_0.json	1447779600.0	139.8	9995	577
snapshot_11_17_2015_18_0.json	1447801200.0	139.8	9995	566
snapshot_11_17_2015_6_0.json	1447758000.0	139.8	9995	579
snapshot_11_17_2015_6_0.json	1447758000.0	139.8	9995	579
snapshot_11_18_2015_0_0.json	1447822800.0	139.8	9995	563
snapshot_11_18_2015_12_0.json	1447866000.0	139.8	9995	569
snapshot_11_18_2015_18_0.json	1447887600.0	139.8	9995	571
snapshot_11_18_2015_6_0.json	1447844400.0	139.8	9995	571
snapshot_11_19_2015_0_0.json	1447909200.0	139.8	2562.18	563
snapshot_11_19_2015_12_0.json	1447952400.0	139.8	2562.18	553
snapshot_11_19_2015_6_0.json	1447930800.0	139.8	2562.18	549
snapshot_11_20_2015_12_0.json	1448038800.0	139.8	2562.18	637
snapshot_11_21_2015_12_0.json	1448125200.0	139.8	2562.18	612
snapshot_11_21_2015_18_0.json	1448146800.0	139.8	2562.18	612
snapshot_11_22_2015_0_0.json	1448168400.0	136.52	2562.18	610
snapshot_11_22_2015_12_0.json	1448211600.0	136.52	2562.18	610
snapshot_11_22_2015_6_0.json	1448190000.0	136.52	2562.18	614
snapshot_11_23_2015_0_0.json	1448254800.0	125.35	2562.18	602
snapshot_11_23_2015_12_0.json	1448298000.0	113.65	2562.18	585
snapshot_11_23_2015_18_0.json	1448319600.0	113.65	2562.18	571
snapshot_11_23_2015_6_0.json	1448276400.0	113.65	2562.18	595
snapshot_11_24_2015_0_0.json	1448341200.0	125.35	2562.18	572
snapshot_11_24_2015_12_0.json	1448384400.0	125.35	2562.18	570
snapshot_11_24_2015_18_0.json	1448406000.0	125.35	2562.18	565
snapshot_11_24_2015_6_0.json	1448362800.0	125.35	2562.18	572
snapshot_11_25_2015_0_0.json	1448427600.0	127.52	2562.18	535
snapshot_11_25_2015_12_0.json	1448470800.0	124.11	2562.18	550
snapshot_11_25_2015_18_0.json	1448492400.0	121.08	2562.18	561
snapshot_11_25_2015_6_0.json	1448449200.0	124.11	2562.18	556
snapshot_11_26_2015_0_0.json	1448514000.0	121.08	2562.18	520
snapshot_11_27_2015_18_0.json	1448665200.0	121.08	2562.18	524
snapshot_11_28_2015_0_0.json	1448686800.0	121.08	2488	517
snapshot_11_28_2015_12_0.json	1448730000.0	121.08	2488	502
snapshot_11_28_2015_18_0.json	1448751600.0	121.08	2488	498
snapshot_11_28_2015_6_0.json	1448708400.0	121.08	2488	504
snapshot_11_29_2015_0_0.json	1448773200.0	121.08	2488	494
snapshot_11_29_2015_12_0.json	1448816400.0	121.08	2488	484
snapshot_11_29_2015_18_0.json	1448838000.0	121.08	2488	472
snapshot_11_30_2015_0_0.json	1448859600.0	121.08	2488	462
snapshot_11_30_2015_0_0.json	1448859600.0	121.08	2488	462
snapshot_11_30_2015_12_0.json	1448902800.0	119.79	2488	464
snapshot_11_30_2015_18_0.json	1448924400.0	112.07	2488	468
snapshot_11_30_2015_6_0.json	1448881200.0	119.79	2488	462
snapshot_12_1_2015_0_0.json	1448946000.0	108.21	2488	465
snapshot_12_1_2015_12_0.json	1448989200.0	113.65	2488	465
snapshot_12_1_2015_18_0.json	1449010800.0	110.78	1989	462
snapshot_12_1_2015_6_0.json	1448967600.0	110.14	2488	467
snapshot_12_2_2015_0_0.json	1449032400.0	121.08	1989	442
snapshot_12_2_2015_12_0.json	1449075600.0	105.64	1989	427
snapshot_12_2_2015_18_0.json	1449097200.0	101.78	1989	430
snapshot_12_2_2015_6_0.json	1449054000.0	105.64	1989	433
snapshot_12_3_2015_0_0.json	1449118800.0	103.06	1989	398
snapshot_12_3_2015_12_0.json	1449162000.0	99.2	1989	333
snapshot_12_3_2015_18_0.json	1449183600.0	82.47	1989	360
snapshot_12_3_2015_6_0.json	1449140400.0	99.2	1989	369
snapshot_12_4_2015_0_0.json	1449205200.0	148.75	2600	239
snapshot_12_4_2015_12_0.json	1449248400.0	148.75	2600	133
snapshot_12_4_2015_18_0.json	1449270000.0	148.75	2600	126
snapshot_12_4_2015_6_0.json	1449226800.0	148.75	2600	134
snapshot_12_5_2015_0_0.json	1449291600.0	124.77	1349	119
snapshot_12_5_2015_12_0.json	1449334800.0	124.77	1349	101
snapshot_12_5_2015_18_0.json	1449356400.0	148.75	1145	87
snapshot_12_5_2015_6_0.json	1449313200.0	124.77	1349	105
9259189	2015-12-06T04:00:00Z	Andrea Bocelli	MGM Grand Garden Arena	Nevada Las Vegas|689	89109
snapshot_11_17_2015_0_0.json	1447736400.0	139.8	9995	593
snapshot_11_17_2015_12_0.json	1447779600.0	139.8	9995	577
snapshot_11_17_2015_18_0.json	1447801200.0	139.8	9995	566
snapshot_11_17_2015_6_0.json	1447758000.0	139.8	9995	579
snapshot_11_17_2015_6_0.json	1447758000.0	139.8	9995	579
snapshot_11_18_2015_0_0.json	1447822800.0	139.8	9995	563
snapshot_11_18_2015_12_0.json	1447866000.0	139.8	9995	569
snapshot_11_18_2015_18_0.json	1447887600.0	139.8	9995	571
snapshot_11_18_2015_6_0.json	1447844400.0	139.8	9995	571
snapshot_11_19_2015_0_0.json	1447909200.0	139.8	2562.18	563
snapshot_11_19_2015_12_0.json	1447952400.0	139.8	2562.18	553
snapshot_11_19_2015_6_0.json	1447930800.0	139.8	2562.18	549
snapshot_11_20_2015_12_0.json	1448038800.0	139.8	2562.18	637
snapshot_11_21_2015_12_0.json	1448125200.0	139.8	2562.18	612
snapshot_11_21_2015_18_0.json	1448146800.0	139.8	2562.18	612
snapshot_11_22_2015_0_0.json	1448168400.0	136.52	2562.18	610
snapshot_11_22_2015_12_0.json	1448211600.0	136.52	2562.18	610
snapshot_11_22_2015_6_0.json	1448190000.0	136.52	2562.18	614
snapshot_11_23_2015_0_0.json	1448254800.0	125.35	2562.18	602
snapshot_11_23_2015_12_0.json	1448298000.0	113.65	2562.18	585
snapshot_11_23_2015_18_0.json	1448319600.0	113.65	2562.18	571
snapshot_11_23_2015_6_0.json	1448276400.0	113.65	2562.18	595
snapshot_11_24_2015_0_0.json	1448341200.0	125.35	2562.18	572
snapshot_11_24_2015_12_0.json	1448384400.0	125.35	2562.18	570
snapshot_11_24_2015_18_0.json	1448406000.0	125.35	2562.18	565
snapshot_11_24_2015_6_0.json	1448362800.0	125.35	2562.18	572
snapshot_11_25_2015_0_0.json	1448427600.0	127.52	2562.18	535
snapshot_11_25_2015_12_0.json	1448470800.0	124.11	2562.18	550
snapshot_11_25_2015_18_0.json	1448492400.0	121.08	2562.18	561
snapshot_11_25_2015_6_0.json	1448449200.0	124.11	2562.18	556
snapshot_11_26_2015_0_0.json	1448514000.0	121.08	2562.18	520
snapshot_11_27_2015_18_0.json	1448665200.0	121.08	2562.18	524
snapshot_11_28_2015_0_0.json	1448686800.0	121.08	2488	517
snapshot_11_28_2015_12_0.json	1448730000.0	121.08	2488	502
snapshot_11_28_2015_18_0.json	1448751600.0	121.08	2488	498
snapshot_11_28_2015_6_0.json	1448708400.0	121.08	2488	504
snapshot_11_29_2015_0_0.json	1448773200.0	121.08	2488	494
snapshot_11_29_2015_12_0.json	1448816400.0	121.08	2488	484
snapshot_11_29_2015_18_0.json	1448838000.0	121.08	2488	472
snapshot_11_30_2015_0_0.json	1448859600.0	121.08	2488	462
snapshot_11_30_2015_0_0.json	1448859600.0	121.08	2488	462
snapshot_11_30_2015_12_0.json	1448902800.0	119.79	2488	464
snapshot_11_30_2015_18_0.json	1448924400.0	112.07	2488	468
snapshot_11_30_2015_6_0.json	1448881200.0	119.79	2488	462
snapshot_12_1_2015_0_0.json	1448946000.0	108.21	2488	465
snapshot_12_1_2015_12_0.json	1448989200.0	113.65	2488	465
snapshot_12_1_2015_18_0.json	1449010800.0	110.78	1989	462
snapshot_12_1_2015_6_0.json	1448967600.0	110.14	2488	467
snapshot_12_2_2015_0_0.json	1449032400.0	121.08	1989	442
snapshot_12_2_2015_12_0.json	1449075600.0	105.64	1989	427
snapshot_12_2_2015_18_0.json	1449097200.0	101.78	1989	430
snapshot_12_2_2015_6_0.json	1449054000.0	105.64	1989	433
snapshot_12_3_2015_0_0.json	1449118800.0	103.06	1989	398
snapshot_12_3_2015_12_0.json	1449162000.0	99.2	1989	333
snapshot_12_3_2015_18_0.json	1449183600.0	82.47	1989	360
snapshot_12_3_2015_6_0.json	1449140400.0	99.2	1989	369
snapshot_12_4_2015_0_0.json	1449205200.0	148.75	2600	239
snapshot_12_4_2015_12_0.json	1449248400.0	148.75	2600	133
snapshot_12_4_2015_18_0.json	1449270000.0	148.75	2600	126
snapshot_12_4_2015_6_0.json	1449226800.0	148.75	2600	134
snapshot_12_5_2015_0_0.json	1449291600.0	124.77	1349	119
snapshot_12_5_2015_12_0.json	1449334800.0	124.77	1349	101
snapshot_12_5_2015_18_0.json	1449356400.0	148.75	1145	87
snapshot_12_5_2015_6_0.json	1449313200.0	124.77	1349	105
