9259488	2016-03-13T15:00:00Z	Disney on Ice Frozen	CONSOL Energy Center	Pennsylvania Pittsburgh|681	15219
snapshot_11_16_2015_0_0.json	1447650000.0	65.68	308	705
snapshot_11_17_2015_0_0.json	1447736400.0	65.68	308	709
snapshot_11_17_2015_12_0.json	1447779600.0	68.43	308	707
snapshot_11_17_2015_6_0.json	1447758000.0	68.43	245	707
snapshot_11_18_2015_0_0.json	1447822800.0	65.68	300	709
snapshot_11_18_2015_18_0.json	1447887600.0	65.68	304	705
snapshot_11_18_2015_6_0.json	1447844400.0	68.43	245	705
snapshot_11_19_2015_0_0.json	1447909200.0	65.68	312	703
snapshot_11_19_2015_12_0.json	1447952400.0	68.43	245	703
snapshot_11_19_2015_6_0.json	1447930800.0	68.43	245	703
snapshot_11_20_2015_0_0.json	1447995600.0	65.68	312	703
snapshot_11_20_2015_12_0.json	1448038800.0	68.43	312	703
snapshot_11_21_2015_12_0.json	1448125200.0	68.43	245	701
snapshot_11_21_2015_18_0.json	1448146800.0	65.68	245	701
snapshot_11_22_2015_12_0.json	1448211600.0	68.43	245	699
snapshot_11_22_2015_18_0.json	1448233200.0	65.68	245	696
snapshot_11_22_2015_6_0.json	1448190000.0	68.43	245	699
snapshot_11_22_2015_6_0.json	1448190000.0	68.43	245	699
snapshot_11_23_2015_0_0.json	1448254800.0	65.68	312	696
snapshot_11_23_2015_12_0.json	1448298000.0	68.43	245	696
snapshot_11_23_2015_18_0.json	1448319600.0	65.68	312	766
snapshot_11_24_2015_0_0.json	1448341200.0	65.68	245	766
snapshot_11_24_2015_12_0.json	1448384400.0	68.43	245	766
snapshot_11_24_2015_12_0.json	1448384400.0	68.43	245	766
snapshot_11_24_2015_18_0.json	1448406000.0	65.68	245	766
snapshot_11_24_2015_6_0.json	1448362800.0	68.43	245	766
snapshot_11_24_2015_6_0.json	1448362800.0	68.43	245	766
snapshot_11_25_2015_0_0.json	1448427600.0	65.68	245	770
snapshot_11_25_2015_18_0.json	1448492400.0	65.68	245	770
snapshot_11_25_2015_6_0.json	1448449200.0	68.43	245	770
snapshot_11_26_2015_0_0.json	1448514000.0	65.68	304	770
snapshot_11_27_2015_18_0.json	1448665200.0	65.68	245	778
snapshot_11_28_2015_0_0.json	1448686800.0	65.68	245	790
snapshot_11_28_2015_12_0.json	1448730000.0	68.43	245	790
snapshot_11_28_2015_18_0.json	1448751600.0	65.68	312	790
snapshot_11_28_2015_6_0.json	1448708400.0	68.43	245	790
snapshot_11_29_2015_0_0.json	1448773200.0	65.68	245	790
snapshot_11_29_2015_0_0.json	1448773200.0	65.68	245	790
snapshot_11_29_2015_12_0.json	1448816400.0	68.43	245	790
snapshot_11_29_2015_18_0.json	1448838000.0	65.68	245	790
snapshot_11_29_2015_6_0.json	1448794800.0	68.43	245	790
snapshot_11_30_2015_0_0.json	1448859600.0	65.68	245	790
snapshot_11_30_2015_0_0.json	1448859600.0	65.68	245	790
snapshot_11_30_2015_12_0.json	1448902800.0	68.43	245	790
snapshot_11_30_2015_6_0.json	1448881200.0	68.43	245	790
snapshot_12_1_2015_0_0.json	1448946000.0	65.68	308	781
snapshot_12_1_2015_18_0.json	1449010800.0	65.68	312	831
snapshot_12_1_2015_6_0.json	1448967600.0	68.43	308	785
snapshot_12_2_2015_0_0.json	1449032400.0	65.68	312	790
snapshot_12_2_2015_12_0.json	1449075600.0	68.43	190.75	786
snapshot_12_2_2015_6_0.json	1449054000.0	68.43	312	790
snapshot_12_2_2015_6_0.json	1449054000.0	68.43	312	790
snapshot_12_2_2015_6_0.json	1449054000.0	68.43	312	790
snapshot_12_3_2015_0_0.json	1449118800.0	65.68	190.75	782
snapshot_12_3_2015_12_0.json	1449162000.0	68.43	304	782
snapshot_12_3_2015_18_0.json	1449183600.0	65.68	190.75	780
snapshot_12_3_2015_6_0.json	1449140400.0	68.43	312	782
snapshot_12_4_2015_0_0.json	1449205200.0	65.68	190.75	780
snapshot_12_4_2015_12_0.json	1449248400.0	68.43	190.75	780
snapshot_12_4_2015_18_0.json	1449270000.0	65.68	312	780
snapshot_12_4_2015_6_0.json	1449226800.0	68.43	304	784
snapshot_12_5_2015_0_0.json	1449291600.0	65.68	312	788
snapshot_12_5_2015_12_0.json	1449334800.0	68.43	190.75	762
snapshot_12_5_2015_18_0.json	1449356400.0	65.68	190.75	773
snapshot_12_5_2015_6_0.json	1449313200.0	68.43	190.75	776
9259488	2016-03-13T15:00:00Z	Disney on Ice Frozen	CONSOL Energy Center	Pennsylvania Pittsburgh|681	15219
snapshot_11_16_2015_0_0.json	1447650000.0	65.68	308	705
snapshot_11_17_2015_0_0.json	1447736400.0	65.68	308	709
snapshot_11_17_2015_12_0.json	1447779600.0	68.43	308	707
snapshot_11_17_2015_6_0.json	1447758000.0	68.43	245	707
snapshot_11_18_2015_0_0.json	1447822800.0	65.68	300	709
snapshot_11_18_2015_18_0.json	1447887600.0	65.68	304	705
snapshot_11_18_2015_6_0.json	1447844400.0	68.43	245	705
snapshot_11_19_2015_0_0.json	1447909200.0	65.68	312	703
snapshot_11_19_2015_12_0.json	1447952400.0	68.43	245	703
snapshot_11_19_2015_6_0.json	1447930800.0	68.43	245	703
snapshot_11_20_2015_0_0.json	1447995600.0	65.68	312	703
snapshot_11_20_2015_12_0.json	1448038800.0	68.43	312	703
snapshot_11_21_2015_12_0.json	1448125200.0	68.43	245	701
snapshot_11_21_2015_18_0.json	1448146800.0	65.68	245	701
snapshot_11_22_2015_12_0.json	1448211600.0	68.43	245	699
snapshot_11_22_2015_18_0.json	1448233200.0	65.68	245	696
snapshot_11_22_2015_6_0.json	1448190000.0	68.43	245	699
snapshot_11_22_2015_6_0.json	1448190000.0	68.43	245	699
snapshot_11_23_2015_0_0.json	1448254800.0	65.68	312	696
snapshot_11_23_2015_12_0.json	1448298000.0	68.43	245	696
snapshot_11_23_2015_18_0.json	1448319600.0	65.68	312	766
snapshot_11_24_2015_0_0.json	1448341200.0	65.68	245	766
snapshot_11_24_2015_12_0.json	1448384400.0	68.43	245	766
snapshot_11_24_2015_12_0.json	1448384400.0	68.43	245	766
snapshot_11_24_2015_18_0.json	1448406000.0	65.68	245	766
snapshot_11_24_2015_6_0.json	1448362800.0	68.43	245	766
snapshot_11_24_2015_6_0.json	1448362800.0	68.43	245	766
snapshot_11_25_2015_0_0.json	1448427600.0	65.68	245	770
snapshot_11_25_2015_18_0.json	1448492400.0	65.68	245	770
snapshot_11_25_2015_6_0.json	1448449200.0	68.43	245	770
snapshot_11_26_2015_0_0.json	1448514000.0	65.68	304	770
snapshot_11_27_2015_18_0.json	1448665200.0	65.68	245	778
snapshot_11_28_2015_0_0.json	1448686800.0	65.68	245	790
snapshot_11_28_2015_12_0.json	1448730000.0	68.43	245	790
snapshot_11_28_2015_18_0.json	1448751600.0	65.68	312	790
snapshot_11_28_2015_6_0.json	1448708400.0	68.43	245	790
snapshot_11_29_2015_0_0.json	1448773200.0	65.68	245	790
snapshot_11_29_2015_0_0.json	1448773200.0	65.68	245	790
snapshot_11_29_2015_12_0.json	1448816400.0	68.43	245	790
snapshot_11_29_2015_18_0.json	1448838000.0	65.68	245	790
snapshot_11_29_2015_6_0.json	1448794800.0	68.43	245	790
snapshot_11_30_2015_0_0.json	1448859600.0	65.68	245	790
snapshot_11_30_2015_0_0.json	1448859600.0	65.68	245	790
snapshot_11_30_2015_12_0.json	1448902800.0	68.43	245	790
snapshot_11_30_2015_6_0.json	1448881200.0	68.43	245	790
snapshot_12_1_2015_0_0.json	1448946000.0	65.68	308	781
snapshot_12_1_2015_18_0.json	1449010800.0	65.68	312	831
snapshot_12_1_2015_6_0.json	1448967600.0	68.43	308	785
snapshot_12_2_2015_0_0.json	1449032400.0	65.68	312	790
snapshot_12_2_2015_12_0.json	1449075600.0	68.43	190.75	786
snapshot_12_2_2015_6_0.json	1449054000.0	68.43	312	790
snapshot_12_2_2015_6_0.json	1449054000.0	68.43	312	790
snapshot_12_2_2015_6_0.json	1449054000.0	68.43	312	790
snapshot_12_3_2015_0_0.json	1449118800.0	65.68	190.75	782
snapshot_12_3_2015_12_0.json	1449162000.0	68.43	304	782
snapshot_12_3_2015_18_0.json	1449183600.0	65.68	190.75	780
snapshot_12_3_2015_6_0.json	1449140400.0	68.43	312	782
snapshot_12_4_2015_0_0.json	1449205200.0	65.68	190.75	780
snapshot_12_4_2015_12_0.json	1449248400.0	68.43	190.75	780
snapshot_12_4_2015_18_0.json	1449270000.0	65.68	312	780
snapshot_12_4_2015_6_0.json	1449226800.0	68.43	304	784
snapshot_12_5_2015_0_0.json	1449291600.0	65.68	312	788
snapshot_12_5_2015_12_0.json	1449334800.0	68.43	190.75	762
snapshot_12_5_2015_18_0.json	1449356400.0	65.68	190.75	773
snapshot_12_5_2015_6_0.json	1449313200.0	68.43	190.75	776
9259488	2016-03-13T15:00:00Z	Disney on Ice Frozen	CONSOL Energy Center	Pennsylvania Pittsburgh|681	15219
snapshot_11_16_2015_0_0.json	1447650000.0	65.68	308	705
snapshot_11_17_2015_0_0.json	1447736400.0	65.68	308	709
snapshot_11_17_2015_12_0.json	1447779600.0	68.43	308	707
snapshot_11_17_2015_6_0.json	1447758000.0	68.43	245	707
snapshot_11_18_2015_0_0.json	1447822800.0	65.68	300	709
snapshot_11_18_2015_18_0.json	1447887600.0	65.68	304	705
snapshot_11_18_2015_6_0.json	1447844400.0	68.43	245	705
snapshot_11_19_2015_0_0.json	1447909200.0	65.68	312	703
snapshot_11_19_2015_12_0.json	1447952400.0	68.43	245	703
snapshot_11_19_2015_6_0.json	1447930800.0	68.43	245	703
snapshot_11_20_2015_0_0.json	1447995600.0	65.68	312	703
snapshot_11_20_2015_12_0.json	1448038800.0	68.43	312	703
snapshot_11_21_2015_12_0.json	1448125200.0	68.43	245	701
snapshot_11_21_2015_18_0.json	1448146800.0	65.68	245	701
snapshot_11_22_2015_12_0.json	1448211600.0	68.43	245	699
snapshot_11_22_2015_18_0.json	1448233200.0	65.68	245	696
snapshot_11_22_2015_6_0.json	1448190000.0	68.43	245	699
snapshot_11_22_2015_6_0.json	1448190000.0	68.43	245	699
snapshot_11_23_2015_0_0.json	1448254800.0	65.68	312	696
snapshot_11_23_2015_12_0.json	1448298000.0	68.43	245	696
snapshot_11_23_2015_18_0.json	1448319600.0	65.68	312	766
snapshot_11_24_2015_0_0.json	1448341200.0	65.68	245	766
snapshot_11_24_2015_12_0.json	1448384400.0	68.43	245	766
snapshot_11_24_2015_12_0.json	1448384400.0	68.43	245	766
snapshot_11_24_2015_18_0.json	1448406000.0	65.68	245	766
snapshot_11_24_2015_6_0.json	1448362800.0	68.43	245	766
snapshot_11_24_2015_6_0.json	1448362800.0	68.43	245	766
snapshot_11_25_2015_0_0.json	1448427600.0	65.68	245	770
snapshot_11_25_2015_18_0.json	1448492400.0	65.68	245	770
snapshot_11_25_2015_6_0.json	1448449200.0	68.43	245	770
snapshot_11_26_2015_0_0.json	1448514000.0	65.68	304	770
snapshot_11_27_2015_18_0.json	1448665200.0	65.68	245	778
snapshot_11_28_2015_0_0.json	1448686800.0	65.68	245	790
snapshot_11_28_2015_12_0.json	1448730000.0	68.43	245	790
snapshot_11_28_2015_18_0.json	1448751600.0	65.68	312	790
snapshot_11_28_2015_6_0.json	1448708400.0	68.43	245	790
snapshot_11_29_2015_0_0.json	1448773200.0	65.68	245	790
snapshot_11_29_2015_0_0.json	1448773200.0	65.68	245	790
snapshot_11_29_2015_12_0.json	1448816400.0	68.43	245	790
snapshot_11_29_2015_18_0.json	1448838000.0	65.68	245	790
snapshot_11_29_2015_6_0.json	1448794800.0	68.43	245	790
snapshot_11_30_2015_0_0.json	1448859600.0	65.68	245	790
snapshot_11_30_2015_0_0.json	1448859600.0	65.68	245	790
snapshot_11_30_2015_12_0.json	1448902800.0	68.43	245	790
snapshot_11_30_2015_6_0.json	1448881200.0	68.43	245	790
snapshot_12_1_2015_0_0.json	1448946000.0	65.68	308	781
snapshot_12_1_2015_18_0.json	1449010800.0	65.68	312	831
snapshot_12_1_2015_6_0.json	1448967600.0	68.43	308	785
snapshot_12_2_2015_0_0.json	1449032400.0	65.68	312	790
snapshot_12_2_2015_12_0.json	1449075600.0	68.43	190.75	786
snapshot_12_2_2015_6_0.json	1449054000.0	68.43	312	790
snapshot_12_2_2015_6_0.json	1449054000.0	68.43	312	790
snapshot_12_2_2015_6_0.json	1449054000.0	68.43	312	790
snapshot_12_3_2015_0_0.json	1449118800.0	65.68	190.75	782
snapshot_12_3_2015_12_0.json	1449162000.0	68.43	304	782
snapshot_12_3_2015_18_0.json	1449183600.0	65.68	190.75	780
snapshot_12_3_2015_6_0.json	1449140400.0	68.43	312	782
snapshot_12_4_2015_0_0.json	1449205200.0	65.68	190.75	780
snapshot_12_4_2015_12_0.json	1449248400.0	68.43	190.75	780
snapshot_12_4_2015_18_0.json	1449270000.0	65.68	312	780
snapshot_12_4_2015_6_0.json	1449226800.0	68.43	304	784
snapshot_12_5_2015_0_0.json	1449291600.0	65.68	312	788
snapshot_12_5_2015_12_0.json	1449334800.0	68.43	190.75	762
snapshot_12_5_2015_18_0.json	1449356400.0	65.68	190.75	773
snapshot_12_5_2015_6_0.json	1449313200.0	68.43	190.75	776
9259488	2016-03-13T15:00:00Z	Disney on Ice Frozen	CONSOL Energy Center	Pennsylvania Pittsburgh|681	15219
snapshot_11_16_2015_0_0.json	1447650000.0	65.68	308	705
snapshot_11_17_2015_0_0.json	1447736400.0	65.68	308	709
snapshot_11_17_2015_12_0.json	1447779600.0	68.43	308	707
snapshot_11_17_2015_6_0.json	1447758000.0	68.43	245	707
snapshot_11_18_2015_0_0.json	1447822800.0	65.68	300	709
snapshot_11_18_2015_18_0.json	1447887600.0	65.68	304	705
snapshot_11_18_2015_6_0.json	1447844400.0	68.43	245	705
snapshot_11_19_2015_0_0.json	1447909200.0	65.68	312	703
snapshot_11_19_2015_12_0.json	1447952400.0	68.43	245	703
snapshot_11_19_2015_6_0.json	1447930800.0	68.43	245	703
snapshot_11_20_2015_0_0.json	1447995600.0	65.68	312	703
snapshot_11_20_2015_12_0.json	1448038800.0	68.43	312	703
snapshot_11_21_2015_12_0.json	1448125200.0	68.43	245	701
snapshot_11_21_2015_18_0.json	1448146800.0	65.68	245	701
snapshot_11_22_2015_12_0.json	1448211600.0	68.43	245	699
snapshot_11_22_2015_18_0.json	1448233200.0	65.68	245	696
snapshot_11_22_2015_6_0.json	1448190000.0	68.43	245	699
snapshot_11_22_2015_6_0.json	1448190000.0	68.43	245	699
snapshot_11_23_2015_0_0.json	1448254800.0	65.68	312	696
snapshot_11_23_2015_12_0.json	1448298000.0	68.43	245	696
snapshot_11_23_2015_18_0.json	1448319600.0	65.68	312	766
snapshot_11_24_2015_0_0.json	1448341200.0	65.68	245	766
snapshot_11_24_2015_12_0.json	1448384400.0	68.43	245	766
snapshot_11_24_2015_12_0.json	1448384400.0	68.43	245	766
snapshot_11_24_2015_18_0.json	1448406000.0	65.68	245	766
snapshot_11_24_2015_6_0.json	1448362800.0	68.43	245	766
snapshot_11_24_2015_6_0.json	1448362800.0	68.43	245	766
snapshot_11_25_2015_0_0.json	1448427600.0	65.68	245	770
snapshot_11_25_2015_18_0.json	1448492400.0	65.68	245	770
snapshot_11_25_2015_6_0.json	1448449200.0	68.43	245	770
snapshot_11_26_2015_0_0.json	1448514000.0	65.68	304	770
snapshot_11_27_2015_18_0.json	1448665200.0	65.68	245	778
snapshot_11_28_2015_0_0.json	1448686800.0	65.68	245	790
snapshot_11_28_2015_12_0.json	1448730000.0	68.43	245	790
snapshot_11_28_2015_18_0.json	1448751600.0	65.68	312	790
snapshot_11_28_2015_6_0.json	1448708400.0	68.43	245	790
snapshot_11_29_2015_0_0.json	1448773200.0	65.68	245	790
snapshot_11_29_2015_0_0.json	1448773200.0	65.68	245	790
snapshot_11_29_2015_12_0.json	1448816400.0	68.43	245	790
snapshot_11_29_2015_18_0.json	1448838000.0	65.68	245	790
snapshot_11_29_2015_6_0.json	1448794800.0	68.43	245	790
snapshot_11_30_2015_0_0.json	1448859600.0	65.68	245	790
snapshot_11_30_2015_0_0.json	1448859600.0	65.68	245	790
snapshot_11_30_2015_12_0.json	1448902800.0	68.43	245	790
snapshot_11_30_2015_6_0.json	1448881200.0	68.43	245	790
snapshot_12_1_2015_0_0.json	1448946000.0	65.68	308	781
snapshot_12_1_2015_18_0.json	1449010800.0	65.68	312	831
snapshot_12_1_2015_6_0.json	1448967600.0	68.43	308	785
snapshot_12_2_2015_0_0.json	1449032400.0	65.68	312	790
snapshot_12_2_2015_12_0.json	1449075600.0	68.43	190.75	786
snapshot_12_2_2015_6_0.json	1449054000.0	68.43	312	790
snapshot_12_2_2015_6_0.json	1449054000.0	68.43	312	790
snapshot_12_2_2015_6_0.json	1449054000.0	68.43	312	790
snapshot_12_3_2015_0_0.json	1449118800.0	65.68	190.75	782
snapshot_12_3_2015_12_0.json	1449162000.0	68.43	304	782
snapshot_12_3_2015_18_0.json	1449183600.0	65.68	190.75	780
snapshot_12_3_2015_6_0.json	1449140400.0	68.43	312	782
snapshot_12_4_2015_0_0.json	1449205200.0	65.68	190.75	780
snapshot_12_4_2015_12_0.json	1449248400.0	68.43	190.75	780
snapshot_12_4_2015_18_0.json	1449270000.0	65.68	312	780
snapshot_12_4_2015_6_0.json	1449226800.0	68.43	304	784
snapshot_12_5_2015_0_0.json	1449291600.0	65.68	312	788
snapshot_12_5_2015_12_0.json	1449334800.0	68.43	190.75	762
snapshot_12_5_2015_18_0.json	1449356400.0	65.68	190.75	773
snapshot_12_5_2015_6_0.json	1449313200.0	68.43	190.75	776
