9259483	2016-03-12T16:00:00Z	Disney on Ice Frozen	CONSOL Energy Center	Pennsylvania Pittsburgh|681	15219
snapshot_11_16_2015_0_0.json	1447650000.0	62.64	245	907
snapshot_11_17_2015_0_0.json	1447736400.0	62.64	245	903
snapshot_11_17_2015_12_0.json	1447779600.0	62.64	308	903
snapshot_11_17_2015_6_0.json	1447758000.0	62.64	245	903
snapshot_11_18_2015_0_0.json	1447822800.0	62.64	300	903
snapshot_11_18_2015_12_0.json	1447866000.0	62.64	312	900
snapshot_11_18_2015_18_0.json	1447887600.0	62.64	308	896
snapshot_11_18_2015_6_0.json	1447844400.0	62.64	245	900
snapshot_11_19_2015_0_0.json	1447909200.0	62.64	312	897
snapshot_11_19_2015_6_0.json	1447930800.0	62.64	245	897
snapshot_11_20_2015_0_0.json	1447995600.0	62.64	245	925
snapshot_11_20_2015_12_0.json	1448038800.0	62.64	312	925
snapshot_11_21_2015_12_0.json	1448125200.0	62.64	245	923
snapshot_11_21_2015_18_0.json	1448146800.0	62.64	312	922
snapshot_11_22_2015_12_0.json	1448211600.0	62.64	245	923
snapshot_11_22_2015_6_0.json	1448190000.0	62.64	245	923
snapshot_11_22_2015_6_0.json	1448190000.0	62.64	245	923
snapshot_11_23_2015_0_0.json	1448254800.0	62.64	312	922
snapshot_11_23_2015_12_0.json	1448298000.0	62.64	245	923
snapshot_11_23_2015_18_0.json	1448319600.0	62.64	312	943
snapshot_11_24_2015_0_0.json	1448341200.0	62.64	304	950
snapshot_11_24_2015_12_0.json	1448384400.0	62.64	245	945
snapshot_11_24_2015_18_0.json	1448406000.0	62.64	245	946
snapshot_11_24_2015_6_0.json	1448362800.0	62.64	245	946
snapshot_11_25_2015_0_0.json	1448427600.0	62.64	245	946
snapshot_11_25_2015_12_0.json	1448470800.0	62.64	245	946
snapshot_11_25_2015_18_0.json	1448492400.0	62.64	308	950
snapshot_11_25_2015_6_0.json	1448449200.0	62.64	245	946
snapshot_11_26_2015_0_0.json	1448514000.0	62.64	245	946
snapshot_11_27_2015_18_0.json	1448665200.0	62.64	245	954
snapshot_11_28_2015_0_0.json	1448686800.0	62.64	245	958
snapshot_11_28_2015_12_0.json	1448730000.0	62.64	245	958
snapshot_11_28_2015_18_0.json	1448751600.0	62.64	312	955
snapshot_11_28_2015_18_0.json	1448751600.0	62.64	312	955
snapshot_11_28_2015_6_0.json	1448708400.0	62.64	245	958
snapshot_11_29_2015_0_0.json	1448773200.0	62.64	312	955
snapshot_11_29_2015_0_0.json	1448773200.0	62.64	312	955
snapshot_11_29_2015_12_0.json	1448816400.0	62.64	245	957
snapshot_11_29_2015_18_0.json	1448838000.0	62.64	245	955
snapshot_11_30_2015_0_0.json	1448859600.0	62.64	245	955
snapshot_11_30_2015_0_0.json	1448859600.0	62.64	245	955
snapshot_11_30_2015_12_0.json	1448902800.0	62.64	304	952
snapshot_11_30_2015_18_0.json	1448924400.0	62.64	304	950
snapshot_11_30_2015_6_0.json	1448881200.0	62.64	304	952
snapshot_12_1_2015_0_0.json	1448946000.0	62.64	304	952
snapshot_12_1_2015_12_0.json	1448989200.0	62.64	308	946
snapshot_12_1_2015_18_0.json	1449010800.0	62.64	245	1003
snapshot_12_1_2015_6_0.json	1448967600.0	62.64	308	942
snapshot_12_2_2015_0_0.json	1449032400.0	62.64	308	967
snapshot_12_2_2015_0_0.json	1449032400.0	62.64	308	967
snapshot_12_2_2015_12_0.json	1449075600.0	62.64	190.75	967
snapshot_12_2_2015_18_0.json	1449097200.0	62.64	190.75	967
snapshot_12_3_2015_0_0.json	1449118800.0	62.64	190.75	967
snapshot_12_3_2015_12_0.json	1449162000.0	62.64	190.75	954
snapshot_12_3_2015_18_0.json	1449183600.0	62.64	304	958
snapshot_12_4_2015_0_0.json	1449205200.0	62.64	190.75	950
snapshot_12_4_2015_12_0.json	1449248400.0	62.64	190.75	945
snapshot_12_4_2015_18_0.json	1449270000.0	62.64	190.75	945
snapshot_12_4_2015_6_0.json	1449226800.0	62.64	190.75	945
snapshot_12_4_2015_6_0.json	1449226800.0	62.64	190.75	945
snapshot_12_5_2015_0_0.json	1449291600.0	62.64	308	949
snapshot_12_5_2015_12_0.json	1449334800.0	62.64	304	945
snapshot_12_5_2015_18_0.json	1449356400.0	62.64	190.75	945
snapshot_12_5_2015_6_0.json	1449313200.0	62.64	190.75	945
9259483	2016-03-12T16:00:00Z	Disney on Ice Frozen	CONSOL Energy Center	Pennsylvania Pittsburgh|681	15219
snapshot_11_16_2015_0_0.json	1447650000.0	62.64	245	907
snapshot_11_17_2015_0_0.json	1447736400.0	62.64	245	903
snapshot_11_17_2015_12_0.json	1447779600.0	62.64	308	903
snapshot_11_17_2015_6_0.json	1447758000.0	62.64	245	903
snapshot_11_18_2015_0_0.json	1447822800.0	62.64	300	903
snapshot_11_18_2015_12_0.json	1447866000.0	62.64	312	900
snapshot_11_18_2015_18_0.json	1447887600.0	62.64	308	896
snapshot_11_18_2015_6_0.json	1447844400.0	62.64	245	900
snapshot_11_19_2015_0_0.json	1447909200.0	62.64	312	897
snapshot_11_19_2015_6_0.json	1447930800.0	62.64	245	897
snapshot_11_20_2015_0_0.json	1447995600.0	62.64	245	925
snapshot_11_20_2015_12_0.json	1448038800.0	62.64	312	925
snapshot_11_21_2015_12_0.json	1448125200.0	62.64	245	923
snapshot_11_21_2015_18_0.json	1448146800.0	62.64	312	922
snapshot_11_22_2015_12_0.json	1448211600.0	62.64	245	923
snapshot_11_22_2015_6_0.json	1448190000.0	62.64	245	923
snapshot_11_22_2015_6_0.json	1448190000.0	62.64	245	923
snapshot_11_23_2015_0_0.json	1448254800.0	62.64	312	922
snapshot_11_23_2015_12_0.json	1448298000.0	62.64	245	923
snapshot_11_23_2015_18_0.json	1448319600.0	62.64	312	943
snapshot_11_24_2015_0_0.json	1448341200.0	62.64	304	950
snapshot_11_24_2015_12_0.json	1448384400.0	62.64	245	945
snapshot_11_24_2015_18_0.json	1448406000.0	62.64	245	946
snapshot_11_24_2015_6_0.json	1448362800.0	62.64	245	946
snapshot_11_25_2015_0_0.json	1448427600.0	62.64	245	946
snapshot_11_25_2015_12_0.json	1448470800.0	62.64	245	946
snapshot_11_25_2015_18_0.json	1448492400.0	62.64	308	950
snapshot_11_25_2015_6_0.json	1448449200.0	62.64	245	946
snapshot_11_26_2015_0_0.json	1448514000.0	62.64	245	946
snapshot_11_27_2015_18_0.json	1448665200.0	62.64	245	954
snapshot_11_28_2015_0_0.json	1448686800.0	62.64	245	958
snapshot_11_28_2015_12_0.json	1448730000.0	62.64	245	958
snapshot_11_28_2015_18_0.json	1448751600.0	62.64	312	955
snapshot_11_28_2015_18_0.json	1448751600.0	62.64	312	955
snapshot_11_28_2015_6_0.json	1448708400.0	62.64	245	958
snapshot_11_29_2015_0_0.json	1448773200.0	62.64	312	955
snapshot_11_29_2015_0_0.json	1448773200.0	62.64	312	955
snapshot_11_29_2015_12_0.json	1448816400.0	62.64	245	957
snapshot_11_29_2015_18_0.json	1448838000.0	62.64	245	955
snapshot_11_30_2015_0_0.json	1448859600.0	62.64	245	955
snapshot_11_30_2015_0_0.json	1448859600.0	62.64	245	955
snapshot_11_30_2015_12_0.json	1448902800.0	62.64	304	952
snapshot_11_30_2015_18_0.json	1448924400.0	62.64	304	950
snapshot_11_30_2015_6_0.json	1448881200.0	62.64	304	952
snapshot_12_1_2015_0_0.json	1448946000.0	62.64	304	952
snapshot_12_1_2015_12_0.json	1448989200.0	62.64	308	946
snapshot_12_1_2015_18_0.json	1449010800.0	62.64	245	1003
snapshot_12_1_2015_6_0.json	1448967600.0	62.64	308	942
snapshot_12_2_2015_0_0.json	1449032400.0	62.64	308	967
snapshot_12_2_2015_0_0.json	1449032400.0	62.64	308	967
snapshot_12_2_2015_12_0.json	1449075600.0	62.64	190.75	967
snapshot_12_2_2015_18_0.json	1449097200.0	62.64	190.75	967
snapshot_12_3_2015_0_0.json	1449118800.0	62.64	190.75	967
snapshot_12_3_2015_12_0.json	1449162000.0	62.64	190.75	954
snapshot_12_3_2015_18_0.json	1449183600.0	62.64	304	958
snapshot_12_4_2015_0_0.json	1449205200.0	62.64	190.75	950
snapshot_12_4_2015_12_0.json	1449248400.0	62.64	190.75	945
snapshot_12_4_2015_18_0.json	1449270000.0	62.64	190.75	945
snapshot_12_4_2015_6_0.json	1449226800.0	62.64	190.75	945
snapshot_12_4_2015_6_0.json	1449226800.0	62.64	190.75	945
snapshot_12_5_2015_0_0.json	1449291600.0	62.64	308	949
snapshot_12_5_2015_12_0.json	1449334800.0	62.64	304	945
snapshot_12_5_2015_18_0.json	1449356400.0	62.64	190.75	945
snapshot_12_5_2015_6_0.json	1449313200.0	62.64	190.75	945
9259483	2016-03-12T16:00:00Z	Disney on Ice Frozen	CONSOL Energy Center	Pennsylvania Pittsburgh|681	15219
snapshot_11_16_2015_0_0.json	1447650000.0	62.64	245	907
snapshot_11_17_2015_0_0.json	1447736400.0	62.64	245	903
snapshot_11_17_2015_12_0.json	1447779600.0	62.64	308	903
snapshot_11_17_2015_6_0.json	1447758000.0	62.64	245	903
snapshot_11_18_2015_0_0.json	1447822800.0	62.64	300	903
snapshot_11_18_2015_12_0.json	1447866000.0	62.64	312	900
snapshot_11_18_2015_18_0.json	1447887600.0	62.64	308	896
snapshot_11_18_2015_6_0.json	1447844400.0	62.64	245	900
snapshot_11_19_2015_0_0.json	1447909200.0	62.64	312	897
snapshot_11_19_2015_6_0.json	1447930800.0	62.64	245	897
snapshot_11_20_2015_0_0.json	1447995600.0	62.64	245	925
snapshot_11_20_2015_12_0.json	1448038800.0	62.64	312	925
snapshot_11_21_2015_12_0.json	1448125200.0	62.64	245	923
snapshot_11_21_2015_18_0.json	1448146800.0	62.64	312	922
snapshot_11_22_2015_12_0.json	1448211600.0	62.64	245	923
snapshot_11_22_2015_6_0.json	1448190000.0	62.64	245	923
snapshot_11_22_2015_6_0.json	1448190000.0	62.64	245	923
snapshot_11_23_2015_0_0.json	1448254800.0	62.64	312	922
snapshot_11_23_2015_12_0.json	1448298000.0	62.64	245	923
snapshot_11_23_2015_18_0.json	1448319600.0	62.64	312	943
snapshot_11_24_2015_0_0.json	1448341200.0	62.64	304	950
snapshot_11_24_2015_12_0.json	1448384400.0	62.64	245	945
snapshot_11_24_2015_18_0.json	1448406000.0	62.64	245	946
snapshot_11_24_2015_6_0.json	1448362800.0	62.64	245	946
snapshot_11_25_2015_0_0.json	1448427600.0	62.64	245	946
snapshot_11_25_2015_12_0.json	1448470800.0	62.64	245	946
snapshot_11_25_2015_18_0.json	1448492400.0	62.64	308	950
snapshot_11_25_2015_6_0.json	1448449200.0	62.64	245	946
snapshot_11_26_2015_0_0.json	1448514000.0	62.64	245	946
snapshot_11_27_2015_18_0.json	1448665200.0	62.64	245	954
snapshot_11_28_2015_0_0.json	1448686800.0	62.64	245	958
snapshot_11_28_2015_12_0.json	1448730000.0	62.64	245	958
snapshot_11_28_2015_18_0.json	1448751600.0	62.64	312	955
snapshot_11_28_2015_18_0.json	1448751600.0	62.64	312	955
snapshot_11_28_2015_6_0.json	1448708400.0	62.64	245	958
snapshot_11_29_2015_0_0.json	1448773200.0	62.64	312	955
snapshot_11_29_2015_0_0.json	1448773200.0	62.64	312	955
snapshot_11_29_2015_12_0.json	1448816400.0	62.64	245	957
snapshot_11_29_2015_18_0.json	1448838000.0	62.64	245	955
snapshot_11_30_2015_0_0.json	1448859600.0	62.64	245	955
snapshot_11_30_2015_0_0.json	1448859600.0	62.64	245	955
snapshot_11_30_2015_12_0.json	1448902800.0	62.64	304	952
snapshot_11_30_2015_18_0.json	1448924400.0	62.64	304	950
snapshot_11_30_2015_6_0.json	1448881200.0	62.64	304	952
snapshot_12_1_2015_0_0.json	1448946000.0	62.64	304	952
snapshot_12_1_2015_12_0.json	1448989200.0	62.64	308	946
snapshot_12_1_2015_18_0.json	1449010800.0	62.64	245	1003
snapshot_12_1_2015_6_0.json	1448967600.0	62.64	308	942
snapshot_12_2_2015_0_0.json	1449032400.0	62.64	308	967
snapshot_12_2_2015_0_0.json	1449032400.0	62.64	308	967
snapshot_12_2_2015_12_0.json	1449075600.0	62.64	190.75	967
snapshot_12_2_2015_18_0.json	1449097200.0	62.64	190.75	967
snapshot_12_3_2015_0_0.json	1449118800.0	62.64	190.75	967
snapshot_12_3_2015_12_0.json	1449162000.0	62.64	190.75	954
snapshot_12_3_2015_18_0.json	1449183600.0	62.64	304	958
snapshot_12_4_2015_0_0.json	1449205200.0	62.64	190.75	950
snapshot_12_4_2015_12_0.json	1449248400.0	62.64	190.75	945
snapshot_12_4_2015_18_0.json	1449270000.0	62.64	190.75	945
snapshot_12_4_2015_6_0.json	1449226800.0	62.64	190.75	945
snapshot_12_4_2015_6_0.json	1449226800.0	62.64	190.75	945
snapshot_12_5_2015_0_0.json	1449291600.0	62.64	308	949
snapshot_12_5_2015_12_0.json	1449334800.0	62.64	304	945
snapshot_12_5_2015_18_0.json	1449356400.0	62.64	190.75	945
snapshot_12_5_2015_6_0.json	1449313200.0	62.64	190.75	945
9259483	2016-03-12T16:00:00Z	Disney on Ice Frozen	CONSOL Energy Center	Pennsylvania Pittsburgh|681	15219
snapshot_11_16_2015_0_0.json	1447650000.0	62.64	245	907
snapshot_11_17_2015_0_0.json	1447736400.0	62.64	245	903
snapshot_11_17_2015_12_0.json	1447779600.0	62.64	308	903
snapshot_11_17_2015_6_0.json	1447758000.0	62.64	245	903
snapshot_11_18_2015_0_0.json	1447822800.0	62.64	300	903
snapshot_11_18_2015_12_0.json	1447866000.0	62.64	312	900
snapshot_11_18_2015_18_0.json	1447887600.0	62.64	308	896
snapshot_11_18_2015_6_0.json	1447844400.0	62.64	245	900
snapshot_11_19_2015_0_0.json	1447909200.0	62.64	312	897
snapshot_11_19_2015_6_0.json	1447930800.0	62.64	245	897
snapshot_11_20_2015_0_0.json	1447995600.0	62.64	245	925
snapshot_11_20_2015_12_0.json	1448038800.0	62.64	312	925
snapshot_11_21_2015_12_0.json	1448125200.0	62.64	245	923
snapshot_11_21_2015_18_0.json	1448146800.0	62.64	312	922
snapshot_11_22_2015_12_0.json	1448211600.0	62.64	245	923
snapshot_11_22_2015_6_0.json	1448190000.0	62.64	245	923
snapshot_11_22_2015_6_0.json	1448190000.0	62.64	245	923
snapshot_11_23_2015_0_0.json	1448254800.0	62.64	312	922
snapshot_11_23_2015_12_0.json	1448298000.0	62.64	245	923
snapshot_11_23_2015_18_0.json	1448319600.0	62.64	312	943
snapshot_11_24_2015_0_0.json	1448341200.0	62.64	304	950
snapshot_11_24_2015_12_0.json	1448384400.0	62.64	245	945
snapshot_11_24_2015_18_0.json	1448406000.0	62.64	245	946
snapshot_11_24_2015_6_0.json	1448362800.0	62.64	245	946
snapshot_11_25_2015_0_0.json	1448427600.0	62.64	245	946
snapshot_11_25_2015_12_0.json	1448470800.0	62.64	245	946
snapshot_11_25_2015_18_0.json	1448492400.0	62.64	308	950
snapshot_11_25_2015_6_0.json	1448449200.0	62.64	245	946
snapshot_11_26_2015_0_0.json	1448514000.0	62.64	245	946
snapshot_11_27_2015_18_0.json	1448665200.0	62.64	245	954
snapshot_11_28_2015_0_0.json	1448686800.0	62.64	245	958
snapshot_11_28_2015_12_0.json	1448730000.0	62.64	245	958
snapshot_11_28_2015_18_0.json	1448751600.0	62.64	312	955
snapshot_11_28_2015_18_0.json	1448751600.0	62.64	312	955
snapshot_11_28_2015_6_0.json	1448708400.0	62.64	245	958
snapshot_11_29_2015_0_0.json	1448773200.0	62.64	312	955
snapshot_11_29_2015_0_0.json	1448773200.0	62.64	312	955
snapshot_11_29_2015_12_0.json	1448816400.0	62.64	245	957
snapshot_11_29_2015_18_0.json	1448838000.0	62.64	245	955
snapshot_11_30_2015_0_0.json	1448859600.0	62.64	245	955
snapshot_11_30_2015_0_0.json	1448859600.0	62.64	245	955
snapshot_11_30_2015_12_0.json	1448902800.0	62.64	304	952
snapshot_11_30_2015_18_0.json	1448924400.0	62.64	304	950
snapshot_11_30_2015_6_0.json	1448881200.0	62.64	304	952
snapshot_12_1_2015_0_0.json	1448946000.0	62.64	304	952
snapshot_12_1_2015_12_0.json	1448989200.0	62.64	308	946
snapshot_12_1_2015_18_0.json	1449010800.0	62.64	245	1003
snapshot_12_1_2015_6_0.json	1448967600.0	62.64	308	942
snapshot_12_2_2015_0_0.json	1449032400.0	62.64	308	967
snapshot_12_2_2015_0_0.json	1449032400.0	62.64	308	967
snapshot_12_2_2015_12_0.json	1449075600.0	62.64	190.75	967
snapshot_12_2_2015_18_0.json	1449097200.0	62.64	190.75	967
snapshot_12_3_2015_0_0.json	1449118800.0	62.64	190.75	967
snapshot_12_3_2015_12_0.json	1449162000.0	62.64	190.75	954
snapshot_12_3_2015_18_0.json	1449183600.0	62.64	304	958
snapshot_12_4_2015_0_0.json	1449205200.0	62.64	190.75	950
snapshot_12_4_2015_12_0.json	1449248400.0	62.64	190.75	945
snapshot_12_4_2015_18_0.json	1449270000.0	62.64	190.75	945
snapshot_12_4_2015_6_0.json	1449226800.0	62.64	190.75	945
snapshot_12_4_2015_6_0.json	1449226800.0	62.64	190.75	945
snapshot_12_5_2015_0_0.json	1449291600.0	62.64	308	949
snapshot_12_5_2015_12_0.json	1449334800.0	62.64	304	945
snapshot_12_5_2015_18_0.json	1449356400.0	62.64	190.75	945
snapshot_12_5_2015_6_0.json	1449313200.0	62.64	190.75	945
