9260189	2015-11-26T03:30:00Z	Boyz II Men	Terry Fator Theatre at the Mirage	Nevada Las Vegas|689	89109
snapshot_11_16_2015_0_0.json	1447650000.0	110.55	348.65	31
snapshot_11_17_2015_0_0.json	1447736400.0	110.55	348.65	31
snapshot_11_17_2015_12_0.json	1447779600.0	110.55	348.65	31
snapshot_11_17_2015_12_0.json	1447779600.0	110.55	348.65	31
snapshot_11_17_2015_18_0.json	1447801200.0	99.61	348.65	51
snapshot_11_17_2015_6_0.json	1447758000.0	110.55	348.65	31
snapshot_11_18_2015_0_0.json	1447822800.0	99.61	348.65	55
snapshot_11_18_2015_12_0.json	1447866000.0	110.55	524	51
snapshot_11_18_2015_18_0.json	1447887600.0	101.95	524	53
snapshot_11_18_2015_6_0.json	1447844400.0	101.95	348.65	51
snapshot_11_19_2015_0_0.json	1447909200.0	110.55	524	49
snapshot_11_19_2015_12_0.json	1447952400.0	110.55	524	45
snapshot_11_19_2015_6_0.json	1447930800.0	101.95	524	45
snapshot_11_20_2015_0_0.json	1447995600.0	101.95	348.65	43
snapshot_11_20_2015_12_0.json	1448038800.0	110.55	524	47
snapshot_11_21_2015_12_0.json	1448125200.0	110.55	520	43
snapshot_11_21_2015_18_0.json	1448146800.0	101.95	348.65	43
snapshot_11_22_2015_0_0.json	1448168400.0	101.95	348.65	47
snapshot_11_22_2015_12_0.json	1448211600.0	110.55	520	45
snapshot_11_23_2015_0_0.json	1448254800.0	101.95	520	41
snapshot_11_23_2015_18_0.json	1448319600.0	110.55	348.65	39
snapshot_11_23_2015_6_0.json	1448276400.0	101.95	520	45
snapshot_11_24_2015_0_0.json	1448341200.0	101.95	520	47
snapshot_11_24_2015_12_0.json	1448384400.0	110.55	348.65	13
snapshot_11_24_2015_12_0.json	1448384400.0	110.55	348.65	13
snapshot_11_24_2015_18_0.json	1448406000.0	110.55	348.65	11
snapshot_11_24_2015_6_0.json	1448362800.0	110.55	348.65	13
snapshot_11_24_2015_6_0.json	1448362800.0	110.55	348.65	13
snapshot_11_25_2015_12_0.json	1448470800.0	410.42	348.65	3
snapshot_11_25_2015_6_0.json	1448449200.0	410.42	348.65	3
snapshot_11_26_2015_0_0.json	1448514000.0	410.42	348.65	3
9260189	2015-11-26T03:30:00Z	Boyz II Men	Terry Fator Theatre at the Mirage	Nevada Las Vegas|689	89109
snapshot_11_16_2015_0_0.json	1447650000.0	110.55	348.65	31
snapshot_11_17_2015_0_0.json	1447736400.0	110.55	348.65	31
snapshot_11_17_2015_12_0.json	1447779600.0	110.55	348.65	31
snapshot_11_17_2015_12_0.json	1447779600.0	110.55	348.65	31
snapshot_11_17_2015_18_0.json	1447801200.0	99.61	348.65	51
snapshot_11_17_2015_6_0.json	1447758000.0	110.55	348.65	31
snapshot_11_18_2015_0_0.json	1447822800.0	99.61	348.65	55
snapshot_11_18_2015_12_0.json	1447866000.0	110.55	524	51
snapshot_11_18_2015_18_0.json	1447887600.0	101.95	524	53
snapshot_11_18_2015_6_0.json	1447844400.0	101.95	348.65	51
snapshot_11_19_2015_0_0.json	1447909200.0	110.55	524	49
snapshot_11_19_2015_12_0.json	1447952400.0	110.55	524	45
snapshot_11_19_2015_6_0.json	1447930800.0	101.95	524	45
snapshot_11_20_2015_0_0.json	1447995600.0	101.95	348.65	43
snapshot_11_20_2015_12_0.json	1448038800.0	110.55	524	47
snapshot_11_21_2015_12_0.json	1448125200.0	110.55	520	43
snapshot_11_21_2015_18_0.json	1448146800.0	101.95	348.65	43
snapshot_11_22_2015_0_0.json	1448168400.0	101.95	348.65	47
snapshot_11_22_2015_12_0.json	1448211600.0	110.55	520	45
snapshot_11_23_2015_0_0.json	1448254800.0	101.95	520	41
snapshot_11_23_2015_18_0.json	1448319600.0	110.55	348.65	39
snapshot_11_23_2015_6_0.json	1448276400.0	101.95	520	45
snapshot_11_24_2015_0_0.json	1448341200.0	101.95	520	47
snapshot_11_24_2015_12_0.json	1448384400.0	110.55	348.65	13
snapshot_11_24_2015_12_0.json	1448384400.0	110.55	348.65	13
snapshot_11_24_2015_18_0.json	1448406000.0	110.55	348.65	11
snapshot_11_24_2015_6_0.json	1448362800.0	110.55	348.65	13
snapshot_11_24_2015_6_0.json	1448362800.0	110.55	348.65	13
snapshot_11_25_2015_12_0.json	1448470800.0	410.42	348.65	3
snapshot_11_25_2015_6_0.json	1448449200.0	410.42	348.65	3
snapshot_11_26_2015_0_0.json	1448514000.0	410.42	348.65	3
9260189	2015-11-26T03:30:00Z	Boyz II Men	Terry Fator Theatre at the Mirage	Nevada Las Vegas|689	89109
snapshot_11_16_2015_0_0.json	1447650000.0	110.55	348.65	31
snapshot_11_17_2015_0_0.json	1447736400.0	110.55	348.65	31
snapshot_11_17_2015_12_0.json	1447779600.0	110.55	348.65	31
snapshot_11_17_2015_12_0.json	1447779600.0	110.55	348.65	31
snapshot_11_17_2015_18_0.json	1447801200.0	99.61	348.65	51
snapshot_11_17_2015_6_0.json	1447758000.0	110.55	348.65	31
snapshot_11_18_2015_0_0.json	1447822800.0	99.61	348.65	55
snapshot_11_18_2015_12_0.json	1447866000.0	110.55	524	51
snapshot_11_18_2015_18_0.json	1447887600.0	101.95	524	53
snapshot_11_18_2015_6_0.json	1447844400.0	101.95	348.65	51
snapshot_11_19_2015_0_0.json	1447909200.0	110.55	524	49
snapshot_11_19_2015_12_0.json	1447952400.0	110.55	524	45
snapshot_11_19_2015_6_0.json	1447930800.0	101.95	524	45
snapshot_11_20_2015_0_0.json	1447995600.0	101.95	348.65	43
snapshot_11_20_2015_12_0.json	1448038800.0	110.55	524	47
snapshot_11_21_2015_12_0.json	1448125200.0	110.55	520	43
snapshot_11_21_2015_18_0.json	1448146800.0	101.95	348.65	43
snapshot_11_22_2015_0_0.json	1448168400.0	101.95	348.65	47
snapshot_11_22_2015_12_0.json	1448211600.0	110.55	520	45
snapshot_11_23_2015_0_0.json	1448254800.0	101.95	520	41
snapshot_11_23_2015_18_0.json	1448319600.0	110.55	348.65	39
snapshot_11_23_2015_6_0.json	1448276400.0	101.95	520	45
snapshot_11_24_2015_0_0.json	1448341200.0	101.95	520	47
snapshot_11_24_2015_12_0.json	1448384400.0	110.55	348.65	13
snapshot_11_24_2015_12_0.json	1448384400.0	110.55	348.65	13
snapshot_11_24_2015_18_0.json	1448406000.0	110.55	348.65	11
snapshot_11_24_2015_6_0.json	1448362800.0	110.55	348.65	13
snapshot_11_24_2015_6_0.json	1448362800.0	110.55	348.65	13
snapshot_11_25_2015_12_0.json	1448470800.0	410.42	348.65	3
snapshot_11_25_2015_6_0.json	1448449200.0	410.42	348.65	3
snapshot_11_26_2015_0_0.json	1448514000.0	410.42	348.65	3
9260189	2015-11-26T03:30:00Z	Boyz II Men	Terry Fator Theatre at the Mirage	Nevada Las Vegas|689	89109
snapshot_11_16_2015_0_0.json	1447650000.0	110.55	348.65	31
snapshot_11_17_2015_0_0.json	1447736400.0	110.55	348.65	31
snapshot_11_17_2015_12_0.json	1447779600.0	110.55	348.65	31
snapshot_11_17_2015_12_0.json	1447779600.0	110.55	348.65	31
snapshot_11_17_2015_18_0.json	1447801200.0	99.61	348.65	51
snapshot_11_17_2015_6_0.json	1447758000.0	110.55	348.65	31
snapshot_11_18_2015_0_0.json	1447822800.0	99.61	348.65	55
snapshot_11_18_2015_12_0.json	1447866000.0	110.55	524	51
snapshot_11_18_2015_18_0.json	1447887600.0	101.95	524	53
snapshot_11_18_2015_6_0.json	1447844400.0	101.95	348.65	51
snapshot_11_19_2015_0_0.json	1447909200.0	110.55	524	49
snapshot_11_19_2015_12_0.json	1447952400.0	110.55	524	45
snapshot_11_19_2015_6_0.json	1447930800.0	101.95	524	45
snapshot_11_20_2015_0_0.json	1447995600.0	101.95	348.65	43
snapshot_11_20_2015_12_0.json	1448038800.0	110.55	524	47
snapshot_11_21_2015_12_0.json	1448125200.0	110.55	520	43
snapshot_11_21_2015_18_0.json	1448146800.0	101.95	348.65	43
snapshot_11_22_2015_0_0.json	1448168400.0	101.95	348.65	47
snapshot_11_22_2015_12_0.json	1448211600.0	110.55	520	45
snapshot_11_23_2015_0_0.json	1448254800.0	101.95	520	41
snapshot_11_23_2015_18_0.json	1448319600.0	110.55	348.65	39
snapshot_11_23_2015_6_0.json	1448276400.0	101.95	520	45
snapshot_11_24_2015_0_0.json	1448341200.0	101.95	520	47
snapshot_11_24_2015_12_0.json	1448384400.0	110.55	348.65	13
snapshot_11_24_2015_12_0.json	1448384400.0	110.55	348.65	13
snapshot_11_24_2015_18_0.json	1448406000.0	110.55	348.65	11
snapshot_11_24_2015_6_0.json	1448362800.0	110.55	348.65	13
snapshot_11_24_2015_6_0.json	1448362800.0	110.55	348.65	13
snapshot_11_25_2015_12_0.json	1448470800.0	410.42	348.65	3
snapshot_11_25_2015_6_0.json	1448449200.0	410.42	348.65	3
snapshot_11_26_2015_0_0.json	1448514000.0	410.42	348.65	3
