9260190	2015-11-27T03:30:00Z	Boyz II Men	Terry Fator Theatre at the Mirage	Nevada Las Vegas|689	89109
snapshot_11_16_2015_0_0.json	1447650000.0	110.55	225.97	24
snapshot_11_17_2015_0_0.json	1447736400.0	110.55	225.97	24
snapshot_11_17_2015_12_0.json	1447779600.0	110.55	225.97	24
snapshot_11_17_2015_18_0.json	1447801200.0	110.55	225.97	24
snapshot_11_17_2015_6_0.json	1447758000.0	110.55	225.97	24
snapshot_11_18_2015_0_0.json	1447822800.0	98.44	512	45
snapshot_11_18_2015_0_0.json	1447822800.0	98.44	512	45
snapshot_11_18_2015_12_0.json	1447866000.0	110.55	524	45
snapshot_11_18_2015_12_0.json	1447866000.0	110.55	524	45
snapshot_11_18_2015_18_0.json	1447887600.0	100.78	225.97	43
snapshot_11_18_2015_6_0.json	1447844400.0	100.78	225.97	45
snapshot_11_19_2015_0_0.json	1447909200.0	110.55	524	43
snapshot_11_19_2015_6_0.json	1447930800.0	100.78	225.97	45
snapshot_11_19_2015_6_0.json	1447930800.0	100.78	225.97	45
snapshot_11_20_2015_0_0.json	1447995600.0	100.78	520	42
snapshot_11_21_2015_12_0.json	1448125200.0	110.55	520	36
snapshot_11_21_2015_18_0.json	1448146800.0	100.78	225.97	36
snapshot_11_21_2015_18_0.json	1448146800.0	100.78	225.97	36
snapshot_11_22_2015_12_0.json	1448211600.0	110.55	520	40
snapshot_11_22_2015_18_0.json	1448233200.0	100.78	520	44
snapshot_11_22_2015_6_0.json	1448190000.0	100.78	520	40
snapshot_11_22_2015_6_0.json	1448190000.0	100.78	520	40
snapshot_11_23_2015_0_0.json	1448254800.0	100.78	520	44
snapshot_11_23_2015_12_0.json	1448298000.0	110.55	520	40
snapshot_11_23_2015_18_0.json	1448319600.0	110.55	520	40
snapshot_11_23_2015_6_0.json	1448276400.0	100.78	520	44
snapshot_11_24_2015_0_0.json	1448341200.0	100.78	130	36
snapshot_11_24_2015_12_0.json	1448384400.0	110.55	520	38
snapshot_11_24_2015_12_0.json	1448384400.0	110.55	520	38
snapshot_11_24_2015_18_0.json	1448406000.0	100.78	130	36
snapshot_11_24_2015_6_0.json	1448362800.0	100.78	520	34
snapshot_11_25_2015_12_0.json	1448470800.0	0	0	0
snapshot_11_25_2015_18_0.json	1448492400.0	0	0	0
snapshot_11_25_2015_6_0.json	1448449200.0	0	0	0
snapshot_11_27_2015_18_0.json	1448665200.0	0	0	0
snapshot_11_28_2015_0_0.json	1448686800.0	0	0	0
snapshot_11_28_2015_6_0.json	1448708400.0	0	0	0
9260190	2015-11-27T03:30:00Z	Boyz II Men	Terry Fator Theatre at the Mirage	Nevada Las Vegas|689	89109
snapshot_11_16_2015_0_0.json	1447650000.0	110.55	225.97	24
snapshot_11_17_2015_0_0.json	1447736400.0	110.55	225.97	24
snapshot_11_17_2015_12_0.json	1447779600.0	110.55	225.97	24
snapshot_11_17_2015_18_0.json	1447801200.0	110.55	225.97	24
snapshot_11_17_2015_6_0.json	1447758000.0	110.55	225.97	24
snapshot_11_18_2015_0_0.json	1447822800.0	98.44	512	45
snapshot_11_18_2015_0_0.json	1447822800.0	98.44	512	45
snapshot_11_18_2015_12_0.json	1447866000.0	110.55	524	45
snapshot_11_18_2015_12_0.json	1447866000.0	110.55	524	45
snapshot_11_18_2015_18_0.json	1447887600.0	100.78	225.97	43
snapshot_11_18_2015_6_0.json	1447844400.0	100.78	225.97	45
snapshot_11_19_2015_0_0.json	1447909200.0	110.55	524	43
snapshot_11_19_2015_6_0.json	1447930800.0	100.78	225.97	45
snapshot_11_19_2015_6_0.json	1447930800.0	100.78	225.97	45
snapshot_11_20_2015_0_0.json	1447995600.0	100.78	520	42
snapshot_11_21_2015_12_0.json	1448125200.0	110.55	520	36
snapshot_11_21_2015_18_0.json	1448146800.0	100.78	225.97	36
snapshot_11_21_2015_18_0.json	1448146800.0	100.78	225.97	36
snapshot_11_22_2015_12_0.json	1448211600.0	110.55	520	40
snapshot_11_22_2015_18_0.json	1448233200.0	100.78	520	44
snapshot_11_22_2015_6_0.json	1448190000.0	100.78	520	40
snapshot_11_22_2015_6_0.json	1448190000.0	100.78	520	40
snapshot_11_23_2015_0_0.json	1448254800.0	100.78	520	44
snapshot_11_23_2015_12_0.json	1448298000.0	110.55	520	40
snapshot_11_23_2015_18_0.json	1448319600.0	110.55	520	40
snapshot_11_23_2015_6_0.json	1448276400.0	100.78	520	44
snapshot_11_24_2015_0_0.json	1448341200.0	100.78	130	36
snapshot_11_24_2015_12_0.json	1448384400.0	110.55	520	38
snapshot_11_24_2015_12_0.json	1448384400.0	110.55	520	38
snapshot_11_24_2015_18_0.json	1448406000.0	100.78	130	36
snapshot_11_24_2015_6_0.json	1448362800.0	100.78	520	34
snapshot_11_25_2015_12_0.json	1448470800.0	0	0	0
snapshot_11_25_2015_18_0.json	1448492400.0	0	0	0
snapshot_11_25_2015_6_0.json	1448449200.0	0	0	0
snapshot_11_27_2015_18_0.json	1448665200.0	0	0	0
snapshot_11_28_2015_0_0.json	1448686800.0	0	0	0
snapshot_11_28_2015_6_0.json	1448708400.0	0	0	0
9260190	2015-11-27T03:30:00Z	Boyz II Men	Terry Fator Theatre at the Mirage	Nevada Las Vegas|689	89109
snapshot_11_16_2015_0_0.json	1447650000.0	110.55	225.97	24
snapshot_11_17_2015_0_0.json	1447736400.0	110.55	225.97	24
snapshot_11_17_2015_12_0.json	1447779600.0	110.55	225.97	24
snapshot_11_17_2015_18_0.json	1447801200.0	110.55	225.97	24
snapshot_11_17_2015_6_0.json	1447758000.0	110.55	225.97	24
snapshot_11_18_2015_0_0.json	1447822800.0	98.44	512	45
snapshot_11_18_2015_0_0.json	1447822800.0	98.44	512	45
snapshot_11_18_2015_12_0.json	1447866000.0	110.55	524	45
snapshot_11_18_2015_12_0.json	1447866000.0	110.55	524	45
snapshot_11_18_2015_18_0.json	1447887600.0	100.78	225.97	43
snapshot_11_18_2015_6_0.json	1447844400.0	100.78	225.97	45
snapshot_11_19_2015_0_0.json	1447909200.0	110.55	524	43
snapshot_11_19_2015_6_0.json	1447930800.0	100.78	225.97	45
snapshot_11_19_2015_6_0.json	1447930800.0	100.78	225.97	45
snapshot_11_20_2015_0_0.json	1447995600.0	100.78	520	42
snapshot_11_21_2015_12_0.json	1448125200.0	110.55	520	36
snapshot_11_21_2015_18_0.json	1448146800.0	100.78	225.97	36
snapshot_11_21_2015_18_0.json	1448146800.0	100.78	225.97	36
snapshot_11_22_2015_12_0.json	1448211600.0	110.55	520	40
snapshot_11_22_2015_18_0.json	1448233200.0	100.78	520	44
snapshot_11_22_2015_6_0.json	1448190000.0	100.78	520	40
snapshot_11_22_2015_6_0.json	1448190000.0	100.78	520	40
snapshot_11_23_2015_0_0.json	1448254800.0	100.78	520	44
snapshot_11_23_2015_12_0.json	1448298000.0	110.55	520	40
snapshot_11_23_2015_18_0.json	1448319600.0	110.55	520	40
snapshot_11_23_2015_6_0.json	1448276400.0	100.78	520	44
snapshot_11_24_2015_0_0.json	1448341200.0	100.78	130	36
snapshot_11_24_2015_12_0.json	1448384400.0	110.55	520	38
snapshot_11_24_2015_12_0.json	1448384400.0	110.55	520	38
snapshot_11_24_2015_18_0.json	1448406000.0	100.78	130	36
snapshot_11_24_2015_6_0.json	1448362800.0	100.78	520	34
snapshot_11_25_2015_12_0.json	1448470800.0	0	0	0
snapshot_11_25_2015_18_0.json	1448492400.0	0	0	0
snapshot_11_25_2015_6_0.json	1448449200.0	0	0	0
snapshot_11_27_2015_18_0.json	1448665200.0	0	0	0
snapshot_11_28_2015_0_0.json	1448686800.0	0	0	0
snapshot_11_28_2015_6_0.json	1448708400.0	0	0	0
9260190	2015-11-27T03:30:00Z	Boyz II Men	Terry Fator Theatre at the Mirage	Nevada Las Vegas|689	89109
snapshot_11_16_2015_0_0.json	1447650000.0	110.55	225.97	24
snapshot_11_17_2015_0_0.json	1447736400.0	110.55	225.97	24
snapshot_11_17_2015_12_0.json	1447779600.0	110.55	225.97	24
snapshot_11_17_2015_18_0.json	1447801200.0	110.55	225.97	24
snapshot_11_17_2015_6_0.json	1447758000.0	110.55	225.97	24
snapshot_11_18_2015_0_0.json	1447822800.0	98.44	512	45
snapshot_11_18_2015_0_0.json	1447822800.0	98.44	512	45
snapshot_11_18_2015_12_0.json	1447866000.0	110.55	524	45
snapshot_11_18_2015_12_0.json	1447866000.0	110.55	524	45
snapshot_11_18_2015_18_0.json	1447887600.0	100.78	225.97	43
snapshot_11_18_2015_6_0.json	1447844400.0	100.78	225.97	45
snapshot_11_19_2015_0_0.json	1447909200.0	110.55	524	43
snapshot_11_19_2015_6_0.json	1447930800.0	100.78	225.97	45
snapshot_11_19_2015_6_0.json	1447930800.0	100.78	225.97	45
snapshot_11_20_2015_0_0.json	1447995600.0	100.78	520	42
snapshot_11_21_2015_12_0.json	1448125200.0	110.55	520	36
snapshot_11_21_2015_18_0.json	1448146800.0	100.78	225.97	36
snapshot_11_21_2015_18_0.json	1448146800.0	100.78	225.97	36
snapshot_11_22_2015_12_0.json	1448211600.0	110.55	520	40
snapshot_11_22_2015_18_0.json	1448233200.0	100.78	520	44
snapshot_11_22_2015_6_0.json	1448190000.0	100.78	520	40
snapshot_11_22_2015_6_0.json	1448190000.0	100.78	520	40
snapshot_11_23_2015_0_0.json	1448254800.0	100.78	520	44
snapshot_11_23_2015_12_0.json	1448298000.0	110.55	520	40
snapshot_11_23_2015_18_0.json	1448319600.0	110.55	520	40
snapshot_11_23_2015_6_0.json	1448276400.0	100.78	520	44
snapshot_11_24_2015_0_0.json	1448341200.0	100.78	130	36
snapshot_11_24_2015_12_0.json	1448384400.0	110.55	520	38
snapshot_11_24_2015_12_0.json	1448384400.0	110.55	520	38
snapshot_11_24_2015_18_0.json	1448406000.0	100.78	130	36
snapshot_11_24_2015_6_0.json	1448362800.0	100.78	520	34
snapshot_11_25_2015_12_0.json	1448470800.0	0	0	0
snapshot_11_25_2015_18_0.json	1448492400.0	0	0	0
snapshot_11_25_2015_6_0.json	1448449200.0	0	0	0
snapshot_11_27_2015_18_0.json	1448665200.0	0	0	0
snapshot_11_28_2015_0_0.json	1448686800.0	0	0	0
snapshot_11_28_2015_6_0.json	1448708400.0	0	0	0
