9260294	2016-02-28T04:00:00Z	The Book of Mormon	San Diego Civic Theatre	California San Diego|81689	92101
snapshot_11_16_2015_0_0.json	1447650000.0	174.9	425	85
snapshot_11_17_2015_0_0.json	1447736400.0	174.9	425	85
snapshot_11_17_2015_12_0.json	1447779600.0	210	425	83
snapshot_11_17_2015_18_0.json	1447801200.0	210	425	83
snapshot_11_17_2015_6_0.json	1447758000.0	210	425	83
snapshot_11_18_2015_0_0.json	1447822800.0	217.02	425	81
snapshot_11_18_2015_12_0.json	1447866000.0	217.02	425	81
snapshot_11_18_2015_18_0.json	1447887600.0	217.02	425	81
snapshot_11_18_2015_6_0.json	1447844400.0	217.02	425	81
snapshot_11_19_2015_0_0.json	1447909200.0	217.02	425	81
snapshot_11_19_2015_0_0.json	1447909200.0	217.02	425	81
snapshot_11_20_2015_0_0.json	1447995600.0	217.02	425	79
snapshot_11_20_2015_12_0.json	1448038800.0	217.02	425	79
snapshot_11_21_2015_12_0.json	1448125200.0	217.02	425	77
snapshot_11_21_2015_18_0.json	1448146800.0	217.02	425	73
snapshot_11_22_2015_0_0.json	1448168400.0	217.02	425	73
snapshot_11_22_2015_0_0.json	1448168400.0	217.02	425	73
snapshot_11_22_2015_12_0.json	1448211600.0	195.55	425	81
snapshot_11_22_2015_18_0.json	1448233200.0	195.55	425	81
snapshot_11_22_2015_18_0.json	1448233200.0	195.55	425	81
snapshot_11_22_2015_6_0.json	1448190000.0	217.02	425	73
snapshot_11_22_2015_6_0.json	1448190000.0	217.02	425	73
snapshot_11_23_2015_0_0.json	1448254800.0	195.55	425	81
snapshot_11_23_2015_0_0.json	1448254800.0	195.55	425	81
snapshot_11_23_2015_18_0.json	1448319600.0	207.25	399	81
snapshot_11_23_2015_6_0.json	1448276400.0	195.55	425	81
snapshot_11_23_2015_6_0.json	1448276400.0	195.55	425	81
snapshot_11_24_2015_12_0.json	1448384400.0	206.08	399	81
snapshot_11_24_2015_12_0.json	1448384400.0	206.08	399	81
snapshot_11_24_2015_18_0.json	1448406000.0	206.08	399	81
snapshot_11_25_2015_0_0.json	1448427600.0	206.08	399	79
snapshot_11_25_2015_0_0.json	1448427600.0	206.08	399	79
snapshot_11_25_2015_12_0.json	1448470800.0	206.08	399	79
snapshot_11_25_2015_6_0.json	1448449200.0	206.08	399	79
snapshot_11_26_2015_0_0.json	1448514000.0	206.08	399	76
snapshot_11_26_2015_0_0.json	1448514000.0	206.08	399	76
snapshot_11_27_2015_18_0.json	1448665200.0	125.35	399	82
snapshot_11_28_2015_0_0.json	1448686800.0	125.35	399	94
snapshot_11_28_2015_12_0.json	1448730000.0	125.35	399	98
snapshot_11_28_2015_12_0.json	1448730000.0	125.35	399	98
snapshot_11_28_2015_6_0.json	1448708400.0	125.35	399	98
snapshot_11_29_2015_0_0.json	1448773200.0	125.35	399	98
snapshot_11_29_2015_12_0.json	1448816400.0	137.05	399	94
snapshot_11_29_2015_18_0.json	1448838000.0	137.05	399	94
snapshot_11_29_2015_18_0.json	1448838000.0	137.05	399	94
snapshot_11_29_2015_6_0.json	1448794800.0	137.05	399	94
snapshot_11_29_2015_6_0.json	1448794800.0	137.05	399	94
snapshot_11_30_2015_0_0.json	1448859600.0	137.05	399	94
snapshot_11_30_2015_12_0.json	1448902800.0	206.08	399	90
snapshot_11_30_2015_18_0.json	1448924400.0	206.08	399	86
snapshot_12_1_2015_0_0.json	1448946000.0	206.08	399	86
snapshot_12_1_2015_12_0.json	1448989200.0	194.38	399	86
snapshot_12_1_2015_18_0.json	1449010800.0	194.38	399	86
snapshot_12_1_2015_6_0.json	1448967600.0	194.38	399	86
snapshot_12_2_2015_0_0.json	1449032400.0	194.38	399	86
snapshot_12_2_2015_12_0.json	1449075600.0	194.38	399	86
snapshot_12_2_2015_12_0.json	1449075600.0	194.38	399	86
snapshot_12_2_2015_18_0.json	1449097200.0	194.38	399	86
snapshot_12_2_2015_6_0.json	1449054000.0	194.38	399	86
snapshot_12_3_2015_0_0.json	1449118800.0	194.38	399	86
snapshot_12_3_2015_0_0.json	1449118800.0	194.38	399	86
snapshot_12_3_2015_12_0.json	1449162000.0	194.38	399	98
snapshot_12_3_2015_18_0.json	1449183600.0	194.38	399	98
snapshot_12_4_2015_0_0.json	1449205200.0	194.38	399	100
snapshot_12_4_2015_0_0.json	1449205200.0	194.38	399	100
snapshot_12_4_2015_12_0.json	1449248400.0	194.38	399	100
snapshot_12_4_2015_18_0.json	1449270000.0	194.38	500	104
snapshot_12_4_2015_6_0.json	1449226800.0	194.38	399	100
snapshot_12_5_2015_0_0.json	1449291600.0	206.08	399	98
snapshot_12_5_2015_12_0.json	1449334800.0	206.08	399	96
snapshot_12_5_2015_12_0.json	1449334800.0	206.08	399	96
snapshot_12_5_2015_18_0.json	1449356400.0	206.08	399	96
snapshot_12_5_2015_18_0.json	1449356400.0	206.08	399	96
snapshot_12_5_2015_6_0.json	1449313200.0	206.08	399	100
9260294	2016-02-28T04:00:00Z	The Book of Mormon	San Diego Civic Theatre	California San Diego|81689	92101
snapshot_11_16_2015_0_0.json	1447650000.0	174.9	425	85
snapshot_11_17_2015_0_0.json	1447736400.0	174.9	425	85
snapshot_11_17_2015_12_0.json	1447779600.0	210	425	83
snapshot_11_17_2015_18_0.json	1447801200.0	210	425	83
snapshot_11_17_2015_6_0.json	1447758000.0	210	425	83
snapshot_11_18_2015_0_0.json	1447822800.0	217.02	425	81
snapshot_11_18_2015_12_0.json	1447866000.0	217.02	425	81
snapshot_11_18_2015_18_0.json	1447887600.0	217.02	425	81
snapshot_11_18_2015_6_0.json	1447844400.0	217.02	425	81
snapshot_11_19_2015_0_0.json	1447909200.0	217.02	425	81
snapshot_11_19_2015_0_0.json	1447909200.0	217.02	425	81
snapshot_11_20_2015_0_0.json	1447995600.0	217.02	425	79
snapshot_11_20_2015_12_0.json	1448038800.0	217.02	425	79
snapshot_11_21_2015_12_0.json	1448125200.0	217.02	425	77
snapshot_11_21_2015_18_0.json	1448146800.0	217.02	425	73
snapshot_11_22_2015_0_0.json	1448168400.0	217.02	425	73
snapshot_11_22_2015_0_0.json	1448168400.0	217.02	425	73
snapshot_11_22_2015_12_0.json	1448211600.0	195.55	425	81
snapshot_11_22_2015_18_0.json	1448233200.0	195.55	425	81
snapshot_11_22_2015_18_0.json	1448233200.0	195.55	425	81
snapshot_11_22_2015_6_0.json	1448190000.0	217.02	425	73
snapshot_11_22_2015_6_0.json	1448190000.0	217.02	425	73
snapshot_11_23_2015_0_0.json	1448254800.0	195.55	425	81
snapshot_11_23_2015_0_0.json	1448254800.0	195.55	425	81
snapshot_11_23_2015_18_0.json	1448319600.0	207.25	399	81
snapshot_11_23_2015_6_0.json	1448276400.0	195.55	425	81
snapshot_11_23_2015_6_0.json	1448276400.0	195.55	425	81
snapshot_11_24_2015_12_0.json	1448384400.0	206.08	399	81
snapshot_11_24_2015_12_0.json	1448384400.0	206.08	399	81
snapshot_11_24_2015_18_0.json	1448406000.0	206.08	399	81
snapshot_11_25_2015_0_0.json	1448427600.0	206.08	399	79
snapshot_11_25_2015_0_0.json	1448427600.0	206.08	399	79
snapshot_11_25_2015_12_0.json	1448470800.0	206.08	399	79
snapshot_11_25_2015_6_0.json	1448449200.0	206.08	399	79
snapshot_11_26_2015_0_0.json	1448514000.0	206.08	399	76
snapshot_11_26_2015_0_0.json	1448514000.0	206.08	399	76
snapshot_11_27_2015_18_0.json	1448665200.0	125.35	399	82
snapshot_11_28_2015_0_0.json	1448686800.0	125.35	399	94
snapshot_11_28_2015_12_0.json	1448730000.0	125.35	399	98
snapshot_11_28_2015_12_0.json	1448730000.0	125.35	399	98
snapshot_11_28_2015_6_0.json	1448708400.0	125.35	399	98
snapshot_11_29_2015_0_0.json	1448773200.0	125.35	399	98
snapshot_11_29_2015_12_0.json	1448816400.0	137.05	399	94
snapshot_11_29_2015_18_0.json	1448838000.0	137.05	399	94
snapshot_11_29_2015_18_0.json	1448838000.0	137.05	399	94
snapshot_11_29_2015_6_0.json	1448794800.0	137.05	399	94
snapshot_11_29_2015_6_0.json	1448794800.0	137.05	399	94
snapshot_11_30_2015_0_0.json	1448859600.0	137.05	399	94
snapshot_11_30_2015_12_0.json	1448902800.0	206.08	399	90
snapshot_11_30_2015_18_0.json	1448924400.0	206.08	399	86
snapshot_12_1_2015_0_0.json	1448946000.0	206.08	399	86
snapshot_12_1_2015_12_0.json	1448989200.0	194.38	399	86
snapshot_12_1_2015_18_0.json	1449010800.0	194.38	399	86
snapshot_12_1_2015_6_0.json	1448967600.0	194.38	399	86
snapshot_12_2_2015_0_0.json	1449032400.0	194.38	399	86
snapshot_12_2_2015_12_0.json	1449075600.0	194.38	399	86
snapshot_12_2_2015_12_0.json	1449075600.0	194.38	399	86
snapshot_12_2_2015_18_0.json	1449097200.0	194.38	399	86
snapshot_12_2_2015_6_0.json	1449054000.0	194.38	399	86
snapshot_12_3_2015_0_0.json	1449118800.0	194.38	399	86
snapshot_12_3_2015_0_0.json	1449118800.0	194.38	399	86
snapshot_12_3_2015_12_0.json	1449162000.0	194.38	399	98
snapshot_12_3_2015_18_0.json	1449183600.0	194.38	399	98
snapshot_12_4_2015_0_0.json	1449205200.0	194.38	399	100
snapshot_12_4_2015_0_0.json	1449205200.0	194.38	399	100
snapshot_12_4_2015_12_0.json	1449248400.0	199260294	2016-02-28T04:00:00Z	The Book of Mormon	San Diego Civic Theatre	California San Diego|81689	92101
snapshot_11_16_2015_0_0.json	1447650000.0	174.9	425	85
snapshot_11_17_2015_0_0.json	1447736400.0	174.9	425	85
snapshot_11_17_2015_12_0.json	1447779600.0	210	425	83
snapshot_11_17_2015_18_0.json	1447801200.0	210	425	83
snapshot_11_17_2015_6_0.json	1447758000.0	210	425	83
snapshot_11_18_2015_0_0.json	1447822800.0	217.02	425	81
snapshot_11_18_2015_12_0.json	1447866000.0	217.02	425	81
snapshot_11_18_2015_18_0.json	1447887600.0	217.02	425	81
snapshot_11_18_2015_6_0.json	1447844400.0	217.02	425	81
snapshot_11_19_2015_0_0.json	1447909200.0	217.02	425	81
snapshot_11_19_2015_0_0.json	1447909200.0	217.02	425	81
snapshot_11_20_2015_0_0.json	1447995600.0	217.02	425	79
snapshot_11_20_2015_12_0.json	1448038800.0	217.02	425	79
snapshot_11_21_2015_12_0.json	1448125200.0	217.02	425	77
snapshot_11_21_2015_18_0.json	1448146800.0	217.02	425	73
snapshot_11_22_2015_0_0.json	1448168400.0	217.02	425	73
snapshot_11_22_2015_0_0.json	1448168400.0	217.02	425	73
snapshot_11_22_2015_12_0.json	1448211600.0	195.55	425	81
snapshot_11_22_2015_18_0.json	1448233200.0	195.55	425	81
snapshot_11_22_2015_18_0.json	1448233200.0	195.55	425	81
snapshot_11_22_2015_6_0.json	1448190000.0	217.02	425	73
snapshot_11_22_2015_6_0.json	1448190000.0	217.02	425	73
snapshot_11_23_2015_0_0.json	1448254800.0	195.55	425	81
snapshot_11_23_2015_0_0.json	1448254800.0	195.55	425	81
snapshot_11_23_2015_18_0.json	1448319600.0	207.25	399	81
snapshot_11_23_2015_6_0.json	1448276400.0	195.55	425	81
snapshot_11_23_2015_6_0.json	1448276400.0	195.55	425	81
snapshot_11_24_2015_12_0.json	1448384400.0	206.08	399	81
snapshot_11_24_2015_12_0.json	1448384400.0	206.08	399	81
snapshot_11_24_2015_18_0.json	1448406000.0	206.08	399	81
snapshot_11_25_2015_0_0.json	1448427600.0	206.08	399	79
snapshot_11_25_2015_0_0.json	1448427600.0	206.08	399	79
snapshot_11_25_2015_12_0.json	1448470800.0	206.08	399	79
snapshot_11_25_2015_6_0.json	1448449200.0	206.08	399	79
snapshot_11_26_2015_0_0.json	1448514000.0	206.08	399	76
snapshot_11_26_2015_0_0.json	1448514000.0	206.08	399	76
snapshot_11_27_2015_18_0.json	1448665200.0	125.35	399	82
snapshot_11_28_2015_0_0.json	1448686800.0	125.35	399	94
snapshot_11_28_2015_12_0.json	1448730000.0	125.35	399	98
snapshot_11_28_2015_12_0.json	1448730000.0	125.35	399	98
snapshot_11_28_2015_6_0.json	1448708400.0	125.35	399	98
snapshot_11_29_2015_0_0.json	1448773200.0	125.35	399	98
snapshot_11_29_2015_12_0.json	1448816400.0	137.05	399	94
snapshot_11_29_2015_18_0.json	1448838000.0	137.05	399	94
snapshot_11_29_2015_18_0.json	1448838000.0	137.05	399	94
snapshot_11_29_2015_6_0.json	1448794800.0	137.05	399	94
snapshot_11_29_2015_6_0.json	1448794800.0	137.05	399	94
snapshot_11_30_2015_0_0.json	1448859600.0	137.05	399	94
snapshot_11_30_2015_12_0.json	1448902800.0	206.08	399	90
snapshot_11_30_2015_18_0.json	1448924400.0	206.08	399	86
snapshot_12_1_2015_0_0.json	1448946000.0	206.08	399	86
snapshot_12_1_2015_12_0.json	1448989200.0	194.38	399	86
snapshot_12_1_2015_18_0.json	1449010800.0	194.38	399	86
snapshot_12_1_2015_6_0.json	1448967600.0	194.38	399	86
snapshot_12_2_2015_0_0.json	1449032400.0	194.38	399	86
snapshot_12_2_2015_12_0.json	1449075600.0	194.38	399	86
snapshot_12_2_2015_12_0.json	1449075600.0	194.38	399	86
snapshot_12_2_2015_18_0.json	1449097200.0	194.38	399	86
snapshot_12_2_2015_6_0.json	1449054000.0	194.38	399	86
snapshot_12_3_2015_0_0.json	1449118800.0	194.38	399	86
snapshot_12_3_2015_0_0.json	1449118800.0	194.38	399	86
snapshot_12_3_2015_12_0.json	1449162000.0	194.38	399	98
snapshot_12_3_2015_18_0.json	1449183600.0	194.38	399	98
snapshot_12_4_2015_0_0.json	1449205200.0	194.38	399	100
snapshot_12_4_2015_0_0.json	1449205200.0	194.38	399	100
snapshot_12_4_2015_12_0.json	1449248400.0	194.38	399	100
snapshot_12_4_2015_18_0.json	1449270000.0	194.38	500	104
snapshot_12_4_2015_6_0.json	1449226800.0	194.38	399	100
snapshot_12_5_2015_0_0.json	1449291600.0	206.08	399	98
snapshot_12_5_2015_12_0.json	1449334800.0	206.08	399	96
snapshot_12_5_2015_12_0.json	1449334800.0	206.08	399	96
snapshot_12_5_2015_18_0.json	1449356400.0	206.08	399	96
snapshot_12_5_2015_18_0.json	1449356400.0	206.08	399	96
snapshot_12_5_2015_6_0.json	1449313200.0	206.08	399	100
9260294	2016-02-28T04:00:00Z	The Book of Mormon	San Diego Civic Theatre	California San Diego|81689	92101
snapshot_11_16_2015_0_0.json	1447650000.0	174.9	425	85
snapshot_11_17_2015_0_0.json	1447736400.0	174.9	425	85
snapshot_11_17_2015_12_0.json	1447779600.0	210	425	83
snapshot_11_17_2015_18_0.json	1447801200.0	210	425	83
snapshot_11_17_2015_6_0.json	1447758000.0	210	425	83
snapshot_11_18_2015_0_0.json	1447822800.0	217.02	425	81
snapshot_11_18_2015_12_0.json	1447866000.0	217.02	425	81
snapshot_11_18_2015_18_0.json	1447887600.0	217.02	425	81
snapshot_11_18_2015_6_0.json	1447844400.0	217.02	425	81
snapshot_11_19_2015_0_0.json	1447909200.0	217.02	425	81
snapshot_11_19_2015_0_0.json	1447909200.0	217.02	425	81
snapshot_11_20_2015_0_0.json	1447995600.0	217.02	425	79
snapshot_11_20_2015_12_0.json	1448038800.0	217.02	425	79
snapshot_11_21_2015_12_0.json	1448125200.0	217.02	425	77
snapshot_11_21_2015_18_0.json	1448146800.0	217.02	425	73
snapshot_11_22_2015_0_0.json	1448168400.0	217.02	425	73
snapshot_11_22_2015_0_0.json	1448168400.0	217.02	425	73
snapshot_11_22_2015_12_0.json	1448211600.0	195.55	425	81
snapshot_11_22_2015_18_0.json	1448233200.0	195.55	425	81
snapshot_11_22_2015_18_0.json	1448233200.0	195.55	425	81
snapshot_11_22_2015_6_0.json	1448190000.0	217.02	425	73
snapshot_11_22_2015_6_0.json	1448190000.0	217.02	425	73
snapshot_11_23_2015_0_0.json	1448254800.0	195.55	425	81
snapshot_11_23_2015_0_0.json	1448254800.0	195.55	425	81
snapshot_11_23_2015_18_0.json	1448319600.0	207.25	399	81
snapshot_11_23_2015_6_0.json	1448276400.0	195.55	425	81
snapshot_11_23_2015_6_0.json	1448276400.0	195.55	425	81
snapshot_11_24_2015_12_0.json	1448384400.0	206.08	399	81
snapshot_11_24_2015_12_0.json	1448384400.0	206.08	399	81
snapshot_11_24_2015_18_0.json	1448406000.0	206.08	399	81
snapshot_11_25_2015_0_0.json	1448427600.0	206.08	399	79
snapshot_11_25_2015_0_0.json	1448427600.0	206.08	399	79
snapshot_11_25_2015_12_0.json	1448470800.0	206.08	399	79
snapshot_11_25_2015_6_0.json	1448449200.0	206.08	399	79
snapshot_11_26_2015_0_0.json	1448514000.0	206.08	399	76
snapshot_11_26_2015_0_0.json	1448514000.0	206.08	399	76
snapshot_11_27_2015_18_0.json	1448665200.0	125.35	399	82
snapshot_11_28_2015_0_0.json	1448686800.0	125.35	399	94
snapshot_11_28_2015_12_0.json	1448730000.0	125.35	399	98
snapshot_11_28_2015_12_0.json	1448730000.0	125.35	399	98
snapshot_11_28_2015_6_0.json	1448708400.0	125.35	399	98
snapshot_11_29_2015_0_0.json	1448773200.0	125.35	399	98
snapshot_11_29_2015_12_0.json	1448816400.0	137.05	399	94
snapshot_11_29_2015_18_0.json	1448838000.0	137.05	399	94
snapshot_11_29_2015_18_0.json	1448838000.0	137.05	399	94
snapshot_11_29_2015_6_0.json	1448794800.0	137.05	399	94
snapshot_11_29_2015_6_0.json	1448794800.0	137.05	399	94
snapshot_11_30_2015_0_0.json	1448859600.0	137.05	399	94
snapshot_11_30_2015_12_0.json	1448902800.0	206.08	399	90
snapshot_11_30_2015_18_0.json	1448924400.0	206.08	399	86
snapshot_12_1_2015_0_0.json	1448946000.0	206.08	399	86
snapshot_12_1_2015_12_0.json	1448989200.0	194.38	399	86
snapshot_12_1_2015_18_0.json	1449010800.0	194.38	399	86
snapshot_12_1_2015_6_0.json	1448967600.0	194.38	399	86
snapshot_12_2_2015_0_0.json	1449032400.0	194.38	399	86
snapshot_12_2_2015_12_0.json	1449075600.0	194.38	399	86
snapshot_12_2_2015_12_0.json	1449075600.0	194.38	399	86
snapshot_12_2_2015_18_0.json	1449097200.0	194.38	399	86
snapshot_12_2_2015_6_0.json	1449054000.0	194.38	399	86
snapshot_12_3_2015_0_0.json	1449118800.0	194.38	399	86
snapshot_12_3_2015_0_0.json	1449118800.0	194.38	399	86
snapshot_12_3_2015_12_0.json	1449162000.0	194.38	399	98
snapshot_12_3_2015_18_0.json	1449183600.0	194.38	399	98
snapshot_12_4_2015_0_0.json	1449205200.0	194.38	399	100
snapshot_12_4_2015_0_0.json	1449205200.0	194.38	399	100
snapshot_12_4_2015_12_0.json	1449248400.0	19
