9261089	2015-11-30T00:00:00Z	Ronnie Milsap	Florida Theatre Jacksonville	Florida Jacksonville|708	32202
snapshot_11_16_2015_0_0.json	1447650000.0	91.68	145	30
snapshot_11_17_2015_0_0.json	1447736400.0	91.68	145	30
snapshot_11_17_2015_12_0.json	1447779600.0	91.68	145	30
snapshot_11_17_2015_6_0.json	1447758000.0	91.68	145	30
snapshot_11_18_2015_12_0.json	1447866000.0	91.68	145	26
snapshot_11_18_2015_18_0.json	1447887600.0	91.68	129.98	26
snapshot_11_18_2015_6_0.json	1447844400.0	91.68	145	26
snapshot_11_19_2015_18_0.json	1447974000.0	91.68	129.98	26
snapshot_11_19_2015_6_0.json	1447930800.0	91.68	129.98	26
snapshot_11_20_2015_0_0.json	1447995600.0	91.68	129.98	24
snapshot_11_21_2015_12_0.json	1448125200.0	91.68	129.98	23
snapshot_11_22_2015_0_0.json	1448168400.0	91.68	129.98	23
snapshot_11_22_2015_12_0.json	1448211600.0	91.68	129.98	23
snapshot_11_22_2015_18_0.json	1448233200.0	91.68	129.98	23
snapshot_11_22_2015_6_0.json	1448190000.0	91.68	129.98	23
snapshot_11_22_2015_6_0.json	1448190000.0	91.68	129.98	23
snapshot_11_23_2015_0_0.json	1448254800.0	91.68	129.98	23
snapshot_11_23_2015_0_0.json	1448254800.0	91.68	129.98	23
snapshot_11_23_2015_0_0.json	1448254800.0	91.68	129.98	23
snapshot_11_23_2015_12_0.json	1448298000.0	91.68	129.98	26
snapshot_11_23_2015_18_0.json	1448319600.0	90.25	129.98	26
snapshot_11_23_2015_18_0.json	1448319600.0	90.25	129.98	26
snapshot_11_23_2015_6_0.json	1448276400.0	91.68	129.98	26
snapshot_11_24_2015_0_0.json	1448341200.0	73.87	115	31
snapshot_11_24_2015_12_0.json	1448384400.0	73.87	99.79	24
snapshot_11_24_2015_12_0.json	1448384400.0	73.87	99.79	24
snapshot_11_24_2015_18_0.json	1448406000.0	73.87	99.79	28
snapshot_11_24_2015_6_0.json	1448362800.0	73.87	360	29
snapshot_11_25_2015_0_0.json	1448427600.0	73.87	99.79	31
snapshot_11_25_2015_0_0.json	1448427600.0	73.87	99.79	31
snapshot_11_25_2015_6_0.json	1448449200.0	73.87	99.79	31
snapshot_11_28_2015_0_0.json	1448686800.0	72.7	60	2
snapshot_11_28_2015_12_0.json	1448730000.0	0	0	0
snapshot_11_28_2015_12_0.json	1448730000.0	0	0	0
snapshot_11_28_2015_18_0.json	1448751600.0	0	0	0
snapshot_11_28_2015_6_0.json	1448708400.0	72.7	60	2
snapshot_11_29_2015_0_0.json	1448773200.0	0	0	0
snapshot_11_29_2015_12_0.json	1448816400.0	0	0	0
snapshot_11_29_2015_18_0.json	1448838000.0	0	0	0
snapshot_11_29_2015_6_0.json	1448794800.0	0	0	0
snapshot_11_30_2015_0_0.json	1448859600.0	0	0	0
snapshot_11_30_2015_12_0.json	1448902800.0	0	0	0
snapshot_11_30_2015_18_0.json	1448924400.0	0	0	0
snapshot_11_30_2015_18_0.json	1448924400.0	0	0	0
snapshot_11_30_2015_6_0.json	1448881200.0	0	0	0
snapshot_12_1_2015_0_0.json	1448946000.0	0	0	0
snapshot_12_1_2015_12_0.json	1448989200.0	0	0	0
snapshot_12_1_2015_6_0.json	1448967600.0	0	0	0
9261089	2015-11-30T00:00:00Z	Ronnie Milsap	Florida Theatre Jacksonville	Florida Jacksonville|708	32202
snapshot_11_16_2015_0_0.json	1447650000.0	91.68	145	30
snapshot_11_17_2015_0_0.json	1447736400.0	91.68	145	30
snapshot_11_17_2015_12_0.json	1447779600.0	91.68	145	30
snapshot_11_17_2015_6_0.json	1447758000.0	91.68	145	30
snapshot_11_18_2015_12_0.json	1447866000.0	91.68	145	26
snapshot_11_18_2015_18_0.json	1447887600.0	91.68	129.98	26
snapshot_11_18_2015_6_0.json	1447844400.0	91.68	145	26
snapshot_11_19_2015_18_0.json	1447974000.0	91.68	129.98	26
snapshot_11_19_2015_6_0.json	1447930800.0	91.68	129.98	26
snapshot_11_20_2015_0_0.json	1447995600.0	91.68	129.98	24
snapshot_11_21_2015_12_0.json	1448125200.0	91.68	129.98	23
snapshot_11_22_2015_0_0.json	1448168400.0	91.68	129.98	23
snapshot_11_22_2015_12_0.json	1448211600.0	91.68	129.98	23
snapshot_11_22_2015_18_0.json	1448233200.0	91.68	129.98	23
snapshot_11_22_2015_6_0.json	1448190000.0	91.68	129.98	23
snapshot_11_22_2015_6_0.json	1448190000.0	91.68	129.98	23
snapshot_11_23_2015_0_0.json	1448254800.0	91.68	129.98	23
snapshot_11_23_2015_0_0.json	1448254800.0	91.68	129.98	23
snapshot_11_23_2015_0_0.json	1448254800.0	91.68	129.98	23
snapshot_11_23_2015_12_0.json	1448298000.0	91.68	129.98	26
snapshot_11_23_2015_18_0.json	1448319600.0	90.25	129.98	26
snapshot_11_23_2015_18_0.json	1448319600.0	90.25	129.98	26
snapshot_11_23_2015_6_0.json	1448276400.0	91.68	129.98	26
snapshot_11_24_2015_0_0.json	1448341200.0	73.87	115	31
snapshot_11_24_2015_12_0.json	1448384400.0	73.87	99.79	24
snapshot_11_24_2015_12_0.json	1448384400.0	73.87	99.79	24
snapshot_11_24_2015_18_0.json	1448406000.0	73.87	99.79	28
snapshot_11_24_2015_6_0.json	1448362800.0	73.87	360	29
snapshot_11_25_2015_0_0.json	1448427600.0	73.87	99.79	31
snapshot_11_25_2015_0_0.json	1448427600.0	73.87	99.79	31
snapshot_11_25_2015_6_0.json	1448449200.0	73.87	99.79	31
snapshot_11_28_2015_0_0.json	1448686800.0	72.7	60	2
snapshot_11_28_2015_12_0.json	1448730000.0	0	0	0
snapshot_11_28_2015_12_0.json	1448730000.0	0	0	0
snapshot_11_28_2015_18_0.json	1448751600.0	0	0	0
snapshot_11_28_2015_6_0.json	1448708400.0	72.7	60	2
snapshot_11_29_2015_0_0.json	1448773200.0	0	0	0
snapshot_11_29_2015_12_0.json	1448816400.0	0	0	0
snapshot_11_29_2015_18_0.json	1448838000.0	0	0	0
snapshot_11_29_2015_6_0.json	1448794800.0	0	0	0
snapshot_11_30_2015_0_0.json	1448859600.0	0	0	0
snapshot_11_30_2015_12_0.json	1448902800.0	0	0	0
snapshot_11_30_2015_18_0.json	1448924400.0	0	0	0
snapshot_11_30_2015_18_0.json	1448924400.0	0	0	0
snapshot_11_30_2015_6_0.json	1448881200.0	0	0	0
snapshot_12_1_2015_0_0.json	1448946000.0	0	0	0
snapshot_12_1_2015_12_0.json	1448989200.0	0	0	0
snapshot_12_1_2015_6_0.json	1448967600.0	0	0	0
9261089	2015-11-30T00:00:00Z	Ronnie Milsap	Florida Theatre Jacksonville	Florida Jacksonville|708	32202
snapshot_11_16_2015_0_0.json	1447650000.0	91.68	145	30
snapshot_11_17_2015_0_0.json	1447736400.0	91.68	145	30
snapshot_11_17_2015_12_0.json	1447779600.0	91.68	145	30
snapshot_11_17_2015_6_0.json	1447758000.0	91.68	145	30
snapshot_11_18_2015_12_0.json	1447866000.0	91.68	145	26
snapshot_11_18_2015_18_0.json	1447887600.0	91.68	129.98	26
snapshot_11_18_2015_6_0.json	1447844400.0	91.68	145	26
snapshot_11_19_2015_18_0.json	1447974000.0	91.68	129.98	26
snapshot_11_19_2015_6_0.json	1447930800.0	91.68	129.98	26
snapshot_11_20_2015_0_0.json	1447995600.0	91.68	129.98	24
snapshot_11_21_2015_12_0.json	1448125200.0	91.68	129.98	23
snapshot_11_22_2015_0_0.json	1448168400.0	91.68	129.98	23
snapshot_11_22_2015_12_0.json	1448211600.0	91.68	129.98	23
snapshot_11_22_2015_18_0.json	1448233200.0	91.68	129.98	23
snapshot_11_22_2015_6_0.json	1448190000.0	91.68	129.98	23
snapshot_11_22_2015_6_0.json	1448190000.0	91.68	129.98	23
snapshot_11_23_2015_0_0.json	1448254800.0	91.68	129.98	23
snapshot_11_23_2015_0_0.json	1448254800.0	91.68	129.98	23
snapshot_11_23_2015_0_0.json	1448254800.0	91.68	129.98	23
snapshot_11_23_2015_12_0.json	1448298000.0	91.68	129.98	26
snapshot_11_23_2015_18_0.json	1448319600.0	90.25	129.98	26
snapshot_11_23_2015_18_0.json	1448319600.0	90.25	129.98	26
snapshot_11_23_2015_6_0.json	1448276400.0	91.68	129.98	26
snapshot_11_24_2015_0_0.json	1448341200.0	73.87	115	31
snapshot_11_24_2015_12_0.json	1448384400.0	73.87	99.79	24
snapshot_11_24_2015_12_0.json	1448384400.0	73.87	99.79	24
snapshot_11_24_2015_18_0.json	1448406000.0	73.87	99.79	28
snapshot_11_24_2015_6_0.json	1448362800.0	73.87	360	29
snapshot_11_25_2015_0_0.json	1448427600.0	73.87	99.79	31
snapshot_11_25_2015_0_0.json	1448427600.0	73.87	99.79	31
snapshot_11_25_2015_6_0.json	1448449200.0	73.87	99.79	31
snapshot_11_28_2015_0_0.json	1448686800.0	72.7	60	2
snapshot_11_28_2015_12_0.json	1448730000.0	0	0	0
snapshot_11_28_2015_12_0.json	1448730000.0	0	0	0
snapshot_11_28_2015_18_0.json	1448751600.0	0	0	0
snapshot_11_28_2015_6_0.json	1448708400.0	72.7	60	2
snapshot_11_29_2015_0_0.json	1448773200.0	0	0	0
snapshot_11_29_2015_12_0.json	1448816400.0	0	0	0
snapshot_11_29_2015_18_0.json	1448838000.0	0	0	0
snapshot_11_29_2015_6_0.json	1448794800.0	0	0	0
snapshot_11_30_2015_0_0.json	1448859600.0	0	0	0
snapshot_11_30_2015_12_0.json	1448902800.0	0	0	0
snapshot_11_30_2015_18_0.json	1448924400.0	0	0	0
snapshot_11_30_2015_18_0.json	1448924400.0	0	0	0
snapshot_11_30_2015_6_0.json	1448881200.0	0	0	0
snapshot_12_1_2015_0_0.json	1448946000.0	0	0	0
snapshot_12_1_2015_12_0.json	1448989200.0	0	0	0
snapshot_12_1_2015_6_0.json	1448967600.0	0	0	0
9261089	2015-11-30T00:00:00Z	Ronnie Milsap	Florida Theatre Jacksonville	Florida Jacksonville|708	32202
snapshot_11_16_2015_0_0.json	1447650000.0	91.68	145	30
snapshot_11_17_2015_0_0.json	1447736400.0	91.68	145	30
snapshot_11_17_2015_12_0.json	1447779600.0	91.68	145	30
snapshot_11_17_2015_6_0.json	1447758000.0	91.68	145	30
snapshot_11_18_2015_12_0.json	1447866000.0	91.68	145	26
snapshot_11_18_2015_18_0.json	1447887600.0	91.68	129.98	26
snapshot_11_18_2015_6_0.json	1447844400.0	91.68	145	26
snapshot_11_19_2015_18_0.json	1447974000.0	91.68	129.98	26
snapshot_11_19_2015_6_0.json	1447930800.0	91.68	129.98	26
snapshot_11_20_2015_0_0.json	1447995600.0	91.68	129.98	24
snapshot_11_21_2015_12_0.json	1448125200.0	91.68	129.98	23
snapshot_11_22_2015_0_0.json	1448168400.0	91.68	129.98	23
snapshot_11_22_2015_12_0.json	1448211600.0	91.68	129.98	23
snapshot_11_22_2015_18_0.json	1448233200.0	91.68	129.98	23
snapshot_11_22_2015_6_0.json	1448190000.0	91.68	129.98	23
snapshot_11_22_2015_6_0.json	1448190000.0	91.68	129.98	23
snapshot_11_23_2015_0_0.json	1448254800.0	91.68	129.98	23
snapshot_11_23_2015_0_0.json	1448254800.0	91.68	129.98	23
snapshot_11_23_2015_0_0.json	1448254800.0	91.68	129.98	23
snapshot_11_23_2015_12_0.json	1448298000.0	91.68	129.98	26
snapshot_11_23_2015_18_0.json	1448319600.0	90.25	129.98	26
snapshot_11_23_2015_18_0.json	1448319600.0	90.25	129.98	26
snapshot_11_23_2015_6_0.json	1448276400.0	91.68	129.98	26
snapshot_11_24_2015_0_0.json	1448341200.0	73.87	115	31
snapshot_11_24_2015_12_0.json	1448384400.0	73.87	99.79	24
snapshot_11_24_2015_12_0.json	1448384400.0	73.87	99.79	24
snapshot_11_24_2015_18_0.json	1448406000.0	73.87	99.79	28
snapshot_11_24_2015_6_0.json	1448362800.0	73.87	360	29
snapshot_11_25_2015_0_0.json	1448427600.0	73.87	99.79	31
snapshot_11_25_2015_0_0.json	1448427600.0	73.87	99.79	31
snapshot_11_25_2015_6_0.json	1448449200.0	73.87	99.79	31
snapshot_11_28_2015_0_0.json	1448686800.0	72.7	60	2
snapshot_11_28_2015_12_0.json	1448730000.0	0	0	0
snapshot_11_28_2015_12_0.json	1448730000.0	0	0	0
snapshot_11_28_2015_18_0.json	1448751600.0	0	0	0
snapshot_11_28_2015_6_0.json	1448708400.0	72.7	60	2
snapshot_11_29_2015_0_0.json	1448773200.0	0	0	0
snapshot_11_29_2015_12_0.json	1448816400.0	0	0	0
snapshot_11_29_2015_18_0.json	1448838000.0	0	0	0
snapshot_11_29_2015_6_0.json	1448794800.0	0	0	0
snapshot_11_30_2015_0_0.json	1448859600.0	0	0	0
snapshot_11_30_2015_12_0.json	1448902800.0	0	0	0
snapshot_11_30_2015_18_0.json	1448924400.0	0	0	0
snapshot_11_30_2015_18_0.json	1448924400.0	0	0	0
snapshot_11_30_2015_6_0.json	1448881200.0	0	0	0
snapshot_12_1_2015_0_0.json	1448946000.0	0	0	0
snapshot_12_1_2015_12_0.json	1448989200.0	0	0	0
snapshot_12_1_2015_6_0.json	1448967600.0	0	0	0
