9262754	2015-11-20T22:00:00Z	2k Classic Semifinal	Madison Square Garden	New York New York Metro|664	10001
snapshot_11_17_2015_12_0.json	1447779600.0	28.65	3500	1721
snapshot_11_17_2015_18_0.json	1447801200.0	28.65	3500	1613
snapshot_11_17_2015_6_0.json	1447758000.0	28.65	3500	1721
snapshot_11_17_2015_6_0.json	1447758000.0	28.65	3500	1721
snapshot_11_18_2015_0_0.json	1447822800.0	30.58	1350	1491
snapshot_11_18_2015_12_0.json	1447866000.0	33.51	1350	1411
snapshot_11_18_2015_12_0.json	1447866000.0	33.51	1350	1411
snapshot_11_18_2015_18_0.json	1447887600.0	33.51	1350	1326
snapshot_11_18_2015_6_0.json	1447844400.0	33.51	1350	1414
snapshot_11_19_2015_0_0.json	1447909200.0	34.05	1200	1089
snapshot_11_19_2015_12_0.json	1447952400.0	31.75	1200	1000
snapshot_11_19_2015_6_0.json	1447930800.0	31.75	1200	994
snapshot_11_20_2015_0_0.json	1447995600.0	37.6	834	906
snapshot_11_20_2015_12_0.json	1448038800.0	36.3	834	730
snapshot_11_21_2015_12_0.json	1448125200.0	0	0	0
snapshot_11_21_2015_18_0.json	1448146800.0	0	0	0
snapshot_11_22_2015_0_0.json	1448168400.0	0	0	0
snapshot_11_22_2015_12_0.json	1448211600.0	0	0	0
snapshot_11_22_2015_18_0.json	1448233200.0	0	0	0
snapshot_11_22_2015_6_0.json	1448190000.0	0	0	0
snapshot_11_23_2015_0_0.json	1448254800.0	0	0	0
snapshot_11_23_2015_12_0.json	1448298000.0	0	0	0
snapshot_11_23_2015_18_0.json	1448319600.0	0	0	0
snapshot_11_23_2015_6_0.json	1448276400.0	0	0	0
snapshot_11_24_2015_0_0.json	1448341200.0	0	0	0
snapshot_11_24_2015_12_0.json	1448384400.0	0	0	0
snapshot_12_3_2015_18_0.json	1449183600.0	0	0	0
snapshot_12_4_2015_0_0.json	1449205200.0	0	0	0
snapshot_12_4_2015_12_0.json	1449248400.0	0	0	0
snapshot_12_4_2015_6_0.json	1449226800.0	0	0	0
9262754	2015-11-20T22:00:00Z	2k Classic Semifinal	Madison Square Garden	New York New York Metro|664	10001
snapshot_11_17_2015_12_0.json	1447779600.0	28.65	3500	1721
snapshot_11_17_2015_18_0.json	1447801200.0	28.65	3500	1613
snapshot_11_17_2015_6_0.json	1447758000.0	28.65	3500	1721
snapshot_11_17_2015_6_0.json	1447758000.0	28.65	3500	1721
snapshot_11_18_2015_0_0.json	1447822800.0	30.58	1350	1491
snapshot_11_18_2015_12_0.json	1447866000.0	33.51	1350	1411
snapshot_11_18_2015_12_0.json	1447866000.0	33.51	1350	1411
snapshot_11_18_2015_18_0.json	1447887600.0	33.51	1350	1326
snapshot_11_18_2015_6_0.json	1447844400.0	33.51	1350	1414
snapshot_11_19_2015_0_0.json	1447909200.0	34.05	1200	1089
snapshot_11_19_2015_12_0.json	1447952400.0	31.75	1200	1000
snapshot_11_19_2015_6_0.json	1447930800.0	31.75	1200	994
snapshot_11_20_2015_0_0.json	1447995600.0	37.6	834	906
snapshot_11_20_2015_12_0.json	1448038800.0	36.3	834	730
snapshot_11_21_2015_12_0.json	1448125200.0	0	0	0
snapshot_11_21_2015_18_0.json	1448146800.0	0	0	0
snapshot_11_22_2015_0_0.json	1448168400.0	0	0	0
snapshot_11_22_2015_12_0.json	1448211600.0	0	0	0
snapshot_11_22_2015_18_0.json	1448233200.0	0	0	0
snapshot_11_22_2015_6_0.json	1448190000.0	0	0	0
snapshot_11_23_2015_0_0.json	1448254800.0	0	0	0
snapshot_11_23_2015_12_0.json	1448298000.0	0	0	0
snapshot_11_23_2015_18_0.json	1448319600.0	0	0	0
snapshot_11_23_2015_6_0.json	1448276400.0	0	0	0
snapshot_11_24_2015_0_0.json	1448341200.0	0	0	0
snapshot_11_24_2015_12_0.json	1448384400.0	0	0	0
snapshot_12_3_2015_18_0.json	1449183600.0	0	0	0
snapshot_12_4_2015_0_0.json	1449205200.0	0	0	0
snapshot_12_4_2015_12_0.json	1449248400.0	0	0	0
snapshot_12_4_2015_6_0.json	1449226800.0	0	0	0
9262754	2015-11-20T22:00:00Z	2k Classic Semifinal	Madison Square Garden	New York New York Metro|664	10001
snapshot_11_17_2015_12_0.json	1447779600.0	28.65	3500	1721
snapshot_11_17_2015_18_0.json	1447801200.0	28.65	3500	1613
snapshot_11_17_2015_6_0.json	1447758000.0	28.65	3500	1721
snapshot_11_17_2015_6_0.json	1447758000.0	28.65	3500	1721
snapshot_11_18_2015_0_0.json	1447822800.0	30.58	1350	1491
snapshot_11_18_2015_12_0.json	1447866000.0	33.51	1350	1411
snapshot_11_18_2015_12_0.json	1447866000.0	33.51	1350	1411
snapshot_11_18_2015_18_0.json	1447887600.0	33.51	1350	1326
snapshot_11_18_2015_6_0.json	1447844400.0	33.51	1350	1414
snapshot_11_19_2015_0_0.json	1447909200.0	34.05	1200	1089
snapshot_11_19_2015_12_0.json	1447952400.0	31.75	1200	1000
snapshot_11_19_2015_6_0.json	1447930800.0	31.75	1200	994
snapshot_11_20_2015_0_0.json	1447995600.0	37.6	834	906
snapshot_11_20_2015_12_0.json	1448038800.0	36.3	834	730
snapshot_11_21_2015_12_0.json	1448125200.0	0	0	0
snapshot_11_21_2015_18_0.json	1448146800.0	0	0	0
snapshot_11_22_2015_0_0.json	1448168400.0	0	0	0
snapshot_11_22_2015_12_0.json	1448211600.0	0	0	0
snapshot_11_22_2015_18_0.json	1448233200.0	0	0	0
snapshot_11_22_2015_6_0.json	1448190000.0	0	0	0
snapshot_11_23_2015_0_0.json	1448254800.0	0	0	0
snapshot_11_23_2015_12_0.json	1448298000.0	0	0	0
snapshot_11_23_2015_18_0.json	1448319600.0	0	0	0
snapshot_11_23_2015_6_0.json	1448276400.0	0	0	0
snapshot_11_24_2015_0_0.json	1448341200.0	0	0	0
snapshot_11_24_2015_12_0.json	1448384400.0	0	0	0
snapshot_12_3_2015_18_0.json	1449183600.0	0	0	0
snapshot_12_4_2015_0_0.json	1449205200.0	0	0	0
snapshot_12_4_2015_12_0.json	1449248400.0	0	0	0
snapshot_12_4_2015_6_0.json	1449226800.0	0	0	0
9262754	2015-11-20T22:00:00Z	2k Classic Semifinal	Madison Square Garden	New York New York Metro|664	10001
snapshot_11_17_2015_12_0.json	1447779600.0	28.65	3500	1721
snapshot_11_17_2015_18_0.json	1447801200.0	28.65	3500	1613
snapshot_11_17_2015_6_0.json	1447758000.0	28.65	3500	1721
snapshot_11_17_2015_6_0.json	1447758000.0	28.65	3500	1721
snapshot_11_18_2015_0_0.json	1447822800.0	30.58	1350	1491
snapshot_11_18_2015_12_0.json	1447866000.0	33.51	1350	1411
snapshot_11_18_2015_12_0.json	1447866000.0	33.51	1350	1411
snapshot_11_18_2015_18_0.json	1447887600.0	33.51	1350	1326
snapshot_11_18_2015_6_0.json	1447844400.0	33.51	1350	1414
snapshot_11_19_2015_0_0.json	1447909200.0	34.05	1200	1089
snapshot_11_19_2015_12_0.json	1447952400.0	31.75	1200	1000
snapshot_11_19_2015_6_0.json	1447930800.0	31.75	1200	994
snapshot_11_20_2015_0_0.json	1447995600.0	37.6	834	906
snapshot_11_20_2015_12_0.json	1448038800.0	36.3	834	730
snapshot_11_21_2015_12_0.json	1448125200.0	0	0	0
snapshot_11_21_2015_18_0.json	1448146800.0	0	0	0
snapshot_11_22_2015_0_0.json	1448168400.0	0	0	0
snapshot_11_22_2015_12_0.json	1448211600.0	0	0	0
snapshot_11_22_2015_18_0.json	1448233200.0	0	0	0
snapshot_11_22_2015_6_0.json	1448190000.0	0	0	0
snapshot_11_23_2015_0_0.json	1448254800.0	0	0	0
snapshot_11_23_2015_12_0.json	1448298000.0	0	0	0
snapshot_11_23_2015_18_0.json	1448319600.0	0	0	0
snapshot_11_23_2015_6_0.json	1448276400.0	0	0	0
snapshot_11_24_2015_0_0.json	1448341200.0	0	0	0
snapshot_11_24_2015_12_0.json	1448384400.0	0	0	0
snapshot_12_3_2015_18_0.json	1449183600.0	0	0	0
snapshot_12_4_2015_0_0.json	1449205200.0	0	0	0
snapshot_12_4_2015_12_0.json	1449248400.0	0	0	0
snapshot_12_4_2015_6_0.json	1449226800.0	0	0	0
