9262736	2015-11-24T00:00:00Z	2015 Legends Classic	Barclays Center	New York New York Metro|664	11217
snapshot_11_16_2015_0_0.json	1447650000.0	19.76	698.9	783
snapshot_11_17_2015_0_0.json	1447736400.0	19.75	698.9	776
snapshot_11_17_2015_12_0.json	1447779600.0	19.75	698.9	766
snapshot_11_17_2015_18_0.json	1447801200.0	19.75	698.9	758
snapshot_11_17_2015_6_0.json	1447758000.0	19.75	698.9	766
snapshot_11_17_2015_6_0.json	1447758000.0	19.75	698.9	766
snapshot_11_18_2015_0_0.json	1447822800.0	19.75	698.9	712
snapshot_11_18_2015_12_0.json	1447866000.0	18.88	698.9	713
snapshot_11_18_2015_18_0.json	1447887600.0	19.29	698.9	703
snapshot_11_19_2015_0_0.json	1447909200.0	19.75	698.9	723
snapshot_11_19_2015_12_0.json	1447952400.0	19.75	698.9	706
snapshot_11_19_2015_6_0.json	1447930800.0	19.75	698.9	706
snapshot_11_20_2015_0_0.json	1447995600.0	15	698.9	686
snapshot_11_20_2015_12_0.json	1448038800.0	15	698.9	720
snapshot_11_21_2015_12_0.json	1448125200.0	14.2	199	675
snapshot_11_21_2015_18_0.json	1448146800.0	14.2	199	658
snapshot_11_22_2015_0_0.json	1448168400.0	14.2	450	620
snapshot_11_22_2015_12_0.json	1448211600.0	14.2	450	611
snapshot_11_22_2015_18_0.json	1448233200.0	14.96	450	590
snapshot_11_22_2015_6_0.json	1448190000.0	14.2	450	611
snapshot_11_23_2015_0_0.json	1448254800.0	14.98	450	540
snapshot_11_23_2015_12_0.json	1448298000.0	14.98	420	480
snapshot_11_23_2015_18_0.json	1448319600.0	14.2	410	371
snapshot_11_23_2015_6_0.json	1448276400.0	14.98	420	487
snapshot_11_24_2015_0_0.json	1448341200.0	0	0	0
snapshot_11_24_2015_12_0.json	1448384400.0	0	0	0
snapshot_11_24_2015_12_0.json	1448384400.0	0	0	0
snapshot_11_24_2015_18_0.json	1448406000.0	0	0	0
snapshot_11_24_2015_6_0.json	1448362800.0	0	0	0
snapshot_11_25_2015_0_0.json	1448427600.0	0	0	0
9262736	2015-11-24T00:00:00Z	2015 Legends Classic	Barclays Center	New York New York Metro|664	11217
snapshot_11_16_2015_0_0.json	1447650000.0	19.76	698.9	783
snapshot_11_17_2015_0_0.json	1447736400.0	19.75	698.9	776
snapshot_11_17_2015_12_0.json	1447779600.0	19.75	698.9	766
snapshot_11_17_2015_18_0.json	1447801200.0	19.75	698.9	758
snapshot_11_17_2015_6_0.json	1447758000.0	19.75	698.9	766
snapshot_11_17_2015_6_0.json	1447758000.0	19.75	698.9	766
snapshot_11_18_2015_0_0.json	1447822800.0	19.75	698.9	712
snapshot_11_18_2015_12_0.json	1447866000.0	18.88	698.9	713
snapshot_11_18_2015_18_0.json	1447887600.0	19.29	698.9	703
snapshot_11_19_2015_0_0.json	1447909200.0	19.75	698.9	723
snapshot_11_19_2015_12_0.json	1447952400.0	19.75	698.9	706
snapshot_11_19_2015_6_0.json	1447930800.0	19.75	698.9	706
snapshot_11_20_2015_0_0.json	1447995600.0	15	698.9	686
snapshot_11_20_2015_12_0.json	1448038800.0	15	698.9	720
snapshot_11_21_2015_12_0.json	1448125200.0	14.2	199	675
snapshot_11_21_2015_18_0.json	1448146800.0	14.2	199	658
snapshot_11_22_2015_0_0.json	1448168400.0	14.2	450	620
snapshot_11_22_2015_12_0.json	1448211600.0	14.2	450	611
snapshot_11_22_2015_18_0.json	1448233200.0	14.96	450	590
snapshot_11_22_2015_6_0.json	1448190000.0	14.2	450	611
snapshot_11_23_2015_0_0.json	1448254800.0	14.98	450	540
snapshot_11_23_2015_12_0.json	1448298000.0	14.98	420	480
snapshot_11_23_2015_18_0.json	1448319600.0	14.2	410	371
snapshot_11_23_2015_6_0.json	1448276400.0	14.98	420	487
snapshot_11_24_2015_0_0.json	1448341200.0	0	0	0
snapshot_11_24_2015_12_0.json	1448384400.0	0	0	0
snapshot_11_24_2015_12_0.json	1448384400.0	0	0	0
snapshot_11_24_2015_18_0.json	1448406000.0	0	0	0
snapshot_11_24_2015_6_0.json	1448362800.0	0	0	0
snapshot_11_25_2015_0_0.json	1448427600.0	0	0	0
9262736	2015-11-24T00:00:00Z	2015 Legends Classic	Barclays Center	New York New York Metro|664	11217
snapshot_11_16_2015_0_0.json	1447650000.0	19.76	698.9	783
snapshot_11_17_2015_0_0.json	1447736400.0	19.75	698.9	776
snapshot_11_17_2015_12_0.json	1447779600.0	19.75	698.9	766
snapshot_11_17_2015_18_0.json	1447801200.0	19.75	698.9	758
snapshot_11_17_2015_6_0.json	1447758000.0	19.75	698.9	766
snapshot_11_17_2015_6_0.json	1447758000.0	19.75	698.9	766
snapshot_11_18_2015_0_0.json	1447822800.0	19.75	698.9	712
snapshot_11_18_2015_12_0.json	1447866000.0	18.88	698.9	713
snapshot_11_18_2015_18_0.json	1447887600.0	19.29	698.9	703
snapshot_11_19_2015_0_0.json	1447909200.0	19.75	698.9	723
snapshot_11_19_2015_12_0.json	1447952400.0	19.75	698.9	706
snapshot_11_19_2015_6_0.json	1447930800.0	19.75	698.9	706
snapshot_11_20_2015_0_0.json	1447995600.0	15	698.9	686
snapshot_11_20_2015_12_0.json	1448038800.0	15	698.9	720
snapshot_11_21_2015_12_0.json	1448125200.0	14.2	199	675
snapshot_11_21_2015_18_0.json	1448146800.0	14.2	199	658
snapshot_11_22_2015_0_0.json	1448168400.0	14.2	450	620
snapshot_11_22_2015_12_0.json	1448211600.0	14.2	450	611
snapshot_11_22_2015_18_0.json	1448233200.0	14.96	450	590
snapshot_11_22_2015_6_0.json	1448190000.0	14.2	450	611
snapshot_11_23_2015_0_0.json	1448254800.0	14.98	450	540
snapshot_11_23_2015_12_0.json	1448298000.0	14.98	420	480
snapshot_11_23_2015_18_0.json	1448319600.0	14.2	410	371
snapshot_11_23_2015_6_0.json	1448276400.0	14.98	420	487
snapshot_11_24_2015_0_0.json	1448341200.0	0	0	0
snapshot_11_24_2015_12_0.json	1448384400.0	0	0	0
snapshot_11_24_2015_12_0.json	1448384400.0	0	0	0
snapshot_11_24_2015_18_0.json	1448406000.0	0	0	0
snapshot_11_24_2015_6_0.json	1448362800.0	0	0	0
snapshot_11_25_2015_0_0.json	1448427600.0	0	0	0
9262736	2015-11-24T00:00:00Z	2015 Legends Classic	Barclays Center	New York New York Metro|664	11217
snapshot_11_16_2015_0_0.json	1447650000.0	19.76	698.9	783
snapshot_11_17_2015_0_0.json	1447736400.0	19.75	698.9	776
snapshot_11_17_2015_12_0.json	1447779600.0	19.75	698.9	766
snapshot_11_17_2015_18_0.json	1447801200.0	19.75	698.9	758
snapshot_11_17_2015_6_0.json	1447758000.0	19.75	698.9	766
snapshot_11_17_2015_6_0.json	1447758000.0	19.75	698.9	766
snapshot_11_18_2015_0_0.json	1447822800.0	19.75	698.9	712
snapshot_11_18_2015_12_0.json	1447866000.0	18.88	698.9	713
snapshot_11_18_2015_18_0.json	1447887600.0	19.29	698.9	703
snapshot_11_19_2015_0_0.json	1447909200.0	19.75	698.9	723
snapshot_11_19_2015_12_0.json	1447952400.0	19.75	698.9	706
snapshot_11_19_2015_6_0.json	1447930800.0	19.75	698.9	706
snapshot_11_20_2015_0_0.json	1447995600.0	15	698.9	686
snapshot_11_20_2015_12_0.json	1448038800.0	15	698.9	720
snapshot_11_21_2015_12_0.json	1448125200.0	14.2	199	675
snapshot_11_21_2015_18_0.json	1448146800.0	14.2	199	658
snapshot_11_22_2015_0_0.json	1448168400.0	14.2	450	620
snapshot_11_22_2015_12_0.json	1448211600.0	14.2	450	611
snapshot_11_22_2015_18_0.json	1448233200.0	14.96	450	590
snapshot_11_22_2015_6_0.json	1448190000.0	14.2	450	611
snapshot_11_23_2015_0_0.json	1448254800.0	14.98	450	540
snapshot_11_23_2015_12_0.json	1448298000.0	14.98	420	480
snapshot_11_23_2015_18_0.json	1448319600.0	14.2	410	371
snapshot_11_23_2015_6_0.json	1448276400.0	14.98	420	487
snapshot_11_24_2015_0_0.json	1448341200.0	0	0	0
snapshot_11_24_2015_12_0.json	1448384400.0	0	0	0
snapshot_11_24_2015_12_0.json	1448384400.0	0	0	0
snapshot_11_24_2015_18_0.json	1448406000.0	0	0	0
snapshot_11_24_2015_6_0.json	1448362800.0	0	0	0
snapshot_11_25_2015_0_0.json	1448427600.0	0	0	0
