9262737	2015-11-24T22:30:00Z	2015 Legends Classic	Barclays Center	New York New York Metro|664	11217
snapshot_11_16_2015_0_0.json	1447650000.0	19.76	519.99	703
snapshot_11_17_2015_0_0.json	1447736400.0	19.75	519.99	702
snapshot_11_17_2015_12_0.json	1447779600.0	17.71	519.99	698
snapshot_11_17_2015_18_0.json	1447801200.0	17.71	519.99	696
snapshot_11_17_2015_18_0.json	1447801200.0	17.71	519.99	696
snapshot_11_17_2015_6_0.json	1447758000.0	17.71	519.99	698
snapshot_11_17_2015_6_0.json	1447758000.0	17.71	519.99	698
snapshot_11_18_2015_0_0.json	1447822800.0	17.71	519.99	639
snapshot_11_18_2015_12_0.json	1447866000.0	19.75	519.99	632
snapshot_11_18_2015_18_0.json	1447887600.0	19.75	519.99	641
snapshot_11_18_2015_6_0.json	1447844400.0	19.75	519.99	634
snapshot_11_19_2015_0_0.json	1447909200.0	19.75	519.99	689
snapshot_11_19_2015_0_0.json	1447909200.0	19.75	519.99	689
snapshot_11_19_2015_12_0.json	1447952400.0	19.75	519.99	680
snapshot_11_19_2015_6_0.json	1447930800.0	19.75	519.99	686
snapshot_11_20_2015_0_0.json	1447995600.0	14.2	260	629
snapshot_11_20_2015_12_0.json	1448038800.0	14.2	260	672
snapshot_11_21_2015_12_0.json	1448125200.0	14.2	260	684
snapshot_11_21_2015_18_0.json	1448146800.0	14.2	260	674
snapshot_11_22_2015_0_0.json	1448168400.0	14.2	399	673
snapshot_11_22_2015_12_0.json	1448211600.0	14.2	399	673
snapshot_11_22_2015_18_0.json	1448233200.0	14.2	399	677
snapshot_11_23_2015_0_0.json	1448254800.0	14.19	200	638
snapshot_11_23_2015_12_0.json	1448298000.0	14.19	200	623
snapshot_11_23_2015_18_0.json	1448319600.0	14.19	200	611
snapshot_11_23_2015_6_0.json	1448276400.0	14.19	200	627
snapshot_11_24_2015_0_0.json	1448341200.0	14.19	200	583
snapshot_11_24_2015_12_0.json	1448384400.0	14.2	200	534
snapshot_11_24_2015_12_0.json	1448384400.0	14.2	200	534
snapshot_11_24_2015_18_0.json	1448406000.0	13.62	133.51	454
snapshot_11_24_2015_6_0.json	1448362800.0	14.2	200	535
snapshot_11_25_2015_0_0.json	1448427600.0	0	0	0
snapshot_11_25_2015_12_0.json	1448470800.0	0	0	0
snapshot_11_25_2015_18_0.json	1448492400.0	0	0	0
snapshot_11_25_2015_6_0.json	1448449200.0	0	0	0
snapshot_11_26_2015_0_0.json	1448514000.0	0	0	0
9262737	2015-11-24T22:30:00Z	2015 Legends Classic	Barclays Center	New York New York Metro|664	11217
snapshot_11_16_2015_0_0.json	1447650000.0	19.76	519.99	703
snapshot_11_17_2015_0_0.json	1447736400.0	19.75	519.99	702
snapshot_11_17_2015_12_0.json	1447779600.0	17.71	519.99	698
snapshot_11_17_2015_18_0.json	1447801200.0	17.71	519.99	696
snapshot_11_17_2015_18_0.json	1447801200.0	17.71	519.99	696
snapshot_11_17_2015_6_0.json	1447758000.0	17.71	519.99	698
snapshot_11_17_2015_6_0.json	1447758000.0	17.71	519.99	698
snapshot_11_18_2015_0_0.json	1447822800.0	17.71	519.99	639
snapshot_11_18_2015_12_0.json	1447866000.0	19.75	519.99	632
snapshot_11_18_2015_18_0.json	1447887600.0	19.75	519.99	641
snapshot_11_18_2015_6_0.json	1447844400.0	19.75	519.99	634
snapshot_11_19_2015_0_0.json	1447909200.0	19.75	519.99	689
snapshot_11_19_2015_0_0.json	1447909200.0	19.75	519.99	689
snapshot_11_19_2015_12_0.json	1447952400.0	19.75	519.99	680
snapshot_11_19_2015_6_0.json	1447930800.0	19.75	519.99	686
snapshot_11_20_2015_0_0.json	1447995600.0	14.2	260	629
snapshot_11_20_2015_12_0.json	1448038800.0	14.2	260	672
snapshot_11_21_2015_12_0.json	1448125200.0	14.2	260	684
snapshot_11_21_2015_18_0.json	1448146800.0	14.2	260	674
snapshot_11_22_2015_0_0.json	1448168400.0	14.2	399	673
snapshot_11_22_2015_12_0.json	1448211600.0	14.2	399	673
snapshot_11_22_2015_18_0.json	1448233200.0	14.2	399	677
snapshot_11_23_2015_0_0.json	1448254800.0	14.19	200	638
snapshot_11_23_2015_12_0.json	1448298000.0	14.19	200	623
snapshot_11_23_2015_18_0.json	1448319600.0	14.19	200	611
snapshot_11_23_2015_6_0.json	1448276400.0	14.19	200	627
snapshot_11_24_2015_0_0.json	1448341200.0	14.19	200	583
snapshot_11_24_2015_12_0.json	1448384400.0	14.2	200	534
snapshot_11_24_2015_12_0.json	1448384400.0	14.2	200	534
snapshot_11_24_2015_18_0.json	1448406000.0	13.62	133.51	454
snapshot_11_24_2015_6_0.json	1448362800.0	14.2	200	535
snapshot_11_25_2015_0_0.json	1448427600.0	0	0	0
snapshot_11_25_2015_12_0.json	1448470800.0	0	0	0
snapshot_11_25_2015_18_0.json	1448492400.0	0	0	0
snapshot_11_25_2015_6_0.json	1448449200.0	0	0	0
snapshot_11_26_2015_0_0.json	1448514000.0	0	0	0
9262737	2015-11-24T22:30:00Z	2015 Legends Classic	Barclays Center	New York New York Metro|664	11217
snapshot_11_16_2015_0_0.json	1447650000.0	19.76	519.99	703
snapshot_11_17_2015_0_0.json	1447736400.0	19.75	519.99	702
snapshot_11_17_2015_12_0.json	1447779600.0	17.71	519.99	698
snapshot_11_17_2015_18_0.json	1447801200.0	17.71	519.99	696
snapshot_11_17_2015_18_0.json	1447801200.0	17.71	519.99	696
snapshot_11_17_2015_6_0.json	1447758000.0	17.71	519.99	698
snapshot_11_17_2015_6_0.json	1447758000.0	17.71	519.99	698
snapshot_11_18_2015_0_0.json	1447822800.0	17.71	519.99	639
snapshot_11_18_2015_12_0.json	1447866000.0	19.75	519.99	632
snapshot_11_18_2015_18_0.json	1447887600.0	19.75	519.99	641
snapshot_11_18_2015_6_0.json	1447844400.0	19.75	519.99	634
snapshot_11_19_2015_0_0.json	1447909200.0	19.75	519.99	689
snapshot_11_19_2015_0_0.json	1447909200.0	19.75	519.99	689
snapshot_11_19_2015_12_0.json	1447952400.0	19.75	519.99	680
snapshot_11_19_2015_6_0.json	1447930800.0	19.75	519.99	686
snapshot_11_20_2015_0_0.json	1447995600.0	14.2	260	629
snapshot_11_20_2015_12_0.json	1448038800.0	14.2	260	672
snapshot_11_21_2015_12_0.json	1448125200.0	14.2	260	684
snapshot_11_21_2015_18_0.json	1448146800.0	14.2	260	674
snapshot_11_22_2015_0_0.json	1448168400.0	14.2	399	673
snapshot_11_22_2015_12_0.json	1448211600.0	14.2	399	673
snapshot_11_22_2015_18_0.json	1448233200.0	14.2	399	677
snapshot_11_23_2015_0_0.json	1448254800.0	14.19	200	638
snapshot_11_23_2015_12_0.json	1448298000.0	14.19	200	623
snapshot_11_23_2015_18_0.json	1448319600.0	14.19	200	611
snapshot_11_23_2015_6_0.json	1448276400.0	14.19	200	627
snapshot_11_24_2015_0_0.json	1448341200.0	14.19	200	583
snapshot_11_24_2015_12_0.json	1448384400.0	14.2	200	534
snapshot_11_24_2015_12_0.json	1448384400.0	14.2	200	534
snapshot_11_24_2015_18_0.json	1448406000.0	13.62	133.51	454
snapshot_11_24_2015_6_0.json	1448362800.0	14.2	200	535
snapshot_11_25_2015_0_0.json	1448427600.0	0	0	0
snapshot_11_25_2015_12_0.json	1448470800.0	0	0	0
snapshot_11_25_2015_18_0.json	1448492400.0	0	0	0
snapshot_11_25_2015_6_0.json	1448449200.0	0	0	0
snapshot_11_26_2015_0_0.json	1448514000.0	0	0	0
9262737	2015-11-24T22:30:00Z	2015 Legends Classic	Barclays Center	New York New York Metro|664	11217
snapshot_11_16_2015_0_0.json	1447650000.0	19.76	519.99	703
snapshot_11_17_2015_0_0.json	1447736400.0	19.75	519.99	702
snapshot_11_17_2015_12_0.json	1447779600.0	17.71	519.99	698
snapshot_11_17_2015_18_0.json	1447801200.0	17.71	519.99	696
snapshot_11_17_2015_18_0.json	1447801200.0	17.71	519.99	696
snapshot_11_17_2015_6_0.json	1447758000.0	17.71	519.99	698
snapshot_11_17_2015_6_0.json	1447758000.0	17.71	519.99	698
snapshot_11_18_2015_0_0.json	1447822800.0	17.71	519.99	639
snapshot_11_18_2015_12_0.json	1447866000.0	19.75	519.99	632
snapshot_11_18_2015_18_0.json	1447887600.0	19.75	519.99	641
snapshot_11_18_2015_6_0.json	1447844400.0	19.75	519.99	634
snapshot_11_19_2015_0_0.json	1447909200.0	19.75	519.99	689
snapshot_11_19_2015_0_0.json	1447909200.0	19.75	519.99	689
snapshot_11_19_2015_12_0.json	1447952400.0	19.75	519.99	680
snapshot_11_19_2015_6_0.json	1447930800.0	19.75	519.99	686
snapshot_11_20_2015_0_0.json	1447995600.0	14.2	260	629
snapshot_11_20_2015_12_0.json	1448038800.0	14.2	260	672
snapshot_11_21_2015_12_0.json	1448125200.0	14.2	260	684
snapshot_11_21_2015_18_0.json	1448146800.0	14.2	260	674
snapshot_11_22_2015_0_0.json	1448168400.0	14.2	399	673
snapshot_11_22_2015_12_0.json	1448211600.0	14.2	399	673
snapshot_11_22_2015_18_0.json	1448233200.0	14.2	399	677
snapshot_11_23_2015_0_0.json	1448254800.0	14.19	200	638
snapshot_11_23_2015_12_0.json	1448298000.0	14.19	200	623
snapshot_11_23_2015_18_0.json	1448319600.0	14.19	200	611
snapshot_11_23_2015_6_0.json	1448276400.0	14.19	200	627
snapshot_11_24_2015_0_0.json	1448341200.0	14.19	200	583
snapshot_11_24_2015_12_0.json	1448384400.0	14.2	200	534
snapshot_11_24_2015_12_0.json	1448384400.0	14.2	200	534
snapshot_11_24_2015_18_0.json	1448406000.0	13.62	133.51	454
snapshot_11_24_2015_6_0.json	1448362800.0	14.2	200	535
snapshot_11_25_2015_0_0.json	1448427600.0	0	0	0
snapshot_11_25_2015_12_0.json	1448470800.0	0	0	0
snapshot_11_25_2015_18_0.json	1448492400.0	0	0	0
snapshot_11_25_2015_6_0.json	1448449200.0	0	0	0
snapshot_11_26_2015_0_0.json	1448514000.0	0	0	0
