9264886	2015-11-19T02:30:00Z	Lion King	Temple Buell Theatre	Colorado Denver|678	80204
snapshot_11_16_2015_0_0.json	1447650000.0	295	250	1
snapshot_11_17_2015_0_0.json	1447736400.0	295	250	1
snapshot_11_17_2015_12_0.json	1447779600.0	218.95	250	14
snapshot_11_17_2015_18_0.json	1447801200.0	248.2	250	15
snapshot_11_17_2015_6_0.json	1447758000.0	218.95	250	14
snapshot_11_17_2015_6_0.json	1447758000.0	218.95	250	14
snapshot_11_18_2015_0_0.json	1447822800.0	245.86	250	7
snapshot_11_18_2015_18_0.json	1447887600.0	148.75	555.59	5
snapshot_11_19_2015_0_0.json	1447909200.0	0	0	0
snapshot_11_19_2015_6_0.json	1447930800.0	0	0	0
snapshot_11_20_2015_0_0.json	1447995600.0	0	0	0
snapshot_11_20_2015_12_0.json	1448038800.0	0	0	0
9264886	2015-11-19T02:30:00Z	Lion King	Temple Buell Theatre	Colorado Denver|678	80204
snapshot_11_16_2015_0_0.json	1447650000.0	295	250	1
snapshot_11_17_2015_0_0.json	1447736400.0	295	250	1
snapshot_11_17_2015_12_0.json	1447779600.0	218.95	250	14
snapshot_11_17_2015_18_0.json	1447801200.0	248.2	250	15
snapshot_11_17_2015_6_0.json	1447758000.0	218.95	250	14
snapshot_11_17_2015_6_0.json	1447758000.0	218.95	250	14
snapshot_11_18_2015_0_0.json	1447822800.0	245.86	250	7
snapshot_11_18_2015_18_0.json	1447887600.0	148.75	555.59	5
snapshot_11_19_2015_0_0.json	1447909200.0	0	0	0
snapshot_11_19_2015_6_0.json	1447930800.0	0	0	0
snapshot_11_20_2015_0_0.json	1447995600.0	0	0	0
snapshot_11_20_2015_12_0.json	1448038800.0	0	0	0
