9264888	2015-11-20T02:30:00Z	Lion King	Temple Buell Theatre	Colorado Denver|678	80204
snapshot_11_16_2015_0_0.json	1447650000.0	265.75	225	2
snapshot_11_17_2015_0_0.json	1447736400.0	265.75	225	2
snapshot_11_17_2015_12_0.json	1447779600.0	265.75	225	2
snapshot_11_17_2015_18_0.json	1447801200.0	0	0	0
snapshot_11_17_2015_6_0.json	1447758000.0	265.75	225	2
snapshot_11_18_2015_0_0.json	1447822800.0	0	0	0
snapshot_11_18_2015_12_0.json	1447866000.0	255.22	555.65	15
snapshot_11_18_2015_18_0.json	1447887600.0	558.25	475	7
snapshot_11_18_2015_6_0.json	1447844400.0	255.22	555.65	15
snapshot_11_18_2015_6_0.json	1447844400.0	255.22	555.65	15
snapshot_11_19_2015_12_0.json	1447952400.0	306.7	300	11
snapshot_11_19_2015_12_0.json	1447952400.0	306.7	300	11
snapshot_11_19_2015_6_0.json	1447930800.0	306.7	265.77	11
snapshot_11_20_2015_0_0.json	1447995600.0	186.66	157.4	5
snapshot_11_21_2015_12_0.json	1448125200.0	0	0	0
9264888	2015-11-20T02:30:00Z	Lion King	Temple Buell Theatre	Colorado Denver|678	80204
snapshot_11_16_2015_0_0.json	1447650000.0	265.75	225	2
snapshot_11_17_2015_0_0.json	1447736400.0	265.75	225	2
snapshot_11_17_2015_12_0.json	1447779600.0	265.75	225	2
snapshot_11_17_2015_18_0.json	1447801200.0	0	0	0
snapshot_11_17_2015_6_0.json	1447758000.0	265.75	225	2
snapshot_11_18_2015_0_0.json	1447822800.0	0	0	0
snapshot_11_18_2015_12_0.json	1447866000.0	255.22	555.65	15
snapshot_11_18_2015_18_0.json	1447887600.0	558.25	475	7
snapshot_11_18_2015_6_0.json	1447844400.0	255.22	555.65	15
snapshot_11_18_2015_6_0.json	1447844400.0	255.22	555.65	15
snapshot_11_19_2015_12_0.json	1447952400.0	306.7	300	11
snapshot_11_19_2015_12_0.json	1447952400.0	306.7	300	11
snapshot_11_19_2015_6_0.json	1447930800.0	306.7	265.77	11
snapshot_11_20_2015_0_0.json	1447995600.0	186.66	157.4	5
snapshot_11_21_2015_12_0.json	1448125200.0	0	0	0
