9264911	2015-11-29T02:30:00Z	Lion King	Temple Buell Theatre	Colorado Denver|678	80204
snapshot_11_16_2015_0_0.json	1447650000.0	215.44	408	118
snapshot_11_17_2015_12_0.json	1447779600.0	249.37	408	108
snapshot_11_17_2015_18_0.json	1447801200.0	249.37	408	115
snapshot_11_18_2015_18_0.json	1447887600.0	230.65	408	120
snapshot_11_18_2015_6_0.json	1447844400.0	230.65	408	121
snapshot_11_19_2015_0_0.json	1447909200.0	230.65	408	120
snapshot_11_19_2015_12_0.json	1447952400.0	230.65	408	120
snapshot_11_19_2015_12_0.json	1447952400.0	230.65	408	120
snapshot_11_19_2015_6_0.json	1447930800.0	230.65	408	120
snapshot_11_20_2015_0_0.json	1447995600.0	230.65	408	107
snapshot_11_20_2015_12_0.json	1448038800.0	230.65	408	99
snapshot_11_21_2015_12_0.json	1448125200.0	242.35	408	103
snapshot_11_21_2015_18_0.json	1448146800.0	230.65	408	103
snapshot_11_22_2015_12_0.json	1448211600.0	230.65	408	105
snapshot_11_22_2015_18_0.json	1448233200.0	230.65	408	105
snapshot_11_22_2015_18_0.json	1448233200.0	230.65	408	105
snapshot_11_22_2015_6_0.json	1448190000.0	230.65	408	105
snapshot_11_23_2015_0_0.json	1448254800.0	230.65	408	108
snapshot_11_23_2015_12_0.json	1448298000.0	230.65	408	110
snapshot_11_23_2015_18_0.json	1448319600.0	230.65	408	106
snapshot_11_24_2015_0_0.json	1448341200.0	254.05	510	116
snapshot_11_24_2015_12_0.json	1448384400.0	242.35	510	115
snapshot_11_24_2015_18_0.json	1448406000.0	242.35	510	117
snapshot_11_25_2015_0_0.json	1448427600.0	235.33	400	112
snapshot_11_25_2015_12_0.json	1448470800.0	230.65	400	109
snapshot_11_25_2015_18_0.json	1448492400.0	218.95	400	129
snapshot_11_25_2015_6_0.json	1448449200.0	230.65	400	109
snapshot_11_25_2015_6_0.json	1448449200.0	230.65	400	109
snapshot_11_26_2015_0_0.json	1448514000.0	201.4	350	135
snapshot_11_26_2015_0_0.json	1448514000.0	201.4	350	135
snapshot_11_27_2015_18_0.json	1448665200.0	182.68	2403	62
snapshot_11_28_2015_0_0.json	1448686800.0	160.45	275	48
snapshot_11_28_2015_18_0.json	1448751600.0	188.53	300	20
snapshot_11_28_2015_6_0.json	1448708400.0	176.83	275	33
snapshot_11_29_2015_0_0.json	1448773200.0	160.45	204	12
snapshot_11_29_2015_12_0.json	1448816400.0	0	0	0
snapshot_11_29_2015_18_0.json	1448838000.0	0	0	0
snapshot_11_29_2015_18_0.json	1448838000.0	0	0	0
snapshot_11_29_2015_6_0.json	1448794800.0	0	0	0
snapshot_11_30_2015_0_0.json	1448859600.0	0	0	0
snapshot_11_30_2015_12_0.json	1448902800.0	0	0	0
snapshot_11_30_2015_18_0.json	1448924400.0	0	0	0
9264911	2015-11-29T02:30:00Z	Lion King	Temple Buell Theatre	Colorado Denver|678	80204
snapshot_11_16_2015_0_0.json	1447650000.0	215.44	408	118
snapshot_11_17_2015_12_0.json	1447779600.0	249.37	408	108
snapshot_11_17_2015_18_0.json	1447801200.0	249.37	408	115
snapshot_11_18_2015_18_0.json	1447887600.0	230.65	408	120
snapshot_11_18_2015_6_0.json	1447844400.0	230.65	408	121
snapshot_11_19_2015_0_0.json	1447909200.0	230.65	408	120
snapshot_11_19_2015_12_0.json	1447952400.0	230.65	408	120
snapshot_11_19_2015_12_0.json	1447952400.0	230.65	408	120
snapshot_11_19_2015_6_0.json	1447930800.0	230.65	408	120
snapshot_11_20_2015_0_0.json	1447995600.0	230.65	408	107
snapshot_11_20_2015_12_0.json	1448038800.0	230.65	408	99
snapshot_11_21_2015_12_0.json	1448125200.0	242.35	408	103
snapshot_11_21_2015_18_0.json	1448146800.0	230.65	408	103
snapshot_11_22_2015_12_0.json	1448211600.0	230.65	408	105
snapshot_11_22_2015_18_0.json	1448233200.0	230.65	408	105
snapshot_11_22_2015_18_0.json	1448233200.0	230.65	408	105
snapshot_11_22_2015_6_0.json	1448190000.0	230.65	408	105
snapshot_11_23_2015_0_0.json	1448254800.0	230.65	408	108
snapshot_11_23_2015_12_0.json	1448298000.0	230.65	408	110
snapshot_11_23_2015_18_0.json	1448319600.0	230.65	408	106
snapshot_11_24_2015_0_0.json	1448341200.0	254.05	510	116
snapshot_11_24_2015_12_0.json	1448384400.0	242.35	510	115
snapshot_11_24_2015_18_0.json	1448406000.0	242.35	510	117
snapshot_11_25_2015_0_0.json	1448427600.0	235.33	400	112
snapshot_11_25_2015_12_0.json	1448470800.0	230.65	400	109
snapshot_11_25_2015_18_0.json	1448492400.0	218.95	400	129
snapshot_11_25_2015_6_0.json	1448449200.0	230.65	400	109
snapshot_11_25_2015_6_0.json	1448449200.0	230.65	400	109
snapshot_11_26_2015_0_0.json	1448514000.0	201.4	350	135
snapshot_11_26_2015_0_0.json	1448514000.0	201.4	350	135
snapshot_11_27_2015_18_0.json	1448665200.0	182.68	2403	62
snapshot_11_28_2015_0_0.json	1448686800.0	160.45	275	48
snapshot_11_28_2015_18_0.json	1448751600.0	188.53	300	20
snapshot_11_28_2015_6_0.json	1448708400.0	176.83	275	33
snapshot_11_29_2015_0_0.json	1448773200.0	160.45	204	12
snapshot_11_29_2015_12_0.json	1448816400.0	0	0	0
snapshot_11_29_2015_18_0.json	1448838000.0	0	0	0
snapshot_11_29_2015_18_0.json	1448838000.0	0	0	0
snapshot_11_29_2015_6_0.json	1448794800.0	0	0	0
snapshot_11_30_2015_0_0.json	1448859600.0	0	0	0
snapshot_11_30_2015_12_0.json	1448902800.0	0	0	0
snapshot_11_30_2015_18_0.json	1448924400.0	0	0	0
