9264891	2015-11-21T02:30:00Z	Lion King	Temple Buell Theatre	Colorado Denver|678	80204
snapshot_11_16_2015_0_0.json	1447650000.0	324.25	403.01	13
snapshot_11_17_2015_0_0.json	1447736400.0	324.25	403.01	13
snapshot_11_17_2015_12_0.json	1447779600.0	324.25	357.01	15
snapshot_11_17_2015_6_0.json	1447758000.0	324.25	357.01	15
snapshot_11_18_2015_0_0.json	1447822800.0	304.77	357.01	13
snapshot_11_18_2015_12_0.json	1447866000.0	304.77	357.01	13
snapshot_11_18_2015_18_0.json	1447887600.0	324.25	316	7
snapshot_11_18_2015_18_0.json	1447887600.0	324.25	316	7
snapshot_11_18_2015_6_0.json	1447844400.0	304.77	357.01	13
snapshot_11_19_2015_0_0.json	1447909200.0	324.25	275	3
snapshot_11_19_2015_12_0.json	1447952400.0	276.28	275	19
snapshot_11_19_2015_6_0.json	1447930800.0	276.28	275	19
snapshot_11_20_2015_12_0.json	1448038800.0	441.72	375.4	4
snapshot_11_21_2015_18_0.json	1448146800.0	0	0	0
snapshot_11_22_2015_0_0.json	1448168400.0	0	0	0
snapshot_11_22_2015_12_0.json	1448211600.0	0	0	0
9264891	2015-11-21T02:30:00Z	Lion King	Temple Buell Theatre	Colorado Denver|678	80204
snapshot_11_16_2015_0_0.json	1447650000.0	324.25	403.01	13
snapshot_11_17_2015_0_0.json	1447736400.0	324.25	403.01	13
snapshot_11_17_2015_12_0.json	1447779600.0	324.25	357.01	15
snapshot_11_17_2015_6_0.json	1447758000.0	324.25	357.01	15
snapshot_11_18_2015_0_0.json	1447822800.0	304.77	357.01	13
snapshot_11_18_2015_12_0.json	1447866000.0	304.77	357.01	13
snapshot_11_18_2015_18_0.json	1447887600.0	324.25	316	7
snapshot_11_18_2015_18_0.json	1447887600.0	324.25	316	7
snapshot_11_18_2015_6_0.json	1447844400.0	304.77	357.01	13
snapshot_11_19_2015_0_0.json	1447909200.0	324.25	275	3
snapshot_11_19_2015_12_0.json	1447952400.0	276.28	275	19
snapshot_11_19_2015_6_0.json	1447930800.0	276.28	275	19
snapshot_11_20_2015_12_0.json	1448038800.0	441.72	375.4	4
snapshot_11_21_2015_18_0.json	1448146800.0	0	0	0
snapshot_11_22_2015_0_0.json	1448168400.0	0	0	0
snapshot_11_22_2015_12_0.json	1448211600.0	0	0	0
