9264893	2015-11-22T02:30:00Z	Lion King	Temple Buell Theatre	Colorado Denver|678	80204
snapshot_11_16_2015_0_0.json	1447650000.0	232.99	459.01	18
snapshot_11_16_2015_0_0.json	1447650000.0	232.99	459.01	18
snapshot_11_17_2015_0_0.json	1447736400.0	172.15	459.01	16
snapshot_11_17_2015_12_0.json	1447779600.0	172.15	403.01	12
snapshot_11_17_2015_6_0.json	1447758000.0	172.15	403.01	10
snapshot_11_18_2015_0_0.json	1447822800.0	230.65	490	9
snapshot_11_18_2015_12_0.json	1447866000.0	230.65	490	9
snapshot_11_18_2015_18_0.json	1447887600.0	230.65	490	11
snapshot_11_18_2015_18_0.json	1447887600.0	230.65	490	11
snapshot_11_18_2015_6_0.json	1447844400.0	230.65	490	9
snapshot_11_19_2015_0_0.json	1447909200.0	230.65	450	9
snapshot_11_19_2015_12_0.json	1447952400.0	230.65	450	9
snapshot_11_19_2015_12_0.json	1447952400.0	230.65	450	9
snapshot_11_20_2015_0_0.json	1447995600.0	178	450	19
snapshot_11_20_2015_12_0.json	1448038800.0	286.81	450	26
snapshot_11_21_2015_12_0.json	1448125200.0	286.81	350	13
snapshot_11_21_2015_18_0.json	1448146800.0	286.81	250	6
snapshot_11_22_2015_0_0.json	1448168400.0	0	0	0
snapshot_11_22_2015_12_0.json	1448211600.0	0	0	0
snapshot_11_22_2015_18_0.json	1448233200.0	0	0	0
snapshot_11_22_2015_18_0.json	1448233200.0	0	0	0
snapshot_11_22_2015_6_0.json	1448190000.0	0	0	0
snapshot_11_23_2015_0_0.json	1448254800.0	0	0	0
snapshot_11_23_2015_0_0.json	1448254800.0	0	0	0
9264893	2015-11-22T02:30:00Z	Lion King	Temple Buell Theatre	Colorado Denver|678	80204
snapshot_11_16_2015_0_0.json	1447650000.0	232.99	459.01	18
snapshot_11_16_2015_0_0.json	1447650000.0	232.99	459.01	18
snapshot_11_17_2015_0_0.json	1447736400.0	172.15	459.01	16
snapshot_11_17_2015_12_0.json	1447779600.0	172.15	403.01	12
snapshot_11_17_2015_6_0.json	1447758000.0	172.15	403.01	10
snapshot_11_18_2015_0_0.json	1447822800.0	230.65	490	9
snapshot_11_18_2015_12_0.json	1447866000.0	230.65	490	9
snapshot_11_18_2015_18_0.json	1447887600.0	230.65	490	11
snapshot_11_18_2015_18_0.json	1447887600.0	230.65	490	11
snapshot_11_18_2015_6_0.json	1447844400.0	230.65	490	9
snapshot_11_19_2015_0_0.json	1447909200.0	230.65	450	9
snapshot_11_19_2015_12_0.json	1447952400.0	230.65	450	9
snapshot_11_19_2015_12_0.json	1447952400.0	230.65	450	9
snapshot_11_20_2015_0_0.json	1447995600.0	178	450	19
snapshot_11_20_2015_12_0.json	1448038800.0	286.81	450	26
snapshot_11_21_2015_12_0.json	1448125200.0	286.81	350	13
snapshot_11_21_2015_18_0.json	1448146800.0	286.81	250	6
snapshot_11_22_2015_0_0.json	1448168400.0	0	0	0
snapshot_11_22_2015_12_0.json	1448211600.0	0	0	0
snapshot_11_22_2015_18_0.json	1448233200.0	0	0	0
snapshot_11_22_2015_18_0.json	1448233200.0	0	0	0
snapshot_11_22_2015_6_0.json	1448190000.0	0	0	0
snapshot_11_23_2015_0_0.json	1448254800.0	0	0	0
snapshot_11_23_2015_0_0.json	1448254800.0	0	0	0
