9264907	2015-11-28T02:30:00Z	Lion King	Temple Buell Theatre	Colorado Denver|678	80204
snapshot_11_16_2015_0_0.json	1447650000.0	186.6	395	49
snapshot_11_17_2015_0_0.json	1447736400.0	186.6	395	58
snapshot_11_17_2015_0_0.json	1447736400.0	186.6	395	58
snapshot_11_17_2015_12_0.json	1447779600.0	186.6	395	55
snapshot_11_17_2015_12_0.json	1447779600.0	186.6	395	55
snapshot_11_18_2015_0_0.json	1447822800.0	186.6	395	62
snapshot_11_18_2015_6_0.json	1447844400.0	192.45	395	60
snapshot_11_19_2015_0_0.json	1447909200.0	192.45	355	55
snapshot_11_19_2015_12_0.json	1447952400.0	192.45	355	47
snapshot_11_19_2015_12_0.json	1447952400.0	192.45	355	47
snapshot_11_20_2015_0_0.json	1447995600.0	186.6	320	41
snapshot_11_21_2015_12_0.json	1448125200.0	180.75	316	66
snapshot_11_21_2015_18_0.json	1448146800.0	186.6	495	96
snapshot_11_21_2015_18_0.json	1448146800.0	186.6	495	96
snapshot_11_22_2015_0_0.json	1448168400.0	186.6	495	93
snapshot_11_22_2015_18_0.json	1448233200.0	186.6	495	82
snapshot_11_23_2015_0_0.json	1448254800.0	180.75	395	78
snapshot_11_23_2015_12_0.json	1448298000.0	180.75	395	78
snapshot_11_23_2015_18_0.json	1448319600.0	174.9	395	82
snapshot_11_23_2015_6_0.json	1448276400.0	180.75	395	78
snapshot_11_24_2015_12_0.json	1448384400.0	230.65	439	84
snapshot_11_24_2015_18_0.json	1448406000.0	218.95	366	82
snapshot_11_25_2015_0_0.json	1448427600.0	218.95	366	78
snapshot_11_25_2015_0_0.json	1448427600.0	218.95	366	78
snapshot_11_25_2015_12_0.json	1448470800.0	207.25	365	78
snapshot_11_25_2015_12_0.json	1448470800.0	207.25	365	78
snapshot_11_25_2015_18_0.json	1448492400.0	207.25	355	104
snapshot_11_25_2015_6_0.json	1448449200.0	207.25	365	78
snapshot_11_26_2015_0_0.json	1448514000.0	207.25	355	102
snapshot_11_27_2015_18_0.json	1448665200.0	141.73	295	36
snapshot_11_28_2015_0_0.json	1448686800.0	176.83	225	5
snapshot_11_28_2015_12_0.json	1448730000.0	0	0	0
snapshot_11_28_2015_18_0.json	1448751600.0	0	0	0
snapshot_11_28_2015_6_0.json	1448708400.0	0	0	0
snapshot_11_28_2015_6_0.json	1448708400.0	0	0	0
snapshot_11_29_2015_6_0.json	1448794800.0	0	0	0
snapshot_11_29_2015_6_0.json	1448794800.0	0	0	0
snapshot_11_30_2015_0_0.json	1448859600.0	0	0	0
9264907	2015-11-28T02:30:00Z	Lion King	Temple Buell Theatre	Colorado Denver|678	80204
snapshot_11_16_2015_0_0.json	1447650000.0	186.6	395	49
snapshot_11_17_2015_0_0.json	1447736400.0	186.6	395	58
snapshot_11_17_2015_0_0.json	1447736400.0	186.6	395	58
snapshot_11_17_2015_12_0.json	1447779600.0	186.6	395	55
snapshot_11_17_2015_12_0.json	1447779600.0	186.6	395	55
snapshot_11_18_2015_0_0.json	1447822800.0	186.6	395	62
snapshot_11_18_2015_6_0.json	1447844400.0	192.45	395	60
snapshot_11_19_2015_0_0.json	1447909200.0	192.45	355	55
snapshot_11_19_2015_12_0.json	1447952400.0	192.45	355	47
snapshot_11_19_2015_12_0.json	1447952400.0	192.45	355	47
snapshot_11_20_2015_0_0.json	1447995600.0	186.6	320	41
snapshot_11_21_2015_12_0.json	1448125200.0	180.75	316	66
snapshot_11_21_2015_18_0.json	1448146800.0	186.6	495	96
snapshot_11_21_2015_18_0.json	1448146800.0	186.6	495	96
snapshot_11_22_2015_0_0.json	1448168400.0	186.6	495	93
snapshot_11_22_2015_18_0.json	1448233200.0	186.6	495	82
snapshot_11_23_2015_0_0.json	1448254800.0	180.75	395	78
snapshot_11_23_2015_12_0.json	1448298000.0	180.75	395	78
snapshot_11_23_2015_18_0.json	1448319600.0	174.9	395	82
snapshot_11_23_2015_6_0.json	1448276400.0	180.75	395	78
snapshot_11_24_2015_12_0.json	1448384400.0	230.65	439	84
snapshot_11_24_2015_18_0.json	1448406000.0	218.95	366	82
snapshot_11_25_2015_0_0.json	1448427600.0	218.95	366	78
snapshot_11_25_2015_0_0.json	1448427600.0	218.95	366	78
snapshot_11_25_2015_12_0.json	1448470800.0	207.25	365	78
snapshot_11_25_2015_12_0.json	1448470800.0	207.25	365	78
snapshot_11_25_2015_18_0.json	1448492400.0	207.25	355	104
snapshot_11_25_2015_6_0.json	1448449200.0	207.25	365	78
snapshot_11_26_2015_0_0.json	1448514000.0	207.25	355	102
snapshot_11_27_2015_18_0.json	1448665200.0	141.73	295	36
snapshot_11_28_2015_0_0.json	1448686800.0	176.83	225	5
snapshot_11_28_2015_12_0.json	1448730000.0	0	0	0
snapshot_11_28_2015_18_0.json	1448751600.0	0	0	0
snapshot_11_28_2015_6_0.json	1448708400.0	0	0	0
snapshot_11_28_2015_6_0.json	1448708400.0	0	0	0
snapshot_11_29_2015_6_0.json	1448794800.0	0	0	0
snapshot_11_29_2015_6_0.json	1448794800.0	0	0	0
snapshot_11_30_2015_0_0.json	1448859600.0	0	0	0
