9264912	2015-11-28T21:00:00Z	Lion King	Temple Buell Theatre	Colorado Denver|678	80204
snapshot_11_16_2015_0_0.json	1447650000.0	265.75	428	42
snapshot_11_17_2015_0_0.json	1447736400.0	265.75	428	53
snapshot_11_17_2015_12_0.json	1447779600.0	265.75	428	53
snapshot_11_17_2015_18_0.json	1447801200.0	265.75	428	53
snapshot_11_17_2015_6_0.json	1447758000.0	265.75	428	53
snapshot_11_17_2015_6_0.json	1447758000.0	265.75	428	53
snapshot_11_18_2015_0_0.json	1447822800.0	265.75	401.25	50
snapshot_11_18_2015_12_0.json	1447866000.0	230.65	401.25	50
snapshot_11_18_2015_18_0.json	1447887600.0	265.75	401.25	50
snapshot_11_18_2015_6_0.json	1447844400.0	230.65	401.25	50
snapshot_11_19_2015_12_0.json	1447952400.0	265.75	401.25	50
snapshot_11_19_2015_12_0.json	1447952400.0	265.75	401.25	50
snapshot_11_19_2015_6_0.json	1447930800.0	265.75	401.25	50
snapshot_11_20_2015_0_0.json	1447995600.0	230.65	401.25	44
snapshot_11_20_2015_12_0.json	1448038800.0	230.65	401.25	44
snapshot_11_20_2015_12_0.json	1448038800.0	230.65	401.25	44
snapshot_11_21_2015_12_0.json	1448125200.0	265.75	425	53
snapshot_11_21_2015_18_0.json	1448146800.0	230.65	425	53
snapshot_11_22_2015_0_0.json	1448168400.0	230.65	425	53
snapshot_11_22_2015_12_0.json	1448211600.0	230.65	425	53
snapshot_11_22_2015_18_0.json	1448233200.0	230.65	425	53
snapshot_11_22_2015_6_0.json	1448190000.0	230.65	425	53
snapshot_11_23_2015_0_0.json	1448254800.0	230.65	425	51
snapshot_11_23_2015_12_0.json	1448298000.0	207.25	425	44
snapshot_11_23_2015_6_0.json	1448276400.0	207.25	425	44
snapshot_11_24_2015_0_0.json	1448341200.0	207.25	425	58
snapshot_11_24_2015_12_0.json	1448384400.0	230.65	425	54
snapshot_11_24_2015_18_0.json	1448406000.0	218.95	425	48
snapshot_11_24_2015_6_0.json	1448362800.0	230.65	425	54
snapshot_11_25_2015_0_0.json	1448427600.0	218.95	355	46
snapshot_11_25_2015_0_0.json	1448427600.0	218.95	355	46
snapshot_11_25_2015_12_0.json	1448470800.0	230.65	355	42
snapshot_11_25_2015_18_0.json	1448492400.0	236.03	355	48
snapshot_11_25_2015_6_0.json	1448449200.0	230.65	355	42
snapshot_11_25_2015_6_0.json	1448449200.0	230.65	355	42
snapshot_11_26_2015_0_0.json	1448514000.0	236.03	300	50
snapshot_11_27_2015_18_0.json	1448665200.0	202.1	350	37
snapshot_11_28_2015_0_0.json	1448686800.0	176.83	216	37
snapshot_11_28_2015_12_0.json	1448730000.0	148.46	200	30
snapshot_11_28_2015_6_0.json	1448708400.0	148.75	216	30
snapshot_11_29_2015_0_0.json	1448773200.0	0	0	0
snapshot_11_29_2015_12_0.json	1448816400.0	0	0	0
snapshot_11_29_2015_18_0.json	1448838000.0	0	0	0
snapshot_11_29_2015_18_0.json	1448838000.0	0	0	0
snapshot_11_29_2015_6_0.json	1448794800.0	0	0	0
snapshot_11_29_2015_6_0.json	1448794800.0	0	0	0
snapshot_11_30_2015_0_0.json	1448859600.0	0	0	0
snapshot_11_30_2015_12_0.json	1448902800.0	0	0	0
9264912	2015-11-28T21:00:00Z	Lion King	Temple Buell Theatre	Colorado Denver|678	80204
snapshot_11_16_2015_0_0.json	1447650000.0	265.75	428	42
snapshot_11_17_2015_0_0.json	1447736400.0	265.75	428	53
snapshot_11_17_2015_12_0.json	1447779600.0	265.75	428	53
snapshot_11_17_2015_18_0.json	1447801200.0	265.75	428	53
snapshot_11_17_2015_6_0.json	1447758000.0	265.75	428	53
snapshot_11_17_2015_6_0.json	1447758000.0	265.75	428	53
snapshot_11_18_2015_0_0.json	1447822800.0	265.75	401.25	50
snapshot_11_18_2015_12_0.json	1447866000.0	230.65	401.25	50
snapshot_11_18_2015_18_0.json	1447887600.0	265.75	401.25	50
snapshot_11_18_2015_6_0.json	1447844400.0	230.65	401.25	50
snapshot_11_19_2015_12_0.json	1447952400.0	265.75	401.25	50
snapshot_11_19_2015_12_0.json	1447952400.0	265.75	401.25	50
snapshot_11_19_2015_6_0.json	1447930800.0	265.75	401.25	50
snapshot_11_20_2015_0_0.json	1447995600.0	230.65	401.25	44
snapshot_11_20_2015_12_0.json	1448038800.0	230.65	401.25	44
snapshot_11_20_2015_12_0.json	1448038800.0	230.65	401.25	44
snapshot_11_21_2015_12_0.json	1448125200.0	265.75	425	53
snapshot_11_21_2015_18_0.json	1448146800.0	230.65	425	53
snapshot_11_22_2015_0_0.json	1448168400.0	230.65	425	53
snapshot_11_22_2015_12_0.json	1448211600.0	230.65	425	53
snapshot_11_22_2015_18_0.json	1448233200.0	230.65	425	53
snapshot_11_22_2015_6_0.json	1448190000.0	230.65	425	53
snapshot_11_23_2015_0_0.json	1448254800.0	230.65	425	51
snapshot_11_23_2015_12_0.json	1448298000.0	207.25	425	44
snapshot_11_23_2015_6_0.json	1448276400.0	207.25	425	44
snapshot_11_24_2015_0_0.json	1448341200.0	207.25	425	58
snapshot_11_24_2015_12_0.json	1448384400.0	230.65	425	54
snapshot_11_24_2015_18_0.json	1448406000.0	218.95	425	48
snapshot_11_24_2015_6_0.json	1448362800.0	230.65	425	54
snapshot_11_25_2015_0_0.json	1448427600.0	218.95	355	46
snapshot_11_25_2015_0_0.json	1448427600.0	218.95	355	46
snapshot_11_25_2015_12_0.json	1448470800.0	230.65	355	42
snapshot_11_25_2015_18_0.json	1448492400.0	236.03	355	48
snapshot_11_25_2015_6_0.json	1448449200.0	230.65	355	42
snapshot_11_25_2015_6_0.json	1448449200.0	230.65	355	42
snapshot_11_26_2015_0_0.json	1448514000.0	236.03	300	50
snapshot_11_27_2015_18_0.json	1448665200.0	202.1	350	37
snapshot_11_28_2015_0_0.json	1448686800.0	176.83	216	37
snapshot_11_28_2015_12_0.json	1448730000.0	148.46	200	30
snapshot_11_28_2015_6_0.json	1448708400.0	148.75	216	30
snapshot_11_29_2015_0_0.json	1448773200.0	0	0	0
snapshot_11_29_2015_12_0.json	1448816400.0	0	0	0
snapshot_11_29_2015_18_0.json	1448838000.0	0	0	0
snapshot_11_29_2015_18_0.json	1448838000.0	0	0	0
snapshot_11_29_2015_6_0.json	1448794800.0	0	0	0
snapshot_11_29_2015_6_0.json	1448794800.0	0	0	0
snapshot_11_30_2015_0_0.json	1448859600.0	0	0	0
snapshot_11_30_2015_12_0.json	1448902800.0	0	0	0
