9264902	2015-11-26T02:30:00Z	Lion King	Temple Buell Theatre	Colorado Denver|678	80204
snapshot_11_16_2015_0_0.json	1447650000.0	337.12	286	2
snapshot_11_17_2015_0_0.json	1447736400.0	0	0	0
snapshot_11_17_2015_0_0.json	1447736400.0	0	0	0
snapshot_11_17_2015_18_0.json	1447801200.0	0	0	0
snapshot_11_17_2015_6_0.json	1447758000.0	0	0	0
snapshot_11_17_2015_6_0.json	1447758000.0	0	0	0
snapshot_11_18_2015_0_0.json	1447822800.0	0	0	0
snapshot_11_18_2015_12_0.json	1447866000.0	0	0	0
snapshot_11_18_2015_18_0.json	1447887600.0	0	0	0
snapshot_11_18_2015_6_0.json	1447844400.0	0	0	0
snapshot_11_19_2015_0_0.json	1447909200.0	0	0	0
snapshot_11_19_2015_12_0.json	1447952400.0	0	0	0
snapshot_11_19_2015_6_0.json	1447930800.0	0	0	0
snapshot_11_20_2015_0_0.json	1447995600.0	0	0	0
snapshot_11_20_2015_12_0.json	1448038800.0	0	0	0
snapshot_11_21_2015_12_0.json	1448125200.0	0	0	0
snapshot_11_21_2015_18_0.json	1448146800.0	0	0	0
snapshot_11_22_2015_0_0.json	1448168400.0	0	0	0
snapshot_11_22_2015_12_0.json	1448211600.0	0	0	0
snapshot_11_22_2015_18_0.json	1448233200.0	0	0	0
snapshot_11_22_2015_6_0.json	1448190000.0	0	0	0
snapshot_11_23_2015_0_0.json	1448254800.0	0	0	0
snapshot_11_23_2015_12_0.json	1448298000.0	0	0	0
snapshot_11_23_2015_18_0.json	1448319600.0	0	0	0
snapshot_11_23_2015_6_0.json	1448276400.0	0	0	0
snapshot_11_24_2015_12_0.json	1448384400.0	306.7	362	14
snapshot_11_24_2015_18_0.json	1448406000.0	276.28	305.56	14
snapshot_11_24_2015_6_0.json	1448362800.0	306.7	362	14
snapshot_11_24_2015_6_0.json	1448362800.0	306.7	362	14
snapshot_11_25_2015_0_0.json	1448427600.0	278.62	299	11
snapshot_11_25_2015_0_0.json	1448427600.0	278.62	299	11
snapshot_11_25_2015_18_0.json	1448492400.0	312.55	275	7
snapshot_11_25_2015_6_0.json	1448449200.0	309	332.22	9
snapshot_11_26_2015_0_0.json	1448514000.0	259.9	250	3
9264902	2015-11-26T02:30:00Z	Lion King	Temple Buell Theatre	Colorado Denver|678	80204
snapshot_11_16_2015_0_0.json	1447650000.0	337.12	286	2
snapshot_11_17_2015_0_0.json	1447736400.0	0	0	0
snapshot_11_17_2015_0_0.json	1447736400.0	0	0	0
snapshot_11_17_2015_18_0.json	1447801200.0	0	0	0
snapshot_11_17_2015_6_0.json	1447758000.0	0	0	0
snapshot_11_17_2015_6_0.json	1447758000.0	0	0	0
snapshot_11_18_2015_0_0.json	1447822800.0	0	0	0
snapshot_11_18_2015_12_0.json	1447866000.0	0	0	0
snapshot_11_18_2015_18_0.json	1447887600.0	0	0	0
snapshot_11_18_2015_6_0.json	1447844400.0	0	0	0
snapshot_11_19_2015_0_0.json	1447909200.0	0	0	0
snapshot_11_19_2015_12_0.json	1447952400.0	0	0	0
snapshot_11_19_2015_6_0.json	1447930800.0	0	0	0
snapshot_11_20_2015_0_0.json	1447995600.0	0	0	0
snapshot_11_20_2015_12_0.json	1448038800.0	0	0	0
snapshot_11_21_2015_12_0.json	1448125200.0	0	0	0
snapshot_11_21_2015_18_0.json	1448146800.0	0	0	0
snapshot_11_22_2015_0_0.json	1448168400.0	0	0	0
snapshot_11_22_2015_12_0.json	1448211600.0	0	0	0
snapshot_11_22_2015_18_0.json	1448233200.0	0	0	0
snapshot_11_22_2015_6_0.json	1448190000.0	0	0	0
snapshot_11_23_2015_0_0.json	1448254800.0	0	0	0
snapshot_11_23_2015_12_0.json	1448298000.0	0	0	0
snapshot_11_23_2015_18_0.json	1448319600.0	0	0	0
snapshot_11_23_2015_6_0.json	1448276400.0	0	0	0
snapshot_11_24_2015_12_0.json	1448384400.0	306.7	362	14
snapshot_11_24_2015_18_0.json	1448406000.0	276.28	305.56	14
snapshot_11_24_2015_6_0.json	1448362800.0	306.7	362	14
snapshot_11_24_2015_6_0.json	1448362800.0	306.7	362	14
snapshot_11_25_2015_0_0.json	1448427600.0	278.62	299	11
snapshot_11_25_2015_0_0.json	1448427600.0	278.62	299	11
snapshot_11_25_2015_18_0.json	1448492400.0	312.55	275	7
snapshot_11_25_2015_6_0.json	1448449200.0	309	332.22	9
snapshot_11_26_2015_0_0.json	1448514000.0	259.9	250	3
