9265612	2015-11-22T06:00:00Z	Jay Leno	Terry Fator Theatre at the Mirage	Nevada Las Vegas|689	89109
snapshot_11_16_2015_0_0.json	1447650000.0	156.18	677.2	26
snapshot_11_17_2015_0_0.json	1447736400.0	137.05	677.2	26
snapshot_11_17_2015_12_0.json	1447779600.0	156.18	677.2	26
snapshot_11_17_2015_18_0.json	1447801200.0	137.05	677.2	26
snapshot_11_17_2015_6_0.json	1447758000.0	137.05	677.2	26
snapshot_11_17_2015_6_0.json	1447758000.0	137.05	677.2	26
snapshot_11_18_2015_0_0.json	1447822800.0	24.06	677.2	28
snapshot_11_18_2015_6_0.json	1447844400.0	139.39	677.2	22
snapshot_11_19_2015_0_0.json	1447909200.0	156.18	677.2	20
snapshot_11_19_2015_12_0.json	1447952400.0	156.18	677.2	24
snapshot_11_19_2015_6_0.json	1447930800.0	139.39	677.2	24
snapshot_11_20_2015_0_0.json	1447995600.0	156.18	677.2	24
snapshot_11_20_2015_12_0.json	1448038800.0	156.18	152	6
snapshot_11_21_2015_12_0.json	1448125200.0	0	0	0
snapshot_11_21_2015_18_0.json	1448146800.0	0	0	0
snapshot_11_22_2015_0_0.json	1448168400.0	0	0	0
snapshot_11_22_2015_0_0.json	1448168400.0	0	0	0
snapshot_11_22_2015_18_0.json	1448233200.0	0	0	0
snapshot_11_22_2015_6_0.json	1448190000.0	0	0	0
snapshot_11_22_2015_6_0.json	1448190000.0	0	0	0
snapshot_11_23_2015_12_0.json	1448298000.0	0	0	0
snapshot_11_23_2015_6_0.json	1448276400.0	0	0	0
snapshot_11_23_2015_6_0.json	1448276400.0	0	0	0
9265612	2015-11-22T06:00:00Z	Jay Leno	Terry Fator Theatre at the Mirage	Nevada Las Vegas|689	89109
snapshot_11_16_2015_0_0.json	1447650000.0	156.18	677.2	26
snapshot_11_17_2015_0_0.json	1447736400.0	137.05	677.2	26
snapshot_11_17_2015_12_0.json	1447779600.0	156.18	677.2	26
snapshot_11_17_2015_18_0.json	1447801200.0	137.05	677.2	26
snapshot_11_17_2015_6_0.json	1447758000.0	137.05	677.2	26
snapshot_11_17_2015_6_0.json	1447758000.0	137.05	677.2	26
snapshot_11_18_2015_0_0.json	1447822800.0	24.06	677.2	28
snapshot_11_18_2015_6_0.json	1447844400.0	139.39	677.2	22
snapshot_11_19_2015_0_0.json	1447909200.0	156.18	677.2	20
snapshot_11_19_2015_12_0.json	1447952400.0	156.18	677.2	24
snapshot_11_19_2015_6_0.json	1447930800.0	139.39	677.2	24
snapshot_11_20_2015_0_0.json	1447995600.0	156.18	677.2	24
snapshot_11_20_2015_12_0.json	1448038800.0	156.18	152	6
snapshot_11_21_2015_12_0.json	1448125200.0	0	0	0
snapshot_11_21_2015_18_0.json	1448146800.0	0	0	0
snapshot_11_22_2015_0_0.json	1448168400.0	0	0	0
snapshot_11_22_2015_0_0.json	1448168400.0	0	0	0
snapshot_11_22_2015_18_0.json	1448233200.0	0	0	0
snapshot_11_22_2015_6_0.json	1448190000.0	0	0	0
snapshot_11_22_2015_6_0.json	1448190000.0	0	0	0
snapshot_11_23_2015_12_0.json	1448298000.0	0	0	0
snapshot_11_23_2015_6_0.json	1448276400.0	0	0	0
snapshot_11_23_2015_6_0.json	1448276400.0	0	0	0
