9265594	2015-11-25T00:30:00Z	2015 CBE Hall of Fame Classic	Sprint Center	Missouri Kansas City|702	64106
snapshot_11_16_2015_0_0.json	1447650000.0	24.73	439	576
snapshot_11_16_2015_0_0.json	1447650000.0	24.73	439	576
snapshot_11_17_2015_0_0.json	1447736400.0	18.1	439	578
snapshot_11_17_2015_12_0.json	1447779600.0	18.1	439	575
snapshot_11_17_2015_18_0.json	1447801200.0	18.1	424.36	586
snapshot_11_17_2015_6_0.json	1447758000.0	18.1	439	577
snapshot_11_17_2015_6_0.json	1447758000.0	18.1	439	577
snapshot_11_18_2015_0_0.json	1447822800.0	18.1	424.36	599
snapshot_11_18_2015_12_0.json	1447866000.0	24.57	424.36	602
snapshot_11_18_2015_18_0.json	1447887600.0	23.56	350	595
snapshot_11_18_2015_6_0.json	1447844400.0	24.57	424.36	606
snapshot_11_18_2015_6_0.json	1447844400.0	24.57	424.36	606
snapshot_11_19_2015_0_0.json	1447909200.0	23.56	350	591
snapshot_11_19_2015_0_0.json	1447909200.0	23.56	350	587
snapshot_11_20_2015_0_0.json	1447995600.0	23.56	389.99	562
snapshot_11_20_2015_12_0.json	1448038800.0	23.56	350	554
snapshot_11_21_2015_12_0.json	1448125200.0	23.56	350	578
snapshot_11_21_2015_18_0.json	1448146800.0	23.56	350	574
snapshot_11_21_2015_18_0.json	1448146800.0	23.56	350	574
snapshot_11_22_2015_0_0.json	1448168400.0	23.56	350	556
snapshot_11_22_2015_12_0.json	1448211600.0	23.56	350	560
snapshot_11_22_2015_18_0.json	1448233200.0	23.56	350	554
snapshot_11_22_2015_18_0.json	1448233200.0	23.56	350	554
snapshot_11_23_2015_0_0.json	1448254800.0	23.56	350	544
snapshot_11_23_2015_18_0.json	1448319600.0	20.88	325	514
snapshot_11_23_2015_6_0.json	1448276400.0	23.56	325	519
snapshot_11_24_2015_0_0.json	1448341200.0	20.88	325	473
snapshot_11_24_2015_12_0.json	1448384400.0	22.39	325	399
snapshot_11_24_2015_12_0.json	1448384400.0	22.39	325	399
snapshot_11_24_2015_18_0.json	1448406000.0	22.39	325	298
snapshot_11_24_2015_6_0.json	1448362800.0	22.39	325	409
snapshot_11_25_2015_0_0.json	1448427600.0	25.9	325	83
snapshot_11_25_2015_12_0.json	1448470800.0	0	0	0
snapshot_11_25_2015_18_0.json	1448492400.0	0	0	0
snapshot_11_25_2015_6_0.json	1448449200.0	0	0	0
snapshot_11_25_2015_6_0.json	1448449200.0	0	0	0
snapshot_11_25_2015_6_0.json	1448449200.0	0	0	0
snapshot_12_2_2015_12_0.json	1449075600.0	0	0	0
snapshot_12_2_2015_6_0.json	1449054000.0	0	0	0
9265594	2015-11-25T00:30:00Z	2015 CBE Hall of Fame Classic	Sprint Center	Missouri Kansas City|702	64106
snapshot_11_16_2015_0_0.json	1447650000.0	24.73	439	576
snapshot_11_16_2015_0_0.json	1447650000.0	24.73	439	576
snapshot_11_17_2015_0_0.json	1447736400.0	18.1	439	578
snapshot_11_17_2015_12_0.json	1447779600.0	18.1	439	575
snapshot_11_17_2015_18_0.json	1447801200.0	18.1	424.36	586
snapshot_11_17_2015_6_0.json	1447758000.0	18.1	439	577
snapshot_11_17_2015_6_0.json	1447758000.0	18.1	439	577
snapshot_11_18_2015_0_0.json	1447822800.0	18.1	424.36	599
snapshot_11_18_2015_12_0.json	1447866000.0	24.57	424.36	602
snapshot_11_18_2015_18_0.json	1447887600.0	23.56	350	595
snapshot_11_18_2015_6_0.json	1447844400.0	24.57	424.36	606
snapshot_11_18_2015_6_0.json	1447844400.0	24.57	424.36	606
snapshot_11_19_2015_0_0.json	1447909200.0	23.56	350	591
snapshot_11_19_2015_0_0.json	1447909200.0	23.56	350	587
snapshot_11_20_2015_0_0.json	1447995600.0	23.56	389.99	562
snapshot_11_20_2015_12_0.json	1448038800.0	23.56	350	554
snapshot_11_21_2015_12_0.json	1448125200.0	23.56	350	578
snapshot_11_21_2015_18_0.json	1448146800.0	23.56	350	574
snapshot_11_21_2015_18_0.json	1448146800.0	23.56	350	574
snapshot_11_22_2015_0_0.json	1448168400.0	23.56	350	556
snapshot_11_22_2015_12_0.json	1448211600.0	23.56	350	560
snapshot_11_22_2015_18_0.json	1448233200.0	23.56	350	554
snapshot_11_22_2015_18_0.json	1448233200.0	23.56	350	554
snapshot_11_23_2015_0_0.json	1448254800.0	23.56	350	544
snapshot_11_23_2015_18_0.json	1448319600.0	20.88	325	514
snapshot_11_23_2015_6_0.json	1448276400.0	23.56	325	519
snapshot_11_24_2015_0_0.json	1448341200.0	20.88	325	473
snapshot_11_24_2015_12_0.json	1448384400.0	22.39	325	399
snapshot_11_24_2015_12_0.json	1448384400.0	22.39	325	399
snapshot_11_24_2015_18_0.json	1448406000.0	22.39	325	298
snapshot_11_24_2015_6_0.json	1448362800.0	22.39	325	409
snapshot_11_25_2015_0_0.json	1448427600.0	25.9	325	83
snapshot_11_25_2015_12_0.json	1448470800.0	0	0	0
snapshot_11_25_2015_18_0.json	1448492400.0	0	0	0
snapshot_11_25_2015_6_0.json	1448449200.0	0	0	0
snapshot_11_25_2015_6_0.json	1448449200.0	0	0	0
snapshot_11_25_2015_6_0.json	1448449200.0	0	0	0
snapshot_12_2_2015_12_0.json	1449075600.0	0	0	0
snapshot_12_2_2015_6_0.json	1449054000.0	0	0	0
