9265611	2015-11-21T06:00:00Z	Jay Leno	Terry Fator Theatre at the Mirage	Nevada Las Vegas|689	89109
snapshot_11_16_2015_0_0.json	1447650000.0	113.65	696.88	16
snapshot_11_16_2015_0_0.json	1447650000.0	113.65	696.88	16
snapshot_11_17_2015_12_0.json	1447779600.0	112.48	696.88	16
snapshot_11_17_2015_18_0.json	1447801200.0	107.8	696.88	16
snapshot_11_17_2015_6_0.json	1447758000.0	112.48	696.88	16
snapshot_11_18_2015_0_0.json	1447822800.0	107.8	696.88	16
snapshot_11_18_2015_18_0.json	1447887600.0	101.95	696.88	12
snapshot_11_18_2015_6_0.json	1447844400.0	104.29	696.88	12
snapshot_11_19_2015_0_0.json	1447909200.0	101.95	696.88	12
snapshot_11_19_2015_0_0.json	1447909200.0	101.95	696.88	12
snapshot_11_19_2015_12_0.json	1447952400.0	101.95	152	10
snapshot_11_19_2015_12_0.json	1447952400.0	101.95	152	10
snapshot_11_19_2015_6_0.json	1447930800.0	101.95	152	10
snapshot_11_20_2015_0_0.json	1447995600.0	156.18	152	8
snapshot_11_20_2015_12_0.json	1448038800.0	0	0	0
snapshot_11_21_2015_18_0.json	1448146800.0	0	0	0
snapshot_11_22_2015_0_0.json	1448168400.0	0	0	0
snapshot_11_22_2015_12_0.json	1448211600.0	0	0	0
snapshot_11_22_2015_18_0.json	1448233200.0	0	0	0
9265611	2015-11-21T06:00:00Z	Jay Leno	Terry Fator Theatre at the Mirage	Nevada Las Vegas|689	89109
snapshot_11_16_2015_0_0.json	1447650000.0	113.65	696.88	16
snapshot_11_16_2015_0_0.json	1447650000.0	113.65	696.88	16
snapshot_11_17_2015_12_0.json	1447779600.0	112.48	696.88	16
snapshot_11_17_2015_18_0.json	1447801200.0	107.8	696.88	16
snapshot_11_17_2015_6_0.json	1447758000.0	112.48	696.88	16
snapshot_11_18_2015_0_0.json	1447822800.0	107.8	696.88	16
snapshot_11_18_2015_18_0.json	1447887600.0	101.95	696.88	12
snapshot_11_18_2015_6_0.json	1447844400.0	104.29	696.88	12
snapshot_11_19_2015_0_0.json	1447909200.0	101.95	696.88	12
snapshot_11_19_2015_0_0.json	1447909200.0	101.95	696.88	12
snapshot_11_19_2015_12_0.json	1447952400.0	101.95	152	10
snapshot_11_19_2015_12_0.json	1447952400.0	101.95	152	10
snapshot_11_19_2015_6_0.json	1447930800.0	101.95	152	10
snapshot_11_20_2015_0_0.json	1447995600.0	156.18	152	8
snapshot_11_20_2015_12_0.json	1448038800.0	0	0	0
snapshot_11_21_2015_18_0.json	1448146800.0	0	0	0
snapshot_11_22_2015_0_0.json	1448168400.0	0	0	0
snapshot_11_22_2015_12_0.json	1448211600.0	0	0	0
snapshot_11_22_2015_18_0.json	1448233200.0	0	0	0
