9265593	2015-11-24T00:00:00Z	2015 CBE Hall of Fame Classic	Sprint Center	Missouri Kansas City|702	64106
snapshot_11_16_2015_0_0.json	1447650000.0	25.89	501	498
snapshot_11_16_2015_0_0.json	1447650000.0	25.89	501	498
snapshot_11_17_2015_0_0.json	1447736400.0	25.89	501	481
snapshot_11_17_2015_12_0.json	1447779600.0	28.5	501	459
snapshot_11_17_2015_12_0.json	1447779600.0	28.5	501	459
snapshot_11_17_2015_18_0.json	1447801200.0	28.5	336.38	464
snapshot_11_17_2015_6_0.json	1447758000.0	28.5	501	459
snapshot_11_18_2015_0_0.json	1447822800.0	28.5	336.38	462
snapshot_11_18_2015_12_0.json	1447866000.0	28.5	335.47	438
snapshot_11_18_2015_18_0.json	1447887600.0	28.5	328	419
snapshot_11_18_2015_6_0.json	1447844400.0	28.5	335.47	438
snapshot_11_19_2015_0_0.json	1447909200.0	28.5	328	400
snapshot_11_19_2015_6_0.json	1447930800.0	29.42	328	410
snapshot_11_19_2015_6_0.json	1447930800.0	29.42	328	410
snapshot_11_20_2015_0_0.json	1447995600.0	29.42	338.89	371
snapshot_11_21_2015_12_0.json	1448125200.0	34.08	323	355
snapshot_11_21_2015_18_0.json	1448146800.0	34.08	323	340
snapshot_11_22_2015_0_0.json	1448168400.0	34.08	323	326
snapshot_11_22_2015_18_0.json	1448233200.0	34.08	323	314
snapshot_11_22_2015_6_0.json	1448190000.0	34.08	323	325
snapshot_11_23_2015_0_0.json	1448254800.0	43.44	323	220
snapshot_11_23_2015_12_0.json	1448298000.0	31.75	269	185
snapshot_11_23_2015_18_0.json	1448319600.0	31.17	269	171
snapshot_11_23_2015_6_0.json	1448276400.0	31.75	269	185
snapshot_11_24_2015_0_0.json	1448341200.0	0	0	0
snapshot_11_24_2015_12_0.json	1448384400.0	0	0	0
snapshot_11_24_2015_12_0.json	1448384400.0	0	0	0
snapshot_11_24_2015_18_0.json	1448406000.0	0	0	0
snapshot_11_24_2015_6_0.json	1448362800.0	0	0	0
snapshot_11_25_2015_0_0.json	1448427600.0	0	0	0
9265593	2015-11-24T00:00:00Z	2015 CBE Hall of Fame Classic	Sprint Center	Missouri Kansas City|702	64106
snapshot_11_16_2015_0_0.json	1447650000.0	25.89	501	498
snapshot_11_16_2015_0_0.json	1447650000.0	25.89	501	498
snapshot_11_17_2015_0_0.json	1447736400.0	25.89	501	481
snapshot_11_17_2015_12_0.json	1447779600.0	28.5	501	459
snapshot_11_17_2015_12_0.json	1447779600.0	28.5	501	459
snapshot_11_17_2015_18_0.json	1447801200.0	28.5	336.38	464
snapshot_11_17_2015_6_0.json	1447758000.0	28.5	501	459
snapshot_11_18_2015_0_0.json	1447822800.0	28.5	336.38	462
snapshot_11_18_2015_12_0.json	1447866000.0	28.5	335.47	438
snapshot_11_18_2015_18_0.json	1447887600.0	28.5	328	419
snapshot_11_18_2015_6_0.json	1447844400.0	28.5	335.47	438
snapshot_11_19_2015_0_0.json	1447909200.0	28.5	328	400
snapshot_11_19_2015_6_0.json	1447930800.0	29.42	328	410
snapshot_11_19_2015_6_0.json	1447930800.0	29.42	328	410
snapshot_11_20_2015_0_0.json	1447995600.0	29.42	338.89	371
snapshot_11_21_2015_12_0.json	1448125200.0	34.08	323	355
snapshot_11_21_2015_18_0.json	1448146800.0	34.08	323	340
snapshot_11_22_2015_0_0.json	1448168400.0	34.08	323	326
snapshot_11_22_2015_18_0.json	1448233200.0	34.08	323	314
snapshot_11_22_2015_6_0.json	1448190000.0	34.08	323	325
snapshot_11_23_2015_0_0.json	1448254800.0	43.44	323	220
snapshot_11_23_2015_12_0.json	1448298000.0	31.75	269	185
snapshot_11_23_2015_18_0.json	1448319600.0	31.17	269	171
snapshot_11_23_2015_6_0.json	1448276400.0	31.75	269	185
snapshot_11_24_2015_0_0.json	1448341200.0	0	0	0
snapshot_11_24_2015_12_0.json	1448384400.0	0	0	0
snapshot_11_24_2015_12_0.json	1448384400.0	0	0	0
snapshot_11_24_2015_18_0.json	1448406000.0	0	0	0
snapshot_11_24_2015_6_0.json	1448362800.0	0	0	0
snapshot_11_25_2015_0_0.json	1448427600.0	0	0	0
