9265169	2016-01-09T20:00:00Z	Newsies the Musical	Uihlein Hall at Marcus Center for the Performing Arts	Wisconsin Milwaukee|691	53202
snapshot_11_16_2015_0_0.json	1447650000.0	63.78	269	93
snapshot_11_16_2015_0_0.json	1447650000.0	63.78	269	93
snapshot_11_17_2015_0_0.json	1447736400.0	63.78	269	93
snapshot_11_17_2015_12_0.json	1447779600.0	63.78	269	93
snapshot_11_17_2015_18_0.json	1447801200.0	63.78	269	93
snapshot_11_17_2015_6_0.json	1447758000.0	63.78	269	93
snapshot_11_18_2015_0_0.json	1447822800.0	63.78	269	90
snapshot_11_18_2015_0_0.json	1447822800.0	63.78	269	90
snapshot_11_18_2015_18_0.json	1447887600.0	63.78	269	90
snapshot_11_18_2015_6_0.json	1447844400.0	63.78	269	90
snapshot_11_19_2015_0_0.json	1447909200.0	63.78	269	87
snapshot_11_19_2015_12_0.json	1447952400.0	63.78	269	83
snapshot_11_19_2015_6_0.json	1447930800.0	63.78	269	83
snapshot_11_19_2015_6_0.json	1447930800.0	63.78	269	83
snapshot_11_20_2015_0_0.json	1447995600.0	63.78	269	81
snapshot_11_21_2015_12_0.json	1448125200.0	63.78	269	81
snapshot_11_21_2015_12_0.json	1448125200.0	63.78	269	81
snapshot_11_21_2015_18_0.json	1448146800.0	63.78	269	77
snapshot_11_22_2015_12_0.json	1448211600.0	63.34	269	77
snapshot_11_22_2015_6_0.json	1448190000.0	63.34	269	77
snapshot_11_22_2015_6_0.json	1448190000.0	63.34	269	77
snapshot_11_23_2015_0_0.json	1448254800.0	63.34	269	68
snapshot_11_23_2015_12_0.json	1448298000.0	63.78	269	61
snapshot_11_23_2015_18_0.json	1448319600.0	74.28	269	57
snapshot_11_24_2015_0_0.json	1448341200.0	77.79	269	93
snapshot_11_24_2015_18_0.json	1448406000.0	77.79	269	91
snapshot_11_25_2015_12_0.json	1448470800.0	77.79	269	91
snapshot_11_25_2015_12_0.json	1448470800.0	77.79	269	91
snapshot_11_25_2015_18_0.json	1448492400.0	77.79	269	93
snapshot_11_25_2015_6_0.json	1448449200.0	77.79	269	91
snapshot_11_26_2015_0_0.json	1448514000.0	77.79	269	93
snapshot_11_26_2015_0_0.json	1448514000.0	77.79	269	93
snapshot_11_26_2015_0_0.json	1448514000.0	77.79	269	93
snapshot_11_27_2015_18_0.json	1448665200.0	77.79	269	93
snapshot_11_28_2015_0_0.json	1448686800.0	77.79	269	99
snapshot_11_28_2015_12_0.json	1448730000.0	77.79	269	99
snapshot_11_28_2015_18_0.json	1448751600.0	77.79	269	94
snapshot_11_28_2015_6_0.json	1448708400.0	77.79	269	99
snapshot_11_28_2015_6_0.json	1448708400.0	77.79	269	99
snapshot_11_29_2015_0_0.json	1448773200.0	77.79	269	94
snapshot_11_29_2015_12_0.json	1448816400.0	77.79	269	94
snapshot_11_29_2015_18_0.json	1448838000.0	77.79	269	90
snapshot_11_29_2015_6_0.json	1448794800.0	77.79	269	94
snapshot_11_30_2015_12_0.json	1448902800.0	77.79	269	90
snapshot_11_30_2015_18_0.json	1448924400.0	77.79	269	84
snapshot_11_30_2015_6_0.json	1448881200.0	77.79	269	90
snapshot_11_30_2015_6_0.json	1448881200.0	77.79	269	90
snapshot_12_1_2015_0_0.json	1448946000.0	77.79	269	78
snapshot_12_1_2015_12_0.json	1448989200.0	77.79	269	75
snapshot_12_1_2015_18_0.json	1449010800.0	77.79	269	75
snapshot_12_1_2015_6_0.json	1448967600.0	77.79	269	75
snapshot_12_2_2015_0_0.json	1449032400.0	105.46	269	31
snapshot_12_2_2015_12_0.json	1449075600.0	105.46	269	31
snapshot_12_2_2015_18_0.json	1449097200.0	105.46	269	31
snapshot_12_2_2015_6_0.json	1449054000.0	105.46	269	31
snapshot_12_2_2015_6_0.json	1449054000.0	105.46	269	31
snapshot_12_3_2015_0_0.json	1449118800.0	105.46	269	31
snapshot_12_3_2015_0_0.json	1449118800.0	105.46	269	31
snapshot_12_3_2015_12_0.json	1449162000.0	105.46	269	31
snapshot_12_3_2015_18_0.json	1449183600.0	105.46	269	31
snapshot_12_3_2015_6_0.json	1449140400.0	105.46	269	31
snapshot_12_4_2015_12_0.json	1449248400.0	85.98	269	73
snapshot_12_4_2015_12_0.json	1449248400.0	85.98	269	73
snapshot_12_4_2015_18_0.json	1449270000.0	85.98	269	73
snapshot_12_4_2015_6_0.json	1449226800.0	85.98	269	73
snapshot_12_5_2015_0_0.json	1449291600.0	85.98	269	69
snapshot_12_5_2015_12_0.json	1449334800.0	85.98	269	65
snapshot_12_5_2015_18_0.json	1449356400.0	85.98	269	65
snapshot_12_5_2015_6_0.json	1449313200.0	85.98	269	65
9265169	2016-01-09T20:00:00Z	Newsies the Musical	Uihlein Hall at Marcus Center for the Performing Arts	Wisconsin Milwaukee|691	53202
snapshot_11_16_2015_0_0.json	1447650000.0	63.78	269	93
snapshot_11_16_2015_0_0.json	1447650000.0	63.78	269	93
snapshot_11_17_2015_0_0.json	1447736400.0	63.78	269	93
snapshot_11_17_2015_12_0.json	1447779600.0	63.78	269	93
snapshot_11_17_2015_18_0.json	1447801200.0	63.78	269	93
snapshot_11_17_2015_6_0.json	1447758000.0	63.78	269	93
snapshot_11_18_2015_0_0.json	1447822800.0	63.78	269	90
snapshot_11_18_2015_0_0.json	1447822800.0	63.78	269	90
snapshot_11_18_2015_18_0.json	1447887600.0	63.78	269	90
snapshot_11_18_2015_6_0.json	1447844400.0	63.78	269	90
snapshot_11_19_2015_0_0.json	1447909200.0	63.78	269	87
snapshot_11_19_2015_12_0.json	1447952400.0	63.78	269	83
snapshot_11_19_2015_6_0.json	1447930800.0	63.78	269	83
snapshot_11_19_2015_6_0.json	1447930800.0	63.78	269	83
snapshot_11_20_2015_0_0.json	1447995600.0	63.78	269	81
snapshot_11_21_2015_12_0.json	1448125200.0	63.78	269	81
snapshot_11_21_2015_12_0.json	1448125200.0	63.78	269	81
snapshot_11_21_2015_18_0.json	1448146800.0	63.78	269	77
snapshot_11_22_2015_12_0.json	1448211600.0	63.34	269	77
snapshot_11_22_2015_6_0.json	1448190000.0	63.34	269	77
snapshot_11_22_2015_6_0.json	1448190000.0	63.34	269	77
snapshot_11_23_2015_0_0.json	1448254800.0	63.34	269	68
snapshot_11_23_2015_12_0.json	1448298000.0	63.78	269	61
snapshot_11_23_2015_18_0.json	1448319600.0	74.28	269	57
snapshot_11_24_2015_0_0.json	1448341200.0	77.79	269	93
snapshot_11_24_2015_18_0.json	1448406000.0	77.79	269	91
snapshot_11_25_2015_12_0.json	1448470800.0	77.79	269	91
snapshot_11_25_2015_12_0.json	1448470800.0	77.79	269	91
snapshot_11_25_2015_18_0.json	1448492400.0	77.79	269	93
snapshot_11_25_2015_6_0.json	1448449200.0	77.79	269	91
snapshot_11_26_2015_0_0.json	1448514000.0	77.79	269	93
snapshot_11_26_2015_0_0.json	1448514000.0	77.79	269	93
snapshot_11_26_2015_0_0.json	1448514000.0	77.79	269	93
snapshot_11_27_2015_18_0.json	1448665200.0	77.79	269	93
snapshot_11_28_2015_0_0.json	1448686800.0	77.79	269	99
snapshot_11_28_2015_12_0.json	1448730000.0	77.79	269	99
snapshot_11_28_2015_18_0.json	1448751600.0	77.79	269	94
snapshot_11_28_2015_6_0.json	1448708400.0	77.79	269	99
snapshot_11_28_2015_6_0.json	1448708400.0	77.79	269	99
snapshot_11_29_2015_0_0.json	1448773200.0	77.79	269	94
snapshot_11_29_2015_12_0.json	1448816400.0	77.79	269	94
snapshot_11_29_2015_18_0.json	1448838000.0	77.79	269	90
snapshot_11_29_2015_6_0.json	1448794800.0	77.79	269	94
snapshot_11_30_2015_12_0.json	1448902800.0	77.79	269	90
snapshot_11_30_2015_18_0.json	1448924400.0	77.79	269	84
snapshot_11_30_2015_6_0.json	1448881200.0	77.79	269	90
snapshot_11_30_2015_6_0.json	1448881200.0	77.79	269	90
snapshot_12_1_2015_0_0.json	1448946000.0	77.79	269	78
snapshot_12_1_2015_12_0.json	1448989200.0	77.79	269	75
snapshot_12_1_2015_18_0.json	1449010800.0	77.79	269	75
snapshot_12_1_2015_6_0.json	1448967600.0	77.79	269	75
snapshot_12_2_2015_0_0.json	1449032400.0	105.46	269	31
snapshot_12_2_2015_12_0.json	1449075600.0	105.46	269	31
snapshot_12_2_2015_18_0.json	1449097200.0	105.46	269	31
snapshot_12_2_2015_6_0.json	1449054000.0	105.46	269	31
snapshot_12_2_2015_6_0.json	1449054000.0	105.46	269	31
snapshot_12_3_2015_0_0.json	1449118800.0	105.46	269	31
snapshot_12_3_2015_0_0.json	1449118800.0	105.46	269	31
snapshot_12_3_2015_12_0.json	1449162000.0	105.46	269	31
snapshot_12_3_2015_18_0.json	1449183600.0	105.46	269	31
snapshot_12_3_2015_6_0.json	1449140400.0	105.46	269	31
snapshot_12_4_2015_12_0.json	1449248400.0	85.98	269	73
snapshot_12_4_2015_12_0.json	1449248400.0	85.98	269	73
snapshot_12_4_2015_18_0.json	1449270000.0	85.98	269	73
snapshot_12_4_2015_6_0.json	1449226800.0	85.98	269	73
snapshot_12_5_2015_0_0.json	1449291600.0	85.98	269	69
snapshot_12_5_2015_12_0.json	1449334800.0	85.98	269	65
snapshot_12_5_2015_18_0.json	1449356400.0	85.98	269	65
snapshot_12_5_2015_6_0.json	1449313200.0	85.98	269	65
