9266825	2015-11-22T01:00:00Z	Brian Regan	Ovens Auditorium	North Carolina Charlotte|684	28205
snapshot_11_16_2015_0_0.json	1447650000.0	93.76	250	30
snapshot_11_17_2015_0_0.json	1447736400.0	101.95	312	30
snapshot_11_17_2015_12_0.json	1447779600.0	101.95	250	26
snapshot_11_17_2015_18_0.json	1447801200.0	93.76	250	32
snapshot_11_17_2015_6_0.json	1447758000.0	101.95	250	26
snapshot_11_18_2015_0_0.json	1447822800.0	90.25	250	36
snapshot_11_18_2015_0_0.json	1447822800.0	90.25	250	36
snapshot_11_18_2015_12_0.json	1447866000.0	90.25	250	36
snapshot_11_18_2015_18_0.json	1447887600.0	90.25	250	34
snapshot_11_18_2015_6_0.json	1447844400.0	90.25	250	36
snapshot_11_19_2015_0_0.json	1447909200.0	90.25	316	34
snapshot_11_19_2015_12_0.json	1447952400.0	84.4	250	32
snapshot_11_19_2015_6_0.json	1447930800.0	84.4	316	38
snapshot_11_19_2015_6_0.json	1447930800.0	84.4	316	38
snapshot_11_20_2015_0_0.json	1447995600.0	84.4	250	34
snapshot_11_20_2015_12_0.json	1448038800.0	0	0	0
snapshot_11_21_2015_12_0.json	1448125200.0	197.31	166.5	2
snapshot_11_21_2015_18_0.json	1448146800.0	0	0	0
snapshot_11_22_2015_18_0.json	1448233200.0	0	0	0
snapshot_11_22_2015_6_0.json	1448190000.0	0	0	0
snapshot_11_23_2015_12_0.json	1448298000.0	0	0	0
snapshot_11_23_2015_6_0.json	1448276400.0	0	0	0
snapshot_11_23_2015_6_0.json	1448276400.0	0	0	0
9266825	2015-11-22T01:00:00Z	Brian Regan	Ovens Auditorium	North Carolina Charlotte|684	28205
snapshot_11_16_2015_0_0.json	1447650000.0	93.76	250	30
snapshot_11_17_2015_0_0.json	1447736400.0	101.95	312	30
snapshot_11_17_2015_12_0.json	1447779600.0	101.95	250	26
snapshot_11_17_2015_18_0.json	1447801200.0	93.76	250	32
snapshot_11_17_2015_6_0.json	1447758000.0	101.95	250	26
snapshot_11_18_2015_0_0.json	1447822800.0	90.25	250	36
snapshot_11_18_2015_0_0.json	1447822800.0	90.25	250	36
snapshot_11_18_2015_12_0.json	1447866000.0	90.25	250	36
snapshot_11_18_2015_18_0.json	1447887600.0	90.25	250	34
snapshot_11_18_2015_6_0.json	1447844400.0	90.25	250	36
snapshot_11_19_2015_0_0.json	1447909200.0	90.25	316	34
snapshot_11_19_2015_12_0.json	1447952400.0	84.4	250	32
snapshot_11_19_2015_6_0.json	1447930800.0	84.4	316	38
snapshot_11_19_2015_6_0.json	1447930800.0	84.4	316	38
snapshot_11_20_2015_0_0.json	1447995600.0	84.4	250	34
snapshot_11_20_2015_12_0.json	1448038800.0	0	0	0
snapshot_11_21_2015_12_0.json	1448125200.0	197.31	166.5	2
snapshot_11_21_2015_18_0.json	1448146800.0	0	0	0
snapshot_11_22_2015_18_0.json	1448233200.0	0	0	0
snapshot_11_22_2015_6_0.json	1448190000.0	0	0	0
snapshot_11_23_2015_12_0.json	1448298000.0	0	0	0
snapshot_11_23_2015_6_0.json	1448276400.0	0	0	0
snapshot_11_23_2015_6_0.json	1448276400.0	0	0	0
