9266317	2015-11-26T03:00:00Z	Cirque du Soleil Zarkana	Viva ELVIS Theater at ARIA	Nevada Las Vegas|689	89109
snapshot_11_16_2015_0_0.json	1447650000.0	153.84	280	52
snapshot_11_17_2015_0_0.json	1447736400.0	153.84	280	52
snapshot_11_17_2015_12_0.json	1447779600.0	153.84	280	52
snapshot_11_17_2015_18_0.json	1447801200.0	153.84	280	52
snapshot_11_17_2015_6_0.json	1447758000.0	153.84	280	52
snapshot_11_18_2015_12_0.json	1447866000.0	153.84	280	52
snapshot_11_18_2015_18_0.json	1447887600.0	153.84	280	52
snapshot_11_18_2015_6_0.json	1447844400.0	153.84	280	52
snapshot_11_19_2015_0_0.json	1447909200.0	153.84	280	52
snapshot_11_19_2015_0_0.json	1447909200.0	153.84	280	52
snapshot_11_19_2015_18_0.json	1447974000.0	153.84	280	52
snapshot_11_21_2015_12_0.json	1448125200.0	176.07	280	32
snapshot_11_21_2015_18_0.json	1448146800.0	176.07	280	32
snapshot_11_22_2015_0_0.json	1448168400.0	176.07	280	32
snapshot_11_22_2015_12_0.json	1448211600.0	176.07	280	32
snapshot_11_22_2015_18_0.json	1448233200.0	176.07	280	32
snapshot_11_22_2015_6_0.json	1448190000.0	176.07	280	32
snapshot_11_23_2015_0_0.json	1448254800.0	176.07	280	32
snapshot_11_23_2015_18_0.json	1448319600.0	176.07	280	32
snapshot_11_24_2015_18_0.json	1448406000.0	267.33	264	12
snapshot_11_24_2015_18_0.json	1448406000.0	267.33	264	12
snapshot_11_25_2015_12_0.json	1448470800.0	267.33	264	12
snapshot_11_25_2015_12_0.json	1448470800.0	267.33	264	12
snapshot_11_25_2015_18_0.json	1448492400.0	267.33	264	12
snapshot_11_25_2015_6_0.json	1448449200.0	267.33	264	12
snapshot_11_26_2015_0_0.json	1448514000.0	0	0	0
snapshot_11_26_2015_0_0.json	1448514000.0	0	0	0
9266317	2015-11-26T03:00:00Z	Cirque du Soleil Zarkana	Viva ELVIS Theater at ARIA	Nevada Las Vegas|689	89109
snapshot_11_16_2015_0_0.json	1447650000.0	153.84	280	52
snapshot_11_17_2015_0_0.json	1447736400.0	153.84	280	52
snapshot_11_17_2015_12_0.json	1447779600.0	153.84	280	52
snapshot_11_17_2015_18_0.json	1447801200.0	153.84	280	52
snapshot_11_17_2015_6_0.json	1447758000.0	153.84	280	52
snapshot_11_18_2015_12_0.json	1447866000.0	153.84	280	52
snapshot_11_18_2015_18_0.json	1447887600.0	153.84	280	52
snapshot_11_18_2015_6_0.json	1447844400.0	153.84	280	52
snapshot_11_19_2015_0_0.json	1447909200.0	153.84	280	52
snapshot_11_19_2015_0_0.json	1447909200.0	153.84	280	52
snapshot_11_19_2015_18_0.json	1447974000.0	153.84	280	52
snapshot_11_21_2015_12_0.json	1448125200.0	176.07	280	32
snapshot_11_21_2015_18_0.json	1448146800.0	176.07	280	32
snapshot_11_22_2015_0_0.json	1448168400.0	176.07	280	32
snapshot_11_22_2015_12_0.json	1448211600.0	176.07	280	32
snapshot_11_22_2015_18_0.json	1448233200.0	176.07	280	32
snapshot_11_22_2015_6_0.json	1448190000.0	176.07	280	32
snapshot_11_23_2015_0_0.json	1448254800.0	176.07	280	32
snapshot_11_23_2015_18_0.json	1448319600.0	176.07	280	32
snapshot_11_24_2015_18_0.json	1448406000.0	267.33	264	12
snapshot_11_24_2015_18_0.json	1448406000.0	267.33	264	12
snapshot_11_25_2015_12_0.json	1448470800.0	267.33	264	12
snapshot_11_25_2015_12_0.json	1448470800.0	267.33	264	12
snapshot_11_25_2015_18_0.json	1448492400.0	267.33	264	12
snapshot_11_25_2015_6_0.json	1448449200.0	267.33	264	12
snapshot_11_26_2015_0_0.json	1448514000.0	0	0	0
snapshot_11_26_2015_0_0.json	1448514000.0	0	0	0
