9266826	2015-11-23T01:00:00Z	Brian Regan	BJCC Concert Hall	Alabama Birmingham|4945	35203
snapshot_11_16_2015_0_0.json	1447650000.0	92.59	125	6
snapshot_11_17_2015_0_0.json	1447736400.0	92.59	125	8
snapshot_11_17_2015_12_0.json	1447779600.0	92.59	125	8
snapshot_11_17_2015_18_0.json	1447801200.0	92.59	115	8
snapshot_11_17_2015_18_0.json	1447801200.0	92.59	115	8
snapshot_11_18_2015_0_0.json	1447822800.0	92.59	115	8
snapshot_11_18_2015_12_0.json	1447866000.0	92.59	115	8
snapshot_11_18_2015_12_0.json	1447866000.0	92.59	115	8
snapshot_11_18_2015_6_0.json	1447844400.0	92.59	115	8
snapshot_11_19_2015_12_0.json	1447952400.0	101.89	115	8
snapshot_11_19_2015_18_0.json	1447974000.0	101.89	115	8
snapshot_11_20_2015_0_0.json	1447995600.0	101.89	115	8
snapshot_11_20_2015_12_0.json	1448038800.0	101.89	115	8
snapshot_11_21_2015_12_0.json	1448125200.0	96.1	100	16
snapshot_11_21_2015_18_0.json	1448146800.0	25.9	90	18
snapshot_11_22_2015_0_0.json	1448168400.0	66.85	90	18
snapshot_11_22_2015_12_0.json	1448211600.0	66.85	84.95	18
snapshot_11_22_2015_18_0.json	1448233200.0	55.15	84.95	10
snapshot_11_22_2015_6_0.json	1448190000.0	66.85	84.95	18
snapshot_11_22_2015_6_0.json	1448190000.0	66.85	84.95	18
snapshot_11_23_2015_0_0.json	1448254800.0	61	75	5
snapshot_11_23_2015_12_0.json	1448298000.0	0	0	0
snapshot_11_23_2015_18_0.json	1448319600.0	0	0	0
snapshot_11_24_2015_0_0.json	1448341200.0	0	0	0
snapshot_11_24_2015_12_0.json	1448384400.0	0	0	0
9266826	2015-11-23T01:00:00Z	Brian Regan	BJCC Concert Hall	Alabama Birmingham|4945	35203
snapshot_11_16_2015_0_0.json	1447650000.0	92.59	125	6
snapshot_11_17_2015_0_0.json	1447736400.0	92.59	125	8
snapshot_11_17_2015_12_0.json	1447779600.0	92.59	125	8
snapshot_11_17_2015_18_0.json	1447801200.0	92.59	115	8
snapshot_11_17_2015_18_0.json	1447801200.0	92.59	115	8
snapshot_11_18_2015_0_0.json	1447822800.0	92.59	115	8
snapshot_11_18_2015_12_0.json	1447866000.0	92.59	115	8
snapshot_11_18_2015_12_0.json	1447866000.0	92.59	115	8
snapshot_11_18_2015_6_0.json	1447844400.0	92.59	115	8
snapshot_11_19_2015_12_0.json	1447952400.0	101.89	115	8
snapshot_11_19_2015_18_0.json	1447974000.0	101.89	115	8
snapshot_11_20_2015_0_0.json	1447995600.0	101.89	115	8
snapshot_11_20_2015_12_0.json	1448038800.0	101.89	115	8
snapshot_11_21_2015_12_0.json	1448125200.0	96.1	100	16
snapshot_11_21_2015_18_0.json	1448146800.0	25.9	90	18
snapshot_11_22_2015_0_0.json	1448168400.0	66.85	90	18
snapshot_11_22_2015_12_0.json	1448211600.0	66.85	84.95	18
snapshot_11_22_2015_18_0.json	1448233200.0	55.15	84.95	10
snapshot_11_22_2015_6_0.json	1448190000.0	66.85	84.95	18
snapshot_11_22_2015_6_0.json	1448190000.0	66.85	84.95	18
snapshot_11_23_2015_0_0.json	1448254800.0	61	75	5
snapshot_11_23_2015_12_0.json	1448298000.0	0	0	0
snapshot_11_23_2015_18_0.json	1448319600.0	0	0	0
snapshot_11_24_2015_0_0.json	1448341200.0	0	0	0
snapshot_11_24_2015_12_0.json	1448384400.0	0	0	0
