9266837	2015-12-13T01:00:00Z	Brian Regan	Ruth Eckerd Hall	Florida Tampa / St. Petersburg|404	33759
snapshot_11_16_2015_0_0.json	1447650000.0	110.55	90	2
snapshot_11_17_2015_18_0.json	1447801200.0	110.55	90	2
snapshot_11_18_2015_0_0.json	1447822800.0	110.55	90	2
snapshot_11_18_2015_18_0.json	1447887600.0	110.55	90	2
snapshot_11_18_2015_6_0.json	1447844400.0	110.55	90	2
snapshot_11_19_2015_12_0.json	1447952400.0	60.71	90	4
snapshot_11_19_2015_12_0.json	1447952400.0	60.71	90	4
snapshot_11_19_2015_18_0.json	1447974000.0	60.71	90	4
snapshot_11_19_2015_6_0.json	1447930800.0	60.71	90	4
snapshot_11_19_2015_6_0.json	1447930800.0	60.71	90	4
snapshot_11_21_2015_12_0.json	1448125200.0	60.71	122.22	8
snapshot_11_21_2015_18_0.json	1448146800.0	60.71	122.22	8
snapshot_11_22_2015_0_0.json	1448168400.0	60.71	112.22	8
snapshot_11_22_2015_12_0.json	1448211600.0	60.71	112.22	8
snapshot_11_22_2015_18_0.json	1448233200.0	60.71	112.22	8
snapshot_11_22_2015_6_0.json	1448190000.0	60.71	112.22	8
snapshot_11_22_2015_6_0.json	1448190000.0	60.71	112.22	8
snapshot_11_23_2015_0_0.json	1448254800.0	60.71	112.22	8
snapshot_11_23_2015_12_0.json	1448298000.0	60.71	112.22	8
snapshot_11_23_2015_12_0.json	1448298000.0	60.71	112.22	8
snapshot_11_23_2015_18_0.json	1448319600.0	60.71	112.22	8
snapshot_11_23_2015_6_0.json	1448276400.0	60.71	112.22	8
snapshot_11_24_2015_0_0.json	1448341200.0	60.71	101.22	8
snapshot_11_24_2015_18_0.json	1448406000.0	60.71	101.22	8
snapshot_11_24_2015_6_0.json	1448362800.0	60.71	101.22	8
snapshot_11_25_2015_12_0.json	1448470800.0	60.71	101.22	8
snapshot_11_25_2015_12_0.json	1448470800.0	60.71	101.22	8
snapshot_11_25_2015_18_0.json	1448492400.0	60.71	101.22	8
snapshot_11_25_2015_6_0.json	1448449200.0	60.71	101.22	8
snapshot_11_27_2015_18_0.json	1448665200.0	98.85	159	6
snapshot_11_28_2015_0_0.json	1448686800.0	98.85	159	6
snapshot_11_28_2015_12_0.json	1448730000.0	98.85	159	6
snapshot_11_28_2015_12_0.json	1448730000.0	98.85	159	6
snapshot_11_28_2015_18_0.json	1448751600.0	98.85	159	6
snapshot_11_28_2015_6_0.json	1448708400.0	98.85	159	6
snapshot_11_28_2015_6_0.json	1448708400.0	98.85	159	6
snapshot_11_29_2015_0_0.json	1448773200.0	98.85	159	6
snapshot_11_29_2015_12_0.json	1448816400.0	98.85	159	6
snapshot_11_29_2015_12_0.json	1448816400.0	98.85	159	6
snapshot_11_29_2015_6_0.json	1448794800.0	98.85	159	6
snapshot_11_30_2015_0_0.json	1448859600.0	98.85	159	6
snapshot_11_30_2015_0_0.json	1448859600.0	98.85	159	6
snapshot_11_30_2015_18_0.json	1448924400.0	98.85	159	6
snapshot_11_30_2015_6_0.json	1448881200.0	98.85	159	6
snapshot_12_1_2015_0_0.json	1448946000.0	98.85	159	6
snapshot_12_1_2015_0_0.json	1448946000.0	98.85	159	6
snapshot_12_1_2015_12_0.json	1448989200.0	98.85	159	6
snapshot_12_1_2015_18_0.json	1449010800.0	98.85	159	6
snapshot_12_1_2015_18_0.json	1449010800.0	98.85	159	6
snapshot_12_1_2015_6_0.json	1448967600.0	98.85	159	6
snapshot_12_2_2015_0_0.json	1449032400.0	98.85	159	6
snapshot_12_2_2015_0_0.json	1449032400.0	98.85	159	6
snapshot_12_2_2015_12_0.json	1449075600.0	75.45	159	6
snapshot_12_2_2015_18_0.json	1449097200.0	75.45	159	6
snapshot_12_3_2015_0_0.json	1449118800.0	75.45	159	6
snapshot_12_3_2015_0_0.json	1449118800.0	75.45	159	6
snapshot_12_3_2015_12_0.json	1449162000.0	75.45	159	6
snapshot_12_3_2015_18_0.json	1449183600.0	75.45	159	6
snapshot_12_3_2015_6_0.json	1449140400.0	75.45	159	6
snapshot_12_4_2015_0_0.json	1449205200.0	75.45	159	6
snapshot_12_4_2015_12_0.json	1449248400.0	75.45	159	6
snapshot_12_4_2015_18_0.json	1449270000.0	188.53	159	4
snapshot_12_5_2015_0_0.json	1449291600.0	188.53	159	4
snapshot_12_5_2015_12_0.json	1449334800.0	188.53	159	4
snapshot_12_5_2015_18_0.json	1449356400.0	188.53	159	4
snapshot_12_5_2015_6_0.json	1449313200.0	188.53	159	4
9266837	2015-12-13T01:00:00Z	Brian Regan	Ruth Eckerd Hall	Florida Tampa / St. Petersburg|404	33759
snapshot_11_16_2015_0_0.json	1447650000.0	110.55	90	2
snapshot_11_17_2015_18_0.json	1447801200.0	110.55	90	2
snapshot_11_18_2015_0_0.json	1447822800.0	110.55	90	2
snapshot_11_18_2015_18_0.json	1447887600.0	110.55	90	2
snapshot_11_18_2015_6_0.json	1447844400.0	110.55	90	2
snapshot_11_19_2015_12_0.json	1447952400.0	60.71	90	4
snapshot_11_19_2015_12_0.json	1447952400.0	60.71	90	4
snapshot_11_19_2015_18_0.json	1447974000.0	60.71	90	4
snapshot_11_19_2015_6_0.json	1447930800.0	60.71	90	4
snapshot_11_19_2015_6_0.json	1447930800.0	60.71	90	4
snapshot_11_21_2015_12_0.json	1448125200.0	60.71	122.22	8
snapshot_11_21_2015_18_0.json	1448146800.0	60.71	122.22	8
snapshot_11_22_2015_0_0.json	1448168400.0	60.71	112.22	8
snapshot_11_22_2015_12_0.json	1448211600.0	60.71	112.22	8
snapshot_11_22_2015_18_0.json	1448233200.0	60.71	112.22	8
snapshot_11_22_2015_6_0.json	1448190000.0	60.71	112.22	8
snapshot_11_22_2015_6_0.json	1448190000.0	60.71	112.22	8
snapshot_11_23_2015_0_0.json	1448254800.0	60.71	112.22	8
snapshot_11_23_2015_12_0.json	1448298000.0	60.71	112.22	8
snapshot_11_23_2015_12_0.json	1448298000.0	60.71	112.22	8
snapshot_11_23_2015_18_0.json	1448319600.0	60.71	112.22	8
snapshot_11_23_2015_6_0.json	1448276400.0	60.71	112.22	8
snapshot_11_24_2015_0_0.json	1448341200.0	60.71	101.22	8
snapshot_11_24_2015_18_0.json	1448406000.0	60.71	101.22	8
snapshot_11_24_2015_6_0.json	1448362800.0	60.71	101.22	8
snapshot_11_25_2015_12_0.json	1448470800.0	60.71	101.22	8
snapshot_11_25_2015_12_0.json	1448470800.0	60.71	101.22	8
snapshot_11_25_2015_18_0.json	1448492400.0	60.71	101.22	8
snapshot_11_25_2015_6_0.json	1448449200.0	60.71	101.22	8
snapshot_11_27_2015_18_0.json	1448665200.0	98.85	159	6
snapshot_11_28_2015_0_0.json	1448686800.0	98.85	159	6
snapshot_11_28_2015_12_0.json	1448730000.0	98.85	159	6
snapshot_11_28_2015_12_0.json	1448730000.0	98.85	159	6
snapshot_11_28_2015_18_0.json	1448751600.0	98.85	159	6
snapshot_11_28_2015_6_0.json	1448708400.0	98.85	159	6
snapshot_11_28_2015_6_0.json	1448708400.0	98.85	159	6
snapshot_11_29_2015_0_0.json	1448773200.0	98.85	159	6
snapshot_11_29_2015_12_0.json	1448816400.0	98.85	159	6
snapshot_11_29_2015_12_0.json	1448816400.0	98.85	159	6
snapshot_11_29_2015_6_0.json	1448794800.0	98.85	159	6
snapshot_11_30_2015_0_0.json	1448859600.0	98.85	159	6
snapshot_11_30_2015_0_0.json	1448859600.0	98.85	159	6
snapshot_11_30_2015_18_0.json	1448924400.0	98.85	159	6
snapshot_11_30_2015_6_0.json	1448881200.0	98.85	159	6
snapshot_12_1_2015_0_0.json	1448946000.0	98.85	159	6
snapshot_12_1_2015_0_0.json	1448946000.0	98.85	159	6
snapshot_12_1_2015_12_0.json	1448989200.0	98.85	159	6
snapshot_12_1_2015_18_0.json	1449010800.0	98.85	159	6
snapshot_12_1_2015_18_0.json	1449010800.0	98.85	159	6
snapshot_12_1_2015_6_0.json	1448967600.0	98.85	159	6
snapshot_12_2_2015_0_0.json	1449032400.0	98.85	159	6
snapshot_12_2_2015_0_0.json	1449032400.0	98.85	159	6
snapshot_12_2_2015_12_0.json	1449075600.0	75.45	159	6
snapshot_12_2_2015_18_0.json	1449097200.0	75.45	159	6
snapshot_12_3_2015_0_0.json	1449118800.0	75.45	159	6
snapshot_12_3_2015_0_0.json	1449118800.0	75.45	159	6
snapshot_12_3_2015_12_0.json	1449162000.0	75.45	159	6
snapshot_12_3_2015_18_0.json	1449183600.0	75.45	159	6
snapshot_12_3_2015_6_0.json	1449140400.0	75.45	159	6
snapshot_12_4_2015_0_0.json	1449205200.0	75.45	159	6
snapshot_12_4_2015_12_0.json	1449248400.0	75.45	159	6
snapshot_12_4_2015_18_0.json	1449270000.0	188.53	159	4
snapshot_12_5_2015_0_0.json	1449291600.0	188.53	159	4
snapshot_12_5_2015_12_0.json	1449334800.0	188.53	159	4
snapshot_12_5_2015_18_0.json	1449356400.0	188.53	159	4
snapshot_12_5_2015_6_0.json	1449313200.0	188.53	159	4
