9266824	2015-11-21T01:00:00Z	Brian Regan	Tivoli Theatre Chattanooga	Tennessee Nashville|700	37402
snapshot_11_16_2015_0_0.json	1447650000.0	86.74	84	6
snapshot_11_17_2015_0_0.json	1447736400.0	86.74	84	6
snapshot_11_17_2015_18_0.json	1447801200.0	86.74	84	6
snapshot_11_17_2015_18_0.json	1447801200.0	86.74	84	6
snapshot_11_17_2015_6_0.json	1447758000.0	86.74	84	6
snapshot_11_17_2015_6_0.json	1447758000.0	86.74	84	6
snapshot_11_18_2015_0_0.json	1447822800.0	100.78	84	4
snapshot_11_18_2015_0_0.json	1447822800.0	100.78	84	4
snapshot_11_18_2015_18_0.json	1447887600.0	100.78	84	4
snapshot_11_18_2015_6_0.json	1447844400.0	100.78	84	4
snapshot_11_19_2015_0_0.json	1447909200.0	100.78	84	4
snapshot_11_19_2015_12_0.json	1447952400.0	0	0	0
snapshot_11_19_2015_6_0.json	1447930800.0	0	0	0
snapshot_11_19_2015_6_0.json	1447930800.0	0	0	0
snapshot_11_20_2015_12_0.json	1448038800.0	66.85	55	4
snapshot_11_20_2015_12_0.json	1448038800.0	66.85	55	4
snapshot_11_21_2015_18_0.json	1448146800.0	0	0	0
snapshot_11_22_2015_0_0.json	1448168400.0	0	0	0
snapshot_11_22_2015_12_0.json	1448211600.0	0	0	0
9266824	2015-11-21T01:00:00Z	Brian Regan	Tivoli Theatre Chattanooga	Tennessee Nashville|700	37402
snapshot_11_16_2015_0_0.json	1447650000.0	86.74	84	6
snapshot_11_17_2015_0_0.json	1447736400.0	86.74	84	6
snapshot_11_17_2015_18_0.json	1447801200.0	86.74	84	6
snapshot_11_17_2015_18_0.json	1447801200.0	86.74	84	6
snapshot_11_17_2015_6_0.json	1447758000.0	86.74	84	6
snapshot_11_17_2015_6_0.json	1447758000.0	86.74	84	6
snapshot_11_18_2015_0_0.json	1447822800.0	100.78	84	4
snapshot_11_18_2015_0_0.json	1447822800.0	100.78	84	4
snapshot_11_18_2015_18_0.json	1447887600.0	100.78	84	4
snapshot_11_18_2015_6_0.json	1447844400.0	100.78	84	4
snapshot_11_19_2015_0_0.json	1447909200.0	100.78	84	4
snapshot_11_19_2015_12_0.json	1447952400.0	0	0	0
snapshot_11_19_2015_6_0.json	1447930800.0	0	0	0
snapshot_11_19_2015_6_0.json	1447930800.0	0	0	0
snapshot_11_20_2015_12_0.json	1448038800.0	66.85	55	4
snapshot_11_20_2015_12_0.json	1448038800.0	66.85	55	4
snapshot_11_21_2015_18_0.json	1448146800.0	0	0	0
snapshot_11_22_2015_0_0.json	1448168400.0	0	0	0
snapshot_11_22_2015_12_0.json	1448211600.0	0	0	0
