9267070	2015-12-10T03:30:00Z	Twenty One Pilots	Vogue Theatre Vancouver	British Columbia Vancouver|5871	V6Z1L2
snapshot_11_16_2015_0_0.json	1447650000.0	249.78	247.76	11
snapshot_11_17_2015_0_0.json	1447736400.0	249.15	225.43	12
snapshot_11_17_2015_0_0.json	1447736400.0	249.15	225.43	12
snapshot_11_17_2015_18_0.json	1447801200.0	237.95	207.99	12
snapshot_11_18_2015_0_0.json	1447822800.0	232.23	207.99	12
snapshot_11_18_2015_12_0.json	1447866000.0	232.15	204.99	11
snapshot_11_18_2015_18_0.json	1447887600.0	228.7	204.99	12
snapshot_11_18_2015_6_0.json	1447844400.0	232.22	204.99	11
snapshot_11_18_2015_6_0.json	1447844400.0	232.15	204.99	11
snapshot_11_19_2015_0_0.json	1447909200.0	224.95	193.99	12
snapshot_11_19_2015_12_0.json	1447952400.0	224.55	193.99	12
snapshot_11_19_2015_6_0.json	1447930800.0	224.55	193.99	12
snapshot_11_20_2015_0_0.json	1447995600.0	180.75	188.49	14
snapshot_11_20_2015_12_0.json	1448038800.0	157.35	188.49	14
snapshot_11_20_2015_12_0.json	1448038800.0	157.35	188.49	14
snapshot_11_21_2015_12_0.json	1448125200.0	179.58	188.49	12
snapshot_11_21_2015_18_0.json	1448146800.0	179.03	175	12
snapshot_11_21_2015_18_0.json	1448146800.0	179.03	175	12
snapshot_11_22_2015_0_0.json	1448168400.0	179.03	175	11
snapshot_11_22_2015_12_0.json	1448211600.0	179.03	175	13
snapshot_11_23_2015_0_0.json	1448254800.0	172.56	175	13
snapshot_11_23_2015_12_0.json	1448298000.0	172.56	175	11
snapshot_11_23_2015_18_0.json	1448319600.0	172.56	175	11
snapshot_11_23_2015_6_0.json	1448276400.0	172.56	175	11
snapshot_11_24_2015_0_0.json	1448341200.0	179.05	219	10
snapshot_11_24_2015_12_0.json	1448384400.0	179.05	219	10
snapshot_11_24_2015_18_0.json	1448406000.0	179.05	219	10
snapshot_11_24_2015_18_0.json	1448406000.0	179.05	219	10
snapshot_11_24_2015_6_0.json	1448362800.0	179.05	219	10
snapshot_11_25_2015_0_0.json	1448427600.0	177.59	219	11
snapshot_11_25_2015_0_0.json	1448427600.0	177.59	219	11
snapshot_11_25_2015_12_0.json	1448470800.0	163.2	219	15
snapshot_11_25_2015_12_0.json	1448470800.0	163.2	219	15
snapshot_11_25_2015_6_0.json	1448449200.0	163.2	219	15
snapshot_11_27_2015_18_0.json	1448665200.0	131.85	219	22
snapshot_11_28_2015_0_0.json	1448686800.0	128.1	219	22
snapshot_11_28_2015_12_0.json	1448730000.0	133.94	219	21
snapshot_11_28_2015_18_0.json	1448751600.0	133.82	219	23
snapshot_11_28_2015_6_0.json	1448708400.0	133.94	219	21
snapshot_11_29_2015_0_0.json	1448773200.0	129.86	219	26
snapshot_11_29_2015_0_0.json	1448773200.0	129.86	219	26
snapshot_11_29_2015_18_0.json	1448838000.0	128.02	200	23
snapshot_11_29_2015_18_0.json	1448838000.0	128.02	200	23
snapshot_11_29_2015_6_0.json	1448794800.0	131	200	24
snapshot_11_30_2015_0_0.json	1448859600.0	118.74	200	27
snapshot_11_30_2015_0_0.json	1448859600.0	118.74	200	27
snapshot_11_30_2015_12_0.json	1448902800.0	118.7	200	27
snapshot_11_30_2015_18_0.json	1448924400.0	117.5	200	31
snapshot_11_30_2015_6_0.json	1448881200.0	118.7	200	28
snapshot_12_1_2015_0_0.json	1448946000.0	98.85	200	32
snapshot_12_1_2015_12_0.json	1448989200.0	87.14	200	29
snapshot_12_1_2015_18_0.json	1449010800.0	87.14	200	25
snapshot_12_1_2015_6_0.json	1448967600.0	87.14	200	25
snapshot_12_2_2015_0_0.json	1449032400.0	87.14	200	20
snapshot_12_2_2015_18_0.json	1449097200.0	98.24	200	17
snapshot_12_3_2015_0_0.json	1449118800.0	117.56	200	17
snapshot_12_3_2015_12_0.json	1449162000.0	98.85	335	19
snapshot_12_3_2015_18_0.json	1449183600.0	81.3	335	19
snapshot_12_4_2015_0_0.json	1449205200.0	87.15	335	19
snapshot_12_4_2015_12_0.json	1449248400.0	87.15	335	15
snapshot_12_4_2015_18_0.json	1449270000.0	117.55	335	15
snapshot_12_4_2015_18_0.json	1449270000.0	117.55	335	15
snapshot_12_4_2015_6_0.json	1449226800.0	87.15	335	19
snapshot_12_5_2015_0_0.json	1449291600.0	117.55	335	9
snapshot_12_5_2015_12_0.json	1449334800.0	149.99	382.05	6
snapshot_12_5_2015_18_0.json	1449356400.0	168.99	335	4
snapshot_12_5_2015_6_0.json	1449313200.0	149.99	382.05	6
9267070	2015-12-10T03:30:00Z	Twenty One Pilots	Vogue Theatre Vancouver	British Columbia Vancouver|5871	V6Z1L2
snapshot_11_16_2015_0_0.json	1447650000.0	249.78	247.76	11
snapshot_11_17_2015_0_0.json	1447736400.0	249.15	225.43	12
snapshot_11_17_2015_0_0.json	1447736400.0	249.15	225.43	12
snapshot_11_17_2015_18_0.json	1447801200.0	237.95	207.99	12
snapshot_11_18_2015_0_0.json	1447822800.0	232.23	207.99	12
snapshot_11_18_2015_12_0.json	1447866000.0	232.15	204.99	11
snapshot_11_18_2015_18_0.json	1447887600.0	228.7	204.99	12
snapshot_11_18_2015_6_0.json	1447844400.0	232.22	204.99	11
snapshot_11_18_2015_6_0.json	1447844400.0	232.15	204.99	11
snapshot_11_19_2015_0_0.json	1447909200.0	224.95	193.99	12
snapshot_11_19_2015_12_0.json	1447952400.0	224.55	193.99	12
snapshot_11_19_2015_6_0.json	1447930800.0	224.55	193.99	12
snapshot_11_20_2015_0_0.json	1447995600.0	180.75	188.49	14
snapshot_11_20_2015_12_0.json	1448038800.0	157.35	188.49	14
snapshot_11_20_2015_12_0.json	1448038800.0	157.35	188.49	14
snapshot_11_21_2015_12_0.json	1448125200.0	179.58	188.49	12
snapshot_11_21_2015_18_0.json	1448146800.0	179.03	175	12
snapshot_11_21_2015_18_0.json	1448146800.0	179.03	175	12
snapshot_11_22_2015_0_0.json	1448168400.0	179.03	175	11
snapshot_11_22_2015_12_0.json	1448211600.0	179.03	175	13
snapshot_11_23_2015_0_0.json	1448254800.0	172.56	175	13
snapshot_11_23_2015_12_0.json	1448298000.0	172.56	175	11
snapshot_11_23_2015_18_0.json	1448319600.0	172.56	175	11
snapshot_11_23_2015_6_0.json	1448276400.0	172.56	175	11
snapshot_11_24_2015_0_0.json	1448341200.0	179.05	219	10
snapshot_11_24_2015_12_0.json	1448384400.0	179.05	219	10
snapshot_11_24_2015_18_0.json	1448406000.0	179.05	219	10
snapshot_11_24_2015_18_0.json	1448406000.0	179.05	219	10
snapshot_11_24_2015_6_0.json	1448362800.0	179.05	219	10
snapshot_11_25_2015_0_0.json	1448427600.0	177.59	219	11
snapshot_11_25_2015_0_0.json	1448427600.0	177.59	219	11
snapshot_11_25_2015_12_0.json	1448470800.0	163.2	219	15
snapshot_11_25_2015_12_0.json	1448470800.0	163.2	219	15
snapshot_11_25_2015_6_0.json	1448449200.0	163.2	219	15
snapshot_11_27_2015_18_0.json	1448665200.0	131.85	219	22
snapshot_11_28_2015_0_0.json	1448686800.0	128.1	219	22
snapshot_11_28_2015_12_0.json	1448730000.0	133.94	219	21
snapshot_11_28_2015_18_0.json	1448751600.0	133.82	219	23
snapshot_11_28_2015_6_0.json	1448708400.0	133.94	219	21
snapshot_11_29_2015_0_0.json	1448773200.0	129.86	219	26
snapshot_11_29_2015_0_0.json	1448773200.0	129.86	219	26
snapshot_11_29_2015_18_0.json	1448838000.0	128.02	200	23
snapshot_11_29_2015_18_0.json	1448838000.0	128.02	200	23
snapshot_11_29_2015_6_0.json	1448794800.0	131	200	24
snapshot_11_30_2015_0_0.json	1448859600.0	118.74	200	27
snapshot_11_30_2015_0_0.json	1448859600.0	118.74	200	27
snapshot_11_30_2015_12_0.json	1448902800.0	118.7	200	27
snapshot_11_30_2015_18_0.json	1448924400.0	117.5	200	31
snapshot_11_30_2015_6_0.json	1448881200.0	118.7	200	28
snapshot_12_1_2015_0_0.json	1448946000.0	98.85	200	32
snapshot_12_1_2015_12_0.json	1448989200.0	87.14	200	29
snapshot_12_1_2015_18_0.json	1449010800.0	87.14	200	25
snapshot_12_1_2015_6_0.json	1448967600.0	87.14	200	25
snapshot_12_2_2015_0_0.json	1449032400.0	87.14	200	20
snapshot_12_2_2015_18_0.json	1449097200.0	98.24	200	17
snapshot_12_3_2015_0_0.json	1449118800.0	117.56	200	17
snapshot_12_3_2015_12_0.json	1449162000.0	98.85	335	19
snapshot_12_3_2015_18_0.json	1449183600.0	81.3	335	19
snapshot_12_4_2015_0_0.json	1449205200.0	87.15	335	19
snapshot_12_4_2015_12_0.json	1449248400.0	87.15	335	15
snapshot_12_4_2015_18_0.json	1449270000.0	117.55	335	15
snapshot_12_4_2015_18_0.json	1449270000.0	117.55	335	15
snapshot_12_4_2015_6_0.json	1449226800.0	87.15	335	19
snapshot_12_5_2015_0_0.json	1449291600.0	117.55	335	9
snapshot_12_5_2015_12_0.json	1449334800.0	149.99	382.05	6
snapshot_12_5_2015_18_0.json	1449356400.0	168.99	335	4
snapshot_12_5_2015_6_0.json	1449313200.0	149.99	382.05	6
