9267199	2015-12-15T02:00:00Z	Twenty One Pilots	Ace of Spades	California Sacramento|81690	95814
snapshot_11_17_2015_0_0.json	1447736400.0	324.25	388.89	7
snapshot_11_17_2015_12_0.json	1447779600.0	324.25	388.89	7
snapshot_11_17_2015_18_0.json	1447801200.0	324.25	388.89	7
snapshot_11_17_2015_6_0.json	1447758000.0	324.25	388.89	7
snapshot_11_18_2015_0_0.json	1447822800.0	324.25	388.89	7
snapshot_11_18_2015_12_0.json	1447866000.0	324.25	388.89	7
snapshot_11_18_2015_18_0.json	1447887600.0	324.25	388.89	7
snapshot_11_18_2015_6_0.json	1447844400.0	324.25	388.89	7
snapshot_11_19_2015_0_0.json	1447909200.0	324.25	388.89	7
snapshot_11_19_2015_12_0.json	1447952400.0	324.25	425.21	13
snapshot_11_19_2015_6_0.json	1447930800.0	324.25	425.21	13
snapshot_11_20_2015_0_0.json	1447995600.0	324.25	388.89	13
snapshot_11_21_2015_12_0.json	1448125200.0	318.4	388.89	14
snapshot_11_22_2015_0_0.json	1448168400.0	318.4	388.89	14
snapshot_11_22_2015_18_0.json	1448233200.0	318.4	388.89	14
snapshot_11_22_2015_6_0.json	1448190000.0	318.4	388.89	14
snapshot_11_23_2015_0_0.json	1448254800.0	295	388.89	15
snapshot_11_23_2015_12_0.json	1448298000.0	295	388.89	15
snapshot_11_23_2015_18_0.json	1448319600.0	318.4	388.89	14
snapshot_11_23_2015_18_0.json	1448319600.0	318.4	388.89	14
snapshot_11_23_2015_6_0.json	1448276400.0	295	388.89	15
snapshot_11_23_2015_6_0.json	1448276400.0	295	388.89	15
snapshot_11_24_2015_0_0.json	1448341200.0	318.4	388.89	19
snapshot_11_24_2015_12_0.json	1448384400.0	295	388.89	19
snapshot_11_24_2015_12_0.json	1448384400.0	295	388.89	19
snapshot_11_24_2015_18_0.json	1448406000.0	295	388.89	19
snapshot_11_24_2015_6_0.json	1448362800.0	324.25	388.89	17
snapshot_11_24_2015_6_0.json	1448362800.0	324.25	388.89	17
snapshot_11_25_2015_0_0.json	1448427600.0	262.5	350	19
snapshot_11_25_2015_12_0.json	1448470800.0	265.75	345	16
snapshot_11_25_2015_18_0.json	1448492400.0	265.75	345	16
snapshot_11_25_2015_6_0.json	1448449200.0	265.75	345	16
snapshot_11_27_2015_18_0.json	1448665200.0	324.25	345	15
snapshot_11_28_2015_0_0.json	1448686800.0	239.25	345	16
snapshot_11_28_2015_0_0.json	1448686800.0	239.25	345	16
snapshot_11_28_2015_18_0.json	1448751600.0	221.7	345	16
snapshot_11_28_2015_6_0.json	1448708400.0	221.7	345	16
snapshot_11_28_2015_6_0.json	1448708400.0	221.7	345	16
snapshot_11_29_2015_0_0.json	1448773200.0	265.75	345	16
snapshot_11_29_2015_0_0.json	1448773200.0	265.75	345	16
snapshot_11_29_2015_12_0.json	1448816400.0	265.75	345	18
snapshot_11_29_2015_18_0.json	1448838000.0	258.73	345	18
snapshot_11_29_2015_6_0.json	1448794800.0	265.75	345	16
snapshot_11_30_2015_0_0.json	1448859600.0	258.15	345	21
snapshot_11_30_2015_12_0.json	1448902800.0	254.05	345	21
snapshot_11_30_2015_18_0.json	1448924400.0	254.05	345	21
snapshot_11_30_2015_6_0.json	1448881200.0	254.05	345	21
snapshot_12_1_2015_0_0.json	1448946000.0	254.05	345	21
snapshot_12_1_2015_18_0.json	1449010800.0	201.4	345	25
snapshot_12_1_2015_6_0.json	1448967600.0	254.05	345	21
snapshot_12_2_2015_0_0.json	1449032400.0	201.4	345	25
snapshot_12_2_2015_18_0.json	1449097200.0	258.15	345	19
snapshot_12_2_2015_6_0.json	1449054000.0	254.05	345	21
snapshot_12_3_2015_0_0.json	1449118800.0	258.13	345	20
snapshot_12_3_2015_12_0.json	1449162000.0	258.15	345	23
snapshot_12_3_2015_18_0.json	1449183600.0	258.13	345	23
snapshot_12_3_2015_18_0.json	1449183600.0	258.13	345	23
snapshot_12_4_2015_0_0.json	1449205200.0	258.13	345	23
snapshot_12_4_2015_12_0.json	1449248400.0	258.13	345	23
snapshot_12_4_2015_18_0.json	1449270000.0	258.13	345	23
snapshot_12_4_2015_6_0.json	1449226800.0	258.13	345	23
snapshot_12_5_2015_0_0.json	1449291600.0	236.5	345	23
snapshot_12_5_2015_18_0.json	1449356400.0	236.5	345	22
9267199	2015-12-15T02:00:00Z	Twenty One Pilots	Ace of Spades	California Sacramento|81690	95814
snapshot_11_17_2015_0_0.json	1447736400.0	324.25	388.89	7
snapshot_11_17_2015_12_0.json	1447779600.0	324.25	388.89	7
snapshot_11_17_2015_18_0.json	1447801200.0	324.25	388.89	7
snapshot_11_17_2015_6_0.json	1447758000.0	324.25	388.89	7
snapshot_11_18_2015_0_0.json	1447822800.0	324.25	388.89	7
snapshot_11_18_2015_12_0.json	1447866000.0	324.25	388.89	7
snapshot_11_18_2015_18_0.json	1447887600.0	324.25	388.89	7
snapshot_11_18_2015_6_0.json	1447844400.0	324.25	388.89	7
snapshot_11_19_2015_0_0.json	1447909200.0	324.25	388.89	7
snapshot_11_19_2015_12_0.json	1447952400.0	324.25	425.21	13
snapshot_11_19_2015_6_0.json	1447930800.0	324.25	425.21	13
snapshot_11_20_2015_0_0.json	1447995600.0	324.25	388.89	13
snapshot_11_21_2015_12_0.json	1448125200.0	318.4	388.89	14
snapshot_11_22_2015_0_0.json	1448168400.0	318.4	388.89	14
snapshot_11_22_2015_18_0.json	1448233200.0	318.4	388.89	14
snapshot_11_22_2015_6_0.json	1448190000.0	318.4	388.89	14
snapshot_11_23_2015_0_0.json	1448254800.0	295	388.89	15
snapshot_11_23_2015_12_0.json	1448298000.0	295	388.89	15
snapshot_11_23_2015_18_0.json	1448319600.0	318.4	388.89	14
snapshot_11_23_2015_18_0.json	1448319600.0	318.4	388.89	14
snapshot_11_23_2015_6_0.json	1448276400.0	295	388.89	15
snapshot_11_23_2015_6_0.json	1448276400.0	295	388.89	15
snapshot_11_24_2015_0_0.json	1448341200.0	318.4	388.89	19
snapshot_11_24_2015_12_0.json	1448384400.0	295	388.89	19
snapshot_11_24_2015_12_0.json	1448384400.0	295	388.89	19
snapshot_11_24_2015_18_0.json	1448406000.0	295	388.89	19
snapshot_11_24_2015_6_0.json	1448362800.0	324.25	388.89	17
snapshot_11_24_2015_6_0.json	1448362800.0	324.25	388.89	17
snapshot_11_25_2015_0_0.json	1448427600.0	262.5	350	19
snapshot_11_25_2015_12_0.json	1448470800.0	265.75	345	16
snapshot_11_25_2015_18_0.json	1448492400.0	265.75	345	16
snapshot_11_25_2015_6_0.json	1448449200.0	265.75	345	16
snapshot_11_27_2015_18_0.json	1448665200.0	324.25	345	15
snapshot_11_28_2015_0_0.json	1448686800.0	239.25	345	16
snapshot_11_28_2015_0_0.json	1448686800.0	239.25	345	16
snapshot_11_28_2015_18_0.json	1448751600.0	221.7	345	16
snapshot_11_28_2015_6_0.json	1448708400.0	221.7	345	16
snapshot_11_28_2015_6_0.json	1448708400.0	221.7	345	16
snapshot_11_29_2015_0_0.json	1448773200.0	265.75	345	16
snapshot_11_29_2015_0_0.json	1448773200.0	265.75	345	16
snapshot_11_29_2015_12_0.json	1448816400.0	265.75	345	18
snapshot_11_29_2015_18_0.json	1448838000.0	258.73	345	18
snapshot_11_29_2015_6_0.json	1448794800.0	265.75	345	16
snapshot_11_30_2015_0_0.json	1448859600.0	258.15	345	21
snapshot_11_30_2015_12_0.json	1448902800.0	254.05	345	21
snapshot_11_30_2015_18_0.json	1448924400.0	254.05	345	21
snapshot_11_30_2015_6_0.json	1448881200.0	254.05	345	21
snapshot_12_1_2015_0_0.json	1448946000.0	254.05	345	21
snapshot_12_1_2015_18_0.json	1449010800.0	201.4	345	25
snapshot_12_1_2015_6_0.json	1448967600.0	254.05	345	21
snapshot_12_2_2015_0_0.json	1449032400.0	201.4	345	25
snapshot_12_2_2015_18_0.json	1449097200.0	258.15	345	19
snapshot_12_2_2015_6_0.json	1449054000.0	254.05	345	21
snapshot_12_3_2015_0_0.json	1449118800.0	258.13	345	20
snapshot_12_3_2015_12_0.json	1449162000.0	258.15	345	23
snapshot_12_3_2015_18_0.json	1449183600.0	258.13	345	23
snapshot_12_3_2015_18_0.json	1449183600.0	258.13	345	23
snapshot_12_4_2015_0_0.json	1449205200.0	258.13	345	23
snapshot_12_4_2015_12_0.json	1449248400.0	258.13	345	23
snapshot_12_4_2015_18_0.json	1449270000.0	258.13	345	23
snapshot_12_4_2015_6_0.json	1449226800.0	258.13	345	23
snapshot_12_5_2015_0_0.json	1449291600.0	236.5	345	23
snapshot_12_5_2015_18_0.json	1449356400.0	236.5	345	22
