9268661	2015-12-05T00:30:00Z	Jim Jefferies	Wilbur Theatre	Massachusetts Boston|674	02116
snapshot_11_16_2015_0_0.json	1447650000.0	141.71	166	10
snapshot_11_17_2015_0_0.json	1447736400.0	141.71	166	10
snapshot_11_17_2015_12_0.json	1447779600.0	141.71	166	10
snapshot_11_17_2015_18_0.json	1447801200.0	141.71	166	10
snapshot_11_17_2015_6_0.json	1447758000.0	141.71	166	10
snapshot_11_18_2015_0_0.json	1447822800.0	112.48	166	12
snapshot_11_18_2015_12_0.json	1447866000.0	112.48	166	16
snapshot_11_18_2015_18_0.json	1447887600.0	112.48	166	16
snapshot_11_18_2015_6_0.json	1447844400.0	112.48	166	12
snapshot_11_19_2015_0_0.json	1447909200.0	112.48	166	16
snapshot_11_19_2015_12_0.json	1447952400.0	112.48	166	16
snapshot_11_19_2015_12_0.json	1447952400.0	112.48	166	16
snapshot_11_19_2015_18_0.json	1447974000.0	112.48	166	16
snapshot_11_19_2015_6_0.json	1447930800.0	112.48	166	16
snapshot_11_19_2015_6_0.json	1447930800.0	112.48	166	16
snapshot_11_20_2015_0_0.json	1447995600.0	112.48	166	18
snapshot_11_20_2015_12_0.json	1448038800.0	93.76	166	34
snapshot_11_21_2015_12_0.json	1448125200.0	92.59	200	42
snapshot_11_21_2015_18_0.json	1448146800.0	75.04	200	42
snapshot_11_22_2015_0_0.json	1448168400.0	75.04	200	40
snapshot_11_22_2015_12_0.json	1448211600.0	65.68	200	40
snapshot_11_22_2015_18_0.json	1448233200.0	65.68	200	40
snapshot_11_22_2015_18_0.json	1448233200.0	65.68	200	40
snapshot_11_23_2015_0_0.json	1448254800.0	65.68	200	40
snapshot_11_23_2015_12_0.json	1448298000.0	65.68	200	40
snapshot_11_23_2015_18_0.json	1448319600.0	65.68	200	40
snapshot_11_23_2015_6_0.json	1448276400.0	65.68	200	40
snapshot_11_24_2015_12_0.json	1448384400.0	65.68	200	36
snapshot_11_24_2015_12_0.json	1448384400.0	65.68	200	36
snapshot_11_24_2015_18_0.json	1448406000.0	65.68	200	36
snapshot_11_24_2015_6_0.json	1448362800.0	65.68	200	36
snapshot_11_25_2015_0_0.json	1448427600.0	65.68	200	30
snapshot_11_25_2015_12_0.json	1448470800.0	94.93	200	28
snapshot_11_25_2015_12_0.json	1448470800.0	94.93	200	28
snapshot_11_25_2015_18_0.json	1448492400.0	94.93	200	28
snapshot_11_25_2015_6_0.json	1448449200.0	94.93	200	28
snapshot_11_27_2015_18_0.json	1448665200.0	94.93	200	28
snapshot_11_28_2015_0_0.json	1448686800.0	94.93	200	28
snapshot_11_28_2015_0_0.json	1448686800.0	94.93	200	28
snapshot_11_28_2015_12_0.json	1448730000.0	93.76	200	26
snapshot_11_28_2015_18_0.json	1448751600.0	93.76	200	26
snapshot_11_28_2015_18_0.json	1448751600.0	93.76	200	26
snapshot_11_28_2015_6_0.json	1448708400.0	93.76	200	26
snapshot_11_28_2015_6_0.json	1448708400.0	93.76	200	26
snapshot_11_29_2015_0_0.json	1448773200.0	93.76	200	26
snapshot_11_29_2015_12_0.json	1448816400.0	94.93	200	18
snapshot_11_29_2015_18_0.json	1448838000.0	94.81	200	18
snapshot_11_29_2015_6_0.json	1448794800.0	93.76	200	26
snapshot_11_30_2015_0_0.json	1448859600.0	78.55	200	23
snapshot_11_30_2015_0_0.json	1448859600.0	78.55	200	23
snapshot_11_30_2015_12_0.json	1448902800.0	78.55	200	21
snapshot_11_30_2015_18_0.json	1448924400.0	78.55	200	19
snapshot_12_1_2015_0_0.json	1448946000.0	78.55	200	23
snapshot_12_1_2015_12_0.json	1448989200.0	78.55	200	21
snapshot_12_1_2015_18_0.json	1449010800.0	104.7	130	18
snapshot_12_1_2015_6_0.json	1448967600.0	78.55	200	21
snapshot_12_2_2015_0_0.json	1449032400.0	49.3	130	17
snapshot_12_2_2015_12_0.json	1449075600.0	49.3	130	15
snapshot_12_2_2015_18_0.json	1449097200.0	49.3	125	23
snapshot_12_2_2015_6_0.json	1449054000.0	49.3	130	15
snapshot_12_3_2015_0_0.json	1449118800.0	49.3	120	17
snapshot_12_3_2015_12_0.json	1449162000.0	113.65	120	10
snapshot_12_3_2015_18_0.json	1449183600.0	113.65	120	10
snapshot_12_3_2015_6_0.json	1449140400.0	49.3	120	13
snapshot_12_4_2015_12_0.json	1449248400.0	96.1	120	8
snapshot_12_4_2015_6_0.json	1449226800.0	96.1	120	8
snapshot_12_5_2015_0_0.json	1449291600.0	0	0	0
snapshot_12_5_2015_0_0.json	1449291600.0	0	0	0
snapshot_12_5_2015_12_0.json	1449334800.0	0	0	0
snapshot_12_5_2015_12_0.json	1449334800.0	0	0	0
snapshot_12_5_2015_18_0.json	1449356400.0	0	0	0
snapshot_12_5_2015_6_0.json	1449313200.0	0	0	0
9268661	2015-12-05T00:30:00Z	Jim Jefferies	Wilbur Theatre	Massachusetts Boston|674	02116
snapshot_11_16_2015_0_0.json	1447650000.0	141.71	166	10
snapshot_11_17_2015_0_0.json	1447736400.0	141.71	166	10
snapshot_11_17_2015_12_0.json	1447779600.0	141.71	166	10
snapshot_11_17_2015_18_0.json	1447801200.0	141.71	166	10
snapshot_11_17_2015_6_0.json	1447758000.0	141.71	166	10
snapshot_11_18_2015_0_0.json	1447822800.0	112.48	166	12
snapshot_11_18_2015_12_0.json	1447866000.0	112.48	166	16
snapshot_11_18_2015_18_0.json	1447887600.0	112.48	166	16
snapshot_11_18_2015_6_0.json	1447844400.0	112.48	166	12
snapshot_11_19_2015_0_0.json	1447909200.0	112.48	166	16
snapshot_11_19_2015_12_0.json	1447952400.0	112.48	166	16
snapshot_11_19_2015_12_0.json	1447952400.0	112.48	166	16
snapshot_11_19_2015_18_0.json	1447974000.0	112.48	166	16
snapshot_11_19_2015_6_0.json	1447930800.0	112.48	166	16
snapshot_11_19_2015_6_0.json	1447930800.0	112.48	166	16
snapshot_11_20_2015_0_0.json	1447995600.0	112.48	166	18
snapshot_11_20_2015_12_0.json	1448038800.0	93.76	166	34
snapshot_11_21_2015_12_0.json	1448125200.0	92.59	200	42
snapshot_11_21_2015_18_0.json	1448146800.0	75.04	200	42
snapshot_11_22_2015_0_0.json	1448168400.0	75.04	200	40
snapshot_11_22_2015_12_0.json	1448211600.0	65.68	200	40
snapshot_11_22_2015_18_0.json	1448233200.0	65.68	200	40
snapshot_11_22_2015_18_0.json	1448233200.0	65.68	200	40
snapshot_11_23_2015_0_0.json	1448254800.0	65.68	200	40
snapshot_11_23_2015_12_0.json	1448298000.0	65.68	200	40
snapshot_11_23_2015_18_0.json	1448319600.0	65.68	200	40
snapshot_11_23_2015_6_0.json	1448276400.0	65.68	200	40
snapshot_11_24_2015_12_0.json	1448384400.0	65.68	200	36
snapshot_11_24_2015_12_0.json	1448384400.0	65.68	200	36
snapshot_11_24_2015_18_0.json	1448406000.0	65.68	200	36
snapshot_11_24_2015_6_0.json	1448362800.0	65.68	200	36
snapshot_11_25_2015_0_0.json	1448427600.0	65.68	200	30
snapshot_11_25_2015_12_0.json	1448470800.0	94.93	200	28
snapshot_11_25_2015_12_0.json	1448470800.0	94.93	200	28
snapshot_11_25_2015_18_0.json	1448492400.0	94.93	200	28
snapshot_11_25_2015_6_0.json	1448449200.0	94.93	200	28
snapshot_11_27_2015_18_0.json	1448665200.0	94.93	200	28
snapshot_11_28_2015_0_0.json	1448686800.0	94.93	200	28
snapshot_11_28_2015_0_0.json	1448686800.0	94.93	200	28
snapshot_11_28_2015_12_0.json	1448730000.0	93.76	200	26
snapshot_11_28_2015_18_0.json	1448751600.0	93.76	200	26
snapshot_11_28_2015_18_0.json	1448751600.0	93.76	200	26
snapshot_11_28_2015_6_0.json	1448708400.0	93.76	200	26
snapshot_11_28_2015_6_0.json	1448708400.0	93.76	200	26
snapshot_11_29_2015_0_0.json	1448773200.0	93.76	200	26
snapshot_11_29_2015_12_0.json	1448816400.0	94.93	200	18
snapshot_11_29_2015_18_0.json	1448838000.0	94.81	200	18
snapshot_11_29_2015_6_0.json	1448794800.0	93.76	200	26
snapshot_11_30_2015_0_0.json	1448859600.0	78.55	200	23
snapshot_11_30_2015_0_0.json	1448859600.0	78.55	200	23
snapshot_11_30_2015_12_0.json	1448902800.0	78.55	200	21
snapshot_11_30_2015_18_0.json	1448924400.0	78.55	200	19
snapshot_12_1_2015_0_0.json	1448946000.0	78.55	200	23
snapshot_12_1_2015_12_0.json	1448989200.0	78.55	200	21
snapshot_12_1_2015_18_0.json	1449010800.0	104.7	130	18
snapshot_12_1_2015_6_0.json	1448967600.0	78.55	200	21
snapshot_12_2_2015_0_0.json	1449032400.0	49.3	130	17
snapshot_12_2_2015_12_0.json	1449075600.0	49.3	130	15
snapshot_12_2_2015_18_0.json	1449097200.0	49.3	125	23
snapshot_12_2_2015_6_0.json	1449054000.0	49.3	130	15
snapshot_12_3_2015_0_0.json	1449118800.0	49.3	120	17
snapshot_12_3_2015_12_0.json	1449162000.0	113.65	120	10
snapshot_12_3_2015_18_0.json	1449183600.0	113.65	120	10
snapshot_12_3_2015_6_0.json	1449140400.0	49.3	120	13
snapshot_12_4_2015_12_0.json	1449248400.0	96.1	120	8
snapshot_12_4_2015_6_0.json	1449226800.0	96.1	120	8
snapshot_12_5_2015_0_0.json	1449291600.0	0	0	0
snapshot_12_5_2015_0_0.json	1449291600.0	0	0	0
snapshot_12_5_2015_12_0.json	1449334800.0	0	0	0
snapshot_12_5_2015_12_0.json	1449334800.0	0	0	0
snapshot_12_5_2015_18_0.json	1449356400.0	0	0	0
snapshot_12_5_2015_6_0.json	1449313200.0	0	0	0
