9268212	2015-11-21T19:05:00Z	Montana State Bobcats	Bobcat Stadium (MSU)	Montana Missoula|5924	59718
snapshot_11_16_2015_0_0.json	1447650000.0	180.75	500	31
snapshot_11_17_2015_0_0.json	1447736400.0	180.75	500	31
snapshot_11_17_2015_12_0.json	1447779600.0	194.79	500	27
snapshot_11_17_2015_18_0.json	1447801200.0	194.79	500	31
snapshot_11_17_2015_6_0.json	1447758000.0	194.79	500	27
snapshot_11_18_2015_0_0.json	1447822800.0	275.01	500	30
snapshot_11_18_2015_12_0.json	1447866000.0	180.75	500	32
snapshot_11_18_2015_18_0.json	1447887600.0	260.01	500	28
snapshot_11_18_2015_6_0.json	1447844400.0	275.01	500	30
snapshot_11_18_2015_6_0.json	1447844400.0	180.75	500	32
snapshot_11_19_2015_0_0.json	1447909200.0	265	422.86	12
snapshot_11_19_2015_12_0.json	1447952400.0	180	422.86	12
snapshot_11_19_2015_6_0.json	1447930800.0	180	422.86	12
snapshot_11_20_2015_0_0.json	1447995600.0	0	0	0
snapshot_11_20_2015_12_0.json	1448038800.0	0	0	0
snapshot_11_21_2015_12_0.json	1448125200.0	0	0	0
snapshot_11_21_2015_18_0.json	1448146800.0	0	0	0
snapshot_11_22_2015_0_0.json	1448168400.0	0	0	0
snapshot_11_22_2015_18_0.json	1448233200.0	0	0	0
snapshot_11_22_2015_6_0.json	1448190000.0	0	0	0
snapshot_11_23_2015_6_0.json	1448276400.0	0	0	0
snapshot_11_23_2015_6_0.json	1448276400.0	0	0	0
9268212	2015-11-21T19:05:00Z	Montana State Bobcats	Bobcat Stadium (MSU)	Montana Missoula|5924	59718
snapshot_11_16_2015_0_0.json	1447650000.0	180.75	500	31
snapshot_11_17_2015_0_0.json	1447736400.0	180.75	500	31
snapshot_11_17_2015_12_0.json	1447779600.0	194.79	500	27
snapshot_11_17_2015_18_0.json	1447801200.0	194.79	500	31
snapshot_11_17_2015_6_0.json	1447758000.0	194.79	500	27
snapshot_11_18_2015_0_0.json	1447822800.0	275.01	500	30
snapshot_11_18_2015_12_0.json	1447866000.0	180.75	500	32
snapshot_11_18_2015_18_0.json	1447887600.0	260.01	500	28
snapshot_11_18_2015_6_0.json	1447844400.0	275.01	500	30
snapshot_11_18_2015_6_0.json	1447844400.0	180.75	500	32
snapshot_11_19_2015_0_0.json	1447909200.0	265	422.86	12
snapshot_11_19_2015_12_0.json	1447952400.0	180	422.86	12
snapshot_11_19_2015_6_0.json	1447930800.0	180	422.86	12
snapshot_11_20_2015_0_0.json	1447995600.0	0	0	0
snapshot_11_20_2015_12_0.json	1448038800.0	0	0	0
snapshot_11_21_2015_12_0.json	1448125200.0	0	0	0
snapshot_11_21_2015_18_0.json	1448146800.0	0	0	0
snapshot_11_22_2015_0_0.json	1448168400.0	0	0	0
snapshot_11_22_2015_18_0.json	1448233200.0	0	0	0
snapshot_11_22_2015_6_0.json	1448190000.0	0	0	0
snapshot_11_23_2015_6_0.json	1448276400.0	0	0	0
snapshot_11_23_2015_6_0.json	1448276400.0	0	0	0
