9272809	2015-11-22T04:00:00Z	Carrot Top	Atrium Showroom at Luxor	Nevada Las Vegas|689	89109
snapshot_11_16_2015_0_0.json	1447650000.0	97.68	192.78	10
snapshot_11_17_2015_0_0.json	1447736400.0	97.68	192.78	10
snapshot_11_17_2015_12_0.json	1447779600.0	97.68	192.78	10
snapshot_11_17_2015_12_0.json	1447779600.0	97.68	192.78	10
snapshot_11_17_2015_18_0.json	1447801200.0	97.68	192.78	10
snapshot_11_17_2015_6_0.json	1447758000.0	97.68	192.78	10
snapshot_11_18_2015_12_0.json	1447866000.0	97.68	192.78	10
snapshot_11_18_2015_12_0.json	1447866000.0	97.68	192.78	10
snapshot_11_18_2015_18_0.json	1447887600.0	97.68	192.78	10
snapshot_11_18_2015_6_0.json	1447844400.0	97.68	192.78	10
snapshot_11_19_2015_0_0.json	1447909200.0	97.68	192.78	10
snapshot_11_19_2015_0_0.json	1447909200.0	97.68	192.78	10
snapshot_11_19_2015_6_0.json	1447930800.0	97.68	192.78	10
snapshot_11_19_2015_6_0.json	1447930800.0	97.68	192.78	10
snapshot_11_20_2015_12_0.json	1448038800.0	97.68	79	8
snapshot_11_20_2015_12_0.json	1448038800.0	97.68	79	8
snapshot_11_21_2015_12_0.json	1448125200.0	97.68	79	8
snapshot_11_21_2015_18_0.json	1448146800.0	97.68	79	8
snapshot_11_22_2015_18_0.json	1448233200.0	0	0	0
snapshot_11_23_2015_12_0.json	1448298000.0	0	0	0
snapshot_11_23_2015_6_0.json	1448276400.0	0	0	0
snapshot_11_23_2015_6_0.json	1448276400.0	0	0	0
9272809	2015-11-22T04:00:00Z	Carrot Top	Atrium Showroom at Luxor	Nevada Las Vegas|689	89109
snapshot_11_16_2015_0_0.json	1447650000.0	97.68	192.78	10
snapshot_11_17_2015_0_0.json	1447736400.0	97.68	192.78	10
snapshot_11_17_2015_12_0.json	1447779600.0	97.68	192.78	10
snapshot_11_17_2015_12_0.json	1447779600.0	97.68	192.78	10
snapshot_11_17_2015_18_0.json	1447801200.0	97.68	192.78	10
snapshot_11_17_2015_6_0.json	1447758000.0	97.68	192.78	10
snapshot_11_18_2015_12_0.json	1447866000.0	97.68	192.78	10
snapshot_11_18_2015_12_0.json	1447866000.0	97.68	192.78	10
snapshot_11_18_2015_18_0.json	1447887600.0	97.68	192.78	10
snapshot_11_18_2015_6_0.json	1447844400.0	97.68	192.78	10
snapshot_11_19_2015_0_0.json	1447909200.0	97.68	192.78	10
snapshot_11_19_2015_0_0.json	1447909200.0	97.68	192.78	10
snapshot_11_19_2015_6_0.json	1447930800.0	97.68	192.78	10
snapshot_11_19_2015_6_0.json	1447930800.0	97.68	192.78	10
snapshot_11_20_2015_12_0.json	1448038800.0	97.68	79	8
snapshot_11_20_2015_12_0.json	1448038800.0	97.68	79	8
snapshot_11_21_2015_12_0.json	1448125200.0	97.68	79	8
snapshot_11_21_2015_18_0.json	1448146800.0	97.68	79	8
snapshot_11_22_2015_18_0.json	1448233200.0	0	0	0
snapshot_11_23_2015_12_0.json	1448298000.0	0	0	0
snapshot_11_23_2015_6_0.json	1448276400.0	0	0	0
snapshot_11_23_2015_6_0.json	1448276400.0	0	0	0
