9272516	2015-11-28T18:01:00Z	PARKING PASSES ONLY Louisville at Kentucky	Commonwealth Stadium Parking Lots	Kentucky Louisville|4421	40502
snapshot_11_16_2015_0_0.json	1447650000.0	122.25	556.08	59
snapshot_11_16_2015_0_0.json	1447650000.0	122.25	556.08	59
snapshot_11_17_2015_0_0.json	1447736400.0	122.25	556.08	60
snapshot_11_17_2015_18_0.json	1447801200.0	116.4	556.08	61
snapshot_11_17_2015_6_0.json	1447758000.0	122.25	556.08	61
snapshot_11_18_2015_0_0.json	1447822800.0	104.7	556.08	65
snapshot_11_18_2015_12_0.json	1447866000.0	98.85	556.08	65
snapshot_11_18_2015_18_0.json	1447887600.0	110.55	556.08	62
snapshot_11_19_2015_0_0.json	1447909200.0	116.4	556.08	58
snapshot_11_19_2015_12_0.json	1447952400.0	116.4	556.08	57
snapshot_11_19_2015_12_0.json	1447952400.0	116.4	556.08	57
snapshot_11_19_2015_6_0.json	1447930800.0	116.4	556.08	57
snapshot_11_20_2015_0_0.json	1447995600.0	110.55	556.08	57
snapshot_11_20_2015_12_0.json	1448038800.0	110.55	556.08	57
snapshot_11_21_2015_12_0.json	1448125200.0	104.7	556.08	56
snapshot_11_21_2015_18_0.json	1448146800.0	103.53	556.08	56
snapshot_11_22_2015_12_0.json	1448211600.0	103.53	556.08	56
snapshot_11_22_2015_18_0.json	1448233200.0	87.15	556.08	57
snapshot_11_22_2015_6_0.json	1448190000.0	103.53	556.08	56
snapshot_11_22_2015_6_0.json	1448190000.0	103.53	556.08	56
snapshot_11_23_2015_0_0.json	1448254800.0	87.15	556.08	57
snapshot_11_23_2015_12_0.json	1448298000.0	81.3	556.08	60
snapshot_11_23_2015_12_0.json	1448298000.0	81.3	556.08	60
snapshot_11_23_2015_18_0.json	1448319600.0	63.75	450	67
snapshot_11_23_2015_6_0.json	1448276400.0	81.3	556.08	60
snapshot_11_24_2015_0_0.json	1448341200.0	75.45	334	17
snapshot_11_24_2015_18_0.json	1448406000.0	82.9	334	23
snapshot_11_24_2015_6_0.json	1448362800.0	75.45	334	16
snapshot_11_25_2015_0_0.json	1448427600.0	136.29	334	15
snapshot_11_25_2015_0_0.json	1448427600.0	136.29	334	15
snapshot_11_25_2015_12_0.json	1448470800.0	136.29	334	14
snapshot_11_25_2015_18_0.json	1448492400.0	136.29	334	14
snapshot_11_25_2015_6_0.json	1448449200.0	136.29	334	14
snapshot_11_26_2015_0_0.json	1448514000.0	0	0	0
snapshot_11_27_2015_18_0.json	1448665200.0	0	0	0
snapshot_11_28_2015_12_0.json	1448730000.0	0	0	0
snapshot_11_28_2015_12_0.json	1448730000.0	0	0	0
snapshot_11_28_2015_18_0.json	1448751600.0	0	0	0
snapshot_11_28_2015_6_0.json	1448708400.0	0	0	0
snapshot_11_28_2015_6_0.json	1448708400.0	0	0	0
snapshot_11_29_2015_0_0.json	1448773200.0	0	0	0
snapshot_11_29_2015_12_0.json	1448816400.0	0	0	0
snapshot_11_29_2015_18_0.json	1448838000.0	0	0	0
snapshot_11_29_2015_6_0.json	1448794800.0	0	0	0
snapshot_11_29_2015_6_0.json	1448794800.0	0	0	0
snapshot_11_30_2015_0_0.json	1448859600.0	0	0	0
snapshot_11_30_2015_12_0.json	1448902800.0	0	0	0
9272516	2015-11-28T18:01:00Z	PARKING PASSES ONLY Louisville at Kentucky	Commonwealth Stadium Parking Lots	Kentucky Louisville|4421	40502
snapshot_11_16_2015_0_0.json	1447650000.0	122.25	556.08	59
snapshot_11_16_2015_0_0.json	1447650000.0	122.25	556.08	59
snapshot_11_17_2015_0_0.json	1447736400.0	122.25	556.08	60
snapshot_11_17_2015_18_0.json	1447801200.0	116.4	556.08	61
snapshot_11_17_2015_6_0.json	1447758000.0	122.25	556.08	61
snapshot_11_18_2015_0_0.json	1447822800.0	104.7	556.08	65
snapshot_11_18_2015_12_0.json	1447866000.0	98.85	556.08	65
snapshot_11_18_2015_18_0.json	1447887600.0	110.55	556.08	62
snapshot_11_19_2015_0_0.json	1447909200.0	116.4	556.08	58
snapshot_11_19_2015_12_0.json	1447952400.0	116.4	556.08	57
snapshot_11_19_2015_12_0.json	1447952400.0	116.4	556.08	57
snapshot_11_19_2015_6_0.json	1447930800.0	116.4	556.08	57
snapshot_11_20_2015_0_0.json	1447995600.0	110.55	556.08	57
snapshot_11_20_2015_12_0.json	1448038800.0	110.55	556.08	57
snapshot_11_21_2015_12_0.json	1448125200.0	104.7	556.08	56
snapshot_11_21_2015_18_0.json	1448146800.0	103.53	556.08	56
snapshot_11_22_2015_12_0.json	1448211600.0	103.53	556.08	56
snapshot_11_22_2015_18_0.json	1448233200.0	87.15	556.08	57
snapshot_11_22_2015_6_0.json	1448190000.0	103.53	556.08	56
snapshot_11_22_2015_6_0.json	1448190000.0	103.53	556.08	56
snapshot_11_23_2015_0_0.json	1448254800.0	87.15	556.08	57
snapshot_11_23_2015_12_0.json	1448298000.0	81.3	556.08	60
snapshot_11_23_2015_12_0.json	1448298000.0	81.3	556.08	60
snapshot_11_23_2015_18_0.json	1448319600.0	63.75	450	67
snapshot_11_23_2015_6_0.json	1448276400.0	81.3	556.08	60
snapshot_11_24_2015_0_0.json	1448341200.0	75.45	334	17
snapshot_11_24_2015_18_0.json	1448406000.0	82.9	334	23
snapshot_11_24_2015_6_0.json	1448362800.0	75.45	334	16
snapshot_11_25_2015_0_0.json	1448427600.0	136.29	334	15
snapshot_11_25_2015_0_0.json	1448427600.0	136.29	334	15
snapshot_11_25_2015_12_0.json	1448470800.0	136.29	334	14
snapshot_11_25_2015_18_0.json	1448492400.0	136.29	334	14
snapshot_11_25_2015_6_0.json	1448449200.0	136.29	334	14
snapshot_11_26_2015_0_0.json	1448514000.0	0	0	0
snapshot_11_27_2015_18_0.json	1448665200.0	0	0	0
snapshot_11_28_2015_12_0.json	1448730000.0	0	0	0
snapshot_11_28_2015_12_0.json	1448730000.0	0	0	0
snapshot_11_28_2015_18_0.json	1448751600.0	0	0	0
snapshot_11_28_2015_6_0.json	1448708400.0	0	0	0
snapshot_11_28_2015_6_0.json	1448708400.0	0	0	0
snapshot_11_29_2015_0_0.json	1448773200.0	0	0	0
snapshot_11_29_2015_12_0.json	1448816400.0	0	0	0
snapshot_11_29_2015_18_0.json	1448838000.0	0	0	0
snapshot_11_29_2015_6_0.json	1448794800.0	0	0	0
snapshot_11_29_2015_6_0.json	1448794800.0	0	0	0
snapshot_11_30_2015_0_0.json	1448859600.0	0	0	0
snapshot_11_30_2015_12_0.json	1448902800.0	0	0	0
