9272665	2015-12-10T00:30:00Z	Andrea Bocelli	Madison Square Garden	New York New York Metro|664	10001
snapshot_11_16_2015_0_0.json	1447650000.0	203.74	11000	647
snapshot_11_17_2015_0_0.json	1447736400.0	203.74	11000	642
snapshot_11_17_2015_18_0.json	1447801200.0	203.74	11000	628
snapshot_11_17_2015_18_0.json	1447801200.0	203.74	11000	628
snapshot_11_17_2015_18_0.json	1447801200.0	203.74	11000	628
snapshot_11_17_2015_6_0.json	1447758000.0	203.74	11000	627
snapshot_11_18_2015_0_0.json	1447822800.0	203.74	11000	638
snapshot_11_18_2015_12_0.json	1447866000.0	203.74	11000	634
snapshot_11_18_2015_12_0.json	1447866000.0	203.74	11000	634
snapshot_11_18_2015_18_0.json	1447887600.0	201.4	11000	631
snapshot_11_18_2015_6_0.json	1447844400.0	203.74	11000	634
snapshot_11_19_2015_0_0.json	1447909200.0	201.4	5500	647
snapshot_11_19_2015_12_0.json	1447952400.0	203.74	5500	641
snapshot_11_19_2015_6_0.json	1447930800.0	203.74	5500	641
snapshot_11_20_2015_0_0.json	1447995600.0	203.74	5500	628
snapshot_11_21_2015_12_0.json	1448125200.0	203.74	5500	613
snapshot_11_22_2015_0_0.json	1448168400.0	201.39	5500	608
snapshot_11_22_2015_12_0.json	1448211600.0	203.74	5500	602
snapshot_11_22_2015_18_0.json	1448233200.0	203.74	5500	605
snapshot_11_22_2015_18_0.json	1448233200.0	203.74	5500	605
snapshot_11_23_2015_0_0.json	1448254800.0	207.25	5500	590
snapshot_11_23_2015_12_0.json	1448298000.0	221.29	5500	594
snapshot_11_23_2015_18_0.json	1448319600.0	221.29	5500	590
snapshot_11_23_2015_6_0.json	1448276400.0	221.29	5500	594
snapshot_11_24_2015_0_0.json	1448341200.0	221.29	5500	579
snapshot_11_24_2015_12_0.json	1448384400.0	221.29	5500	571
snapshot_11_24_2015_12_0.json	1448384400.0	221.29	5500	571
snapshot_11_24_2015_18_0.json	1448406000.0	221.29	5500	569
snapshot_11_24_2015_6_0.json	1448362800.0	221.29	5500	573
snapshot_11_25_2015_0_0.json	1448427600.0	221.29	5500	563
snapshot_11_25_2015_12_0.json	1448470800.0	221.29	5500	561
snapshot_11_25_2015_18_0.json	1448492400.0	221.29	5500	549
snapshot_11_25_2015_6_0.json	1448449200.0	221.29	5500	561
snapshot_11_26_2015_0_0.json	1448514000.0	221.29	5500	560
snapshot_11_27_2015_18_0.json	1448665200.0	217.61	5500	567
snapshot_11_28_2015_0_0.json	1448686800.0	217.61	5500	554
snapshot_11_28_2015_12_0.json	1448730000.0	213.1	5500	533
snapshot_11_28_2015_18_0.json	1448751600.0	213.1	4500	527
snapshot_11_28_2015_6_0.json	1448708400.0	213.1	5500	531
snapshot_11_29_2015_0_0.json	1448773200.0	213.1	4500	520
snapshot_11_29_2015_12_0.json	1448816400.0	213.1	4500	513
snapshot_11_29_2015_18_0.json	1448838000.0	184.26	4500	511
snapshot_11_29_2015_6_0.json	1448794800.0	213.1	4500	518
snapshot_11_30_2015_0_0.json	1448859600.0	184.26	4500	502
snapshot_11_30_2015_12_0.json	1448902800.0	184.26	4500	535
snapshot_11_30_2015_18_0.json	1448924400.0	184.26	4500	529
snapshot_12_1_2015_0_0.json	1448946000.0	169.81	4500	546
snapshot_12_1_2015_12_0.json	1448989200.0	167.47	4500	535
snapshot_12_1_2015_18_0.json	1449010800.0	169.81	4500	556
snapshot_12_1_2015_6_0.json	1448967600.0	167.47	4500	539
snapshot_12_2_2015_0_0.json	1449032400.0	163.38	4500	550
snapshot_12_2_2015_12_0.json	1449075600.0	163.38	4500	568
snapshot_12_2_2015_18_0.json	1449097200.0	156.94	4500	552
snapshot_12_2_2015_6_0.json	1449054000.0	163.38	4500	569
snapshot_12_3_2015_0_0.json	1449118800.0	156.94	4500	520
snapshot_12_3_2015_12_0.json	1449162000.0	180.75	4500	484
snapshot_12_3_2015_18_0.json	1449183600.0	169.05	4500	456
snapshot_12_3_2015_18_0.json	1449183600.0	169.05	4500	456
snapshot_12_4_2015_0_0.json	1449205200.0	154.6	4500	433
snapshot_12_4_2015_12_0.json	1449248400.0	169.05	4500	428
snapshot_12_4_2015_18_0.json	1449270000.0	145.65	4500	421
snapshot_12_4_2015_6_0.json	1449226800.0	169.05	4500	430
snapshot_12_5_2015_0_0.json	1449291600.0	178	3500	349
snapshot_12_5_2015_12_0.json	1449334800.0	195.54	3500	346
snapshot_12_5_2015_18_0.json	1449356400.0	195.54	2999	344
snapshot_12_5_2015_6_0.json	1449313200.0	195.54	3500	348
9272665	2015-12-10T00:30:00Z	Andrea Bocelli	Madison Square Garden	New York New York Metro|664	10001
snapshot_11_16_2015_0_0.json	1447650000.0	203.74	11000	647
snapshot_11_17_2015_0_0.json	1447736400.0	203.74	11000	642
snapshot_11_17_2015_18_0.json	1447801200.0	203.74	11000	628
snapshot_11_17_2015_18_0.json	1447801200.0	203.74	11000	628
snapshot_11_17_2015_18_0.json	1447801200.0	203.74	11000	628
snapshot_11_17_2015_6_0.json	1447758000.0	203.74	11000	627
snapshot_11_18_2015_0_0.json	1447822800.0	203.74	11000	638
snapshot_11_18_2015_12_0.json	1447866000.0	203.74	11000	634
snapshot_11_18_2015_12_0.json	1447866000.0	203.74	11000	634
snapshot_11_18_2015_18_0.json	1447887600.0	201.4	11000	631
snapshot_11_18_2015_6_0.json	1447844400.0	203.74	11000	634
snapshot_11_19_2015_0_0.json	1447909200.0	201.4	5500	647
snapshot_11_19_2015_12_0.json	1447952400.0	203.74	5500	641
snapshot_11_19_2015_6_0.json	1447930800.0	203.74	5500	641
snapshot_11_20_2015_0_0.json	1447995600.0	203.74	5500	628
snapshot_11_21_2015_12_0.json	1448125200.0	203.74	5500	613
snapshot_11_22_2015_0_0.json	1448168400.0	201.39	5500	608
snapshot_11_22_2015_12_0.json	1448211600.0	203.74	5500	602
snapshot_11_22_2015_18_0.json	1448233200.0	203.74	5500	605
snapshot_11_22_2015_18_0.json	1448233200.0	203.74	5500	605
snapshot_11_23_2015_0_0.json	1448254800.0	207.25	5500	590
snapshot_11_23_2015_12_0.json	1448298000.0	221.29	5500	594
snapshot_11_23_2015_18_0.json	1448319600.0	221.29	5500	590
snapshot_11_23_2015_6_0.json	1448276400.0	221.29	5500	594
snapshot_11_24_2015_0_0.json	1448341200.0	221.29	5500	579
snapshot_11_24_2015_12_0.json	1448384400.0	221.29	5500	571
snapshot_11_24_2015_12_0.json	1448384400.0	221.29	5500	571
snapshot_11_24_2015_18_0.json	1448406000.0	221.29	5500	569
snapshot_11_24_2015_6_0.json	1448362800.0	221.29	5500	573
snapshot_11_25_2015_0_0.json	1448427600.0	221.29	5500	563
snapshot_11_25_2015_12_0.json	1448470800.0	221.29	5500	561
snapshot_11_25_2015_18_0.json	1448492400.0	221.29	5500	549
snapshot_11_25_2015_6_0.json	1448449200.0	221.29	5500	561
snapshot_11_26_2015_0_0.json	1448514000.0	221.29	5500	560
snapshot_11_27_2015_18_0.json	1448665200.0	217.61	5500	567
snapshot_11_28_2015_0_0.json	1448686800.0	217.61	5500	554
snapshot_11_28_2015_12_0.json	1448730000.0	213.1	5500	533
snapshot_11_28_2015_18_0.json	1448751600.0	213.1	4500	527
snapshot_11_28_2015_6_0.json	1448708400.0	213.1	5500	531
snapshot_11_29_2015_0_0.json	1448773200.0	213.1	4500	520
snapshot_11_29_2015_12_0.json	1448816400.0	213.1	4500	513
snapshot_11_29_2015_18_0.json	1448838000.0	184.26	4500	511
snapshot_11_29_2015_6_0.json	1448794800.0	213.1	4500	518
snapshot_11_30_2015_0_0.json	1448859600.0	184.26	4500	502
snapshot_11_30_2015_12_0.json	1448902800.0	184.26	4500	535
snapshot_11_30_2015_18_0.json	1448924400.0	184.26	4500	529
snapshot_12_1_2015_0_0.json	1448946000.0	169.81	4500	546
snapshot_12_1_2015_12_0.json	1448989200.0	167.47	4500	535
snapshot_12_1_2015_18_0.json	1449010800.0	169.81	4500	556
snapshot_12_1_2015_6_0.json	1448967600.0	167.47	4500	539
snapshot_12_2_2015_0_0.json	1449032400.0	163.38	4500	550
snapshot_12_2_2015_12_0.json	1449075600.0	163.38	4500	568
snapshot_12_2_2015_18_0.json	1449097200.0	156.94	4500	552
snapshot_12_2_2015_6_0.json	1449054000.0	163.38	4500	569
snapshot_12_3_2015_0_0.json	1449118800.0	156.94	4500	520
snapshot_12_3_2015_12_0.json	1449162000.0	180.75	4500	484
snapshot_12_3_2015_18_0.json	1449183600.0	169.05	4500	456
snapshot_12_3_2015_18_0.json	1449183600.0	169.05	4500	456
snapshot_12_4_2015_0_0.json	1449205200.0	154.6	4500	433
snapshot_12_4_2015_12_0.json	1449248400.0	169.05	4500	428
snapshot_12_4_2015_18_0.json	1449270000.0	145.65	4500	421
snapshot_12_4_2015_6_0.json	1449226800.0	169.05	4500	430
snapshot_12_5_2015_0_0.json	1449291600.0	178	3500	349
snapshot_12_5_2015_12_0.json	1449334800.0	195.54	3500	346
snapshot_12_5_2015_18_0.json	1449356400.0	195.54	2999	344
snapshot_12_5_2015_6_0.json	1449313200.0	195.54	3500	348
