9273328	2016-01-24T18:00:00Z	The Book of Mormon Atlanta	Fox Theatre Atlanta	Georgia Atlanta|670	30308
snapshot_11_16_2015_0_0.json	1447650000.0	101.95	271.28	502
snapshot_11_16_2015_0_0.json	1447650000.0	101.95	271.28	502
snapshot_11_17_2015_0_0.json	1447736400.0	101.95	271.28	502
snapshot_11_17_2015_12_0.json	1447779600.0	101.95	271.28	502
snapshot_11_17_2015_6_0.json	1447758000.0	101.95	271.28	502
snapshot_11_18_2015_0_0.json	1447822800.0	101.95	271.28	504
snapshot_11_18_2015_12_0.json	1447866000.0	101.95	271.28	504
snapshot_11_19_2015_0_0.json	1447909200.0	101.95	271.28	502
snapshot_11_19_2015_12_0.json	1447952400.0	101.95	271.28	502
snapshot_11_19_2015_6_0.json	1447930800.0	101.95	271.28	502
snapshot_11_20_2015_0_0.json	1447995600.0	101.95	271.28	509
snapshot_11_22_2015_0_0.json	1448168400.0	101.95	271.28	502
snapshot_11_22_2015_12_0.json	1448211600.0	101.95	271.28	502
snapshot_11_22_2015_18_0.json	1448233200.0	101.95	271.28	502
snapshot_11_22_2015_18_0.json	1448233200.0	101.95	271.28	502
snapshot_11_22_2015_6_0.json	1448190000.0	101.95	271.28	502
snapshot_11_23_2015_0_0.json	1448254800.0	101.95	271.28	502
snapshot_11_23_2015_12_0.json	1448298000.0	101.95	271.28	500
snapshot_11_23_2015_12_0.json	1448298000.0	101.95	271.28	500
snapshot_11_23_2015_18_0.json	1448319600.0	101.95	271.28	500
snapshot_11_23_2015_18_0.json	1448319600.0	101.95	271.28	500
snapshot_11_24_2015_0_0.json	1448341200.0	101.95	271.28	500
snapshot_11_24_2015_0_0.json	1448341200.0	101.95	271.28	500
snapshot_11_24_2015_18_0.json	1448406000.0	101.95	271.28	500
snapshot_11_24_2015_6_0.json	1448362800.0	101.95	271.28	500
snapshot_11_25_2015_0_0.json	1448427600.0	101.95	265	522
snapshot_11_25_2015_0_0.json	1448427600.0	101.95	265	522
snapshot_11_25_2015_12_0.json	1448470800.0	101.95	265	522
snapshot_11_25_2015_18_0.json	1448492400.0	101.95	260	522
snapshot_11_25_2015_18_0.json	1448492400.0	101.95	260	522
snapshot_11_25_2015_6_0.json	1448449200.0	101.95	265	522
snapshot_11_26_2015_0_0.json	1448514000.0	99.86	260	522
snapshot_11_26_2015_0_0.json	1448514000.0	99.86	260	522
snapshot_11_27_2015_18_0.json	1448665200.0	101.95	260	548
snapshot_11_28_2015_0_0.json	1448686800.0	101.95	260	546
snapshot_11_28_2015_12_0.json	1448730000.0	101.95	260	546
snapshot_11_28_2015_18_0.json	1448751600.0	101.95	260	546
snapshot_11_29_2015_0_0.json	1448773200.0	101.95	260	546
snapshot_11_29_2015_12_0.json	1448816400.0	101.95	260	546
snapshot_11_29_2015_18_0.json	1448838000.0	101.95	260	546
snapshot_11_29_2015_6_0.json	1448794800.0	101.95	260	546
snapshot_11_29_2015_6_0.json	1448794800.0	101.95	260	546
snapshot_11_30_2015_18_0.json	1448924400.0	101.95	260	542
snapshot_12_1_2015_0_0.json	1448946000.0	101.95	260	542
snapshot_12_1_2015_0_0.json	1448946000.0	101.95	260	542
snapshot_12_1_2015_12_0.json	1448989200.0	101.95	260	542
snapshot_12_1_2015_18_0.json	1449010800.0	101.95	260	542
snapshot_12_1_2015_6_0.json	1448967600.0	101.95	260	542
snapshot_12_2_2015_0_0.json	1449032400.0	101.95	265	520
snapshot_12_2_2015_18_0.json	1449097200.0	105.59	265	519
snapshot_12_3_2015_0_0.json	1449118800.0	105.59	265	517
snapshot_12_3_2015_12_0.json	1449162000.0	105.59	265	517
snapshot_12_3_2015_18_0.json	1449183600.0	105.59	265	517
snapshot_12_3_2015_18_0.json	1449183600.0	105.59	265	517
snapshot_12_4_2015_0_0.json	1449205200.0	105.59	345	525
snapshot_12_4_2015_18_0.json	1449270000.0	105.59	345	525
snapshot_12_4_2015_6_0.json	1449226800.0	105.59	345	525
snapshot_12_5_2015_0_0.json	1449291600.0	105.59	345	525
snapshot_12_5_2015_18_0.json	1449356400.0	105.59	345	519
snapshot_12_5_2015_6_0.json	1449313200.0	105.59	345	523
9273328	2016-01-24T18:00:00Z	The Book of Mormon Atlanta	Fox Theatre Atlanta	Georgia Atlanta|670	30308
snapshot_11_16_2015_0_0.json	1447650000.0	101.95	271.28	502
snapshot_11_16_2015_0_0.json	1447650000.0	101.95	271.28	502
snapshot_11_17_2015_0_0.json	1447736400.0	101.95	271.28	502
snapshot_11_17_2015_12_0.json	1447779600.0	101.95	271.28	502
snapshot_11_17_2015_6_0.json	1447758000.0	101.95	271.28	502
snapshot_11_18_2015_0_0.json	1447822800.0	101.95	271.28	504
snapshot_11_18_2015_12_0.json	1447866000.0	101.95	271.28	504
snapshot_11_19_2015_0_0.json	1447909200.0	101.95	271.28	502
snapshot_11_19_2015_12_0.json	1447952400.0	101.95	271.28	502
snapshot_11_19_2015_6_0.json	1447930800.0	101.95	271.28	502
snapshot_11_20_2015_0_0.json	1447995600.0	101.95	271.28	509
snapshot_11_22_2015_0_0.json	1448168400.0	101.95	271.28	502
snapshot_11_22_2015_12_0.json	1448211600.0	101.95	271.28	502
snapshot_11_22_2015_18_0.json	1448233200.0	101.95	271.28	502
snapshot_11_22_2015_18_0.json	1448233200.0	101.95	271.28	502
snapshot_11_22_2015_6_0.json	1448190000.0	101.95	271.28	502
snapshot_11_23_2015_0_0.json	1448254800.0	101.95	271.28	502
snapshot_11_23_2015_12_0.json	1448298000.0	101.95	271.28	500
snapshot_11_23_2015_12_0.json	1448298000.0	101.95	271.28	500
snapshot_11_23_2015_18_0.json	1448319600.0	101.95	271.28	500
snapshot_11_23_2015_18_0.json	1448319600.0	101.95	271.28	500
snapshot_11_24_2015_0_0.json	1448341200.0	101.95	271.28	500
snapshot_11_24_2015_0_0.json	1448341200.0	101.95	271.28	500
snapshot_11_24_2015_18_0.json	1448406000.0	101.95	271.28	500
snapshot_11_24_2015_6_0.json	1448362800.0	101.95	271.28	500
snapshot_11_25_2015_0_0.json	1448427600.0	101.95	265	522
snapshot_11_25_2015_0_0.json	1448427600.0	101.95	265	522
snapshot_11_25_2015_12_0.json	1448470800.0	101.95	265	522
snapshot_11_25_2015_18_0.json	1448492400.0	101.95	260	522
snapshot_11_25_2015_18_0.json	1448492400.0	101.95	260	522
snapshot_11_25_2015_6_0.json	1448449200.0	101.95	265	522
snapshot_11_26_2015_0_0.json	1448514000.0	99.86	260	522
snapshot_11_26_2015_0_0.json	1448514000.0	99.86	260	522
snapshot_11_27_2015_18_0.json	1448665200.0	101.95	260	548
snapshot_11_28_2015_0_0.json	1448686800.0	101.95	260	546
snapshot_11_28_2015_12_0.json	1448730000.0	101.95	260	546
snapshot_11_28_2015_18_0.json	1448751600.0	101.95	260	546
snapshot_11_29_2015_0_0.json	1448773200.0	101.95	260	546
snapshot_11_29_2015_12_0.json	1448816400.0	101.95	260	546
snapshot_11_29_2015_18_0.json	1448838000.0	101.95	260	546
snapshot_11_29_2015_6_0.json	1448794800.0	101.95	260	546
snapshot_11_29_2015_6_0.json	1448794800.0	101.95	260	546
snapshot_11_30_2015_18_0.json	1448924400.0	101.95	260	542
snapshot_12_1_2015_0_0.json	1448946000.0	101.95	260	542
snapshot_12_1_2015_0_0.json	1448946000.0	101.95	260	542
snapshot_12_1_2015_12_0.json	1448989200.0	101.95	260	542
snapshot_12_1_2015_18_0.json	1449010800.0	101.95	260	542
snapshot_12_1_2015_6_0.json	1448967600.0	101.95	260	542
snapshot_12_2_2015_0_0.json	1449032400.0	101.95	265	520
snapshot_12_2_2015_18_0.json	1449097200.0	105.59	265	519
snapshot_12_3_2015_0_0.json	1449118800.0	105.59	265	517
snapshot_12_3_2015_12_0.json	1449162000.0	105.59	265	517
snapshot_12_3_2015_18_0.json	1449183600.0	105.59	265	517
snapshot_12_3_2015_18_0.json	1449183600.0	105.59	265	517
snapshot_12_4_2015_0_0.json	1449205200.0	105.59	345	525
snapshot_12_4_2015_18_0.json	1449270000.0	105.59	345	525
snapshot_12_4_2015_6_0.json	1449226800.0	105.59	345	525
snapshot_12_5_2015_0_0.json	1449291600.0	105.59	345	525
snapshot_12_5_2015_18_0.json	1449356400.0	105.59	345	519
snapshot_12_5_2015_6_0.json	1449313200.0	105.59	345	523
