9273306	2015-12-05T20:00:00Z	Arkansas State Red Wolves	Centennial Bank Stadium	Arkansas Little Rock|3864	72401
snapshot_11_16_2015_0_0.json	1447650000.0	27.48	40	43
snapshot_11_17_2015_0_0.json	1447736400.0	27.48	40	43
snapshot_11_17_2015_12_0.json	1447779600.0	27.48	40	43
snapshot_11_17_2015_18_0.json	1447801200.0	27.48	40	43
snapshot_11_17_2015_6_0.json	1447758000.0	27.48	40	43
snapshot_11_18_2015_0_0.json	1447822800.0	27.48	40	43
snapshot_11_18_2015_12_0.json	1447866000.0	27.48	40	43
snapshot_11_18_2015_18_0.json	1447887600.0	27.48	40	43
snapshot_11_18_2015_6_0.json	1447844400.0	27.48	40	43
snapshot_11_19_2015_12_0.json	1447952400.0	27.48	40	43
snapshot_11_19_2015_6_0.json	1447930800.0	27.48	40	43
snapshot_11_19_2015_6_0.json	1447930800.0	27.48	40	43
snapshot_11_20_2015_0_0.json	1447995600.0	28.65	40	43
snapshot_11_21_2015_18_0.json	1448146800.0	28.65	40	43
snapshot_11_22_2015_12_0.json	1448211600.0	28.65	40	41
snapshot_11_22_2015_18_0.json	1448233200.0	28.65	40	41
snapshot_11_22_2015_18_0.json	1448233200.0	28.65	40	41
snapshot_11_22_2015_6_0.json	1448190000.0	28.65	40	41
snapshot_11_22_2015_6_0.json	1448190000.0	28.65	40	41
snapshot_11_23_2015_0_0.json	1448254800.0	28.65	40	41
snapshot_11_23_2015_12_0.json	1448298000.0	28.65	40	41
snapshot_11_23_2015_12_0.json	1448298000.0	28.65	40	41
snapshot_11_23_2015_18_0.json	1448319600.0	28.65	40	41
snapshot_11_24_2015_0_0.json	1448341200.0	28.65	40	41
snapshot_11_24_2015_18_0.json	1448406000.0	27.48	40	39
snapshot_11_24_2015_6_0.json	1448362800.0	28.65	40	39
snapshot_11_25_2015_12_0.json	1448470800.0	27.48	40	39
snapshot_11_25_2015_6_0.json	1448449200.0	27.48	40	39
snapshot_11_25_2015_6_0.json	1448449200.0	27.48	40	39
snapshot_11_26_2015_0_0.json	1448514000.0	27.48	40	39
snapshot_11_27_2015_18_0.json	1448665200.0	27.48	40	37
snapshot_11_28_2015_0_0.json	1448686800.0	27.48	40	37
snapshot_11_28_2015_12_0.json	1448730000.0	27.48	40	37
snapshot_11_28_2015_18_0.json	1448751600.0	27.48	40	37
snapshot_11_29_2015_0_0.json	1448773200.0	28.65	40	34
snapshot_11_29_2015_0_0.json	1448773200.0	28.65	40	34
snapshot_11_29_2015_12_0.json	1448816400.0	28.65	40	34
snapshot_11_29_2015_18_0.json	1448838000.0	28.65	40	34
snapshot_11_29_2015_18_0.json	1448838000.0	28.65	40	34
snapshot_11_29_2015_6_0.json	1448794800.0	28.65	40	34
snapshot_11_29_2015_6_0.json	1448794800.0	28.65	40	34
snapshot_11_30_2015_0_0.json	1448859600.0	27.07	28	34
snapshot_11_30_2015_0_0.json	1448859600.0	27.07	28	34
snapshot_11_30_2015_18_0.json	1448924400.0	19.57	26	30
snapshot_12_1_2015_0_0.json	1448946000.0	19.57	26	30
snapshot_12_1_2015_0_0.json	1448946000.0	19.57	26	30
snapshot_12_1_2015_12_0.json	1448989200.0	19.57	26	30
snapshot_12_1_2015_18_0.json	1449010800.0	13.6	24.48	30
snapshot_12_1_2015_6_0.json	1448967600.0	19.57	26	30
snapshot_12_1_2015_6_0.json	1448967600.0	19.57	26	30
snapshot_12_2_2015_0_0.json	1449032400.0	13.6	24.48	30
snapshot_12_2_2015_12_0.json	1449075600.0	12.27	24	30
snapshot_12_2_2015_6_0.json	1449054000.0	12.27	24	30
snapshot_12_3_2015_0_0.json	1449118800.0	12.27	24	22
snapshot_12_3_2015_12_0.json	1449162000.0	12.27	24	16
snapshot_12_4_2015_12_0.json	1449248400.0	22.39	25.5	6
snapshot_12_4_2015_6_0.json	1449226800.0	22.39	17	2
snapshot_12_5_2015_0_0.json	1449291600.0	32.34	25.5	4
snapshot_12_5_2015_12_0.json	1449334800.0	32.34	25.5	4
snapshot_12_5_2015_12_0.json	1449334800.0	32.34	25.5	4
snapshot_12_5_2015_18_0.json	1449356400.0	32.34	25.5	2
snapshot_12_5_2015_6_0.json	1449313200.0	32.34	25.5	4
9273306	2015-12-05T20:00:00Z	Arkansas State Red Wolves	Centennial Bank Stadium	Arkansas Little Rock|3864	72401
snapshot_11_16_2015_0_0.json	1447650000.0	27.48	40	43
snapshot_11_17_2015_0_0.json	1447736400.0	27.48	40	43
snapshot_11_17_2015_12_0.json	1447779600.0	27.48	40	43
snapshot_11_17_2015_18_0.json	1447801200.0	27.48	40	43
snapshot_11_17_2015_6_0.json	1447758000.0	27.48	40	43
snapshot_11_18_2015_0_0.json	1447822800.0	27.48	40	43
snapshot_11_18_2015_12_0.json	1447866000.0	27.48	40	43
snapshot_11_18_2015_18_0.json	1447887600.0	27.48	40	43
snapshot_11_18_2015_6_0.json	1447844400.0	27.48	40	43
snapshot_11_19_2015_12_0.json	1447952400.0	27.48	40	43
snapshot_11_19_2015_6_0.json	1447930800.0	27.48	40	43
snapshot_11_19_2015_6_0.json	1447930800.0	27.48	40	43
snapshot_11_20_2015_0_0.json	1447995600.0	28.65	40	43
snapshot_11_21_2015_18_0.json	1448146800.0	28.65	40	43
snapshot_11_22_2015_12_0.json	1448211600.0	28.65	40	41
snapshot_11_22_2015_18_0.json	1448233200.0	28.65	40	41
snapshot_11_22_2015_18_0.json	1448233200.0	28.65	40	41
snapshot_11_22_2015_6_0.json	1448190000.0	28.65	40	41
snapshot_11_22_2015_6_0.json	1448190000.0	28.65	40	41
snapshot_11_23_2015_0_0.json	1448254800.0	28.65	40	41
snapshot_11_23_2015_12_0.json	1448298000.0	28.65	40	41
snapshot_11_23_2015_12_0.json	1448298000.0	28.65	40	41
snapshot_11_23_2015_18_0.json	1448319600.0	28.65	40	41
snapshot_11_24_2015_0_0.json	1448341200.0	28.65	40	41
snapshot_11_24_2015_18_0.json	1448406000.0	27.48	40	39
snapshot_11_24_2015_6_0.json	1448362800.0	28.65	40	39
snapshot_11_25_2015_12_0.json	1448470800.0	27.48	40	39
snapshot_11_25_2015_6_0.json	1448449200.0	27.48	40	39
snapshot_11_25_2015_6_0.json	1448449200.0	27.48	40	39
snapshot_11_26_2015_0_0.json	1448514000.0	27.48	40	39
snapshot_11_27_2015_18_0.json	1448665200.0	27.48	40	37
snapshot_11_28_2015_0_0.json	1448686800.0	27.48	40	37
snapshot_11_28_2015_12_0.json	1448730000.0	27.48	40	37
snapshot_11_28_2015_18_0.json	1448751600.0	27.48	40	37
snapshot_11_29_2015_0_0.json	1448773200.0	28.65	40	34
snapshot_11_29_2015_0_0.json	1448773200.0	28.65	40	34
snapshot_11_29_2015_12_0.json	1448816400.0	28.65	40	34
snapshot_11_29_2015_18_0.json	1448838000.0	28.65	40	34
snapshot_11_29_2015_18_0.json	1448838000.0	28.65	40	34
snapshot_11_29_2015_6_0.json	1448794800.0	28.65	40	34
snapshot_11_29_2015_6_0.json	1448794800.0	28.65	40	34
snapshot_11_30_2015_0_0.json	1448859600.0	27.07	28	34
snapshot_11_30_2015_0_0.json	1448859600.0	27.07	28	34
snapshot_11_30_2015_18_0.json	1448924400.0	19.57	26	30
snapshot_12_1_2015_0_0.json	1448946000.0	19.57	26	30
snapshot_12_1_2015_0_0.json	1448946000.0	19.57	26	30
snapshot_12_1_2015_12_0.json	1448989200.0	19.57	26	30
snapshot_12_1_2015_18_0.json	1449010800.0	13.6	24.48	30
snapshot_12_1_2015_6_0.json	1448967600.0	19.57	26	30
snapshot_12_1_2015_6_0.json	1448967600.0	19.57	26	30
snapshot_12_2_2015_0_0.json	1449032400.0	13.6	24.48	30
snapshot_12_2_2015_12_0.json	1449075600.0	12.27	24	30
snapshot_12_2_2015_6_0.json	1449054000.0	12.27	24	30
snapshot_12_3_2015_0_0.json	1449118800.0	12.27	24	22
snapshot_12_3_2015_12_0.json	1449162000.0	12.27	24	16
snapshot_12_4_2015_12_0.json	1449248400.0	22.39	25.5	6
snapshot_12_4_2015_6_0.json	1449226800.0	22.39	17	2
snapshot_12_5_2015_0_0.json	1449291600.0	32.34	25.5	4
snapshot_12_5_2015_12_0.json	1449334800.0	32.34	25.5	4
snapshot_12_5_2015_12_0.json	1449334800.0	32.34	25.5	4
snapshot_12_5_2015_18_0.json	1449356400.0	32.34	25.5	2
snapshot_12_5_2015_6_0.json	1449313200.0	32.34	25.5	4
