9273752	2015-11-22T00:01:00Z	PARKING PASSES ONLY Mississippi State Bulldogs at Arkansas Razorbacks Football	Razorback Stadium Parking Lots	Arkansas Little Rock|3864	72701
snapshot_11_16_2015_0_0.json	1447650000.0	15.78	132	30
snapshot_11_17_2015_0_0.json	1447736400.0	20.45	132	27
snapshot_11_17_2015_12_0.json	1447779600.0	15.78	132	27
snapshot_11_17_2015_18_0.json	1447801200.0	15.78	132	25
snapshot_11_17_2015_6_0.json	1447758000.0	20.45	132	26
snapshot_11_17_2015_6_0.json	1447758000.0	20.45	132	26
snapshot_11_18_2015_0_0.json	1447822800.0	15.78	132	21
snapshot_11_18_2015_12_0.json	1447866000.0	15.78	132	21
snapshot_11_18_2015_18_0.json	1447887600.0	19.29	132	20
snapshot_11_18_2015_6_0.json	1447844400.0	15.78	132	21
snapshot_11_19_2015_0_0.json	1447909200.0	22.8	132	11
snapshot_11_19_2015_12_0.json	1447952400.0	22.8	132	10
snapshot_11_20_2015_0_0.json	1447995600.0	0	0	0
snapshot_11_20_2015_12_0.json	1448038800.0	0	0	0
snapshot_11_21_2015_12_0.json	1448125200.0	0	0	0
snapshot_11_21_2015_18_0.json	1448146800.0	0	0	0
snapshot_11_21_2015_18_0.json	1448146800.0	0	0	0
snapshot_11_22_2015_0_0.json	1448168400.0	0	0	0
snapshot_11_22_2015_12_0.json	1448211600.0	0	0	0
snapshot_11_22_2015_18_0.json	1448233200.0	0	0	0
snapshot_11_22_2015_6_0.json	1448190000.0	0	0	0
snapshot_11_23_2015_0_0.json	1448254800.0	0	0	0
snapshot_11_23_2015_12_0.json	1448298000.0	0	0	0
snapshot_11_23_2015_6_0.json	1448276400.0	0	0	0
snapshot_11_23_2015_6_0.json	1448276400.0	0	0	0
snapshot_12_3_2015_0_0.json	1449118800.0	0	0	0
snapshot_12_3_2015_12_0.json	1449162000.0	0	0	0
9273752	2015-11-22T00:01:00Z	PARKING PASSES ONLY Mississippi State Bulldogs at Arkansas Razorbacks Football	Razorback Stadium Parking Lots	Arkansas Little Rock|3864	72701
snapshot_11_16_2015_0_0.json	1447650000.0	15.78	132	30
snapshot_11_17_2015_0_0.json	1447736400.0	20.45	132	27
snapshot_11_17_2015_12_0.json	1447779600.0	15.78	132	27
snapshot_11_17_2015_18_0.json	1447801200.0	15.78	132	25
snapshot_11_17_2015_6_0.json	1447758000.0	20.45	132	26
snapshot_11_17_2015_6_0.json	1447758000.0	20.45	132	26
snapshot_11_18_2015_0_0.json	1447822800.0	15.78	132	21
snapshot_11_18_2015_12_0.json	1447866000.0	15.78	132	21
snapshot_11_18_2015_18_0.json	1447887600.0	19.29	132	20
snapshot_11_18_2015_6_0.json	1447844400.0	15.78	132	21
snapshot_11_19_2015_0_0.json	1447909200.0	22.8	132	11
snapshot_11_19_2015_12_0.json	1447952400.0	22.8	132	10
snapshot_11_20_2015_0_0.json	1447995600.0	0	0	0
snapshot_11_20_2015_12_0.json	1448038800.0	0	0	0
snapshot_11_21_2015_12_0.json	1448125200.0	0	0	0
snapshot_11_21_2015_18_0.json	1448146800.0	0	0	0
snapshot_11_21_2015_18_0.json	1448146800.0	0	0	0
snapshot_11_22_2015_0_0.json	1448168400.0	0	0	0
snapshot_11_22_2015_12_0.json	1448211600.0	0	0	0
snapshot_11_22_2015_18_0.json	1448233200.0	0	0	0
snapshot_11_22_2015_6_0.json	1448190000.0	0	0	0
snapshot_11_23_2015_0_0.json	1448254800.0	0	0	0
snapshot_11_23_2015_12_0.json	1448298000.0	0	0	0
snapshot_11_23_2015_6_0.json	1448276400.0	0	0	0
snapshot_11_23_2015_6_0.json	1448276400.0	0	0	0
snapshot_12_3_2015_0_0.json	1449118800.0	0	0	0
snapshot_12_3_2015_12_0.json	1449162000.0	0	0	0
