9273418	2016-02-06T19:00:00Z	Beauty and the Beast	Fox Theatre Atlanta	Georgia Atlanta|670	30308
snapshot_11_16_2015_0_0.json	1447650000.0	85.57	308.7	489
snapshot_11_17_2015_0_0.json	1447736400.0	85.57	308.7	483
snapshot_11_17_2015_12_0.json	1447779600.0	85.57	308.7	504
snapshot_11_18_2015_0_0.json	1447822800.0	85.57	308.7	495
snapshot_11_18_2015_18_0.json	1447887600.0	85.57	308.7	493
snapshot_11_18_2015_6_0.json	1447844400.0	85.57	308.7	497
snapshot_11_19_2015_0_0.json	1447909200.0	85.57	308.7	491
snapshot_11_19_2015_12_0.json	1447952400.0	85.57	308.7	483
snapshot_11_19_2015_6_0.json	1447930800.0	85.57	308.7	487
snapshot_11_20_2015_0_0.json	1447995600.0	85.57	308.7	481
snapshot_11_21_2015_18_0.json	1448146800.0	86.74	308.7	481
snapshot_11_22_2015_0_0.json	1448168400.0	86.74	308.7	481
snapshot_11_22_2015_12_0.json	1448211600.0	86.74	308.7	481
snapshot_11_22_2015_6_0.json	1448190000.0	86.74	308.7	481
snapshot_11_23_2015_0_0.json	1448254800.0	86.74	308.7	476
snapshot_11_23_2015_0_0.json	1448254800.0	86.74	308.7	476
snapshot_11_23_2015_0_0.json	1448254800.0	86.74	308.7	476
snapshot_11_23_2015_12_0.json	1448298000.0	86.74	308.7	476
snapshot_11_23_2015_12_0.json	1448298000.0	86.74	308.7	476
snapshot_11_23_2015_18_0.json	1448319600.0	86.74	308.7	474
snapshot_11_24_2015_0_0.json	1448341200.0	86.74	308.7	474
snapshot_11_24_2015_0_0.json	1448341200.0	86.74	308.7	474
snapshot_11_24_2015_18_0.json	1448406000.0	86.74	308.7	468
snapshot_11_24_2015_6_0.json	1448362800.0	86.74	308.7	468
snapshot_11_25_2015_0_0.json	1448427600.0	86.74	308.7	468
snapshot_11_25_2015_12_0.json	1448470800.0	86.74	308.7	468
snapshot_11_25_2015_18_0.json	1448492400.0	86.74	308.7	468
snapshot_11_25_2015_6_0.json	1448449200.0	86.74	308.7	468
snapshot_11_26_2015_0_0.json	1448514000.0	86.74	308.7	468
snapshot_11_27_2015_18_0.json	1448665200.0	86.74	308.7	463
snapshot_11_28_2015_12_0.json	1448730000.0	86.74	308.7	459
snapshot_11_28_2015_18_0.json	1448751600.0	86.74	308.7	457
snapshot_11_28_2015_6_0.json	1448708400.0	86.74	308.7	459
snapshot_11_29_2015_0_0.json	1448773200.0	86.74	298	457
snapshot_11_29_2015_12_0.json	1448816400.0	86.74	298	449
snapshot_11_29_2015_6_0.json	1448794800.0	86.74	298	449
snapshot_11_29_2015_6_0.json	1448794800.0	86.74	298	449
snapshot_11_30_2015_0_0.json	1448859600.0	86.74	298	432
snapshot_11_30_2015_0_0.json	1448859600.0	86.74	298	432
snapshot_11_30_2015_18_0.json	1448924400.0	86.74	298	428
snapshot_12_1_2015_0_0.json	1448946000.0	86.74	298	419
snapshot_12_1_2015_12_0.json	1448989200.0	86.74	298	419
snapshot_12_1_2015_18_0.json	1449010800.0	86.74	298	415
snapshot_12_1_2015_6_0.json	1448967600.0	86.74	298	419
snapshot_12_2_2015_12_0.json	1449075600.0	86.74	298	399
snapshot_12_2_2015_18_0.json	1449097200.0	86.74	298	396
snapshot_12_2_2015_6_0.json	1449054000.0	86.74	298	399
snapshot_12_2_2015_6_0.json	1449054000.0	86.74	298	399
snapshot_12_3_2015_0_0.json	1449118800.0	86.74	298	391
snapshot_12_3_2015_12_0.json	1449162000.0	86.74	298	391
snapshot_12_3_2015_18_0.json	1449183600.0	86.74	298	380
snapshot_12_4_2015_0_0.json	1449205200.0	86.74	298	388
snapshot_12_4_2015_18_0.json	1449270000.0	113.65	298	376
snapshot_12_4_2015_6_0.json	1449226800.0	86.74	298	386
snapshot_12_5_2015_0_0.json	1449291600.0	113.65	298	374
snapshot_12_5_2015_18_0.json	1449356400.0	117.16	298	367
snapshot_12_5_2015_6_0.json	1449313200.0	113.65	298	376
9273418	2016-02-06T19:00:00Z	Beauty and the Beast	Fox Theatre Atlanta	Georgia Atlanta|670	30308
snapshot_11_16_2015_0_0.json	1447650000.0	85.57	308.7	489
snapshot_11_17_2015_0_0.json	1447736400.0	85.57	308.7	483
snapshot_11_17_2015_12_0.json	1447779600.0	85.57	308.7	504
snapshot_11_18_2015_0_0.json	1447822800.0	85.57	308.7	495
snapshot_11_18_2015_18_0.json	1447887600.0	85.57	308.7	493
snapshot_11_18_2015_6_0.json	1447844400.0	85.57	308.7	497
snapshot_11_19_2015_0_0.json	1447909200.0	85.57	308.7	491
snapshot_11_19_2015_12_0.json	1447952400.0	85.57	308.7	483
snapshot_11_19_2015_6_0.json	1447930800.0	85.57	308.7	487
snapshot_11_20_2015_0_0.json	1447995600.0	85.57	308.7	481
snapshot_11_21_2015_18_0.json	1448146800.0	86.74	308.7	481
snapshot_11_22_2015_0_0.json	1448168400.0	86.74	308.7	481
snapshot_11_22_2015_12_0.json	1448211600.0	86.74	308.7	481
snapshot_11_22_2015_6_0.json	1448190000.0	86.74	308.7	481
snapshot_11_23_2015_0_0.json	1448254800.0	86.74	308.7	476
snapshot_11_23_2015_0_0.json	1448254800.0	86.74	308.7	476
snapshot_11_23_2015_0_0.json	1448254800.0	86.74	308.7	476
snapshot_11_23_2015_12_0.json	1448298000.0	86.74	308.7	476
snapshot_11_23_2015_12_0.json	1448298000.0	86.74	308.7	476
snapshot_11_23_2015_18_0.json	1448319600.0	86.74	308.7	474
snapshot_11_24_2015_0_0.json	1448341200.0	86.74	308.7	474
snapshot_11_24_2015_0_0.json	1448341200.0	86.74	308.7	474
snapshot_11_24_2015_18_0.json	1448406000.0	86.74	308.7	468
snapshot_11_24_2015_6_0.json	1448362800.0	86.74	308.7	468
snapshot_11_25_2015_0_0.json	1448427600.0	86.74	308.7	468
snapshot_11_25_2015_12_0.json	1448470800.0	86.74	308.7	468
snapshot_11_25_2015_18_0.json	1448492400.0	86.74	308.7	468
snapshot_11_25_2015_6_0.json	1448449200.0	86.74	308.7	468
snapshot_11_26_2015_0_0.json	1448514000.0	86.74	308.7	468
snapshot_11_27_2015_18_0.json	1448665200.0	86.74	308.7	463
snapshot_11_28_2015_12_0.json	1448730000.0	86.74	308.7	459
snapshot_11_28_2015_18_0.json	1448751600.0	86.74	308.7	457
snapshot_11_28_2015_6_0.json	1448708400.0	86.74	308.7	459
snapshot_11_29_2015_0_0.json	1448773200.0	86.74	298	457
snapshot_11_29_2015_12_0.json	1448816400.0	86.74	298	449
snapshot_11_29_2015_6_0.json	1448794800.0	86.74	298	449
snapshot_11_29_2015_6_0.json	1448794800.0	86.74	298	449
snapshot_11_30_2015_0_0.json	1448859600.0	86.74	298	432
snapshot_11_30_2015_0_0.json	1448859600.0	86.74	298	432
snapshot_11_30_2015_18_0.json	1448924400.0	86.74	298	428
snapshot_12_1_2015_0_0.json	1448946000.0	86.74	298	419
snapshot_12_1_2015_12_0.json	1448989200.0	86.74	298	419
snapshot_12_1_2015_18_0.json	1449010800.0	86.74	298	415
snapshot_12_1_2015_6_0.json	1448967600.0	86.74	298	419
snapshot_12_2_2015_12_0.json	1449075600.0	86.74	298	399
snapshot_12_2_2015_18_0.json	1449097200.0	86.74	298	396
snapshot_12_2_2015_6_0.json	1449054000.0	86.74	298	399
snapshot_12_2_2015_6_0.json	1449054000.0	86.74	298	399
snapshot_12_3_2015_0_0.json	1449118800.0	86.74	298	391
snapshot_12_3_2015_12_0.json	1449162000.0	86.74	298	391
snapshot_12_3_2015_18_0.json	1449183600.0	86.74	298	380
snapshot_12_4_2015_0_0.json	1449205200.0	86.74	298	388
snapshot_12_4_2015_18_0.json	1449270000.0	113.65	298	376
snapshot_12_4_2015_6_0.json	1449226800.0	86.74	298	386
snapshot_12_5_2015_0_0.json	1449291600.0	113.65	298	374
snapshot_12_5_2015_18_0.json	1449356400.0	117.16	298	367
snapshot_12_5_2015_6_0.json	1449313200.0	113.65	298	376
