9273335	2015-11-27T17:00:00Z	Akron Zips	InfoCision Stadium	Ohio Cleveland|3261	44325
snapshot_11_17_2015_0_0.json	1447736400.0	14.2	55	59
snapshot_11_17_2015_12_0.json	1447779600.0	14.2	55	59
snapshot_11_17_2015_18_0.json	1447801200.0	14.2	55	59
snapshot_11_18_2015_0_0.json	1447822800.0	14.2	55	58
snapshot_11_18_2015_12_0.json	1447866000.0	14.2	55	58
snapshot_11_18_2015_12_0.json	1447866000.0	14.2	55	58
snapshot_11_18_2015_6_0.json	1447844400.0	14.2	55	58
snapshot_11_19_2015_0_0.json	1447909200.0	14.2	45	56
snapshot_11_19_2015_12_0.json	1447952400.0	14.2	45	56
snapshot_11_19_2015_6_0.json	1447930800.0	14.2	45	56
snapshot_11_20_2015_0_0.json	1447995600.0	11.86	35	56
snapshot_11_20_2015_12_0.json	1448038800.0	11.86	35	56
snapshot_11_21_2015_12_0.json	1448125200.0	9.52	35	99
snapshot_11_21_2015_18_0.json	1448146800.0	9.52	30	99
snapshot_11_22_2015_0_0.json	1448168400.0	9.52	30	99
snapshot_11_22_2015_0_0.json	1448168400.0	9.52	30	99
snapshot_11_22_2015_12_0.json	1448211600.0	9.52	30	99
snapshot_11_22_2015_18_0.json	1448233200.0	9.52	30	87
snapshot_11_22_2015_18_0.json	1448233200.0	9.52	30	87
snapshot_11_22_2015_6_0.json	1448190000.0	9.52	30	99
snapshot_11_23_2015_0_0.json	1448254800.0	9.52	30	87
snapshot_11_23_2015_0_0.json	1448254800.0	9.52	30	86
snapshot_11_23_2015_12_0.json	1448298000.0	9.52	30	86
snapshot_11_23_2015_6_0.json	1448276400.0	9.52	30	86
snapshot_11_24_2015_0_0.json	1448341200.0	9.52	19	82
snapshot_11_24_2015_12_0.json	1448384400.0	9.52	19	80
snapshot_11_24_2015_18_0.json	1448406000.0	9.52	14	80
snapshot_11_24_2015_6_0.json	1448362800.0	9.52	19	82
snapshot_11_25_2015_0_0.json	1448427600.0	10.69	14	61
snapshot_11_25_2015_12_0.json	1448470800.0	10.69	14	57
snapshot_11_25_2015_18_0.json	1448492400.0	9.52	14	102
snapshot_11_25_2015_6_0.json	1448449200.0	10.69	14	57
snapshot_11_25_2015_6_0.json	1448449200.0	10.69	14	57
snapshot_11_26_2015_0_0.json	1448514000.0	9.52	10	84
snapshot_11_27_2015_18_0.json	1448665200.0	0	0	0
snapshot_11_28_2015_12_0.json	1448730000.0	0	0	0
snapshot_11_28_2015_18_0.json	1448751600.0	0	0	0
snapshot_11_28_2015_6_0.json	1448708400.0	0	0	0
snapshot_11_29_2015_6_0.json	1448794800.0	0	0	0
snapshot_11_29_2015_6_0.json	1448794800.0	0	0	0
9273335	2015-11-27T17:00:00Z	Akron Zips	InfoCision Stadium	Ohio Cleveland|3261	44325
snapshot_11_17_2015_0_0.json	1447736400.0	14.2	55	59
snapshot_11_17_2015_12_0.json	1447779600.0	14.2	55	59
snapshot_11_17_2015_18_0.json	1447801200.0	14.2	55	59
snapshot_11_18_2015_0_0.json	1447822800.0	14.2	55	58
snapshot_11_18_2015_12_0.json	1447866000.0	14.2	55	58
snapshot_11_18_2015_12_0.json	1447866000.0	14.2	55	58
snapshot_11_18_2015_6_0.json	1447844400.0	14.2	55	58
snapshot_11_19_2015_0_0.json	1447909200.0	14.2	45	56
snapshot_11_19_2015_12_0.json	1447952400.0	14.2	45	56
snapshot_11_19_2015_6_0.json	1447930800.0	14.2	45	56
snapshot_11_20_2015_0_0.json	1447995600.0	11.86	35	56
snapshot_11_20_2015_12_0.json	1448038800.0	11.86	35	56
snapshot_11_21_2015_12_0.json	1448125200.0	9.52	35	99
snapshot_11_21_2015_18_0.json	1448146800.0	9.52	30	99
snapshot_11_22_2015_0_0.json	1448168400.0	9.52	30	99
snapshot_11_22_2015_0_0.json	1448168400.0	9.52	30	99
snapshot_11_22_2015_12_0.json	1448211600.0	9.52	30	99
snapshot_11_22_2015_18_0.json	1448233200.0	9.52	30	87
snapshot_11_22_2015_18_0.json	1448233200.0	9.52	30	87
snapshot_11_22_2015_6_0.json	1448190000.0	9.52	30	99
snapshot_11_23_2015_0_0.json	1448254800.0	9.52	30	87
snapshot_11_23_2015_0_0.json	1448254800.0	9.52	30	86
snapshot_11_23_2015_12_0.json	1448298000.0	9.52	30	86
snapshot_11_23_2015_6_0.json	1448276400.0	9.52	30	86
snapshot_11_24_2015_0_0.json	1448341200.0	9.52	19	82
snapshot_11_24_2015_12_0.json	1448384400.0	9.52	19	80
snapshot_11_24_2015_18_0.json	1448406000.0	9.52	14	80
snapshot_11_24_2015_6_0.json	1448362800.0	9.52	19	82
snapshot_11_25_2015_0_0.json	1448427600.0	10.69	14	61
snapshot_11_25_2015_12_0.json	1448470800.0	10.69	14	57
snapshot_11_25_2015_18_0.json	1448492400.0	9.52	14	102
snapshot_11_25_2015_6_0.json	1448449200.0	10.69	14	57
snapshot_11_25_2015_6_0.json	1448449200.0	10.69	14	57
snapshot_11_26_2015_0_0.json	1448514000.0	9.52	10	84
snapshot_11_27_2015_18_0.json	1448665200.0	0	0	0
snapshot_11_28_2015_12_0.json	1448730000.0	0	0	0
snapshot_11_28_2015_18_0.json	1448751600.0	0	0	0
snapshot_11_28_2015_6_0.json	1448708400.0	0	0	0
snapshot_11_29_2015_6_0.json	1448794800.0	0	0	0
snapshot_11_29_2015_6_0.json	1448794800.0	0	0	0
