9273317	2016-01-16T19:00:00Z	The Book of Mormon Atlanta	Fox Theatre Atlanta	Georgia Atlanta|670	30308
snapshot_11_16_2015_0_0.json	1447650000.0	109.38	299	510
snapshot_11_17_2015_0_0.json	1447736400.0	102.65	299	546
snapshot_11_17_2015_12_0.json	1447779600.0	102.65	299	546
snapshot_11_17_2015_6_0.json	1447758000.0	102.65	299	546
snapshot_11_17_2015_6_0.json	1447758000.0	102.65	299	546
snapshot_11_18_2015_0_0.json	1447822800.0	102.65	299	546
snapshot_11_18_2015_12_0.json	1447866000.0	102.65	299	546
snapshot_11_18_2015_12_0.json	1447866000.0	102.65	299	546
snapshot_11_18_2015_18_0.json	1447887600.0	102.65	299	546
snapshot_11_19_2015_0_0.json	1447909200.0	102.65	299	546
snapshot_11_19_2015_12_0.json	1447952400.0	102.65	299	544
snapshot_11_19_2015_6_0.json	1447930800.0	102.65	299	544
snapshot_11_20_2015_0_0.json	1447995600.0	99.9	299	528
snapshot_11_21_2015_12_0.json	1448125200.0	99.9	299	554
snapshot_11_22_2015_12_0.json	1448211600.0	99.9	299	552
snapshot_11_22_2015_12_0.json	1448211600.0	99.9	299	552
snapshot_11_22_2015_18_0.json	1448233200.0	99.9	299	552
snapshot_11_22_2015_6_0.json	1448190000.0	99.9	299	552
snapshot_11_23_2015_0_0.json	1448254800.0	99.9	299	544
snapshot_11_23_2015_0_0.json	1448254800.0	99.9	299	544
snapshot_11_23_2015_12_0.json	1448298000.0	99.9	299	544
snapshot_11_23_2015_18_0.json	1448319600.0	99.9	299	550
snapshot_11_24_2015_12_0.json	1448384400.0	99.9	299	544
snapshot_11_24_2015_18_0.json	1448406000.0	99.9	299	542
snapshot_11_24_2015_6_0.json	1448362800.0	99.9	299	546
snapshot_11_25_2015_0_0.json	1448427600.0	99.9	299	533
snapshot_11_25_2015_0_0.json	1448427600.0	99.9	299	533
snapshot_11_25_2015_12_0.json	1448470800.0	99.9	299	531
snapshot_11_25_2015_6_0.json	1448449200.0	99.9	299	531
snapshot_11_26_2015_0_0.json	1448514000.0	99.9	299	529
snapshot_11_27_2015_18_0.json	1448665200.0	99.9	299	527
snapshot_11_28_2015_0_0.json	1448686800.0	99.9	299	527
snapshot_11_28_2015_0_0.json	1448686800.0	99.9	299	527
snapshot_11_28_2015_12_0.json	1448730000.0	99.9	299	525
snapshot_11_28_2015_18_0.json	1448751600.0	99.9	299	525
snapshot_11_29_2015_12_0.json	1448816400.0	99.9	299	516
snapshot_11_29_2015_18_0.json	1448838000.0	99.9	299	518
snapshot_11_29_2015_6_0.json	1448794800.0	99.9	299	516
snapshot_11_29_2015_6_0.json	1448794800.0	99.9	299	516
snapshot_11_30_2015_18_0.json	1448924400.0	106.4	299	512
snapshot_11_30_2015_18_0.json	1448924400.0	106.4	299	512
snapshot_11_30_2015_6_0.json	1448881200.0	99.9	299	516
snapshot_12_1_2015_0_0.json	1448946000.0	106.4	299	512
snapshot_12_1_2015_12_0.json	1448989200.0	106.4	299	508
snapshot_12_1_2015_18_0.json	1449010800.0	106.4	299	508
snapshot_12_1_2015_6_0.json	1448967600.0	106.4	299	508
snapshot_12_2_2015_0_0.json	1449032400.0	106.4	299	503
snapshot_12_2_2015_18_0.json	1449097200.0	96.1	299	493
snapshot_12_3_2015_12_0.json	1449162000.0	96.1	299	489
snapshot_12_4_2015_0_0.json	1449205200.0	96.1	299	483
snapshot_12_4_2015_12_0.json	1449248400.0	106.4	299	481
snapshot_12_4_2015_6_0.json	1449226800.0	106.4	299	481
snapshot_12_5_2015_0_0.json	1449291600.0	106.4	299	479
snapshot_12_5_2015_12_0.json	1449334800.0	106.4	299	479
snapshot_12_5_2015_18_0.json	1449356400.0	106.4	299	479
snapshot_12_5_2015_6_0.json	1449313200.0	106.4	299	479
9273317	2016-01-16T19:00:00Z	The Book of Mormon Atlanta	Fox Theatre Atlanta	Georgia Atlanta|670	30308
snapshot_11_16_2015_0_0.json	1447650000.0	109.38	299	510
snapshot_11_17_2015_0_0.json	1447736400.0	102.65	299	546
snapshot_11_17_2015_12_0.json	1447779600.0	102.65	299	546
snapshot_11_17_2015_6_0.json	1447758000.0	102.65	299	546
snapshot_11_17_2015_6_0.json	1447758000.0	102.65	299	546
snapshot_11_18_2015_0_0.json	1447822800.0	102.65	299	546
snapshot_11_18_2015_12_0.json	1447866000.0	102.65	299	546
snapshot_11_18_2015_12_0.json	1447866000.0	102.65	299	546
snapshot_11_18_2015_18_0.json	1447887600.0	102.65	299	546
snapshot_11_19_2015_0_0.json	1447909200.0	102.65	299	546
snapshot_11_19_2015_12_0.json	1447952400.0	102.65	299	544
snapshot_11_19_2015_6_0.json	1447930800.0	102.65	299	544
snapshot_11_20_2015_0_0.json	1447995600.0	99.9	299	528
snapshot_11_21_2015_12_0.json	1448125200.0	99.9	299	554
snapshot_11_22_2015_12_0.json	1448211600.0	99.9	299	552
snapshot_11_22_2015_12_0.json	1448211600.0	99.9	299	552
snapshot_11_22_2015_18_0.json	1448233200.0	99.9	299	552
snapshot_11_22_2015_6_0.json	1448190000.0	99.9	299	552
snapshot_11_23_2015_0_0.json	1448254800.0	99.9	299	544
snapshot_11_23_2015_0_0.json	1448254800.0	99.9	299	544
snapshot_11_23_2015_12_0.json	1448298000.0	99.9	299	544
snapshot_11_23_2015_18_0.json	1448319600.0	99.9	299	550
snapshot_11_24_2015_12_0.json	1448384400.0	99.9	299	544
snapshot_11_24_2015_18_0.json	1448406000.0	99.9	299	542
snapshot_11_24_2015_6_0.json	1448362800.0	99.9	299	546
snapshot_11_25_2015_0_0.json	1448427600.0	99.9	299	533
snapshot_11_25_2015_0_0.json	1448427600.0	99.9	299	533
snapshot_11_25_2015_12_0.json	1448470800.0	99.9	299	531
snapshot_11_25_2015_6_0.json	1448449200.0	99.9	299	531
snapshot_11_26_2015_0_0.json	1448514000.0	99.9	299	529
snapshot_11_27_2015_18_0.json	1448665200.0	99.9	299	527
snapshot_11_28_2015_0_0.json	1448686800.0	99.9	299	527
snapshot_11_28_2015_0_0.json	1448686800.0	99.9	299	527
snapshot_11_28_2015_12_0.json	1448730000.0	99.9	299	525
snapshot_11_28_2015_18_0.json	1448751600.0	99.9	299	525
snapshot_11_29_2015_12_0.json	1448816400.0	99.9	299	516
snapshot_11_29_2015_18_0.json	1448838000.0	99.9	299	518
snapshot_11_29_2015_6_0.json	1448794800.0	99.9	299	516
snapshot_11_29_2015_6_0.json	1448794800.0	99.9	299	516
snapshot_11_30_2015_18_0.json	1448924400.0	106.4	299	512
snapshot_11_30_2015_18_0.json	1448924400.0	106.4	299	512
snapshot_11_30_2015_6_0.json	1448881200.0	99.9	299	516
snapshot_12_1_2015_0_0.json	1448946000.0	106.4	299	512
snapshot_12_1_2015_12_0.json	1448989200.0	106.4	299	508
snapshot_12_1_2015_18_0.json	1449010800.0	106.4	299	508
snapshot_12_1_2015_6_0.json	1448967600.0	106.4	299	508
snapshot_12_2_2015_0_0.json	1449032400.0	106.4	299	503
snapshot_12_2_2015_18_0.json	1449097200.0	96.1	299	493
snapshot_12_3_2015_12_0.json	1449162000.0	96.1	299	489
snapshot_12_4_2015_0_0.json	1449205200.0	96.1	299	483
snapshot_12_4_2015_12_0.json	1449248400.0	106.4	299	481
snapshot_12_4_2015_6_0.json	1449226800.0	106.4	299	481
snapshot_12_5_2015_0_0.json	1449291600.0	106.4	299	479
snapshot_12_5_2015_12_0.json	1449334800.0	106.4	299	479
snapshot_12_5_2015_18_0.json	1449356400.0	106.4	299	479
snapshot_12_5_2015_6_0.json	1449313200.0	106.4	299	479
