9273310	2016-01-13T00:30:00Z	The Book of Mormon Atlanta	Fox Theatre Atlanta	Georgia Atlanta|670	30308
snapshot_11_16_2015_0_0.json	1447650000.0	86.04	422.8	279
snapshot_11_17_2015_0_0.json	1447736400.0	86.04	422.8	302
snapshot_11_17_2015_12_0.json	1447779600.0	86.04	422.8	295
snapshot_11_18_2015_0_0.json	1447822800.0	90.25	422.8	285
snapshot_11_18_2015_12_0.json	1447866000.0	90.25	422.8	285
snapshot_11_18_2015_12_0.json	1447866000.0	90.25	422.8	285
snapshot_11_18_2015_18_0.json	1447887600.0	90.25	422.8	285
snapshot_11_19_2015_0_0.json	1447909200.0	90.25	422.8	285
snapshot_11_19_2015_6_0.json	1447930800.0	90.25	422.8	285
snapshot_11_20_2015_0_0.json	1447995600.0	90.25	422.8	285
snapshot_11_20_2015_12_0.json	1448038800.0	90.25	422.8	285
snapshot_11_21_2015_12_0.json	1448125200.0	90.25	422.8	351
snapshot_11_21_2015_18_0.json	1448146800.0	90.25	422.8	349
snapshot_11_22_2015_12_0.json	1448211600.0	90.25	422.8	349
snapshot_11_22_2015_18_0.json	1448233200.0	90.25	422.8	349
snapshot_11_22_2015_18_0.json	1448233200.0	90.25	422.8	349
snapshot_11_22_2015_6_0.json	1448190000.0	90.25	422.8	349
snapshot_11_22_2015_6_0.json	1448190000.0	90.25	422.8	349
snapshot_11_23_2015_0_0.json	1448254800.0	92.01	422.8	347
snapshot_11_23_2015_12_0.json	1448298000.0	92.01	422.8	347
snapshot_11_23_2015_18_0.json	1448319600.0	92.01	422.8	347
snapshot_11_24_2015_0_0.json	1448341200.0	92.01	422.8	347
snapshot_11_24_2015_0_0.json	1448341200.0	92.01	422.8	347
snapshot_11_24_2015_12_0.json	1448384400.0	92.01	422.8	345
snapshot_11_24_2015_18_0.json	1448406000.0	92.01	422.8	345
snapshot_11_24_2015_6_0.json	1448362800.0	92.01	422.8	345
snapshot_11_25_2015_0_0.json	1448427600.0	92.01	422.8	345
snapshot_11_25_2015_0_0.json	1448427600.0	92.01	422.8	345
snapshot_11_25_2015_12_0.json	1448470800.0	92.01	422.8	345
snapshot_11_25_2015_6_0.json	1448449200.0	92.01	422.8	345
snapshot_11_26_2015_0_0.json	1448514000.0	92.01	422.8	343
snapshot_11_27_2015_18_0.json	1448665200.0	92.01	422.8	341
snapshot_11_28_2015_12_0.json	1448730000.0	93.76	422.8	339
snapshot_11_28_2015_18_0.json	1448751600.0	93.76	422.8	337
snapshot_11_28_2015_18_0.json	1448751600.0	93.76	422.8	337
snapshot_11_28_2015_6_0.json	1448708400.0	93.76	422.8	339
snapshot_11_29_2015_0_0.json	1448773200.0	93.76	422.8	337
snapshot_11_29_2015_0_0.json	1448773200.0	93.76	422.8	337
snapshot_11_29_2015_12_0.json	1448816400.0	93.76	422.8	337
snapshot_11_29_2015_18_0.json	1448838000.0	93.76	422.8	337
snapshot_11_29_2015_6_0.json	1448794800.0	93.76	422.8	337
snapshot_11_30_2015_12_0.json	1448902800.0	93.76	422.8	335
snapshot_11_30_2015_18_0.json	1448924400.0	93.76	422.8	335
snapshot_12_1_2015_0_0.json	1448946000.0	90.69	422.8	335
snapshot_12_1_2015_12_0.json	1448989200.0	90.69	422.8	335
snapshot_12_1_2015_18_0.json	1449010800.0	90.69	422.8	333
snapshot_12_1_2015_6_0.json	1448967600.0	90.69	422.8	335
snapshot_12_2_2015_0_0.json	1449032400.0	90.69	422.8	325
snapshot_12_2_2015_18_0.json	1449097200.0	90.25	419	329
snapshot_12_3_2015_0_0.json	1449118800.0	90.25	417	324
snapshot_12_3_2015_12_0.json	1449162000.0	90.25	413	324
snapshot_12_3_2015_18_0.json	1449183600.0	90.25	411	322
snapshot_12_4_2015_0_0.json	1449205200.0	89.08	408	320
snapshot_12_4_2015_12_0.json	1449248400.0	89.08	404	320
snapshot_12_4_2015_18_0.json	1449270000.0	89.08	404	320
snapshot_12_4_2015_6_0.json	1449226800.0	89.08	406	320
snapshot_12_5_2015_0_0.json	1449291600.0	89.08	400	320
snapshot_12_5_2015_18_0.json	1449356400.0	89.08	394	320
snapshot_12_5_2015_6_0.json	1449313200.0	89.08	398	320
9273310	2016-01-13T00:30:00Z	The Book of Mormon Atlanta	Fox Theatre Atlanta	Georgia Atlanta|670	30308
snapshot_11_16_2015_0_0.json	1447650000.0	86.04	422.8	279
snapshot_11_17_2015_0_0.json	1447736400.0	86.04	422.8	302
snapshot_11_17_2015_12_0.json	1447779600.0	86.04	422.8	295
snapshot_11_18_2015_0_0.json	1447822800.0	90.25	422.8	285
snapshot_11_18_2015_12_0.json	1447866000.0	90.25	422.8	285
snapshot_11_18_2015_12_0.json	1447866000.0	90.25	422.8	285
snapshot_11_18_2015_18_0.json	1447887600.0	90.25	422.8	285
snapshot_11_19_2015_0_0.json	1447909200.0	90.25	422.8	285
snapshot_11_19_2015_6_0.json	1447930800.0	90.25	422.8	285
snapshot_11_20_2015_0_0.json	1447995600.0	90.25	422.8	285
snapshot_11_20_2015_12_0.json	1448038800.0	90.25	422.8	285
snapshot_11_21_2015_12_0.json	1448125200.0	90.25	422.8	351
snapshot_11_21_2015_18_0.json	1448146800.0	90.25	422.8	349
snapshot_11_22_2015_12_0.json	1448211600.0	90.25	422.8	349
snapshot_11_22_2015_18_0.json	1448233200.0	90.25	422.8	349
snapshot_11_22_2015_18_0.json	1448233200.0	90.25	422.8	349
snapshot_11_22_2015_6_0.json	1448190000.0	90.25	422.8	349
snapshot_11_22_2015_6_0.json	1448190000.0	90.25	422.8	349
snapshot_11_23_2015_0_0.json	1448254800.0	92.01	422.8	347
snapshot_11_23_2015_12_0.json	1448298000.0	92.01	422.8	347
snapshot_11_23_2015_18_0.json	1448319600.0	92.01	422.8	347
snapshot_11_24_2015_0_0.json	1448341200.0	92.01	422.8	347
snapshot_11_24_2015_0_0.json	1448341200.0	92.01	422.8	347
snapshot_11_24_2015_12_0.json	1448384400.0	92.01	422.8	345
snapshot_11_24_2015_18_0.json	1448406000.0	92.01	422.8	345
snapshot_11_24_2015_6_0.json	1448362800.0	92.01	422.8	345
snapshot_11_25_2015_0_0.json	1448427600.0	92.01	422.8	345
snapshot_11_25_2015_0_0.json	1448427600.0	92.01	422.8	345
snapshot_11_25_2015_12_0.json	1448470800.0	92.01	422.8	345
snapshot_11_25_2015_6_0.json	1448449200.0	92.01	422.8	345
snapshot_11_26_2015_0_0.json	1448514000.0	92.01	422.8	343
snapshot_11_27_2015_18_0.json	1448665200.0	92.01	422.8	341
snapshot_11_28_2015_12_0.json	1448730000.0	93.76	422.8	339
snapshot_11_28_2015_18_0.json	1448751600.0	93.76	422.8	337
snapshot_11_28_2015_18_0.json	1448751600.0	93.76	422.8	337
snapshot_11_28_2015_6_0.json	1448708400.0	93.76	422.8	339
snapshot_11_29_2015_0_0.json	1448773200.0	93.76	422.8	337
snapshot_11_29_2015_0_0.json	1448773200.0	93.76	422.8	337
snapshot_11_29_2015_12_0.json	1448816400.0	93.76	422.8	337
snapshot_11_29_2015_18_0.json	1448838000.0	93.76	422.8	337
snapshot_11_29_2015_6_0.json	1448794800.0	93.76	422.8	337
snapshot_11_30_2015_12_0.json	1448902800.0	93.76	422.8	335
snapshot_11_30_2015_18_0.json	1448924400.0	93.76	422.8	335
snapshot_12_1_2015_0_0.json	1448946000.0	90.69	422.8	335
snapshot_12_1_2015_12_0.json	1448989200.0	90.69	422.8	335
snapshot_12_1_2015_18_0.json	1449010800.0	90.69	422.8	333
snapshot_12_1_2015_6_0.json	1448967600.0	90.69	422.8	335
snapshot_12_2_2015_0_0.json	1449032400.0	90.69	422.8	325
snapshot_12_2_2015_18_0.json	1449097200.0	90.25	419	329
snapshot_12_3_2015_0_0.json	1449118800.0	90.25	417	324
snapshot_12_3_2015_12_0.json	1449162000.0	90.25	413	324
snapshot_12_3_2015_18_0.json	1449183600.0	90.25	411	322
snapshot_12_4_2015_0_0.json	1449205200.0	89.08	408	320
snapshot_12_4_2015_12_0.json	1449248400.0	89.08	404	320
snapshot_12_4_2015_18_0.json	1449270000.0	89.08	404	320
snapshot_12_4_2015_6_0.json	1449226800.0	89.08	406	320
snapshot_12_5_2015_0_0.json	1449291600.0	89.08	400	320
snapshot_12_5_2015_18_0.json	1449356400.0	89.08	394	320
snapshot_12_5_2015_6_0.json	1449313200.0	89.08	398	320
