9273079	2015-11-21T02:00:00Z	Bible Bingo An Act of Charity	Royal George Theatre	Illinois Chicago|666	60614
snapshot_11_17_2015_0_0.json	1447736400.0	110.55	90	4
snapshot_11_17_2015_12_0.json	1447779600.0	110.55	90	4
snapshot_11_17_2015_6_0.json	1447758000.0	110.55	90	4
snapshot_11_17_2015_6_0.json	1447758000.0	110.55	90	4
snapshot_11_18_2015_0_0.json	1447822800.0	110.55	90	4
snapshot_11_18_2015_12_0.json	1447866000.0	110.55	90	4
snapshot_11_18_2015_12_0.json	1447866000.0	110.55	90	4
snapshot_11_18_2015_18_0.json	1447887600.0	110.55	90	4
snapshot_11_18_2015_6_0.json	1447844400.0	110.55	90	4
snapshot_11_18_2015_6_0.json	1447844400.0	110.55	90	4
snapshot_11_19_2015_0_0.json	1447909200.0	110.55	90	4
snapshot_11_19_2015_18_0.json	1447974000.0	110.55	90	4
snapshot_11_19_2015_18_0.json	1447974000.0	110.55	90	4
snapshot_11_19_2015_6_0.json	1447930800.0	110.55	90	4
snapshot_11_19_2015_6_0.json	1447930800.0	110.55	90	4
snapshot_11_20_2015_0_0.json	1447995600.0	110.55	90	4
snapshot_11_20_2015_12_0.json	1448038800.0	110.55	90	4
snapshot_11_21_2015_18_0.json	1448146800.0	0	0	0
snapshot_11_22_2015_0_0.json	1448168400.0	0	0	0
snapshot_11_22_2015_12_0.json	1448211600.0	0	0	0
snapshot_11_22_2015_6_0.json	1448190000.0	0	0	0
9273079	2015-11-21T02:00:00Z	Bible Bingo An Act of Charity	Royal George Theatre	Illinois Chicago|666	60614
snapshot_11_17_2015_0_0.json	1447736400.0	110.55	90	4
snapshot_11_17_2015_12_0.json	1447779600.0	110.55	90	4
snapshot_11_17_2015_6_0.json	1447758000.0	110.55	90	4
snapshot_11_17_2015_6_0.json	1447758000.0	110.55	90	4
snapshot_11_18_2015_0_0.json	1447822800.0	110.55	90	4
snapshot_11_18_2015_12_0.json	1447866000.0	110.55	90	4
snapshot_11_18_2015_12_0.json	1447866000.0	110.55	90	4
snapshot_11_18_2015_18_0.json	1447887600.0	110.55	90	4
snapshot_11_18_2015_6_0.json	1447844400.0	110.55	90	4
snapshot_11_18_2015_6_0.json	1447844400.0	110.55	90	4
snapshot_11_19_2015_0_0.json	1447909200.0	110.55	90	4
snapshot_11_19_2015_18_0.json	1447974000.0	110.55	90	4
snapshot_11_19_2015_18_0.json	1447974000.0	110.55	90	4
snapshot_11_19_2015_6_0.json	1447930800.0	110.55	90	4
snapshot_11_19_2015_6_0.json	1447930800.0	110.55	90	4
snapshot_11_20_2015_0_0.json	1447995600.0	110.55	90	4
snapshot_11_20_2015_12_0.json	1448038800.0	110.55	90	4
snapshot_11_21_2015_18_0.json	1448146800.0	0	0	0
snapshot_11_22_2015_0_0.json	1448168400.0	0	0	0
snapshot_11_22_2015_12_0.json	1448211600.0	0	0	0
snapshot_11_22_2015_6_0.json	1448190000.0	0	0	0
