9273426	2015-12-13T01:30:00Z	Dirty Dancing	Music Hall - Kansas City	Missouri Kansas City|702	64105
snapshot_11_16_2015_0_0.json	1447650000.0	87.14	300	32
snapshot_11_17_2015_12_0.json	1447779600.0	87.14	300	32
snapshot_11_17_2015_18_0.json	1447801200.0	87.14	300	32
snapshot_11_17_2015_6_0.json	1447758000.0	87.14	300	32
snapshot_11_18_2015_0_0.json	1447822800.0	81.29	300	28
snapshot_11_18_2015_12_0.json	1447866000.0	81.29	300	28
snapshot_11_18_2015_6_0.json	1447844400.0	81.29	300	28
snapshot_11_19_2015_0_0.json	1447909200.0	81.29	300	28
snapshot_11_19_2015_12_0.json	1447952400.0	81.29	300	28
snapshot_11_20_2015_12_0.json	1448038800.0	81.29	300	28
snapshot_11_20_2015_12_0.json	1448038800.0	81.29	300	28
snapshot_11_21_2015_18_0.json	1448146800.0	92.25	300	26
snapshot_11_22_2015_12_0.json	1448211600.0	92.26	300	22
snapshot_11_22_2015_18_0.json	1448233200.0	92.26	300	22
snapshot_11_22_2015_18_0.json	1448233200.0	92.26	300	22
snapshot_11_22_2015_6_0.json	1448190000.0	92.26	300	22
snapshot_11_22_2015_6_0.json	1448190000.0	92.26	300	22
snapshot_11_23_2015_0_0.json	1448254800.0	92.26	300	22
snapshot_11_23_2015_18_0.json	1448319600.0	92.26	300	20
snapshot_11_23_2015_18_0.json	1448319600.0	92.26	300	20
snapshot_11_24_2015_18_0.json	1448406000.0	75.88	300	22
snapshot_11_24_2015_6_0.json	1448362800.0	75.88	300	22
snapshot_11_25_2015_12_0.json	1448470800.0	75.88	300	26
snapshot_11_25_2015_18_0.json	1448492400.0	75.88	300	26
snapshot_11_25_2015_6_0.json	1448449200.0	75.88	300	26
snapshot_11_25_2015_6_0.json	1448449200.0	75.88	300	26
snapshot_11_26_2015_0_0.json	1448514000.0	75.88	300	26
snapshot_11_27_2015_18_0.json	1448665200.0	75.88	300	26
snapshot_11_28_2015_12_0.json	1448730000.0	75.88	300	26
snapshot_11_29_2015_0_0.json	1448773200.0	75.88	300	26
snapshot_11_29_2015_12_0.json	1448816400.0	75.88	300	26
snapshot_11_29_2015_18_0.json	1448838000.0	75.88	300	26
snapshot_11_29_2015_18_0.json	1448838000.0	75.88	300	26
snapshot_11_29_2015_6_0.json	1448794800.0	75.88	300	26
snapshot_11_29_2015_6_0.json	1448794800.0	75.88	300	26
snapshot_11_30_2015_0_0.json	1448859600.0	75.88	300	26
snapshot_11_30_2015_0_0.json	1448859600.0	75.88	300	26
snapshot_11_30_2015_18_0.json	1448924400.0	75.88	300	26
snapshot_12_1_2015_0_0.json	1448946000.0	75.88	300	26
snapshot_12_1_2015_12_0.json	1448989200.0	75.88	300	26
snapshot_12_1_2015_18_0.json	1449010800.0	75.88	300	28
snapshot_12_1_2015_6_0.json	1448967600.0	75.88	300	26
snapshot_12_2_2015_0_0.json	1449032400.0	75.88	300	28
snapshot_12_2_2015_12_0.json	1449075600.0	75.88	300	28
snapshot_12_2_2015_18_0.json	1449097200.0	75.88	300	28
snapshot_12_2_2015_6_0.json	1449054000.0	75.88	300	28
snapshot_12_3_2015_0_0.json	1449118800.0	75.88	300	26
snapshot_12_3_2015_12_0.json	1449162000.0	75.88	300	26
snapshot_12_3_2015_18_0.json	1449183600.0	75.88	300	26
snapshot_12_4_2015_0_0.json	1449205200.0	75.88	300	24
snapshot_12_4_2015_12_0.json	1449248400.0	75.88	300	24
snapshot_12_4_2015_12_0.json	1449248400.0	75.88	300	24
snapshot_12_4_2015_6_0.json	1449226800.0	75.88	300	24
snapshot_12_5_2015_0_0.json	1449291600.0	75.88	300	22
snapshot_12_5_2015_18_0.json	1449356400.0	75.88	300	22
snapshot_12_5_2015_6_0.json	1449313200.0	75.88	300	22
9273426	2015-12-13T01:30:00Z	Dirty Dancing	Music Hall - Kansas City	Missouri Kansas City|702	64105
snapshot_11_16_2015_0_0.json	1447650000.0	87.14	300	32
snapshot_11_17_2015_12_0.json	1447779600.0	87.14	300	32
snapshot_11_17_2015_18_0.json	1447801200.0	87.14	300	32
snapshot_11_17_2015_6_0.json	1447758000.0	87.14	300	32
snapshot_11_18_2015_0_0.json	1447822800.0	81.29	300	28
snapshot_11_18_2015_12_0.json	1447866000.0	81.29	300	28
snapshot_11_18_2015_6_0.json	1447844400.0	81.29	300	28
snapshot_11_19_2015_0_0.json	1447909200.0	81.29	300	28
snapshot_11_19_2015_12_0.json	1447952400.0	81.29	300	28
snapshot_11_20_2015_12_0.json	1448038800.0	81.29	300	28
snapshot_11_20_2015_12_0.json	1448038800.0	81.29	300	28
snapshot_11_21_2015_18_0.json	1448146800.0	92.25	300	26
snapshot_11_22_2015_12_0.json	1448211600.0	92.26	300	22
snapshot_11_22_2015_18_0.json	1448233200.0	92.26	300	22
snapshot_11_22_2015_18_0.json	1448233200.0	92.26	300	22
snapshot_11_22_2015_6_0.json	1448190000.0	92.26	300	22
snapshot_11_22_2015_6_0.json	1448190000.0	92.26	300	22
snapshot_11_23_2015_0_0.json	1448254800.0	92.26	300	22
snapshot_11_23_2015_18_0.json	1448319600.0	92.26	300	20
snapshot_11_23_2015_18_0.json	1448319600.0	92.26	300	20
snapshot_11_24_2015_18_0.json	1448406000.0	75.88	300	22
snapshot_11_24_2015_6_0.json	1448362800.0	75.88	300	22
snapshot_11_25_2015_12_0.json	1448470800.0	75.88	300	26
snapshot_11_25_2015_18_0.json	1448492400.0	75.88	300	26
snapshot_11_25_2015_6_0.json	1448449200.0	75.88	300	26
snapshot_11_25_2015_6_0.json	1448449200.0	75.88	300	26
snapshot_11_26_2015_0_0.json	1448514000.0	75.88	300	26
snapshot_11_27_2015_18_0.json	1448665200.0	75.88	300	26
snapshot_11_28_2015_12_0.json	1448730000.0	75.88	300	26
snapshot_11_29_2015_0_0.json	1448773200.0	75.88	300	26
snapshot_11_29_2015_12_0.json	1448816400.0	75.88	300	26
snapshot_11_29_2015_18_0.json	1448838000.0	75.88	300	26
snapshot_11_29_2015_18_0.json	1448838000.0	75.88	300	26
snapshot_11_29_2015_6_0.json	1448794800.0	75.88	300	26
snapshot_11_29_2015_6_0.json	1448794800.0	75.88	300	26
snapshot_11_30_2015_0_0.json	1448859600.0	75.88	300	26
snapshot_11_30_2015_0_0.json	1448859600.0	75.88	300	26
snapshot_11_30_2015_18_0.json	1448924400.0	75.88	300	26
snapshot_12_1_2015_0_0.json	1448946000.0	75.88	300	26
snapshot_12_1_2015_12_0.json	1448989200.0	75.88	300	26
snapshot_12_1_2015_18_0.json	1449010800.0	75.88	300	28
snapshot_12_1_2015_6_0.json	1448967600.0	75.88	300	26
snapshot_12_2_2015_0_0.json	1449032400.0	75.88	300	28
snapshot_12_2_2015_12_0.json	1449075600.0	75.88	300	28
snapshot_12_2_2015_18_0.json	1449097200.0	75.88	300	28
snapshot_12_2_2015_6_0.json	1449054000.0	75.88	300	28
snapshot_12_3_2015_0_0.json	1449118800.0	75.88	300	26
snapshot_12_3_2015_12_0.json	1449162000.0	75.88	300	26
snapshot_12_3_2015_18_0.json	1449183600.0	75.88	300	26
snapshot_12_4_2015_0_0.json	1449205200.0	75.88	300	24
snapshot_12_4_2015_12_0.json	1449248400.0	75.88	300	24
snapshot_12_4_2015_12_0.json	1449248400.0	75.88	300	24
snapshot_12_4_2015_6_0.json	1449226800.0	75.88	300	24
snapshot_12_5_2015_0_0.json	1449291600.0	75.88	300	22
snapshot_12_5_2015_18_0.json	1449356400.0	75.88	300	22
snapshot_12_5_2015_6_0.json	1449313200.0	75.88	300	22
