9273334	2015-11-21T20:30:00Z	Akron Zips	InfoCision Stadium	Ohio Cleveland|3261	44325
snapshot_11_16_2015_0_0.json	1447650000.0	9.52	25.42	30
snapshot_11_17_2015_0_0.json	1447736400.0	9.52	25.42	30
snapshot_11_17_2015_12_0.json	1447779600.0	9.52	25.42	27
snapshot_11_17_2015_18_0.json	1447801200.0	9.52	25.42	27
snapshot_11_18_2015_0_0.json	1447822800.0	9.52	25.42	24
snapshot_11_18_2015_12_0.json	1447866000.0	9.52	25.42	24
snapshot_11_18_2015_12_0.json	1447866000.0	9.52	25.42	24
snapshot_11_18_2015_6_0.json	1447844400.0	9.52	25.42	24
snapshot_11_18_2015_6_0.json	1447844400.0	9.52	25.42	24
snapshot_11_19_2015_0_0.json	1447909200.0	9.52	10	18
snapshot_11_20_2015_0_0.json	1447995600.0	14.2	10	4
snapshot_11_20_2015_12_0.json	1448038800.0	14.2	10	4
snapshot_11_21_2015_12_0.json	1448125200.0	0	0	0
snapshot_11_21_2015_18_0.json	1448146800.0	0	0	0
snapshot_11_22_2015_18_0.json	1448233200.0	0	0	0
snapshot_11_22_2015_6_0.json	1448190000.0	0	0	0
snapshot_11_22_2015_6_0.json	1448190000.0	0	0	0
snapshot_11_23_2015_12_0.json	1448298000.0	0	0	0
snapshot_11_23_2015_6_0.json	1448276400.0	0	0	0
snapshot_11_23_2015_6_0.json	1448276400.0	0	0	0
9273334	2015-11-21T20:30:00Z	Akron Zips	InfoCision Stadium	Ohio Cleveland|3261	44325
snapshot_11_16_2015_0_0.json	1447650000.0	9.52	25.42	30
snapshot_11_17_2015_0_0.json	1447736400.0	9.52	25.42	30
snapshot_11_17_2015_12_0.json	1447779600.0	9.52	25.42	27
snapshot_11_17_2015_18_0.json	1447801200.0	9.52	25.42	27
snapshot_11_18_2015_0_0.json	1447822800.0	9.52	25.42	24
snapshot_11_18_2015_12_0.json	1447866000.0	9.52	25.42	24
snapshot_11_18_2015_12_0.json	1447866000.0	9.52	25.42	24
snapshot_11_18_2015_6_0.json	1447844400.0	9.52	25.42	24
snapshot_11_18_2015_6_0.json	1447844400.0	9.52	25.42	24
snapshot_11_19_2015_0_0.json	1447909200.0	9.52	10	18
snapshot_11_20_2015_0_0.json	1447995600.0	14.2	10	4
snapshot_11_20_2015_12_0.json	1448038800.0	14.2	10	4
snapshot_11_21_2015_12_0.json	1448125200.0	0	0	0
snapshot_11_21_2015_18_0.json	1448146800.0	0	0	0
snapshot_11_22_2015_18_0.json	1448233200.0	0	0	0
snapshot_11_22_2015_6_0.json	1448190000.0	0	0	0
snapshot_11_22_2015_6_0.json	1448190000.0	0	0	0
snapshot_11_23_2015_12_0.json	1448298000.0	0	0	0
snapshot_11_23_2015_6_0.json	1448276400.0	0	0	0
snapshot_11_23_2015_6_0.json	1448276400.0	0	0	0
