9273561	2015-12-14T00:30:00Z	Andrea Bocelli	Verizon Center Washington DC	District of Columbia Washington DC Metro|525	20004
snapshot_11_16_2015_0_0.json	1447650000.0	105.46	3305	835
snapshot_11_17_2015_12_0.json	1447779600.0	105.46	3305	832
snapshot_11_17_2015_12_0.json	1447779600.0	105.46	3305	832
snapshot_11_17_2015_18_0.json	1447801200.0	105.46	3305	836
snapshot_11_18_2015_0_0.json	1447822800.0	105.46	3305	828
snapshot_11_18_2015_12_0.json	1447866000.0	105.46	3305	826
snapshot_11_18_2015_18_0.json	1447887600.0	105.46	3305	823
snapshot_11_18_2015_6_0.json	1447844400.0	105.46	3305	830
snapshot_11_19_2015_0_0.json	1447909200.0	105.46	3305	803
snapshot_11_19_2015_6_0.json	1447930800.0	105.46	3305	807
snapshot_11_20_2015_0_0.json	1447995600.0	105.46	3305	853
snapshot_11_20_2015_12_0.json	1448038800.0	105.46	3305	845
snapshot_11_21_2015_12_0.json	1448125200.0	105.46	3305	799
snapshot_11_21_2015_18_0.json	1448146800.0	105.46	3305	792
snapshot_11_22_2015_0_0.json	1448168400.0	105.46	3305	824
snapshot_11_22_2015_12_0.json	1448211600.0	105.46	3305	817
snapshot_11_22_2015_18_0.json	1448233200.0	105.46	3305	813
snapshot_11_22_2015_6_0.json	1448190000.0	105.46	3305	823
snapshot_11_23_2015_0_0.json	1448254800.0	105.46	3305	852
snapshot_11_23_2015_12_0.json	1448298000.0	105.46	3305	832
snapshot_11_23_2015_18_0.json	1448319600.0	105.46	3305	833
snapshot_11_23_2015_18_0.json	1448319600.0	105.46	3305	833
snapshot_11_23_2015_6_0.json	1448276400.0	105.46	3305	842
snapshot_11_23_2015_6_0.json	1448276400.0	105.46	3305	842
snapshot_11_24_2015_0_0.json	1448341200.0	105.46	3305	839
snapshot_11_24_2015_12_0.json	1448384400.0	105.46	3305	831
snapshot_11_24_2015_12_0.json	1448384400.0	105.46	3305	831
snapshot_11_24_2015_18_0.json	1448406000.0	114.65	3305	842
snapshot_11_24_2015_6_0.json	1448362800.0	105.46	3305	827
snapshot_11_25_2015_0_0.json	1448427600.0	114.65	3305	845
snapshot_11_25_2015_18_0.json	1448492400.0	114.65	3305	829
snapshot_11_25_2015_6_0.json	1448449200.0	114.65	3305	831
snapshot_11_26_2015_0_0.json	1448514000.0	114.65	3305	827
snapshot_11_27_2015_18_0.json	1448665200.0	112.07	3305	815
snapshot_11_28_2015_0_0.json	1448686800.0	112.07	3305	772
snapshot_11_28_2015_12_0.json	1448730000.0	112.07	3305	781
snapshot_11_28_2015_18_0.json	1448751600.0	112.07	3305	772
snapshot_11_29_2015_0_0.json	1448773200.0	112.07	3305	772
snapshot_11_29_2015_0_0.json	1448773200.0	112.07	3305	772
snapshot_11_29_2015_12_0.json	1448816400.0	112.07	3305	798
snapshot_11_29_2015_18_0.json	1448838000.0	112.07	3305	798
snapshot_11_29_2015_6_0.json	1448794800.0	112.07	3305	798
snapshot_11_29_2015_6_0.json	1448794800.0	112.07	3305	798
snapshot_11_30_2015_0_0.json	1448859600.0	112.07	3305	796
snapshot_11_30_2015_12_0.json	1448902800.0	112.07	3305	856
snapshot_11_30_2015_18_0.json	1448924400.0	109.5	3305	851
snapshot_11_30_2015_6_0.json	1448881200.0	112.07	3305	842
snapshot_12_1_2015_0_0.json	1448946000.0	109.5	3305	843
snapshot_12_1_2015_12_0.json	1448989200.0	109.5	3305	824
snapshot_12_1_2015_18_0.json	1449010800.0	108.21	2180	818
snapshot_12_1_2015_6_0.json	1448967600.0	109.5	3305	828
snapshot_12_2_2015_0_0.json	1449032400.0	109.5	2180	904
snapshot_12_2_2015_12_0.json	1449075600.0	109.5	1512	879
snapshot_12_2_2015_18_0.json	1449097200.0	109.1	2176	864
snapshot_12_2_2015_6_0.json	1449054000.0	109.5	2176	891
snapshot_12_3_2015_0_0.json	1449118800.0	109.1	2180	891
snapshot_12_3_2015_12_0.json	1449162000.0	109.1	1155	855
snapshot_12_3_2015_18_0.json	1449183600.0	106.92	2176	843
snapshot_12_3_2015_6_0.json	1449140400.0	109.1	2180	860
snapshot_12_4_2015_0_0.json	1449205200.0	106.92	2176	830
snapshot_12_4_2015_12_0.json	1449248400.0	106.92	2180	800
snapshot_12_4_2015_18_0.json	1449270000.0	106.92	2176	783
snapshot_12_4_2015_6_0.json	1449226800.0	106.92	2180	801
snapshot_12_5_2015_0_0.json	1449291600.0	105.46	1155	730
snapshot_12_5_2015_12_0.json	1449334800.0	103.11	1155	733
snapshot_12_5_2015_18_0.json	1449356400.0	94.93	1155	729
snapshot_12_5_2015_6_0.json	1449313200.0	104.15	1155	739
9273561	2015-12-14T00:30:00Z	Andrea Bocelli	Verizon Center Washington DC	District of Columbia Washington DC Metro|525	20004
snapshot_11_16_2015_0_0.json	1447650000.0	105.46	3305	835
snapshot_11_17_2015_12_0.json	1447779600.0	105.46	3305	832
snapshot_11_17_2015_12_0.json	1447779600.0	105.46	3305	832
snapshot_11_17_2015_18_0.json	1447801200.0	105.46	3305	836
snapshot_11_18_2015_0_0.json	1447822800.0	105.46	3305	828
snapshot_11_18_2015_12_0.json	1447866000.0	105.46	3305	826
snapshot_11_18_2015_18_0.json	1447887600.0	105.46	3305	823
snapshot_11_18_2015_6_0.json	1447844400.0	105.46	3305	830
snapshot_11_19_2015_0_0.json	1447909200.0	105.46	3305	803
snapshot_11_19_2015_6_0.json	1447930800.0	105.46	3305	807
snapshot_11_20_2015_0_0.json	1447995600.0	105.46	3305	853
snapshot_11_20_2015_12_0.json	1448038800.0	105.46	3305	845
snapshot_11_21_2015_12_0.json	1448125200.0	105.46	3305	799
snapshot_11_21_2015_18_0.json	1448146800.0	105.46	3305	792
snapshot_11_22_2015_0_0.json	1448168400.0	105.46	3305	824
snapshot_11_22_2015_12_0.json	1448211600.0	105.46	3305	817
snapshot_11_22_2015_18_0.json	1448233200.0	105.46	3305	813
snapshot_11_22_2015_6_0.json	1448190000.0	105.46	3305	823
snapshot_11_23_2015_0_0.json	1448254800.0	105.46	3305	852
snapshot_11_23_2015_12_0.json	1448298000.0	105.46	3305	832
snapshot_11_23_2015_18_0.json	1448319600.0	105.46	3305	833
snapshot_11_23_2015_18_0.json	1448319600.0	105.46	3305	833
snapshot_11_23_2015_6_0.json	1448276400.0	105.46	3305	842
snapshot_11_23_2015_6_0.json	1448276400.0	105.46	3305	842
snapshot_11_24_2015_0_0.json	1448341200.0	105.46	3305	839
snapshot_11_24_2015_12_0.json	1448384400.0	105.46	3305	831
snapshot_11_24_2015_12_0.json	1448384400.0	105.46	3305	831
snapshot_11_24_2015_18_0.json	1448406000.0	114.65	3305	842
snapshot_11_24_2015_6_0.json	1448362800.0	105.46	3305	827
snapshot_11_25_2015_0_0.json	1448427600.0	114.65	3305	845
snapshot_11_25_2015_18_0.json	1448492400.0	114.65	3305	829
snapshot_11_25_2015_6_0.json	1448449200.0	114.65	3305	831
snapshot_11_26_2015_0_0.json	1448514000.0	114.65	3305	827
snapshot_11_27_2015_18_0.json	1448665200.0	112.07	3305	815
snapshot_11_28_2015_0_0.json	1448686800.0	112.07	3305	772
snapshot_11_28_2015_12_0.json	1448730000.0	112.07	3305	781
snapshot_11_28_2015_18_0.json	1448751600.0	112.07	3305	772
snapshot_11_29_2015_0_0.json	1448773200.0	112.07	3305	772
snapshot_11_29_2015_0_0.json	1448773200.0	112.07	3305	772
snapshot_11_29_2015_12_0.json	1448816400.0	112.07	3305	798
snapshot_11_29_2015_18_0.json	1448838000.0	112.07	3305	798
snapshot_11_29_2015_6_0.json	1448794800.0	112.07	3305	798
snapshot_11_29_2015_6_0.json	1448794800.0	112.07	3305	798
snapshot_11_30_2015_0_0.json	1448859600.0	112.07	3305	796
snapshot_11_30_2015_12_0.json	1448902800.0	112.07	3305	856
snapshot_11_30_2015_18_0.json	1448924400.0	109.5	3305	851
snapshot_11_30_2015_6_0.json	1448881200.0	112.07	3305	842
snapshot_12_1_2015_0_0.json	1448946000.0	109.5	3305	843
snapshot_12_1_2015_12_0.json	1448989200.0	109.5	3305	824
snapshot_12_1_2015_18_0.json	1449010800.0	108.21	2180	818
snapshot_12_1_2015_6_0.json	1448967600.0	109.5	3305	828
snapshot_12_2_2015_0_0.json	1449032400.0	109.5	2180	904
snapshot_12_2_2015_12_0.json	1449075600.0	109.5	1512	879
snapshot_12_2_2015_18_0.json	1449097200.0	109.1	2176	864
snapshot_12_2_2015_6_0.json	1449054000.0	109.5	2176	891
snapshot_12_3_2015_0_0.json	1449118800.0	109.1	2180	891
snapshot_12_3_2015_12_0.json	1449162000.0	109.1	1155	855
snapshot_12_3_2015_18_0.json	1449183600.0	106.92	2176	843
snapshot_12_3_2015_6_0.json	1449140400.0	109.1	2180	860
snapshot_12_4_2015_0_0.json	1449205200.0	106.92	2176	830
snapshot_12_4_2015_12_0.json	1449248400.0	106.92	2180	800
snapshot_12_4_2015_18_0.json	1449270000.0	106.92	2176	783
snapshot_12_4_2015_6_0.json	1449226800.0	106.92	2180	801
snapshot_12_5_2015_0_0.json	1449291600.0	105.46	1155	730
snapshot_12_5_2015_12_0.json	1449334800.0	103.11	1155	733
snapshot_12_5_2015_18_0.json	1449356400.0	94.93	1155	729
snapshot_12_5_2015_6_0.json	1449313200.0	104.15	1155	739
