9273753	2015-11-27T19:31:00Z	PARKING PASSES ONLY Missouri Tigers at Arkansas Razorbacks Football	Razorback Stadium Parking Lots	Arkansas Little Rock|3864	72701
snapshot_11_16_2015_0_0.json	1447650000.0	28.65	163	37
snapshot_11_17_2015_0_0.json	1447736400.0	33.33	163	34
snapshot_11_17_2015_12_0.json	1447779600.0	34.5	155	34
snapshot_11_17_2015_18_0.json	1447801200.0	34.5	155	34
snapshot_11_17_2015_6_0.json	1447758000.0	34.5	155	33
snapshot_11_17_2015_6_0.json	1447758000.0	34.5	155	33
snapshot_11_18_2015_0_0.json	1447822800.0	34.5	155	33
snapshot_11_18_2015_6_0.json	1447844400.0	34.5	155	33
snapshot_11_18_2015_6_0.json	1447844400.0	34.5	155	33
snapshot_11_19_2015_0_0.json	1447909200.0	22.8	150	31
snapshot_11_19_2015_12_0.json	1447952400.0	22.8	150	31
snapshot_11_19_2015_6_0.json	1447930800.0	22.8	150	31
snapshot_11_20_2015_0_0.json	1447995600.0	16.95	150	30
snapshot_11_21_2015_18_0.json	1448146800.0	19.37	150	25
snapshot_11_22_2015_12_0.json	1448211600.0	19.37	150	24
snapshot_11_22_2015_6_0.json	1448190000.0	19.37	150	23
snapshot_11_23_2015_0_0.json	1448254800.0	34.5	150	22
snapshot_11_23_2015_18_0.json	1448319600.0	27.48	150	24
snapshot_11_24_2015_0_0.json	1448341200.0	27.48	123	19
snapshot_11_24_2015_12_0.json	1448384400.0	27.48	108	18
snapshot_11_24_2015_12_0.json	1448384400.0	27.48	108	18
snapshot_11_24_2015_18_0.json	1448406000.0	27.48	108	14
snapshot_11_24_2015_6_0.json	1448362800.0	27.48	108	18
snapshot_11_25_2015_0_0.json	1448427600.0	0	0	0
snapshot_11_25_2015_12_0.json	1448470800.0	0	0	0
snapshot_11_25_2015_18_0.json	1448492400.0	0	0	0
snapshot_11_25_2015_6_0.json	1448449200.0	0	0	0
snapshot_11_25_2015_6_0.json	1448449200.0	0	0	0
snapshot_11_26_2015_0_0.json	1448514000.0	0	0	0
snapshot_11_27_2015_18_0.json	1448665200.0	0	0	0
snapshot_11_28_2015_12_0.json	1448730000.0	0	0	0
snapshot_11_28_2015_12_0.json	1448730000.0	0	0	0
snapshot_11_28_2015_6_0.json	1448708400.0	0	0	0
snapshot_11_29_2015_6_0.json	1448794800.0	0	0	0
snapshot_12_3_2015_0_0.json	1449118800.0	0	0	0
snapshot_12_3_2015_12_0.json	1449162000.0	0	0	0
9273753	2015-11-27T19:31:00Z	PARKING PASSES ONLY Missouri Tigers at Arkansas Razorbacks Football	Razorback Stadium Parking Lots	Arkansas Little Rock|3864	72701
snapshot_11_16_2015_0_0.json	1447650000.0	28.65	163	37
snapshot_11_17_2015_0_0.json	1447736400.0	33.33	163	34
snapshot_11_17_2015_12_0.json	1447779600.0	34.5	155	34
snapshot_11_17_2015_18_0.json	1447801200.0	34.5	155	34
snapshot_11_17_2015_6_0.json	1447758000.0	34.5	155	33
snapshot_11_17_2015_6_0.json	1447758000.0	34.5	155	33
snapshot_11_18_2015_0_0.json	1447822800.0	34.5	155	33
snapshot_11_18_2015_6_0.json	1447844400.0	34.5	155	33
snapshot_11_18_2015_6_0.json	1447844400.0	34.5	155	33
snapshot_11_19_2015_0_0.json	1447909200.0	22.8	150	31
snapshot_11_19_2015_12_0.json	1447952400.0	22.8	150	31
snapshot_11_19_2015_6_0.json	1447930800.0	22.8	150	31
snapshot_11_20_2015_0_0.json	1447995600.0	16.95	150	30
snapshot_11_21_2015_18_0.json	1448146800.0	19.37	150	25
snapshot_11_22_2015_12_0.json	1448211600.0	19.37	150	24
snapshot_11_22_2015_6_0.json	1448190000.0	19.37	150	23
snapshot_11_23_2015_0_0.json	1448254800.0	34.5	150	22
snapshot_11_23_2015_18_0.json	1448319600.0	27.48	150	24
snapshot_11_24_2015_0_0.json	1448341200.0	27.48	123	19
snapshot_11_24_2015_12_0.json	1448384400.0	27.48	108	18
snapshot_11_24_2015_12_0.json	1448384400.0	27.48	108	18
snapshot_11_24_2015_18_0.json	1448406000.0	27.48	108	14
snapshot_11_24_2015_6_0.json	1448362800.0	27.48	108	18
snapshot_11_25_2015_0_0.json	1448427600.0	0	0	0
snapshot_11_25_2015_12_0.json	1448470800.0	0	0	0
snapshot_11_25_2015_18_0.json	1448492400.0	0	0	0
snapshot_11_25_2015_6_0.json	1448449200.0	0	0	0
snapshot_11_25_2015_6_0.json	1448449200.0	0	0	0
snapshot_11_26_2015_0_0.json	1448514000.0	0	0	0
snapshot_11_27_2015_18_0.json	1448665200.0	0	0	0
snapshot_11_28_2015_12_0.json	1448730000.0	0	0	0
snapshot_11_28_2015_12_0.json	1448730000.0	0	0	0
snapshot_11_28_2015_6_0.json	1448708400.0	0	0	0
snapshot_11_29_2015_6_0.json	1448794800.0	0	0	0
snapshot_12_3_2015_0_0.json	1449118800.0	0	0	0
snapshot_12_3_2015_12_0.json	1449162000.0	0	0	0
