9274473	2015-11-22T20:00:00Z	Peter Pan	Count Basie Theatre	New Jersey Red Bank |80194	07701
snapshot_11_17_2015_0_0.json	1447736400.0	82.06	68	4
snapshot_11_17_2015_12_0.json	1447779600.0	82.06	68	4
snapshot_11_18_2015_12_0.json	1447866000.0	82.06	68	4
snapshot_11_18_2015_18_0.json	1447887600.0	82.06	68	4
snapshot_11_18_2015_6_0.json	1447844400.0	82.06	68	4
snapshot_11_18_2015_6_0.json	1447844400.0	82.06	68	4
snapshot_11_19_2015_0_0.json	1447909200.0	82.06	68	4
snapshot_11_19_2015_12_0.json	1447952400.0	82.06	68	4
snapshot_11_20_2015_12_0.json	1448038800.0	82.06	68	4
snapshot_11_21_2015_12_0.json	1448125200.0	82.06	68	4
snapshot_11_21_2015_18_0.json	1448146800.0	82.06	68	4
snapshot_11_22_2015_0_0.json	1448168400.0	82.06	68	4
snapshot_11_22_2015_0_0.json	1448168400.0	82.06	68	4
snapshot_11_22_2015_18_0.json	1448233200.0	82.06	68	4
snapshot_11_22_2015_18_0.json	1448233200.0	82.06	68	4
snapshot_11_23_2015_0_0.json	1448254800.0	82.06	68	4
snapshot_11_23_2015_12_0.json	1448298000.0	0	0	0
snapshot_11_23_2015_18_0.json	1448319600.0	0	0	0
snapshot_11_23_2015_6_0.json	1448276400.0	82.06	68	4
snapshot_11_24_2015_0_0.json	1448341200.0	0	0	0
snapshot_11_24_2015_12_0.json	1448384400.0	0	0	0
9274473	2015-11-22T20:00:00Z	Peter Pan	Count Basie Theatre	New Jersey Red Bank |80194	07701
snapshot_11_17_2015_0_0.json	1447736400.0	82.06	68	4
snapshot_11_17_2015_12_0.json	1447779600.0	82.06	68	4
snapshot_11_18_2015_12_0.json	1447866000.0	82.06	68	4
snapshot_11_18_2015_18_0.json	1447887600.0	82.06	68	4
snapshot_11_18_2015_6_0.json	1447844400.0	82.06	68	4
snapshot_11_18_2015_6_0.json	1447844400.0	82.06	68	4
snapshot_11_19_2015_0_0.json	1447909200.0	82.06	68	4
snapshot_11_19_2015_12_0.json	1447952400.0	82.06	68	4
snapshot_11_20_2015_12_0.json	1448038800.0	82.06	68	4
snapshot_11_21_2015_12_0.json	1448125200.0	82.06	68	4
snapshot_11_21_2015_18_0.json	1448146800.0	82.06	68	4
snapshot_11_22_2015_0_0.json	1448168400.0	82.06	68	4
snapshot_11_22_2015_0_0.json	1448168400.0	82.06	68	4
snapshot_11_22_2015_18_0.json	1448233200.0	82.06	68	4
snapshot_11_22_2015_18_0.json	1448233200.0	82.06	68	4
snapshot_11_23_2015_0_0.json	1448254800.0	82.06	68	4
snapshot_11_23_2015_12_0.json	1448298000.0	0	0	0
snapshot_11_23_2015_18_0.json	1448319600.0	0	0	0
snapshot_11_23_2015_6_0.json	1448276400.0	82.06	68	4
snapshot_11_24_2015_0_0.json	1448341200.0	0	0	0
snapshot_11_24_2015_12_0.json	1448384400.0	0	0	0
