9274331	2015-12-06T05:00:00Z	Sebastian Maniscalco	Stand Up Live	Arizona Phoenix|226	85003
snapshot_11_17_2015_0_0.json	1447736400.0	134.27	112.62	19
snapshot_11_17_2015_12_0.json	1447779600.0	134.27	112.62	19
snapshot_11_17_2015_18_0.json	1447801200.0	134.27	112.62	19
snapshot_11_18_2015_0_0.json	1447822800.0	134.27	112.62	19
snapshot_11_18_2015_0_0.json	1447822800.0	134.27	112.62	19
snapshot_11_18_2015_18_0.json	1447887600.0	134.27	112.62	19
snapshot_11_18_2015_6_0.json	1447844400.0	134.27	112.62	19
snapshot_11_19_2015_0_0.json	1447909200.0	134.27	112.62	19
snapshot_11_19_2015_12_0.json	1447952400.0	134.27	112.62	19
snapshot_11_19_2015_6_0.json	1447930800.0	134.27	112.62	19
snapshot_11_20_2015_0_0.json	1447995600.0	134.27	112.62	19
snapshot_11_20_2015_12_0.json	1448038800.0	134.27	112.62	19
snapshot_11_21_2015_18_0.json	1448146800.0	134.27	112.62	19
snapshot_11_22_2015_0_0.json	1448168400.0	134.27	112.62	19
snapshot_11_22_2015_12_0.json	1448211600.0	134.27	112.62	19
snapshot_11_22_2015_18_0.json	1448233200.0	134.27	112.62	19
snapshot_11_22_2015_18_0.json	1448233200.0	134.27	112.62	19
snapshot_11_22_2015_6_0.json	1448190000.0	134.27	112.62	19
snapshot_11_23_2015_0_0.json	1448254800.0	134.27	112.62	19
snapshot_11_23_2015_12_0.json	1448298000.0	134.27	112.62	19
snapshot_11_24_2015_0_0.json	1448341200.0	134.27	112.62	19
snapshot_11_24_2015_12_0.json	1448384400.0	134.27	112.62	19
snapshot_11_24_2015_18_0.json	1448406000.0	134.27	112.62	19
snapshot_11_24_2015_6_0.json	1448362800.0	134.27	112.62	19
snapshot_11_25_2015_0_0.json	1448427600.0	131.2	112.62	25
snapshot_11_25_2015_0_0.json	1448427600.0	131.2	112.62	25
snapshot_11_25_2015_12_0.json	1448470800.0	131.2	112.62	25
snapshot_11_25_2015_18_0.json	1448492400.0	131.2	112.62	25
snapshot_11_26_2015_0_0.json	1448514000.0	131.2	112.62	25
snapshot_11_26_2015_0_0.json	1448514000.0	131.2	112.62	25
snapshot_11_28_2015_0_0.json	1448686800.0	131.2	112.62	25
snapshot_11_28_2015_12_0.json	1448730000.0	131.2	112.62	25
snapshot_11_28_2015_18_0.json	1448751600.0	102.51	110	25
snapshot_11_28_2015_6_0.json	1448708400.0	131.2	112.62	25
snapshot_11_29_2015_0_0.json	1448773200.0	102.51	110	25
snapshot_11_29_2015_12_0.json	1448816400.0	102.51	110	25
snapshot_11_29_2015_18_0.json	1448838000.0	102.51	110	25
snapshot_11_29_2015_6_0.json	1448794800.0	102.51	110	25
snapshot_11_30_2015_0_0.json	1448859600.0	102.51	110	25
snapshot_11_30_2015_12_0.json	1448902800.0	102.51	110	25
snapshot_11_30_2015_18_0.json	1448924400.0	99.03	85.48	25
snapshot_11_30_2015_6_0.json	1448881200.0	102.51	110	25
snapshot_12_1_2015_0_0.json	1448946000.0	99.03	85.48	25
snapshot_12_1_2015_12_0.json	1448989200.0	99.03	85.48	25
snapshot_12_1_2015_12_0.json	1448989200.0	99.03	85.48	25
snapshot_12_1_2015_18_0.json	1449010800.0	99.03	85.48	25
snapshot_12_1_2015_6_0.json	1448967600.0	99.03	85.48	25
snapshot_12_1_2015_6_0.json	1448967600.0	99.03	85.48	25
snapshot_12_2_2015_0_0.json	1449032400.0	99.03	85.48	25
snapshot_12_2_2015_12_0.json	1449075600.0	99.03	85.48	25
snapshot_12_2_2015_18_0.json	1449097200.0	99.03	85.48	25
snapshot_12_3_2015_0_0.json	1449118800.0	75.63	85.48	25
snapshot_12_3_2015_12_0.json	1449162000.0	75.63	85.48	25
snapshot_12_3_2015_18_0.json	1449183600.0	75.63	85.48	25
snapshot_12_3_2015_6_0.json	1449140400.0	75.63	85.48	25
snapshot_12_4_2015_0_0.json	1449205200.0	75.63	85.48	25
snapshot_12_4_2015_12_0.json	1449248400.0	75.63	85.48	25
snapshot_12_4_2015_18_0.json	1449270000.0	68.38	62.5	25
snapshot_12_4_2015_6_0.json	1449226800.0	75.63	85.48	25
snapshot_12_5_2015_0_0.json	1449291600.0	63.93	56.31	25
snapshot_12_5_2015_12_0.json	1449334800.0	63.93	56.31	25
snapshot_12_5_2015_18_0.json	1449356400.0	54.26	52.5	25
snapshot_12_5_2015_6_0.json	1449313200.0	63.93	56.31	25
9274331	2015-12-06T05:00:00Z	Sebastian Maniscalco	Stand Up Live	Arizona Phoenix|226	85003
snapshot_11_17_2015_0_0.json	1447736400.0	134.27	112.62	19
snapshot_11_17_2015_12_0.json	1447779600.0	134.27	112.62	19
snapshot_11_17_2015_18_0.json	1447801200.0	134.27	112.62	19
snapshot_11_18_2015_0_0.json	1447822800.0	134.27	112.62	19
snapshot_11_18_2015_0_0.json	1447822800.0	134.27	112.62	19
snapshot_11_18_2015_18_0.json	1447887600.0	134.27	112.62	19
snapshot_11_18_2015_6_0.json	1447844400.0	134.27	112.62	19
snapshot_11_19_2015_0_0.json	1447909200.0	134.27	112.62	19
snapshot_11_19_2015_12_0.json	1447952400.0	134.27	112.62	19
snapshot_11_19_2015_6_0.json	1447930800.0	134.27	112.62	19
snapshot_11_20_2015_0_0.json	1447995600.0	134.27	112.62	19
snapshot_11_20_2015_12_0.json	1448038800.0	134.27	112.62	19
snapshot_11_21_2015_18_0.json	1448146800.0	134.27	112.62	19
snapshot_11_22_2015_0_0.json	1448168400.0	134.27	112.62	19
snapshot_11_22_2015_12_0.json	1448211600.0	134.27	112.62	19
snapshot_11_22_2015_18_0.json	1448233200.0	134.27	112.62	19
snapshot_11_22_2015_18_0.json	1448233200.0	134.27	112.62	19
snapshot_11_22_2015_6_0.json	1448190000.0	134.27	112.62	19
snapshot_11_23_2015_0_0.json	1448254800.0	134.27	112.62	19
snapshot_11_23_2015_12_0.json	1448298000.0	134.27	112.62	19
snapshot_11_24_2015_0_0.json	1448341200.0	134.27	112.62	19
snapshot_11_24_2015_12_0.json	1448384400.0	134.27	112.62	19
snapshot_11_24_2015_18_0.json	1448406000.0	134.27	112.62	19
snapshot_11_24_2015_6_0.json	1448362800.0	134.27	112.62	19
snapshot_11_25_2015_0_0.json	1448427600.0	131.2	112.62	25
snapshot_11_25_2015_0_0.json	1448427600.0	131.2	112.62	25
snapshot_11_25_2015_12_0.json	1448470800.0	131.2	112.62	25
snapshot_11_25_2015_18_0.json	1448492400.0	131.2	112.62	25
snapshot_11_26_2015_0_0.json	1448514000.0	131.2	112.62	25
snapshot_11_26_2015_0_0.json	1448514000.0	131.2	112.62	25
snapshot_11_28_2015_0_0.json	1448686800.0	131.2	112.62	25
snapshot_11_28_2015_12_0.json	1448730000.0	131.2	112.62	25
snapshot_11_28_2015_18_0.json	1448751600.0	102.51	110	25
snapshot_11_28_2015_6_0.json	1448708400.0	131.2	112.62	25
snapshot_11_29_2015_0_0.json	1448773200.0	102.51	110	25
snapshot_11_29_2015_12_0.json	1448816400.0	102.51	110	25
snapshot_11_29_2015_18_0.json	1448838000.0	102.51	110	25
snapshot_11_29_2015_6_0.json	1448794800.0	102.51	110	25
snapshot_11_30_2015_0_0.json	1448859600.0	102.51	110	25
snapshot_11_30_2015_12_0.json	1448902800.0	102.51	110	25
snapshot_11_30_2015_18_0.json	1448924400.0	99.03	85.48	25
snapshot_11_30_2015_6_0.json	1448881200.0	102.51	110	25
snapshot_12_1_2015_0_0.json	1448946000.0	99.03	85.48	25
snapshot_12_1_2015_12_0.json	1448989200.0	99.03	85.48	25
snapshot_12_1_2015_12_0.json	1448989200.0	99.03	85.48	25
snapshot_12_1_2015_18_0.json	1449010800.0	99.03	85.48	25
snapshot_12_1_2015_6_0.json	1448967600.0	99.03	85.48	25
snapshot_12_1_2015_6_0.json	1448967600.0	99.03	85.48	25
snapshot_12_2_2015_0_0.json	1449032400.0	99.03	85.48	25
snapshot_12_2_2015_12_0.json	1449075600.0	99.03	85.48	25
snapshot_12_2_2015_18_0.json	1449097200.0	99.03	85.48	25
snapshot_12_3_2015_0_0.json	1449118800.0	75.63	85.48	25
snapshot_12_3_2015_12_0.json	1449162000.0	75.63	85.48	25
snapshot_12_3_2015_18_0.json	1449183600.0	75.63	85.48	25
snapshot_12_3_2015_6_0.json	1449140400.0	75.63	85.48	25
snapshot_12_4_2015_0_0.json	1449205200.0	75.63	85.48	25
snapshot_12_4_2015_12_0.json	1449248400.0	75.63	85.48	25
snapshot_12_4_2015_18_0.json	1449270000.0	68.38	62.5	25
snapshot_12_4_2015_6_0.json	1449226800.0	75.63	85.48	25
snapshot_12_5_2015_0_0.json	1449291600.0	63.93	56.31	25
snapshot_12_5_2015_12_0.json	1449334800.0	63.93	56.31	25
snapshot_12_5_2015_18_0.json	1449356400.0	54.26	52.5	25
snapshot_12_5_2015_6_0.json	1449313200.0	63.93	56.31	25
