9275602	2015-11-21T01:00:00Z	USF Bulls	Raymond James Stadium	Florida Tampa / St. Petersburg|404	33607
snapshot_11_16_2015_0_0.json	1447650000.0	34.09	100	371
snapshot_11_17_2015_0_0.json	1447736400.0	34.09	100	354
snapshot_11_17_2015_12_0.json	1447779600.0	34.09	100	317
snapshot_11_17_2015_18_0.json	1447801200.0	31.75	100	290
snapshot_11_17_2015_6_0.json	1447758000.0	34.09	100	318
snapshot_11_17_2015_6_0.json	1447758000.0	34.09	100	318
snapshot_11_18_2015_0_0.json	1447822800.0	31.69	100	232
snapshot_11_18_2015_12_0.json	1447866000.0	31.75	81	205
snapshot_11_18_2015_18_0.json	1447887600.0	37.6	81	186
snapshot_11_18_2015_6_0.json	1447844400.0	31.75	100	205
snapshot_11_19_2015_0_0.json	1447909200.0	38.77	440	181
snapshot_11_19_2015_12_0.json	1447952400.0	38.77	80	164
snapshot_11_19_2015_6_0.json	1447930800.0	38.77	80	157
snapshot_11_20_2015_12_0.json	1448038800.0	31.75	74.74	82
snapshot_11_21_2015_12_0.json	1448125200.0	0	0	0
snapshot_11_21_2015_18_0.json	1448146800.0	0	0	0
snapshot_11_22_2015_0_0.json	1448168400.0	0	0	0
snapshot_11_22_2015_12_0.json	1448211600.0	0	0	0
snapshot_11_22_2015_18_0.json	1448233200.0	0	0	0
snapshot_11_22_2015_6_0.json	1448190000.0	0	0	0
snapshot_11_23_2015_0_0.json	1448254800.0	0	0	0
snapshot_11_23_2015_12_0.json	1448298000.0	0	0	0
snapshot_11_23_2015_18_0.json	1448319600.0	0	0	0
snapshot_11_23_2015_6_0.json	1448276400.0	0	0	0
9275602	2015-11-21T01:00:00Z	USF Bulls	Raymond James Stadium	Florida Tampa / St. Petersburg|404	33607
snapshot_11_16_2015_0_0.json	1447650000.0	34.09	100	371
snapshot_11_17_2015_0_0.json	1447736400.0	34.09	100	354
snapshot_11_17_2015_12_0.json	1447779600.0	34.09	100	317
snapshot_11_17_2015_18_0.json	1447801200.0	31.75	100	290
snapshot_11_17_2015_6_0.json	1447758000.0	34.09	100	318
snapshot_11_17_2015_6_0.json	1447758000.0	34.09	100	318
snapshot_11_18_2015_0_0.json	1447822800.0	31.69	100	232
snapshot_11_18_2015_12_0.json	1447866000.0	31.75	81	205
snapshot_11_18_2015_18_0.json	1447887600.0	37.6	81	186
snapshot_11_18_2015_6_0.json	1447844400.0	31.75	100	205
snapshot_11_19_2015_0_0.json	1447909200.0	38.77	440	181
snapshot_11_19_2015_12_0.json	1447952400.0	38.77	80	164
snapshot_11_19_2015_6_0.json	1447930800.0	38.77	80	157
snapshot_11_20_2015_12_0.json	1448038800.0	31.75	74.74	82
snapshot_11_21_2015_12_0.json	1448125200.0	0	0	0
snapshot_11_21_2015_18_0.json	1448146800.0	0	0	0
snapshot_11_22_2015_0_0.json	1448168400.0	0	0	0
snapshot_11_22_2015_12_0.json	1448211600.0	0	0	0
snapshot_11_22_2015_18_0.json	1448233200.0	0	0	0
snapshot_11_22_2015_6_0.json	1448190000.0	0	0	0
snapshot_11_23_2015_0_0.json	1448254800.0	0	0	0
snapshot_11_23_2015_12_0.json	1448298000.0	0	0	0
snapshot_11_23_2015_18_0.json	1448319600.0	0	0	0
snapshot_11_23_2015_6_0.json	1448276400.0	0	0	0
