9275688	2015-11-21T23:01:00Z	PARKING PASSES ONLY Washington at Oregon State	Reser Stadium Parking Lots	Oregon Portland|704	97331
snapshot_11_17_2015_12_0.json	1447779600.0	34.5	162	11
snapshot_11_17_2015_12_0.json	1447779600.0	34.5	162	11
snapshot_11_17_2015_18_0.json	1447801200.0	34.5	162	11
snapshot_11_17_2015_18_0.json	1447801200.0	34.5	162	11
snapshot_11_17_2015_6_0.json	1447758000.0	34.5	162	10
snapshot_11_18_2015_0_0.json	1447822800.0	32.16	162	10
snapshot_11_18_2015_12_0.json	1447866000.0	52.05	162	6
snapshot_11_18_2015_12_0.json	1447866000.0	52.05	162	6
snapshot_11_18_2015_18_0.json	1447887600.0	28.65	162	6
snapshot_11_18_2015_6_0.json	1447844400.0	52.05	162	6
snapshot_11_19_2015_0_0.json	1447909200.0	28.65	162	5
snapshot_11_19_2015_18_0.json	1447974000.0	28.65	162	5
snapshot_11_19_2015_6_0.json	1447930800.0	28.65	162	5
snapshot_11_20_2015_0_0.json	1447995600.0	0	0	0
snapshot_11_21_2015_12_0.json	1448125200.0	0	0	0
snapshot_11_21_2015_18_0.json	1448146800.0	0	0	0
snapshot_11_22_2015_0_0.json	1448168400.0	0	0	0
snapshot_11_22_2015_18_0.json	1448233200.0	0	0	0
snapshot_11_22_2015_6_0.json	1448190000.0	0	0	0
snapshot_11_23_2015_0_0.json	1448254800.0	0	0	0
snapshot_11_23_2015_12_0.json	1448298000.0	0	0	0
snapshot_11_23_2015_6_0.json	1448276400.0	0	0	0
snapshot_11_23_2015_6_0.json	1448276400.0	0	0	0
9275688	2015-11-21T23:01:00Z	PARKING PASSES ONLY Washington at Oregon State	Reser Stadium Parking Lots	Oregon Portland|704	97331
snapshot_11_17_2015_12_0.json	1447779600.0	34.5	162	11
snapshot_11_17_2015_12_0.json	1447779600.0	34.5	162	11
snapshot_11_17_2015_18_0.json	1447801200.0	34.5	162	11
snapshot_11_17_2015_18_0.json	1447801200.0	34.5	162	11
snapshot_11_17_2015_6_0.json	1447758000.0	34.5	162	10
snapshot_11_18_2015_0_0.json	1447822800.0	32.16	162	10
snapshot_11_18_2015_12_0.json	1447866000.0	52.05	162	6
snapshot_11_18_2015_12_0.json	1447866000.0	52.05	162	6
snapshot_11_18_2015_18_0.json	1447887600.0	28.65	162	6
snapshot_11_18_2015_6_0.json	1447844400.0	52.05	162	6
snapshot_11_19_2015_0_0.json	1447909200.0	28.65	162	5
snapshot_11_19_2015_18_0.json	1447974000.0	28.65	162	5
snapshot_11_19_2015_6_0.json	1447930800.0	28.65	162	5
snapshot_11_20_2015_0_0.json	1447995600.0	0	0	0
snapshot_11_21_2015_12_0.json	1448125200.0	0	0	0
snapshot_11_21_2015_18_0.json	1448146800.0	0	0	0
snapshot_11_22_2015_0_0.json	1448168400.0	0	0	0
snapshot_11_22_2015_18_0.json	1448233200.0	0	0	0
snapshot_11_22_2015_6_0.json	1448190000.0	0	0	0
snapshot_11_23_2015_0_0.json	1448254800.0	0	0	0
snapshot_11_23_2015_12_0.json	1448298000.0	0	0	0
snapshot_11_23_2015_6_0.json	1448276400.0	0	0	0
snapshot_11_23_2015_6_0.json	1448276400.0	0	0	0
