9275152	2015-12-04T01:00:00Z	Neil deGrasse Tyson	Prudential Hall at New Jersey Performing Arts Center	New York New York Metro|664	07102
snapshot_11_16_2015_0_0.json	1447650000.0	57.49	218	74
snapshot_11_17_2015_0_0.json	1447736400.0	57.49	218	74
snapshot_11_17_2015_12_0.json	1447779600.0	57.49	189	71
snapshot_11_17_2015_12_0.json	1447779600.0	57.49	189	71
snapshot_11_17_2015_18_0.json	1447801200.0	57.49	185	69
snapshot_11_17_2015_6_0.json	1447758000.0	57.49	189	71
snapshot_11_18_2015_12_0.json	1447866000.0	57.49	396	72
snapshot_11_18_2015_18_0.json	1447887600.0	57.49	185	72
snapshot_11_18_2015_6_0.json	1447844400.0	57.49	185	72
snapshot_11_19_2015_0_0.json	1447909200.0	57.49	396	69
snapshot_11_19_2015_12_0.json	1447952400.0	57.49	396	67
snapshot_11_19_2015_12_0.json	1447952400.0	57.49	396	67
snapshot_11_19_2015_6_0.json	1447930800.0	57.49	396	67
snapshot_11_20_2015_0_0.json	1447995600.0	57.49	177	57
snapshot_11_20_2015_12_0.json	1448038800.0	57.49	177	56
snapshot_11_21_2015_12_0.json	1448125200.0	57.49	177	50
snapshot_11_21_2015_18_0.json	1448146800.0	57.49	177	50
snapshot_11_22_2015_0_0.json	1448168400.0	57.49	177	50
snapshot_11_22_2015_12_0.json	1448211600.0	57.49	199.99	50
snapshot_11_22_2015_18_0.json	1448233200.0	57.49	199.99	48
snapshot_11_22_2015_18_0.json	1448233200.0	57.49	199.99	48
snapshot_11_23_2015_0_0.json	1448254800.0	57.49	199.99	46
snapshot_11_23_2015_12_0.json	1448298000.0	57.49	177	46
snapshot_11_23_2015_12_0.json	1448298000.0	57.49	177	46
snapshot_11_23_2015_18_0.json	1448319600.0	57.49	177	43
snapshot_11_24_2015_0_0.json	1448341200.0	53.98	177	43
snapshot_11_24_2015_12_0.json	1448384400.0	53.98	177	43
snapshot_11_24_2015_18_0.json	1448406000.0	53.98	177	43
snapshot_11_24_2015_6_0.json	1448362800.0	53.98	177	43
snapshot_11_25_2015_0_0.json	1448427600.0	59.83	177	33
snapshot_11_25_2015_0_0.json	1448427600.0	59.83	177	33
snapshot_11_25_2015_12_0.json	1448470800.0	59.83	177	30
snapshot_11_25_2015_18_0.json	1448492400.0	59.83	177	29
snapshot_11_25_2015_6_0.json	1448449200.0	59.83	177	31
snapshot_11_25_2015_6_0.json	1448449200.0	59.83	177	31
snapshot_11_26_2015_0_0.json	1448514000.0	59.83	177	27
snapshot_11_26_2015_0_0.json	1448514000.0	59.83	177	27
snapshot_11_27_2015_18_0.json	1448665200.0	57.49	399.99	24
snapshot_11_28_2015_12_0.json	1448730000.0	57.49	399.99	24
snapshot_11_28_2015_18_0.json	1448751600.0	169.8	399.99	17
snapshot_11_29_2015_0_0.json	1448773200.0	169.8	399.99	20
snapshot_11_29_2015_0_0.json	1448773200.0	169.8	399.99	20
snapshot_11_29_2015_12_0.json	1448816400.0	169.8	399.99	20
snapshot_11_29_2015_18_0.json	1448838000.0	166.25	399.99	22
snapshot_11_29_2015_6_0.json	1448794800.0	169.8	399.99	20
snapshot_11_30_2015_12_0.json	1448902800.0	166.25	399.99	23
snapshot_11_30_2015_18_0.json	1448924400.0	166.25	399.99	22
snapshot_11_30_2015_6_0.json	1448881200.0	166.25	399.99	23
snapshot_12_1_2015_12_0.json	1448989200.0	160.45	399.99	20
snapshot_12_1_2015_18_0.json	1449010800.0	106.63	399.99	22
snapshot_12_1_2015_6_0.json	1448967600.0	160.45	399.99	20
snapshot_12_2_2015_18_0.json	1449097200.0	113.65	299.99	24
snapshot_12_2_2015_6_0.json	1449054000.0	113.65	299.99	24
snapshot_12_2_2015_6_0.json	1449054000.0	113.65	299.99	24
snapshot_12_3_2015_0_0.json	1449118800.0	113.64	200	16
snapshot_12_3_2015_12_0.json	1449162000.0	49.3	200	17
snapshot_12_3_2015_18_0.json	1449183600.0	49.3	200	6
snapshot_12_3_2015_6_0.json	1449140400.0	49.3	200	17
snapshot_12_4_2015_0_0.json	1449205200.0	96.1	80	2
snapshot_12_4_2015_12_0.json	1449248400.0	0	0	0
snapshot_12_4_2015_12_0.json	1449248400.0	0	0	0
snapshot_12_4_2015_18_0.json	1449270000.0	0	0	0
snapshot_12_5_2015_0_0.json	1449291600.0	0	0	0
snapshot_12_5_2015_12_0.json	1449334800.0	0	0	0
snapshot_12_5_2015_18_0.json	1449356400.0	0	0	0
9275152	2015-12-04T01:00:00Z	Neil deGrasse Tyson	Prudential Hall at New Jersey Performing Arts Center	New York New York Metro|664	07102
snapshot_11_16_2015_0_0.json	1447650000.0	57.49	218	74
snapshot_11_17_2015_0_0.json	1447736400.0	57.49	218	74
snapshot_11_17_2015_12_0.json	1447779600.0	57.49	189	71
snapshot_11_17_2015_12_0.json	1447779600.0	57.49	189	71
snapshot_11_17_2015_18_0.json	1447801200.0	57.49	185	69
snapshot_11_17_2015_6_0.json	1447758000.0	57.49	189	71
snapshot_11_18_2015_12_0.json	1447866000.0	57.49	396	72
snapshot_11_18_2015_18_0.json	1447887600.0	57.49	185	72
snapshot_11_18_2015_6_0.json	1447844400.0	57.49	185	72
snapshot_11_19_2015_0_0.json	1447909200.0	57.49	396	69
snapshot_11_19_2015_12_0.json	1447952400.0	57.49	396	67
snapshot_11_19_2015_12_0.json	1447952400.0	57.49	396	67
snapshot_11_19_2015_6_0.json	1447930800.0	57.49	396	67
snapshot_11_20_2015_0_0.json	1447995600.0	57.49	177	57
snapshot_11_20_2015_12_0.json	1448038800.0	57.49	177	56
snapshot_11_21_2015_12_0.json	1448125200.0	57.49	177	50
snapshot_11_21_2015_18_0.json	1448146800.0	57.49	177	50
snapshot_11_22_2015_0_0.json	1448168400.0	57.49	177	50
snapshot_11_22_2015_12_0.json	1448211600.0	57.49	199.99	50
snapshot_11_22_2015_18_0.json	1448233200.0	57.49	199.99	48
snapshot_11_22_2015_18_0.json	1448233200.0	57.49	199.99	48
snapshot_11_23_2015_0_0.json	1448254800.0	57.49	199.99	46
snapshot_11_23_2015_12_0.json	1448298000.0	57.49	177	46
snapshot_11_23_2015_12_0.json	1448298000.0	57.49	177	46
snapshot_11_23_2015_18_0.json	1448319600.0	57.49	177	43
snapshot_11_24_2015_0_0.json	1448341200.0	53.98	177	43
snapshot_11_24_2015_12_0.json	1448384400.0	53.98	177	43
snapshot_11_24_2015_18_0.json	1448406000.0	53.98	177	43
snapshot_11_24_2015_6_0.json	1448362800.0	53.98	177	43
snapshot_11_25_2015_0_0.json	1448427600.0	59.83	177	33
snapshot_11_25_2015_0_0.json	1448427600.0	59.83	177	33
snapshot_11_25_2015_12_0.json	1448470800.0	59.83	177	30
snapshot_11_25_2015_18_0.json	1448492400.0	59.83	177	29
snapshot_11_25_2015_6_0.json	1448449200.0	59.83	177	31
snapshot_11_25_2015_6_0.json	1448449200.0	59.83	177	31
snapshot_11_26_2015_0_0.json	1448514000.0	59.83	177	27
snapshot_11_26_2015_0_0.json	1448514000.0	59.83	177	27
snapshot_11_27_2015_18_0.json	1448665200.0	57.49	399.99	24
snapshot_11_28_2015_12_0.json	1448730000.0	57.49	399.99	24
snapshot_11_28_2015_18_0.json	1448751600.0	169.8	399.99	17
snapshot_11_29_2015_0_0.json	1448773200.0	169.8	399.99	20
snapshot_11_29_2015_0_0.json	1448773200.0	169.8	399.99	20
snapshot_11_29_2015_12_0.json	1448816400.0	169.8	399.99	20
snapshot_11_29_2015_18_0.json	1448838000.0	166.25	399.99	22
snapshot_11_29_2015_6_0.json	1448794800.0	169.8	399.99	20
snapshot_11_30_2015_12_0.json	1448902800.0	166.25	399.99	23
snapshot_11_30_2015_18_0.json	1448924400.0	166.25	399.99	22
snapshot_11_30_2015_6_0.json	1448881200.0	166.25	399.99	23
snapshot_12_1_2015_12_0.json	1448989200.0	160.45	399.99	20
snapshot_12_1_2015_18_0.json	1449010800.0	106.63	399.99	22
snapshot_12_1_2015_6_0.json	1448967600.0	160.45	399.99	20
snapshot_12_2_2015_18_0.json	1449097200.0	113.65	299.99	24
snapshot_12_2_2015_6_0.json	1449054000.0	113.65	299.99	24
snapshot_12_2_2015_6_0.json	1449054000.0	113.65	299.99	24
snapshot_12_3_2015_0_0.json	1449118800.0	113.64	200	16
snapshot_12_3_2015_12_0.json	1449162000.0	49.3	200	17
snapshot_12_3_2015_18_0.json	1449183600.0	49.3	200	6
snapshot_12_3_2015_6_0.json	1449140400.0	49.3	200	17
snapshot_12_4_2015_0_0.json	1449205200.0	96.1	80	2
snapshot_12_4_2015_12_0.json	1449248400.0	0	0	0
snapshot_12_4_2015_12_0.json	1449248400.0	0	0	0
snapshot_12_4_2015_18_0.json	1449270000.0	0	0	0
snapshot_12_5_2015_0_0.json	1449291600.0	0	0	0
snapshot_12_5_2015_12_0.json	1449334800.0	0	0	0
snapshot_12_5_2015_18_0.json	1449356400.0	0	0	0
