9276015	2015-11-19T00:30:00Z	Tosca	Metropolitan Opera	New York New York Metro|664	10023
snapshot_11_16_2015_0_0.json	1447650000.0	283.3	828	34
snapshot_11_17_2015_0_0.json	1447736400.0	283.3	473	11
snapshot_11_17_2015_12_0.json	1447779600.0	555.91	473	9
snapshot_11_17_2015_18_0.json	1447801200.0	555.91	473	9
snapshot_11_18_2015_0_0.json	1447822800.0	555.91	473	2
snapshot_11_18_2015_12_0.json	1447866000.0	555.91	473	2
snapshot_11_18_2015_18_0.json	1447887600.0	555.91	473	2
snapshot_11_18_2015_6_0.json	1447844400.0	555.91	473	2
snapshot_11_18_2015_6_0.json	1447844400.0	555.91	473	2
snapshot_11_19_2015_0_0.json	1447909200.0	178	150	2
snapshot_11_20_2015_12_0.json	1448038800.0	0	0	0
9276015	2015-11-19T00:30:00Z	Tosca	Metropolitan Opera	New York New York Metro|664	10023
snapshot_11_16_2015_0_0.json	1447650000.0	283.3	828	34
snapshot_11_17_2015_0_0.json	1447736400.0	283.3	473	11
snapshot_11_17_2015_12_0.json	1447779600.0	555.91	473	9
snapshot_11_17_2015_18_0.json	1447801200.0	555.91	473	9
snapshot_11_18_2015_0_0.json	1447822800.0	555.91	473	2
snapshot_11_18_2015_12_0.json	1447866000.0	555.91	473	2
snapshot_11_18_2015_18_0.json	1447887600.0	555.91	473	2
snapshot_11_18_2015_6_0.json	1447844400.0	555.91	473	2
snapshot_11_18_2015_6_0.json	1447844400.0	555.91	473	2
snapshot_11_19_2015_0_0.json	1447909200.0	178	150	2
snapshot_11_20_2015_12_0.json	1448038800.0	0	0	0
