9277037	2015-11-22T01:30:00Z	Tosca	Metropolitan Opera	New York New York Metro|664	10023
snapshot_11_16_2015_0_0.json	1447650000.0	145.65	828	65
snapshot_11_17_2015_12_0.json	1447779600.0	87.15	828	68
snapshot_11_17_2015_18_0.json	1447801200.0	145.65	828	65
snapshot_11_17_2015_6_0.json	1447758000.0	87.15	828	68
snapshot_11_18_2015_0_0.json	1447822800.0	145.65	828	65
snapshot_11_18_2015_12_0.json	1447866000.0	145.65	828	65
snapshot_11_18_2015_12_0.json	1447866000.0	145.65	828	65
snapshot_11_18_2015_18_0.json	1447887600.0	145.65	828	47
snapshot_11_18_2015_6_0.json	1447844400.0	145.65	828	65
snapshot_11_19_2015_0_0.json	1447909200.0	591.42	828	32
snapshot_11_19_2015_12_0.json	1447952400.0	591.42	828	32
snapshot_11_19_2015_12_0.json	1447952400.0	591.42	828	32
snapshot_11_20_2015_0_0.json	1447995600.0	591.42	828	32
snapshot_11_20_2015_0_0.json	1447995600.0	591.42	828	32
snapshot_11_20_2015_12_0.json	1448038800.0	591.42	828	32
snapshot_11_21_2015_12_0.json	1448125200.0	107.8	90	2
snapshot_11_21_2015_12_0.json	1448125200.0	107.8	90	2
snapshot_11_21_2015_18_0.json	1448146800.0	107.8	90	2
snapshot_11_22_2015_0_0.json	1448168400.0	107.8	90	2
snapshot_11_22_2015_18_0.json	1448233200.0	0	0	0
snapshot_11_22_2015_6_0.json	1448190000.0	0	0	0
snapshot_11_23_2015_12_0.json	1448298000.0	0	0	0
snapshot_11_23_2015_18_0.json	1448319600.0	0	0	0
snapshot_11_23_2015_6_0.json	1448276400.0	0	0	0
snapshot_11_23_2015_6_0.json	1448276400.0	0	0	0
snapshot_11_24_2015_0_0.json	1448341200.0	0	0	0
9277037	2015-11-22T01:30:00Z	Tosca	Metropolitan Opera	New York New York Metro|664	10023
snapshot_11_16_2015_0_0.json	1447650000.0	145.65	828	65
snapshot_11_17_2015_12_0.json	1447779600.0	87.15	828	68
snapshot_11_17_2015_18_0.json	1447801200.0	145.65	828	65
snapshot_11_17_2015_6_0.json	1447758000.0	87.15	828	68
snapshot_11_18_2015_0_0.json	1447822800.0	145.65	828	65
snapshot_11_18_2015_12_0.json	1447866000.0	145.65	828	65
snapshot_11_18_2015_12_0.json	1447866000.0	145.65	828	65
snapshot_11_18_2015_18_0.json	1447887600.0	145.65	828	47
snapshot_11_18_2015_6_0.json	1447844400.0	145.65	828	65
snapshot_11_19_2015_0_0.json	1447909200.0	591.42	828	32
snapshot_11_19_2015_12_0.json	1447952400.0	591.42	828	32
snapshot_11_19_2015_12_0.json	1447952400.0	591.42	828	32
snapshot_11_20_2015_0_0.json	1447995600.0	591.42	828	32
snapshot_11_20_2015_0_0.json	1447995600.0	591.42	828	32
snapshot_11_20_2015_12_0.json	1448038800.0	591.42	828	32
snapshot_11_21_2015_12_0.json	1448125200.0	107.8	90	2
snapshot_11_21_2015_12_0.json	1448125200.0	107.8	90	2
snapshot_11_21_2015_18_0.json	1448146800.0	107.8	90	2
snapshot_11_22_2015_0_0.json	1448168400.0	107.8	90	2
snapshot_11_22_2015_18_0.json	1448233200.0	0	0	0
snapshot_11_22_2015_6_0.json	1448190000.0	0	0	0
snapshot_11_23_2015_12_0.json	1448298000.0	0	0	0
snapshot_11_23_2015_18_0.json	1448319600.0	0	0	0
snapshot_11_23_2015_6_0.json	1448276400.0	0	0	0
snapshot_11_23_2015_6_0.json	1448276400.0	0	0	0
snapshot_11_24_2015_0_0.json	1448341200.0	0	0	0
