9278520	2015-12-13T01:00:00Z	Andrea Bocelli	Wells Fargo Center Philadelphia	Pennsylvania Philadelphia|522	19148
snapshot_11_16_2015_0_0.json	1447650000.0	159.28	3200	479
snapshot_11_17_2015_0_0.json	1447736400.0	159.28	3200	468
snapshot_11_17_2015_12_0.json	1447779600.0	154.6	3200	468
snapshot_11_17_2015_18_0.json	1447801200.0	154.6	3200	465
snapshot_11_18_2015_0_0.json	1447822800.0	154.6	3200	475
snapshot_11_18_2015_18_0.json	1447887600.0	153.43	3200	467
snapshot_11_18_2015_6_0.json	1447844400.0	154.6	3200	469
snapshot_11_18_2015_6_0.json	1447844400.0	154.6	3200	469
snapshot_11_19_2015_0_0.json	1447909200.0	156.94	3200	465
snapshot_11_19_2015_0_0.json	1447909200.0	156.94	3200	465
snapshot_11_19_2015_12_0.json	1447952400.0	159.28	3200	459
snapshot_11_19_2015_6_0.json	1447930800.0	156.94	3200	461
snapshot_11_20_2015_12_0.json	1448038800.0	139.39	3200	558
snapshot_11_21_2015_12_0.json	1448125200.0	139.39	3200	566
snapshot_11_21_2015_18_0.json	1448146800.0	139.39	3200	553
snapshot_11_22_2015_0_0.json	1448168400.0	139.39	3200	544
snapshot_11_22_2015_12_0.json	1448211600.0	139.39	3200	539
snapshot_11_22_2015_18_0.json	1448233200.0	146.41	3200	531
snapshot_11_22_2015_6_0.json	1448190000.0	139.39	3200	539
snapshot_11_23_2015_0_0.json	1448254800.0	146.41	3200	517
snapshot_11_23_2015_12_0.json	1448298000.0	146.41	3200	513
snapshot_11_23_2015_18_0.json	1448319600.0	146.41	3200	509
snapshot_11_23_2015_6_0.json	1448276400.0	146.41	3200	511
snapshot_11_24_2015_0_0.json	1448341200.0	146.41	3200	607
snapshot_11_24_2015_12_0.json	1448384400.0	146.41	3200	607
snapshot_11_24_2015_18_0.json	1448406000.0	146.41	3200	600
snapshot_11_24_2015_6_0.json	1448362800.0	146.41	3200	607
snapshot_11_25_2015_0_0.json	1448427600.0	146.41	3200	595
snapshot_11_25_2015_12_0.json	1448470800.0	148.75	3200	593
snapshot_11_25_2015_18_0.json	1448492400.0	148.75	3200	583
snapshot_11_26_2015_0_0.json	1448514000.0	148.75	3200	604
snapshot_11_26_2015_0_0.json	1448514000.0	148.75	3200	604
snapshot_11_27_2015_18_0.json	1448665200.0	148.75	3200	577
snapshot_11_28_2015_12_0.json	1448730000.0	148.75	3200	577
snapshot_11_29_2015_0_0.json	1448773200.0	148.75	3200	575
snapshot_11_29_2015_0_0.json	1448773200.0	148.75	3200	575
snapshot_11_29_2015_12_0.json	1448816400.0	148.75	3200	565
snapshot_11_29_2015_18_0.json	1448838000.0	148.75	3200	553
snapshot_11_29_2015_6_0.json	1448794800.0	148.75	3200	565
snapshot_11_29_2015_6_0.json	1448794800.0	148.75	3200	565
snapshot_11_30_2015_0_0.json	1448859600.0	165.13	3200	547
snapshot_11_30_2015_0_0.json	1448859600.0	165.13	3200	547
snapshot_11_30_2015_0_0.json	1448859600.0	165.13	3200	547
snapshot_11_30_2015_12_0.json	1448902800.0	153.43	3200	543
snapshot_11_30_2015_12_0.json	1448902800.0	153.43	3200	543
snapshot_11_30_2015_18_0.json	1448924400.0	153.43	3200	541
snapshot_12_1_2015_0_0.json	1448946000.0	172.15	3200	533
snapshot_12_1_2015_12_0.json	1448989200.0	172.15	3200	528
snapshot_12_1_2015_18_0.json	1449010800.0	172.15	3200	510
snapshot_12_1_2015_6_0.json	1448967600.0	172.15	3200	528
snapshot_12_2_2015_0_0.json	1449032400.0	172.15	2000	492
snapshot_12_2_2015_12_0.json	1449075600.0	188.53	2000	485
snapshot_12_2_2015_18_0.json	1449097200.0	188.53	1500	472
snapshot_12_2_2015_6_0.json	1449054000.0	188.53	2000	485
snapshot_12_2_2015_6_0.json	1449054000.0	188.53	2000	485
snapshot_12_3_2015_0_0.json	1449118800.0	178	1500	474
snapshot_12_3_2015_12_0.json	1449162000.0	178	1500	465
snapshot_12_3_2015_18_0.json	1449183600.0	178	1500	461
snapshot_12_3_2015_18_0.json	1449183600.0	178	1500	461
snapshot_12_3_2015_6_0.json	1449140400.0	178	1500	465
snapshot_12_4_2015_0_0.json	1449205200.0	178	1500	459
snapshot_12_4_2015_12_0.json	1449248400.0	160.45	1500	466
snapshot_12_4_2015_18_0.json	1449270000.0	160.45	1500	470
snapshot_12_4_2015_6_0.json	1449226800.0	160.45	1500	466
snapshot_12_5_2015_0_0.json	1449291600.0	160.45	1500	459
snapshot_12_5_2015_12_0.json	1449334800.0	166.3	1500	459
snapshot_12_5_2015_18_0.json	1449356400.0	166.3	1500	451
snapshot_12_5_2015_6_0.json	1449313200.0	166.3	1500	461
9278520	2015-12-13T01:00:00Z	Andrea Bocelli	Wells Fargo Center Philadelphia	Pennsylvania Philadelphia|522	19148
snapshot_11_16_2015_0_0.json	1447650000.0	159.28	3200	479
snapshot_11_17_2015_0_0.json	1447736400.0	159.28	3200	468
snapshot_11_17_2015_12_0.json	1447779600.0	154.6	3200	468
snapshot_11_17_2015_18_0.json	1447801200.0	154.6	3200	465
snapshot_11_18_2015_0_0.json	1447822800.0	154.6	3200	475
snapshot_11_18_2015_18_0.json	1447887600.0	153.43	3200	467
snapshot_11_18_2015_6_0.json	1447844400.0	154.6	3200	469
snapshot_11_18_2015_6_0.json	1447844400.0	154.6	3200	469
snapshot_11_19_2015_0_0.json	1447909200.0	156.94	3200	465
snapshot_11_19_2015_0_0.json	1447909200.0	156.94	3200	465
snapshot_11_19_2015_12_0.json	1447952400.0	159.28	3200	459
snapshot_11_19_2015_6_0.json	1447930800.0	156.94	3200	461
snapshot_11_20_2015_12_0.json	1448038800.0	139.39	3200	558
snapshot_11_21_2015_12_0.json	1448125200.0	139.39	3200	566
snapshot_11_21_2015_18_0.json	1448146800.0	139.39	3200	553
snapshot_11_22_2015_0_0.json	1448168400.0	139.39	3200	544
snapshot_11_22_2015_12_0.json	1448211600.0	139.39	3200	539
snapshot_11_22_2015_18_0.json	1448233200.0	146.41	3200	531
snapshot_11_22_2015_6_0.json	1448190000.0	139.39	3200	539
snapshot_11_23_2015_0_0.json	1448254800.0	146.41	3200	517
snapshot_11_23_2015_12_0.json	1448298000.0	146.41	3200	513
snapshot_11_23_2015_18_0.json	1448319600.0	146.41	3200	509
snapshot_11_23_2015_6_0.json	1448276400.0	146.41	3200	511
snapshot_11_24_2015_0_0.json	1448341200.0	146.41	3200	607
snapshot_11_24_2015_12_0.json	1448384400.0	146.41	3200	607
snapshot_11_24_2015_18_0.json	1448406000.0	146.41	3200	600
snapshot_11_24_2015_6_0.json	1448362800.0	146.41	3200	607
snapshot_11_25_2015_0_0.json	1448427600.0	146.41	3200	595
snapshot_11_25_2015_12_0.json	1448470800.0	148.75	3200	593
snapshot_11_25_2015_18_0.json	1448492400.0	148.75	3200	583
snapshot_11_26_2015_0_0.json	1448514000.0	148.75	3200	604
snapshot_11_26_2015_0_0.json	1448514000.0	148.75	3200	604
snapshot_11_27_2015_18_0.json	1448665200.0	148.75	3200	577
snapshot_11_28_2015_12_0.json	1448730000.0	148.75	3200	577
snapshot_11_29_2015_0_0.json	1448773200.0	148.75	3200	575
snapshot_11_29_2015_0_0.json	1448773200.0	148.75	3200	575
snapshot_11_29_2015_12_0.json	1448816400.0	148.75	3200	565
snapshot_11_29_2015_18_0.json	1448838000.0	148.75	3200	553
snapshot_11_29_2015_6_0.json	1448794800.0	148.75	3200	565
snapshot_11_29_2015_6_0.json	1448794800.0	148.75	3200	565
snapshot_11_30_2015_0_0.json	1448859600.0	165.13	3200	547
snapshot_11_30_2015_0_0.json	1448859600.0	165.13	3200	547
snapshot_11_30_2015_0_0.json	1448859600.0	165.13	3200	547
snapshot_11_30_2015_12_0.json	1448902800.0	153.43	3200	543
snapshot_11_30_2015_12_0.json	1448902800.0	153.43	3200	543
snapshot_11_30_2015_18_0.json	1448924400.0	153.43	3200	541
snapshot_12_1_2015_0_0.json	1448946000.0	172.15	3200	533
snapshot_12_1_2015_12_0.json	1448989200.0	172.15	3200	528
snapshot_12_1_2015_18_0.json	1449010800.0	172.15	3200	510
snapshot_12_1_2015_6_0.json	1448967600.0	172.15	3200	528
snapshot_12_2_2015_0_0.json	1449032400.0	172.15	2000	492
snapshot_12_2_2015_12_0.json	1449075600.0	188.53	2000	485
snapshot_12_2_2015_18_0.json	1449097200.0	188.53	1500	472
snapshot_12_2_2015_6_0.json	1449054000.0	188.53	2000	485
snapshot_12_2_2015_6_0.json	1449054000.0	188.53	2000	485
snapshot_12_3_2015_0_0.json	1449118800.0	178	1500	474
snapshot_12_3_2015_12_0.json	1449162000.0	178	1500	465
snapshot_12_3_2015_18_0.json	1449183600.0	178	1500	461
snapshot_12_3_2015_18_0.json	1449183600.0	178	1500	461
snapshot_12_3_2015_6_0.json	1449140400.0	178	1500	465
snapshot_12_4_2015_0_0.json	1449205200.0	178	1500	459
snapshot_12_4_2015_12_0.json	1449248400.0	160.45	1500	466
snapshot_12_4_2015_18_0.json	1449270000.0	160.45	1500	470
snapshot_12_4_2015_6_0.json	1449226800.0	160.45	1500	466
snapshot_12_5_2015_0_0.json	1449291600.0	160.45	1500	459
snapshot_12_5_2015_12_0.json	1449334800.0	166.3	1500	459
snapshot_12_5_2015_18_0.json	1449356400.0	166.3	1500	451
snapshot_12_5_2015_6_0.json	1449313200.0	166.3	1500	461
