9278562	2016-01-01T03:30:00Z	Celine Dion	The Colosseum at Caesars Palace	Nevada Las Vegas|689	89109
snapshot_11_16_2015_0_0.json	1447650000.0	137.05	1350	486
snapshot_11_17_2015_0_0.json	1447736400.0	137.05	1350	479
snapshot_11_17_2015_0_0.json	1447736400.0	137.05	1350	479
snapshot_11_17_2015_12_0.json	1447779600.0	137.05	1350	479
snapshot_11_18_2015_0_0.json	1447822800.0	137.05	1350	472
snapshot_11_18_2015_0_0.json	1447822800.0	137.05	1350	472
snapshot_11_18_2015_12_0.json	1447866000.0	137.05	1350	473
snapshot_11_18_2015_18_0.json	1447887600.0	137.05	1350	473
snapshot_11_18_2015_6_0.json	1447844400.0	137.05	1350	472
snapshot_11_19_2015_6_0.json	1447930800.0	137.05	1350	465
snapshot_11_20_2015_12_0.json	1448038800.0	137.05	1350	453
snapshot_11_21_2015_12_0.json	1448125200.0	137.05	1350	406
snapshot_11_22_2015_12_0.json	1448211600.0	137.05	1350	427
snapshot_11_22_2015_18_0.json	1448233200.0	137.05	1350	426
snapshot_11_22_2015_18_0.json	1448233200.0	137.05	1350	426
snapshot_11_22_2015_6_0.json	1448190000.0	137.05	1350	430
snapshot_11_23_2015_0_0.json	1448254800.0	137.05	1350	424
snapshot_11_23_2015_18_0.json	1448319600.0	137.05	1350	413
snapshot_11_23_2015_6_0.json	1448276400.0	137.05	1350	418
snapshot_11_24_2015_12_0.json	1448384400.0	137.05	1350	404
snapshot_11_24_2015_18_0.json	1448406000.0	137.05	1350	404
snapshot_11_24_2015_6_0.json	1448362800.0	137.05	1350	404
snapshot_11_25_2015_0_0.json	1448427600.0	137.05	1350	445
snapshot_11_25_2015_0_0.json	1448427600.0	137.05	1350	445
snapshot_11_25_2015_12_0.json	1448470800.0	137.05	2000	445
snapshot_11_25_2015_12_0.json	1448470800.0	137.05	2000	445
snapshot_11_25_2015_18_0.json	1448492400.0	137.05	2000	441
snapshot_11_26_2015_0_0.json	1448514000.0	137.05	2000	436
snapshot_11_27_2015_18_0.json	1448665200.0	142.9	2000	413
snapshot_11_28_2015_0_0.json	1448686800.0	142.9	2000	411
snapshot_11_28_2015_12_0.json	1448730000.0	142.9	2000	411
snapshot_11_28_2015_18_0.json	1448751600.0	131.19	2000	409
snapshot_11_28_2015_6_0.json	1448708400.0	142.9	2000	411
snapshot_11_29_2015_0_0.json	1448773200.0	142.9	2000	399
snapshot_11_29_2015_0_0.json	1448773200.0	142.9	2000	399
snapshot_11_29_2015_12_0.json	1448816400.0	142.9	2000	401
snapshot_11_29_2015_18_0.json	1448838000.0	142.9	2000	399
snapshot_11_29_2015_6_0.json	1448794800.0	142.9	2000	401
snapshot_11_30_2015_0_0.json	1448859600.0	142.9	2000	391
snapshot_11_30_2015_12_0.json	1448902800.0	142.9	2000	387
snapshot_11_30_2015_18_0.json	1448924400.0	142.9	2000	379
snapshot_12_1_2015_0_0.json	1448946000.0	142.9	2000	358
snapshot_12_1_2015_12_0.json	1448989200.0	142.9	2000	354
snapshot_12_1_2015_18_0.json	1449010800.0	142.9	2000	348
snapshot_12_1_2015_6_0.json	1448967600.0	142.9	2000	354
snapshot_12_2_2015_0_0.json	1449032400.0	142.9	2000	341
snapshot_12_2_2015_12_0.json	1449075600.0	142.9	2000	336
snapshot_12_2_2015_18_0.json	1449097200.0	142.9	2000	332
snapshot_12_2_2015_6_0.json	1449054000.0	142.9	2000	336
snapshot_12_2_2015_6_0.json	1449054000.0	142.9	2000	336
snapshot_12_3_2015_0_0.json	1449118800.0	142.9	2000	329
snapshot_12_3_2015_12_0.json	1449162000.0	142.9	2000	327
snapshot_12_3_2015_18_0.json	1449183600.0	142.9	2000	323
snapshot_12_4_2015_0_0.json	1449205200.0	142.9	2000	319
snapshot_12_4_2015_12_0.json	1449248400.0	142.9	2000	317
snapshot_12_4_2015_18_0.json	1449270000.0	142.9	2000	313
snapshot_12_4_2015_6_0.json	1449226800.0	142.9	2000	315
snapshot_12_5_2015_0_0.json	1449291600.0	142.9	2000	315
snapshot_12_5_2015_18_0.json	1449356400.0	159.75	2000	311
snapshot_12_5_2015_6_0.json	1449313200.0	142.9	2000	314
snapshot_12_5_2015_6_0.json	1449313200.0	142.9	2000	314
9278562	2016-01-01T03:30:00Z	Celine Dion	The Colosseum at Caesars Palace	Nevada Las Vegas|689	89109
snapshot_11_16_2015_0_0.json	1447650000.0	137.05	1350	486
snapshot_11_17_2015_0_0.json	1447736400.0	137.05	1350	479
snapshot_11_17_2015_0_0.json	1447736400.0	137.05	1350	479
snapshot_11_17_2015_12_0.json	1447779600.0	137.05	1350	479
snapshot_11_18_2015_0_0.json	1447822800.0	137.05	1350	472
snapshot_11_18_2015_0_0.json	1447822800.0	137.05	1350	472
snapshot_11_18_2015_12_0.json	1447866000.0	137.05	1350	473
snapshot_11_18_2015_18_0.json	1447887600.0	137.05	1350	473
snapshot_11_18_2015_6_0.json	1447844400.0	137.05	1350	472
snapshot_11_19_2015_6_0.json	1447930800.0	137.05	1350	465
snapshot_11_20_2015_12_0.json	1448038800.0	137.05	1350	453
snapshot_11_21_2015_12_0.json	1448125200.0	137.05	1350	406
snapshot_11_22_2015_12_0.json	1448211600.0	137.05	1350	427
snapshot_11_22_2015_18_0.json	1448233200.0	137.05	1350	426
snapshot_11_22_2015_18_0.json	1448233200.0	137.05	1350	426
snapshot_11_22_2015_6_0.json	1448190000.0	137.05	1350	430
snapshot_11_23_2015_0_0.json	1448254800.0	137.05	1350	424
snapshot_11_23_2015_18_0.json	1448319600.0	137.05	1350	413
snapshot_11_23_2015_6_0.json	1448276400.0	137.05	1350	418
snapshot_11_24_2015_12_0.json	1448384400.0	137.05	1350	404
snapshot_11_24_2015_18_0.json	1448406000.0	137.05	1350	404
snapshot_11_24_2015_6_0.json	1448362800.0	137.05	1350	404
snapshot_11_25_2015_0_0.json	1448427600.0	137.05	1350	445
snapshot_11_25_2015_0_0.json	1448427600.0	137.05	1350	445
snapshot_11_25_2015_12_0.json	1448470800.0	137.05	2000	445
snapshot_11_25_2015_12_0.json	1448470800.0	137.05	2000	445
snapshot_11_25_2015_18_0.json	1448492400.0	137.05	2000	441
snapshot_11_26_2015_0_0.json	1448514000.0	137.05	2000	436
snapshot_11_27_2015_18_0.json	1448665200.0	142.9	2000	413
snapshot_11_28_2015_0_0.json	1448686800.0	142.9	2000	411
snapshot_11_28_2015_12_0.json	1448730000.0	142.9	2000	411
snapshot_11_28_2015_18_0.json	1448751600.0	131.19	2000	409
snapshot_11_28_2015_6_0.json	1448708400.0	142.9	2000	411
snapshot_11_29_2015_0_0.json	1448773200.0	142.9	2000	399
snapshot_11_29_2015_0_0.json	1448773200.0	142.9	2000	399
snapshot_11_29_2015_12_0.json	1448816400.0	142.9	2000	401
snapshot_11_29_2015_18_0.json	1448838000.0	142.9	2000	399
snapshot_11_29_2015_6_0.json	1448794800.0	142.9	2000	401
snapshot_11_30_2015_0_0.json	1448859600.0	142.9	2000	391
snapshot_11_30_2015_12_0.json	1448902800.0	142.9	2000	387
snapshot_11_30_2015_18_0.json	1448924400.0	142.9	2000	379
snapshot_12_1_2015_0_0.json	1448946000.0	142.9	2000	358
snapshot_12_1_2015_12_0.json	1448989200.0	142.9	2000	354
snapshot_12_1_2015_18_0.json	1449010800.0	142.9	2000	348
snapshot_12_1_2015_6_0.json	1448967600.0	142.9	2000	354
snapshot_12_2_2015_0_0.json	1449032400.0	142.9	2000	341
snapshot_12_2_2015_12_0.json	1449075600.0	142.9	2000	336
snapshot_12_2_2015_18_0.json	1449097200.0	142.9	2000	332
snapshot_12_2_2015_6_0.json	1449054000.0	142.9	2000	336
snapshot_12_2_2015_6_0.json	1449054000.0	142.9	2000	336
snapshot_12_3_2015_0_0.json	1449118800.0	142.9	2000	329
snapshot_12_3_2015_12_0.json	1449162000.0	142.9	2000	327
snapshot_12_3_2015_18_0.json	1449183600.0	142.9	2000	323
snapshot_12_4_2015_0_0.json	1449205200.0	142.9	2000	319
snapshot_12_4_2015_12_0.json	1449248400.0	142.9	2000	317
snapshot_12_4_2015_18_0.json	1449270000.0	142.9	2000	313
snapshot_12_4_2015_6_0.json	1449226800.0	142.9	2000	315
snapshot_12_5_2015_0_0.json	1449291600.0	142.9	2000	315
snapshot_12_5_2015_18_0.json	1449356400.0	159.75	2000	311
snapshot_12_5_2015_6_0.json	1449313200.0	142.9	2000	314
snapshot_12_5_2015_6_0.json	1449313200.0	142.9	2000	314
