9278873	2015-11-28T02:30:00Z	Menopause the Musical	The Improv at Harrahs Las Vegas	Nevada Las Vegas|689	89109
snapshot_11_16_2015_0_0.json	1447650000.0	103.53	164	30
snapshot_11_16_2015_0_0.json	1447650000.0	103.53	164	30
snapshot_11_17_2015_6_0.json	1447758000.0	103.53	164	30
snapshot_11_18_2015_12_0.json	1447866000.0	103.53	164	30
snapshot_11_18_2015_6_0.json	1447844400.0	103.53	164	30
snapshot_11_19_2015_0_0.json	1447909200.0	103.53	164	30
snapshot_11_19_2015_12_0.json	1447952400.0	103.53	164	30
snapshot_11_21_2015_18_0.json	1448146800.0	103.53	164	30
snapshot_11_22_2015_0_0.json	1448168400.0	103.53	164	30
snapshot_11_22_2015_12_0.json	1448211600.0	103.53	164	30
snapshot_11_22_2015_18_0.json	1448233200.0	103.53	164	30
snapshot_11_23_2015_0_0.json	1448254800.0	103.53	164	30
snapshot_11_23_2015_0_0.json	1448254800.0	103.53	164	30
snapshot_11_23_2015_12_0.json	1448298000.0	103.53	164	30
snapshot_11_23_2015_18_0.json	1448319600.0	103.53	164	30
snapshot_11_23_2015_6_0.json	1448276400.0	103.53	164	30
snapshot_11_23_2015_6_0.json	1448276400.0	103.53	164	30
snapshot_11_24_2015_0_0.json	1448341200.0	103.53	164	30
snapshot_11_24_2015_12_0.json	1448384400.0	103.53	164	30
snapshot_11_24_2015_18_0.json	1448406000.0	103.53	164	30
snapshot_11_24_2015_6_0.json	1448362800.0	103.53	164	30
snapshot_11_25_2015_0_0.json	1448427600.0	103.53	164	30
snapshot_11_25_2015_12_0.json	1448470800.0	103.53	164	30
snapshot_11_25_2015_18_0.json	1448492400.0	103.53	164	30
snapshot_11_25_2015_6_0.json	1448449200.0	103.53	164	30
snapshot_11_26_2015_0_0.json	1448514000.0	103.53	164	30
snapshot_11_27_2015_18_0.json	1448665200.0	0	0	0
snapshot_11_28_2015_0_0.json	1448686800.0	0	0	0
snapshot_11_28_2015_12_0.json	1448730000.0	0	0	0
snapshot_11_28_2015_18_0.json	1448751600.0	0	0	0
snapshot_11_28_2015_6_0.json	1448708400.0	0	0	0
snapshot_11_29_2015_6_0.json	1448794800.0	0	0	0
snapshot_11_29_2015_6_0.json	1448794800.0	0	0	0
snapshot_11_30_2015_0_0.json	1448859600.0	0	0	0
9278873	2015-11-28T02:30:00Z	Menopause the Musical	The Improv at Harrahs Las Vegas	Nevada Las Vegas|689	89109
snapshot_11_16_2015_0_0.json	1447650000.0	103.53	164	30
snapshot_11_16_2015_0_0.json	1447650000.0	103.53	164	30
snapshot_11_17_2015_6_0.json	1447758000.0	103.53	164	30
snapshot_11_18_2015_12_0.json	1447866000.0	103.53	164	30
snapshot_11_18_2015_6_0.json	1447844400.0	103.53	164	30
snapshot_11_19_2015_0_0.json	1447909200.0	103.53	164	30
snapshot_11_19_2015_12_0.json	1447952400.0	103.53	164	30
snapshot_11_21_2015_18_0.json	1448146800.0	103.53	164	30
snapshot_11_22_2015_0_0.json	1448168400.0	103.53	164	30
snapshot_11_22_2015_12_0.json	1448211600.0	103.53	164	30
snapshot_11_22_2015_18_0.json	1448233200.0	103.53	164	30
snapshot_11_23_2015_0_0.json	1448254800.0	103.53	164	30
snapshot_11_23_2015_0_0.json	1448254800.0	103.53	164	30
snapshot_11_23_2015_12_0.json	1448298000.0	103.53	164	30
snapshot_11_23_2015_18_0.json	1448319600.0	103.53	164	30
snapshot_11_23_2015_6_0.json	1448276400.0	103.53	164	30
snapshot_11_23_2015_6_0.json	1448276400.0	103.53	164	30
snapshot_11_24_2015_0_0.json	1448341200.0	103.53	164	30
snapshot_11_24_2015_12_0.json	1448384400.0	103.53	164	30
snapshot_11_24_2015_18_0.json	1448406000.0	103.53	164	30
snapshot_11_24_2015_6_0.json	1448362800.0	103.53	164	30
snapshot_11_25_2015_0_0.json	1448427600.0	103.53	164	30
snapshot_11_25_2015_12_0.json	1448470800.0	103.53	164	30
snapshot_11_25_2015_18_0.json	1448492400.0	103.53	164	30
snapshot_11_25_2015_6_0.json	1448449200.0	103.53	164	30
snapshot_11_26_2015_0_0.json	1448514000.0	103.53	164	30
snapshot_11_27_2015_18_0.json	1448665200.0	0	0	0
snapshot_11_28_2015_0_0.json	1448686800.0	0	0	0
snapshot_11_28_2015_12_0.json	1448730000.0	0	0	0
snapshot_11_28_2015_18_0.json	1448751600.0	0	0	0
snapshot_11_28_2015_6_0.json	1448708400.0	0	0	0
snapshot_11_29_2015_6_0.json	1448794800.0	0	0	0
snapshot_11_29_2015_6_0.json	1448794800.0	0	0	0
snapshot_11_30_2015_0_0.json	1448859600.0	0	0	0
