9278953	2015-12-06T18:00:00Z	Elf The Musical	Fox Theatre Atlanta	Georgia Atlanta|670	30308
snapshot_11_17_2015_0_0.json	1447736400.0	119.49	269.5	174
snapshot_11_17_2015_12_0.json	1447779600.0	119.49	269.5	182
snapshot_11_17_2015_18_0.json	1447801200.0	117.16	269.5	250
snapshot_11_17_2015_6_0.json	1447758000.0	119.49	269.5	182
snapshot_11_18_2015_12_0.json	1447866000.0	107.8	269.5	259
snapshot_11_18_2015_12_0.json	1447866000.0	107.8	269.5	259
snapshot_11_18_2015_18_0.json	1447887600.0	110.14	289	266
snapshot_11_18_2015_6_0.json	1447844400.0	107.8	269.5	259
snapshot_11_19_2015_0_0.json	1447909200.0	110.14	289	262
snapshot_11_19_2015_12_0.json	1447952400.0	110.14	289	262
snapshot_11_19_2015_6_0.json	1447930800.0	110.14	289	262
snapshot_11_19_2015_6_0.json	1447930800.0	110.14	289	262
snapshot_11_20_2015_12_0.json	1448038800.0	99.9	289	250
snapshot_11_20_2015_12_0.json	1448038800.0	99.9	289	250
snapshot_11_21_2015_12_0.json	1448125200.0	110.14	289	237
snapshot_11_21_2015_18_0.json	1448146800.0	101.19	289	237
snapshot_11_22_2015_0_0.json	1448168400.0	101.19	289	234
snapshot_11_22_2015_12_0.json	1448211600.0	101.19	289	232
snapshot_11_22_2015_6_0.json	1448190000.0	101.19	289	234
snapshot_11_23_2015_0_0.json	1448254800.0	101.19	289	215
snapshot_11_23_2015_12_0.json	1448298000.0	101.19	289	208
snapshot_11_23_2015_18_0.json	1448319600.0	101.19	289	206
snapshot_11_23_2015_18_0.json	1448319600.0	101.19	289	206
snapshot_11_23_2015_6_0.json	1448276400.0	101.19	289	208
snapshot_11_24_2015_12_0.json	1448384400.0	101.19	289	202
snapshot_11_24_2015_12_0.json	1448384400.0	101.19	289	202
snapshot_11_24_2015_18_0.json	1448406000.0	99.9	289	233
snapshot_11_24_2015_6_0.json	1448362800.0	101.19	289	202
snapshot_11_25_2015_0_0.json	1448427600.0	99.9	289	235
snapshot_11_25_2015_12_0.json	1448470800.0	96.1	289	235
snapshot_11_25_2015_18_0.json	1448492400.0	90.25	289	235
snapshot_11_27_2015_18_0.json	1448665200.0	90.25	289	229
snapshot_11_28_2015_0_0.json	1448686800.0	90.25	289	229
snapshot_11_28_2015_0_0.json	1448686800.0	90.25	289	229
snapshot_11_28_2015_12_0.json	1448730000.0	90.25	289	229
snapshot_11_29_2015_12_0.json	1448816400.0	90.25	289	213
snapshot_11_29_2015_18_0.json	1448838000.0	90.25	289	213
snapshot_11_29_2015_6_0.json	1448794800.0	90.25	289	213
snapshot_11_30_2015_0_0.json	1448859600.0	99.9	289	205
snapshot_11_30_2015_12_0.json	1448902800.0	96.1	289	200
snapshot_11_30_2015_18_0.json	1448924400.0	86.92	289	198
snapshot_12_1_2015_0_0.json	1448946000.0	96.1	289	199
snapshot_12_1_2015_12_0.json	1448989200.0	101.95	289	186
snapshot_12_1_2015_18_0.json	1449010800.0	90.25	289	178
snapshot_12_1_2015_6_0.json	1448967600.0	101.95	289	186
snapshot_12_2_2015_0_0.json	1449032400.0	90.25	289	181
snapshot_12_2_2015_18_0.json	1449097200.0	90.25	289	177
snapshot_12_2_2015_6_0.json	1449054000.0	90.25	289	174
snapshot_12_3_2015_0_0.json	1449118800.0	90.25	235.2	163
snapshot_12_3_2015_12_0.json	1449162000.0	90.25	235.2	159
snapshot_12_3_2015_6_0.json	1449140400.0	90.25	235.2	159
snapshot_12_4_2015_0_0.json	1449205200.0	77.03	201.25	146
snapshot_12_4_2015_12_0.json	1449248400.0	77.03	201.25	135
snapshot_12_4_2015_18_0.json	1449270000.0	78.55	196	119
snapshot_12_4_2015_6_0.json	1449226800.0	77.03	201.25	135
snapshot_12_5_2015_0_0.json	1449291600.0	66.84	186.2	106
snapshot_12_5_2015_18_0.json	1449356400.0	66.84	181.3	87
snapshot_12_5_2015_6_0.json	1449313200.0	66.84	186.2	104
snapshot_12_5_2015_6_0.json	1449313200.0	66.84	186.2	104
9278953	2015-12-06T18:00:00Z	Elf The Musical	Fox Theatre Atlanta	Georgia Atlanta|670	30308
snapshot_11_17_2015_0_0.json	1447736400.0	119.49	269.5	174
snapshot_11_17_2015_12_0.json	1447779600.0	119.49	269.5	182
snapshot_11_17_2015_18_0.json	1447801200.0	117.16	269.5	250
snapshot_11_17_2015_6_0.json	1447758000.0	119.49	269.5	182
snapshot_11_18_2015_12_0.json	1447866000.0	107.8	269.5	259
snapshot_11_18_2015_12_0.json	1447866000.0	107.8	269.5	259
snapshot_11_18_2015_18_0.json	1447887600.0	110.14	289	266
snapshot_11_18_2015_6_0.json	1447844400.0	107.8	269.5	259
snapshot_11_19_2015_0_0.json	1447909200.0	110.14	289	262
snapshot_11_19_2015_12_0.json	1447952400.0	110.14	289	262
snapshot_11_19_2015_6_0.json	1447930800.0	110.14	289	262
snapshot_11_19_2015_6_0.json	1447930800.0	110.14	289	262
snapshot_11_20_2015_12_0.json	1448038800.0	99.9	289	250
snapshot_11_20_2015_12_0.json	1448038800.0	99.9	289	250
snapshot_11_21_2015_12_0.json	1448125200.0	110.14	289	237
snapshot_11_21_2015_18_0.json	1448146800.0	101.19	289	237
snapshot_11_22_2015_0_0.json	1448168400.0	101.19	289	234
snapshot_11_22_2015_12_0.json	1448211600.0	101.19	289	232
snapshot_11_22_2015_6_0.json	1448190000.0	101.19	289	234
snapshot_11_23_2015_0_0.json	1448254800.0	101.19	289	215
snapshot_11_23_2015_12_0.json	1448298000.0	101.19	289	208
snapshot_11_23_2015_18_0.json	1448319600.0	101.19	289	206
snapshot_11_23_2015_18_0.json	1448319600.0	101.19	289	206
snapshot_11_23_2015_6_0.json	1448276400.0	101.19	289	208
snapshot_11_24_2015_12_0.json	1448384400.0	101.19	289	202
snapshot_11_24_2015_12_0.json	1448384400.0	101.19	289	202
snapshot_11_24_2015_18_0.json	1448406000.0	99.9	289	233
snapshot_11_24_2015_6_0.json	1448362800.0	101.19	289	202
snapshot_11_25_2015_0_0.json	1448427600.0	99.9	289	235
snapshot_11_25_2015_12_0.json	1448470800.0	96.1	289	235
snapshot_11_25_2015_18_0.json	1448492400.0	90.25	289	235
snapshot_11_27_2015_18_0.json	1448665200.0	90.25	289	229
snapshot_11_28_2015_0_0.json	1448686800.0	90.25	289	229
snapshot_11_28_2015_0_0.json	1448686800.0	90.25	289	229
snapshot_11_28_2015_12_0.json	1448730000.0	90.25	289	229
snapshot_11_29_2015_12_0.json	1448816400.0	90.25	289	213
snapshot_11_29_2015_18_0.json	1448838000.0	90.25	289	213
snapshot_11_29_2015_6_0.json	1448794800.0	90.25	289	213
snapshot_11_30_2015_0_0.json	1448859600.0	99.9	289	205
snapshot_11_30_2015_12_0.json	1448902800.0	96.1	289	200
snapshot_11_30_2015_18_0.json	1448924400.0	86.92	289	198
snapshot_12_1_2015_0_0.json	1448946000.0	96.1	289	199
snapshot_12_1_2015_12_0.json	1448989200.0	101.95	289	186
snapshot_12_1_2015_18_0.json	1449010800.0	90.25	289	178
snapshot_12_1_2015_6_0.json	1448967600.0	101.95	289	186
snapshot_12_2_2015_0_0.json	1449032400.0	90.25	289	181
snapshot_12_2_2015_18_0.json	1449097200.0	90.25	289	177
snapshot_12_2_2015_6_0.json	1449054000.0	90.25	289	174
snapshot_12_3_2015_0_0.json	1449118800.0	90.25	235.2	163
snapshot_12_3_2015_12_0.json	1449162000.0	90.25	235.2	159
snapshot_12_3_2015_6_0.json	1449140400.0	90.25	235.2	159
snapshot_12_4_2015_0_0.json	1449205200.0	77.03	201.25	146
snapshot_12_4_2015_12_0.json	1449248400.0	77.03	201.25	135
snapshot_12_4_2015_18_0.json	1449270000.0	78.55	196	119
snapshot_12_4_2015_6_0.json	1449226800.0	77.03	201.25	135
snapshot_12_5_2015_0_0.json	1449291600.0	66.84	186.2	106
snapshot_12_5_2015_18_0.json	1449356400.0	66.84	181.3	87
snapshot_12_5_2015_6_0.json	1449313200.0	66.84	186.2	104
snapshot_12_5_2015_6_0.json	1449313200.0	66.84	186.2	104
