9278571	2016-01-18T03:30:00Z	Celine Dion	The Colosseum at Caesars Palace	Nevada Las Vegas|689	89109
snapshot_11_16_2015_0_0.json	1447650000.0	109.91	1406.5	420
snapshot_11_17_2015_0_0.json	1447736400.0	109.91	1406.5	434
snapshot_11_17_2015_12_0.json	1447779600.0	109.91	1406.5	434
snapshot_11_17_2015_12_0.json	1447779600.0	109.91	1406.5	434
snapshot_11_17_2015_18_0.json	1447801200.0	109.91	1406.5	434
snapshot_11_17_2015_6_0.json	1447758000.0	109.91	1406.5	434
snapshot_11_18_2015_0_0.json	1447822800.0	109.91	1406.5	434
snapshot_11_18_2015_12_0.json	1447866000.0	109.91	1406.5	434
snapshot_11_18_2015_12_0.json	1447866000.0	109.91	1406.5	434
snapshot_11_18_2015_18_0.json	1447887600.0	109.91	1406.5	434
snapshot_11_18_2015_6_0.json	1447844400.0	109.91	1406.5	434
snapshot_11_19_2015_0_0.json	1447909200.0	109.91	1406.5	434
snapshot_11_19_2015_12_0.json	1447952400.0	109.91	1406.5	433
snapshot_11_19_2015_6_0.json	1447930800.0	109.91	1406.5	433
snapshot_11_20_2015_0_0.json	1447995600.0	109.91	1406.5	425
snapshot_11_20_2015_12_0.json	1448038800.0	106.33	1406.5	425
snapshot_11_21_2015_12_0.json	1448125200.0	106.33	1406.5	332
snapshot_11_21_2015_18_0.json	1448146800.0	106.33	1406.5	332
snapshot_11_22_2015_0_0.json	1448168400.0	106.33	1406.5	329
snapshot_11_22_2015_12_0.json	1448211600.0	106.33	1406.5	325
snapshot_11_22_2015_18_0.json	1448233200.0	106.33	1406.5	325
snapshot_11_22_2015_18_0.json	1448233200.0	106.33	1406.5	325
snapshot_11_23_2015_0_0.json	1448254800.0	106.33	1406.5	325
snapshot_11_23_2015_12_0.json	1448298000.0	106.33	1406.5	325
snapshot_11_23_2015_12_0.json	1448298000.0	106.33	1406.5	325
snapshot_11_23_2015_18_0.json	1448319600.0	106.33	1406.5	329
snapshot_11_24_2015_12_0.json	1448384400.0	106.33	1406.5	338
snapshot_11_24_2015_18_0.json	1448406000.0	106.33	1406.5	337
snapshot_11_24_2015_6_0.json	1448362800.0	106.33	1406.5	338
snapshot_11_25_2015_0_0.json	1448427600.0	106.33	1406.5	497
snapshot_11_25_2015_0_0.json	1448427600.0	106.33	1406.5	497
snapshot_11_25_2015_12_0.json	1448470800.0	106.33	1406.5	497
snapshot_11_25_2015_18_0.json	1448492400.0	106.33	1406.5	497
snapshot_11_25_2015_6_0.json	1448449200.0	106.33	1406.5	497
snapshot_11_27_2015_18_0.json	1448665200.0	106.33	1406.5	493
snapshot_11_28_2015_0_0.json	1448686800.0	106.33	1406.5	493
snapshot_11_28_2015_12_0.json	1448730000.0	106.33	1406.5	491
snapshot_11_28_2015_18_0.json	1448751600.0	106.33	1406.5	491
snapshot_11_29_2015_0_0.json	1448773200.0	106.33	1406.5	489
snapshot_11_29_2015_0_0.json	1448773200.0	106.33	1406.5	489
snapshot_11_29_2015_12_0.json	1448816400.0	106.33	1406.5	489
snapshot_11_29_2015_18_0.json	1448838000.0	106.33	1406.5	483
snapshot_11_29_2015_6_0.json	1448794800.0	106.33	1406.5	489
snapshot_11_30_2015_12_0.json	1448902800.0	106.33	1406.5	473
snapshot_11_30_2015_6_0.json	1448881200.0	106.33	1406.5	481
snapshot_12_1_2015_0_0.json	1448946000.0	112.29	1406.5	471
snapshot_12_1_2015_0_0.json	1448946000.0	112.29	1406.5	471
snapshot_12_1_2015_12_0.json	1448989200.0	112.29	1406.5	471
snapshot_12_1_2015_18_0.json	1449010800.0	112.29	1406.5	469
snapshot_12_1_2015_6_0.json	1448967600.0	112.29	1406.5	471
snapshot_12_2_2015_0_0.json	1449032400.0	112.29	1406.5	473
snapshot_12_2_2015_0_0.json	1449032400.0	112.29	1406.5	473
snapshot_12_2_2015_12_0.json	1449075600.0	112.29	1406.5	469
snapshot_12_2_2015_18_0.json	1449097200.0	112.29	1406.5	469
snapshot_12_2_2015_6_0.json	1449054000.0	112.29	1406.5	471
snapshot_12_3_2015_0_0.json	1449118800.0	112.29	1406.5	337
snapshot_12_3_2015_12_0.json	1449162000.0	112.29	1406.5	333
snapshot_12_3_2015_18_0.json	1449183600.0	112.29	1406.5	333
snapshot_12_3_2015_6_0.json	1449140400.0	112.29	1406.5	333
snapshot_12_4_2015_0_0.json	1449205200.0	112.29	1406.5	331
snapshot_12_4_2015_12_0.json	1449248400.0	112.29	1406.5	331
snapshot_12_4_2015_18_0.json	1449270000.0	112.29	1406.5	334
snapshot_12_4_2015_6_0.json	1449226800.0	112.29	1406.5	331
snapshot_12_5_2015_0_0.json	1449291600.0	112.29	1406.5	330
snapshot_12_5_2015_12_0.json	1449334800.0	112.29	1406.5	330
snapshot_12_5_2015_18_0.json	1449356400.0	112.29	1406.5	330
9278571	2016-01-18T03:30:00Z	Celine Dion	The Colosseum at Caesars Palace	Nevada Las Vegas|689	89109
snapshot_11_16_2015_0_0.json	1447650000.0	109.91	1406.5	420
snapshot_11_17_2015_0_0.json	1447736400.0	109.91	1406.5	434
snapshot_11_17_2015_12_0.json	1447779600.0	109.91	1406.5	434
snapshot_11_17_2015_12_0.json	1447779600.0	109.91	1406.5	434
snapshot_11_17_2015_18_0.json	1447801200.0	109.91	1406.5	434
snapshot_11_17_2015_6_0.json	1447758000.0	109.91	1406.5	434
snapshot_11_18_2015_0_0.json	1447822800.0	109.91	1406.5	434
snapshot_11_18_2015_12_0.json	1447866000.0	109.91	1406.5	434
snapshot_11_18_2015_12_0.json	1447866000.0	109.91	1406.5	434
snapshot_11_18_2015_18_0.json	1447887600.0	109.91	1406.5	434
snapshot_11_18_2015_6_0.json	1447844400.0	109.91	1406.5	434
snapshot_11_19_2015_0_0.json	1447909200.0	109.91	1406.5	434
snapshot_11_19_2015_12_0.json	1447952400.0	109.91	1406.5	433
snapshot_11_19_2015_6_0.json	1447930800.0	109.91	1406.5	433
snapshot_11_20_2015_0_0.json	1447995600.0	109.91	1406.5	425
snapshot_11_20_2015_12_0.json	1448038800.0	106.33	1406.5	425
snapshot_11_21_2015_12_0.json	1448125200.0	106.33	1406.5	332
snapshot_11_21_2015_18_0.json	1448146800.0	106.33	1406.5	332
snapshot_11_22_2015_0_0.json	1448168400.0	106.33	1406.5	329
snapshot_11_22_2015_12_0.json	1448211600.0	106.33	1406.5	325
snapshot_11_22_2015_18_0.json	1448233200.0	106.33	1406.5	325
snapshot_11_22_2015_18_0.json	1448233200.0	106.33	1406.5	325
snapshot_11_23_2015_0_0.json	1448254800.0	106.33	1406.5	325
snapshot_11_23_2015_12_0.json	1448298000.0	106.33	1406.5	325
snapshot_11_23_2015_12_0.json	1448298000.0	106.33	1406.5	325
snapshot_11_23_2015_18_0.json	1448319600.0	106.33	1406.5	329
snapshot_11_24_2015_12_0.json	1448384400.0	106.33	1406.5	338
snapshot_11_24_2015_18_0.json	1448406000.0	106.33	1406.5	337
snapshot_11_24_2015_6_0.json	1448362800.0	106.33	1406.5	338
snapshot_11_25_2015_0_0.json	1448427600.0	106.33	1406.5	497
snapshot_11_25_2015_0_0.json	1448427600.0	106.33	1406.5	497
snapshot_11_25_2015_12_0.json	1448470800.0	106.33	1406.5	497
snapshot_11_25_2015_18_0.json	1448492400.0	106.33	1406.5	497
snapshot_11_25_2015_6_0.json	1448449200.0	106.33	1406.5	497
snapshot_11_27_2015_18_0.json	1448665200.0	106.33	1406.5	493
snapshot_11_28_2015_0_0.json	1448686800.0	106.33	1406.5	493
snapshot_11_28_2015_12_0.json	1448730000.0	106.33	1406.5	491
snapshot_11_28_2015_18_0.json	1448751600.0	106.33	1406.5	491
snapshot_11_29_2015_0_0.json	1448773200.0	106.33	1406.5	489
snapshot_11_29_2015_0_0.json	1448773200.0	106.33	1406.5	489
snapshot_11_29_2015_12_0.json	1448816400.0	106.33	1406.5	489
snapshot_11_29_2015_18_0.json	1448838000.0	106.33	1406.5	483
snapshot_11_29_2015_6_0.json	1448794800.0	106.33	1406.5	489
snapshot_11_30_2015_12_0.json	1448902800.0	106.33	1406.5	473
snapshot_11_30_2015_6_0.json	1448881200.0	106.33	1406.5	481
snapshot_12_1_2015_0_0.json	1448946000.0	112.29	1406.5	471
snapshot_12_1_2015_0_0.json	1448946000.0	112.29	1406.5	471
snapshot_12_1_2015_12_0.json	1448989200.0	112.29	1406.5	471
snapshot_12_1_2015_18_0.json	1449010800.0	112.29	1406.5	469
snapshot_12_1_2015_6_0.json	1448967600.0	112.29	1406.5	471
snapshot_12_2_2015_0_0.json	1449032400.0	112.29	1406.5	473
snapshot_12_2_2015_0_0.json	1449032400.0	112.29	1406.5	473
snapshot_12_2_2015_12_0.json	1449075600.0	112.29	1406.5	469
snapshot_12_2_2015_18_0.json	1449097200.0	112.29	1406.5	469
snapshot_12_2_2015_6_0.json	1449054000.0	112.29	1406.5	471
snapshot_12_3_2015_0_0.json	1449118800.0	112.29	1406.5	337
snapshot_12_3_2015_12_0.json	1449162000.0	112.29	1406.5	333
snapshot_12_3_2015_18_0.json	1449183600.0	112.29	1406.5	333
snapshot_12_3_2015_6_0.json	1449140400.0	112.29	1406.5	333
snapshot_12_4_2015_0_0.json	1449205200.0	112.29	1406.5	331
snapshot_12_4_2015_12_0.json	1449248400.0	112.29	1406.5	331
snapshot_12_4_2015_18_0.json	1449270000.0	112.29	1406.5	334
snapshot_12_4_2015_6_0.json	1449226800.0	112.29	1406.5	331
snapshot_12_5_2015_0_0.json	1449291600.0	112.29	1406.5	330
snapshot_12_5_2015_12_0.json	1449334800.0	112.29	1406.5	330
snapshot_12_5_2015_18_0.json	1449356400.0	112.29	1406.5	330
