9278568	2016-01-14T03:30:00Z	Celine Dion	The Colosseum at Caesars Palace	Nevada Las Vegas|689	89109
snapshot_11_16_2015_0_0.json	1447650000.0	103.11	1794.5	499
snapshot_11_16_2015_0_0.json	1447650000.0	103.11	1794.5	499
snapshot_11_17_2015_0_0.json	1447736400.0	103.11	1794.5	492
snapshot_11_17_2015_12_0.json	1447779600.0	103.11	1794.5	490
snapshot_11_17_2015_18_0.json	1447801200.0	103.11	1794.5	490
snapshot_11_17_2015_6_0.json	1447758000.0	103.11	1794.5	492
snapshot_11_17_2015_6_0.json	1447758000.0	103.11	1794.5	492
snapshot_11_18_2015_0_0.json	1447822800.0	103.11	1794.5	497
snapshot_11_18_2015_12_0.json	1447866000.0	103.11	1794.5	497
snapshot_11_18_2015_12_0.json	1447866000.0	103.11	1794.5	497
snapshot_11_18_2015_18_0.json	1447887600.0	103.11	1794.5	497
snapshot_11_18_2015_6_0.json	1447844400.0	103.11	1794.5	497
snapshot_11_19_2015_0_0.json	1447909200.0	103.11	1794.5	495
snapshot_11_19_2015_12_0.json	1447952400.0	103.11	1794.5	491
snapshot_11_19_2015_6_0.json	1447930800.0	103.11	1794.5	495
snapshot_11_19_2015_6_0.json	1447930800.0	103.11	1794.5	495
snapshot_11_20_2015_0_0.json	1447995600.0	103.11	1794.5	491
snapshot_11_21_2015_12_0.json	1448125200.0	103.11	1794.5	355
snapshot_11_21_2015_18_0.json	1448146800.0	103.11	1794.5	355
snapshot_11_22_2015_0_0.json	1448168400.0	103.11	1794.5	355
snapshot_11_22_2015_12_0.json	1448211600.0	103.11	1794.5	355
snapshot_11_22_2015_12_0.json	1448211600.0	103.11	1794.5	355
snapshot_11_22_2015_18_0.json	1448233200.0	103.11	1794.5	355
snapshot_11_22_2015_18_0.json	1448233200.0	103.11	1794.5	355
snapshot_11_22_2015_6_0.json	1448190000.0	103.11	1794.5	355
snapshot_11_22_2015_6_0.json	1448190000.0	103.11	1794.5	355
snapshot_11_23_2015_12_0.json	1448298000.0	103.11	1794.5	358
snapshot_11_23_2015_18_0.json	1448319600.0	103.11	1794.5	358
snapshot_11_24_2015_0_0.json	1448341200.0	113.64	1794.5	358
snapshot_11_24_2015_12_0.json	1448384400.0	113.64	1794.5	358
snapshot_11_24_2015_18_0.json	1448406000.0	113.64	1794.5	358
snapshot_11_24_2015_6_0.json	1448362800.0	113.64	1794.5	358
snapshot_11_25_2015_0_0.json	1448427600.0	93.76	1794.5	595
snapshot_11_25_2015_0_0.json	1448427600.0	93.76	1794.5	595
snapshot_11_25_2015_12_0.json	1448470800.0	93.76	1794.5	595
snapshot_11_25_2015_18_0.json	1448492400.0	93.76	1794.5	595
snapshot_11_25_2015_6_0.json	1448449200.0	93.76	1794.5	595
snapshot_11_27_2015_18_0.json	1448665200.0	93.76	1794.5	590
snapshot_11_28_2015_0_0.json	1448686800.0	93.76	1794.5	590
snapshot_11_28_2015_12_0.json	1448730000.0	93.76	1794.5	589
snapshot_11_29_2015_0_0.json	1448773200.0	93.76	1794.5	587
snapshot_11_29_2015_0_0.json	1448773200.0	93.76	1794.5	587
snapshot_11_29_2015_12_0.json	1448816400.0	93.76	1794.5	589
snapshot_11_29_2015_6_0.json	1448794800.0	93.76	1794.5	589
snapshot_11_29_2015_6_0.json	1448794800.0	93.76	1794.5	589
snapshot_11_30_2015_12_0.json	1448902800.0	93.76	1794.5	587
snapshot_11_30_2015_18_0.json	1448924400.0	93.76	1794.5	587
snapshot_11_30_2015_6_0.json	1448881200.0	93.76	1794.5	587
snapshot_11_30_2015_6_0.json	1448881200.0	93.76	1794.5	587
snapshot_12_1_2015_0_0.json	1448946000.0	101.94	1794.5	575
snapshot_12_1_2015_12_0.json	1448989200.0	101.94	1794.5	575
snapshot_12_1_2015_18_0.json	1449010800.0	101.94	1794.5	575
snapshot_12_1_2015_6_0.json	1448967600.0	101.94	1794.5	575
snapshot_12_2_2015_0_0.json	1449032400.0	101.94	1794.5	573
snapshot_12_2_2015_18_0.json	1449097200.0	101.94	1794.5	571
snapshot_12_2_2015_6_0.json	1449054000.0	101.94	1794.5	573
snapshot_12_3_2015_0_0.json	1449118800.0	101.94	1794.5	403
snapshot_12_3_2015_12_0.json	1449162000.0	101.94	1794.5	403
snapshot_12_3_2015_18_0.json	1449183600.0	101.94	1794.5	403
snapshot_12_3_2015_6_0.json	1449140400.0	101.94	1794.5	403
snapshot_12_4_2015_0_0.json	1449205200.0	101.94	1794.5	403
snapshot_12_4_2015_12_0.json	1449248400.0	101.94	1794.5	401
snapshot_12_4_2015_18_0.json	1449270000.0	101.94	1794.5	401
snapshot_12_4_2015_6_0.json	1449226800.0	101.94	1794.5	401
snapshot_12_5_2015_0_0.json	1449291600.0	101.94	1794.5	401
snapshot_12_5_2015_12_0.json	1449334800.0	101.94	1794.5	399
snapshot_12_5_2015_18_0.json	1449356400.0	101.94	1794.5	392
9278568	2016-01-14T03:30:00Z	Celine Dion	The Colosseum at Caesars Palace	Nevada Las Vegas|689	89109
snapshot_11_16_2015_0_0.json	1447650000.0	103.11	1794.5	499
snapshot_11_16_2015_0_0.json	1447650000.0	103.11	1794.5	499
snapshot_11_17_2015_0_0.json	1447736400.0	103.11	1794.5	492
snapshot_11_17_2015_12_0.json	1447779600.0	103.11	1794.5	490
snapshot_11_17_2015_18_0.json	1447801200.0	103.11	1794.5	490
snapshot_11_17_2015_6_0.json	1447758000.0	103.11	1794.5	492
snapshot_11_17_2015_6_0.json	1447758000.0	103.11	1794.5	492
snapshot_11_18_2015_0_0.json	1447822800.0	103.11	1794.5	497
snapshot_11_18_2015_12_0.json	1447866000.0	103.11	1794.5	497
snapshot_11_18_2015_12_0.json	1447866000.0	103.11	1794.5	497
snapshot_11_18_2015_18_0.json	1447887600.0	103.11	1794.5	497
snapshot_11_18_2015_6_0.json	1447844400.0	103.11	1794.5	497
snapshot_11_19_2015_0_0.json	1447909200.0	103.11	1794.5	495
snapshot_11_19_2015_12_0.json	1447952400.0	103.11	1794.5	491
snapshot_11_19_2015_6_0.json	1447930800.0	103.11	1794.5	495
snapshot_11_19_2015_6_0.json	1447930800.0	103.11	1794.5	495
snapshot_11_20_2015_0_0.json	1447995600.0	103.11	1794.5	491
snapshot_11_21_2015_12_0.json	1448125200.0	103.11	1794.5	355
snapshot_11_21_2015_18_0.json	1448146800.0	103.11	1794.5	355
snapshot_11_22_2015_0_0.json	1448168400.0	103.11	1794.5	355
snapshot_11_22_2015_12_0.json	1448211600.0	103.11	1794.5	355
snapshot_11_22_2015_12_0.json	1448211600.0	103.11	1794.5	355
snapshot_11_22_2015_18_0.json	1448233200.0	103.11	1794.5	355
snapshot_11_22_2015_18_0.json	1448233200.0	103.11	1794.5	355
snapshot_11_22_2015_6_0.json	1448190000.0	103.11	1794.5	355
snapshot_11_22_2015_6_0.json	1448190000.0	103.11	1794.5	355
snapshot_11_23_2015_12_0.json	1448298000.0	103.11	1794.5	358
snapshot_11_23_2015_18_0.json	1448319600.0	103.11	1794.5	358
snapshot_11_24_2015_0_0.json	1448341200.0	113.64	1794.5	358
snapshot_11_24_2015_12_0.json	1448384400.0	113.64	1794.5	358
snapshot_11_24_2015_18_0.json	1448406000.0	113.64	1794.5	358
snapshot_11_24_2015_6_0.json	1448362800.0	113.64	1794.5	358
snapshot_11_25_2015_0_0.json	1448427600.0	93.76	1794.5	595
snapshot_11_25_2015_0_0.json	1448427600.0	93.76	1794.5	595
snapshot_11_25_2015_12_0.json	1448470800.0	93.76	1794.5	595
snapshot_11_25_2015_18_0.json	1448492400.0	93.76	1794.5	595
snapshot_11_25_2015_6_0.json	1448449200.0	93.76	1794.5	595
snapshot_11_27_2015_18_0.json	1448665200.0	93.76	1794.5	590
snapshot_11_28_2015_0_0.json	1448686800.0	93.76	1794.5	590
snapshot_11_28_2015_12_0.json	1448730000.0	93.76	1794.5	589
snapshot_11_29_2015_0_0.json	1448773200.0	93.76	1794.5	587
snapshot_11_29_2015_0_0.json	1448773200.0	93.76	1794.5	587
snapshot_11_29_2015_12_0.json	1448816400.0	93.76	1794.5	589
snapshot_11_29_2015_6_0.json	1448794800.0	93.76	1794.5	589
snapshot_11_29_2015_6_0.json	1448794800.0	93.76	1794.5	589
snapshot_11_30_2015_12_0.json	1448902800.0	93.76	1794.5	587
snapshot_11_30_2015_18_0.json	1448924400.0	93.76	1794.5	587
snapshot_11_30_2015_6_0.json	1448881200.0	93.76	1794.5	587
snapshot_11_30_2015_6_0.json	1448881200.0	93.76	1794.5	587
snapshot_12_1_2015_0_0.json	1448946000.0	101.94	1794.5	575
snapshot_12_1_2015_12_0.json	1448989200.0	101.94	1794.5	575
snapshot_12_1_2015_18_0.json	1449010800.0	101.94	1794.5	575
snapshot_12_1_2015_6_0.json	1448967600.0	101.94	1794.5	575
snapshot_12_2_2015_0_0.json	1449032400.0	101.94	1794.5	573
snapshot_12_2_2015_18_0.json	1449097200.0	101.94	1794.5	571
snapshot_12_2_2015_6_0.json	1449054000.0	101.94	1794.5	573
snapshot_12_3_2015_0_0.json	1449118800.0	101.94	1794.5	403
snapshot_12_3_2015_12_0.json	1449162000.0	101.94	1794.5	403
snapshot_12_3_2015_18_0.json	1449183600.0	101.94	1794.5	403
snapshot_12_3_2015_6_0.json	1449140400.0	101.94	1794.5	403
snapshot_12_4_2015_0_0.json	1449205200.0	101.94	1794.5	403
snapshot_12_4_2015_12_0.json	1449248400.0	101.94	1794.5	401
snapshot_12_4_2015_18_0.json	1449270000.0	101.94	1794.5	401
snapshot_12_4_2015_6_0.json	1449226800.0	101.94	1794.5	401
snapshot_12_5_2015_0_0.json	1449291600.0	101.94	1794.5	401
snapshot_12_5_2015_12_0.json	1449334800.0	101.94	1794.5	399
snapshot_12_5_2015_18_0.json	1449356400.0	101.94	1794.5	392
