9278559	2015-11-21T03:30:00Z	Celine Dion	The Colosseum at Caesars Palace	Nevada Las Vegas|689	89109
snapshot_11_16_2015_0_0.json	1447650000.0	229.48	654.75	62
snapshot_11_17_2015_18_0.json	1447801200.0	218.13	654.75	74
snapshot_11_17_2015_6_0.json	1447758000.0	229.48	654.75	72
snapshot_11_18_2015_0_0.json	1447822800.0	199.06	779	85
snapshot_11_18_2015_12_0.json	1447866000.0	187.36	758	74
snapshot_11_18_2015_12_0.json	1447866000.0	187.36	758	74
snapshot_11_18_2015_18_0.json	1447887600.0	181.51	739	64
snapshot_11_18_2015_6_0.json	1447844400.0	187.36	758	76
snapshot_11_19_2015_0_0.json	1447909200.0	165.13	695	65
snapshot_11_19_2015_12_0.json	1447952400.0	165.13	636	39
snapshot_11_19_2015_6_0.json	1447930800.0	165.13	695	43
snapshot_11_20_2015_0_0.json	1447995600.0	197.5	616	32
snapshot_11_20_2015_12_0.json	1448038800.0	293.83	532	15
snapshot_11_21_2015_12_0.json	1448125200.0	0	0	0
snapshot_11_21_2015_18_0.json	1448146800.0	0	0	0
snapshot_11_22_2015_0_0.json	1448168400.0	0	0	0
snapshot_11_22_2015_12_0.json	1448211600.0	0	0	0
snapshot_11_22_2015_12_0.json	1448211600.0	0	0	0
snapshot_11_22_2015_6_0.json	1448190000.0	0	0	0
snapshot_11_23_2015_0_0.json	1448254800.0	0	0	0
snapshot_11_23_2015_6_0.json	1448276400.0	0	0	0
9278559	2015-11-21T03:30:00Z	Celine Dion	The Colosseum at Caesars Palace	Nevada Las Vegas|689	89109
snapshot_11_16_2015_0_0.json	1447650000.0	229.48	654.75	62
snapshot_11_17_2015_18_0.json	1447801200.0	218.13	654.75	74
snapshot_11_17_2015_6_0.json	1447758000.0	229.48	654.75	72
snapshot_11_18_2015_0_0.json	1447822800.0	199.06	779	85
snapshot_11_18_2015_12_0.json	1447866000.0	187.36	758	74
snapshot_11_18_2015_12_0.json	1447866000.0	187.36	758	74
snapshot_11_18_2015_18_0.json	1447887600.0	181.51	739	64
snapshot_11_18_2015_6_0.json	1447844400.0	187.36	758	76
snapshot_11_19_2015_0_0.json	1447909200.0	165.13	695	65
snapshot_11_19_2015_12_0.json	1447952400.0	165.13	636	39
snapshot_11_19_2015_6_0.json	1447930800.0	165.13	695	43
snapshot_11_20_2015_0_0.json	1447995600.0	197.5	616	32
snapshot_11_20_2015_12_0.json	1448038800.0	293.83	532	15
snapshot_11_21_2015_12_0.json	1448125200.0	0	0	0
snapshot_11_21_2015_18_0.json	1448146800.0	0	0	0
snapshot_11_22_2015_0_0.json	1448168400.0	0	0	0
snapshot_11_22_2015_12_0.json	1448211600.0	0	0	0
snapshot_11_22_2015_12_0.json	1448211600.0	0	0	0
snapshot_11_22_2015_6_0.json	1448190000.0	0	0	0
snapshot_11_23_2015_0_0.json	1448254800.0	0	0	0
snapshot_11_23_2015_6_0.json	1448276400.0	0	0	0
