9278951	2015-12-06T23:30:00Z	Elf The Musical	Fox Theatre Atlanta	Georgia Atlanta|670	30308
snapshot_11_17_2015_0_0.json	1447736400.0	96.1	269.5	86
snapshot_11_17_2015_12_0.json	1447779600.0	96.1	269.5	86
snapshot_11_17_2015_18_0.json	1447801200.0	90.25	245	96
snapshot_11_17_2015_18_0.json	1447801200.0	90.25	245	96
snapshot_11_17_2015_6_0.json	1447758000.0	96.1	269.5	86
snapshot_11_18_2015_0_0.json	1447822800.0	90.25	245	94
snapshot_11_18_2015_12_0.json	1447866000.0	90.25	245	103
snapshot_11_18_2015_6_0.json	1447844400.0	90.25	245	103
snapshot_11_19_2015_0_0.json	1447909200.0	90.25	289	103
snapshot_11_19_2015_12_0.json	1447952400.0	90.25	289	103
snapshot_11_19_2015_6_0.json	1447930800.0	90.25	289	103
snapshot_11_19_2015_6_0.json	1447930800.0	90.25	289	103
snapshot_11_21_2015_18_0.json	1448146800.0	90.25	289	95
snapshot_11_22_2015_0_0.json	1448168400.0	90.25	289	95
snapshot_11_22_2015_12_0.json	1448211600.0	90.25	289	95
snapshot_11_22_2015_18_0.json	1448233200.0	90.25	289	93
snapshot_11_22_2015_6_0.json	1448190000.0	90.25	289	95
snapshot_11_23_2015_0_0.json	1448254800.0	90.25	289	93
snapshot_11_23_2015_12_0.json	1448298000.0	90.25	289	93
snapshot_11_23_2015_18_0.json	1448319600.0	78.55	289	89
snapshot_11_23_2015_18_0.json	1448319600.0	78.55	289	89
snapshot_11_23_2015_6_0.json	1448276400.0	90.25	289	93
snapshot_11_24_2015_0_0.json	1448341200.0	78.55	289	89
snapshot_11_24_2015_12_0.json	1448384400.0	72.7	289	108
snapshot_11_24_2015_12_0.json	1448384400.0	72.7	289	108
snapshot_11_24_2015_18_0.json	1448406000.0	72.7	289	108
snapshot_11_24_2015_6_0.json	1448362800.0	78.55	289	108
snapshot_11_25_2015_0_0.json	1448427600.0	72.7	289	104
snapshot_11_25_2015_12_0.json	1448470800.0	72.7	289	104
snapshot_11_25_2015_18_0.json	1448492400.0	61	289	104
snapshot_11_25_2015_6_0.json	1448449200.0	72.7	289	104
snapshot_11_26_2015_0_0.json	1448514000.0	61	289	100
snapshot_11_26_2015_0_0.json	1448514000.0	61	289	100
snapshot_11_27_2015_18_0.json	1448665200.0	61	289	84
snapshot_11_28_2015_0_0.json	1448686800.0	61	289	84
snapshot_11_28_2015_0_0.json	1448686800.0	61	289	84
snapshot_11_28_2015_12_0.json	1448730000.0	84.4	289	80
snapshot_11_28_2015_18_0.json	1448751600.0	84.4	289	80
snapshot_11_28_2015_6_0.json	1448708400.0	84.4	289	80
snapshot_11_28_2015_6_0.json	1448708400.0	84.4	289	80
snapshot_11_29_2015_12_0.json	1448816400.0	90.25	289	74
snapshot_11_29_2015_18_0.json	1448838000.0	90.25	289	74
snapshot_11_29_2015_18_0.json	1448838000.0	90.25	289	74
snapshot_11_29_2015_6_0.json	1448794800.0	90.25	289	74
snapshot_11_29_2015_6_0.json	1448794800.0	90.25	289	74
snapshot_11_30_2015_0_0.json	1448859600.0	61	289	74
snapshot_11_30_2015_18_0.json	1448924400.0	61	289	72
snapshot_12_1_2015_12_0.json	1448989200.0	96.1	289	62
snapshot_12_1_2015_18_0.json	1449010800.0	96.1	289	63
snapshot_12_1_2015_6_0.json	1448967600.0	96.1	289	62
snapshot_12_2_2015_0_0.json	1449032400.0	76.21	289	62
snapshot_12_2_2015_0_0.json	1449032400.0	76.21	289	62
snapshot_12_2_2015_12_0.json	1449075600.0	77.03	289	48
snapshot_12_2_2015_18_0.json	1449097200.0	77.03	289	47
snapshot_12_3_2015_0_0.json	1449118800.0	82.76	196	36
snapshot_12_3_2015_12_0.json	1449162000.0	82.76	196	28
snapshot_12_3_2015_18_0.json	1449183600.0	77.03	181.3	28
snapshot_12_4_2015_0_0.json	1449205200.0	88.5	181.3	24
snapshot_12_4_2015_18_0.json	1449270000.0	119.5	181.3	16
snapshot_12_4_2015_18_0.json	1449270000.0	119.5	181.3	16
snapshot_12_4_2015_6_0.json	1449226800.0	119.5	181.3	20
snapshot_12_5_2015_0_0.json	1449291600.0	168.76	181.3	10
snapshot_12_5_2015_18_0.json	1449356400.0	178	181.3	10
snapshot_12_5_2015_6_0.json	1449313200.0	168.76	181.3	10
9278951	2015-12-06T23:30:00Z	Elf The Musical	Fox Theatre Atlanta	Georgia Atlanta|670	30308
snapshot_11_17_2015_0_0.json	1447736400.0	96.1	269.5	86
snapshot_11_17_2015_12_0.json	1447779600.0	96.1	269.5	86
snapshot_11_17_2015_18_0.json	1447801200.0	90.25	245	96
snapshot_11_17_2015_18_0.json	1447801200.0	90.25	245	96
snapshot_11_17_2015_6_0.json	1447758000.0	96.1	269.5	86
snapshot_11_18_2015_0_0.json	1447822800.0	90.25	245	94
snapshot_11_18_2015_12_0.json	1447866000.0	90.25	245	103
snapshot_11_18_2015_6_0.json	1447844400.0	90.25	245	103
snapshot_11_19_2015_0_0.json	1447909200.0	90.25	289	103
snapshot_11_19_2015_12_0.json	1447952400.0	90.25	289	103
snapshot_11_19_2015_6_0.json	1447930800.0	90.25	289	103
snapshot_11_19_2015_6_0.json	1447930800.0	90.25	289	103
snapshot_11_21_2015_18_0.json	1448146800.0	90.25	289	95
snapshot_11_22_2015_0_0.json	1448168400.0	90.25	289	95
snapshot_11_22_2015_12_0.json	1448211600.0	90.25	289	95
snapshot_11_22_2015_18_0.json	1448233200.0	90.25	289	93
snapshot_11_22_2015_6_0.json	1448190000.0	90.25	289	95
snapshot_11_23_2015_0_0.json	1448254800.0	90.25	289	93
snapshot_11_23_2015_12_0.json	1448298000.0	90.25	289	93
snapshot_11_23_2015_18_0.json	1448319600.0	78.55	289	89
snapshot_11_23_2015_18_0.json	1448319600.0	78.55	289	89
snapshot_11_23_2015_6_0.json	1448276400.0	90.25	289	93
snapshot_11_24_2015_0_0.json	1448341200.0	78.55	289	89
snapshot_11_24_2015_12_0.json	1448384400.0	72.7	289	108
snapshot_11_24_2015_12_0.json	1448384400.0	72.7	289	108
snapshot_11_24_2015_18_0.json	1448406000.0	72.7	289	108
snapshot_11_24_2015_6_0.json	1448362800.0	78.55	289	108
snapshot_11_25_2015_0_0.json	1448427600.0	72.7	289	104
snapshot_11_25_2015_12_0.json	1448470800.0	72.7	289	104
snapshot_11_25_2015_18_0.json	1448492400.0	61	289	104
snapshot_11_25_2015_6_0.json	1448449200.0	72.7	289	104
snapshot_11_26_2015_0_0.json	1448514000.0	61	289	100
snapshot_11_26_2015_0_0.json	1448514000.0	61	289	100
snapshot_11_27_2015_18_0.json	1448665200.0	61	289	84
snapshot_11_28_2015_0_0.json	1448686800.0	61	289	84
snapshot_11_28_2015_0_0.json	1448686800.0	61	289	84
snapshot_11_28_2015_12_0.json	1448730000.0	84.4	289	80
snapshot_11_28_2015_18_0.json	1448751600.0	84.4	289	80
snapshot_11_28_2015_6_0.json	1448708400.0	84.4	289	80
snapshot_11_28_2015_6_0.json	1448708400.0	84.4	289	80
snapshot_11_29_2015_12_0.json	1448816400.0	90.25	289	74
snapshot_11_29_2015_18_0.json	1448838000.0	90.25	289	74
snapshot_11_29_2015_18_0.json	1448838000.0	90.25	289	74
snapshot_11_29_2015_6_0.json	1448794800.0	90.25	289	74
snapshot_11_29_2015_6_0.json	1448794800.0	90.25	289	74
snapshot_11_30_2015_0_0.json	1448859600.0	61	289	74
snapshot_11_30_2015_18_0.json	1448924400.0	61	289	72
snapshot_12_1_2015_12_0.json	1448989200.0	96.1	289	62
snapshot_12_1_2015_18_0.json	1449010800.0	96.1	289	63
snapshot_12_1_2015_6_0.json	1448967600.0	96.1	289	62
snapshot_12_2_2015_0_0.json	1449032400.0	76.21	289	62
snapshot_12_2_2015_0_0.json	1449032400.0	76.21	289	62
snapshot_12_2_2015_12_0.json	1449075600.0	77.03	289	48
snapshot_12_2_2015_18_0.json	1449097200.0	77.03	289	47
snapshot_12_3_2015_0_0.json	1449118800.0	82.76	196	36
snapshot_12_3_2015_12_0.json	1449162000.0	82.76	196	28
snapshot_12_3_2015_18_0.json	1449183600.0	77.03	181.3	28
snapshot_12_4_2015_0_0.json	1449205200.0	88.5	181.3	24
snapshot_12_4_2015_18_0.json	1449270000.0	119.5	181.3	16
snapshot_12_4_2015_18_0.json	1449270000.0	119.5	181.3	16
snapshot_12_4_2015_6_0.json	1449226800.0	119.5	181.3	20
snapshot_12_5_2015_0_0.json	1449291600.0	168.76	181.3	10
snapshot_12_5_2015_18_0.json	1449356400.0	178	181.3	10
snapshot_12_5_2015_6_0.json	1449313200.0	168.76	181.3	10
