9279234	2016-01-25T01:00:00Z	Madonna	American Airlines Arena	Florida Miami / S. Florida|669	33132
snapshot_11_16_2015_0_0.json	1447650000.0	88.34	8500	1130
snapshot_11_16_2015_0_0.json	1447650000.0	88.34	8500	1130
snapshot_11_17_2015_12_0.json	1447779600.0	82.14	8500	1132
snapshot_11_17_2015_18_0.json	1447801200.0	82.14	8500	1130
snapshot_11_17_2015_18_0.json	1447801200.0	82.14	8500	1130
snapshot_11_17_2015_6_0.json	1447758000.0	82.14	8500	1126
snapshot_11_18_2015_0_0.json	1447822800.0	82.14	8500	1135
snapshot_11_18_2015_12_0.json	1447866000.0	82.14	8500	1125
snapshot_11_18_2015_18_0.json	1447887600.0	82.14	8500	1174
snapshot_11_18_2015_6_0.json	1447844400.0	82.14	8500	1131
snapshot_11_19_2015_0_0.json	1447909200.0	75.94	8500	1159
snapshot_11_19_2015_12_0.json	1447952400.0	75.94	8500	1163
snapshot_11_19_2015_6_0.json	1447930800.0	75.94	8500	1159
snapshot_11_20_2015_0_0.json	1447995600.0	80.9	8500	1147
snapshot_11_20_2015_12_0.json	1448038800.0	80.9	8500	1160
snapshot_11_21_2015_12_0.json	1448125200.0	80.9	8500	1124
snapshot_11_21_2015_18_0.json	1448146800.0	80.9	8500	1124
snapshot_11_22_2015_0_0.json	1448168400.0	90.33	8500	1118
snapshot_11_22_2015_12_0.json	1448211600.0	90.33	8500	1116
snapshot_11_22_2015_18_0.json	1448233200.0	90.33	8500	1116
snapshot_11_22_2015_18_0.json	1448233200.0	90.33	8500	1116
snapshot_11_23_2015_0_0.json	1448254800.0	90.33	8500	1139
snapshot_11_23_2015_12_0.json	1448298000.0	90.33	8500	1141
snapshot_11_23_2015_18_0.json	1448319600.0	90.33	8500	1135
snapshot_11_23_2015_6_0.json	1448276400.0	90.33	8500	1139
snapshot_11_23_2015_6_0.json	1448276400.0	90.33	8500	1139
snapshot_11_24_2015_0_0.json	1448341200.0	90.33	8500	1139
snapshot_11_24_2015_12_0.json	1448384400.0	90.33	8500	1119
snapshot_11_24_2015_18_0.json	1448406000.0	90.33	8500	1150
snapshot_11_24_2015_6_0.json	1448362800.0	90.33	8500	1119
snapshot_11_25_2015_0_0.json	1448427600.0	90.33	8500	1152
snapshot_11_26_2015_0_0.json	1448514000.0	90.33	8500	1171
snapshot_11_27_2015_18_0.json	1448665200.0	92.06	8500	1175
snapshot_11_28_2015_0_0.json	1448686800.0	92.06	8500	1117
snapshot_11_28_2015_12_0.json	1448730000.0	92.06	8500	1099
snapshot_11_28_2015_18_0.json	1448751600.0	92.06	8500	1100
snapshot_11_28_2015_18_0.json	1448751600.0	92.06	8500	1100
snapshot_11_28_2015_6_0.json	1448708400.0	92.06	8500	1099
snapshot_11_29_2015_0_0.json	1448773200.0	92.06	8500	1092
snapshot_11_29_2015_0_0.json	1448773200.0	92.06	8500	1092
snapshot_11_29_2015_12_0.json	1448816400.0	99.61	8500	1139
snapshot_11_29_2015_18_0.json	1448838000.0	99.61	8500	1137
snapshot_11_29_2015_6_0.json	1448794800.0	99.61	8500	1141
snapshot_11_30_2015_0_0.json	1448859600.0	99.61	8500	1131
snapshot_11_30_2015_0_0.json	1448859600.0	99.61	8500	1131
snapshot_11_30_2015_12_0.json	1448902800.0	99.61	8500	1137
snapshot_11_30_2015_18_0.json	1448924400.0	99.61	8500	1135
snapshot_11_30_2015_18_0.json	1448924400.0	99.61	8500	1135
snapshot_11_30_2015_6_0.json	1448881200.0	99.61	8500	1137
snapshot_11_30_2015_6_0.json	1448881200.0	99.61	8500	1137
snapshot_12_1_2015_0_0.json	1448946000.0	99.61	8500	1126
snapshot_12_1_2015_18_0.json	1449010800.0	99.61	8500	1112
snapshot_12_1_2015_6_0.json	1448967600.0	99.61	8500	1118
snapshot_12_2_2015_0_0.json	1449032400.0	99.61	8500	1104
snapshot_12_2_2015_12_0.json	1449075600.0	99.61	8500	1104
snapshot_12_2_2015_18_0.json	1449097200.0	99.61	8500	1100
snapshot_12_2_2015_6_0.json	1449054000.0	99.61	8500	1102
snapshot_12_2_2015_6_0.json	1449054000.0	99.61	8500	1102
snapshot_12_3_2015_0_0.json	1449118800.0	99.61	8500	1099
snapshot_12_3_2015_12_0.json	1449162000.0	99.61	8500	1094
snapshot_12_4_2015_12_0.json	1449248400.0	99.61	8500	1079
snapshot_12_4_2015_18_0.json	1449270000.0	99.61	8500	1079
snapshot_12_4_2015_6_0.json	1449226800.0	99.61	8500	1081
snapshot_12_5_2015_0_0.json	1449291600.0	99.61	8500	1029
snapshot_12_5_2015_12_0.json	1449334800.0	99.61	8500	1027
snapshot_12_5_2015_18_0.json	1449356400.0	99.61	8500	1027
snapshot_12_5_2015_6_0.json	1449313200.0	99.61	8500	1027
9279234	2016-01-25T01:00:00Z	Madonna	American Airlines Arena	Florida Miami / S. Florida|669	33132
snapshot_11_16_2015_0_0.json	1447650000.0	88.34	8500	1130
snapshot_11_16_2015_0_0.json	1447650000.0	88.34	8500	1130
snapshot_11_17_2015_12_0.json	1447779600.0	82.14	8500	1132
snapshot_11_17_2015_18_0.json	1447801200.0	82.14	8500	1130
snapshot_11_17_2015_18_0.json	1447801200.0	82.14	8500	1130
snapshot_11_17_2015_6_0.json	1447758000.0	82.14	8500	1126
snapshot_11_18_2015_0_0.json	1447822800.0	82.14	8500	1135
snapshot_11_18_2015_12_0.json	1447866000.0	82.14	8500	1125
snapshot_11_18_2015_18_0.json	1447887600.0	82.14	8500	1174
snapshot_11_18_2015_6_0.json	1447844400.0	82.14	8500	1131
snapshot_11_19_2015_0_0.json	1447909200.0	75.94	8500	1159
snapshot_11_19_2015_12_0.json	1447952400.0	75.94	8500	1163
snapshot_11_19_2015_6_0.json	1447930800.0	75.94	8500	1159
snapshot_11_20_2015_0_0.json	1447995600.0	80.9	8500	1147
snapshot_11_20_2015_12_0.json	1448038800.0	80.9	8500	1160
snapshot_11_21_2015_12_0.json	1448125200.0	80.9	8500	1124
snapshot_11_21_2015_18_0.json	1448146800.0	80.9	8500	1124
snapshot_11_22_2015_0_0.json	1448168400.0	90.33	8500	1118
snapshot_11_22_2015_12_0.json	1448211600.0	90.33	8500	1116
snapshot_11_22_2015_18_0.json	1448233200.0	90.33	8500	1116
snapshot_11_22_2015_18_0.json	1448233200.0	90.33	8500	1116
snapshot_11_23_2015_0_0.json	1448254800.0	90.33	8500	1139
snapshot_11_23_2015_12_0.json	1448298000.0	90.33	8500	1141
snapshot_11_23_2015_18_0.json	1448319600.0	90.33	8500	1135
snapshot_11_23_2015_6_0.json	1448276400.0	90.33	8500	1139
snapshot_11_23_2015_6_0.json	1448276400.0	90.33	8500	1139
snapshot_11_24_2015_0_0.json	1448341200.0	90.33	8500	1139
snapshot_11_24_2015_12_0.json	1448384400.0	90.33	8500	1119
snapshot_11_24_2015_18_0.json	1448406000.0	90.33	8500	1150
snapshot_11_24_2015_6_0.json	1448362800.0	90.33	8500	1119
snapshot_11_25_2015_0_0.json	1448427600.0	90.33	8500	1152
snapshot_11_26_2015_0_0.json	1448514000.0	90.33	8500	1171
snapshot_11_27_2015_18_0.json	1448665200.0	92.06	8500	1175
snapshot_11_28_2015_0_0.json	1448686800.0	92.06	8500	1117
snapshot_11_28_2015_12_0.json	1448730000.0	92.06	8500	1099
snapshot_11_28_2015_18_0.json	1448751600.0	92.06	8500	1100
snapshot_11_28_2015_18_0.json	1448751600.0	92.06	8500	1100
snapshot_11_28_2015_6_0.json	1448708400.0	92.06	8500	1099
snapshot_11_29_2015_0_0.json	1448773200.0	92.06	8500	1092
snapshot_11_29_2015_0_0.json	1448773200.0	92.06	8500	1092
snapshot_11_29_2015_12_0.json	1448816400.0	99.61	8500	1139
snapshot_11_29_2015_18_0.json	1448838000.0	99.61	8500	1137
snapshot_11_29_2015_6_0.json	1448794800.0	99.61	8500	1141
snapshot_11_30_2015_0_0.json	1448859600.0	99.61	8500	1131
snapshot_11_30_2015_0_0.json	1448859600.0	99.61	8500	1131
snapshot_11_30_2015_12_0.json	1448902800.0	99.61	8500	1137
snapshot_11_30_2015_18_0.json	1448924400.0	99.61	8500	1135
snapshot_11_30_2015_18_0.json	1448924400.0	99.61	8500	1135
snapshot_11_30_2015_6_0.json	1448881200.0	99.61	8500	1137
snapshot_11_30_2015_6_0.json	1448881200.0	99.61	8500	1137
snapshot_12_1_2015_0_0.json	1448946000.0	99.61	8500	1126
snapshot_12_1_2015_18_0.json	1449010800.0	99.61	8500	1112
snapshot_12_1_2015_6_0.json	1448967600.0	99.61	8500	1118
snapshot_12_2_2015_0_0.json	1449032400.0	99.61	8500	1104
snapshot_12_2_2015_12_0.json	1449075600.0	99.61	8500	1104
snapshot_12_2_2015_18_0.json	1449097200.0	99.61	8500	1100
snapshot_12_2_2015_6_0.json	1449054000.0	99.61	8500	1102
snapshot_12_2_2015_6_0.json	1449054000.0	99.61	8500	1102
snapshot_12_3_2015_0_0.json	1449118800.0	99.61	8500	1099
snapshot_12_3_2015_12_0.json	1449162000.0	99.61	8500	1094
snapshot_12_4_2015_12_0.json	1449248400.0	99.61	8500	1079
snapshot_12_4_2015_18_0.json	1449270000.0	99.61	8500	1079
snapshot_12_4_2015_6_0.json	1449226800.0	99.61	8500	1081
snapshot_12_5_2015_0_0.json	1449291600.0	99.61	8500	1029
snapshot_12_5_2015_12_0.json	1449334800.0	99.61	8500	1027
snapshot_12_5_2015_18_0.json	1449356400.0	99.61	8500	1027
snapshot_12_5_2015_6_0.json	1449313200.0	99.61	8500	1027
