9279371	2015-11-21T20:00:00Z	BYU Cougars	LaVell Edwards Stadium	Utah Salt Lake City|706	84604
snapshot_11_16_2015_0_0.json	1447650000.0	16.82	225	398
snapshot_11_17_2015_0_0.json	1447736400.0	20.04	225	416
snapshot_11_17_2015_12_0.json	1447779600.0	20.04	225	408
snapshot_11_17_2015_18_0.json	1447801200.0	20.04	225	393
snapshot_11_17_2015_18_0.json	1447801200.0	20.04	225	393
snapshot_11_17_2015_6_0.json	1447758000.0	20.04	225	408
snapshot_11_18_2015_0_0.json	1447822800.0	20.04	225	380
snapshot_11_18_2015_12_0.json	1447866000.0	20.04	225	354
snapshot_11_18_2015_18_0.json	1447887600.0	20.05	225	348
snapshot_11_18_2015_6_0.json	1447844400.0	20.04	225	357
snapshot_11_19_2015_0_0.json	1447909200.0	20.05	90	272
snapshot_11_19_2015_12_0.json	1447952400.0	17.71	90	220
snapshot_11_19_2015_6_0.json	1447930800.0	17.71	90	216
snapshot_11_20_2015_0_0.json	1447995600.0	18.7	88.89	174
snapshot_11_20_2015_12_0.json	1448038800.0	17.71	88.89	146
snapshot_11_21_2015_12_0.json	1448125200.0	14.2	49	87
snapshot_11_21_2015_18_0.json	1448146800.0	21.22	35	47
snapshot_11_22_2015_12_0.json	1448211600.0	0	0	0
snapshot_11_22_2015_18_0.json	1448233200.0	0	0	0
snapshot_11_22_2015_6_0.json	1448190000.0	0	0	0
snapshot_11_23_2015_0_0.json	1448254800.0	0	0	0
snapshot_11_23_2015_12_0.json	1448298000.0	0	0	0
snapshot_11_23_2015_6_0.json	1448276400.0	0	0	0
snapshot_11_23_2015_6_0.json	1448276400.0	0	0	0
snapshot_12_3_2015_12_0.json	1449162000.0	0	0	0
snapshot_12_3_2015_6_0.json	1449140400.0	0	0	0
9279371	2015-11-21T20:00:00Z	BYU Cougars	LaVell Edwards Stadium	Utah Salt Lake City|706	84604
snapshot_11_16_2015_0_0.json	1447650000.0	16.82	225	398
snapshot_11_17_2015_0_0.json	1447736400.0	20.04	225	416
snapshot_11_17_2015_12_0.json	1447779600.0	20.04	225	408
snapshot_11_17_2015_18_0.json	1447801200.0	20.04	225	393
snapshot_11_17_2015_18_0.json	1447801200.0	20.04	225	393
snapshot_11_17_2015_6_0.json	1447758000.0	20.04	225	408
snapshot_11_18_2015_0_0.json	1447822800.0	20.04	225	380
snapshot_11_18_2015_12_0.json	1447866000.0	20.04	225	354
snapshot_11_18_2015_18_0.json	1447887600.0	20.05	225	348
snapshot_11_18_2015_6_0.json	1447844400.0	20.04	225	357
snapshot_11_19_2015_0_0.json	1447909200.0	20.05	90	272
snapshot_11_19_2015_12_0.json	1447952400.0	17.71	90	220
snapshot_11_19_2015_6_0.json	1447930800.0	17.71	90	216
snapshot_11_20_2015_0_0.json	1447995600.0	18.7	88.89	174
snapshot_11_20_2015_12_0.json	1448038800.0	17.71	88.89	146
snapshot_11_21_2015_12_0.json	1448125200.0	14.2	49	87
snapshot_11_21_2015_18_0.json	1448146800.0	21.22	35	47
snapshot_11_22_2015_12_0.json	1448211600.0	0	0	0
snapshot_11_22_2015_18_0.json	1448233200.0	0	0	0
snapshot_11_22_2015_6_0.json	1448190000.0	0	0	0
snapshot_11_23_2015_0_0.json	1448254800.0	0	0	0
snapshot_11_23_2015_12_0.json	1448298000.0	0	0	0
snapshot_11_23_2015_6_0.json	1448276400.0	0	0	0
snapshot_11_23_2015_6_0.json	1448276400.0	0	0	0
snapshot_12_3_2015_12_0.json	1449162000.0	0	0	0
snapshot_12_3_2015_6_0.json	1449140400.0	0	0	0
