9280675	2015-11-21T01:00:00Z	Matilda The Musical	Academy of Music Philadelphia	Pennsylvania Philadelphia|522	19102
snapshot_11_16_2015_0_0.json	1447650000.0	70.26	207	55
snapshot_11_17_2015_12_0.json	1447779600.0	86.74	207	53
snapshot_11_17_2015_18_0.json	1447801200.0	86.74	217	49
snapshot_11_17_2015_6_0.json	1447758000.0	86.74	207	53
snapshot_11_18_2015_0_0.json	1447822800.0	86.74	217	49
snapshot_11_18_2015_0_0.json	1447822800.0	86.74	217	49
snapshot_11_18_2015_12_0.json	1447866000.0	86.74	217	48
snapshot_11_18_2015_18_0.json	1447887600.0	86.74	171	33
snapshot_11_18_2015_6_0.json	1447844400.0	86.74	217	48
snapshot_11_18_2015_6_0.json	1447844400.0	86.74	217	48
snapshot_11_19_2015_0_0.json	1447909200.0	86.74	171	42
snapshot_11_19_2015_6_0.json	1447930800.0	0	0	0
snapshot_11_20_2015_12_0.json	1448038800.0	0	0	0
snapshot_11_21_2015_18_0.json	1448146800.0	0	0	0
snapshot_11_22_2015_0_0.json	1448168400.0	0	0	0
snapshot_11_22_2015_12_0.json	1448211600.0	0	0	0
9280675	2015-11-21T01:00:00Z	Matilda The Musical	Academy of Music Philadelphia	Pennsylvania Philadelphia|522	19102
snapshot_11_16_2015_0_0.json	1447650000.0	70.26	207	55
snapshot_11_17_2015_12_0.json	1447779600.0	86.74	207	53
snapshot_11_17_2015_18_0.json	1447801200.0	86.74	217	49
snapshot_11_17_2015_6_0.json	1447758000.0	86.74	207	53
snapshot_11_18_2015_0_0.json	1447822800.0	86.74	217	49
snapshot_11_18_2015_0_0.json	1447822800.0	86.74	217	49
snapshot_11_18_2015_12_0.json	1447866000.0	86.74	217	48
snapshot_11_18_2015_18_0.json	1447887600.0	86.74	171	33
snapshot_11_18_2015_6_0.json	1447844400.0	86.74	217	48
snapshot_11_18_2015_6_0.json	1447844400.0	86.74	217	48
snapshot_11_19_2015_0_0.json	1447909200.0	86.74	171	42
snapshot_11_19_2015_6_0.json	1447930800.0	0	0	0
snapshot_11_20_2015_12_0.json	1448038800.0	0	0	0
snapshot_11_21_2015_18_0.json	1448146800.0	0	0	0
snapshot_11_22_2015_0_0.json	1448168400.0	0	0	0
snapshot_11_22_2015_12_0.json	1448211600.0	0	0	0
