9280570	2015-11-19T00:30:00Z	A Gentlemans Guide to Love and Murder	Benedum Center	Pennsylvania Pittsburgh|681	15222
snapshot_11_16_2015_0_0.json	1447650000.0	92.59	164.93	43
snapshot_11_17_2015_0_0.json	1447736400.0	92.59	164.93	43
snapshot_11_17_2015_12_0.json	1447779600.0	0	0	0
snapshot_11_17_2015_18_0.json	1447801200.0	0	0	0
snapshot_11_17_2015_6_0.json	1447758000.0	0	0	0
snapshot_11_18_2015_0_0.json	1447822800.0	0	0	0
snapshot_11_18_2015_12_0.json	1447866000.0	0	0	0
snapshot_11_18_2015_12_0.json	1447866000.0	0	0	0
snapshot_11_18_2015_6_0.json	1447844400.0	0	0	0
snapshot_11_18_2015_6_0.json	1447844400.0	0	0	0
snapshot_11_19_2015_0_0.json	1447909200.0	0	0	0
snapshot_11_19_2015_0_0.json	1447909200.0	0	0	0
snapshot_11_19_2015_18_0.json	1447974000.0	0	0	0
snapshot_11_19_2015_6_0.json	1447930800.0	0	0	0
snapshot_11_20_2015_0_0.json	1447995600.0	0	0	0
snapshot_11_20_2015_12_0.json	1448038800.0	0	0	0
9280570	2015-11-19T00:30:00Z	A Gentlemans Guide to Love and Murder	Benedum Center	Pennsylvania Pittsburgh|681	15222
snapshot_11_16_2015_0_0.json	1447650000.0	92.59	164.93	43
snapshot_11_17_2015_0_0.json	1447736400.0	92.59	164.93	43
snapshot_11_17_2015_12_0.json	1447779600.0	0	0	0
snapshot_11_17_2015_18_0.json	1447801200.0	0	0	0
snapshot_11_17_2015_6_0.json	1447758000.0	0	0	0
snapshot_11_18_2015_0_0.json	1447822800.0	0	0	0
snapshot_11_18_2015_12_0.json	1447866000.0	0	0	0
snapshot_11_18_2015_12_0.json	1447866000.0	0	0	0
snapshot_11_18_2015_6_0.json	1447844400.0	0	0	0
snapshot_11_18_2015_6_0.json	1447844400.0	0	0	0
snapshot_11_19_2015_0_0.json	1447909200.0	0	0	0
snapshot_11_19_2015_0_0.json	1447909200.0	0	0	0
snapshot_11_19_2015_18_0.json	1447974000.0	0	0	0
snapshot_11_19_2015_6_0.json	1447930800.0	0	0	0
snapshot_11_20_2015_0_0.json	1447995600.0	0	0	0
snapshot_11_20_2015_12_0.json	1448038800.0	0	0	0
