9280123	2015-11-28T17:30:00Z	Tosca	Metropolitan Opera	New York New York Metro|664	10023
snapshot_11_16_2015_0_0.json	1447650000.0	56.73	828	93
snapshot_11_17_2015_0_0.json	1447736400.0	56.73	828	93
snapshot_11_17_2015_12_0.json	1447779600.0	56.73	828	93
snapshot_11_17_2015_18_0.json	1447801200.0	56.73	828	93
snapshot_11_17_2015_6_0.json	1447758000.0	56.73	828	93
snapshot_11_18_2015_0_0.json	1447822800.0	56.73	828	93
snapshot_11_18_2015_12_0.json	1447866000.0	56.73	828	93
snapshot_11_18_2015_12_0.json	1447866000.0	56.73	828	93
snapshot_11_18_2015_18_0.json	1447887600.0	56.73	828	93
snapshot_11_18_2015_6_0.json	1447844400.0	56.73	828	93
snapshot_11_19_2015_0_0.json	1447909200.0	56.73	828	93
snapshot_11_19_2015_0_0.json	1447909200.0	56.73	828	93
snapshot_11_19_2015_12_0.json	1447952400.0	56.73	828	93
snapshot_11_19_2015_6_0.json	1447930800.0	56.73	828	93
snapshot_11_20_2015_12_0.json	1448038800.0	56.73	828	93
snapshot_11_21_2015_12_0.json	1448125200.0	56.73	828	93
snapshot_11_21_2015_18_0.json	1448146800.0	56.73	828	93
snapshot_11_22_2015_0_0.json	1448168400.0	56.73	828	93
snapshot_11_22_2015_12_0.json	1448211600.0	56.73	828	93
snapshot_11_22_2015_18_0.json	1448233200.0	56.73	828	93
snapshot_11_22_2015_18_0.json	1448233200.0	56.73	828	93
snapshot_11_23_2015_0_0.json	1448254800.0	56.73	828	93
snapshot_11_23_2015_12_0.json	1448298000.0	56.73	828	93
snapshot_11_23_2015_18_0.json	1448319600.0	46.2	828	93
snapshot_11_24_2015_0_0.json	1448341200.0	46.2	828	93
snapshot_11_24_2015_0_0.json	1448341200.0	46.2	828	93
snapshot_11_24_2015_12_0.json	1448384400.0	232.99	828	77
snapshot_11_24_2015_18_0.json	1448406000.0	232.99	828	77
snapshot_11_24_2015_6_0.json	1448362800.0	232.99	828	77
snapshot_11_25_2015_0_0.json	1448427600.0	232.99	828	77
snapshot_11_25_2015_0_0.json	1448427600.0	232.99	828	77
snapshot_11_25_2015_12_0.json	1448470800.0	131.19	828	79
snapshot_11_25_2015_18_0.json	1448492400.0	232.99	828	77
snapshot_11_25_2015_6_0.json	1448449200.0	131.19	828	79
snapshot_11_27_2015_18_0.json	1448665200.0	588.67	501	6
snapshot_11_28_2015_0_0.json	1448686800.0	0	0	0
snapshot_11_28_2015_0_0.json	1448686800.0	0	0	0
snapshot_11_28_2015_12_0.json	1448730000.0	0	0	0
snapshot_11_28_2015_18_0.json	1448751600.0	0	0	0
snapshot_11_29_2015_0_0.json	1448773200.0	0	0	0
snapshot_11_29_2015_12_0.json	1448816400.0	0	0	0
snapshot_11_29_2015_18_0.json	1448838000.0	0	0	0
snapshot_11_29_2015_6_0.json	1448794800.0	0	0	0
snapshot_11_30_2015_0_0.json	1448859600.0	0	0	0
snapshot_11_30_2015_12_0.json	1448902800.0	0	0	0
snapshot_11_30_2015_18_0.json	1448924400.0	0	0	0
snapshot_11_30_2015_6_0.json	1448881200.0	0	0	0
snapshot_11_30_2015_6_0.json	1448881200.0	0	0	0
snapshot_12_1_2015_0_0.json	1448946000.0	0	0	0
9280123	2015-11-28T17:30:00Z	Tosca	Metropolitan Opera	New York New York Metro|664	10023
snapshot_11_16_2015_0_0.json	1447650000.0	56.73	828	93
snapshot_11_17_2015_0_0.json	1447736400.0	56.73	828	93
snapshot_11_17_2015_12_0.json	1447779600.0	56.73	828	93
snapshot_11_17_2015_18_0.json	1447801200.0	56.73	828	93
snapshot_11_17_2015_6_0.json	1447758000.0	56.73	828	93
snapshot_11_18_2015_0_0.json	1447822800.0	56.73	828	93
snapshot_11_18_2015_12_0.json	1447866000.0	56.73	828	93
snapshot_11_18_2015_12_0.json	1447866000.0	56.73	828	93
snapshot_11_18_2015_18_0.json	1447887600.0	56.73	828	93
snapshot_11_18_2015_6_0.json	1447844400.0	56.73	828	93
snapshot_11_19_2015_0_0.json	1447909200.0	56.73	828	93
snapshot_11_19_2015_0_0.json	1447909200.0	56.73	828	93
snapshot_11_19_2015_12_0.json	1447952400.0	56.73	828	93
snapshot_11_19_2015_6_0.json	1447930800.0	56.73	828	93
snapshot_11_20_2015_12_0.json	1448038800.0	56.73	828	93
snapshot_11_21_2015_12_0.json	1448125200.0	56.73	828	93
snapshot_11_21_2015_18_0.json	1448146800.0	56.73	828	93
snapshot_11_22_2015_0_0.json	1448168400.0	56.73	828	93
snapshot_11_22_2015_12_0.json	1448211600.0	56.73	828	93
snapshot_11_22_2015_18_0.json	1448233200.0	56.73	828	93
snapshot_11_22_2015_18_0.json	1448233200.0	56.73	828	93
snapshot_11_23_2015_0_0.json	1448254800.0	56.73	828	93
snapshot_11_23_2015_12_0.json	1448298000.0	56.73	828	93
snapshot_11_23_2015_18_0.json	1448319600.0	46.2	828	93
snapshot_11_24_2015_0_0.json	1448341200.0	46.2	828	93
snapshot_11_24_2015_0_0.json	1448341200.0	46.2	828	93
snapshot_11_24_2015_12_0.json	1448384400.0	232.99	828	77
snapshot_11_24_2015_18_0.json	1448406000.0	232.99	828	77
snapshot_11_24_2015_6_0.json	1448362800.0	232.99	828	77
snapshot_11_25_2015_0_0.json	1448427600.0	232.99	828	77
snapshot_11_25_2015_0_0.json	1448427600.0	232.99	828	77
snapshot_11_25_2015_12_0.json	1448470800.0	131.19	828	79
snapshot_11_25_2015_18_0.json	1448492400.0	232.99	828	77
snapshot_11_25_2015_6_0.json	1448449200.0	131.19	828	79
snapshot_11_27_2015_18_0.json	1448665200.0	588.67	501	6
snapshot_11_28_2015_0_0.json	1448686800.0	0	0	0
snapshot_11_28_2015_0_0.json	1448686800.0	0	0	0
snapshot_11_28_2015_12_0.json	1448730000.0	0	0	0
snapshot_11_28_2015_18_0.json	1448751600.0	0	0	0
snapshot_11_29_2015_0_0.json	1448773200.0	0	0	0
snapshot_11_29_2015_12_0.json	1448816400.0	0	0	0
snapshot_11_29_2015_18_0.json	1448838000.0	0	0	0
snapshot_11_29_2015_6_0.json	1448794800.0	0	0	0
snapshot_11_30_2015_0_0.json	1448859600.0	0	0	0
snapshot_11_30_2015_12_0.json	1448902800.0	0	0	0
snapshot_11_30_2015_18_0.json	1448924400.0	0	0	0
snapshot_11_30_2015_6_0.json	1448881200.0	0	0	0
snapshot_11_30_2015_6_0.json	1448881200.0	0	0	0
snapshot_12_1_2015_0_0.json	1448946000.0	0	0	0
