9280573	2015-11-22T18:00:00Z	A Gentlemans Guide to Love and Murder	Benedum Center	Pennsylvania Pittsburgh|681	15222
snapshot_11_16_2015_0_0.json	1447650000.0	83.64	187	59
snapshot_11_17_2015_0_0.json	1447736400.0	83.64	187	59
snapshot_11_17_2015_12_0.json	1447779600.0	83.64	187	59
snapshot_11_17_2015_18_0.json	1447801200.0	76.62	187	59
snapshot_11_17_2015_6_0.json	1447758000.0	83.64	187	59
snapshot_11_17_2015_6_0.json	1447758000.0	83.64	187	59
snapshot_11_18_2015_0_0.json	1447822800.0	76.62	187	59
snapshot_11_18_2015_12_0.json	1447866000.0	76.62	187	59
snapshot_11_18_2015_12_0.json	1447866000.0	76.62	187	59
snapshot_11_18_2015_18_0.json	1447887600.0	76.62	187	59
snapshot_11_18_2015_6_0.json	1447844400.0	76.62	187	59
snapshot_11_18_2015_6_0.json	1447844400.0	76.62	187	59
snapshot_11_19_2015_0_0.json	1447909200.0	76.62	187	57
snapshot_11_19_2015_12_0.json	1447952400.0	76.62	187	57
snapshot_11_19_2015_6_0.json	1447930800.0	76.62	187	57
snapshot_11_20_2015_0_0.json	1447995600.0	126.52	187	53
snapshot_11_20_2015_12_0.json	1448038800.0	126.52	187	53
snapshot_11_20_2015_12_0.json	1448038800.0	126.52	187	53
snapshot_11_21_2015_12_0.json	1448125200.0	0	0	0
snapshot_11_21_2015_12_0.json	1448125200.0	0	0	0
snapshot_11_22_2015_0_0.json	1448168400.0	0	0	0
snapshot_11_22_2015_12_0.json	1448211600.0	0	0	0
snapshot_11_22_2015_18_0.json	1448233200.0	0	0	0
snapshot_11_22_2015_6_0.json	1448190000.0	0	0	0
snapshot_11_23_2015_12_0.json	1448298000.0	0	0	0
snapshot_11_23_2015_18_0.json	1448319600.0	0	0	0
snapshot_11_23_2015_6_0.json	1448276400.0	0	0	0
snapshot_11_24_2015_0_0.json	1448341200.0	0	0	0
snapshot_11_24_2015_12_0.json	1448384400.0	0	0	0
9280573	2015-11-22T18:00:00Z	A Gentlemans Guide to Love and Murder	Benedum Center	Pennsylvania Pittsburgh|681	15222
snapshot_11_16_2015_0_0.json	1447650000.0	83.64	187	59
snapshot_11_17_2015_0_0.json	1447736400.0	83.64	187	59
snapshot_11_17_2015_12_0.json	1447779600.0	83.64	187	59
snapshot_11_17_2015_18_0.json	1447801200.0	76.62	187	59
snapshot_11_17_2015_6_0.json	1447758000.0	83.64	187	59
snapshot_11_17_2015_6_0.json	1447758000.0	83.64	187	59
snapshot_11_18_2015_0_0.json	1447822800.0	76.62	187	59
snapshot_11_18_2015_12_0.json	1447866000.0	76.62	187	59
snapshot_11_18_2015_12_0.json	1447866000.0	76.62	187	59
snapshot_11_18_2015_18_0.json	1447887600.0	76.62	187	59
snapshot_11_18_2015_6_0.json	1447844400.0	76.62	187	59
snapshot_11_18_2015_6_0.json	1447844400.0	76.62	187	59
snapshot_11_19_2015_0_0.json	1447909200.0	76.62	187	57
snapshot_11_19_2015_12_0.json	1447952400.0	76.62	187	57
snapshot_11_19_2015_6_0.json	1447930800.0	76.62	187	57
snapshot_11_20_2015_0_0.json	1447995600.0	126.52	187	53
snapshot_11_20_2015_12_0.json	1448038800.0	126.52	187	53
snapshot_11_20_2015_12_0.json	1448038800.0	126.52	187	53
snapshot_11_21_2015_12_0.json	1448125200.0	0	0	0
snapshot_11_21_2015_12_0.json	1448125200.0	0	0	0
snapshot_11_22_2015_0_0.json	1448168400.0	0	0	0
snapshot_11_22_2015_12_0.json	1448211600.0	0	0	0
snapshot_11_22_2015_18_0.json	1448233200.0	0	0	0
snapshot_11_22_2015_6_0.json	1448190000.0	0	0	0
snapshot_11_23_2015_12_0.json	1448298000.0	0	0	0
snapshot_11_23_2015_18_0.json	1448319600.0	0	0	0
snapshot_11_23_2015_6_0.json	1448276400.0	0	0	0
snapshot_11_24_2015_0_0.json	1448341200.0	0	0	0
snapshot_11_24_2015_12_0.json	1448384400.0	0	0	0
