9280612	2016-03-27T00:00:00Z	The Sound of Music	Benedum Center	Pennsylvania Pittsburgh|681	15222
snapshot_11_16_2015_0_0.json	1447650000.0	78.96	212.55	82
snapshot_11_17_2015_0_0.json	1447736400.0	78.96	212.55	82
snapshot_11_17_2015_18_0.json	1447801200.0	78.96	212.55	82
snapshot_11_18_2015_12_0.json	1447866000.0	78.96	212.55	82
snapshot_11_18_2015_6_0.json	1447844400.0	78.96	212.55	82
snapshot_11_19_2015_0_0.json	1447909200.0	78.96	212.55	82
snapshot_11_19_2015_12_0.json	1447952400.0	78.96	212.55	82
snapshot_11_19_2015_6_0.json	1447930800.0	78.96	212.55	82
snapshot_11_21_2015_18_0.json	1448146800.0	78.96	212.55	82
snapshot_11_22_2015_0_0.json	1448168400.0	78.96	212.55	82
snapshot_11_22_2015_12_0.json	1448211600.0	78.96	212.55	80
snapshot_11_22_2015_18_0.json	1448233200.0	78.96	212.55	80
snapshot_11_22_2015_18_0.json	1448233200.0	78.96	212.55	80
snapshot_11_22_2015_6_0.json	1448190000.0	78.96	212.55	80
snapshot_11_23_2015_0_0.json	1448254800.0	78.96	212.55	80
snapshot_11_23_2015_12_0.json	1448298000.0	78.96	212.55	80
snapshot_11_23_2015_6_0.json	1448276400.0	78.96	212.55	80
snapshot_11_24_2015_0_0.json	1448341200.0	78.96	212.55	80
snapshot_11_24_2015_0_0.json	1448341200.0	78.96	212.55	80
snapshot_11_24_2015_18_0.json	1448406000.0	78.96	212.55	80
snapshot_11_24_2015_6_0.json	1448362800.0	78.96	212.55	80
snapshot_11_25_2015_12_0.json	1448470800.0	78.96	212.55	80
snapshot_11_25_2015_18_0.json	1448492400.0	78.96	212.55	80
snapshot_11_25_2015_6_0.json	1448449200.0	78.96	212.55	80
snapshot_11_26_2015_0_0.json	1448514000.0	88.32	212.55	78
snapshot_11_26_2015_0_0.json	1448514000.0	88.32	212.55	78
snapshot_11_27_2015_18_0.json	1448665200.0	88.32	212.55	78
snapshot_11_27_2015_18_0.json	1448665200.0	88.32	212.55	78
snapshot_11_28_2015_0_0.json	1448686800.0	88.32	315	84
snapshot_11_28_2015_12_0.json	1448730000.0	88.32	315	84
snapshot_11_28_2015_18_0.json	1448751600.0	88.32	315	84
snapshot_11_29_2015_0_0.json	1448773200.0	88.32	315	84
snapshot_11_29_2015_12_0.json	1448816400.0	88.32	315	84
snapshot_11_29_2015_18_0.json	1448838000.0	88.32	315	84
snapshot_11_29_2015_6_0.json	1448794800.0	88.32	315	84
snapshot_11_29_2015_6_0.json	1448794800.0	88.32	315	84
snapshot_11_30_2015_12_0.json	1448902800.0	88.32	315	84
snapshot_11_30_2015_12_0.json	1448902800.0	88.32	315	84
snapshot_12_1_2015_0_0.json	1448946000.0	88.32	315	84
snapshot_12_1_2015_12_0.json	1448989200.0	88.32	315	84
snapshot_12_1_2015_18_0.json	1449010800.0	88.32	315	84
snapshot_12_1_2015_6_0.json	1448967600.0	88.32	315	84
snapshot_12_1_2015_6_0.json	1448967600.0	88.32	315	84
snapshot_12_2_2015_0_0.json	1449032400.0	88.32	315	84
snapshot_12_2_2015_12_0.json	1449075600.0	88.32	315	84
snapshot_12_2_2015_18_0.json	1449097200.0	88.32	315	84
snapshot_12_3_2015_0_0.json	1449118800.0	88.32	315	84
snapshot_12_3_2015_12_0.json	1449162000.0	88.32	315	82
snapshot_12_3_2015_18_0.json	1449183600.0	88.32	315	82
snapshot_12_3_2015_18_0.json	1449183600.0	88.32	315	82
snapshot_12_4_2015_0_0.json	1449205200.0	88.32	315	82
snapshot_12_4_2015_18_0.json	1449270000.0	88.32	315	82
snapshot_12_4_2015_6_0.json	1449226800.0	88.32	315	82
snapshot_12_5_2015_0_0.json	1449291600.0	88.32	315	82
snapshot_12_5_2015_0_0.json	1449291600.0	88.32	315	82
snapshot_12_5_2015_6_0.json	1449313200.0	88.32	315	82
9280612	2016-03-27T00:00:00Z	The Sound of Music	Benedum Center	Pennsylvania Pittsburgh|681	15222
snapshot_11_16_2015_0_0.json	1447650000.0	78.96	212.55	82
snapshot_11_17_2015_0_0.json	1447736400.0	78.96	212.55	82
snapshot_11_17_2015_18_0.json	1447801200.0	78.96	212.55	82
snapshot_11_18_2015_12_0.json	1447866000.0	78.96	212.55	82
snapshot_11_18_2015_6_0.json	1447844400.0	78.96	212.55	82
snapshot_11_19_2015_0_0.json	1447909200.0	78.96	212.55	82
snapshot_11_19_2015_12_0.json	1447952400.0	78.96	212.55	82
snapshot_11_19_2015_6_0.json	1447930800.0	78.96	212.55	82
snapshot_11_21_2015_18_0.json	1448146800.0	78.96	212.55	82
snapshot_11_22_2015_0_0.json	1448168400.0	78.96	212.55	82
snapshot_11_22_2015_12_0.json	1448211600.0	78.96	212.55	80
snapshot_11_22_2015_18_0.json	1448233200.0	78.96	212.55	80
snapshot_11_22_2015_18_0.json	1448233200.0	78.96	212.55	80
snapshot_11_22_2015_6_0.json	1448190000.0	78.96	212.55	80
snapshot_11_23_2015_0_0.json	1448254800.0	78.96	212.55	80
snapshot_11_23_2015_12_0.json	1448298000.0	78.96	212.55	80
snapshot_11_23_2015_6_0.json	1448276400.0	78.96	212.55	80
snapshot_11_24_2015_0_0.json	1448341200.0	78.96	212.55	80
snapshot_11_24_2015_0_0.json	1448341200.0	78.96	212.55	80
snapshot_11_24_2015_18_0.json	1448406000.0	78.96	212.55	80
snapshot_11_24_2015_6_0.json	1448362800.0	78.96	212.55	80
snapshot_11_25_2015_12_0.json	1448470800.0	78.96	212.55	80
snapshot_11_25_2015_18_0.json	1448492400.0	78.96	212.55	80
snapshot_11_25_2015_6_0.json	1448449200.0	78.96	212.55	80
snapshot_11_26_2015_0_0.json	1448514000.0	88.32	212.55	78
snapshot_11_26_2015_0_0.json	1448514000.0	88.32	212.55	78
snapshot_11_27_2015_18_0.json	1448665200.0	88.32	212.55	78
snapshot_11_27_2015_18_0.json	1448665200.0	88.32	212.55	78
snapshot_11_28_2015_0_0.json	1448686800.0	88.32	315	84
snapshot_11_28_2015_12_0.json	1448730000.0	88.32	315	84
snapshot_11_28_2015_18_0.json	1448751600.0	88.32	315	84
snapshot_11_29_2015_0_0.json	1448773200.0	88.32	315	84
snapshot_11_29_2015_12_0.json	1448816400.0	88.32	315	84
snapshot_11_29_2015_18_0.json	1448838000.0	88.32	315	84
snapshot_11_29_2015_6_0.json	1448794800.0	88.32	315	84
snapshot_11_29_2015_6_0.json	1448794800.0	88.32	315	84
snapshot_11_30_2015_12_0.json	1448902800.0	88.32	315	84
snapshot_11_30_2015_12_0.json	1448902800.0	88.32	315	84
snapshot_12_1_2015_0_0.json	1448946000.0	88.32	315	84
snapshot_12_1_2015_12_0.json	1448989200.0	88.32	315	84
snapshot_12_1_2015_18_0.json	1449010800.0	88.32	315	84
snapshot_12_1_2015_6_0.json	1448967600.0	88.32	315	84
snapshot_12_1_2015_6_0.json	1448967600.0	88.32	315	84
snapshot_12_2_2015_0_0.json	1449032400.0	88.32	315	84
snapshot_12_2_2015_12_0.json	1449075600.0	88.32	315	84
snapshot_12_2_2015_18_0.json	1449097200.0	88.32	315	84
snapshot_12_3_2015_0_0.json	1449118800.0	88.32	315	84
snapshot_12_3_2015_12_0.json	1449162000.0	88.32	315	82
snapshot_12_3_2015_18_0.json	1449183600.0	88.32	315	82
snapshot_12_3_2015_18_0.json	1449183600.0	88.32	315	82
snapshot_12_4_2015_0_0.json	1449205200.0	88.32	315	82
snapshot_12_4_2015_18_0.json	1449270000.0	88.32	315	82
snapshot_12_4_2015_6_0.json	1449226800.0	88.32	315	82
snapshot_12_5_2015_0_0.json	1449291600.0	88.32	315	82
snapshot_12_5_2015_0_0.json	1449291600.0	88.32	315	82
snapshot_12_5_2015_6_0.json	1449313200.0	88.32	315	82
