9280574	2015-11-22T01:00:00Z	A Gentlemans Guide to Love and Murder	Benedum Center	Pennsylvania Pittsburgh|681	15222
snapshot_11_16_2015_0_0.json	1447650000.0	76.62	245.39	94
snapshot_11_17_2015_0_0.json	1447736400.0	76.62	245.39	94
snapshot_11_17_2015_12_0.json	1447779600.0	76.62	245.39	94
snapshot_11_17_2015_18_0.json	1447801200.0	75.45	245.39	94
snapshot_11_18_2015_0_0.json	1447822800.0	75.45	162.27	94
snapshot_11_18_2015_12_0.json	1447866000.0	75.45	162.27	92
snapshot_11_18_2015_18_0.json	1447887600.0	59.07	162.27	70
snapshot_11_18_2015_6_0.json	1447844400.0	75.45	162.27	92
snapshot_11_19_2015_0_0.json	1447909200.0	61.41	132	58
snapshot_11_19_2015_12_0.json	1447952400.0	61.41	132	58
snapshot_11_19_2015_6_0.json	1447930800.0	61.41	132	58
snapshot_11_21_2015_12_0.json	1448125200.0	88.17	73.22	4
snapshot_11_21_2015_18_0.json	1448146800.0	76.6	63.33	4
snapshot_11_22_2015_12_0.json	1448211600.0	0	0	0
snapshot_11_22_2015_18_0.json	1448233200.0	0	0	0
snapshot_11_22_2015_6_0.json	1448190000.0	0	0	0
snapshot_11_23_2015_0_0.json	1448254800.0	0	0	0
snapshot_11_23_2015_12_0.json	1448298000.0	0	0	0
snapshot_11_23_2015_6_0.json	1448276400.0	0	0	0
snapshot_11_23_2015_6_0.json	1448276400.0	0	0	0
9280574	2015-11-22T01:00:00Z	A Gentlemans Guide to Love and Murder	Benedum Center	Pennsylvania Pittsburgh|681	15222
snapshot_11_16_2015_0_0.json	1447650000.0	76.62	245.39	94
snapshot_11_17_2015_0_0.json	1447736400.0	76.62	245.39	94
snapshot_11_17_2015_12_0.json	1447779600.0	76.62	245.39	94
snapshot_11_17_2015_18_0.json	1447801200.0	75.45	245.39	94
snapshot_11_18_2015_0_0.json	1447822800.0	75.45	162.27	94
snapshot_11_18_2015_12_0.json	1447866000.0	75.45	162.27	92
snapshot_11_18_2015_18_0.json	1447887600.0	59.07	162.27	70
snapshot_11_18_2015_6_0.json	1447844400.0	75.45	162.27	92
snapshot_11_19_2015_0_0.json	1447909200.0	61.41	132	58
snapshot_11_19_2015_12_0.json	1447952400.0	61.41	132	58
snapshot_11_19_2015_6_0.json	1447930800.0	61.41	132	58
snapshot_11_21_2015_12_0.json	1448125200.0	88.17	73.22	4
snapshot_11_21_2015_18_0.json	1448146800.0	76.6	63.33	4
snapshot_11_22_2015_12_0.json	1448211600.0	0	0	0
snapshot_11_22_2015_18_0.json	1448233200.0	0	0	0
snapshot_11_22_2015_6_0.json	1448190000.0	0	0	0
snapshot_11_23_2015_0_0.json	1448254800.0	0	0	0
snapshot_11_23_2015_12_0.json	1448298000.0	0	0	0
snapshot_11_23_2015_6_0.json	1448276400.0	0	0	0
snapshot_11_23_2015_6_0.json	1448276400.0	0	0	0
