9280680	2015-11-20T00:30:00Z	Matilda The Musical	Academy of Music Philadelphia	Pennsylvania Philadelphia|522	19102
snapshot_11_16_2015_0_0.json	1447650000.0	89.74	207	60
snapshot_11_16_2015_0_0.json	1447650000.0	89.74	207	60
snapshot_11_17_2015_0_0.json	1447736400.0	89.74	207	59
snapshot_11_17_2015_12_0.json	1447779600.0	89.74	207	59
snapshot_11_17_2015_18_0.json	1447801200.0	86.74	217	54
snapshot_11_17_2015_6_0.json	1447758000.0	89.74	207	59
snapshot_11_18_2015_0_0.json	1447822800.0	86.74	217	51
snapshot_11_18_2015_0_0.json	1447822800.0	86.74	217	51
snapshot_11_18_2015_12_0.json	1447866000.0	216.61	217	16
snapshot_11_18_2015_18_0.json	1447887600.0	0	0	0
snapshot_11_18_2015_6_0.json	1447844400.0	216.61	217	16
snapshot_11_19_2015_18_0.json	1447974000.0	0	0	0
snapshot_11_19_2015_6_0.json	1447930800.0	0	0	0
snapshot_11_20_2015_0_0.json	1447995600.0	0	0	0
snapshot_11_21_2015_12_0.json	1448125200.0	0	0	0
9280680	2015-11-20T00:30:00Z	Matilda The Musical	Academy of Music Philadelphia	Pennsylvania Philadelphia|522	19102
snapshot_11_16_2015_0_0.json	1447650000.0	89.74	207	60
snapshot_11_16_2015_0_0.json	1447650000.0	89.74	207	60
snapshot_11_17_2015_0_0.json	1447736400.0	89.74	207	59
snapshot_11_17_2015_12_0.json	1447779600.0	89.74	207	59
snapshot_11_17_2015_18_0.json	1447801200.0	86.74	217	54
snapshot_11_17_2015_6_0.json	1447758000.0	89.74	207	59
snapshot_11_18_2015_0_0.json	1447822800.0	86.74	217	51
snapshot_11_18_2015_0_0.json	1447822800.0	86.74	217	51
snapshot_11_18_2015_12_0.json	1447866000.0	216.61	217	16
snapshot_11_18_2015_18_0.json	1447887600.0	0	0	0
snapshot_11_18_2015_6_0.json	1447844400.0	216.61	217	16
snapshot_11_19_2015_18_0.json	1447974000.0	0	0	0
snapshot_11_19_2015_6_0.json	1447930800.0	0	0	0
snapshot_11_20_2015_0_0.json	1447995600.0	0	0	0
snapshot_11_21_2015_12_0.json	1448125200.0	0	0	0
