9280572	2015-11-21T19:00:00Z	A Gentlemans Guide to Love and Murder	Benedum Center	Pennsylvania Pittsburgh|681	15222
snapshot_11_16_2015_0_0.json	1447650000.0	40.35	163	72
snapshot_11_16_2015_0_0.json	1447650000.0	40.35	163	72
snapshot_11_17_2015_0_0.json	1447736400.0	40.35	163	72
snapshot_11_17_2015_12_0.json	1447779600.0	34.5	163	72
snapshot_11_17_2015_18_0.json	1447801200.0	34.5	163	72
snapshot_11_17_2015_18_0.json	1447801200.0	34.5	163	72
snapshot_11_17_2015_6_0.json	1447758000.0	34.5	163	72
snapshot_11_17_2015_6_0.json	1447758000.0	34.5	163	72
snapshot_11_18_2015_0_0.json	1447822800.0	34.5	163	72
snapshot_11_18_2015_0_0.json	1447822800.0	34.5	163	72
snapshot_11_18_2015_0_0.json	1447822800.0	34.5	163	72
snapshot_11_18_2015_12_0.json	1447866000.0	34.5	163	68
snapshot_11_18_2015_6_0.json	1447844400.0	34.5	163	68
snapshot_11_19_2015_0_0.json	1447909200.0	105.46	132	36
snapshot_11_19_2015_12_0.json	1447952400.0	105.46	132	36
snapshot_11_19_2015_6_0.json	1447930800.0	105.46	132	36
snapshot_11_19_2015_6_0.json	1447930800.0	105.46	132	36
snapshot_11_20_2015_0_0.json	1447995600.0	79.72	66	2
snapshot_11_20_2015_12_0.json	1448038800.0	79.72	66	2
snapshot_11_21_2015_12_0.json	1448125200.0	0	0	0
snapshot_11_21_2015_18_0.json	1448146800.0	0	0	0
snapshot_11_22_2015_0_0.json	1448168400.0	0	0	0
snapshot_11_22_2015_12_0.json	1448211600.0	0	0	0
snapshot_11_22_2015_18_0.json	1448233200.0	0	0	0
snapshot_11_23_2015_0_0.json	1448254800.0	0	0	0
snapshot_11_23_2015_6_0.json	1448276400.0	0	0	0
snapshot_11_23_2015_6_0.json	1448276400.0	0	0	0
9280572	2015-11-21T19:00:00Z	A Gentlemans Guide to Love and Murder	Benedum Center	Pennsylvania Pittsburgh|681	15222
snapshot_11_16_2015_0_0.json	1447650000.0	40.35	163	72
snapshot_11_16_2015_0_0.json	1447650000.0	40.35	163	72
snapshot_11_17_2015_0_0.json	1447736400.0	40.35	163	72
snapshot_11_17_2015_12_0.json	1447779600.0	34.5	163	72
snapshot_11_17_2015_18_0.json	1447801200.0	34.5	163	72
snapshot_11_17_2015_18_0.json	1447801200.0	34.5	163	72
snapshot_11_17_2015_6_0.json	1447758000.0	34.5	163	72
snapshot_11_17_2015_6_0.json	1447758000.0	34.5	163	72
snapshot_11_18_2015_0_0.json	1447822800.0	34.5	163	72
snapshot_11_18_2015_0_0.json	1447822800.0	34.5	163	72
snapshot_11_18_2015_0_0.json	1447822800.0	34.5	163	72
snapshot_11_18_2015_12_0.json	1447866000.0	34.5	163	68
snapshot_11_18_2015_6_0.json	1447844400.0	34.5	163	68
snapshot_11_19_2015_0_0.json	1447909200.0	105.46	132	36
snapshot_11_19_2015_12_0.json	1447952400.0	105.46	132	36
snapshot_11_19_2015_6_0.json	1447930800.0	105.46	132	36
snapshot_11_19_2015_6_0.json	1447930800.0	105.46	132	36
snapshot_11_20_2015_0_0.json	1447995600.0	79.72	66	2
snapshot_11_20_2015_12_0.json	1448038800.0	79.72	66	2
snapshot_11_21_2015_12_0.json	1448125200.0	0	0	0
snapshot_11_21_2015_18_0.json	1448146800.0	0	0	0
snapshot_11_22_2015_0_0.json	1448168400.0	0	0	0
snapshot_11_22_2015_12_0.json	1448211600.0	0	0	0
snapshot_11_22_2015_18_0.json	1448233200.0	0	0	0
snapshot_11_23_2015_0_0.json	1448254800.0	0	0	0
snapshot_11_23_2015_6_0.json	1448276400.0	0	0	0
snapshot_11_23_2015_6_0.json	1448276400.0	0	0	0
