9280571	2015-11-20T00:30:00Z	A Gentlemans Guide to Love and Murder	Benedum Center	Pennsylvania Pittsburgh|681	15222
snapshot_11_17_2015_0_0.json	1447736400.0	89.49	183	49
snapshot_11_17_2015_12_0.json	1447779600.0	123.01	183	47
snapshot_11_17_2015_18_0.json	1447801200.0	123.01	183	47
snapshot_11_17_2015_6_0.json	1447758000.0	123.01	183	47
snapshot_11_17_2015_6_0.json	1447758000.0	123.01	183	47
snapshot_11_18_2015_0_0.json	1447822800.0	123.01	183	47
snapshot_11_18_2015_12_0.json	1447866000.0	139.39	183	28
snapshot_11_18_2015_12_0.json	1447866000.0	139.39	183	28
snapshot_11_18_2015_18_0.json	1447887600.0	0	0	0
snapshot_11_18_2015_6_0.json	1447844400.0	139.39	183	28
snapshot_11_18_2015_6_0.json	1447844400.0	139.39	183	28
snapshot_11_19_2015_18_0.json	1447974000.0	0	0	0
snapshot_11_19_2015_6_0.json	1447930800.0	0	0	0
snapshot_11_20_2015_0_0.json	1447995600.0	0	0	0
snapshot_11_21_2015_12_0.json	1448125200.0	0	0	0
9280571	2015-11-20T00:30:00Z	A Gentlemans Guide to Love and Murder	Benedum Center	Pennsylvania Pittsburgh|681	15222
snapshot_11_17_2015_0_0.json	1447736400.0	89.49	183	49
snapshot_11_17_2015_12_0.json	1447779600.0	123.01	183	47
snapshot_11_17_2015_18_0.json	1447801200.0	123.01	183	47
snapshot_11_17_2015_6_0.json	1447758000.0	123.01	183	47
snapshot_11_17_2015_6_0.json	1447758000.0	123.01	183	47
snapshot_11_18_2015_0_0.json	1447822800.0	123.01	183	47
snapshot_11_18_2015_12_0.json	1447866000.0	139.39	183	28
snapshot_11_18_2015_12_0.json	1447866000.0	139.39	183	28
snapshot_11_18_2015_18_0.json	1447887600.0	0	0	0
snapshot_11_18_2015_6_0.json	1447844400.0	139.39	183	28
snapshot_11_18_2015_6_0.json	1447844400.0	139.39	183	28
snapshot_11_19_2015_18_0.json	1447974000.0	0	0	0
snapshot_11_19_2015_6_0.json	1447930800.0	0	0	0
snapshot_11_20_2015_0_0.json	1447995600.0	0	0	0
snapshot_11_21_2015_12_0.json	1448125200.0	0	0	0
