9281197	2015-12-05T02:45:00Z	National Finals Rodeo Friday Only	Thomas and Mack Center	Nevada Las Vegas|689	89147
snapshot_11_16_2015_0_0.json	1447650000.0	112.78	1122	862
snapshot_11_17_2015_0_0.json	1447736400.0	112.78	1122	851
snapshot_11_17_2015_12_0.json	1447779600.0	108.21	1045	852
snapshot_11_17_2015_18_0.json	1447801200.0	108.21	1045	870
snapshot_11_18_2015_0_0.json	1447822800.0	108.21	1045	866
snapshot_11_18_2015_12_0.json	1447866000.0	108.21	1045	864
snapshot_11_18_2015_18_0.json	1447887600.0	108.21	1045	852
snapshot_11_18_2015_6_0.json	1447844400.0	108.21	1045	858
snapshot_11_19_2015_0_0.json	1447909200.0	108.21	1045	857
snapshot_11_19_2015_6_0.json	1447930800.0	108.21	1045	867
snapshot_11_20_2015_0_0.json	1447995600.0	112.78	1045	873
snapshot_11_20_2015_12_0.json	1448038800.0	112.78	962.5	869
snapshot_11_21_2015_12_0.json	1448125200.0	112.78	962.5	885
snapshot_11_22_2015_0_0.json	1448168400.0	112.78	826	895
snapshot_11_22_2015_18_0.json	1448233200.0	112.78	826	886
snapshot_11_22_2015_18_0.json	1448233200.0	112.78	826	886
snapshot_11_22_2015_6_0.json	1448190000.0	112.78	826	888
snapshot_11_23_2015_0_0.json	1448254800.0	112.78	826	879
snapshot_11_23_2015_12_0.json	1448298000.0	112.78	826	871
snapshot_11_23_2015_18_0.json	1448319600.0	112.78	795	865
snapshot_11_23_2015_6_0.json	1448276400.0	112.78	826	873
snapshot_11_24_2015_0_0.json	1448341200.0	112.78	795	854
snapshot_11_24_2015_18_0.json	1448406000.0	112.78	795	850
snapshot_11_24_2015_6_0.json	1448362800.0	112.78	795	854
snapshot_11_25_2015_0_0.json	1448427600.0	112.78	795	827
snapshot_11_25_2015_12_0.json	1448470800.0	112.78	795	809
snapshot_11_25_2015_18_0.json	1448492400.0	112.78	795	800
snapshot_11_25_2015_6_0.json	1448449200.0	112.78	795	805
snapshot_11_26_2015_0_0.json	1448514000.0	106.92	795	798
snapshot_11_27_2015_18_0.json	1448665200.0	87.15	708	760
snapshot_11_28_2015_0_0.json	1448686800.0	87.15	708	753
snapshot_11_28_2015_12_0.json	1448730000.0	87.15	708	747
snapshot_11_28_2015_18_0.json	1448751600.0	87.15	708	741
snapshot_11_28_2015_6_0.json	1448708400.0	87.15	708	747
snapshot_11_29_2015_0_0.json	1448773200.0	87.15	708	715
snapshot_11_29_2015_12_0.json	1448816400.0	87.15	708	745
snapshot_11_29_2015_18_0.json	1448838000.0	87.15	670.5	703
snapshot_11_29_2015_6_0.json	1448794800.0	87.15	708	743
snapshot_11_30_2015_0_0.json	1448859600.0	87.15	678.5	716
snapshot_11_30_2015_12_0.json	1448902800.0	77.79	678.5	677
snapshot_11_30_2015_18_0.json	1448924400.0	112.89	678.5	649
snapshot_11_30_2015_6_0.json	1448881200.0	77.79	678.5	677
snapshot_12_1_2015_0_0.json	1448946000.0	63.75	678.5	621
snapshot_12_1_2015_12_0.json	1448989200.0	63.75	678.5	622
snapshot_12_1_2015_18_0.json	1449010800.0	87.15	678.5	585
snapshot_12_1_2015_6_0.json	1448967600.0	63.75	678.5	624
snapshot_12_1_2015_6_0.json	1448967600.0	63.75	678.5	624
snapshot_12_2_2015_0_0.json	1449032400.0	63.75	1100	481
snapshot_12_2_2015_18_0.json	1449097200.0	112.89	678.5	450
snapshot_12_2_2015_6_0.json	1449054000.0	63.75	1100	445
snapshot_12_2_2015_6_0.json	1449054000.0	63.75	1100	445
snapshot_12_3_2015_0_0.json	1449118800.0	117.22	708	288
snapshot_12_3_2015_12_0.json	1449162000.0	117.22	708	287
snapshot_12_3_2015_18_0.json	1449183600.0	117.22	649	273
snapshot_12_3_2015_6_0.json	1449140400.0	117.22	708	298
snapshot_12_4_2015_0_0.json	1449205200.0	88.91	649	262
snapshot_12_4_2015_12_0.json	1449248400.0	85.04	1100	290
snapshot_12_4_2015_18_0.json	1449270000.0	106.92	656.48	223
snapshot_12_4_2015_6_0.json	1449226800.0	85.04	1100	289
snapshot_12_5_2015_0_0.json	1449291600.0	76.04	379.49	48
snapshot_12_5_2015_12_0.json	1449334800.0	0	0	0
snapshot_12_5_2015_18_0.json	1449356400.0	0	0	0
snapshot_12_5_2015_6_0.json	1449313200.0	0	0	0
9281197	2015-12-05T02:45:00Z	National Finals Rodeo Friday Only	Thomas and Mack Center	Nevada Las Vegas|689	89147
snapshot_11_16_2015_0_0.json	1447650000.0	112.78	1122	862
snapshot_11_17_2015_0_0.json	1447736400.0	112.78	1122	851
snapshot_11_17_2015_12_0.json	1447779600.0	108.21	1045	852
snapshot_11_17_2015_18_0.json	1447801200.0	108.21	1045	870
snapshot_11_18_2015_0_0.json	1447822800.0	108.21	1045	866
snapshot_11_18_2015_12_0.json	1447866000.0	108.21	1045	864
snapshot_11_18_2015_18_0.json	1447887600.0	108.21	1045	852
snapshot_11_18_2015_6_0.json	1447844400.0	108.21	1045	858
snapshot_11_19_2015_0_0.json	1447909200.0	108.21	1045	857
snapshot_11_19_2015_6_0.json	1447930800.0	108.21	1045	867
snapshot_11_20_2015_0_0.json	1447995600.0	112.78	1045	873
snapshot_11_20_2015_12_0.json	1448038800.0	112.78	962.5	869
snapshot_11_21_2015_12_0.json	1448125200.0	112.78	962.5	885
snapshot_11_22_2015_0_0.json	1448168400.0	112.78	826	895
snapshot_11_22_2015_18_0.json	1448233200.0	112.78	826	886
snapshot_11_22_2015_18_0.json	1448233200.0	112.78	826	886
snapshot_11_22_2015_6_0.json	1448190000.0	112.78	826	888
snapshot_11_23_2015_0_0.json	1448254800.0	112.78	826	879
snapshot_11_23_2015_12_0.json	1448298000.0	112.78	826	871
snapshot_11_23_2015_18_0.json	1448319600.0	112.78	795	865
snapshot_11_23_2015_6_0.json	1448276400.0	112.78	826	873
snapshot_11_24_2015_0_0.json	1448341200.0	112.78	795	854
snapshot_11_24_2015_18_0.json	1448406000.0	112.78	795	850
snapshot_11_24_2015_6_0.json	1448362800.0	112.78	795	854
snapshot_11_25_2015_0_0.json	1448427600.0	112.78	795	827
snapshot_11_25_2015_12_0.json	1448470800.0	112.78	795	809
snapshot_11_25_2015_18_0.json	1448492400.0	112.78	795	800
snapshot_11_25_2015_6_0.json	1448449200.0	112.78	795	805
snapshot_11_26_2015_0_0.json	1448514000.0	106.92	795	798
snapshot_11_27_2015_18_0.json	1448665200.0	87.15	708	760
snapshot_11_28_2015_0_0.json	1448686800.0	87.15	708	753
snapshot_11_28_2015_12_0.json	1448730000.0	87.15	708	747
snapshot_11_28_2015_18_0.json	1448751600.0	87.15	708	741
snapshot_11_28_2015_6_0.json	1448708400.0	87.15	708	747
snapshot_11_29_2015_0_0.json	1448773200.0	87.15	708	715
snapshot_11_29_2015_12_0.json	1448816400.0	87.15	708	745
snapshot_11_29_2015_18_0.json	1448838000.0	87.15	670.5	703
snapshot_11_29_2015_6_0.json	1448794800.0	87.15	708	743
snapshot_11_30_2015_0_0.json	1448859600.0	87.15	678.5	716
snapshot_11_30_2015_12_0.json	1448902800.0	77.79	678.5	677
snapshot_11_30_2015_18_0.json	1448924400.0	112.89	678.5	649
snapshot_11_30_2015_6_0.json	1448881200.0	77.79	678.5	677
snapshot_12_1_2015_0_0.json	1448946000.0	63.75	678.5	621
snapshot_12_1_2015_12_0.json	1448989200.0	63.75	678.5	622
snapshot_12_1_2015_18_0.json	1449010800.0	87.15	678.5	585
snapshot_12_1_2015_6_0.json	1448967600.0	63.75	678.5	624
snapshot_12_1_2015_6_0.json	1448967600.0	63.75	678.5	624
snapshot_12_2_2015_0_0.json	1449032400.0	63.75	1100	481
snapshot_12_2_2015_18_0.json	1449097200.0	112.89	678.5	450
snapshot_12_2_2015_6_0.json	1449054000.0	63.75	1100	445
snapshot_12_2_2015_6_0.json	1449054000.0	63.75	1100	445
snapshot_12_3_2015_0_0.json	1449118800.0	117.22	708	288
snapshot_12_3_2015_12_0.json	1449162000.0	117.22	708	287
snapshot_12_3_2015_18_0.json	1449183600.0	117.22	649	273
snapshot_12_3_2015_6_0.json	1449140400.0	117.22	708	298
snapshot_12_4_2015_0_0.json	1449205200.0	88.91	649	262
snapshot_12_4_2015_12_0.json	1449248400.0	85.04	1100	290
snapshot_12_4_2015_18_0.json	1449270000.0	106.92	656.48	223
snapshot_12_4_2015_6_0.json	1449226800.0	85.04	1100	289
snapshot_12_5_2015_0_0.json	1449291600.0	76.04	379.49	48
snapshot_12_5_2015_12_0.json	1449334800.0	0	0	0
snapshot_12_5_2015_18_0.json	1449356400.0	0	0	0
snapshot_12_5_2015_6_0.json	1449313200.0	0	0	0
