9281827	2015-12-26T17:00:00Z	Disney On Ice Dare To Dream	Rogers Centre 	Ontario Toronto|5869	M5V1J1
snapshot_11_16_2015_0_0.json	1447650000.0	38.77	225.24	194
snapshot_11_16_2015_0_0.json	1447650000.0	38.77	225.24	194
snapshot_11_17_2015_0_0.json	1447736400.0	38.77	225.24	194
snapshot_11_17_2015_12_0.json	1447779600.0	38.77	225.24	194
snapshot_11_18_2015_0_0.json	1447822800.0	38.77	225.24	194
snapshot_11_18_2015_18_0.json	1447887600.0	38.77	225.24	194
snapshot_11_18_2015_18_0.json	1447887600.0	38.77	225.24	194
snapshot_11_18_2015_6_0.json	1447844400.0	38.77	225.24	194
snapshot_11_19_2015_0_0.json	1447909200.0	38.77	225.24	194
snapshot_11_19_2015_12_0.json	1447952400.0	38.77	225.24	194
snapshot_11_19_2015_6_0.json	1447930800.0	38.77	225.24	194
snapshot_11_20_2015_0_0.json	1447995600.0	38.77	225.24	210
snapshot_11_22_2015_0_0.json	1448168400.0	38.77	225.24	206
snapshot_11_22_2015_12_0.json	1448211600.0	38.77	225.24	206
snapshot_11_22_2015_18_0.json	1448233200.0	38.77	225.24	206
snapshot_11_22_2015_18_0.json	1448233200.0	38.77	225.24	206
snapshot_11_22_2015_6_0.json	1448190000.0	38.77	225.24	206
snapshot_11_23_2015_0_0.json	1448254800.0	38.77	225.24	206
snapshot_11_23_2015_12_0.json	1448298000.0	38.77	225.24	206
snapshot_11_23_2015_18_0.json	1448319600.0	38.77	225.24	206
snapshot_11_23_2015_18_0.json	1448319600.0	38.77	225.24	206
snapshot_11_24_2015_12_0.json	1448384400.0	38.77	225.24	206
snapshot_11_24_2015_18_0.json	1448406000.0	38.77	225.24	206
snapshot_11_24_2015_6_0.json	1448362800.0	38.77	225.24	206
snapshot_11_25_2015_12_0.json	1448470800.0	38.77	225.24	203
snapshot_11_25_2015_18_0.json	1448492400.0	38.77	225.24	199
snapshot_11_25_2015_6_0.json	1448449200.0	38.77	225.24	203
snapshot_11_27_2015_18_0.json	1448665200.0	38.77	225.24	198
snapshot_11_28_2015_0_0.json	1448686800.0	38.77	225.24	198
snapshot_11_28_2015_0_0.json	1448686800.0	38.77	225.24	198
snapshot_11_28_2015_12_0.json	1448730000.0	38.77	225.24	226
snapshot_11_28_2015_18_0.json	1448751600.0	38.77	225.24	226
snapshot_11_29_2015_12_0.json	1448816400.0	38.77	225.24	232
snapshot_11_29_2015_18_0.json	1448838000.0	38.77	225.24	232
snapshot_11_29_2015_6_0.json	1448794800.0	38.77	225.24	226
snapshot_11_29_2015_6_0.json	1448794800.0	38.77	225.24	226
snapshot_11_30_2015_0_0.json	1448859600.0	38.77	225.24	236
snapshot_11_30_2015_12_0.json	1448902800.0	38.77	225.24	232
snapshot_11_30_2015_18_0.json	1448924400.0	38.77	225.24	232
snapshot_11_30_2015_6_0.json	1448881200.0	38.77	292	236
snapshot_12_1_2015_12_0.json	1448989200.0	35.26	432	289
snapshot_12_1_2015_18_0.json	1449010800.0	35.26	292	283
snapshot_12_2_2015_0_0.json	1449032400.0	35.26	432	283
snapshot_12_2_2015_12_0.json	1449075600.0	35.26	225.24	275
snapshot_12_2_2015_18_0.json	1449097200.0	35.26	225.24	274
snapshot_12_3_2015_0_0.json	1449118800.0	34.09	432	276
snapshot_12_3_2015_12_0.json	1449162000.0	34.09	225.24	268
snapshot_12_3_2015_18_0.json	1449183600.0	34.09	436	272
snapshot_12_4_2015_0_0.json	1449205200.0	34.09	436	272
snapshot_12_4_2015_12_0.json	1449248400.0	34.09	225.24	279
snapshot_12_4_2015_18_0.json	1449270000.0	34.09	225.24	270
snapshot_12_4_2015_6_0.json	1449226800.0	34.09	225.24	270
snapshot_12_5_2015_0_0.json	1449291600.0	34.09	225.24	270
snapshot_12_5_2015_12_0.json	1449334800.0	34.09	292	279
snapshot_12_5_2015_18_0.json	1449356400.0	34.09	436	270
snapshot_12_5_2015_6_0.json	1449313200.0	34.09	292	278
9281827	2015-12-26T17:00:00Z	Disney On Ice Dare To Dream	Rogers Centre 	Ontario Toronto|5869	M5V1J1
snapshot_11_16_2015_0_0.json	1447650000.0	38.77	225.24	194
snapshot_11_16_2015_0_0.json	1447650000.0	38.77	225.24	194
snapshot_11_17_2015_0_0.json	1447736400.0	38.77	225.24	194
snapshot_11_17_2015_12_0.json	1447779600.0	38.77	225.24	194
snapshot_11_18_2015_0_0.json	1447822800.0	38.77	225.24	194
snapshot_11_18_2015_18_0.json	1447887600.0	38.77	225.24	194
snapshot_11_18_2015_18_0.json	1447887600.0	38.77	225.24	194
snapshot_11_18_2015_6_0.json	1447844400.0	38.77	225.24	194
snapshot_11_19_2015_0_0.json	1447909200.0	38.77	225.24	194
snapshot_11_19_2015_12_0.json	1447952400.0	38.77	225.24	194
snapshot_11_19_2015_6_0.json	1447930800.0	38.77	225.24	194
snapshot_11_20_2015_0_0.json	1447995600.0	38.77	225.24	210
snapshot_11_22_2015_0_0.json	1448168400.0	38.77	225.24	206
snapshot_11_22_2015_12_0.json	1448211600.0	38.77	225.24	206
snapshot_11_22_2015_18_0.json	1448233200.0	38.77	225.24	206
snapshot_11_22_2015_18_0.json	1448233200.0	38.77	225.24	206
snapshot_11_22_2015_6_0.json	1448190000.0	38.77	225.24	206
snapshot_11_23_2015_0_0.json	1448254800.0	38.77	225.24	206
snapshot_11_23_2015_12_0.json	1448298000.0	38.77	225.24	206
snapshot_11_23_2015_18_0.json	1448319600.0	38.77	225.24	206
snapshot_11_23_2015_18_0.json	1448319600.0	38.77	225.24	206
snapshot_11_24_2015_12_0.json	1448384400.0	38.77	225.24	206
snapshot_11_24_2015_18_0.json	1448406000.0	38.77	225.24	206
snapshot_11_24_2015_6_0.json	1448362800.0	38.77	225.24	206
snapshot_11_25_2015_12_0.json	1448470800.0	38.77	225.24	203
snapshot_11_25_2015_18_0.json	1448492400.0	38.77	225.24	199
snapshot_11_25_2015_6_0.json	1448449200.0	38.77	225.24	203
snapshot_11_27_2015_18_0.json	1448665200.0	38.77	225.24	198
snapshot_11_28_2015_0_0.json	1448686800.0	38.77	225.24	198
snapshot_11_28_2015_0_0.json	1448686800.0	38.77	225.24	198
snapshot_11_28_2015_12_0.json	1448730000.0	38.77	225.24	226
snapshot_11_28_2015_18_0.json	1448751600.0	38.77	225.24	226
snapshot_11_29_2015_12_0.json	1448816400.0	38.77	225.24	232
snapshot_11_29_2015_18_0.json	1448838000.0	38.77	225.24	232
snapshot_11_29_2015_6_0.json	1448794800.0	38.77	225.24	226
snapshot_11_29_2015_6_0.json	1448794800.0	38.77	225.24	226
snapshot_11_30_2015_0_0.json	1448859600.0	38.77	225.24	236
snapshot_11_30_2015_12_0.json	1448902800.0	38.77	225.24	232
snapshot_11_30_2015_18_0.json	1448924400.0	38.77	225.24	232
snapshot_11_30_2015_6_0.json	1448881200.0	38.77	292	236
snapshot_12_1_2015_12_0.json	1448989200.0	35.26	432	289
snapshot_12_1_2015_18_0.json	1449010800.0	35.26	292	283
snapshot_12_2_2015_0_0.json	1449032400.0	35.26	432	283
snapshot_12_2_2015_12_0.json	1449075600.0	35.26	225.24	275
snapshot_12_2_2015_18_0.json	1449097200.0	35.26	225.24	274
snapshot_12_3_2015_0_0.json	1449118800.0	34.09	432	276
snapshot_12_3_2015_12_0.json	1449162000.0	34.09	225.24	268
snapshot_12_3_2015_18_0.json	1449183600.0	34.09	436	272
snapshot_12_4_2015_0_0.json	1449205200.0	34.09	436	272
snapshot_12_4_2015_12_0.json	1449248400.0	34.09	225.24	279
snapshot_12_4_2015_18_0.json	1449270000.0	34.09	225.24	270
snapshot_12_4_2015_6_0.json	1449226800.0	34.09	225.24	270
snapshot_12_5_2015_0_0.json	1449291600.0	34.09	225.24	270
snapshot_12_5_2015_12_0.json	1449334800.0	34.09	292	279
snapshot_12_5_2015_18_0.json	1449356400.0	34.09	436	270
snapshot_12_5_2015_6_0.json	1449313200.0	34.09	292	278
