9281203	2015-12-11T02:45:00Z	National Finals Rodeo Thursday Only	Thomas and Mack Center	Nevada Las Vegas|689	89147
snapshot_11_16_2015_0_0.json	1447650000.0	89.75	1045	1059
snapshot_11_17_2015_0_0.json	1447736400.0	89.75	1045	1059
snapshot_11_17_2015_0_0.json	1447736400.0	89.75	1045	1059
snapshot_11_17_2015_12_0.json	1447779600.0	89.75	1045	1059
snapshot_11_17_2015_12_0.json	1447779600.0	89.75	1045	1059
snapshot_11_17_2015_18_0.json	1447801200.0	89.75	1058.94	1068
snapshot_11_17_2015_18_0.json	1447801200.0	89.75	1058.94	1068
snapshot_11_18_2015_0_0.json	1447822800.0	89.75	1045	1066
snapshot_11_18_2015_12_0.json	1447866000.0	89.75	1045	1070
snapshot_11_18_2015_18_0.json	1447887600.0	89.75	1045	1145
snapshot_11_18_2015_6_0.json	1447844400.0	89.75	1045	1051
snapshot_11_19_2015_0_0.json	1447909200.0	89.75	1045	1173
snapshot_11_19_2015_12_0.json	1447952400.0	89.75	1045	1166
snapshot_11_19_2015_6_0.json	1447930800.0	89.75	1045	1166
snapshot_11_20_2015_12_0.json	1448038800.0	89.75	1045	1144
snapshot_11_21_2015_18_0.json	1448146800.0	89.75	1045	1159
snapshot_11_22_2015_0_0.json	1448168400.0	89.75	1045	1156
snapshot_11_22_2015_18_0.json	1448233200.0	89.75	1045	1151
snapshot_11_22_2015_6_0.json	1448190000.0	89.75	1045	1159
snapshot_11_23_2015_0_0.json	1448254800.0	89.75	1045	1138
snapshot_11_23_2015_12_0.json	1448298000.0	89.75	1045	1110
snapshot_11_23_2015_18_0.json	1448319600.0	92.99	1045	1110
snapshot_11_23_2015_6_0.json	1448276400.0	89.75	1045	1115
snapshot_11_23_2015_6_0.json	1448276400.0	89.75	1045	1115
snapshot_11_24_2015_0_0.json	1448341200.0	92.99	1045	1121
snapshot_11_24_2015_12_0.json	1448384400.0	92.99	1045	1095
snapshot_11_24_2015_12_0.json	1448384400.0	92.99	1045	1095
snapshot_11_24_2015_18_0.json	1448406000.0	92.99	1045	1090
snapshot_11_24_2015_6_0.json	1448362800.0	92.99	1045	1095
snapshot_11_25_2015_0_0.json	1448427600.0	92.99	1045	1104
snapshot_11_25_2015_12_0.json	1448470800.0	92.99	1045	1085
snapshot_11_25_2015_18_0.json	1448492400.0	92.99	1045	1072
snapshot_11_25_2015_6_0.json	1448449200.0	92.99	1045	1081
snapshot_11_26_2015_0_0.json	1448514000.0	92.99	1045	1102
snapshot_11_27_2015_18_0.json	1448665200.0	81.3	1045	1086
snapshot_11_28_2015_0_0.json	1448686800.0	81.3	1045	1072
snapshot_11_28_2015_12_0.json	1448730000.0	81.3	1045	1064
snapshot_11_28_2015_18_0.json	1448751600.0	81.3	1045	1060
snapshot_11_29_2015_0_0.json	1448773200.0	81.3	737.5	929
snapshot_11_29_2015_12_0.json	1448816400.0	81.3	1045	1051
snapshot_11_29_2015_18_0.json	1448838000.0	81.3	1045	1045
snapshot_11_29_2015_6_0.json	1448794800.0	81.3	1045	1043
snapshot_11_30_2015_0_0.json	1448859600.0	81.3	1045	1040
snapshot_11_30_2015_12_0.json	1448902800.0	81.3	1045	1018
snapshot_11_30_2015_18_0.json	1448924400.0	81.3	1045	985
snapshot_11_30_2015_18_0.json	1448924400.0	81.3	1045	985
snapshot_11_30_2015_6_0.json	1448881200.0	81.3	1045	1020
snapshot_12_1_2015_0_0.json	1448946000.0	81.3	880	994
snapshot_12_1_2015_12_0.json	1448989200.0	83.25	880	979
snapshot_12_1_2015_18_0.json	1449010800.0	83.25	880	981
snapshot_12_1_2015_6_0.json	1448967600.0	83.25	880	979
snapshot_12_2_2015_0_0.json	1449032400.0	82.47	880	957
snapshot_12_2_2015_12_0.json	1449075600.0	82.47	880	932
snapshot_12_2_2015_18_0.json	1449097200.0	81.3	880	923
snapshot_12_2_2015_6_0.json	1449054000.0	82.47	880	935
snapshot_12_2_2015_6_0.json	1449054000.0	82.47	880	935
snapshot_12_3_2015_0_0.json	1449118800.0	79.24	880	909
snapshot_12_3_2015_12_0.json	1449162000.0	79.24	880	897
snapshot_12_3_2015_18_0.json	1449183600.0	75.45	880	885
snapshot_12_3_2015_6_0.json	1449140400.0	79.24	880	912
snapshot_12_4_2015_0_0.json	1449205200.0	75.45	944	893
snapshot_12_4_2015_12_0.json	1449248400.0	75.45	944	929
snapshot_12_4_2015_18_0.json	1449270000.0	69.6	944	916
snapshot_12_4_2015_6_0.json	1449226800.0	75.45	944	896
snapshot_12_5_2015_0_0.json	1449291600.0	62.58	944	882
snapshot_12_5_2015_12_0.json	1449334800.0	69.6	759	873
snapshot_12_5_2015_18_0.json	1449356400.0	69.6	759	859
snapshot_12_5_2015_6_0.json	1449313200.0	69.6	944	874
9281203	2015-12-11T02:45:00Z	National Finals Rodeo Thursday Only	Thomas and Mack Center	Nevada Las Vegas|689	89147
snapshot_11_16_2015_0_0.json	1447650000.0	89.75	1045	1059
snapshot_11_17_2015_0_0.json	1447736400.0	89.75	1045	1059
snapshot_11_17_2015_0_0.json	1447736400.0	89.75	1045	1059
snapshot_11_17_2015_12_0.json	1447779600.0	89.75	1045	1059
snapshot_11_17_2015_12_0.json	1447779600.0	89.75	1045	1059
snapshot_11_17_2015_18_0.json	1447801200.0	89.75	1058.94	1068
snapshot_11_17_2015_18_0.json	1447801200.0	89.75	1058.94	1068
snapshot_11_18_2015_0_0.json	1447822800.0	89.75	1045	1066
snapshot_11_18_2015_12_0.json	1447866000.0	89.75	1045	1070
snapshot_11_18_2015_18_0.json	1447887600.0	89.75	1045	1145
snapshot_11_18_2015_6_0.json	1447844400.0	89.75	1045	1051
snapshot_11_19_2015_0_0.json	1447909200.0	89.75	1045	1173
snapshot_11_19_2015_12_0.json	1447952400.0	89.75	1045	1166
snapshot_11_19_2015_6_0.json	1447930800.0	89.75	1045	1166
snapshot_11_20_2015_12_0.json	1448038800.0	89.75	1045	1144
snapshot_11_21_2015_18_0.json	1448146800.0	89.75	1045	1159
snapshot_11_22_2015_0_0.json	1448168400.0	89.75	1045	1156
snapshot_11_22_2015_18_0.json	1448233200.0	89.75	1045	1151
snapshot_11_22_2015_6_0.json	1448190000.0	89.75	1045	1159
snapshot_11_23_2015_0_0.json	1448254800.0	89.75	1045	1138
snapshot_11_23_2015_12_0.json	1448298000.0	89.75	1045	1110
snapshot_11_23_2015_18_0.json	1448319600.0	92.99	1045	1110
snapshot_11_23_2015_6_0.json	1448276400.0	89.75	1045	1115
snapshot_11_23_2015_6_0.json	1448276400.0	89.75	1045	1115
snapshot_11_24_2015_0_0.json	1448341200.0	92.99	1045	1121
snapshot_11_24_2015_12_0.json	1448384400.0	92.99	1045	1095
snapshot_11_24_2015_12_0.json	1448384400.0	92.99	1045	1095
snapshot_11_24_2015_18_0.json	1448406000.0	92.99	1045	1090
snapshot_11_24_2015_6_0.json	1448362800.0	92.99	1045	1095
snapshot_11_25_2015_0_0.json	1448427600.0	92.99	1045	1104
snapshot_11_25_2015_12_0.json	1448470800.0	92.99	1045	1085
snapshot_11_25_2015_18_0.json	1448492400.0	92.99	1045	1072
snapshot_11_25_2015_6_0.json	1448449200.0	92.99	1045	1081
snapshot_11_26_2015_0_0.json	1448514000.0	92.99	1045	1102
snapshot_11_27_2015_18_0.json	1448665200.0	81.3	1045	1086
snapshot_11_28_2015_0_0.json	1448686800.0	81.3	1045	1072
snapshot_11_28_2015_12_0.json	1448730000.0	81.3	1045	1064
snapshot_11_28_2015_18_0.json	1448751600.0	81.3	1045	1060
snapshot_11_29_2015_0_0.json	1448773200.0	81.3	737.5	929
snapshot_11_29_2015_12_0.json	1448816400.0	81.3	1045	1051
snapshot_11_29_2015_18_0.json	1448838000.0	81.3	1045	1045
snapshot_11_29_2015_6_0.json	1448794800.0	81.3	1045	1043
snapshot_11_30_2015_0_0.json	1448859600.0	81.3	1045	1040
snapshot_11_30_2015_12_0.json	1448902800.0	81.3	1045	1018
snapshot_11_30_2015_18_0.json	1448924400.0	81.3	1045	985
snapshot_11_30_2015_18_0.json	1448924400.0	81.3	1045	985
snapshot_11_30_2015_6_0.json	1448881200.0	81.3	1045	1020
snapshot_12_1_2015_0_0.json	1448946000.0	81.3	880	994
snapshot_12_1_2015_12_0.json	1448989200.0	83.25	880	979
snapshot_12_1_2015_18_0.json	1449010800.0	83.25	880	981
snapshot_12_1_2015_6_0.json	1448967600.0	83.25	880	979
snapshot_12_2_2015_0_0.json	1449032400.0	82.47	880	957
snapshot_12_2_2015_12_0.json	1449075600.0	82.47	880	932
snapshot_12_2_2015_18_0.json	1449097200.0	81.3	880	923
snapshot_12_2_2015_6_0.json	1449054000.0	82.47	880	935
snapshot_12_2_2015_6_0.json	1449054000.0	82.47	880	935
snapshot_12_3_2015_0_0.json	1449118800.0	79.24	880	909
snapshot_12_3_2015_12_0.json	1449162000.0	79.24	880	897
snapshot_12_3_2015_18_0.json	1449183600.0	75.45	880	885
snapshot_12_3_2015_6_0.json	1449140400.0	79.24	880	912
snapshot_12_4_2015_0_0.json	1449205200.0	75.45	944	893
snapshot_12_4_2015_12_0.json	1449248400.0	75.45	944	929
snapshot_12_4_2015_18_0.json	1449270000.0	69.6	944	916
snapshot_12_4_2015_6_0.json	1449226800.0	75.45	944	896
snapshot_12_5_2015_0_0.json	1449291600.0	62.58	944	882
snapshot_12_5_2015_12_0.json	1449334800.0	69.6	759	873
snapshot_12_5_2015_18_0.json	1449356400.0	69.6	759	859
snapshot_12_5_2015_6_0.json	1449313200.0	69.6	944	874
