9281196	2015-12-04T02:45:00Z	National Finals Rodeo Thursday Only	Thomas and Mack Center	Nevada Las Vegas|689	89147
snapshot_11_16_2015_0_0.json	1447650000.0	104.7	1007	1035
snapshot_11_17_2015_0_0.json	1447736400.0	111.72	1007	1003
snapshot_11_17_2015_12_0.json	1447779600.0	112.89	1007	1013
snapshot_11_17_2015_18_0.json	1447801200.0	112.89	1007	1015
snapshot_11_17_2015_6_0.json	1447758000.0	112.89	1007	1011
snapshot_11_17_2015_6_0.json	1447758000.0	112.89	1007	1013
snapshot_11_18_2015_0_0.json	1447822800.0	112.89	1007	1017
snapshot_11_18_2015_12_0.json	1447866000.0	101.19	1007	1020
snapshot_11_18_2015_18_0.json	1447887600.0	101.19	1007	1015
snapshot_11_18_2015_6_0.json	1447844400.0	101.19	1007	1008
snapshot_11_19_2015_0_0.json	1447909200.0	101.19	899.8	1020
snapshot_11_19_2015_12_0.json	1447952400.0	101.19	899.8	1009
snapshot_11_19_2015_6_0.json	1447930800.0	101.19	899.8	1008
snapshot_11_20_2015_0_0.json	1447995600.0	101.19	899.8	1017
snapshot_11_20_2015_12_0.json	1448038800.0	101.19	899.8	1017
snapshot_11_21_2015_12_0.json	1448125200.0	101.19	899.8	1054
snapshot_11_21_2015_18_0.json	1448146800.0	101.19	899.8	1042
snapshot_11_22_2015_0_0.json	1448168400.0	101.19	899.8	1026
snapshot_11_22_2015_12_0.json	1448211600.0	101.19	899.8	1024
snapshot_11_22_2015_18_0.json	1448233200.0	101.19	899.8	1025
snapshot_11_22_2015_6_0.json	1448190000.0	101.19	899.8	1025
snapshot_11_23_2015_0_0.json	1448254800.0	97.39	899.8	1018
snapshot_11_23_2015_12_0.json	1448298000.0	97.39	899.8	1001
snapshot_11_23_2015_18_0.json	1448319600.0	97.39	899.8	989
snapshot_11_23_2015_6_0.json	1448276400.0	97.39	899.8	1005
snapshot_11_24_2015_0_0.json	1448341200.0	97.39	852.5	985
snapshot_11_24_2015_12_0.json	1448384400.0	97.39	852.5	985
snapshot_11_24_2015_18_0.json	1448406000.0	97.39	852.5	974
snapshot_11_24_2015_6_0.json	1448362800.0	97.39	852.5	984
snapshot_11_25_2015_0_0.json	1448427600.0	98.85	852.5	977
snapshot_11_25_2015_12_0.json	1448470800.0	98.85	803	982
snapshot_11_25_2015_18_0.json	1448492400.0	98.85	803	955
snapshot_11_25_2015_6_0.json	1448449200.0	98.85	803	981
snapshot_11_26_2015_0_0.json	1448514000.0	95.34	803	971
snapshot_11_27_2015_18_0.json	1448665200.0	87.15	803	934
snapshot_11_28_2015_0_0.json	1448686800.0	87.15	803	928
snapshot_11_28_2015_12_0.json	1448730000.0	87.15	803	912
snapshot_11_28_2015_18_0.json	1448751600.0	87.15	803	896
snapshot_11_28_2015_6_0.json	1448708400.0	87.15	803	912
snapshot_11_29_2015_0_0.json	1448773200.0	87.15	803	920
snapshot_11_29_2015_12_0.json	1448816400.0	87.15	803	904
snapshot_11_29_2015_18_0.json	1448838000.0	87.15	803	900
snapshot_11_29_2015_6_0.json	1448794800.0	87.15	803	908
snapshot_11_30_2015_0_0.json	1448859600.0	87.15	803	893
snapshot_11_30_2015_12_0.json	1448902800.0	77.79	803	885
snapshot_11_30_2015_18_0.json	1448924400.0	77.79	803	854
snapshot_11_30_2015_6_0.json	1448881200.0	77.79	803	888
snapshot_12_1_2015_0_0.json	1448946000.0	92.77	803	674
snapshot_12_1_2015_12_0.json	1448989200.0	92.77	803	673
snapshot_12_1_2015_18_0.json	1449010800.0	92.77	803	666
snapshot_12_1_2015_6_0.json	1448967600.0	92.77	803	673
snapshot_12_2_2015_0_0.json	1449032400.0	77.79	803	393
snapshot_12_2_2015_18_0.json	1449097200.0	63.75	803	373
snapshot_12_2_2015_6_0.json	1449054000.0	77.79	803	369
snapshot_12_3_2015_0_0.json	1449118800.0	92.77	803	312
snapshot_12_3_2015_12_0.json	1449162000.0	94.99	590	300
snapshot_12_3_2015_18_0.json	1449183600.0	96.63	590	267
snapshot_12_3_2015_6_0.json	1449140400.0	94.99	590	304
snapshot_12_4_2015_0_0.json	1449205200.0	69.6	300	52
snapshot_12_4_2015_12_0.json	1449248400.0	0	0	0
snapshot_12_4_2015_18_0.json	1449270000.0	0	0	0
snapshot_12_4_2015_6_0.json	1449226800.0	0	0	0
snapshot_12_5_2015_0_0.json	1449291600.0	0	0	0
snapshot_12_5_2015_12_0.json	1449334800.0	0	0	0
9281196	2015-12-04T02:45:00Z	National Finals Rodeo Thursday Only	Thomas and Mack Center	Nevada Las Vegas|689	89147
snapshot_11_16_2015_0_0.json	1447650000.0	104.7	1007	1035
snapshot_11_17_2015_0_0.json	1447736400.0	111.72	1007	1003
snapshot_11_17_2015_12_0.json	1447779600.0	112.89	1007	1013
snapshot_11_17_2015_18_0.json	1447801200.0	112.89	1007	1015
snapshot_11_17_2015_6_0.json	1447758000.0	112.89	1007	1011
snapshot_11_17_2015_6_0.json	1447758000.0	112.89	1007	1013
snapshot_11_18_2015_0_0.json	1447822800.0	112.89	1007	1017
snapshot_11_18_2015_12_0.json	1447866000.0	101.19	1007	1020
snapshot_11_18_2015_18_0.json	1447887600.0	101.19	1007	1015
snapshot_11_18_2015_6_0.json	1447844400.0	101.19	1007	1008
snapshot_11_19_2015_0_0.json	1447909200.0	101.19	899.8	1020
snapshot_11_19_2015_12_0.json	1447952400.0	101.19	899.8	1009
snapshot_11_19_2015_6_0.json	1447930800.0	101.19	899.8	1008
snapshot_11_20_2015_0_0.json	1447995600.0	101.19	899.8	1017
snapshot_11_20_2015_12_0.json	1448038800.0	101.19	899.8	1017
snapshot_11_21_2015_12_0.json	1448125200.0	101.19	899.8	1054
snapshot_11_21_2015_18_0.json	1448146800.0	101.19	899.8	1042
snapshot_11_22_2015_0_0.json	1448168400.0	101.19	899.8	1026
snapshot_11_22_2015_12_0.json	1448211600.0	101.19	899.8	1024
snapshot_11_22_2015_18_0.json	1448233200.0	101.19	899.8	1025
snapshot_11_22_2015_6_0.json	1448190000.0	101.19	899.8	1025
snapshot_11_23_2015_0_0.json	1448254800.0	97.39	899.8	1018
snapshot_11_23_2015_12_0.json	1448298000.0	97.39	899.8	1001
snapshot_11_23_2015_18_0.json	1448319600.0	97.39	899.8	989
snapshot_11_23_2015_6_0.json	1448276400.0	97.39	899.8	1005
snapshot_11_24_2015_0_0.json	1448341200.0	97.39	852.5	985
snapshot_11_24_2015_12_0.json	1448384400.0	97.39	852.5	985
snapshot_11_24_2015_18_0.json	1448406000.0	97.39	852.5	974
snapshot_11_24_2015_6_0.json	1448362800.0	97.39	852.5	984
snapshot_11_25_2015_0_0.json	1448427600.0	98.85	852.5	977
snapshot_11_25_2015_12_0.json	1448470800.0	98.85	803	982
snapshot_11_25_2015_18_0.json	1448492400.0	98.85	803	955
snapshot_11_25_2015_6_0.json	1448449200.0	98.85	803	981
snapshot_11_26_2015_0_0.json	1448514000.0	95.34	803	971
snapshot_11_27_2015_18_0.json	1448665200.0	87.15	803	934
snapshot_11_28_2015_0_0.json	1448686800.0	87.15	803	928
snapshot_11_28_2015_12_0.json	1448730000.0	87.15	803	912
snapshot_11_28_2015_18_0.json	1448751600.0	87.15	803	896
snapshot_11_28_2015_6_0.json	1448708400.0	87.15	803	912
snapshot_11_29_2015_0_0.json	1448773200.0	87.15	803	920
snapshot_11_29_2015_12_0.json	1448816400.0	87.15	803	904
snapshot_11_29_2015_18_0.json	1448838000.0	87.15	803	900
snapshot_11_29_2015_6_0.json	1448794800.0	87.15	803	908
snapshot_11_30_2015_0_0.json	1448859600.0	87.15	803	893
snapshot_11_30_2015_12_0.json	1448902800.0	77.79	803	885
snapshot_11_30_2015_18_0.json	1448924400.0	77.79	803	854
snapshot_11_30_2015_6_0.json	1448881200.0	77.79	803	888
snapshot_12_1_2015_0_0.json	1448946000.0	92.77	803	674
snapshot_12_1_2015_12_0.json	1448989200.0	92.77	803	673
snapshot_12_1_2015_18_0.json	1449010800.0	92.77	803	666
snapshot_12_1_2015_6_0.json	1448967600.0	92.77	803	673
snapshot_12_2_2015_0_0.json	1449032400.0	77.79	803	393
snapshot_12_2_2015_18_0.json	1449097200.0	63.75	803	373
snapshot_12_2_2015_6_0.json	1449054000.0	77.79	803	369
snapshot_12_3_2015_0_0.json	1449118800.0	92.77	803	312
snapshot_12_3_2015_12_0.json	1449162000.0	94.99	590	300
snapshot_12_3_2015_18_0.json	1449183600.0	96.63	590	267
snapshot_12_3_2015_6_0.json	1449140400.0	94.99	590	304
snapshot_12_4_2015_0_0.json	1449205200.0	69.6	300	52
snapshot_12_4_2015_12_0.json	1449248400.0	0	0	0
snapshot_12_4_2015_18_0.json	1449270000.0	0	0	0
snapshot_12_4_2015_6_0.json	1449226800.0	0	0	0
snapshot_12_5_2015_0_0.json	1449291600.0	0	0	0
snapshot_12_5_2015_12_0.json	1449334800.0	0	0	0
