9281199	2015-12-07T02:45:00Z	National Finals Rodeo Sunday Only	Thomas and Mack Center	Nevada Las Vegas|689	89147
snapshot_11_16_2015_0_0.json	1447650000.0	84.81	1045	924
snapshot_11_17_2015_0_0.json	1447736400.0	90.66	1045	933
snapshot_11_17_2015_12_0.json	1447779600.0	90.66	1045	943
snapshot_11_17_2015_18_0.json	1447801200.0	90.66	1045	958
snapshot_11_17_2015_6_0.json	1447758000.0	90.66	1045	944
snapshot_11_17_2015_6_0.json	1447758000.0	90.66	1045	944
snapshot_11_18_2015_0_0.json	1447822800.0	90.66	1045	941
snapshot_11_18_2015_12_0.json	1447866000.0	90.66	1045	944
snapshot_11_18_2015_18_0.json	1447887600.0	90.66	1045	939
snapshot_11_18_2015_6_0.json	1447844400.0	90.66	1045	935
snapshot_11_19_2015_0_0.json	1447909200.0	90.66	1045	973
snapshot_11_19_2015_12_0.json	1447952400.0	90.66	1045	973
snapshot_11_19_2015_6_0.json	1447930800.0	90.66	1045	973
snapshot_11_20_2015_0_0.json	1447995600.0	90.66	1045	964
snapshot_11_20_2015_12_0.json	1448038800.0	90.66	1045	957
snapshot_11_21_2015_12_0.json	1448125200.0	90.66	1045	988
snapshot_11_21_2015_18_0.json	1448146800.0	90.66	1045	972
snapshot_11_22_2015_0_0.json	1448168400.0	90.66	996.6	979
snapshot_11_22_2015_12_0.json	1448211600.0	90.66	996.6	969
snapshot_11_22_2015_18_0.json	1448233200.0	90.66	996.6	957
snapshot_11_22_2015_6_0.json	1448190000.0	90.66	996.6	969
snapshot_11_23_2015_0_0.json	1448254800.0	87.15	996.6	954
snapshot_11_23_2015_12_0.json	1448298000.0	87.15	996.6	936
snapshot_11_23_2015_18_0.json	1448319600.0	89.49	996.6	926
snapshot_11_23_2015_6_0.json	1448276400.0	87.15	996.6	936
snapshot_11_24_2015_0_0.json	1448341200.0	89.49	996.6	947
snapshot_11_24_2015_12_0.json	1448384400.0	89.49	996.6	951
snapshot_11_24_2015_18_0.json	1448406000.0	89.49	996.6	936
snapshot_11_24_2015_6_0.json	1448362800.0	89.49	996.6	952
snapshot_11_25_2015_0_0.json	1448427600.0	89.49	996.6	925
snapshot_11_25_2015_12_0.json	1448470800.0	89.49	996.6	921
snapshot_11_25_2015_18_0.json	1448492400.0	89.49	996.6	906
snapshot_11_25_2015_6_0.json	1448449200.0	89.49	996.6	917
snapshot_11_26_2015_0_0.json	1448514000.0	89.49	715	931
snapshot_11_27_2015_18_0.json	1448665200.0	87.15	715	905
snapshot_11_28_2015_0_0.json	1448686800.0	87.15	715	900
snapshot_11_28_2015_12_0.json	1448730000.0	87.15	715	894
snapshot_11_28_2015_18_0.json	1448751600.0	87.15	715	890
snapshot_11_28_2015_6_0.json	1448708400.0	87.15	715	896
snapshot_11_29_2015_0_0.json	1448773200.0	87.15	715	869
snapshot_11_29_2015_12_0.json	1448816400.0	87.15	704	880
snapshot_11_29_2015_18_0.json	1448838000.0	87.15	704	874
snapshot_11_29_2015_6_0.json	1448794800.0	87.15	715	876
snapshot_11_30_2015_0_0.json	1448859600.0	87.15	704	862
snapshot_11_30_2015_12_0.json	1448902800.0	77.79	704	854
snapshot_11_30_2015_18_0.json	1448924400.0	77.79	704	824
snapshot_11_30_2015_6_0.json	1448881200.0	77.79	704	857
snapshot_12_1_2015_0_0.json	1448946000.0	63.75	750	791
snapshot_12_1_2015_12_0.json	1448989200.0	63.75	750	807
snapshot_12_1_2015_18_0.json	1449010800.0	63.75	750	806
snapshot_12_1_2015_6_0.json	1448967600.0	63.75	750	809
snapshot_12_2_2015_0_0.json	1449032400.0	63.75	750	803
snapshot_12_2_2015_12_0.json	1449075600.0	90.66	750	809
snapshot_12_2_2015_18_0.json	1449097200.0	83.64	750	802
snapshot_12_2_2015_6_0.json	1449054000.0	90.66	750	773
snapshot_12_3_2015_0_0.json	1449118800.0	83.64	660	682
snapshot_12_3_2015_12_0.json	1449162000.0	83.64	660	702
snapshot_12_3_2015_18_0.json	1449183600.0	83.64	660	693
snapshot_12_3_2015_6_0.json	1449140400.0	83.64	660	708
snapshot_12_4_2015_0_0.json	1449205200.0	92.77	750	451
snapshot_12_4_2015_12_0.json	1449248400.0	86.33	750	479
snapshot_12_4_2015_18_0.json	1449270000.0	86.33	750	454
snapshot_12_4_2015_6_0.json	1449226800.0	86.33	750	457
snapshot_12_5_2015_0_0.json	1449291600.0	71.53	750	510
snapshot_12_5_2015_12_0.json	1449334800.0	71.53	750	515
snapshot_12_5_2015_18_0.json	1449356400.0	71.53	750	472
snapshot_12_5_2015_6_0.json	1449313200.0	71.53	750	511
9281199	2015-12-07T02:45:00Z	National Finals Rodeo Sunday Only	Thomas and Mack Center	Nevada Las Vegas|689	89147
snapshot_11_16_2015_0_0.json	1447650000.0	84.81	1045	924
snapshot_11_17_2015_0_0.json	1447736400.0	90.66	1045	933
snapshot_11_17_2015_12_0.json	1447779600.0	90.66	1045	943
snapshot_11_17_2015_18_0.json	1447801200.0	90.66	1045	958
snapshot_11_17_2015_6_0.json	1447758000.0	90.66	1045	944
snapshot_11_17_2015_6_0.json	1447758000.0	90.66	1045	944
snapshot_11_18_2015_0_0.json	1447822800.0	90.66	1045	941
snapshot_11_18_2015_12_0.json	1447866000.0	90.66	1045	944
snapshot_11_18_2015_18_0.json	1447887600.0	90.66	1045	939
snapshot_11_18_2015_6_0.json	1447844400.0	90.66	1045	935
snapshot_11_19_2015_0_0.json	1447909200.0	90.66	1045	973
snapshot_11_19_2015_12_0.json	1447952400.0	90.66	1045	973
snapshot_11_19_2015_6_0.json	1447930800.0	90.66	1045	973
snapshot_11_20_2015_0_0.json	1447995600.0	90.66	1045	964
snapshot_11_20_2015_12_0.json	1448038800.0	90.66	1045	957
snapshot_11_21_2015_12_0.json	1448125200.0	90.66	1045	988
snapshot_11_21_2015_18_0.json	1448146800.0	90.66	1045	972
snapshot_11_22_2015_0_0.json	1448168400.0	90.66	996.6	979
snapshot_11_22_2015_12_0.json	1448211600.0	90.66	996.6	969
snapshot_11_22_2015_18_0.json	1448233200.0	90.66	996.6	957
snapshot_11_22_2015_6_0.json	1448190000.0	90.66	996.6	969
snapshot_11_23_2015_0_0.json	1448254800.0	87.15	996.6	954
snapshot_11_23_2015_12_0.json	1448298000.0	87.15	996.6	936
snapshot_11_23_2015_18_0.json	1448319600.0	89.49	996.6	926
snapshot_11_23_2015_6_0.json	1448276400.0	87.15	996.6	936
snapshot_11_24_2015_0_0.json	1448341200.0	89.49	996.6	947
snapshot_11_24_2015_12_0.json	1448384400.0	89.49	996.6	951
snapshot_11_24_2015_18_0.json	1448406000.0	89.49	996.6	936
snapshot_11_24_2015_6_0.json	1448362800.0	89.49	996.6	952
snapshot_11_25_2015_0_0.json	1448427600.0	89.49	996.6	925
snapshot_11_25_2015_12_0.json	1448470800.0	89.49	996.6	921
snapshot_11_25_2015_18_0.json	1448492400.0	89.49	996.6	906
snapshot_11_25_2015_6_0.json	1448449200.0	89.49	996.6	917
snapshot_11_26_2015_0_0.json	1448514000.0	89.49	715	931
snapshot_11_27_2015_18_0.json	1448665200.0	87.15	715	905
snapshot_11_28_2015_0_0.json	1448686800.0	87.15	715	900
snapshot_11_28_2015_12_0.json	1448730000.0	87.15	715	894
snapshot_11_28_2015_18_0.json	1448751600.0	87.15	715	890
snapshot_11_28_2015_6_0.json	1448708400.0	87.15	715	896
snapshot_11_29_2015_0_0.json	1448773200.0	87.15	715	869
snapshot_11_29_2015_12_0.json	1448816400.0	87.15	704	880
snapshot_11_29_2015_18_0.json	1448838000.0	87.15	704	874
snapshot_11_29_2015_6_0.json	1448794800.0	87.15	715	876
snapshot_11_30_2015_0_0.json	1448859600.0	87.15	704	862
snapshot_11_30_2015_12_0.json	1448902800.0	77.79	704	854
snapshot_11_30_2015_18_0.json	1448924400.0	77.79	704	824
snapshot_11_30_2015_6_0.json	1448881200.0	77.79	704	857
snapshot_12_1_2015_0_0.json	1448946000.0	63.75	750	791
snapshot_12_1_2015_12_0.json	1448989200.0	63.75	750	807
snapshot_12_1_2015_18_0.json	1449010800.0	63.75	750	806
snapshot_12_1_2015_6_0.json	1448967600.0	63.75	750	809
snapshot_12_2_2015_0_0.json	1449032400.0	63.75	750	803
snapshot_12_2_2015_12_0.json	1449075600.0	90.66	750	809
snapshot_12_2_2015_18_0.json	1449097200.0	83.64	750	802
snapshot_12_2_2015_6_0.json	1449054000.0	90.66	750	773
snapshot_12_3_2015_0_0.json	1449118800.0	83.64	660	682
snapshot_12_3_2015_12_0.json	1449162000.0	83.64	660	702
snapshot_12_3_2015_18_0.json	1449183600.0	83.64	660	693
snapshot_12_3_2015_6_0.json	1449140400.0	83.64	660	708
snapshot_12_4_2015_0_0.json	1449205200.0	92.77	750	451
snapshot_12_4_2015_12_0.json	1449248400.0	86.33	750	479
snapshot_12_4_2015_18_0.json	1449270000.0	86.33	750	454
snapshot_12_4_2015_6_0.json	1449226800.0	86.33	750	457
snapshot_12_5_2015_0_0.json	1449291600.0	71.53	750	510
snapshot_12_5_2015_12_0.json	1449334800.0	71.53	750	515
snapshot_12_5_2015_18_0.json	1449356400.0	71.53	750	472
snapshot_12_5_2015_6_0.json	1449313200.0	71.53	750	511
