9281829	2015-12-27T17:00:00Z	Disney On Ice Dare To Dream	Rogers Centre 	Ontario Toronto|5869	M5V1J1
snapshot_11_16_2015_0_0.json	1447650000.0	41.11	225.24	182
snapshot_11_16_2015_0_0.json	1447650000.0	41.11	225.24	182
snapshot_11_17_2015_0_0.json	1447736400.0	41.11	225.24	182
snapshot_11_17_2015_12_0.json	1447779600.0	43.86	225.24	182
snapshot_11_18_2015_0_0.json	1447822800.0	41.11	225.24	180
snapshot_11_18_2015_0_0.json	1447822800.0	41.11	225.24	180
snapshot_11_18_2015_18_0.json	1447887600.0	41.11	225.24	180
snapshot_11_18_2015_6_0.json	1447844400.0	43.86	225.24	180
snapshot_11_19_2015_12_0.json	1447952400.0	43.86	225.24	180
snapshot_11_19_2015_6_0.json	1447930800.0	43.86	225.24	180
snapshot_11_22_2015_0_0.json	1448168400.0	41.11	225.24	196
snapshot_11_22_2015_12_0.json	1448211600.0	43.86	225.24	196
snapshot_11_22_2015_18_0.json	1448233200.0	41.11	225.24	196
snapshot_11_22_2015_18_0.json	1448233200.0	41.11	225.24	196
snapshot_11_22_2015_6_0.json	1448190000.0	43.86	225.24	196
snapshot_11_23_2015_0_0.json	1448254800.0	41.11	225.24	196
snapshot_11_23_2015_12_0.json	1448298000.0	43.86	225.24	196
snapshot_11_23_2015_18_0.json	1448319600.0	41.11	225.24	196
snapshot_11_23_2015_18_0.json	1448319600.0	41.11	225.24	196
snapshot_11_24_2015_0_0.json	1448341200.0	41.11	225.24	196
snapshot_11_24_2015_0_0.json	1448341200.0	41.11	225.24	196
snapshot_11_24_2015_12_0.json	1448384400.0	43.86	225.24	196
snapshot_11_24_2015_18_0.json	1448406000.0	41.11	225.24	194
snapshot_11_24_2015_6_0.json	1448362800.0	43.86	225.24	196
snapshot_11_25_2015_0_0.json	1448427600.0	41.11	225.24	194
snapshot_11_25_2015_12_0.json	1448470800.0	43.86	225.24	194
snapshot_11_25_2015_18_0.json	1448492400.0	41.11	225.24	194
snapshot_11_26_2015_0_0.json	1448514000.0	41.11	225.24	194
snapshot_11_27_2015_18_0.json	1448665200.0	41.11	225.24	194
snapshot_11_28_2015_0_0.json	1448686800.0	41.11	225.24	192
snapshot_11_28_2015_12_0.json	1448730000.0	43.86	225.24	192
snapshot_11_28_2015_18_0.json	1448751600.0	41.11	225.24	192
snapshot_11_29_2015_0_0.json	1448773200.0	38.77	225.24	189
snapshot_11_29_2015_12_0.json	1448816400.0	41.52	225.24	189
snapshot_11_29_2015_18_0.json	1448838000.0	38.77	225.24	189
snapshot_11_29_2015_6_0.json	1448794800.0	41.52	225.24	189
snapshot_11_29_2015_6_0.json	1448794800.0	41.52	225.24	189
snapshot_11_30_2015_12_0.json	1448902800.0	41.52	225.24	189
snapshot_11_30_2015_12_0.json	1448902800.0	41.52	225.24	189
snapshot_11_30_2015_18_0.json	1448924400.0	38.77	225.24	181
snapshot_11_30_2015_6_0.json	1448881200.0	41.52	225.24	189
snapshot_12_1_2015_0_0.json	1448946000.0	38.77	225.24	181
snapshot_12_1_2015_12_0.json	1448989200.0	41.52	225.24	233
snapshot_12_1_2015_18_0.json	1449010800.0	44.62	225.24	232
snapshot_12_1_2015_6_0.json	1448967600.0	41.52	225.24	233
snapshot_12_2_2015_0_0.json	1449032400.0	44.62	225.24	224
snapshot_12_2_2015_12_0.json	1449075600.0	44.62	225.24	224
snapshot_12_2_2015_18_0.json	1449097200.0	44.62	225.24	222
snapshot_12_2_2015_6_0.json	1449054000.0	44.62	225.24	224
snapshot_12_3_2015_12_0.json	1449162000.0	44.62	225.24	212
snapshot_12_3_2015_18_0.json	1449183600.0	43.45	225.24	215
snapshot_12_4_2015_0_0.json	1449205200.0	43.45	225.24	215
snapshot_12_4_2015_0_0.json	1449205200.0	43.45	225.24	215
snapshot_12_4_2015_12_0.json	1449248400.0	44.62	225.24	215
snapshot_12_4_2015_12_0.json	1449248400.0	44.62	225.24	215
snapshot_12_4_2015_6_0.json	1449226800.0	44.62	225.24	215
snapshot_12_5_2015_0_0.json	1449291600.0	43.45	225.24	215
snapshot_12_5_2015_18_0.json	1449356400.0	43.45	225.24	215
snapshot_12_5_2015_6_0.json	1449313200.0	44.62	225.24	215
9281829	2015-12-27T17:00:00Z	Disney On Ice Dare To Dream	Rogers Centre 	Ontario Toronto|5869	M5V1J1
snapshot_11_16_2015_0_0.json	1447650000.0	41.11	225.24	182
snapshot_11_16_2015_0_0.json	1447650000.0	41.11	225.24	182
snapshot_11_17_2015_0_0.json	1447736400.0	41.11	225.24	182
snapshot_11_17_2015_12_0.json	1447779600.0	43.86	225.24	182
snapshot_11_18_2015_0_0.json	1447822800.0	41.11	225.24	180
snapshot_11_18_2015_0_0.json	1447822800.0	41.11	225.24	180
snapshot_11_18_2015_18_0.json	1447887600.0	41.11	225.24	180
snapshot_11_18_2015_6_0.json	1447844400.0	43.86	225.24	180
snapshot_11_19_2015_12_0.json	1447952400.0	43.86	225.24	180
snapshot_11_19_2015_6_0.json	1447930800.0	43.86	225.24	180
snapshot_11_22_2015_0_0.json	1448168400.0	41.11	225.24	196
snapshot_11_22_2015_12_0.json	1448211600.0	43.86	225.24	196
snapshot_11_22_2015_18_0.json	1448233200.0	41.11	225.24	196
snapshot_11_22_2015_18_0.json	1448233200.0	41.11	225.24	196
snapshot_11_22_2015_6_0.json	1448190000.0	43.86	225.24	196
snapshot_11_23_2015_0_0.json	1448254800.0	41.11	225.24	196
snapshot_11_23_2015_12_0.json	1448298000.0	43.86	225.24	196
snapshot_11_23_2015_18_0.json	1448319600.0	41.11	225.24	196
snapshot_11_23_2015_18_0.json	1448319600.0	41.11	225.24	196
snapshot_11_24_2015_0_0.json	1448341200.0	41.11	225.24	196
snapshot_11_24_2015_0_0.json	1448341200.0	41.11	225.24	196
snapshot_11_24_2015_12_0.json	1448384400.0	43.86	225.24	196
snapshot_11_24_2015_18_0.json	1448406000.0	41.11	225.24	194
snapshot_11_24_2015_6_0.json	1448362800.0	43.86	225.24	196
snapshot_11_25_2015_0_0.json	1448427600.0	41.11	225.24	194
snapshot_11_25_2015_12_0.json	1448470800.0	43.86	225.24	194
snapshot_11_25_2015_18_0.json	1448492400.0	41.11	225.24	194
snapshot_11_26_2015_0_0.json	1448514000.0	41.11	225.24	194
snapshot_11_27_2015_18_0.json	1448665200.0	41.11	225.24	194
snapshot_11_28_2015_0_0.json	1448686800.0	41.11	225.24	192
snapshot_11_28_2015_12_0.json	1448730000.0	43.86	225.24	192
snapshot_11_28_2015_18_0.json	1448751600.0	41.11	225.24	192
snapshot_11_29_2015_0_0.json	1448773200.0	38.77	225.24	189
snapshot_11_29_2015_12_0.json	1448816400.0	41.52	225.24	189
snapshot_11_29_2015_18_0.json	1448838000.0	38.77	225.24	189
snapshot_11_29_2015_6_0.json	1448794800.0	41.52	225.24	189
snapshot_11_29_2015_6_0.json	1448794800.0	41.52	225.24	189
snapshot_11_30_2015_12_0.json	1448902800.0	41.52	225.24	189
snapshot_11_30_2015_12_0.json	1448902800.0	41.52	225.24	189
snapshot_11_30_2015_18_0.json	1448924400.0	38.77	225.24	181
snapshot_11_30_2015_6_0.json	1448881200.0	41.52	225.24	189
snapshot_12_1_2015_0_0.json	1448946000.0	38.77	225.24	181
snapshot_12_1_2015_12_0.json	1448989200.0	41.52	225.24	233
snapshot_12_1_2015_18_0.json	1449010800.0	44.62	225.24	232
snapshot_12_1_2015_6_0.json	1448967600.0	41.52	225.24	233
snapshot_12_2_2015_0_0.json	1449032400.0	44.62	225.24	224
snapshot_12_2_2015_12_0.json	1449075600.0	44.62	225.24	224
snapshot_12_2_2015_18_0.json	1449097200.0	44.62	225.24	222
snapshot_12_2_2015_6_0.json	1449054000.0	44.62	225.24	224
snapshot_12_3_2015_12_0.json	1449162000.0	44.62	225.24	212
snapshot_12_3_2015_18_0.json	1449183600.0	43.45	225.24	215
snapshot_12_4_2015_0_0.json	1449205200.0	43.45	225.24	215
snapshot_12_4_2015_0_0.json	1449205200.0	43.45	225.24	215
snapshot_12_4_2015_12_0.json	1449248400.0	44.62	225.24	215
snapshot_12_4_2015_12_0.json	1449248400.0	44.62	225.24	215
snapshot_12_4_2015_6_0.json	1449226800.0	44.62	225.24	215
snapshot_12_5_2015_0_0.json	1449291600.0	43.45	225.24	215
snapshot_12_5_2015_18_0.json	1449356400.0	43.45	225.24	215
snapshot_12_5_2015_6_0.json	1449313200.0	44.62	225.24	215
