9281200	2015-12-08T02:45:00Z	National Finals Rodeo Monday Only	Thomas and Mack Center	Nevada Las Vegas|689	89147
snapshot_11_16_2015_0_0.json	1447650000.0	88.32	1007	1069
snapshot_11_17_2015_0_0.json	1447736400.0	88.32	1007	1076
snapshot_11_17_2015_12_0.json	1447779600.0	88.32	1007	1088
snapshot_11_17_2015_12_0.json	1447779600.0	88.32	1007	1088
snapshot_11_17_2015_18_0.json	1447801200.0	84.81	1007	1099
snapshot_11_17_2015_6_0.json	1447758000.0	88.32	1007	1088
snapshot_11_17_2015_6_0.json	1447758000.0	88.32	1007	1088
snapshot_11_18_2015_12_0.json	1447866000.0	84.81	1007	1080
snapshot_11_18_2015_18_0.json	1447887600.0	84.81	1007	1057
snapshot_11_18_2015_6_0.json	1447844400.0	84.81	1007	1070
snapshot_11_19_2015_0_0.json	1447909200.0	84.81	941	1076
snapshot_11_19_2015_6_0.json	1447930800.0	89.49	941	1068
snapshot_11_20_2015_0_0.json	1447995600.0	89.49	941	1057
snapshot_11_20_2015_12_0.json	1448038800.0	89.49	941	1047
snapshot_11_21_2015_12_0.json	1448125200.0	82.47	941	1035
snapshot_11_21_2015_18_0.json	1448146800.0	82.47	941	1026
snapshot_11_22_2015_0_0.json	1448168400.0	82.47	941	991
snapshot_11_22_2015_12_0.json	1448211600.0	90.84	941	987
snapshot_11_22_2015_6_0.json	1448190000.0	90.84	941	992
snapshot_11_23_2015_0_0.json	1448254800.0	90.84	941	976
snapshot_11_23_2015_0_0.json	1448254800.0	90.84	941	976
snapshot_11_23_2015_18_0.json	1448319600.0	90.84	941	947
snapshot_11_23_2015_6_0.json	1448276400.0	90.84	941	955
snapshot_11_24_2015_0_0.json	1448341200.0	90.84	941	967
snapshot_11_24_2015_18_0.json	1448406000.0	90.84	941	965
snapshot_11_24_2015_6_0.json	1448362800.0	90.84	941	977
snapshot_11_25_2015_0_0.json	1448427600.0	90.84	941	953
snapshot_11_25_2015_12_0.json	1448470800.0	90.84	941	948
snapshot_11_25_2015_18_0.json	1448492400.0	90.84	941	940
snapshot_11_25_2015_6_0.json	1448449200.0	90.84	941	948
snapshot_11_26_2015_0_0.json	1448514000.0	90.84	941	962
snapshot_11_27_2015_18_0.json	1448665200.0	69.6	941	930
snapshot_11_28_2015_0_0.json	1448686800.0	69.6	941	930
snapshot_11_28_2015_12_0.json	1448730000.0	69.6	941	923
snapshot_11_28_2015_18_0.json	1448751600.0	69.6	941	914
snapshot_11_28_2015_6_0.json	1448708400.0	69.6	941	925
snapshot_11_28_2015_6_0.json	1448708400.0	69.6	941	925
snapshot_11_29_2015_0_0.json	1448773200.0	69.6	941	913
snapshot_11_29_2015_12_0.json	1448816400.0	69.6	941	909
snapshot_11_29_2015_18_0.json	1448838000.0	69.6	941	905
snapshot_11_29_2015_6_0.json	1448794800.0	69.6	941	897
snapshot_11_30_2015_0_0.json	1448859600.0	69.6	941	887
snapshot_11_30_2015_12_0.json	1448902800.0	75.45	941	866
snapshot_11_30_2015_18_0.json	1448924400.0	82.47	941	834
snapshot_11_30_2015_18_0.json	1448924400.0	82.47	941	834
snapshot_11_30_2015_6_0.json	1448881200.0	75.45	941	866
snapshot_12_1_2015_0_0.json	1448946000.0	75.45	941	859
snapshot_12_1_2015_12_0.json	1448989200.0	75.45	941	890
snapshot_12_1_2015_6_0.json	1448967600.0	75.45	941	894
snapshot_12_2_2015_0_0.json	1449032400.0	69.6	941	888
snapshot_12_2_2015_18_0.json	1449097200.0	69.6	941	903
snapshot_12_2_2015_6_0.json	1449054000.0	69.6	941	867
snapshot_12_3_2015_0_0.json	1449118800.0	79.24	941	770
snapshot_12_3_2015_12_0.json	1449162000.0	79.24	941	778
snapshot_12_3_2015_18_0.json	1449183600.0	79.04	941	767
snapshot_12_3_2015_6_0.json	1449140400.0	79.24	941	780
snapshot_12_4_2015_0_0.json	1449205200.0	69.6	941	527
snapshot_12_4_2015_12_0.json	1449248400.0	69.6	941	508
snapshot_12_4_2015_18_0.json	1449270000.0	69.6	941	498
snapshot_12_4_2015_6_0.json	1449226800.0	69.6	941	512
snapshot_12_4_2015_6_0.json	1449226800.0	69.6	941	512
snapshot_12_5_2015_0_0.json	1449291600.0	69.6	941	520
snapshot_12_5_2015_12_0.json	1449334800.0	69.6	590	511
snapshot_12_5_2015_18_0.json	1449356400.0	69.6	590	468
snapshot_12_5_2015_6_0.json	1449313200.0	69.6	590	510
9281200	2015-12-08T02:45:00Z	National Finals Rodeo Monday Only	Thomas and Mack Center	Nevada Las Vegas|689	89147
snapshot_11_16_2015_0_0.json	1447650000.0	88.32	1007	1069
snapshot_11_17_2015_0_0.json	1447736400.0	88.32	1007	1076
snapshot_11_17_2015_12_0.json	1447779600.0	88.32	1007	1088
snapshot_11_17_2015_12_0.json	1447779600.0	88.32	1007	1088
snapshot_11_17_2015_18_0.json	1447801200.0	84.81	1007	1099
snapshot_11_17_2015_6_0.json	1447758000.0	88.32	1007	1088
snapshot_11_17_2015_6_0.json	1447758000.0	88.32	1007	1088
snapshot_11_18_2015_12_0.json	1447866000.0	84.81	1007	1080
snapshot_11_18_2015_18_0.json	1447887600.0	84.81	1007	1057
snapshot_11_18_2015_6_0.json	1447844400.0	84.81	1007	1070
snapshot_11_19_2015_0_0.json	1447909200.0	84.81	941	1076
snapshot_11_19_2015_6_0.json	1447930800.0	89.49	941	1068
snapshot_11_20_2015_0_0.json	1447995600.0	89.49	941	1057
snapshot_11_20_2015_12_0.json	1448038800.0	89.49	941	1047
snapshot_11_21_2015_12_0.json	1448125200.0	82.47	941	1035
snapshot_11_21_2015_18_0.json	1448146800.0	82.47	941	1026
snapshot_11_22_2015_0_0.json	1448168400.0	82.47	941	991
snapshot_11_22_2015_12_0.json	1448211600.0	90.84	941	987
snapshot_11_22_2015_6_0.json	1448190000.0	90.84	941	992
snapshot_11_23_2015_0_0.json	1448254800.0	90.84	941	976
snapshot_11_23_2015_0_0.json	1448254800.0	90.84	941	976
snapshot_11_23_2015_18_0.json	1448319600.0	90.84	941	947
snapshot_11_23_2015_6_0.json	1448276400.0	90.84	941	955
snapshot_11_24_2015_0_0.json	1448341200.0	90.84	941	967
snapshot_11_24_2015_18_0.json	1448406000.0	90.84	941	965
snapshot_11_24_2015_6_0.json	1448362800.0	90.84	941	977
snapshot_11_25_2015_0_0.json	1448427600.0	90.84	941	953
snapshot_11_25_2015_12_0.json	1448470800.0	90.84	941	948
snapshot_11_25_2015_18_0.json	1448492400.0	90.84	941	940
snapshot_11_25_2015_6_0.json	1448449200.0	90.84	941	948
snapshot_11_26_2015_0_0.json	1448514000.0	90.84	941	962
snapshot_11_27_2015_18_0.json	1448665200.0	69.6	941	930
snapshot_11_28_2015_0_0.json	1448686800.0	69.6	941	930
snapshot_11_28_2015_12_0.json	1448730000.0	69.6	941	923
snapshot_11_28_2015_18_0.json	1448751600.0	69.6	941	914
snapshot_11_28_2015_6_0.json	1448708400.0	69.6	941	925
snapshot_11_28_2015_6_0.json	1448708400.0	69.6	941	925
snapshot_11_29_2015_0_0.json	1448773200.0	69.6	941	913
snapshot_11_29_2015_12_0.json	1448816400.0	69.6	941	909
snapshot_11_29_2015_18_0.json	1448838000.0	69.6	941	905
snapshot_11_29_2015_6_0.json	1448794800.0	69.6	941	897
snapshot_11_30_2015_0_0.json	1448859600.0	69.6	941	887
snapshot_11_30_2015_12_0.json	1448902800.0	75.45	941	866
snapshot_11_30_2015_18_0.json	1448924400.0	82.47	941	834
snapshot_11_30_2015_18_0.json	1448924400.0	82.47	941	834
snapshot_11_30_2015_6_0.json	1448881200.0	75.45	941	866
snapshot_12_1_2015_0_0.json	1448946000.0	75.45	941	859
snapshot_12_1_2015_12_0.json	1448989200.0	75.45	941	890
snapshot_12_1_2015_6_0.json	1448967600.0	75.45	941	894
snapshot_12_2_2015_0_0.json	1449032400.0	69.6	941	888
snapshot_12_2_2015_18_0.json	1449097200.0	69.6	941	903
snapshot_12_2_2015_6_0.json	1449054000.0	69.6	941	867
snapshot_12_3_2015_0_0.json	1449118800.0	79.24	941	770
snapshot_12_3_2015_12_0.json	1449162000.0	79.24	941	778
snapshot_12_3_2015_18_0.json	1449183600.0	79.04	941	767
snapshot_12_3_2015_6_0.json	1449140400.0	79.24	941	780
snapshot_12_4_2015_0_0.json	1449205200.0	69.6	941	527
snapshot_12_4_2015_12_0.json	1449248400.0	69.6	941	508
snapshot_12_4_2015_18_0.json	1449270000.0	69.6	941	498
snapshot_12_4_2015_6_0.json	1449226800.0	69.6	941	512
snapshot_12_4_2015_6_0.json	1449226800.0	69.6	941	512
snapshot_12_5_2015_0_0.json	1449291600.0	69.6	941	520
snapshot_12_5_2015_12_0.json	1449334800.0	69.6	590	511
snapshot_12_5_2015_18_0.json	1449356400.0	69.6	590	468
snapshot_12_5_2015_6_0.json	1449313200.0	69.6	590	510
