9281101	2015-11-17T00:30:00Z	Rigoletto	Metropolitan Opera	New York New York Metro|664	10023
snapshot_11_16_2015_0_0.json	1447650000.0	555.91	473	7
snapshot_11_16_2015_0_0.json	1447650000.0	555.91	473	7
snapshot_11_17_2015_12_0.json	1447779600.0	0	0	0
snapshot_11_17_2015_12_0.json	1447779600.0	0	0	0
snapshot_11_17_2015_18_0.json	1447801200.0	0	0	0
snapshot_11_17_2015_6_0.json	1447758000.0	0	0	0
snapshot_11_17_2015_6_0.json	1447758000.0	0	0	0
snapshot_11_18_2015_0_0.json	1447822800.0	0	0	0
snapshot_11_18_2015_12_0.json	1447866000.0	0	0	0
snapshot_11_18_2015_18_0.json	1447887600.0	0	0	0
snapshot_11_18_2015_18_0.json	1447887600.0	0	0	0
snapshot_11_19_2015_6_0.json	1447930800.0	0	0	0
9281101	2015-11-17T00:30:00Z	Rigoletto	Metropolitan Opera	New York New York Metro|664	10023
snapshot_11_16_2015_0_0.json	1447650000.0	555.91	473	7
snapshot_11_16_2015_0_0.json	1447650000.0	555.91	473	7
snapshot_11_17_2015_12_0.json	1447779600.0	0	0	0
snapshot_11_17_2015_12_0.json	1447779600.0	0	0	0
snapshot_11_17_2015_18_0.json	1447801200.0	0	0	0
snapshot_11_17_2015_6_0.json	1447758000.0	0	0	0
snapshot_11_17_2015_6_0.json	1447758000.0	0	0	0
snapshot_11_18_2015_0_0.json	1447822800.0	0	0	0
snapshot_11_18_2015_12_0.json	1447866000.0	0	0	0
snapshot_11_18_2015_18_0.json	1447887600.0	0	0	0
snapshot_11_18_2015_18_0.json	1447887600.0	0	0	0
snapshot_11_19_2015_6_0.json	1447930800.0	0	0	0
