9281204	2015-12-12T02:45:00Z	National Finals Rodeo Friday Only - Championship Weekend	Thomas and Mack Center	Nevada Las Vegas|689	89147
snapshot_11_16_2015_0_0.json	1447650000.0	115.23	1406.9	1298
snapshot_11_17_2015_12_0.json	1447779600.0	115.23	1406.9	1293
snapshot_11_17_2015_12_0.json	1447779600.0	115.23	1406.9	1293
snapshot_11_17_2015_18_0.json	1447801200.0	115.23	1406.9	1300
snapshot_11_17_2015_6_0.json	1447758000.0	115.23	1406.9	1293
snapshot_11_18_2015_0_0.json	1447822800.0	115.23	1406.9	1274
snapshot_11_18_2015_12_0.json	1447866000.0	115.23	1406.9	1273
snapshot_11_18_2015_18_0.json	1447887600.0	115.23	1406.9	1279
snapshot_11_18_2015_6_0.json	1447844400.0	115.23	1406.9	1264
snapshot_11_18_2015_6_0.json	1447844400.0	115.23	1406.9	1264
snapshot_11_19_2015_0_0.json	1447909200.0	115.23	1406.9	1295
snapshot_11_19_2015_6_0.json	1447930800.0	115.23	1406.9	1296
snapshot_11_20_2015_0_0.json	1447995600.0	115.23	1406.9	1243
snapshot_11_20_2015_12_0.json	1448038800.0	115.23	1406.9	1233
snapshot_11_21_2015_12_0.json	1448125200.0	115.23	1406.9	1266
snapshot_11_21_2015_18_0.json	1448146800.0	115.23	1406.9	1255
snapshot_11_22_2015_0_0.json	1448168400.0	115.23	1406.9	1247
snapshot_11_22_2015_6_0.json	1448190000.0	115.23	1406.9	1247
snapshot_11_22_2015_6_0.json	1448190000.0	115.23	1406.9	1247
snapshot_11_23_2015_0_0.json	1448254800.0	115.23	1406.9	1235
snapshot_11_23_2015_12_0.json	1448298000.0	115.23	1406.9	1229
snapshot_11_23_2015_18_0.json	1448319600.0	115.23	1406.9	1223
snapshot_11_23_2015_6_0.json	1448276400.0	115.23	1406.9	1229
snapshot_11_23_2015_6_0.json	1448276400.0	115.23	1406.9	1229
snapshot_11_24_2015_0_0.json	1448341200.0	115.23	1406.9	1257
snapshot_11_24_2015_12_0.json	1448384400.0	115.23	1406.9	1227
snapshot_11_24_2015_12_0.json	1448384400.0	115.23	1406.9	1227
snapshot_11_24_2015_18_0.json	1448406000.0	115.23	1406.9	1232
snapshot_11_24_2015_6_0.json	1448362800.0	115.23	1406.9	1227
snapshot_11_25_2015_0_0.json	1448427600.0	115.23	1406.9	1230
snapshot_11_25_2015_12_0.json	1448470800.0	115.23	1406.9	1225
snapshot_11_25_2015_18_0.json	1448492400.0	115.23	1406.9	1212
snapshot_11_25_2015_6_0.json	1448449200.0	115.23	1406.9	1223
snapshot_11_26_2015_0_0.json	1448514000.0	115.23	1406.9	1234
snapshot_11_27_2015_18_0.json	1448665200.0	104.7	1406.9	1212
snapshot_11_28_2015_0_0.json	1448686800.0	104.7	1204.5	1213
snapshot_11_28_2015_12_0.json	1448730000.0	104.7	1204.5	1203
snapshot_11_28_2015_18_0.json	1448751600.0	104.7	1204.5	1194
snapshot_11_28_2015_6_0.json	1448708400.0	104.7	1204.5	1204
snapshot_11_29_2015_0_0.json	1448773200.0	104.7	1003	1096
snapshot_11_29_2015_0_0.json	1448773200.0	104.7	1003	1096
snapshot_11_29_2015_18_0.json	1448838000.0	104.7	1204.5	1191
snapshot_11_29_2015_6_0.json	1448794800.0	104.7	1204.5	1192
snapshot_11_30_2015_0_0.json	1448859600.0	104.7	1204.5	1193
snapshot_11_30_2015_12_0.json	1448902800.0	115.23	1204.5	1178
snapshot_11_30_2015_18_0.json	1448924400.0	97.68	1204.5	1176
snapshot_11_30_2015_18_0.json	1448924400.0	97.68	1204.5	1176
snapshot_11_30_2015_6_0.json	1448881200.0	115.23	1204.5	1180
snapshot_12_1_2015_0_0.json	1448946000.0	97.68	1204.5	1147
snapshot_12_1_2015_12_0.json	1448989200.0	93	1204.5	1127
snapshot_12_1_2015_18_0.json	1449010800.0	93	1204.5	1124
snapshot_12_1_2015_18_0.json	1449010800.0	93	1204.5	1124
snapshot_12_2_2015_0_0.json	1449032400.0	93	1204.5	1111
snapshot_12_2_2015_12_0.json	1449075600.0	93	1204.5	1120
snapshot_12_2_2015_18_0.json	1449097200.0	93	1204.5	1111
snapshot_12_2_2015_6_0.json	1449054000.0	93	1204.5	1115
snapshot_12_3_2015_0_0.json	1449118800.0	93	1204.5	1079
snapshot_12_3_2015_12_0.json	1449162000.0	115.23	1204.5	1104
snapshot_12_3_2015_18_0.json	1449183600.0	115.23	1204.5	1089
snapshot_12_3_2015_6_0.json	1449140400.0	115.23	1204.5	1115
snapshot_12_4_2015_0_0.json	1449205200.0	110.55	1204.5	1129
snapshot_12_4_2015_12_0.json	1449248400.0	110.55	1204.5	1109
snapshot_12_4_2015_18_0.json	1449270000.0	110.55	1204.5	1111
snapshot_12_4_2015_6_0.json	1449226800.0	110.55	1204.5	1102
snapshot_12_5_2015_0_0.json	1449291600.0	107.04	1204.5	1091
snapshot_12_5_2015_12_0.json	1449334800.0	107.04	1204.5	1056
snapshot_12_5_2015_18_0.json	1449356400.0	107.04	1204.5	1041
snapshot_12_5_2015_6_0.json	1449313200.0	107.04	1204.5	1058
9281204	2015-12-12T02:45:00Z	National Finals Rodeo Friday Only - Championship Weekend	Thomas and Mack Center	Nevada Las Vegas|689	89147
snapshot_11_16_2015_0_0.json	1447650000.0	115.23	1406.9	1298
snapshot_11_17_2015_12_0.json	1447779600.0	115.23	1406.9	1293
snapshot_11_17_2015_12_0.json	1447779600.0	115.23	1406.9	1293
snapshot_11_17_2015_18_0.json	1447801200.0	115.23	1406.9	1300
snapshot_11_17_2015_6_0.json	1447758000.0	115.23	1406.9	1293
snapshot_11_18_2015_0_0.json	1447822800.0	115.23	1406.9	1274
snapshot_11_18_2015_12_0.json	1447866000.0	115.23	1406.9	1273
snapshot_11_18_2015_18_0.json	1447887600.0	115.23	1406.9	1279
snapshot_11_18_2015_6_0.json	1447844400.0	115.23	1406.9	1264
snapshot_11_18_2015_6_0.json	1447844400.0	115.23	1406.9	1264
snapshot_11_19_2015_0_0.json	1447909200.0	115.23	1406.9	1295
snapshot_11_19_2015_6_0.json	1447930800.0	115.23	1406.9	1296
snapshot_11_20_2015_0_0.json	1447995600.0	115.23	1406.9	1243
snapshot_11_20_2015_12_0.json	1448038800.0	115.23	1406.9	1233
snapshot_11_21_2015_12_0.json	1448125200.0	115.23	1406.9	1266
snapshot_11_21_2015_18_0.json	1448146800.0	115.23	1406.9	1255
snapshot_11_22_2015_0_0.json	1448168400.0	115.23	1406.9	1247
snapshot_11_22_2015_6_0.json	1448190000.0	115.23	1406.9	1247
snapshot_11_22_2015_6_0.json	1448190000.0	115.23	1406.9	1247
snapshot_11_23_2015_0_0.json	1448254800.0	115.23	1406.9	1235
snapshot_11_23_2015_12_0.json	1448298000.0	115.23	1406.9	1229
snapshot_11_23_2015_18_0.json	1448319600.0	115.23	1406.9	1223
snapshot_11_23_2015_6_0.json	1448276400.0	115.23	1406.9	1229
snapshot_11_23_2015_6_0.json	1448276400.0	115.23	1406.9	1229
snapshot_11_24_2015_0_0.json	1448341200.0	115.23	1406.9	1257
snapshot_11_24_2015_12_0.json	1448384400.0	115.23	1406.9	1227
snapshot_11_24_2015_12_0.json	1448384400.0	115.23	1406.9	1227
snapshot_11_24_2015_18_0.json	1448406000.0	115.23	1406.9	1232
snapshot_11_24_2015_6_0.json	1448362800.0	115.23	1406.9	1227
snapshot_11_25_2015_0_0.json	1448427600.0	115.23	1406.9	1230
snapshot_11_25_2015_12_0.json	1448470800.0	115.23	1406.9	1225
snapshot_11_25_2015_18_0.json	1448492400.0	115.23	1406.9	1212
snapshot_11_25_2015_6_0.json	1448449200.0	115.23	1406.9	1223
snapshot_11_26_2015_0_0.json	1448514000.0	115.23	1406.9	1234
snapshot_11_27_2015_18_0.json	1448665200.0	104.7	1406.9	1212
snapshot_11_28_2015_0_0.json	1448686800.0	104.7	1204.5	1213
snapshot_11_28_2015_12_0.json	1448730000.0	104.7	1204.5	1203
snapshot_11_28_2015_18_0.json	1448751600.0	104.7	1204.5	1194
snapshot_11_28_2015_6_0.json	1448708400.0	104.7	1204.5	1204
snapshot_11_29_2015_0_0.json	1448773200.0	104.7	1003	1096
snapshot_11_29_2015_0_0.json	1448773200.0	104.7	1003	1096
snapshot_11_29_2015_18_0.json	1448838000.0	104.7	1204.5	1191
snapshot_11_29_2015_6_0.json	1448794800.0	104.7	1204.5	1192
snapshot_11_30_2015_0_0.json	1448859600.0	104.7	1204.5	1193
snapshot_11_30_2015_12_0.json	1448902800.0	115.23	1204.5	1178
snapshot_11_30_2015_18_0.json	1448924400.0	97.68	1204.5	1176
snapshot_11_30_2015_18_0.json	1448924400.0	97.68	1204.5	1176
snapshot_11_30_2015_6_0.json	1448881200.0	115.23	1204.5	1180
snapshot_12_1_2015_0_0.json	1448946000.0	97.68	1204.5	1147
snapshot_12_1_2015_12_0.json	1448989200.0	93	1204.5	1127
snapshot_12_1_2015_18_0.json	1449010800.0	93	1204.5	1124
snapshot_12_1_2015_18_0.json	1449010800.0	93	1204.5	1124
snapshot_12_2_2015_0_0.json	1449032400.0	93	1204.5	1111
snapshot_12_2_2015_12_0.json	1449075600.0	93	1204.5	1120
snapshot_12_2_2015_18_0.json	1449097200.0	93	1204.5	1111
snapshot_12_2_2015_6_0.json	1449054000.0	93	1204.5	1115
snapshot_12_3_2015_0_0.json	1449118800.0	93	1204.5	1079
snapshot_12_3_2015_12_0.json	1449162000.0	115.23	1204.5	1104
snapshot_12_3_2015_18_0.json	1449183600.0	115.23	1204.5	1089
snapshot_12_3_2015_6_0.json	1449140400.0	115.23	1204.5	1115
snapshot_12_4_2015_0_0.json	1449205200.0	110.55	1204.5	1129
snapshot_12_4_2015_12_0.json	1449248400.0	110.55	1204.5	1109
snapshot_12_4_2015_18_0.json	1449270000.0	110.55	1204.5	1111
snapshot_12_4_2015_6_0.json	1449226800.0	110.55	1204.5	1102
snapshot_12_5_2015_0_0.json	1449291600.0	107.04	1204.5	1091
snapshot_12_5_2015_12_0.json	1449334800.0	107.04	1204.5	1056
snapshot_12_5_2015_18_0.json	1449356400.0	107.04	1204.5	1041
snapshot_12_5_2015_6_0.json	1449313200.0	107.04	1204.5	1058
