9281202	2015-12-10T02:45:00Z	National Finals Rodeo Wednesday Only	Thomas and Mack Center	Nevada Las Vegas|689	89147
snapshot_11_16_2015_0_0.json	1447650000.0	89.75	1007	1235
snapshot_11_16_2015_0_0.json	1447650000.0	89.75	1007	1235
snapshot_11_17_2015_0_0.json	1447736400.0	89.75	1007	1248
snapshot_11_17_2015_12_0.json	1447779600.0	97.68	1007	1261
snapshot_11_17_2015_6_0.json	1447758000.0	97.68	1007	1261
snapshot_11_18_2015_0_0.json	1447822800.0	96.51	1328	1277
snapshot_11_18_2015_18_0.json	1447887600.0	96.51	1007	1278
snapshot_11_18_2015_18_0.json	1447887600.0	96.51	1007	1278
snapshot_11_18_2015_6_0.json	1447844400.0	96.51	1328	1270
snapshot_11_19_2015_0_0.json	1447909200.0	97.68	767	1295
snapshot_11_19_2015_12_0.json	1447952400.0	97.68	767	1273
snapshot_11_19_2015_6_0.json	1447930800.0	97.68	767	1277
snapshot_11_20_2015_12_0.json	1448038800.0	94.16	737.5	1268
snapshot_11_21_2015_12_0.json	1448125200.0	87.14	737.5	1327
snapshot_11_21_2015_18_0.json	1448146800.0	87.14	737.5	1322
snapshot_11_21_2015_18_0.json	1448146800.0	87.14	737.5	1322
snapshot_11_22_2015_0_0.json	1448168400.0	87.14	713	1333
snapshot_11_22_2015_12_0.json	1448211600.0	87.14	713	1333
snapshot_11_22_2015_18_0.json	1448233200.0	87.14	713	1333
snapshot_11_23_2015_0_0.json	1448254800.0	87.14	713	1331
snapshot_11_23_2015_18_0.json	1448319600.0	94.54	713	1306
snapshot_11_23_2015_6_0.json	1448276400.0	95	713	1321
snapshot_11_24_2015_0_0.json	1448341200.0	94.54	713	1322
snapshot_11_24_2015_12_0.json	1448384400.0	93	713	1316
snapshot_11_24_2015_18_0.json	1448406000.0	93	713	1321
snapshot_11_24_2015_6_0.json	1448362800.0	93	713	1316
snapshot_11_25_2015_0_0.json	1448427600.0	93	687.5	1331
snapshot_11_25_2015_12_0.json	1448470800.0	93	687.5	1335
snapshot_11_25_2015_18_0.json	1448492400.0	93	687.5	1337
snapshot_11_25_2015_6_0.json	1448449200.0	93	687.5	1331
snapshot_11_26_2015_0_0.json	1448514000.0	93	767	1374
snapshot_11_26_2015_0_0.json	1448514000.0	93	767	1374
snapshot_11_26_2015_0_0.json	1448514000.0	93	767	1374
snapshot_11_27_2015_18_0.json	1448665200.0	69.6	767	1368
snapshot_11_28_2015_12_0.json	1448730000.0	69.6	767	1360
snapshot_11_28_2015_18_0.json	1448751600.0	69.6	767	1356
snapshot_11_29_2015_0_0.json	1448773200.0	69.6	737.5	1293
snapshot_11_29_2015_12_0.json	1448816400.0	69.6	737.5	1337
snapshot_11_29_2015_6_0.json	1448794800.0	69.6	737.5	1335
snapshot_11_30_2015_0_0.json	1448859600.0	69.6	687.5	1315
snapshot_11_30_2015_12_0.json	1448902800.0	84.81	687.5	1290
snapshot_11_30_2015_18_0.json	1448924400.0	83.64	687.5	1247
snapshot_11_30_2015_6_0.json	1448881200.0	84.81	687.5	1294
snapshot_12_1_2015_0_0.json	1448946000.0	76.62	678.5	1251
snapshot_12_1_2015_12_0.json	1448989200.0	77.79	649	1242
snapshot_12_1_2015_18_0.json	1449010800.0	74.15	649	1231
snapshot_12_1_2015_18_0.json	1449010800.0	74.15	649	1231
snapshot_12_1_2015_6_0.json	1448967600.0	77.79	649	1244
snapshot_12_2_2015_0_0.json	1449032400.0	74.15	649	1254
snapshot_12_2_2015_12_0.json	1449075600.0	75.45	649	1345
snapshot_12_2_2015_18_0.json	1449097200.0	75.45	649	1328
snapshot_12_2_2015_6_0.json	1449054000.0	75.45	649	1243
snapshot_12_3_2015_0_0.json	1449118800.0	74.47	649	1303
snapshot_12_3_2015_12_0.json	1449162000.0	75.45	605	1322
snapshot_12_3_2015_18_0.json	1449183600.0	69.6	605	1303
snapshot_12_3_2015_6_0.json	1449140400.0	75.45	629	1317
snapshot_12_4_2015_0_0.json	1449205200.0	69.6	734	1336
snapshot_12_4_2015_12_0.json	1449248400.0	69.6	734	1280
snapshot_12_4_2015_18_0.json	1449270000.0	62.58	734	1269
snapshot_12_4_2015_6_0.json	1449226800.0	69.6	734	1278
snapshot_12_5_2015_0_0.json	1449291600.0	57.9	734	1075
snapshot_12_5_2015_12_0.json	1449334800.0	63.75	708	1063
snapshot_12_5_2015_18_0.json	1449356400.0	63.75	708	1045
snapshot_12_5_2015_6_0.json	1449313200.0	63.75	734	1053
9281202	2015-12-10T02:45:00Z	National Finals Rodeo Wednesday Only	Thomas and Mack Center	Nevada Las Vegas|689	89147
snapshot_11_16_2015_0_0.json	1447650000.0	89.75	1007	1235
snapshot_11_16_2015_0_0.json	1447650000.0	89.75	1007	1235
snapshot_11_17_2015_0_0.json	1447736400.0	89.75	1007	1248
snapshot_11_17_2015_12_0.json	1447779600.0	97.68	1007	1261
snapshot_11_17_2015_6_0.json	1447758000.0	97.68	1007	1261
snapshot_11_18_2015_0_0.json	1447822800.0	96.51	1328	1277
snapshot_11_18_2015_18_0.json	1447887600.0	96.51	1007	1278
snapshot_11_18_2015_18_0.json	1447887600.0	96.51	1007	1278
snapshot_11_18_2015_6_0.json	1447844400.0	96.51	1328	1270
snapshot_11_19_2015_0_0.json	1447909200.0	97.68	767	1295
snapshot_11_19_2015_12_0.json	1447952400.0	97.68	767	1273
snapshot_11_19_2015_6_0.json	1447930800.0	97.68	767	1277
snapshot_11_20_2015_12_0.json	1448038800.0	94.16	737.5	1268
snapshot_11_21_2015_12_0.json	1448125200.0	87.14	737.5	1327
snapshot_11_21_2015_18_0.json	1448146800.0	87.14	737.5	1322
snapshot_11_21_2015_18_0.json	1448146800.0	87.14	737.5	1322
snapshot_11_22_2015_0_0.json	1448168400.0	87.14	713	1333
snapshot_11_22_2015_12_0.json	1448211600.0	87.14	713	1333
snapshot_11_22_2015_18_0.json	1448233200.0	87.14	713	1333
snapshot_11_23_2015_0_0.json	1448254800.0	87.14	713	1331
snapshot_11_23_2015_18_0.json	1448319600.0	94.54	713	1306
snapshot_11_23_2015_6_0.json	1448276400.0	95	713	1321
snapshot_11_24_2015_0_0.json	1448341200.0	94.54	713	1322
snapshot_11_24_2015_12_0.json	1448384400.0	93	713	1316
snapshot_11_24_2015_18_0.json	1448406000.0	93	713	1321
snapshot_11_24_2015_6_0.json	1448362800.0	93	713	1316
snapshot_11_25_2015_0_0.json	1448427600.0	93	687.5	1331
snapshot_11_25_2015_12_0.json	1448470800.0	93	687.5	1335
snapshot_11_25_2015_18_0.json	1448492400.0	93	687.5	1337
snapshot_11_25_2015_6_0.json	1448449200.0	93	687.5	1331
snapshot_11_26_2015_0_0.json	1448514000.0	93	767	1374
snapshot_11_26_2015_0_0.json	1448514000.0	93	767	1374
snapshot_11_26_2015_0_0.json	1448514000.0	93	767	1374
snapshot_11_27_2015_18_0.json	1448665200.0	69.6	767	1368
snapshot_11_28_2015_12_0.json	1448730000.0	69.6	767	1360
snapshot_11_28_2015_18_0.json	1448751600.0	69.6	767	1356
snapshot_11_29_2015_0_0.json	1448773200.0	69.6	737.5	1293
snapshot_11_29_2015_12_0.json	1448816400.0	69.6	737.5	1337
snapshot_11_29_2015_6_0.json	1448794800.0	69.6	737.5	1335
snapshot_11_30_2015_0_0.json	1448859600.0	69.6	687.5	1315
snapshot_11_30_2015_12_0.json	1448902800.0	84.81	687.5	1290
snapshot_11_30_2015_18_0.json	1448924400.0	83.64	687.5	1247
snapshot_11_30_2015_6_0.json	1448881200.0	84.81	687.5	1294
snapshot_12_1_2015_0_0.json	1448946000.0	76.62	678.5	1251
snapshot_12_1_2015_12_0.json	1448989200.0	77.79	649	1242
snapshot_12_1_2015_18_0.json	1449010800.0	74.15	649	1231
snapshot_12_1_2015_18_0.json	1449010800.0	74.15	649	1231
snapshot_12_1_2015_6_0.json	1448967600.0	77.79	649	1244
snapshot_12_2_2015_0_0.json	1449032400.0	74.15	649	1254
snapshot_12_2_2015_12_0.json	1449075600.0	75.45	649	1345
snapshot_12_2_2015_18_0.json	1449097200.0	75.45	649	1328
snapshot_12_2_2015_6_0.json	1449054000.0	75.45	649	1243
snapshot_12_3_2015_0_0.json	1449118800.0	74.47	649	1303
snapshot_12_3_2015_12_0.json	1449162000.0	75.45	605	1322
snapshot_12_3_2015_18_0.json	1449183600.0	69.6	605	1303
snapshot_12_3_2015_6_0.json	1449140400.0	75.45	629	1317
snapshot_12_4_2015_0_0.json	1449205200.0	69.6	734	1336
snapshot_12_4_2015_12_0.json	1449248400.0	69.6	734	1280
snapshot_12_4_2015_18_0.json	1449270000.0	62.58	734	1269
snapshot_12_4_2015_6_0.json	1449226800.0	69.6	734	1278
snapshot_12_5_2015_0_0.json	1449291600.0	57.9	734	1075
snapshot_12_5_2015_12_0.json	1449334800.0	63.75	708	1063
snapshot_12_5_2015_18_0.json	1449356400.0	63.75	708	1045
snapshot_12_5_2015_6_0.json	1449313200.0	63.75	734	1053
