9281205	2015-12-13T02:45:00Z	National Finals Rodeo Saturday Only - Championship Weekend	Thomas and Mack Center	Nevada Las Vegas|689	89147
snapshot_11_16_2015_0_0.json	1447650000.0	121.08	1734.97	1209
snapshot_11_16_2015_0_0.json	1447650000.0	121.08	1734.97	1209
snapshot_11_17_2015_12_0.json	1447779600.0	121.08	1734.97	1222
snapshot_11_17_2015_18_0.json	1447801200.0	121.08	1734.97	1234
snapshot_11_17_2015_18_0.json	1447801200.0	121.08	1734.97	1234
snapshot_11_18_2015_0_0.json	1447822800.0	121.08	1734.97	1226
snapshot_11_18_2015_12_0.json	1447866000.0	119.91	1734.97	1211
snapshot_11_18_2015_18_0.json	1447887600.0	119.91	1734.97	1190
snapshot_11_19_2015_0_0.json	1447909200.0	119.91	1734.97	1184
snapshot_11_19_2015_12_0.json	1447952400.0	119.91	1641.19	1177
snapshot_11_19_2015_12_0.json	1447952400.0	119.91	1641.19	1177
snapshot_11_19_2015_6_0.json	1447930800.0	119.91	1641.19	1191
snapshot_11_20_2015_0_0.json	1447995600.0	119.91	1500	1142
snapshot_11_21_2015_12_0.json	1448125200.0	119.91	1500	1154
snapshot_11_21_2015_18_0.json	1448146800.0	119.91	1500	1149
snapshot_11_22_2015_0_0.json	1448168400.0	119.91	1500	1151
snapshot_11_22_2015_12_0.json	1448211600.0	119.91	1500	1148
snapshot_11_22_2015_12_0.json	1448211600.0	119.91	1500	1148
snapshot_11_22_2015_18_0.json	1448233200.0	119.91	1500	1144
snapshot_11_22_2015_6_0.json	1448190000.0	119.91	1500	1150
snapshot_11_22_2015_6_0.json	1448190000.0	119.91	1500	1150
snapshot_11_23_2015_0_0.json	1448254800.0	119.91	1500	1140
snapshot_11_23_2015_12_0.json	1448298000.0	93	1500	1152
snapshot_11_23_2015_18_0.json	1448319600.0	93	1500	1152
snapshot_11_23_2015_6_0.json	1448276400.0	93	1500	1156
snapshot_11_23_2015_6_0.json	1448276400.0	93	1500	1156
snapshot_11_24_2015_0_0.json	1448341200.0	93	1500	1158
snapshot_11_24_2015_12_0.json	1448384400.0	93	1500	1127
snapshot_11_24_2015_12_0.json	1448384400.0	93	1500	1127
snapshot_11_24_2015_18_0.json	1448406000.0	93	1500	1128
snapshot_11_24_2015_6_0.json	1448362800.0	93	1500	1127
snapshot_11_25_2015_0_0.json	1448427600.0	130.51	1641.19	1133
snapshot_11_25_2015_12_0.json	1448470800.0	130.51	1641.19	1126
snapshot_11_25_2015_6_0.json	1448449200.0	130.51	1641.19	1124
snapshot_11_26_2015_0_0.json	1448514000.0	131.61	1770	1157
snapshot_11_27_2015_18_0.json	1448665200.0	116.4	1770	1152
snapshot_11_28_2015_0_0.json	1448686800.0	116.4	1770	1153
snapshot_11_28_2015_12_0.json	1448730000.0	116.4	1770	1149
snapshot_11_28_2015_18_0.json	1448751600.0	116.4	1770	1149
snapshot_11_28_2015_6_0.json	1448708400.0	116.4	1770	1150
snapshot_11_29_2015_0_0.json	1448773200.0	116.4	1770	1065
snapshot_11_29_2015_0_0.json	1448773200.0	116.4	1770	1065
snapshot_11_29_2015_18_0.json	1448838000.0	116.4	1770	1150
snapshot_11_30_2015_0_0.json	1448859600.0	116.4	1770	1144
snapshot_11_30_2015_12_0.json	1448902800.0	155.01	1770	1132
snapshot_11_30_2015_18_0.json	1448924400.0	152.67	1770	1127
snapshot_11_30_2015_6_0.json	1448881200.0	155.01	1770	1132
snapshot_12_1_2015_0_0.json	1448946000.0	147.99	1770	1106
snapshot_12_1_2015_18_0.json	1449010800.0	145.65	1770	1114
snapshot_12_2_2015_0_0.json	1449032400.0	145.65	1770	1092
snapshot_12_2_2015_12_0.json	1449075600.0	122.25	1770	1095
snapshot_12_2_2015_12_0.json	1449075600.0	144.48	1770	1091
snapshot_12_2_2015_18_0.json	1449097200.0	144.48	1770	1074
snapshot_12_2_2015_6_0.json	1449054000.0	122.25	1770	1085
snapshot_12_3_2015_0_0.json	1449118800.0	144.48	1770	1062
snapshot_12_3_2015_12_0.json	1449162000.0	144.48	1770	1089
snapshot_12_3_2015_18_0.json	1449183600.0	144.48	1770	1086
snapshot_12_3_2015_6_0.json	1449140400.0	144.48	1770	1098
snapshot_12_4_2015_0_0.json	1449205200.0	144.15	1770	1132
snapshot_12_4_2015_12_0.json	1449248400.0	144.15	1770	1122
snapshot_12_4_2015_18_0.json	1449270000.0	144.15	1770	1114
snapshot_12_4_2015_6_0.json	1449226800.0	144.15	1770	1110
snapshot_12_5_2015_0_0.json	1449291600.0	132.78	1770	1095
snapshot_12_5_2015_12_0.json	1449334800.0	132.78	1688.08	1083
snapshot_12_5_2015_18_0.json	1449356400.0	132.78	1688.08	1068
snapshot_12_5_2015_6_0.json	1449313200.0	132.78	1593	1083
9281205	2015-12-13T02:45:00Z	National Finals Rodeo Saturday Only - Championship Weekend	Thomas and Mack Center	Nevada Las Vegas|689	89147
snapshot_11_16_2015_0_0.json	1447650000.0	121.08	1734.97	1209
snapshot_11_16_2015_0_0.json	1447650000.0	121.08	1734.97	1209
snapshot_11_17_2015_12_0.json	1447779600.0	121.08	1734.97	1222
snapshot_11_17_2015_18_0.json	1447801200.0	121.08	1734.97	1234
snapshot_11_17_2015_18_0.json	1447801200.0	121.08	1734.97	1234
snapshot_11_18_2015_0_0.json	1447822800.0	121.08	1734.97	1226
snapshot_11_18_2015_12_0.json	1447866000.0	119.91	1734.97	1211
snapshot_11_18_2015_18_0.json	1447887600.0	119.91	1734.97	1190
snapshot_11_19_2015_0_0.json	1447909200.0	119.91	1734.97	1184
snapshot_11_19_2015_12_0.json	1447952400.0	119.91	1641.19	1177
snapshot_11_19_2015_12_0.json	1447952400.0	119.91	1641.19	1177
snapshot_11_19_2015_6_0.json	1447930800.0	119.91	1641.19	1191
snapshot_11_20_2015_0_0.json	1447995600.0	119.91	1500	1142
snapshot_11_21_2015_12_0.json	1448125200.0	119.91	1500	1154
snapshot_11_21_2015_18_0.json	1448146800.0	119.91	1500	1149
snapshot_11_22_2015_0_0.json	1448168400.0	119.91	1500	1151
snapshot_11_22_2015_12_0.json	1448211600.0	119.91	1500	1148
snapshot_11_22_2015_12_0.json	1448211600.0	119.91	1500	1148
snapshot_11_22_2015_18_0.json	1448233200.0	119.91	1500	1144
snapshot_11_22_2015_6_0.json	1448190000.0	119.91	1500	1150
snapshot_11_22_2015_6_0.json	1448190000.0	119.91	1500	1150
snapshot_11_23_2015_0_0.json	1448254800.0	119.91	1500	1140
snapshot_11_23_2015_12_0.json	1448298000.0	93	1500	1152
snapshot_11_23_2015_18_0.json	1448319600.0	93	1500	1152
snapshot_11_23_2015_6_0.json	1448276400.0	93	1500	1156
snapshot_11_23_2015_6_0.json	1448276400.0	93	1500	1156
snapshot_11_24_2015_0_0.json	1448341200.0	93	1500	1158
snapshot_11_24_2015_12_0.json	1448384400.0	93	1500	1127
snapshot_11_24_2015_12_0.json	1448384400.0	93	1500	1127
snapshot_11_24_2015_18_0.json	1448406000.0	93	1500	1128
snapshot_11_24_2015_6_0.json	1448362800.0	93	1500	1127
snapshot_11_25_2015_0_0.json	1448427600.0	130.51	1641.19	1133
snapshot_11_25_2015_12_0.json	1448470800.0	130.51	1641.19	1126
snapshot_11_25_2015_6_0.json	1448449200.0	130.51	1641.19	1124
snapshot_11_26_2015_0_0.json	1448514000.0	131.61	1770	1157
snapshot_11_27_2015_18_0.json	1448665200.0	116.4	1770	1152
snapshot_11_28_2015_0_0.json	1448686800.0	116.4	1770	1153
snapshot_11_28_2015_12_0.json	1448730000.0	116.4	1770	1149
snapshot_11_28_2015_18_0.json	1448751600.0	116.4	1770	1149
snapshot_11_28_2015_6_0.json	1448708400.0	116.4	1770	1150
snapshot_11_29_2015_0_0.json	1448773200.0	116.4	1770	1065
snapshot_11_29_2015_0_0.json	1448773200.0	116.4	1770	1065
snapshot_11_29_2015_18_0.json	1448838000.0	116.4	1770	1150
snapshot_11_30_2015_0_0.json	1448859600.0	116.4	1770	1144
snapshot_11_30_2015_12_0.json	1448902800.0	155.01	1770	1132
snapshot_11_30_2015_18_0.json	1448924400.0	152.67	1770	1127
snapshot_11_30_2015_6_0.json	1448881200.0	155.01	1770	1132
snapshot_12_1_2015_0_0.json	1448946000.0	147.99	1770	1106
snapshot_12_1_2015_18_0.json	1449010800.0	145.65	1770	1114
snapshot_12_2_2015_0_0.json	1449032400.0	145.65	1770	1092
snapshot_12_2_2015_12_0.json	1449075600.0	122.25	1770	1095
snapshot_12_2_2015_12_0.json	1449075600.0	144.48	1770	1091
snapshot_12_2_2015_18_0.json	1449097200.0	144.48	1770	1074
snapshot_12_2_2015_6_0.json	1449054000.0	122.25	1770	1085
snapshot_12_3_2015_0_0.json	1449118800.0	144.48	1770	1062
snapshot_12_3_2015_12_0.json	1449162000.0	144.48	1770	1089
snapshot_12_3_2015_18_0.json	1449183600.0	144.48	1770	1086
snapshot_12_3_2015_6_0.json	1449140400.0	144.48	1770	1098
snapshot_12_4_2015_0_0.json	1449205200.0	144.15	1770	1132
snapshot_12_4_2015_12_0.json	1449248400.0	144.15	1770	1122
snapshot_12_4_2015_18_0.json	1449270000.0	144.15	1770	1114
snapshot_12_4_2015_6_0.json	1449226800.0	144.15	1770	1110
snapshot_12_5_2015_0_0.json	1449291600.0	132.78	1770	1095
snapshot_12_5_2015_12_0.json	1449334800.0	132.78	1688.08	1083
snapshot_12_5_2015_18_0.json	1449356400.0	132.78	1688.08	1068
snapshot_12_5_2015_6_0.json	1449313200.0	132.78	1593	1083
