9281201	2015-12-09T02:45:00Z	National Finals Rodeo Tuesday Only	Thomas and Mack Center	Nevada Las Vegas|689	89147
snapshot_11_16_2015_0_0.json	1447650000.0	89.75	1007	1244
snapshot_11_17_2015_12_0.json	1447779600.0	90.02	1007	1273
snapshot_11_17_2015_18_0.json	1447801200.0	90.02	1007	1277
snapshot_11_18_2015_18_0.json	1447887600.0	90.66	1007	1259
snapshot_11_18_2015_6_0.json	1447844400.0	90.02	1007	1277
snapshot_11_19_2015_0_0.json	1447909200.0	90.66	770	1315
snapshot_11_19_2015_6_0.json	1447930800.0	90.66	770	1314
snapshot_11_20_2015_0_0.json	1447995600.0	90.84	770	1303
snapshot_11_20_2015_12_0.json	1448038800.0	90.84	770	1295
snapshot_11_21_2015_12_0.json	1448125200.0	90.84	770	1354
snapshot_11_21_2015_18_0.json	1448146800.0	90.84	770	1347
snapshot_11_22_2015_0_0.json	1448168400.0	90.84	748	1365
snapshot_11_22_2015_12_0.json	1448211600.0	90.84	748	1360
snapshot_11_22_2015_18_0.json	1448233200.0	90.84	748	1358
snapshot_11_22_2015_6_0.json	1448190000.0	90.84	748	1360
snapshot_11_23_2015_0_0.json	1448254800.0	90.84	748	1339
snapshot_11_23_2015_18_0.json	1448319600.0	83.25	748	1315
snapshot_11_23_2015_6_0.json	1448276400.0	87.14	748	1329
snapshot_11_24_2015_0_0.json	1448341200.0	83.25	748	1334
snapshot_11_24_2015_12_0.json	1448384400.0	83.25	748	1327
snapshot_11_24_2015_12_0.json	1448384400.0	83.25	748	1327
snapshot_11_24_2015_18_0.json	1448406000.0	83.25	748	1294
snapshot_11_24_2015_6_0.json	1448362800.0	83.25	748	1327
snapshot_11_25_2015_0_0.json	1448427600.0	83.25	748	1297
snapshot_11_25_2015_12_0.json	1448470800.0	83.25	748	1295
snapshot_11_25_2015_18_0.json	1448492400.0	83.25	748	1277
snapshot_11_25_2015_6_0.json	1448449200.0	83.25	748	1292
snapshot_11_26_2015_0_0.json	1448514000.0	83.25	748	1313
snapshot_11_27_2015_18_0.json	1448665200.0	69.6	748	1272
snapshot_11_28_2015_0_0.json	1448686800.0	69.6	748	1259
snapshot_11_28_2015_12_0.json	1448730000.0	69.6	748	1253
snapshot_11_28_2015_18_0.json	1448751600.0	69.6	748	1253
snapshot_11_29_2015_0_0.json	1448773200.0	69.6	748	1234
snapshot_11_29_2015_12_0.json	1448816400.0	69.6	748	1213
snapshot_11_29_2015_18_0.json	1448838000.0	69.6	748	1209
snapshot_11_29_2015_6_0.json	1448794800.0	69.6	748	1215
snapshot_11_30_2015_0_0.json	1448859600.0	69.6	748	1197
snapshot_11_30_2015_12_0.json	1448902800.0	81.3	660	1188
snapshot_11_30_2015_18_0.json	1448924400.0	80.12	660	1154
snapshot_11_30_2015_6_0.json	1448881200.0	81.3	660	1196
snapshot_12_1_2015_0_0.json	1448946000.0	75.45	649	1135
snapshot_12_1_2015_12_0.json	1448989200.0	75.45	647.9	1162
snapshot_12_1_2015_18_0.json	1449010800.0	75.45	1100	1134
snapshot_12_1_2015_6_0.json	1448967600.0	75.45	647.9	1164
snapshot_12_2_2015_0_0.json	1449032400.0	69.6	1100	1142
snapshot_12_2_2015_12_0.json	1449075600.0	69.6	647.9	1243
snapshot_12_2_2015_12_0.json	1449075600.0	69.6	647.9	1243
snapshot_12_2_2015_18_0.json	1449097200.0	69.6	647.9	1228
snapshot_12_3_2015_0_0.json	1449118800.0	69.6	590	1206
snapshot_12_3_2015_12_0.json	1449162000.0	69.6	590	1216
snapshot_12_3_2015_18_0.json	1449183600.0	62.58	590	1195
snapshot_12_3_2015_6_0.json	1449140400.0	69.6	590	1216
snapshot_12_4_2015_0_0.json	1449205200.0	69.6	590	1017
snapshot_12_4_2015_12_0.json	1449248400.0	69.6	590	980
snapshot_12_4_2015_18_0.json	1449270000.0	69.6	590	970
snapshot_12_4_2015_6_0.json	1449226800.0	69.6	590	982
snapshot_12_4_2015_6_0.json	1449226800.0	69.6	590	982
snapshot_12_5_2015_0_0.json	1449291600.0	69.6	708	719
snapshot_12_5_2015_12_0.json	1449334800.0	69.6	708	694
snapshot_12_5_2015_18_0.json	1449356400.0	69.6	708	679
snapshot_12_5_2015_6_0.json	1449313200.0	69.6	708	687
9281201	2015-12-09T02:45:00Z	National Finals Rodeo Tuesday Only	Thomas and Mack Center	Nevada Las Vegas|689	89147
snapshot_11_16_2015_0_0.json	1447650000.0	89.75	1007	1244
snapshot_11_17_2015_12_0.json	1447779600.0	90.02	1007	1273
snapshot_11_17_2015_18_0.json	1447801200.0	90.02	1007	1277
snapshot_11_18_2015_18_0.json	1447887600.0	90.66	1007	1259
snapshot_11_18_2015_6_0.json	1447844400.0	90.02	1007	1277
snapshot_11_19_2015_0_0.json	1447909200.0	90.66	770	1315
snapshot_11_19_2015_6_0.json	1447930800.0	90.66	770	1314
snapshot_11_20_2015_0_0.json	1447995600.0	90.84	770	1303
snapshot_11_20_2015_12_0.json	1448038800.0	90.84	770	1295
snapshot_11_21_2015_12_0.json	1448125200.0	90.84	770	1354
snapshot_11_21_2015_18_0.json	1448146800.0	90.84	770	1347
snapshot_11_22_2015_0_0.json	1448168400.0	90.84	748	1365
snapshot_11_22_2015_12_0.json	1448211600.0	90.84	748	1360
snapshot_11_22_2015_18_0.json	1448233200.0	90.84	748	1358
snapshot_11_22_2015_6_0.json	1448190000.0	90.84	748	1360
snapshot_11_23_2015_0_0.json	1448254800.0	90.84	748	1339
snapshot_11_23_2015_18_0.json	1448319600.0	83.25	748	1315
snapshot_11_23_2015_6_0.json	1448276400.0	87.14	748	1329
snapshot_11_24_2015_0_0.json	1448341200.0	83.25	748	1334
snapshot_11_24_2015_12_0.json	1448384400.0	83.25	748	1327
snapshot_11_24_2015_12_0.json	1448384400.0	83.25	748	1327
snapshot_11_24_2015_18_0.json	1448406000.0	83.25	748	1294
snapshot_11_24_2015_6_0.json	1448362800.0	83.25	748	1327
snapshot_11_25_2015_0_0.json	1448427600.0	83.25	748	1297
snapshot_11_25_2015_12_0.json	1448470800.0	83.25	748	1295
snapshot_11_25_2015_18_0.json	1448492400.0	83.25	748	1277
snapshot_11_25_2015_6_0.json	1448449200.0	83.25	748	1292
snapshot_11_26_2015_0_0.json	1448514000.0	83.25	748	1313
snapshot_11_27_2015_18_0.json	1448665200.0	69.6	748	1272
snapshot_11_28_2015_0_0.json	1448686800.0	69.6	748	1259
snapshot_11_28_2015_12_0.json	1448730000.0	69.6	748	1253
snapshot_11_28_2015_18_0.json	1448751600.0	69.6	748	1253
snapshot_11_29_2015_0_0.json	1448773200.0	69.6	748	1234
snapshot_11_29_2015_12_0.json	1448816400.0	69.6	748	1213
snapshot_11_29_2015_18_0.json	1448838000.0	69.6	748	1209
snapshot_11_29_2015_6_0.json	1448794800.0	69.6	748	1215
snapshot_11_30_2015_0_0.json	1448859600.0	69.6	748	1197
snapshot_11_30_2015_12_0.json	1448902800.0	81.3	660	1188
snapshot_11_30_2015_18_0.json	1448924400.0	80.12	660	1154
snapshot_11_30_2015_6_0.json	1448881200.0	81.3	660	1196
snapshot_12_1_2015_0_0.json	1448946000.0	75.45	649	1135
snapshot_12_1_2015_12_0.json	1448989200.0	75.45	647.9	1162
snapshot_12_1_2015_18_0.json	1449010800.0	75.45	1100	1134
snapshot_12_1_2015_6_0.json	1448967600.0	75.45	647.9	1164
snapshot_12_2_2015_0_0.json	1449032400.0	69.6	1100	1142
snapshot_12_2_2015_12_0.json	1449075600.0	69.6	647.9	1243
snapshot_12_2_2015_12_0.json	1449075600.0	69.6	647.9	1243
snapshot_12_2_2015_18_0.json	1449097200.0	69.6	647.9	1228
snapshot_12_3_2015_0_0.json	1449118800.0	69.6	590	1206
snapshot_12_3_2015_12_0.json	1449162000.0	69.6	590	1216
snapshot_12_3_2015_18_0.json	1449183600.0	62.58	590	1195
snapshot_12_3_2015_6_0.json	1449140400.0	69.6	590	1216
snapshot_12_4_2015_0_0.json	1449205200.0	69.6	590	1017
snapshot_12_4_2015_12_0.json	1449248400.0	69.6	590	980
snapshot_12_4_2015_18_0.json	1449270000.0	69.6	590	970
snapshot_12_4_2015_6_0.json	1449226800.0	69.6	590	982
snapshot_12_4_2015_6_0.json	1449226800.0	69.6	590	982
snapshot_12_5_2015_0_0.json	1449291600.0	69.6	708	719
snapshot_12_5_2015_12_0.json	1449334800.0	69.6	708	694
snapshot_12_5_2015_18_0.json	1449356400.0	69.6	708	679
snapshot_12_5_2015_6_0.json	1449313200.0	69.6	708	687
