9281342	2015-12-27T23:30:00Z	The Starting Line	Starland Ballroom	New Jersey Trenton|77583	08872
snapshot_11_16_2015_0_0.json	1447650000.0	57.47	299	63
snapshot_11_17_2015_0_0.json	1447736400.0	57.47	299	66
snapshot_11_17_2015_0_0.json	1447736400.0	57.47	299	66
snapshot_11_17_2015_12_0.json	1447779600.0	56.3	299	66
snapshot_11_17_2015_18_0.json	1447801200.0	56.3	299	66
snapshot_11_17_2015_18_0.json	1447801200.0	56.3	299	66
snapshot_11_18_2015_0_0.json	1447822800.0	56.3	299	66
snapshot_11_18_2015_18_0.json	1447887600.0	56.3	299	66
snapshot_11_18_2015_6_0.json	1447844400.0	56.3	299	66
snapshot_11_19_2015_12_0.json	1447952400.0	58.64	299	66
snapshot_11_19_2015_6_0.json	1447930800.0	58.64	299	66
snapshot_11_19_2015_6_0.json	1447930800.0	58.64	299	66
snapshot_11_20_2015_0_0.json	1447995600.0	52.81	299	67
snapshot_11_21_2015_18_0.json	1448146800.0	58.64	299	66
snapshot_11_22_2015_0_0.json	1448168400.0	58.64	299	66
snapshot_11_22_2015_12_0.json	1448211600.0	58.64	299	66
snapshot_11_22_2015_18_0.json	1448233200.0	58.64	299	66
snapshot_11_22_2015_18_0.json	1448233200.0	58.64	299	66
snapshot_11_22_2015_6_0.json	1448190000.0	58.64	299	66
snapshot_11_23_2015_0_0.json	1448254800.0	58.64	299	66
snapshot_11_23_2015_12_0.json	1448298000.0	58.64	299	66
snapshot_11_23_2015_12_0.json	1448298000.0	58.64	299	66
snapshot_11_23_2015_18_0.json	1448319600.0	58.64	299	66
snapshot_11_24_2015_18_0.json	1448406000.0	60.27	299	66
snapshot_11_24_2015_6_0.json	1448362800.0	60.44	299	66
snapshot_11_25_2015_0_0.json	1448427600.0	60.27	299	66
snapshot_11_25_2015_0_0.json	1448427600.0	60.27	299	66
snapshot_11_25_2015_12_0.json	1448470800.0	60.27	299	66
snapshot_11_26_2015_0_0.json	1448514000.0	55.13	299	68
snapshot_11_26_2015_0_0.json	1448514000.0	55.13	299	68
snapshot_11_28_2015_0_0.json	1448686800.0	54.49	299	67
snapshot_11_28_2015_12_0.json	1448730000.0	54.49	299	67
snapshot_11_28_2015_18_0.json	1448751600.0	54.49	299	67
snapshot_11_29_2015_0_0.json	1448773200.0	54.49	299	67
snapshot_11_29_2015_12_0.json	1448816400.0	54.49	299	67
snapshot_11_29_2015_18_0.json	1448838000.0	39.99	299	67
snapshot_11_29_2015_18_0.json	1448838000.0	39.99	299	67
snapshot_11_29_2015_6_0.json	1448794800.0	54.49	299	67
snapshot_11_29_2015_6_0.json	1448794800.0	54.49	299	67
snapshot_11_30_2015_12_0.json	1448902800.0	41.99	299	65
snapshot_11_30_2015_18_0.json	1448924400.0	41.99	299	63
snapshot_12_1_2015_0_0.json	1448946000.0	54.49	299	59
snapshot_12_1_2015_12_0.json	1448989200.0	54.49	299	56
snapshot_12_1_2015_18_0.json	1449010800.0	54.49	299	56
snapshot_12_1_2015_6_0.json	1448967600.0	54.49	299	56
snapshot_12_2_2015_0_0.json	1449032400.0	54.49	299	56
snapshot_12_2_2015_12_0.json	1449075600.0	54.49	299	56
snapshot_12_2_2015_18_0.json	1449097200.0	54.49	299	56
snapshot_12_2_2015_6_0.json	1449054000.0	54.49	299	56
snapshot_12_3_2015_0_0.json	1449118800.0	54.49	299	56
snapshot_12_3_2015_12_0.json	1449162000.0	51.64	299	58
snapshot_12_3_2015_18_0.json	1449183600.0	51.64	299	58
snapshot_12_3_2015_18_0.json	1449183600.0	51.64	299	58
snapshot_12_3_2015_6_0.json	1449140400.0	51.64	299	58
snapshot_12_3_2015_6_0.json	1449140400.0	51.64	299	58
snapshot_12_4_2015_0_0.json	1449205200.0	51.64	299	58
snapshot_12_4_2015_18_0.json	1449270000.0	51.64	299	50
snapshot_12_4_2015_6_0.json	1449226800.0	51.64	299	50
snapshot_12_5_2015_0_0.json	1449291600.0	51.64	299	43
snapshot_12_5_2015_6_0.json	1449313200.0	51.64	299	43
9281342	2015-12-27T23:30:00Z	The Starting Line	Starland Ballroom	New Jersey Trenton|77583	08872
snapshot_11_16_2015_0_0.json	1447650000.0	57.47	299	63
snapshot_11_17_2015_0_0.json	1447736400.0	57.47	299	66
snapshot_11_17_2015_0_0.json	1447736400.0	57.47	299	66
snapshot_11_17_2015_12_0.json	1447779600.0	56.3	299	66
snapshot_11_17_2015_18_0.json	1447801200.0	56.3	299	66
snapshot_11_17_2015_18_0.json	1447801200.0	56.3	299	66
snapshot_11_18_2015_0_0.json	1447822800.0	56.3	299	66
snapshot_11_18_2015_18_0.json	1447887600.0	56.3	299	66
snapshot_11_18_2015_6_0.json	1447844400.0	56.3	299	66
snapshot_11_19_2015_12_0.json	1447952400.0	58.64	299	66
snapshot_11_19_2015_6_0.json	1447930800.0	58.64	299	66
snapshot_11_19_2015_6_0.json	1447930800.0	58.64	299	66
snapshot_11_20_2015_0_0.json	1447995600.0	52.81	299	67
snapshot_11_21_2015_18_0.json	1448146800.0	58.64	299	66
snapshot_11_22_2015_0_0.json	1448168400.0	58.64	299	66
snapshot_11_22_2015_12_0.json	1448211600.0	58.64	299	66
snapshot_11_22_2015_18_0.json	1448233200.0	58.64	299	66
snapshot_11_22_2015_18_0.json	1448233200.0	58.64	299	66
snapshot_11_22_2015_6_0.json	1448190000.0	58.64	299	66
snapshot_11_23_2015_0_0.json	1448254800.0	58.64	299	66
snapshot_11_23_2015_12_0.json	1448298000.0	58.64	299	66
snapshot_11_23_2015_12_0.json	1448298000.0	58.64	299	66
snapshot_11_23_2015_18_0.json	1448319600.0	58.64	299	66
snapshot_11_24_2015_18_0.json	1448406000.0	60.27	299	66
snapshot_11_24_2015_6_0.json	1448362800.0	60.44	299	66
snapshot_11_25_2015_0_0.json	1448427600.0	60.27	299	66
snapshot_11_25_2015_0_0.json	1448427600.0	60.27	299	66
snapshot_11_25_2015_12_0.json	1448470800.0	60.27	299	66
snapshot_11_26_2015_0_0.json	1448514000.0	55.13	299	68
snapshot_11_26_2015_0_0.json	1448514000.0	55.13	299	68
snapshot_11_28_2015_0_0.json	1448686800.0	54.49	299	67
snapshot_11_28_2015_12_0.json	1448730000.0	54.49	299	67
snapshot_11_28_2015_18_0.json	1448751600.0	54.49	299	67
snapshot_11_29_2015_0_0.json	1448773200.0	54.49	299	67
snapshot_11_29_2015_12_0.json	1448816400.0	54.49	299	67
snapshot_11_29_2015_18_0.json	1448838000.0	39.99	299	67
snapshot_11_29_2015_18_0.json	1448838000.0	39.99	299	67
snapshot_11_29_2015_6_0.json	1448794800.0	54.49	299	67
snapshot_11_29_2015_6_0.json	1448794800.0	54.49	299	67
snapshot_11_30_2015_12_0.json	1448902800.0	41.99	299	65
snapshot_11_30_2015_18_0.json	1448924400.0	41.99	299	63
snapshot_12_1_2015_0_0.json	1448946000.0	54.49	299	59
snapshot_12_1_2015_12_0.json	1448989200.0	54.49	299	56
snapshot_12_1_2015_18_0.json	1449010800.0	54.49	299	56
snapshot_12_1_2015_6_0.json	1448967600.0	54.49	299	56
snapshot_12_2_2015_0_0.json	1449032400.0	54.49	299	56
snapshot_12_2_2015_12_0.json	1449075600.0	54.49	299	56
snapshot_12_2_2015_18_0.json	1449097200.0	54.49	299	56
snapshot_12_2_2015_6_0.json	1449054000.0	54.49	299	56
snapshot_12_3_2015_0_0.json	1449118800.0	54.49	299	56
snapshot_12_3_2015_12_0.json	1449162000.0	51.64	299	58
snapshot_12_3_2015_18_0.json	1449183600.0	51.64	299	58
snapshot_12_3_2015_18_0.json	1449183600.0	51.64	299	58
snapshot_12_3_2015_6_0.json	1449140400.0	51.64	299	58
snapshot_12_3_2015_6_0.json	1449140400.0	51.64	299	58
snapshot_12_4_2015_0_0.json	1449205200.0	51.64	299	58
snapshot_12_4_2015_18_0.json	1449270000.0	51.64	299	50
snapshot_12_4_2015_6_0.json	1449226800.0	51.64	299	50
snapshot_12_5_2015_0_0.json	1449291600.0	51.64	299	43
snapshot_12_5_2015_6_0.json	1449313200.0	51.64	299	43
