9283198	2015-11-21T19:00:00Z	The Lion King	Minskoff Theatre	New York New York Metro|664	10036
snapshot_11_16_2015_0_0.json	1447650000.0	200.06	1017	315
snapshot_11_17_2015_0_0.json	1447736400.0	200.06	1017	315
snapshot_11_17_2015_12_0.json	1447779600.0	200.06	1017	312
snapshot_11_17_2015_18_0.json	1447801200.0	190.29	1017	310
snapshot_11_18_2015_0_0.json	1447822800.0	190.29	1017	310
snapshot_11_18_2015_12_0.json	1447866000.0	190.29	1017	307
snapshot_11_18_2015_12_0.json	1447866000.0	190.29	1017	307
snapshot_11_18_2015_6_0.json	1447844400.0	190.29	1017	307
snapshot_11_18_2015_6_0.json	1447844400.0	190.29	1017	307
snapshot_11_19_2015_12_0.json	1447952400.0	190.29	1017	289
snapshot_11_19_2015_6_0.json	1447930800.0	190.29	1017	289
snapshot_11_20_2015_0_0.json	1447995600.0	330.51	1017	271
snapshot_11_20_2015_0_0.json	1447995600.0	330.51	1017	271
snapshot_11_20_2015_12_0.json	1448038800.0	330.51	1017	271
snapshot_11_20_2015_12_0.json	1448038800.0	330.51	1017	271
snapshot_11_21_2015_12_0.json	1448125200.0	0	0	0
snapshot_11_21_2015_18_0.json	1448146800.0	0	0	0
snapshot_11_22_2015_0_0.json	1448168400.0	0	0	0
snapshot_11_22_2015_18_0.json	1448233200.0	0	0	0
snapshot_11_22_2015_6_0.json	1448190000.0	0	0	0
snapshot_11_23_2015_18_0.json	1448319600.0	0	0	0
snapshot_11_23_2015_6_0.json	1448276400.0	0	0	0
snapshot_11_23_2015_6_0.json	1448276400.0	0	0	0
snapshot_11_24_2015_0_0.json	1448341200.0	0	0	0
snapshot_11_24_2015_12_0.json	1448384400.0	0	0	0
9283198	2015-11-21T19:00:00Z	The Lion King	Minskoff Theatre	New York New York Metro|664	10036
snapshot_11_16_2015_0_0.json	1447650000.0	200.06	1017	315
snapshot_11_17_2015_0_0.json	1447736400.0	200.06	1017	315
snapshot_11_17_2015_12_0.json	1447779600.0	200.06	1017	312
snapshot_11_17_2015_18_0.json	1447801200.0	190.29	1017	310
snapshot_11_18_2015_0_0.json	1447822800.0	190.29	1017	310
snapshot_11_18_2015_12_0.json	1447866000.0	190.29	1017	307
snapshot_11_18_2015_12_0.json	1447866000.0	190.29	1017	307
snapshot_11_18_2015_6_0.json	1447844400.0	190.29	1017	307
snapshot_11_18_2015_6_0.json	1447844400.0	190.29	1017	307
snapshot_11_19_2015_12_0.json	1447952400.0	190.29	1017	289
snapshot_11_19_2015_6_0.json	1447930800.0	190.29	1017	289
snapshot_11_20_2015_0_0.json	1447995600.0	330.51	1017	271
snapshot_11_20_2015_0_0.json	1447995600.0	330.51	1017	271
snapshot_11_20_2015_12_0.json	1448038800.0	330.51	1017	271
snapshot_11_20_2015_12_0.json	1448038800.0	330.51	1017	271
snapshot_11_21_2015_12_0.json	1448125200.0	0	0	0
snapshot_11_21_2015_18_0.json	1448146800.0	0	0	0
snapshot_11_22_2015_0_0.json	1448168400.0	0	0	0
snapshot_11_22_2015_18_0.json	1448233200.0	0	0	0
snapshot_11_22_2015_6_0.json	1448190000.0	0	0	0
snapshot_11_23_2015_18_0.json	1448319600.0	0	0	0
snapshot_11_23_2015_6_0.json	1448276400.0	0	0	0
snapshot_11_23_2015_6_0.json	1448276400.0	0	0	0
snapshot_11_24_2015_0_0.json	1448341200.0	0	0	0
snapshot_11_24_2015_12_0.json	1448384400.0	0	0	0
