9283184	2015-11-22T23:30:00Z	The Lion King	Minskoff Theatre	New York New York Metro|664	10036
snapshot_11_16_2015_0_0.json	1447650000.0	199.31	1017	317
snapshot_11_17_2015_0_0.json	1447736400.0	199.31	1017	317
snapshot_11_17_2015_12_0.json	1447779600.0	198.15	1017	317
snapshot_11_17_2015_18_0.json	1447801200.0	198.15	1017	317
snapshot_11_17_2015_6_0.json	1447758000.0	199.31	1017	317
snapshot_11_18_2015_0_0.json	1447822800.0	198.15	1017	317
snapshot_11_18_2015_12_0.json	1447866000.0	198.15	1017	317
snapshot_11_18_2015_12_0.json	1447866000.0	198.15	1017	317
snapshot_11_18_2015_18_0.json	1447887600.0	198.15	1017	317
snapshot_11_18_2015_6_0.json	1447844400.0	198.15	1017	317
snapshot_11_19_2015_6_0.json	1447930800.0	198.15	1017	278
snapshot_11_20_2015_0_0.json	1447995600.0	194.67	164.25	2
snapshot_11_20_2015_12_0.json	1448038800.0	194.67	164.25	2
snapshot_11_20_2015_12_0.json	1448038800.0	194.67	164.25	2
snapshot_11_21_2015_12_0.json	1448125200.0	193.51	163.26	2
snapshot_11_22_2015_0_0.json	1448168400.0	184.26	155.35	2
snapshot_11_22_2015_12_0.json	1448211600.0	213.1	180	3
snapshot_11_22_2015_18_0.json	1448233200.0	182.68	154	1
snapshot_11_22_2015_6_0.json	1448190000.0	0	0	0
snapshot_11_22_2015_6_0.json	1448190000.0	0	0	0
snapshot_11_23_2015_0_0.json	1448254800.0	0	0	0
snapshot_11_23_2015_12_0.json	1448298000.0	0	0	0
snapshot_11_23_2015_18_0.json	1448319600.0	0	0	0
snapshot_11_23_2015_6_0.json	1448276400.0	0	0	0
snapshot_11_24_2015_0_0.json	1448341200.0	0	0	0
snapshot_11_24_2015_12_0.json	1448384400.0	0	0	0
9283184	2015-11-22T23:30:00Z	The Lion King	Minskoff Theatre	New York New York Metro|664	10036
snapshot_11_16_2015_0_0.json	1447650000.0	199.31	1017	317
snapshot_11_17_2015_0_0.json	1447736400.0	199.31	1017	317
snapshot_11_17_2015_12_0.json	1447779600.0	198.15	1017	317
snapshot_11_17_2015_18_0.json	1447801200.0	198.15	1017	317
snapshot_11_17_2015_6_0.json	1447758000.0	199.31	1017	317
snapshot_11_18_2015_0_0.json	1447822800.0	198.15	1017	317
snapshot_11_18_2015_12_0.json	1447866000.0	198.15	1017	317
snapshot_11_18_2015_12_0.json	1447866000.0	198.15	1017	317
snapshot_11_18_2015_18_0.json	1447887600.0	198.15	1017	317
snapshot_11_18_2015_6_0.json	1447844400.0	198.15	1017	317
snapshot_11_19_2015_6_0.json	1447930800.0	198.15	1017	278
snapshot_11_20_2015_0_0.json	1447995600.0	194.67	164.25	2
snapshot_11_20_2015_12_0.json	1448038800.0	194.67	164.25	2
snapshot_11_20_2015_12_0.json	1448038800.0	194.67	164.25	2
snapshot_11_21_2015_12_0.json	1448125200.0	193.51	163.26	2
snapshot_11_22_2015_0_0.json	1448168400.0	184.26	155.35	2
snapshot_11_22_2015_12_0.json	1448211600.0	213.1	180	3
snapshot_11_22_2015_18_0.json	1448233200.0	182.68	154	1
snapshot_11_22_2015_6_0.json	1448190000.0	0	0	0
snapshot_11_22_2015_6_0.json	1448190000.0	0	0	0
snapshot_11_23_2015_0_0.json	1448254800.0	0	0	0
snapshot_11_23_2015_12_0.json	1448298000.0	0	0	0
snapshot_11_23_2015_18_0.json	1448319600.0	0	0	0
snapshot_11_23_2015_6_0.json	1448276400.0	0	0	0
snapshot_11_24_2015_0_0.json	1448341200.0	0	0	0
snapshot_11_24_2015_12_0.json	1448384400.0	0	0	0
