9283158	2015-11-20T01:00:00Z	The Lion King	Minskoff Theatre	New York New York Metro|664	10036
snapshot_11_16_2015_0_0.json	1447650000.0	210.09	1017	316
snapshot_11_17_2015_0_0.json	1447736400.0	210.09	1017	316
snapshot_11_17_2015_12_0.json	1447779600.0	210.09	1017	304
snapshot_11_17_2015_18_0.json	1447801200.0	210.09	1017	304
snapshot_11_18_2015_0_0.json	1447822800.0	210.09	1017	304
snapshot_11_18_2015_0_0.json	1447822800.0	210.09	1017	304
snapshot_11_18_2015_12_0.json	1447866000.0	210.09	1017	273
snapshot_11_18_2015_12_0.json	1447866000.0	210.09	1017	273
snapshot_11_18_2015_18_0.json	1447887600.0	178	1017	271
snapshot_11_18_2015_6_0.json	1447844400.0	210.09	1017	273
snapshot_11_18_2015_6_0.json	1447844400.0	210.09	1017	273
snapshot_11_19_2015_0_0.json	1447909200.0	178	1017	262
snapshot_11_19_2015_12_0.json	1447952400.0	207.34	1017	262
snapshot_11_19_2015_6_0.json	1447930800.0	207.34	1017	262
snapshot_11_20_2015_0_0.json	1447995600.0	118.33	99	2
snapshot_11_21_2015_12_0.json	1448125200.0	0	0	0
snapshot_11_22_2015_0_0.json	1448168400.0	0	0	0
snapshot_11_22_2015_12_0.json	1448211600.0	0	0	0
9283158	2015-11-20T01:00:00Z	The Lion King	Minskoff Theatre	New York New York Metro|664	10036
snapshot_11_16_2015_0_0.json	1447650000.0	210.09	1017	316
snapshot_11_17_2015_0_0.json	1447736400.0	210.09	1017	316
snapshot_11_17_2015_12_0.json	1447779600.0	210.09	1017	304
snapshot_11_17_2015_18_0.json	1447801200.0	210.09	1017	304
snapshot_11_18_2015_0_0.json	1447822800.0	210.09	1017	304
snapshot_11_18_2015_0_0.json	1447822800.0	210.09	1017	304
snapshot_11_18_2015_12_0.json	1447866000.0	210.09	1017	273
snapshot_11_18_2015_12_0.json	1447866000.0	210.09	1017	273
snapshot_11_18_2015_18_0.json	1447887600.0	178	1017	271
snapshot_11_18_2015_6_0.json	1447844400.0	210.09	1017	273
snapshot_11_18_2015_6_0.json	1447844400.0	210.09	1017	273
snapshot_11_19_2015_0_0.json	1447909200.0	178	1017	262
snapshot_11_19_2015_12_0.json	1447952400.0	207.34	1017	262
snapshot_11_19_2015_6_0.json	1447930800.0	207.34	1017	262
snapshot_11_20_2015_0_0.json	1447995600.0	118.33	99	2
snapshot_11_21_2015_12_0.json	1448125200.0	0	0	0
snapshot_11_22_2015_0_0.json	1448168400.0	0	0	0
snapshot_11_22_2015_12_0.json	1448211600.0	0	0	0
