9283226	2015-11-21T01:00:00Z	The Lion King	Minskoff Theatre	New York New York Metro|664	10036
snapshot_11_16_2015_0_0.json	1447650000.0	152.67	1017	350
snapshot_11_17_2015_0_0.json	1447736400.0	152.67	1017	345
snapshot_11_17_2015_12_0.json	1447779600.0	152.67	1017	345
snapshot_11_17_2015_18_0.json	1447801200.0	152.67	1017	350
snapshot_11_17_2015_6_0.json	1447758000.0	152.67	1017	347
snapshot_11_17_2015_6_0.json	1447758000.0	152.67	1017	347
snapshot_11_18_2015_0_0.json	1447822800.0	189.7	1017	318
snapshot_11_18_2015_12_0.json	1447866000.0	189.7	1017	316
snapshot_11_18_2015_12_0.json	1447866000.0	189.7	1017	316
snapshot_11_18_2015_18_0.json	1447887600.0	189.7	1017	314
snapshot_11_18_2015_6_0.json	1447844400.0	189.7	1017	316
snapshot_11_18_2015_6_0.json	1447844400.0	189.7	1017	316
snapshot_11_19_2015_0_0.json	1447909200.0	189.7	1017	283
snapshot_11_19_2015_12_0.json	1447952400.0	224.69	1017	277
snapshot_11_20_2015_0_0.json	1447995600.0	225.85	1017	266
snapshot_11_22_2015_0_0.json	1448168400.0	0	0	0
snapshot_11_22_2015_12_0.json	1448211600.0	0	0	0
snapshot_11_23_2015_18_0.json	1448319600.0	0	0	0
snapshot_11_24_2015_0_0.json	1448341200.0	0	0	0
9283226	2015-11-21T01:00:00Z	The Lion King	Minskoff Theatre	New York New York Metro|664	10036
snapshot_11_16_2015_0_0.json	1447650000.0	152.67	1017	350
snapshot_11_17_2015_0_0.json	1447736400.0	152.67	1017	345
snapshot_11_17_2015_12_0.json	1447779600.0	152.67	1017	345
snapshot_11_17_2015_18_0.json	1447801200.0	152.67	1017	350
snapshot_11_17_2015_6_0.json	1447758000.0	152.67	1017	347
snapshot_11_17_2015_6_0.json	1447758000.0	152.67	1017	347
snapshot_11_18_2015_0_0.json	1447822800.0	189.7	1017	318
snapshot_11_18_2015_12_0.json	1447866000.0	189.7	1017	316
snapshot_11_18_2015_12_0.json	1447866000.0	189.7	1017	316
snapshot_11_18_2015_18_0.json	1447887600.0	189.7	1017	314
snapshot_11_18_2015_6_0.json	1447844400.0	189.7	1017	316
snapshot_11_18_2015_6_0.json	1447844400.0	189.7	1017	316
snapshot_11_19_2015_0_0.json	1447909200.0	189.7	1017	283
snapshot_11_19_2015_12_0.json	1447952400.0	224.69	1017	277
snapshot_11_20_2015_0_0.json	1447995600.0	225.85	1017	266
snapshot_11_22_2015_0_0.json	1448168400.0	0	0	0
snapshot_11_22_2015_12_0.json	1448211600.0	0	0	0
snapshot_11_23_2015_18_0.json	1448319600.0	0	0	0
snapshot_11_24_2015_0_0.json	1448341200.0	0	0	0
