9284296	2015-11-27T18:00:00Z	Central Michigan Chippewas	Kelly Shorts Stadium	Michigan Grand Rapids|4204	48859
snapshot_11_16_2015_0_0.json	1447650000.0	27.92	50	80
snapshot_11_16_2015_0_0.json	1447650000.0	27.92	50	80
snapshot_11_17_2015_12_0.json	1447779600.0	27.92	50	80
snapshot_11_17_2015_18_0.json	1447801200.0	27.92	50	80
snapshot_11_17_2015_6_0.json	1447758000.0	27.92	50	80
snapshot_11_18_2015_12_0.json	1447866000.0	27.92	50	80
snapshot_11_18_2015_6_0.json	1447844400.0	27.92	50	80
snapshot_11_19_2015_0_0.json	1447909200.0	26.31	40	80
snapshot_11_19_2015_12_0.json	1447952400.0	26.31	40	80
snapshot_11_19_2015_6_0.json	1447930800.0	26.31	40	80
snapshot_11_20_2015_0_0.json	1447995600.0	21.63	40	80
snapshot_11_20_2015_12_0.json	1448038800.0	21.63	40	80
snapshot_11_21_2015_12_0.json	1448125200.0	14.61	40	80
snapshot_11_21_2015_18_0.json	1448146800.0	14.61	40	80
snapshot_11_22_2015_0_0.json	1448168400.0	12.27	40	80
snapshot_11_22_2015_12_0.json	1448211600.0	12.27	40	80
snapshot_11_22_2015_6_0.json	1448190000.0	12.27	40	80
snapshot_11_22_2015_6_0.json	1448190000.0	12.27	40	80
snapshot_11_23_2015_0_0.json	1448254800.0	12.27	40	80
snapshot_11_23_2015_0_0.json	1448254800.0	12.27	40	80
snapshot_11_23_2015_12_0.json	1448298000.0	12.27	40	80
snapshot_11_23_2015_18_0.json	1448319600.0	12.27	40	80
snapshot_11_23_2015_18_0.json	1448319600.0	12.27	40	80
snapshot_11_24_2015_0_0.json	1448341200.0	27.92	35.7	20
snapshot_11_24_2015_12_0.json	1448384400.0	27.92	35.7	20
snapshot_11_24_2015_18_0.json	1448406000.0	23.15	30.6	20
snapshot_11_24_2015_6_0.json	1448362800.0	27.92	35.7	20
snapshot_11_24_2015_6_0.json	1448362800.0	27.92	35.7	20
snapshot_11_25_2015_12_0.json	1448470800.0	23.15	30.6	20
snapshot_11_25_2015_12_0.json	1448470800.0	23.15	30.6	20
snapshot_11_25_2015_18_0.json	1448492400.0	20.4	15.3	10
snapshot_11_25_2015_6_0.json	1448449200.0	23.15	30.6	20
snapshot_11_26_2015_0_0.json	1448514000.0	20.4	15.3	10
snapshot_11_27_2015_18_0.json	1448665200.0	0	0	0
snapshot_11_28_2015_0_0.json	1448686800.0	0	0	0
snapshot_11_28_2015_12_0.json	1448730000.0	0	0	0
snapshot_11_28_2015_18_0.json	1448751600.0	0	0	0
snapshot_11_29_2015_6_0.json	1448794800.0	0	0	0
snapshot_11_29_2015_6_0.json	1448794800.0	0	0	0
9284296	2015-11-27T18:00:00Z	Central Michigan Chippewas	Kelly Shorts Stadium	Michigan Grand Rapids|4204	48859
snapshot_11_16_2015_0_0.json	1447650000.0	27.92	50	80
snapshot_11_16_2015_0_0.json	1447650000.0	27.92	50	80
snapshot_11_17_2015_12_0.json	1447779600.0	27.92	50	80
snapshot_11_17_2015_18_0.json	1447801200.0	27.92	50	80
snapshot_11_17_2015_6_0.json	1447758000.0	27.92	50	80
snapshot_11_18_2015_12_0.json	1447866000.0	27.92	50	80
snapshot_11_18_2015_6_0.json	1447844400.0	27.92	50	80
snapshot_11_19_2015_0_0.json	1447909200.0	26.31	40	80
snapshot_11_19_2015_12_0.json	1447952400.0	26.31	40	80
snapshot_11_19_2015_6_0.json	1447930800.0	26.31	40	80
snapshot_11_20_2015_0_0.json	1447995600.0	21.63	40	80
snapshot_11_20_2015_12_0.json	1448038800.0	21.63	40	80
snapshot_11_21_2015_12_0.json	1448125200.0	14.61	40	80
snapshot_11_21_2015_18_0.json	1448146800.0	14.61	40	80
snapshot_11_22_2015_0_0.json	1448168400.0	12.27	40	80
snapshot_11_22_2015_12_0.json	1448211600.0	12.27	40	80
snapshot_11_22_2015_6_0.json	1448190000.0	12.27	40	80
snapshot_11_22_2015_6_0.json	1448190000.0	12.27	40	80
snapshot_11_23_2015_0_0.json	1448254800.0	12.27	40	80
snapshot_11_23_2015_0_0.json	1448254800.0	12.27	40	80
snapshot_11_23_2015_12_0.json	1448298000.0	12.27	40	80
snapshot_11_23_2015_18_0.json	1448319600.0	12.27	40	80
snapshot_11_23_2015_18_0.json	1448319600.0	12.27	40	80
snapshot_11_24_2015_0_0.json	1448341200.0	27.92	35.7	20
snapshot_11_24_2015_12_0.json	1448384400.0	27.92	35.7	20
snapshot_11_24_2015_18_0.json	1448406000.0	23.15	30.6	20
snapshot_11_24_2015_6_0.json	1448362800.0	27.92	35.7	20
snapshot_11_24_2015_6_0.json	1448362800.0	27.92	35.7	20
snapshot_11_25_2015_12_0.json	1448470800.0	23.15	30.6	20
snapshot_11_25_2015_12_0.json	1448470800.0	23.15	30.6	20
snapshot_11_25_2015_18_0.json	1448492400.0	20.4	15.3	10
snapshot_11_25_2015_6_0.json	1448449200.0	23.15	30.6	20
snapshot_11_26_2015_0_0.json	1448514000.0	20.4	15.3	10
snapshot_11_27_2015_18_0.json	1448665200.0	0	0	0
snapshot_11_28_2015_0_0.json	1448686800.0	0	0	0
snapshot_11_28_2015_12_0.json	1448730000.0	0	0	0
snapshot_11_28_2015_18_0.json	1448751600.0	0	0	0
snapshot_11_29_2015_6_0.json	1448794800.0	0	0	0
snapshot_11_29_2015_6_0.json	1448794800.0	0	0	0
