9284401	2015-11-19T01:00:00Z	Kent State Golden Flashes	Dix Stadium	Ohio Cleveland|3261	44240
snapshot_11_16_2015_0_0.json	1447650000.0	9.52	19.9	9
snapshot_11_17_2015_0_0.json	1447736400.0	9.52	19.9	9
snapshot_11_17_2015_18_0.json	1447801200.0	9.52	19.9	9
snapshot_11_17_2015_6_0.json	1447758000.0	9.52	19.9	9
snapshot_11_17_2015_6_0.json	1447758000.0	9.52	19.9	9
snapshot_11_18_2015_0_0.json	1447822800.0	9.52	19.9	9
snapshot_11_18_2015_12_0.json	1447866000.0	9.52	19.9	9
snapshot_11_18_2015_18_0.json	1447887600.0	9.52	19.9	9
snapshot_11_18_2015_6_0.json	1447844400.0	9.52	19.9	9
snapshot_11_19_2015_0_0.json	1447909200.0	9.52	19.9	9
snapshot_11_19_2015_18_0.json	1447974000.0	0	0	0
snapshot_11_19_2015_6_0.json	1447930800.0	9.52	19.9	9
snapshot_11_19_2015_6_0.json	1447930800.0	9.52	19.9	9
snapshot_11_20_2015_0_0.json	1447995600.0	0	0	0
snapshot_11_20_2015_12_0.json	1448038800.0	0	0	0
9284401	2015-11-19T01:00:00Z	Kent State Golden Flashes	Dix Stadium	Ohio Cleveland|3261	44240
snapshot_11_16_2015_0_0.json	1447650000.0	9.52	19.9	9
snapshot_11_17_2015_0_0.json	1447736400.0	9.52	19.9	9
snapshot_11_17_2015_18_0.json	1447801200.0	9.52	19.9	9
snapshot_11_17_2015_6_0.json	1447758000.0	9.52	19.9	9
snapshot_11_17_2015_6_0.json	1447758000.0	9.52	19.9	9
snapshot_11_18_2015_0_0.json	1447822800.0	9.52	19.9	9
snapshot_11_18_2015_12_0.json	1447866000.0	9.52	19.9	9
snapshot_11_18_2015_18_0.json	1447887600.0	9.52	19.9	9
snapshot_11_18_2015_6_0.json	1447844400.0	9.52	19.9	9
snapshot_11_19_2015_0_0.json	1447909200.0	9.52	19.9	9
snapshot_11_19_2015_18_0.json	1447974000.0	0	0	0
snapshot_11_19_2015_6_0.json	1447930800.0	9.52	19.9	9
snapshot_11_19_2015_6_0.json	1447930800.0	9.52	19.9	9
snapshot_11_20_2015_0_0.json	1447995600.0	0	0	0
snapshot_11_20_2015_12_0.json	1448038800.0	0	0	0
