9284270	2015-11-18T00:00:00Z	Ohio Bobcats	Peden Stadium	Ohio Columbus|11883	45701
snapshot_11_16_2015_0_0.json	1447650000.0	9.52	15.75	81
snapshot_11_16_2015_0_0.json	1447650000.0	9.52	15.75	81
snapshot_11_17_2015_0_0.json	1447736400.0	9.52	15.75	79
snapshot_11_17_2015_18_0.json	1447801200.0	9.52	15.75	72
snapshot_11_18_2015_0_0.json	1447822800.0	9.52	15.75	65
snapshot_11_18_2015_12_0.json	1447866000.0	0	0	0
snapshot_11_18_2015_18_0.json	1447887600.0	0	0	0
snapshot_11_18_2015_6_0.json	1447844400.0	0	0	0
snapshot_11_19_2015_0_0.json	1447909200.0	0	0	0
snapshot_11_19_2015_6_0.json	1447930800.0	0	0	0
9284270	2015-11-18T00:00:00Z	Ohio Bobcats	Peden Stadium	Ohio Columbus|11883	45701
snapshot_11_16_2015_0_0.json	1447650000.0	9.52	15.75	81
snapshot_11_16_2015_0_0.json	1447650000.0	9.52	15.75	81
snapshot_11_17_2015_0_0.json	1447736400.0	9.52	15.75	79
snapshot_11_17_2015_18_0.json	1447801200.0	9.52	15.75	72
snapshot_11_18_2015_0_0.json	1447822800.0	9.52	15.75	65
snapshot_11_18_2015_12_0.json	1447866000.0	0	0	0
snapshot_11_18_2015_18_0.json	1447887600.0	0	0	0
snapshot_11_18_2015_6_0.json	1447844400.0	0	0	0
snapshot_11_19_2015_0_0.json	1447909200.0	0	0	0
snapshot_11_19_2015_6_0.json	1447930800.0	0	0	0
