9284526	2015-11-29T01:00:00Z	Red Hot Hockey 2015 Boston University at Cornell	Madison Square Garden	New York New York Metro|664	10001
snapshot_11_16_2015_0_0.json	1447650000.0	35.67	250	680
snapshot_11_16_2015_0_0.json	1447650000.0	35.67	250	680
snapshot_11_17_2015_0_0.json	1447736400.0	35.67	250	676
snapshot_11_17_2015_12_0.json	1447779600.0	35.67	250	667
snapshot_11_17_2015_18_0.json	1447801200.0	35.67	250	654
snapshot_11_17_2015_6_0.json	1447758000.0	35.67	250	667
snapshot_11_18_2015_0_0.json	1447822800.0	35.67	250	650
snapshot_11_18_2015_12_0.json	1447866000.0	35.67	250	639
snapshot_11_18_2015_18_0.json	1447887600.0	35.67	250	639
snapshot_11_18_2015_6_0.json	1447844400.0	35.67	250	639
snapshot_11_19_2015_0_0.json	1447909200.0	35.67	250	633
snapshot_11_19_2015_12_0.json	1447952400.0	36.84	250	626
snapshot_11_19_2015_6_0.json	1447930800.0	36.84	250	626
snapshot_11_20_2015_0_0.json	1447995600.0	38.01	250	597
snapshot_11_21_2015_12_0.json	1448125200.0	39.88	250	576
snapshot_11_21_2015_18_0.json	1448146800.0	39.88	250	567
snapshot_11_22_2015_0_0.json	1448168400.0	39.88	250	536
snapshot_11_22_2015_12_0.json	1448211600.0	39.88	250	514
snapshot_11_22_2015_6_0.json	1448190000.0	39.88	250	514
snapshot_11_23_2015_0_0.json	1448254800.0	42.28	250	470
snapshot_11_23_2015_18_0.json	1448319600.0	43.86	250	429
snapshot_11_23_2015_6_0.json	1448276400.0	39.18	250	453
snapshot_11_24_2015_0_0.json	1448341200.0	43.86	250	375
snapshot_11_24_2015_12_0.json	1448384400.0	45.03	250	354
snapshot_11_24_2015_18_0.json	1448406000.0	45.03	250	352
snapshot_11_24_2015_6_0.json	1448362800.0	45.03	250	354
snapshot_11_25_2015_0_0.json	1448427600.0	49.3	240	328
snapshot_11_25_2015_12_0.json	1448470800.0	56.32	240	301
snapshot_11_25_2015_18_0.json	1448492400.0	58.66	240	296
snapshot_11_25_2015_6_0.json	1448449200.0	56.32	240	301
snapshot_11_26_2015_0_0.json	1448514000.0	58.66	205	295
snapshot_11_26_2015_0_0.json	1448514000.0	58.66	205	295
snapshot_11_27_2015_18_0.json	1448665200.0	56.32	205	227
snapshot_11_28_2015_0_0.json	1448686800.0	56.32	185	204
snapshot_11_28_2015_0_0.json	1448686800.0	56.32	185	204
snapshot_11_28_2015_12_0.json	1448730000.0	52.81	185	178
snapshot_11_28_2015_18_0.json	1448751600.0	59.83	175	91
snapshot_11_28_2015_6_0.json	1448708400.0	52.81	185	180
snapshot_11_28_2015_6_0.json	1448708400.0	52.81	185	180
snapshot_11_29_2015_0_0.json	1448773200.0	86.16	100	11
snapshot_11_29_2015_12_0.json	1448816400.0	0	0	0
snapshot_11_29_2015_18_0.json	1448838000.0	0	0	0
snapshot_11_29_2015_18_0.json	1448838000.0	0	0	0
snapshot_11_30_2015_0_0.json	1448859600.0	0	0	0
snapshot_11_30_2015_12_0.json	1448902800.0	0	0	0
snapshot_12_2_2015_0_0.json	1449032400.0	0	0	0
snapshot_12_2_2015_0_0.json	1449032400.0	0	0	0
snapshot_12_3_2015_18_0.json	1449183600.0	0	0	0
snapshot_12_4_2015_0_0.json	1449205200.0	0	0	0
snapshot_12_4_2015_12_0.json	1449248400.0	0	0	0
snapshot_12_4_2015_6_0.json	1449226800.0	0	0	0
9284526	2015-11-29T01:00:00Z	Red Hot Hockey 2015 Boston University at Cornell	Madison Square Garden	New York New York Metro|664	10001
snapshot_11_16_2015_0_0.json	1447650000.0	35.67	250	680
snapshot_11_16_2015_0_0.json	1447650000.0	35.67	250	680
snapshot_11_17_2015_0_0.json	1447736400.0	35.67	250	676
snapshot_11_17_2015_12_0.json	1447779600.0	35.67	250	667
snapshot_11_17_2015_18_0.json	1447801200.0	35.67	250	654
snapshot_11_17_2015_6_0.json	1447758000.0	35.67	250	667
snapshot_11_18_2015_0_0.json	1447822800.0	35.67	250	650
snapshot_11_18_2015_12_0.json	1447866000.0	35.67	250	639
snapshot_11_18_2015_18_0.json	1447887600.0	35.67	250	639
snapshot_11_18_2015_6_0.json	1447844400.0	35.67	250	639
snapshot_11_19_2015_0_0.json	1447909200.0	35.67	250	633
snapshot_11_19_2015_12_0.json	1447952400.0	36.84	250	626
snapshot_11_19_2015_6_0.json	1447930800.0	36.84	250	626
snapshot_11_20_2015_0_0.json	1447995600.0	38.01	250	597
snapshot_11_21_2015_12_0.json	1448125200.0	39.88	250	576
snapshot_11_21_2015_18_0.json	1448146800.0	39.88	250	567
snapshot_11_22_2015_0_0.json	1448168400.0	39.88	250	536
snapshot_11_22_2015_12_0.json	1448211600.0	39.88	250	514
snapshot_11_22_2015_6_0.json	1448190000.0	39.88	250	514
snapshot_11_23_2015_0_0.json	1448254800.0	42.28	250	470
snapshot_11_23_2015_18_0.json	1448319600.0	43.86	250	429
snapshot_11_23_2015_6_0.json	1448276400.0	39.18	250	453
snapshot_11_24_2015_0_0.json	1448341200.0	43.86	250	375
snapshot_11_24_2015_12_0.json	1448384400.0	45.03	250	354
snapshot_11_24_2015_18_0.json	1448406000.0	45.03	250	352
snapshot_11_24_2015_6_0.json	1448362800.0	45.03	250	354
snapshot_11_25_2015_0_0.json	1448427600.0	49.3	240	328
snapshot_11_25_2015_12_0.json	1448470800.0	56.32	240	301
snapshot_11_25_2015_18_0.json	1448492400.0	58.66	240	296
snapshot_11_25_2015_6_0.json	1448449200.0	56.32	240	301
snapshot_11_26_2015_0_0.json	1448514000.0	58.66	205	295
snapshot_11_26_2015_0_0.json	1448514000.0	58.66	205	295
snapshot_11_27_2015_18_0.json	1448665200.0	56.32	205	227
snapshot_11_28_2015_0_0.json	1448686800.0	56.32	185	204
snapshot_11_28_2015_0_0.json	1448686800.0	56.32	185	204
snapshot_11_28_2015_12_0.json	1448730000.0	52.81	185	178
snapshot_11_28_2015_18_0.json	1448751600.0	59.83	175	91
snapshot_11_28_2015_6_0.json	1448708400.0	52.81	185	180
snapshot_11_28_2015_6_0.json	1448708400.0	52.81	185	180
snapshot_11_29_2015_0_0.json	1448773200.0	86.16	100	11
snapshot_11_29_2015_12_0.json	1448816400.0	0	0	0
snapshot_11_29_2015_18_0.json	1448838000.0	0	0	0
snapshot_11_29_2015_18_0.json	1448838000.0	0	0	0
snapshot_11_30_2015_0_0.json	1448859600.0	0	0	0
snapshot_11_30_2015_12_0.json	1448902800.0	0	0	0
snapshot_12_2_2015_0_0.json	1449032400.0	0	0	0
snapshot_12_2_2015_0_0.json	1449032400.0	0	0	0
snapshot_12_3_2015_18_0.json	1449183600.0	0	0	0
snapshot_12_4_2015_0_0.json	1449205200.0	0	0	0
snapshot_12_4_2015_12_0.json	1449248400.0	0	0	0
snapshot_12_4_2015_6_0.json	1449226800.0	0	0	0
