9284204	2015-11-17T23:00:00Z	Bowling Green Falcons	Doyt Perry Stadium	Ohio Cleveland|3261	43402
snapshot_11_16_2015_0_0.json	1447650000.0	45.79	50	24
snapshot_11_16_2015_0_0.json	1447650000.0	45.79	50	24
snapshot_11_17_2015_0_0.json	1447736400.0	50.47	52	34
snapshot_11_17_2015_12_0.json	1447779600.0	49.3	50	21
snapshot_11_17_2015_18_0.json	1447801200.0	46.73	42	46
snapshot_11_17_2015_6_0.json	1447758000.0	49.3	50	23
snapshot_11_18_2015_0_0.json	1447822800.0	0	0	0
snapshot_11_18_2015_12_0.json	1447866000.0	0	0	0
snapshot_11_18_2015_18_0.json	1447887600.0	0	0	0
snapshot_11_18_2015_6_0.json	1447844400.0	0	0	0
snapshot_11_18_2015_6_0.json	1447844400.0	0	0	0
snapshot_11_19_2015_0_0.json	1447909200.0	0	0	0
snapshot_11_19_2015_0_0.json	1447909200.0	0	0	0
9284204	2015-11-17T23:00:00Z	Bowling Green Falcons	Doyt Perry Stadium	Ohio Cleveland|3261	43402
snapshot_11_16_2015_0_0.json	1447650000.0	45.79	50	24
snapshot_11_16_2015_0_0.json	1447650000.0	45.79	50	24
snapshot_11_17_2015_0_0.json	1447736400.0	50.47	52	34
snapshot_11_17_2015_12_0.json	1447779600.0	49.3	50	21
snapshot_11_17_2015_18_0.json	1447801200.0	46.73	42	46
snapshot_11_17_2015_6_0.json	1447758000.0	49.3	50	23
snapshot_11_18_2015_0_0.json	1447822800.0	0	0	0
snapshot_11_18_2015_12_0.json	1447866000.0	0	0	0
snapshot_11_18_2015_18_0.json	1447887600.0	0	0	0
snapshot_11_18_2015_6_0.json	1447844400.0	0	0	0
snapshot_11_18_2015_6_0.json	1447844400.0	0	0	0
snapshot_11_19_2015_0_0.json	1447909200.0	0	0	0
snapshot_11_19_2015_0_0.json	1447909200.0	0	0	0
