9284465	2015-11-25T00:30:00Z	Ball State Cardinals	Scheumann Stadium	Indiana Indianapolis|697	47306
snapshot_11_16_2015_0_0.json	1447650000.0	46.2	35	4
snapshot_11_17_2015_0_0.json	1447736400.0	46.2	35	4
snapshot_11_17_2015_12_0.json	1447779600.0	46.2	35	4
snapshot_11_17_2015_12_0.json	1447779600.0	46.2	35	4
snapshot_11_17_2015_18_0.json	1447801200.0	46.2	35	4
snapshot_11_17_2015_18_0.json	1447801200.0	46.2	35	4
snapshot_11_17_2015_6_0.json	1447758000.0	46.2	35	4
snapshot_11_17_2015_6_0.json	1447758000.0	46.2	35	4
snapshot_11_18_2015_0_0.json	1447822800.0	46.2	35	4
snapshot_11_18_2015_12_0.json	1447866000.0	46.2	35	4
snapshot_11_19_2015_0_0.json	1447909200.0	46.2	35	4
snapshot_11_19_2015_12_0.json	1447952400.0	0	0	0
snapshot_11_19_2015_6_0.json	1447930800.0	0	0	0
snapshot_11_20_2015_0_0.json	1447995600.0	0	0	0
snapshot_11_20_2015_12_0.json	1448038800.0	0	0	0
snapshot_11_21_2015_12_0.json	1448125200.0	0	0	0
snapshot_11_21_2015_18_0.json	1448146800.0	0	0	0
snapshot_11_22_2015_0_0.json	1448168400.0	0	0	0
snapshot_11_22_2015_12_0.json	1448211600.0	0	0	0
snapshot_11_22_2015_18_0.json	1448233200.0	0	0	0
snapshot_11_22_2015_6_0.json	1448190000.0	0	0	0
snapshot_11_23_2015_0_0.json	1448254800.0	48.13	39	10
snapshot_11_23_2015_12_0.json	1448298000.0	0	0	0
snapshot_11_23_2015_6_0.json	1448276400.0	0	0	0
snapshot_11_23_2015_6_0.json	1448276400.0	0	0	0
snapshot_11_24_2015_0_0.json	1448341200.0	0	0	0
snapshot_11_24_2015_12_0.json	1448384400.0	0	0	0
snapshot_11_24_2015_18_0.json	1448406000.0	0	0	0
snapshot_11_24_2015_6_0.json	1448362800.0	0	0	0
snapshot_11_25_2015_0_0.json	1448427600.0	0	0	0
snapshot_11_25_2015_0_0.json	1448427600.0	0	0	0
snapshot_11_25_2015_12_0.json	1448470800.0	0	0	0
snapshot_11_25_2015_18_0.json	1448492400.0	0	0	0
snapshot_11_25_2015_6_0.json	1448449200.0	0	0	0
snapshot_11_25_2015_6_0.json	1448449200.0	0	0	0
snapshot_11_26_2015_0_0.json	1448514000.0	0	0	0
snapshot_11_26_2015_0_0.json	1448514000.0	0	0	0
9284465	2015-11-25T00:30:00Z	Ball State Cardinals	Scheumann Stadium	Indiana Indianapolis|697	47306
snapshot_11_16_2015_0_0.json	1447650000.0	46.2	35	4
snapshot_11_17_2015_0_0.json	1447736400.0	46.2	35	4
snapshot_11_17_2015_12_0.json	1447779600.0	46.2	35	4
snapshot_11_17_2015_12_0.json	1447779600.0	46.2	35	4
snapshot_11_17_2015_18_0.json	1447801200.0	46.2	35	4
snapshot_11_17_2015_18_0.json	1447801200.0	46.2	35	4
snapshot_11_17_2015_6_0.json	1447758000.0	46.2	35	4
snapshot_11_17_2015_6_0.json	1447758000.0	46.2	35	4
snapshot_11_18_2015_0_0.json	1447822800.0	46.2	35	4
snapshot_11_18_2015_12_0.json	1447866000.0	46.2	35	4
snapshot_11_19_2015_0_0.json	1447909200.0	46.2	35	4
snapshot_11_19_2015_12_0.json	1447952400.0	0	0	0
snapshot_11_19_2015_6_0.json	1447930800.0	0	0	0
snapshot_11_20_2015_0_0.json	1447995600.0	0	0	0
snapshot_11_20_2015_12_0.json	1448038800.0	0	0	0
snapshot_11_21_2015_12_0.json	1448125200.0	0	0	0
snapshot_11_21_2015_18_0.json	1448146800.0	0	0	0
snapshot_11_22_2015_0_0.json	1448168400.0	0	0	0
snapshot_11_22_2015_12_0.json	1448211600.0	0	0	0
snapshot_11_22_2015_18_0.json	1448233200.0	0	0	0
snapshot_11_22_2015_6_0.json	1448190000.0	0	0	0
snapshot_11_23_2015_0_0.json	1448254800.0	48.13	39	10
snapshot_11_23_2015_12_0.json	1448298000.0	0	0	0
snapshot_11_23_2015_6_0.json	1448276400.0	0	0	0
snapshot_11_23_2015_6_0.json	1448276400.0	0	0	0
snapshot_11_24_2015_0_0.json	1448341200.0	0	0	0
snapshot_11_24_2015_12_0.json	1448384400.0	0	0	0
snapshot_11_24_2015_18_0.json	1448406000.0	0	0	0
snapshot_11_24_2015_6_0.json	1448362800.0	0	0	0
snapshot_11_25_2015_0_0.json	1448427600.0	0	0	0
snapshot_11_25_2015_0_0.json	1448427600.0	0	0	0
snapshot_11_25_2015_12_0.json	1448470800.0	0	0	0
snapshot_11_25_2015_18_0.json	1448492400.0	0	0	0
snapshot_11_25_2015_6_0.json	1448449200.0	0	0	0
snapshot_11_25_2015_6_0.json	1448449200.0	0	0	0
snapshot_11_26_2015_0_0.json	1448514000.0	0	0	0
snapshot_11_26_2015_0_0.json	1448514000.0	0	0	0
