9284183	2015-11-25T00:30:00Z	Northern Illinois Huskies	Huskie Stadium	Illinois Chicago|666	60115
snapshot_11_16_2015_0_0.json	1447650000.0	28.24	44	33
snapshot_11_17_2015_0_0.json	1447736400.0	20.05	44	33
snapshot_11_17_2015_0_0.json	1447736400.0	20.05	44	33
snapshot_11_17_2015_12_0.json	1447779600.0	20.05	44	33
snapshot_11_17_2015_18_0.json	1447801200.0	20.05	44	33
snapshot_11_17_2015_6_0.json	1447758000.0	20.05	44	33
snapshot_11_17_2015_6_0.json	1447758000.0	20.05	44	33
snapshot_11_18_2015_0_0.json	1447822800.0	20.05	44	33
snapshot_11_18_2015_12_0.json	1447866000.0	20.05	44	31
snapshot_11_18_2015_18_0.json	1447887600.0	20.05	44	20
snapshot_11_18_2015_6_0.json	1447844400.0	20.05	44	31
snapshot_11_19_2015_0_0.json	1447909200.0	20.05	44	19
snapshot_11_19_2015_12_0.json	1447952400.0	20.05	44	19
snapshot_11_19_2015_6_0.json	1447930800.0	20.05	44	23
snapshot_11_20_2015_0_0.json	1447995600.0	53.98	44	10
snapshot_11_20_2015_12_0.json	1448038800.0	53.98	44	8
snapshot_11_22_2015_0_0.json	1448168400.0	65.68	54	6
snapshot_11_22_2015_12_0.json	1448211600.0	65.68	54	6
snapshot_11_22_2015_18_0.json	1448233200.0	65.68	54	6
snapshot_11_22_2015_6_0.json	1448190000.0	65.68	54	6
snapshot_11_23_2015_0_0.json	1448254800.0	65.68	54	3
snapshot_11_23_2015_0_0.json	1448254800.0	65.68	54	3
snapshot_11_23_2015_12_0.json	1448298000.0	65.68	54	3
snapshot_11_23_2015_18_0.json	1448319600.0	65.68	54	3
snapshot_11_24_2015_0_0.json	1448341200.0	37.6	30	3
snapshot_11_24_2015_12_0.json	1448384400.0	37.6	30	3
snapshot_11_24_2015_18_0.json	1448406000.0	0	0	0
snapshot_11_24_2015_6_0.json	1448362800.0	37.6	30	3
snapshot_11_25_2015_0_0.json	1448427600.0	0	0	0
snapshot_11_25_2015_12_0.json	1448470800.0	0	0	0
snapshot_11_25_2015_18_0.json	1448492400.0	0	0	0
snapshot_11_25_2015_6_0.json	1448449200.0	0	0	0
snapshot_11_26_2015_0_0.json	1448514000.0	0	0	0
snapshot_11_26_2015_0_0.json	1448514000.0	0	0	0
9284183	2015-11-25T00:30:00Z	Northern Illinois Huskies	Huskie Stadium	Illinois Chicago|666	60115
snapshot_11_16_2015_0_0.json	1447650000.0	28.24	44	33
snapshot_11_17_2015_0_0.json	1447736400.0	20.05	44	33
snapshot_11_17_2015_0_0.json	1447736400.0	20.05	44	33
snapshot_11_17_2015_12_0.json	1447779600.0	20.05	44	33
snapshot_11_17_2015_18_0.json	1447801200.0	20.05	44	33
snapshot_11_17_2015_6_0.json	1447758000.0	20.05	44	33
snapshot_11_17_2015_6_0.json	1447758000.0	20.05	44	33
snapshot_11_18_2015_0_0.json	1447822800.0	20.05	44	33
snapshot_11_18_2015_12_0.json	1447866000.0	20.05	44	31
snapshot_11_18_2015_18_0.json	1447887600.0	20.05	44	20
snapshot_11_18_2015_6_0.json	1447844400.0	20.05	44	31
snapshot_11_19_2015_0_0.json	1447909200.0	20.05	44	19
snapshot_11_19_2015_12_0.json	1447952400.0	20.05	44	19
snapshot_11_19_2015_6_0.json	1447930800.0	20.05	44	23
snapshot_11_20_2015_0_0.json	1447995600.0	53.98	44	10
snapshot_11_20_2015_12_0.json	1448038800.0	53.98	44	8
snapshot_11_22_2015_0_0.json	1448168400.0	65.68	54	6
snapshot_11_22_2015_12_0.json	1448211600.0	65.68	54	6
snapshot_11_22_2015_18_0.json	1448233200.0	65.68	54	6
snapshot_11_22_2015_6_0.json	1448190000.0	65.68	54	6
snapshot_11_23_2015_0_0.json	1448254800.0	65.68	54	3
snapshot_11_23_2015_0_0.json	1448254800.0	65.68	54	3
snapshot_11_23_2015_12_0.json	1448298000.0	65.68	54	3
snapshot_11_23_2015_18_0.json	1448319600.0	65.68	54	3
snapshot_11_24_2015_0_0.json	1448341200.0	37.6	30	3
snapshot_11_24_2015_12_0.json	1448384400.0	37.6	30	3
snapshot_11_24_2015_18_0.json	1448406000.0	0	0	0
snapshot_11_24_2015_6_0.json	1448362800.0	37.6	30	3
snapshot_11_25_2015_0_0.json	1448427600.0	0	0	0
snapshot_11_25_2015_12_0.json	1448470800.0	0	0	0
snapshot_11_25_2015_18_0.json	1448492400.0	0	0	0
snapshot_11_25_2015_6_0.json	1448449200.0	0	0	0
snapshot_11_26_2015_0_0.json	1448514000.0	0	0	0
snapshot_11_26_2015_0_0.json	1448514000.0	0	0	0
