9284817	2015-11-28T20:00:00Z	Moscow Ballets Great Russian Nutcracker	Murat Theatre at Old National Centre	Indiana Indianapolis|697	46204
snapshot_11_16_2015_0_0.json	1447650000.0	63.34	344	28
snapshot_11_17_2015_12_0.json	1447779600.0	63.34	452	26
snapshot_11_17_2015_12_0.json	1447779600.0	63.34	452	26
snapshot_11_17_2015_18_0.json	1447801200.0	63.34	224	23
snapshot_11_17_2015_6_0.json	1447758000.0	63.34	113	26
snapshot_11_18_2015_0_0.json	1447822800.0	63.34	224	25
snapshot_11_18_2015_12_0.json	1447866000.0	63.34	460	17
snapshot_11_18_2015_18_0.json	1447887600.0	44.62	71	15
snapshot_11_18_2015_6_0.json	1447844400.0	63.34	115	17
snapshot_11_19_2015_0_0.json	1447909200.0	44.62	284	27
snapshot_11_19_2015_12_0.json	1447952400.0	44.62	115	18
snapshot_11_20_2015_0_0.json	1447995600.0	44.62	232	18
snapshot_11_20_2015_12_0.json	1448038800.0	44.62	460	16
snapshot_11_21_2015_12_0.json	1448125200.0	44.62	456	16
snapshot_11_21_2015_18_0.json	1448146800.0	44.62	456	16
snapshot_11_22_2015_0_0.json	1448168400.0	44.62	460	16
snapshot_11_22_2015_12_0.json	1448211600.0	44.62	115	20
snapshot_11_22_2015_18_0.json	1448233200.0	44.62	460	20
snapshot_11_22_2015_6_0.json	1448190000.0	44.62	115	16
snapshot_11_23_2015_0_0.json	1448254800.0	44.62	284	14
snapshot_11_23_2015_12_0.json	1448298000.0	44.62	115	16
snapshot_11_23_2015_18_0.json	1448319600.0	44.62	460	16
snapshot_11_23_2015_6_0.json	1448276400.0	44.62	284	21
snapshot_11_24_2015_0_0.json	1448341200.0	44.62	288	20
snapshot_11_24_2015_12_0.json	1448384400.0	44.62	115	14
snapshot_11_24_2015_12_0.json	1448384400.0	44.62	115	14
snapshot_11_24_2015_18_0.json	1448406000.0	44.62	115	14
snapshot_11_24_2015_6_0.json	1448362800.0	44.62	288	18
snapshot_11_25_2015_0_0.json	1448427600.0	27.07	348	21
snapshot_11_25_2015_18_0.json	1448492400.0	86.74	115	13
snapshot_11_25_2015_6_0.json	1448449200.0	27.07	115	17
snapshot_11_26_2015_0_0.json	1448514000.0	86.74	288	15
snapshot_11_27_2015_18_0.json	1448665200.0	90.25	75	2
snapshot_11_28_2015_12_0.json	1448730000.0	0	0	0
snapshot_11_28_2015_18_0.json	1448751600.0	0	0	0
snapshot_11_28_2015_6_0.json	1448708400.0	0	0	0
snapshot_11_28_2015_6_0.json	1448708400.0	0	0	0
snapshot_11_29_2015_0_0.json	1448773200.0	0	0	0
snapshot_11_29_2015_12_0.json	1448816400.0	0	0	0
snapshot_11_29_2015_18_0.json	1448838000.0	0	0	0
snapshot_11_29_2015_18_0.json	1448838000.0	0	0	0
snapshot_11_29_2015_6_0.json	1448794800.0	0	0	0
snapshot_11_30_2015_0_0.json	1448859600.0	0	0	0
snapshot_11_30_2015_12_0.json	1448902800.0	0	0	0
9284817	2015-11-28T20:00:00Z	Moscow Ballets Great Russian Nutcracker	Murat Theatre at Old National Centre	Indiana Indianapolis|697	46204
snapshot_11_16_2015_0_0.json	1447650000.0	63.34	344	28
snapshot_11_17_2015_12_0.json	1447779600.0	63.34	452	26
snapshot_11_17_2015_12_0.json	1447779600.0	63.34	452	26
snapshot_11_17_2015_18_0.json	1447801200.0	63.34	224	23
snapshot_11_17_2015_6_0.json	1447758000.0	63.34	113	26
snapshot_11_18_2015_0_0.json	1447822800.0	63.34	224	25
snapshot_11_18_2015_12_0.json	1447866000.0	63.34	460	17
snapshot_11_18_2015_18_0.json	1447887600.0	44.62	71	15
snapshot_11_18_2015_6_0.json	1447844400.0	63.34	115	17
snapshot_11_19_2015_0_0.json	1447909200.0	44.62	284	27
snapshot_11_19_2015_12_0.json	1447952400.0	44.62	115	18
snapshot_11_20_2015_0_0.json	1447995600.0	44.62	232	18
snapshot_11_20_2015_12_0.json	1448038800.0	44.62	460	16
snapshot_11_21_2015_12_0.json	1448125200.0	44.62	456	16
snapshot_11_21_2015_18_0.json	1448146800.0	44.62	456	16
snapshot_11_22_2015_0_0.json	1448168400.0	44.62	460	16
snapshot_11_22_2015_12_0.json	1448211600.0	44.62	115	20
snapshot_11_22_2015_18_0.json	1448233200.0	44.62	460	20
snapshot_11_22_2015_6_0.json	1448190000.0	44.62	115	16
snapshot_11_23_2015_0_0.json	1448254800.0	44.62	284	14
snapshot_11_23_2015_12_0.json	1448298000.0	44.62	115	16
snapshot_11_23_2015_18_0.json	1448319600.0	44.62	460	16
snapshot_11_23_2015_6_0.json	1448276400.0	44.62	284	21
snapshot_11_24_2015_0_0.json	1448341200.0	44.62	288	20
snapshot_11_24_2015_12_0.json	1448384400.0	44.62	115	14
snapshot_11_24_2015_12_0.json	1448384400.0	44.62	115	14
snapshot_11_24_2015_18_0.json	1448406000.0	44.62	115	14
snapshot_11_24_2015_6_0.json	1448362800.0	44.62	288	18
snapshot_11_25_2015_0_0.json	1448427600.0	27.07	348	21
snapshot_11_25_2015_18_0.json	1448492400.0	86.74	115	13
snapshot_11_25_2015_6_0.json	1448449200.0	27.07	115	17
snapshot_11_26_2015_0_0.json	1448514000.0	86.74	288	15
snapshot_11_27_2015_18_0.json	1448665200.0	90.25	75	2
snapshot_11_28_2015_12_0.json	1448730000.0	0	0	0
snapshot_11_28_2015_18_0.json	1448751600.0	0	0	0
snapshot_11_28_2015_6_0.json	1448708400.0	0	0	0
snapshot_11_28_2015_6_0.json	1448708400.0	0	0	0
snapshot_11_29_2015_0_0.json	1448773200.0	0	0	0
snapshot_11_29_2015_12_0.json	1448816400.0	0	0	0
snapshot_11_29_2015_18_0.json	1448838000.0	0	0	0
snapshot_11_29_2015_18_0.json	1448838000.0	0	0	0
snapshot_11_29_2015_6_0.json	1448794800.0	0	0	0
snapshot_11_30_2015_0_0.json	1448859600.0	0	0	0
snapshot_11_30_2015_12_0.json	1448902800.0	0	0	0
