9286409	2015-12-12T20:00:00Z	The Book of Mormon	Bass Concert Hall	Texas Austin / San Antonio|707	78701
snapshot_11_16_2015_0_0.json	1447650000.0	90.66	245	214
snapshot_11_17_2015_0_0.json	1447736400.0	90.66	245	214
snapshot_11_17_2015_12_0.json	1447779600.0	90.66	245	214
snapshot_11_17_2015_18_0.json	1447801200.0	90.66	245	224
snapshot_11_17_2015_6_0.json	1447758000.0	90.66	245	214
snapshot_11_17_2015_6_0.json	1447758000.0	90.66	245	214
snapshot_11_18_2015_0_0.json	1447822800.0	90.66	245	224
snapshot_11_18_2015_12_0.json	1447866000.0	90.66	245	224
snapshot_11_18_2015_12_0.json	1447866000.0	90.66	245	224
snapshot_11_18_2015_18_0.json	1447887600.0	90.66	245	224
snapshot_11_18_2015_18_0.json	1447887600.0	90.66	245	224
snapshot_11_18_2015_6_0.json	1447844400.0	90.66	245	224
snapshot_11_19_2015_0_0.json	1447909200.0	90.66	245	224
snapshot_11_19_2015_6_0.json	1447930800.0	90.66	245	224
snapshot_11_20_2015_0_0.json	1447995600.0	88.32	245	224
snapshot_11_21_2015_12_0.json	1448125200.0	84.81	245	216
snapshot_11_22_2015_0_0.json	1448168400.0	83.64	245	216
snapshot_11_22_2015_12_0.json	1448211600.0	82.47	245	216
snapshot_11_22_2015_12_0.json	1448211600.0	82.47	245	216
snapshot_11_22_2015_18_0.json	1448233200.0	81.3	245	214
snapshot_11_22_2015_18_0.json	1448233200.0	81.3	245	214
snapshot_11_22_2015_6_0.json	1448190000.0	82.47	245	216
snapshot_11_23_2015_0_0.json	1448254800.0	81.3	245	214
snapshot_11_23_2015_18_0.json	1448319600.0	78.96	245	205
snapshot_11_23_2015_18_0.json	1448319600.0	78.96	245	205
snapshot_11_23_2015_6_0.json	1448276400.0	80.13	245	212
snapshot_11_24_2015_0_0.json	1448341200.0	90.66	245	203
snapshot_11_24_2015_12_0.json	1448384400.0	90.66	245	195
snapshot_11_24_2015_18_0.json	1448406000.0	90.66	245	199
snapshot_11_24_2015_6_0.json	1448362800.0	90.66	245	195
snapshot_11_25_2015_0_0.json	1448427600.0	90.66	245	201
snapshot_11_25_2015_0_0.json	1448427600.0	90.66	245	201
snapshot_11_25_2015_12_0.json	1448470800.0	85.13	245	201
snapshot_11_25_2015_18_0.json	1448492400.0	85.13	245	196
snapshot_11_25_2015_18_0.json	1448492400.0	85.13	245	196
snapshot_11_25_2015_6_0.json	1448449200.0	85.13	245	201
snapshot_11_26_2015_0_0.json	1448514000.0	85.13	245	191
snapshot_11_27_2015_18_0.json	1448665200.0	80.49	245	177
snapshot_11_28_2015_0_0.json	1448686800.0	80.49	275	177
snapshot_11_28_2015_12_0.json	1448730000.0	80.49	275	174
snapshot_11_28_2015_18_0.json	1448751600.0	80.49	275	174
snapshot_11_28_2015_18_0.json	1448751600.0	80.49	275	174
snapshot_11_29_2015_0_0.json	1448773200.0	80.49	275	174
snapshot_11_29_2015_12_0.json	1448816400.0	80.49	275	172
snapshot_11_29_2015_18_0.json	1448838000.0	80.49	275	167
snapshot_11_29_2015_6_0.json	1448794800.0	80.49	275	172
snapshot_11_30_2015_0_0.json	1448859600.0	80.49	275	163
snapshot_11_30_2015_0_0.json	1448859600.0	80.49	275	163
snapshot_11_30_2015_18_0.json	1448924400.0	68.91	275	159
snapshot_12_1_2015_12_0.json	1448989200.0	68.91	275	152
snapshot_12_1_2015_18_0.json	1449010800.0	68.91	275	152
snapshot_12_1_2015_6_0.json	1448967600.0	68.91	275	152
snapshot_12_2_2015_0_0.json	1449032400.0	68.91	275	148
snapshot_12_2_2015_0_0.json	1449032400.0	68.91	275	148
snapshot_12_2_2015_18_0.json	1449097200.0	68.91	275	141
snapshot_12_2_2015_6_0.json	1449054000.0	68.91	275	145
snapshot_12_2_2015_6_0.json	1449054000.0	68.91	275	145
snapshot_12_3_2015_0_0.json	1449118800.0	68.91	275	137
snapshot_12_3_2015_12_0.json	1449162000.0	68.91	275	132
snapshot_12_3_2015_18_0.json	1449183600.0	90.66	275	130
snapshot_12_3_2015_6_0.json	1449140400.0	68.91	275	132
snapshot_12_4_2015_0_0.json	1449205200.0	90.66	275	130
snapshot_12_4_2015_12_0.json	1449248400.0	90.66	275	124
snapshot_12_4_2015_18_0.json	1449270000.0	90.66	275	122
snapshot_12_4_2015_18_0.json	1449270000.0	90.66	275	122
snapshot_12_4_2015_6_0.json	1449226800.0	90.66	275	124
snapshot_12_5_2015_0_0.json	1449291600.0	90.66	275	120
snapshot_12_5_2015_12_0.json	1449334800.0	90.66	275	120
snapshot_12_5_2015_18_0.json	1449356400.0	90.66	275	113
snapshot_12_5_2015_6_0.json	1449313200.0	90.66	275	120
9286409	2015-12-12T20:00:00Z	The Book of Mormon	Bass Concert Hall	Texas Austin / San Antonio|707	78701
snapshot_11_16_2015_0_0.json	1447650000.0	90.66	245	214
snapshot_11_17_2015_0_0.json	1447736400.0	90.66	245	214
snapshot_11_17_2015_12_0.json	1447779600.0	90.66	245	214
snapshot_11_17_2015_18_0.json	1447801200.0	90.66	245	224
snapshot_11_17_2015_6_0.json	1447758000.0	90.66	245	214
snapshot_11_17_2015_6_0.json	1447758000.0	90.66	245	214
snapshot_11_18_2015_0_0.json	1447822800.0	90.66	245	224
snapshot_11_18_2015_12_0.json	1447866000.0	90.66	245	224
snapshot_11_18_2015_12_0.json	1447866000.0	90.66	245	224
snapshot_11_18_2015_18_0.json	1447887600.0	90.66	245	224
snapshot_11_18_2015_18_0.json	1447887600.0	90.66	245	224
snapshot_11_18_2015_6_0.json	1447844400.0	90.66	245	224
snapshot_11_19_2015_0_0.json	1447909200.0	90.66	245	224
snapshot_11_19_2015_6_0.json	1447930800.0	90.66	245	224
snapshot_11_20_2015_0_0.json	1447995600.0	88.32	245	224
snapshot_11_21_2015_12_0.json	1448125200.0	84.81	245	216
snapshot_11_22_2015_0_0.json	1448168400.0	83.64	245	216
snapshot_11_22_2015_12_0.json	1448211600.0	82.47	245	216
snapshot_11_22_2015_12_0.json	1448211600.0	82.47	245	216
snapshot_11_22_2015_18_0.json	1448233200.0	81.3	245	214
snapshot_11_22_2015_18_0.json	1448233200.0	81.3	245	214
snapshot_11_22_2015_6_0.json	1448190000.0	82.47	245	216
snapshot_11_23_2015_0_0.json	1448254800.0	81.3	245	214
snapshot_11_23_2015_18_0.json	1448319600.0	78.96	245	205
snapshot_11_23_2015_18_0.json	1448319600.0	78.96	245	205
snapshot_11_23_2015_6_0.json	1448276400.0	80.13	245	212
snapshot_11_24_2015_0_0.json	1448341200.0	90.66	245	203
snapshot_11_24_2015_12_0.json	1448384400.0	90.66	245	195
snapshot_11_24_2015_18_0.json	1448406000.0	90.66	245	199
snapshot_11_24_2015_6_0.json	1448362800.0	90.66	245	195
snapshot_11_25_2015_0_0.json	1448427600.0	90.66	245	201
snapshot_11_25_2015_0_0.json	1448427600.0	90.66	245	201
snapshot_11_25_2015_12_0.json	1448470800.0	85.13	245	201
snapshot_11_25_2015_18_0.json	1448492400.0	85.13	245	196
snapshot_11_25_2015_18_0.json	1448492400.0	85.13	245	196
snapshot_11_25_2015_6_0.json	1448449200.0	85.13	245	201
snapshot_11_26_2015_0_0.json	1448514000.0	85.13	245	191
snapshot_11_27_2015_18_0.json	1448665200.0	80.49	245	177
snapshot_11_28_2015_0_0.json	1448686800.0	80.49	275	177
snapshot_11_28_2015_12_0.json	1448730000.0	80.49	275	174
snapshot_11_28_2015_18_0.json	1448751600.0	80.49	275	174
snapshot_11_28_2015_18_0.json	1448751600.0	80.49	275	174
snapshot_11_29_2015_0_0.json	1448773200.0	80.49	275	174
snapshot_11_29_2015_12_0.json	1448816400.0	80.49	275	172
snapshot_11_29_2015_18_0.json	1448838000.0	80.49	275	167
snapshot_11_29_2015_6_0.json	1448794800.0	80.49	275	172
snapshot_11_30_2015_0_0.json	1448859600.0	80.49	275	163
snapshot_11_30_2015_0_0.json	1448859600.0	80.49	275	163
snapshot_11_30_2015_18_0.json	1448924400.0	68.91	275	159
snapshot_12_1_2015_12_0.json	1448989200.0	68.91	275	152
snapshot_12_1_2015_18_0.json	1449010800.0	68.91	275	152
snapshot_12_1_2015_6_0.json	1448967600.0	68.91	275	152
snapshot_12_2_2015_0_0.json	1449032400.0	68.91	275	148
snapshot_12_2_2015_0_0.json	1449032400.0	68.91	275	148
snapshot_12_2_2015_18_0.json	1449097200.0	68.91	275	141
snapshot_12_2_2015_6_0.json	1449054000.0	68.91	275	145
snapshot_12_2_2015_6_0.json	1449054000.0	68.91	275	145
snapshot_12_3_2015_0_0.json	1449118800.0	68.91	275	137
snapshot_12_3_2015_12_0.json	1449162000.0	68.91	275	132
snapshot_12_3_2015_18_0.json	1449183600.0	90.66	275	130
snapshot_12_3_2015_6_0.json	1449140400.0	68.91	275	132
snapshot_12_4_2015_0_0.json	1449205200.0	90.66	275	130
snapshot_12_4_2015_12_0.json	1449248400.0	90.66	275	124
snapshot_12_4_2015_18_0.json	1449270000.0	90.66	275	122
snapshot_12_4_2015_18_0.json	1449270000.0	90.66	275	122
snapshot_12_4_2015_6_0.json	1449226800.0	90.66	275	124
snapshot_12_5_2015_0_0.json	1449291600.0	90.66	275	120
snapshot_12_5_2015_12_0.json	1449334800.0	90.66	275	120
snapshot_12_5_2015_18_0.json	1449356400.0	90.66	275	113
snapshot_12_5_2015_6_0.json	1449313200.0	90.66	275	120
