9286408	2015-12-11T02:00:00Z	The Book of Mormon	Bass Concert Hall	Texas Austin / San Antonio|707	78701
snapshot_11_16_2015_0_0.json	1447650000.0	102.06	240.1	91
snapshot_11_17_2015_0_0.json	1447736400.0	102.06	240.1	88
snapshot_11_17_2015_12_0.json	1447779600.0	102.06	240.1	88
snapshot_11_17_2015_18_0.json	1447801200.0	102.06	222.88	90
snapshot_11_17_2015_18_0.json	1447801200.0	102.06	222.88	90
snapshot_11_17_2015_6_0.json	1447758000.0	102.06	240.1	88
snapshot_11_17_2015_6_0.json	1447758000.0	102.06	240.1	88
snapshot_11_18_2015_0_0.json	1447822800.0	102.06	222.88	90
snapshot_11_18_2015_0_0.json	1447822800.0	102.06	222.88	90
snapshot_11_18_2015_12_0.json	1447866000.0	102.06	222.88	88
snapshot_11_18_2015_12_0.json	1447866000.0	102.06	222.88	88
snapshot_11_18_2015_18_0.json	1447887600.0	102.06	222.88	88
snapshot_11_18_2015_6_0.json	1447844400.0	102.06	222.88	88
snapshot_11_18_2015_6_0.json	1447844400.0	102.06	222.88	88
snapshot_11_19_2015_0_0.json	1447909200.0	102.06	210.7	86
snapshot_11_19_2015_12_0.json	1447952400.0	102.06	210.7	86
snapshot_11_19_2015_6_0.json	1447930800.0	102.06	210.7	86
snapshot_11_20_2015_0_0.json	1447995600.0	102.06	210.7	88
snapshot_11_20_2015_0_0.json	1447995600.0	102.06	210.7	88
snapshot_11_20_2015_0_0.json	1447995600.0	102.06	210.7	88
snapshot_11_21_2015_12_0.json	1448125200.0	102.06	210.7	86
snapshot_11_21_2015_18_0.json	1448146800.0	102.06	210.7	86
snapshot_11_22_2015_0_0.json	1448168400.0	102.06	210.7	86
snapshot_11_22_2015_12_0.json	1448211600.0	102.06	210.7	86
snapshot_11_22_2015_12_0.json	1448211600.0	102.06	210.7	86
snapshot_11_22_2015_18_0.json	1448233200.0	102.06	210.7	86
snapshot_11_22_2015_18_0.json	1448233200.0	102.06	210.7	86
snapshot_11_22_2015_6_0.json	1448190000.0	102.06	210.7	86
snapshot_11_23_2015_0_0.json	1448254800.0	102.06	210.7	84
snapshot_11_23_2015_12_0.json	1448298000.0	102.06	210.7	84
snapshot_11_23_2015_6_0.json	1448276400.0	102.06	210.7	84
snapshot_11_24_2015_0_0.json	1448341200.0	102.06	210.7	75
snapshot_11_24_2015_12_0.json	1448384400.0	96.26	210.7	75
snapshot_11_24_2015_18_0.json	1448406000.0	96.26	210.7	76
snapshot_11_24_2015_6_0.json	1448362800.0	96.26	210.7	75
snapshot_11_25_2015_0_0.json	1448427600.0	85.13	210.7	74
snapshot_11_25_2015_12_0.json	1448470800.0	79.33	210.7	74
snapshot_11_25_2015_18_0.json	1448492400.0	83.97	210.7	70
snapshot_11_25_2015_6_0.json	1448449200.0	79.33	210.7	74
snapshot_11_25_2015_6_0.json	1448449200.0	79.33	210.7	74
snapshot_11_26_2015_0_0.json	1448514000.0	83.97	210.7	70
snapshot_11_27_2015_18_0.json	1448665200.0	79.33	210.7	66
snapshot_11_28_2015_0_0.json	1448686800.0	79.33	210.7	62
snapshot_11_28_2015_12_0.json	1448730000.0	82.81	210.7	60
snapshot_11_28_2015_18_0.json	1448751600.0	82.81	210.7	57
snapshot_11_29_2015_0_0.json	1448773200.0	82.81	210.7	53
snapshot_11_29_2015_12_0.json	1448816400.0	82.81	210.7	53
snapshot_11_29_2015_18_0.json	1448838000.0	82.81	210.7	53
snapshot_11_29_2015_18_0.json	1448838000.0	82.81	210.7	53
snapshot_11_29_2015_6_0.json	1448794800.0	82.81	210.7	53
snapshot_11_29_2015_6_0.json	1448794800.0	82.81	210.7	53
snapshot_11_30_2015_0_0.json	1448859600.0	82.81	210.7	51
snapshot_11_30_2015_12_0.json	1448902800.0	71.23	210.7	51
snapshot_11_30_2015_18_0.json	1448924400.0	68.91	210.7	48
snapshot_12_1_2015_0_0.json	1448946000.0	68.91	210.7	41
snapshot_12_1_2015_0_0.json	1448946000.0	68.91	210.7	41
snapshot_12_1_2015_12_0.json	1448989200.0	93.95	210.7	29
snapshot_12_1_2015_18_0.json	1449010800.0	93.95	210.7	26
snapshot_12_2_2015_0_0.json	1449032400.0	93.95	442.4	25
snapshot_12_2_2015_18_0.json	1449097200.0	99.74	442.4	22
snapshot_12_2_2015_6_0.json	1449054000.0	93.95	442.4	25
snapshot_12_3_2015_12_0.json	1449162000.0	99.74	200.9	16
snapshot_12_3_2015_6_0.json	1449140400.0	99.74	200.9	16
snapshot_12_4_2015_0_0.json	1449205200.0	177.24	200.9	14
snapshot_12_4_2015_12_0.json	1449248400.0	177.24	200.9	14
snapshot_12_4_2015_18_0.json	1449270000.0	177.24	200.9	9
snapshot_12_4_2015_6_0.json	1449226800.0	177.24	200.9	14
snapshot_12_5_2015_18_0.json	1449356400.0	177.24	200.9	9
snapshot_12_5_2015_6_0.json	1449313200.0	177.24	200.9	9
snapshot_12_5_2015_6_0.json	1449313200.0	177.24	200.9	9
9286408	2015-12-11T02:00:00Z	The Book of Mormon	Bass Concert Hall	Texas Austin / San Antonio|707	78701
snapshot_11_16_2015_0_0.json	1447650000.0	102.06	240.1	91
snapshot_11_17_2015_0_0.json	1447736400.0	102.06	240.1	88
snapshot_11_17_2015_12_0.json	1447779600.0	102.06	240.1	88
snapshot_11_17_2015_18_0.json	1447801200.0	102.06	222.88	90
snapshot_11_17_2015_18_0.json	1447801200.0	102.06	222.88	90
snapshot_11_17_2015_6_0.json	1447758000.0	102.06	240.1	88
snapshot_11_17_2015_6_0.json	1447758000.0	102.06	240.1	88
snapshot_11_18_2015_0_0.json	1447822800.0	102.06	222.88	90
snapshot_11_18_2015_0_0.json	1447822800.0	102.06	222.88	90
snapshot_11_18_2015_12_0.json	1447866000.0	102.06	222.88	88
snapshot_11_18_2015_12_0.json	1447866000.0	102.06	222.88	88
snapshot_11_18_2015_18_0.json	1447887600.0	102.06	222.88	88
snapshot_11_18_2015_6_0.json	1447844400.0	102.06	222.88	88
snapshot_11_18_2015_6_0.json	1447844400.0	102.06	222.88	88
snapshot_11_19_2015_0_0.json	1447909200.0	102.06	210.7	86
snapshot_11_19_2015_12_0.json	1447952400.0	102.06	210.7	86
snapshot_11_19_2015_6_0.json	1447930800.0	102.06	210.7	86
snapshot_11_20_2015_0_0.json	1447995600.0	102.06	210.7	88
snapshot_11_20_2015_0_0.json	1447995600.0	102.06	210.7	88
snapshot_11_20_2015_0_0.json	1447995600.0	102.06	210.7	88
snapshot_11_21_2015_12_0.json	1448125200.0	102.06	210.7	86
snapshot_11_21_2015_18_0.json	1448146800.0	102.06	210.7	86
snapshot_11_22_2015_0_0.json	1448168400.0	102.06	210.7	86
snapshot_11_22_2015_12_0.json	1448211600.0	102.06	210.7	86
snapshot_11_22_2015_12_0.json	1448211600.0	102.06	210.7	86
snapshot_11_22_2015_18_0.json	1448233200.0	102.06	210.7	86
snapshot_11_22_2015_18_0.json	1448233200.0	102.06	210.7	86
snapshot_11_22_2015_6_0.json	1448190000.0	102.06	210.7	86
snapshot_11_23_2015_0_0.json	1448254800.0	102.06	210.7	84
snapshot_11_23_2015_12_0.json	1448298000.0	102.06	210.7	84
snapshot_11_23_2015_6_0.json	1448276400.0	102.06	210.7	84
snapshot_11_24_2015_0_0.json	1448341200.0	102.06	210.7	75
snapshot_11_24_2015_12_0.json	1448384400.0	96.26	210.7	75
snapshot_11_24_2015_18_0.json	1448406000.0	96.26	210.7	76
snapshot_11_24_2015_6_0.json	1448362800.0	96.26	210.7	75
snapshot_11_25_2015_0_0.json	1448427600.0	85.13	210.7	74
snapshot_11_25_2015_12_0.json	1448470800.0	79.33	210.7	74
snapshot_11_25_2015_18_0.json	1448492400.0	83.97	210.7	70
snapshot_11_25_2015_6_0.json	1448449200.0	79.33	210.7	74
snapshot_11_25_2015_6_0.json	1448449200.0	79.33	210.7	74
snapshot_11_26_2015_0_0.json	1448514000.0	83.97	210.7	70
snapshot_11_27_2015_18_0.json	1448665200.0	79.33	210.7	66
snapshot_11_28_2015_0_0.json	1448686800.0	79.33	210.7	62
snapshot_11_28_2015_12_0.json	1448730000.0	82.81	210.7	60
snapshot_11_28_2015_18_0.json	1448751600.0	82.81	210.7	57
snapshot_11_29_2015_0_0.json	1448773200.0	82.81	210.7	53
snapshot_11_29_2015_12_0.json	1448816400.0	82.81	210.7	53
snapshot_11_29_2015_18_0.json	1448838000.0	82.81	210.7	53
snapshot_11_29_2015_18_0.json	1448838000.0	82.81	210.7	53
snapshot_11_29_2015_6_0.json	1448794800.0	82.81	210.7	53
snapshot_11_29_2015_6_0.json	1448794800.0	82.81	210.7	53
snapshot_11_30_2015_0_0.json	1448859600.0	82.81	210.7	51
snapshot_11_30_2015_12_0.json	1448902800.0	71.23	210.7	51
snapshot_11_30_2015_18_0.json	1448924400.0	68.91	210.7	48
snapshot_12_1_2015_0_0.json	1448946000.0	68.91	210.7	41
snapshot_12_1_2015_0_0.json	1448946000.0	68.91	210.7	41
snapshot_12_1_2015_12_0.json	1448989200.0	93.95	210.7	29
snapshot_12_1_2015_18_0.json	1449010800.0	93.95	210.7	26
snapshot_12_2_2015_0_0.json	1449032400.0	93.95	442.4	25
snapshot_12_2_2015_18_0.json	1449097200.0	99.74	442.4	22
snapshot_12_2_2015_6_0.json	1449054000.0	93.95	442.4	25
snapshot_12_3_2015_12_0.json	1449162000.0	99.74	200.9	16
snapshot_12_3_2015_6_0.json	1449140400.0	99.74	200.9	16
snapshot_12_4_2015_0_0.json	1449205200.0	177.24	200.9	14
snapshot_12_4_2015_12_0.json	1449248400.0	177.24	200.9	14
snapshot_12_4_2015_18_0.json	1449270000.0	177.24	200.9	9
snapshot_12_4_2015_6_0.json	1449226800.0	177.24	200.9	14
snapshot_12_5_2015_18_0.json	1449356400.0	177.24	200.9	9
snapshot_12_5_2015_6_0.json	1449313200.0	177.24	200.9	9
snapshot_12_5_2015_6_0.json	1449313200.0	177.24	200.9	9
