9286406	2015-12-14T01:30:00Z	The Book of Mormon	Bass Concert Hall	Texas Austin / San Antonio|707	78701
snapshot_11_16_2015_0_0.json	1447650000.0	76.21	210.7	184
snapshot_11_17_2015_0_0.json	1447736400.0	76.21	210.7	184
snapshot_11_17_2015_12_0.json	1447779600.0	76.21	210.7	181
snapshot_11_17_2015_18_0.json	1447801200.0	76.21	210.7	181
snapshot_11_17_2015_6_0.json	1447758000.0	76.21	210.7	181
snapshot_11_17_2015_6_0.json	1447758000.0	76.21	210.7	181
snapshot_11_18_2015_12_0.json	1447866000.0	76.21	210.7	173
snapshot_11_18_2015_12_0.json	1447866000.0	76.21	210.7	173
snapshot_11_18_2015_18_0.json	1447887600.0	76.21	210.7	173
snapshot_11_18_2015_6_0.json	1447844400.0	76.21	210.7	175
snapshot_11_18_2015_6_0.json	1447844400.0	76.21	210.7	175
snapshot_11_19_2015_0_0.json	1447909200.0	76.21	210.7	157
snapshot_11_19_2015_12_0.json	1447952400.0	76.21	210.7	153
snapshot_11_19_2015_6_0.json	1447930800.0	76.21	210.7	153
snapshot_11_20_2015_0_0.json	1447995600.0	76.21	191.1	151
snapshot_11_21_2015_12_0.json	1448125200.0	76.21	191.1	132
snapshot_11_21_2015_18_0.json	1448146800.0	76.21	191.1	132
snapshot_11_22_2015_12_0.json	1448211600.0	76.21	191.1	124
snapshot_11_22_2015_12_0.json	1448211600.0	76.21	191.1	124
snapshot_11_22_2015_18_0.json	1448233200.0	80.49	191.1	120
snapshot_11_22_2015_6_0.json	1448190000.0	76.21	191.1	124
snapshot_11_23_2015_18_0.json	1448319600.0	80.49	191.1	112
snapshot_11_23_2015_6_0.json	1448276400.0	80.49	191.1	114
snapshot_11_24_2015_0_0.json	1448341200.0	80.49	191.1	116
snapshot_11_24_2015_12_0.json	1448384400.0	80.49	191.1	112
snapshot_11_24_2015_18_0.json	1448406000.0	80.49	199.5	111
snapshot_11_24_2015_6_0.json	1448362800.0	80.49	191.1	112
snapshot_11_25_2015_0_0.json	1448427600.0	68.91	199.5	111
snapshot_11_25_2015_0_0.json	1448427600.0	68.91	199.5	111
snapshot_11_25_2015_12_0.json	1448470800.0	63.13	199.5	112
snapshot_11_25_2015_18_0.json	1448492400.0	63.13	199.5	112
snapshot_11_25_2015_18_0.json	1448492400.0	63.13	199.5	112
snapshot_11_25_2015_6_0.json	1448449200.0	63.13	199.5	112
snapshot_11_25_2015_6_0.json	1448449200.0	63.13	199.5	112
snapshot_11_26_2015_0_0.json	1448514000.0	86.28	199.5	108
snapshot_11_27_2015_18_0.json	1448665200.0	81.65	199.5	102
snapshot_11_27_2015_18_0.json	1448665200.0	81.65	199.5	102
snapshot_11_28_2015_0_0.json	1448686800.0	81.65	199.5	102
snapshot_11_28_2015_12_0.json	1448730000.0	93.22	199.5	100
snapshot_11_28_2015_18_0.json	1448751600.0	93.22	199.5	100
snapshot_11_28_2015_18_0.json	1448751600.0	93.22	199.5	100
snapshot_11_29_2015_0_0.json	1448773200.0	93.22	199.5	100
snapshot_11_29_2015_12_0.json	1448816400.0	93.22	199.5	100
snapshot_11_29_2015_18_0.json	1448838000.0	93.22	199.5	100
snapshot_11_29_2015_18_0.json	1448838000.0	93.22	199.5	100
snapshot_11_29_2015_6_0.json	1448794800.0	93.22	199.5	100
snapshot_11_29_2015_6_0.json	1448794800.0	93.22	199.5	100
snapshot_11_30_2015_18_0.json	1448924400.0	81.65	191.1	92
snapshot_12_1_2015_0_0.json	1448946000.0	81.65	191.1	93
snapshot_12_1_2015_12_0.json	1448989200.0	81.65	191.1	89
snapshot_12_1_2015_18_0.json	1449010800.0	81.65	191.1	87
snapshot_12_1_2015_18_0.json	1449010800.0	81.65	191.1	87
snapshot_12_1_2015_6_0.json	1448967600.0	81.65	191.1	89
snapshot_12_2_2015_0_0.json	1449032400.0	78.55	191.1	75
snapshot_12_2_2015_0_0.json	1449032400.0	78.55	191.1	75
snapshot_12_2_2015_18_0.json	1449097200.0	81.3	181.3	62
snapshot_12_2_2015_6_0.json	1449054000.0	81.3	191.1	71
snapshot_12_3_2015_0_0.json	1449118800.0	87.15	181.3	62
snapshot_12_3_2015_12_0.json	1449162000.0	87.15	181.3	62
snapshot_12_3_2015_18_0.json	1449183600.0	87.15	181.3	62
snapshot_12_3_2015_6_0.json	1449140400.0	87.15	181.3	62
snapshot_12_4_2015_0_0.json	1449205200.0	87.15	181.3	62
snapshot_12_4_2015_12_0.json	1449248400.0	87.15	181.3	58
snapshot_12_4_2015_18_0.json	1449270000.0	93	181.3	56
snapshot_12_4_2015_6_0.json	1449226800.0	87.15	181.3	58
snapshot_12_5_2015_12_0.json	1449334800.0	113.63	181.3	43
snapshot_12_5_2015_18_0.json	1449356400.0	113.63	181.3	42
snapshot_12_5_2015_6_0.json	1449313200.0	113.63	181.3	43
snapshot_12_5_2015_6_0.json	1449313200.0	113.63	181.3	43
9286406	2015-12-14T01:30:00Z	The Book of Mormon	Bass Concert Hall	Texas Austin / San Antonio|707	78701
snapshot_11_16_2015_0_0.json	1447650000.0	76.21	210.7	184
snapshot_11_17_2015_0_0.json	1447736400.0	76.21	210.7	184
snapshot_11_17_2015_12_0.json	1447779600.0	76.21	210.7	181
snapshot_11_17_2015_18_0.json	1447801200.0	76.21	210.7	181
snapshot_11_17_2015_6_0.json	1447758000.0	76.21	210.7	181
snapshot_11_17_2015_6_0.json	1447758000.0	76.21	210.7	181
snapshot_11_18_2015_12_0.json	1447866000.0	76.21	210.7	173
snapshot_11_18_2015_12_0.json	1447866000.0	76.21	210.7	173
snapshot_11_18_2015_18_0.json	1447887600.0	76.21	210.7	173
snapshot_11_18_2015_6_0.json	1447844400.0	76.21	210.7	175
snapshot_11_18_2015_6_0.json	1447844400.0	76.21	210.7	175
snapshot_11_19_2015_0_0.json	1447909200.0	76.21	210.7	157
snapshot_11_19_2015_12_0.json	1447952400.0	76.21	210.7	153
snapshot_11_19_2015_6_0.json	1447930800.0	76.21	210.7	153
snapshot_11_20_2015_0_0.json	1447995600.0	76.21	191.1	151
snapshot_11_21_2015_12_0.json	1448125200.0	76.21	191.1	132
snapshot_11_21_2015_18_0.json	1448146800.0	76.21	191.1	132
snapshot_11_22_2015_12_0.json	1448211600.0	76.21	191.1	124
snapshot_11_22_2015_12_0.json	1448211600.0	76.21	191.1	124
snapshot_11_22_2015_18_0.json	1448233200.0	80.49	191.1	120
snapshot_11_22_2015_6_0.json	1448190000.0	76.21	191.1	124
snapshot_11_23_2015_18_0.json	1448319600.0	80.49	191.1	112
snapshot_11_23_2015_6_0.json	1448276400.0	80.49	191.1	114
snapshot_11_24_2015_0_0.json	1448341200.0	80.49	191.1	116
snapshot_11_24_2015_12_0.json	1448384400.0	80.49	191.1	112
snapshot_11_24_2015_18_0.json	1448406000.0	80.49	199.5	111
snapshot_11_24_2015_6_0.json	1448362800.0	80.49	191.1	112
snapshot_11_25_2015_0_0.json	1448427600.0	68.91	199.5	111
snapshot_11_25_2015_0_0.json	1448427600.0	68.91	199.5	111
snapshot_11_25_2015_12_0.json	1448470800.0	63.13	199.5	112
snapshot_11_25_2015_18_0.json	1448492400.0	63.13	199.5	112
snapshot_11_25_2015_18_0.json	1448492400.0	63.13	199.5	112
snapshot_11_25_2015_6_0.json	1448449200.0	63.13	199.5	112
snapshot_11_25_2015_6_0.json	1448449200.0	63.13	199.5	112
snapshot_11_26_2015_0_0.json	1448514000.0	86.28	199.5	108
snapshot_11_27_2015_18_0.json	1448665200.0	81.65	199.5	102
snapshot_11_27_2015_18_0.json	1448665200.0	81.65	199.5	102
snapshot_11_28_2015_0_0.json	1448686800.0	81.65	199.5	102
snapshot_11_28_2015_12_0.json	1448730000.0	93.22	199.5	100
snapshot_11_28_2015_18_0.json	1448751600.0	93.22	199.5	100
snapshot_11_28_2015_18_0.json	1448751600.0	93.22	199.5	100
snapshot_11_29_2015_0_0.json	1448773200.0	93.22	199.5	100
snapshot_11_29_2015_12_0.json	1448816400.0	93.22	199.5	100
snapshot_11_29_2015_18_0.json	1448838000.0	93.22	199.5	100
snapshot_11_29_2015_18_0.json	1448838000.0	93.22	199.5	100
snapshot_11_29_2015_6_0.json	1448794800.0	93.22	199.5	100
snapshot_11_29_2015_6_0.json	1448794800.0	93.22	199.5	100
snapshot_11_30_2015_18_0.json	1448924400.0	81.65	191.1	92
snapshot_12_1_2015_0_0.json	1448946000.0	81.65	191.1	93
snapshot_12_1_2015_12_0.json	1448989200.0	81.65	191.1	89
snapshot_12_1_2015_18_0.json	1449010800.0	81.65	191.1	87
snapshot_12_1_2015_18_0.json	1449010800.0	81.65	191.1	87
snapshot_12_1_2015_6_0.json	1448967600.0	81.65	191.1	89
snapshot_12_2_2015_0_0.json	1449032400.0	78.55	191.1	75
snapshot_12_2_2015_0_0.json	1449032400.0	78.55	191.1	75
snapshot_12_2_2015_18_0.json	1449097200.0	81.3	181.3	62
snapshot_12_2_2015_6_0.json	1449054000.0	81.3	191.1	71
snapshot_12_3_2015_0_0.json	1449118800.0	87.15	181.3	62
snapshot_12_3_2015_12_0.json	1449162000.0	87.15	181.3	62
snapshot_12_3_2015_18_0.json	1449183600.0	87.15	181.3	62
snapshot_12_3_2015_6_0.json	1449140400.0	87.15	181.3	62
snapshot_12_4_2015_0_0.json	1449205200.0	87.15	181.3	62
snapshot_12_4_2015_12_0.json	1449248400.0	87.15	181.3	58
snapshot_12_4_2015_18_0.json	1449270000.0	93	181.3	56
snapshot_12_4_2015_6_0.json	1449226800.0	87.15	181.3	58
snapshot_12_5_2015_12_0.json	1449334800.0	113.63	181.3	43
snapshot_12_5_2015_18_0.json	1449356400.0	113.63	181.3	42
snapshot_12_5_2015_6_0.json	1449313200.0	113.63	181.3	43
snapshot_12_5_2015_6_0.json	1449313200.0	113.63	181.3	43
