9287811	2015-12-12T20:01:00Z	PARKING PASSES ONLY Army vs Navy	Lincoln Financial Field Parking Lots	Pennsylvania Philadelphia|522	19148
snapshot_11_16_2015_0_0.json	1447650000.0	107.41	174	28
snapshot_11_16_2015_0_0.json	1447650000.0	107.41	174	28
snapshot_11_17_2015_12_0.json	1447779600.0	107.8	174	4
snapshot_11_17_2015_18_0.json	1447801200.0	93.41	174	6
snapshot_11_18_2015_0_0.json	1447822800.0	70.36	174	6
snapshot_11_18_2015_0_0.json	1447822800.0	70.36	174	6
snapshot_11_18_2015_12_0.json	1447866000.0	70.36	220	9
snapshot_11_18_2015_18_0.json	1447887600.0	70.36	220	9
snapshot_11_19_2015_0_0.json	1447909200.0	70.36	220	10
snapshot_11_19_2015_12_0.json	1447952400.0	72.69	250	15
snapshot_11_19_2015_6_0.json	1447930800.0	72.69	195	11
snapshot_11_20_2015_0_0.json	1447995600.0	72.69	250	17
snapshot_11_20_2015_12_0.json	1448038800.0	72.7	250	20
snapshot_11_21_2015_12_0.json	1448125200.0	103	250	19
snapshot_11_21_2015_18_0.json	1448146800.0	102.98	250	18
snapshot_11_22_2015_0_0.json	1448168400.0	102.98	250	18
snapshot_11_22_2015_12_0.json	1448211600.0	84.4	250	18
snapshot_11_22_2015_6_0.json	1448190000.0	84.4	250	18
snapshot_11_23_2015_0_0.json	1448254800.0	84.4	250	18
snapshot_11_23_2015_0_0.json	1448254800.0	84.4	250	18
snapshot_11_23_2015_18_0.json	1448319600.0	101.94	250	18
snapshot_11_24_2015_0_0.json	1448341200.0	101.6	250	23
snapshot_11_24_2015_12_0.json	1448384400.0	101.48	250	22
snapshot_11_24_2015_18_0.json	1448406000.0	101.35	250	20
snapshot_11_24_2015_6_0.json	1448362800.0	101.48	250	22
snapshot_11_25_2015_12_0.json	1448470800.0	101.27	250	18
snapshot_11_25_2015_18_0.json	1448492400.0	119.5	250	16
snapshot_11_27_2015_18_0.json	1448665200.0	116.69	250	18
snapshot_11_28_2015_0_0.json	1448686800.0	116.63	250	16
snapshot_11_28_2015_12_0.json	1448730000.0	116.46	250	18
snapshot_11_28_2015_18_0.json	1448751600.0	116.4	250	17
snapshot_11_29_2015_0_0.json	1448773200.0	115.93	250	16
snapshot_11_29_2015_12_0.json	1448816400.0	90.02	250	19
snapshot_11_29_2015_18_0.json	1448838000.0	84.34	250	28
snapshot_11_29_2015_6_0.json	1448794800.0	90.19	250	19
snapshot_11_29_2015_6_0.json	1448794800.0	90.19	250	19
snapshot_11_30_2015_12_0.json	1448902800.0	89.08	250	30
snapshot_11_30_2015_18_0.json	1448924400.0	89.08	250	28
snapshot_12_1_2015_0_0.json	1448946000.0	88.38	250	28
snapshot_12_1_2015_12_0.json	1448989200.0	87.33	250	25
snapshot_12_1_2015_18_0.json	1449010800.0	86.97	250	26
snapshot_12_2_2015_12_0.json	1449075600.0	87.01	250	25
snapshot_12_2_2015_18_0.json	1449097200.0	83.77	250	26
snapshot_12_2_2015_6_0.json	1449054000.0	84.4	250	26
snapshot_12_2_2015_6_0.json	1449054000.0	84.4	250	26
snapshot_12_3_2015_12_0.json	1449162000.0	81.38	250	29
snapshot_12_3_2015_18_0.json	1449183600.0	81.31	250	30
snapshot_12_3_2015_18_0.json	1449183600.0	81.31	250	29
snapshot_12_3_2015_6_0.json	1449140400.0	81.39	250	29
snapshot_12_4_2015_0_0.json	1449205200.0	77.33	250	33
snapshot_12_4_2015_12_0.json	1449248400.0	76.76	215	31
snapshot_12_4_2015_12_0.json	1449248400.0	76.76	215	31
snapshot_12_4_2015_18_0.json	1449270000.0	75.91	215	35
snapshot_12_4_2015_18_0.json	1449270000.0	75.91	215	35
snapshot_12_4_2015_6_0.json	1449226800.0	76.76	215	31
snapshot_12_5_2015_0_0.json	1449291600.0	66.85	215	31
snapshot_12_5_2015_12_0.json	1449334800.0	62.99	215	30
snapshot_12_5_2015_18_0.json	1449356400.0	62.99	215	29
snapshot_12_5_2015_6_0.json	1449313200.0	62.99	215	29
9287811	2015-12-12T20:01:00Z	PARKING PASSES ONLY Army vs Navy	Lincoln Financial Field Parking Lots	Pennsylvania Philadelphia|522	19148
snapshot_11_16_2015_0_0.json	1447650000.0	107.41	174	28
snapshot_11_16_2015_0_0.json	1447650000.0	107.41	174	28
snapshot_11_17_2015_12_0.json	1447779600.0	107.8	174	4
snapshot_11_17_2015_18_0.json	1447801200.0	93.41	174	6
snapshot_11_18_2015_0_0.json	1447822800.0	70.36	174	6
snapshot_11_18_2015_0_0.json	1447822800.0	70.36	174	6
snapshot_11_18_2015_12_0.json	1447866000.0	70.36	220	9
snapshot_11_18_2015_18_0.json	1447887600.0	70.36	220	9
snapshot_11_19_2015_0_0.json	1447909200.0	70.36	220	10
snapshot_11_19_2015_12_0.json	1447952400.0	72.69	250	15
snapshot_11_19_2015_6_0.json	1447930800.0	72.69	195	11
snapshot_11_20_2015_0_0.json	1447995600.0	72.69	250	17
snapshot_11_20_2015_12_0.json	1448038800.0	72.7	250	20
snapshot_11_21_2015_12_0.json	1448125200.0	103	250	19
snapshot_11_21_2015_18_0.json	1448146800.0	102.98	250	18
snapshot_11_22_2015_0_0.json	1448168400.0	102.98	250	18
snapshot_11_22_2015_12_0.json	1448211600.0	84.4	250	18
snapshot_11_22_2015_6_0.json	1448190000.0	84.4	250	18
snapshot_11_23_2015_0_0.json	1448254800.0	84.4	250	18
snapshot_11_23_2015_0_0.json	1448254800.0	84.4	250	18
snapshot_11_23_2015_18_0.json	1448319600.0	101.94	250	18
snapshot_11_24_2015_0_0.json	1448341200.0	101.6	250	23
snapshot_11_24_2015_12_0.json	1448384400.0	101.48	250	22
snapshot_11_24_2015_18_0.json	1448406000.0	101.35	250	20
snapshot_11_24_2015_6_0.json	1448362800.0	101.48	250	22
snapshot_11_25_2015_12_0.json	1448470800.0	101.27	250	18
snapshot_11_25_2015_18_0.json	1448492400.0	119.5	250	16
snapshot_11_27_2015_18_0.json	1448665200.0	116.69	250	18
snapshot_11_28_2015_0_0.json	1448686800.0	116.63	250	16
snapshot_11_28_2015_12_0.json	1448730000.0	116.46	250	18
snapshot_11_28_2015_18_0.json	1448751600.0	116.4	250	17
snapshot_11_29_2015_0_0.json	1448773200.0	115.93	250	16
snapshot_11_29_2015_12_0.json	1448816400.0	90.02	250	19
snapshot_11_29_2015_18_0.json	1448838000.0	84.34	250	28
snapshot_11_29_2015_6_0.json	1448794800.0	90.19	250	19
snapshot_11_29_2015_6_0.json	1448794800.0	90.19	250	19
snapshot_11_30_2015_12_0.json	1448902800.0	89.08	250	30
snapshot_11_30_2015_18_0.json	1448924400.0	89.08	250	28
snapshot_12_1_2015_0_0.json	1448946000.0	88.38	250	28
snapshot_12_1_2015_12_0.json	1448989200.0	87.33	250	25
snapshot_12_1_2015_18_0.json	1449010800.0	86.97	250	26
snapshot_12_2_2015_12_0.json	1449075600.0	87.01	250	25
snapshot_12_2_2015_18_0.json	1449097200.0	83.77	250	26
snapshot_12_2_2015_6_0.json	1449054000.0	84.4	250	26
snapshot_12_2_2015_6_0.json	1449054000.0	84.4	250	26
snapshot_12_3_2015_12_0.json	1449162000.0	81.38	250	29
snapshot_12_3_2015_18_0.json	1449183600.0	81.31	250	30
snapshot_12_3_2015_18_0.json	1449183600.0	81.31	250	29
snapshot_12_3_2015_6_0.json	1449140400.0	81.39	250	29
snapshot_12_4_2015_0_0.json	1449205200.0	77.33	250	33
snapshot_12_4_2015_12_0.json	1449248400.0	76.76	215	31
snapshot_12_4_2015_12_0.json	1449248400.0	76.76	215	31
snapshot_12_4_2015_18_0.json	1449270000.0	75.91	215	35
snapshot_12_4_2015_18_0.json	1449270000.0	75.91	215	35
snapshot_12_4_2015_6_0.json	1449226800.0	76.76	215	31
snapshot_12_5_2015_0_0.json	1449291600.0	66.85	215	31
snapshot_12_5_2015_12_0.json	1449334800.0	62.99	215	30
snapshot_12_5_2015_18_0.json	1449356400.0	62.99	215	29
snapshot_12_5_2015_6_0.json	1449313200.0	62.99	215	29
