9287810	2015-12-12T20:00:00Z	Army Black Knights	Lincoln Financial Field	Pennsylvania Philadelphia|522	19148
snapshot_11_16_2015_0_0.json	1447650000.0	128.1	20000	2378
snapshot_11_17_2015_0_0.json	1447736400.0	130.03	20000	2339
snapshot_11_17_2015_12_0.json	1447779600.0	130.03	20000	2352
snapshot_11_17_2015_18_0.json	1447801200.0	130.03	20000	2332
snapshot_11_17_2015_6_0.json	1447758000.0	130.03	20000	2352
snapshot_11_18_2015_0_0.json	1447822800.0	130.03	19444.44	2407
snapshot_11_18_2015_12_0.json	1447866000.0	126.93	19444.44	2423
snapshot_11_18_2015_18_0.json	1447887600.0	126.93	19444.44	2425
snapshot_11_18_2015_6_0.json	1447844400.0	126.93	19444.44	2419
snapshot_11_19_2015_0_0.json	1447909200.0	125.76	19444.44	2670
snapshot_11_19_2015_12_0.json	1447952400.0	125.76	19444.44	2701
snapshot_11_19_2015_6_0.json	1447930800.0	125.76	19444.44	2692
snapshot_11_19_2015_6_0.json	1447930800.0	125.76	19444.44	2692
snapshot_11_20_2015_0_0.json	1447995600.0	125.76	19444.44	2779
snapshot_11_20_2015_12_0.json	1448038800.0	125.76	17777.78	2674
snapshot_11_21_2015_12_0.json	1448125200.0	112.48	17777.78	2734
snapshot_11_21_2015_18_0.json	1448146800.0	101.95	17777.78	2714
snapshot_11_22_2015_0_0.json	1448168400.0	115.23	17777.78	2689
snapshot_11_22_2015_12_0.json	1448211600.0	115.23	17777.78	2674
snapshot_11_22_2015_18_0.json	1448233200.0	115.23	17777.78	2663
snapshot_11_22_2015_6_0.json	1448190000.0	115.23	17777.78	2682
snapshot_11_23_2015_0_0.json	1448254800.0	115.23	17777.78	2617
snapshot_11_23_2015_12_0.json	1448298000.0	115.23	17777.78	2608
snapshot_11_23_2015_18_0.json	1448319600.0	115.23	17777.78	2649
snapshot_11_23_2015_6_0.json	1448276400.0	115.23	17777.78	2600
snapshot_11_24_2015_0_0.json	1448341200.0	115.23	17777.78	2634
snapshot_11_24_2015_12_0.json	1448384400.0	115.23	17777.78	2609
snapshot_11_24_2015_18_0.json	1448406000.0	113.65	17777.78	2589
snapshot_11_24_2015_6_0.json	1448362800.0	115.23	17777.78	2609
snapshot_11_25_2015_0_0.json	1448427600.0	112.48	17777.78	2563
snapshot_11_25_2015_12_0.json	1448470800.0	112.48	17777.78	2551
snapshot_11_25_2015_18_0.json	1448492400.0	113.65	17777.78	2476
snapshot_11_26_2015_0_0.json	1448514000.0	113.65	17777.78	2450
snapshot_11_27_2015_18_0.json	1448665200.0	113.65	16666.67	2360
snapshot_11_28_2015_0_0.json	1448686800.0	116.4	16666.67	2402
snapshot_11_28_2015_12_0.json	1448730000.0	116.4	16666.67	2402
snapshot_11_28_2015_18_0.json	1448751600.0	116.4	16666.67	2431
snapshot_11_28_2015_6_0.json	1448708400.0	116.4	16666.67	2402
snapshot_11_29_2015_0_0.json	1448773200.0	115.22	16666.67	2410
snapshot_11_29_2015_12_0.json	1448816400.0	115.22	16666.67	2397
snapshot_11_29_2015_18_0.json	1448838000.0	113.55	16666.67	2368
snapshot_11_29_2015_6_0.json	1448794800.0	115.22	16666.67	2397
snapshot_11_29_2015_6_0.json	1448794800.0	115.22	16666.67	2397
snapshot_11_30_2015_0_0.json	1448859600.0	113.55	16666.67	2360
snapshot_11_30_2015_12_0.json	1448902800.0	110.55	16666.67	2352
snapshot_11_30_2015_18_0.json	1448924400.0	110.55	16666.67	2327
snapshot_11_30_2015_6_0.json	1448881200.0	110.55	16666.67	2363
snapshot_12_1_2015_0_0.json	1448946000.0	110.55	1200	2331
snapshot_12_1_2015_12_0.json	1448989200.0	113.65	3149.99	2330
snapshot_12_1_2015_18_0.json	1449010800.0	106.63	3149.99	2261
snapshot_12_1_2015_6_0.json	1448967600.0	113.65	1200	2314
snapshot_12_2_2015_0_0.json	1449032400.0	110.55	3149.99	2229
snapshot_12_2_2015_12_0.json	1449075600.0	98.85	3149.99	2256
snapshot_12_2_2015_18_0.json	1449097200.0	104.7	3149.99	2230
snapshot_12_2_2015_6_0.json	1449054000.0	98.85	3149.99	2265
snapshot_12_3_2015_0_0.json	1449118800.0	106.69	3149.99	2184
snapshot_12_3_2015_12_0.json	1449162000.0	106.69	3149.99	2117
snapshot_12_3_2015_18_0.json	1449183600.0	104.7	3149.99	2106
snapshot_12_3_2015_6_0.json	1449140400.0	106.69	3149.99	2117
snapshot_12_4_2015_0_0.json	1449205200.0	104.7	3149.99	2134
snapshot_12_4_2015_12_0.json	1449248400.0	107.04	3149.99	2099
snapshot_12_4_2015_18_0.json	1449270000.0	104.7	3149.99	1988
snapshot_12_4_2015_6_0.json	1449226800.0	107.04	3149.99	2104
snapshot_12_5_2015_0_0.json	1449291600.0	104.7	5150	1983
snapshot_12_5_2015_12_0.json	1449334800.0	102.36	3149.99	1972
snapshot_12_5_2015_18_0.json	1449356400.0	101.95	3149.99	1892
snapshot_12_5_2015_6_0.json	1449313200.0	102.36	3149.99	1980
9287810	2015-12-12T20:00:00Z	Army Black Knights	Lincoln Financial Field	Pennsylvania Philadelphia|522	19148
snapshot_11_16_2015_0_0.json	1447650000.0	128.1	20000	2378
snapshot_11_17_2015_0_0.json	1447736400.0	130.03	20000	2339
snapshot_11_17_2015_12_0.json	1447779600.0	130.03	20000	2352
snapshot_11_17_2015_18_0.json	1447801200.0	130.03	20000	2332
snapshot_11_17_2015_6_0.json	1447758000.0	130.03	20000	2352
snapshot_11_18_2015_0_0.json	1447822800.0	130.03	19444.44	2407
snapshot_11_18_2015_12_0.json	1447866000.0	126.93	19444.44	2423
snapshot_11_18_2015_18_0.json	1447887600.0	126.93	19444.44	2425
snapshot_11_18_2015_6_0.json	1447844400.0	126.93	19444.44	2419
snapshot_11_19_2015_0_0.json	1447909200.0	125.76	19444.44	2670
snapshot_11_19_2015_12_0.json	1447952400.0	125.76	19444.44	2701
snapshot_11_19_2015_6_0.json	1447930800.0	125.76	19444.44	2692
snapshot_11_19_2015_6_0.json	1447930800.0	125.76	19444.44	2692
snapshot_11_20_2015_0_0.json	1447995600.0	125.76	19444.44	2779
snapshot_11_20_2015_12_0.json	1448038800.0	125.76	17777.78	2674
snapshot_11_21_2015_12_0.json	1448125200.0	112.48	17777.78	2734
snapshot_11_21_2015_18_0.json	1448146800.0	101.95	17777.78	2714
snapshot_11_22_2015_0_0.json	1448168400.0	115.23	17777.78	2689
snapshot_11_22_2015_12_0.json	1448211600.0	115.23	17777.78	2674
snapshot_11_22_2015_18_0.json	1448233200.0	115.23	17777.78	2663
snapshot_11_22_2015_6_0.json	1448190000.0	115.23	17777.78	2682
snapshot_11_23_2015_0_0.json	1448254800.0	115.23	17777.78	2617
snapshot_11_23_2015_12_0.json	1448298000.0	115.23	17777.78	2608
snapshot_11_23_2015_18_0.json	1448319600.0	115.23	17777.78	2649
snapshot_11_23_2015_6_0.json	1448276400.0	115.23	17777.78	2600
snapshot_11_24_2015_0_0.json	1448341200.0	115.23	17777.78	2634
snapshot_11_24_2015_12_0.json	1448384400.0	115.23	17777.78	2609
snapshot_11_24_2015_18_0.json	1448406000.0	113.65	17777.78	2589
snapshot_11_24_2015_6_0.json	1448362800.0	115.23	17777.78	2609
snapshot_11_25_2015_0_0.json	1448427600.0	112.48	17777.78	2563
snapshot_11_25_2015_12_0.json	1448470800.0	112.48	17777.78	2551
snapshot_11_25_2015_18_0.json	1448492400.0	113.65	17777.78	2476
snapshot_11_26_2015_0_0.json	1448514000.0	113.65	17777.78	2450
snapshot_11_27_2015_18_0.json	1448665200.0	113.65	16666.67	2360
snapshot_11_28_2015_0_0.json	1448686800.0	116.4	16666.67	2402
snapshot_11_28_2015_12_0.json	1448730000.0	116.4	16666.67	2402
snapshot_11_28_2015_18_0.json	1448751600.0	116.4	16666.67	2431
snapshot_11_28_2015_6_0.json	1448708400.0	116.4	16666.67	2402
snapshot_11_29_2015_0_0.json	1448773200.0	115.22	16666.67	2410
snapshot_11_29_2015_12_0.json	1448816400.0	115.22	16666.67	2397
snapshot_11_29_2015_18_0.json	1448838000.0	113.55	16666.67	2368
snapshot_11_29_2015_6_0.json	1448794800.0	115.22	16666.67	2397
snapshot_11_29_2015_6_0.json	1448794800.0	115.22	16666.67	2397
snapshot_11_30_2015_0_0.json	1448859600.0	113.55	16666.67	2360
snapshot_11_30_2015_12_0.json	1448902800.0	110.55	16666.67	2352
snapshot_11_30_2015_18_0.json	1448924400.0	110.55	16666.67	2327
snapshot_11_30_2015_6_0.json	1448881200.0	110.55	16666.67	2363
snapshot_12_1_2015_0_0.json	1448946000.0	110.55	1200	2331
snapshot_12_1_2015_12_0.json	1448989200.0	113.65	3149.99	2330
snapshot_12_1_2015_18_0.json	1449010800.0	106.63	3149.99	2261
snapshot_12_1_2015_6_0.json	1448967600.0	113.65	1200	2314
snapshot_12_2_2015_0_0.json	1449032400.0	110.55	3149.99	2229
snapshot_12_2_2015_12_0.json	1449075600.0	98.85	3149.99	2256
snapshot_12_2_2015_18_0.json	1449097200.0	104.7	3149.99	2230
snapshot_12_2_2015_6_0.json	1449054000.0	98.85	3149.99	2265
snapshot_12_3_2015_0_0.json	1449118800.0	106.69	3149.99	2184
snapshot_12_3_2015_12_0.json	1449162000.0	106.69	3149.99	2117
snapshot_12_3_2015_18_0.json	1449183600.0	104.7	3149.99	2106
snapshot_12_3_2015_6_0.json	1449140400.0	106.69	3149.99	2117
snapshot_12_4_2015_0_0.json	1449205200.0	104.7	3149.99	2134
snapshot_12_4_2015_12_0.json	1449248400.0	107.04	3149.99	2099
snapshot_12_4_2015_18_0.json	1449270000.0	104.7	3149.99	1988
snapshot_12_4_2015_6_0.json	1449226800.0	107.04	3149.99	2104
snapshot_12_5_2015_0_0.json	1449291600.0	104.7	5150	1983
snapshot_12_5_2015_12_0.json	1449334800.0	102.36	3149.99	1972
snapshot_12_5_2015_18_0.json	1449356400.0	101.95	3149.99	1892
snapshot_12_5_2015_6_0.json	1449313200.0	102.36	3149.99	1980
