9287356	2015-11-21T17:31:00Z	PARKING PASSES ONLY Rutgers at Army	Michie Stadium Parking Lots	New York New York Metro|664	10996
snapshot_11_16_2015_0_0.json	1447650000.0	93	75	1
snapshot_11_17_2015_0_0.json	1447736400.0	0	0	0
snapshot_11_17_2015_12_0.json	1447779600.0	54.98	42.5	3
snapshot_11_17_2015_18_0.json	1447801200.0	54.98	42.5	3
snapshot_11_17_2015_18_0.json	1447801200.0	54.98	42.5	3
snapshot_11_17_2015_6_0.json	1447758000.0	54.98	60	4
snapshot_11_18_2015_0_0.json	1447822800.0	34.49	41	8
snapshot_11_18_2015_18_0.json	1447887600.0	34.49	32	5
snapshot_11_19_2015_0_0.json	1447909200.0	0	0	0
snapshot_11_19_2015_12_0.json	1447952400.0	0	0	0
snapshot_11_19_2015_18_0.json	1447974000.0	0	0	0
snapshot_11_19_2015_6_0.json	1447930800.0	0	0	0
snapshot_11_20_2015_0_0.json	1447995600.0	0	0	0
snapshot_11_21_2015_12_0.json	1448125200.0	0	0	0
snapshot_11_21_2015_18_0.json	1448146800.0	0	0	0
snapshot_11_22_2015_0_0.json	1448168400.0	0	0	0
snapshot_11_22_2015_12_0.json	1448211600.0	0	0	0
snapshot_11_22_2015_6_0.json	1448190000.0	0	0	0
snapshot_11_23_2015_0_0.json	1448254800.0	0	0	0
snapshot_11_23_2015_6_0.json	1448276400.0	0	0	0
snapshot_11_23_2015_6_0.json	1448276400.0	0	0	0
9287356	2015-11-21T17:31:00Z	PARKING PASSES ONLY Rutgers at Army	Michie Stadium Parking Lots	New York New York Metro|664	10996
snapshot_11_16_2015_0_0.json	1447650000.0	93	75	1
snapshot_11_17_2015_0_0.json	1447736400.0	0	0	0
snapshot_11_17_2015_12_0.json	1447779600.0	54.98	42.5	3
snapshot_11_17_2015_18_0.json	1447801200.0	54.98	42.5	3
snapshot_11_17_2015_18_0.json	1447801200.0	54.98	42.5	3
snapshot_11_17_2015_6_0.json	1447758000.0	54.98	60	4
snapshot_11_18_2015_0_0.json	1447822800.0	34.49	41	8
snapshot_11_18_2015_18_0.json	1447887600.0	34.49	32	5
snapshot_11_19_2015_0_0.json	1447909200.0	0	0	0
snapshot_11_19_2015_12_0.json	1447952400.0	0	0	0
snapshot_11_19_2015_18_0.json	1447974000.0	0	0	0
snapshot_11_19_2015_6_0.json	1447930800.0	0	0	0
snapshot_11_20_2015_0_0.json	1447995600.0	0	0	0
snapshot_11_21_2015_12_0.json	1448125200.0	0	0	0
snapshot_11_21_2015_18_0.json	1448146800.0	0	0	0
snapshot_11_22_2015_0_0.json	1448168400.0	0	0	0
snapshot_11_22_2015_12_0.json	1448211600.0	0	0	0
snapshot_11_22_2015_6_0.json	1448190000.0	0	0	0
snapshot_11_23_2015_0_0.json	1448254800.0	0	0	0
snapshot_11_23_2015_6_0.json	1448276400.0	0	0	0
snapshot_11_23_2015_6_0.json	1448276400.0	0	0	0
