9288673	2015-12-03T05:30:00Z	Cirque du Soleil Ka	Ka Theatre at MGM Grand Hotel	Nevada Las Vegas|689	89109
snapshot_11_16_2015_0_0.json	1447650000.0	139.16	285	78
snapshot_11_16_2015_0_0.json	1447650000.0	139.16	285	78
snapshot_11_17_2015_0_0.json	1447736400.0	139.16	285	78
snapshot_11_17_2015_12_0.json	1447779600.0	139.16	285	78
snapshot_11_17_2015_18_0.json	1447801200.0	139.16	285	78
snapshot_11_17_2015_18_0.json	1447801200.0	139.16	285	78
snapshot_11_17_2015_6_0.json	1447758000.0	139.16	285	78
snapshot_11_18_2015_18_0.json	1447887600.0	139.16	285	78
snapshot_11_18_2015_6_0.json	1447844400.0	139.16	285	78
snapshot_11_19_2015_0_0.json	1447909200.0	139.16	285	78
snapshot_11_19_2015_12_0.json	1447952400.0	139.16	285	78
snapshot_11_19_2015_6_0.json	1447930800.0	139.16	285	78
snapshot_11_20_2015_0_0.json	1447995600.0	139.16	285	78
snapshot_11_20_2015_12_0.json	1448038800.0	139.16	285	78
snapshot_11_21_2015_18_0.json	1448146800.0	163.2	315	61
snapshot_11_22_2015_0_0.json	1448168400.0	163.2	315	61
snapshot_11_22_2015_0_0.json	1448168400.0	163.2	315	61
snapshot_11_22_2015_12_0.json	1448211600.0	163.2	315	61
snapshot_11_22_2015_18_0.json	1448233200.0	163.2	315	61
snapshot_11_22_2015_18_0.json	1448233200.0	163.2	315	61
snapshot_11_22_2015_6_0.json	1448190000.0	163.2	315	61
snapshot_11_23_2015_0_0.json	1448254800.0	163.2	315	61
snapshot_11_23_2015_6_0.json	1448276400.0	163.2	315	61
snapshot_11_23_2015_6_0.json	1448276400.0	163.2	315	61
snapshot_11_24_2015_0_0.json	1448341200.0	163.2	315	61
snapshot_11_24_2015_18_0.json	1448406000.0	163.2	315	61
snapshot_11_25_2015_0_0.json	1448427600.0	163.2	315	61
snapshot_11_25_2015_0_0.json	1448427600.0	163.2	315	61
snapshot_11_25_2015_12_0.json	1448470800.0	163.2	315	61
snapshot_11_25_2015_18_0.json	1448492400.0	163.2	315	61
snapshot_11_25_2015_6_0.json	1448449200.0	163.2	315	61
snapshot_11_26_2015_0_0.json	1448514000.0	163.2	315	61
snapshot_11_26_2015_0_0.json	1448514000.0	163.2	315	61
snapshot_11_27_2015_18_0.json	1448665200.0	163.2	315	61
snapshot_11_28_2015_0_0.json	1448686800.0	163.2	315	61
snapshot_11_28_2015_12_0.json	1448730000.0	163.2	315	61
snapshot_11_28_2015_18_0.json	1448751600.0	163.2	315	61
snapshot_11_28_2015_6_0.json	1448708400.0	163.2	315	61
snapshot_11_29_2015_0_0.json	1448773200.0	163.2	315	61
snapshot_11_29_2015_0_0.json	1448773200.0	163.2	315	61
snapshot_11_29_2015_12_0.json	1448816400.0	163.2	315	61
snapshot_11_29_2015_18_0.json	1448838000.0	163.2	315	61
snapshot_11_30_2015_18_0.json	1448924400.0	163.2	236	32
snapshot_12_1_2015_0_0.json	1448946000.0	163.2	236	32
snapshot_12_1_2015_12_0.json	1448989200.0	163.2	216	24
snapshot_12_1_2015_18_0.json	1449010800.0	163.2	216	24
snapshot_12_1_2015_6_0.json	1448967600.0	163.2	216	24
snapshot_12_2_2015_12_0.json	1449075600.0	163.2	202	16
snapshot_12_2_2015_18_0.json	1449097200.0	163.2	202	16
snapshot_12_2_2015_6_0.json	1449054000.0	163.2	202	16
snapshot_12_3_2015_0_0.json	1449118800.0	0	0	0
snapshot_12_3_2015_12_0.json	1449162000.0	0	0	0
snapshot_12_3_2015_18_0.json	1449183600.0	0	0	0
snapshot_12_3_2015_6_0.json	1449140400.0	0	0	0
snapshot_12_4_2015_0_0.json	1449205200.0	0	0	0
snapshot_12_4_2015_0_0.json	1449205200.0	0	0	0
snapshot_12_4_2015_12_0.json	1449248400.0	0	0	0
snapshot_12_4_2015_18_0.json	1449270000.0	0	0	0
snapshot_12_4_2015_6_0.json	1449226800.0	0	0	0
9288673	2015-12-03T05:30:00Z	Cirque du Soleil Ka	Ka Theatre at MGM Grand Hotel	Nevada Las Vegas|689	89109
snapshot_11_16_2015_0_0.json	1447650000.0	139.16	285	78
snapshot_11_16_2015_0_0.json	1447650000.0	139.16	285	78
snapshot_11_17_2015_0_0.json	1447736400.0	139.16	285	78
snapshot_11_17_2015_12_0.json	1447779600.0	139.16	285	78
snapshot_11_17_2015_18_0.json	1447801200.0	139.16	285	78
snapshot_11_17_2015_18_0.json	1447801200.0	139.16	285	78
snapshot_11_17_2015_6_0.json	1447758000.0	139.16	285	78
snapshot_11_18_2015_18_0.json	1447887600.0	139.16	285	78
snapshot_11_18_2015_6_0.json	1447844400.0	139.16	285	78
snapshot_11_19_2015_0_0.json	1447909200.0	139.16	285	78
snapshot_11_19_2015_12_0.json	1447952400.0	139.16	285	78
snapshot_11_19_2015_6_0.json	1447930800.0	139.16	285	78
snapshot_11_20_2015_0_0.json	1447995600.0	139.16	285	78
snapshot_11_20_2015_12_0.json	1448038800.0	139.16	285	78
snapshot_11_21_2015_18_0.json	1448146800.0	163.2	315	61
snapshot_11_22_2015_0_0.json	1448168400.0	163.2	315	61
snapshot_11_22_2015_0_0.json	1448168400.0	163.2	315	61
snapshot_11_22_2015_12_0.json	1448211600.0	163.2	315	61
snapshot_11_22_2015_18_0.json	1448233200.0	163.2	315	61
snapshot_11_22_2015_18_0.json	1448233200.0	163.2	315	61
snapshot_11_22_2015_6_0.json	1448190000.0	163.2	315	61
snapshot_11_23_2015_0_0.json	1448254800.0	163.2	315	61
snapshot_11_23_2015_6_0.json	1448276400.0	163.2	315	61
snapshot_11_23_2015_6_0.json	1448276400.0	163.2	315	61
snapshot_11_24_2015_0_0.json	1448341200.0	163.2	315	61
snapshot_11_24_2015_18_0.json	1448406000.0	163.2	315	61
snapshot_11_25_2015_0_0.json	1448427600.0	163.2	315	61
snapshot_11_25_2015_0_0.json	1448427600.0	163.2	315	61
snapshot_11_25_2015_12_0.json	1448470800.0	163.2	315	61
snapshot_11_25_2015_18_0.json	1448492400.0	163.2	315	61
snapshot_11_25_2015_6_0.json	1448449200.0	163.2	315	61
snapshot_11_26_2015_0_0.json	1448514000.0	163.2	315	61
snapshot_11_26_2015_0_0.json	1448514000.0	163.2	315	61
snapshot_11_27_2015_18_0.json	1448665200.0	163.2	315	61
snapshot_11_28_2015_0_0.json	1448686800.0	163.2	315	61
snapshot_11_28_2015_12_0.json	1448730000.0	163.2	315	61
snapshot_11_28_2015_18_0.json	1448751600.0	163.2	315	61
snapshot_11_28_2015_6_0.json	1448708400.0	163.2	315	61
snapshot_11_29_2015_0_0.json	1448773200.0	163.2	315	61
snapshot_11_29_2015_0_0.json	1448773200.0	163.2	315	61
snapshot_11_29_2015_12_0.json	1448816400.0	163.2	315	61
snapshot_11_29_2015_18_0.json	1448838000.0	163.2	315	61
snapshot_11_30_2015_18_0.json	1448924400.0	163.2	236	32
snapshot_12_1_2015_0_0.json	1448946000.0	163.2	236	32
snapshot_12_1_2015_12_0.json	1448989200.0	163.2	216	24
snapshot_12_1_2015_18_0.json	1449010800.0	163.2	216	24
snapshot_12_1_2015_6_0.json	1448967600.0	163.2	216	24
snapshot_12_2_2015_12_0.json	1449075600.0	163.2	202	16
snapshot_12_2_2015_18_0.json	1449097200.0	163.2	202	16
snapshot_12_2_2015_6_0.json	1449054000.0	163.2	202	16
snapshot_12_3_2015_0_0.json	1449118800.0	0	0	0
snapshot_12_3_2015_12_0.json	1449162000.0	0	0	0
snapshot_12_3_2015_18_0.json	1449183600.0	0	0	0
snapshot_12_3_2015_6_0.json	1449140400.0	0	0	0
snapshot_12_4_2015_0_0.json	1449205200.0	0	0	0
snapshot_12_4_2015_0_0.json	1449205200.0	0	0	0
snapshot_12_4_2015_12_0.json	1449248400.0	0	0	0
snapshot_12_4_2015_18_0.json	1449270000.0	0	0	0
snapshot_12_4_2015_6_0.json	1449226800.0	0	0	0
