9289506	2015-11-29T19:00:00Z	Beautiful the Musical	Orpheum Theatre Minneapolis	Minnesota Minneapolis|680	55403
snapshot_11_16_2015_0_0.json	1447650000.0	94.93	395	140
snapshot_11_17_2015_0_0.json	1447736400.0	94.93	395	140
snapshot_11_17_2015_12_0.json	1447779600.0	97.68	395	140
snapshot_11_17_2015_6_0.json	1447758000.0	97.68	395	140
snapshot_11_18_2015_0_0.json	1447822800.0	83.23	395	140
snapshot_11_18_2015_12_0.json	1447866000.0	83.23	395	156
snapshot_11_18_2015_12_0.json	1447866000.0	83.23	395	156
snapshot_11_18_2015_18_0.json	1447887600.0	82.06	395	156
snapshot_11_18_2015_18_0.json	1447887600.0	82.06	395	156
snapshot_11_18_2015_6_0.json	1447844400.0	83.23	395	156
snapshot_11_19_2015_0_0.json	1447909200.0	82.06	395	156
snapshot_11_19_2015_0_0.json	1447909200.0	82.06	395	156
snapshot_11_19_2015_12_0.json	1447952400.0	82.06	395	156
snapshot_11_19_2015_6_0.json	1447930800.0	82.06	395	156
snapshot_11_20_2015_0_0.json	1447995600.0	71.53	395	148
snapshot_11_21_2015_12_0.json	1448125200.0	86.74	395	138
snapshot_11_22_2015_12_0.json	1448211600.0	86.74	395	134
snapshot_11_22_2015_18_0.json	1448233200.0	86.74	395	134
snapshot_11_22_2015_18_0.json	1448233200.0	86.74	395	134
snapshot_11_22_2015_6_0.json	1448190000.0	86.74	395	134
snapshot_11_22_2015_6_0.json	1448190000.0	86.74	395	134
snapshot_11_23_2015_0_0.json	1448254800.0	86.74	395	134
snapshot_11_23_2015_12_0.json	1448298000.0	86.74	395	134
snapshot_11_23_2015_18_0.json	1448319600.0	86.74	395	136
snapshot_11_24_2015_0_0.json	1448341200.0	86.74	225	101
snapshot_11_24_2015_12_0.json	1448384400.0	86.74	225	99
snapshot_11_24_2015_12_0.json	1448384400.0	86.74	225	99
snapshot_11_24_2015_18_0.json	1448406000.0	86.74	225	99
snapshot_11_24_2015_6_0.json	1448362800.0	86.74	225	103
snapshot_11_25_2015_0_0.json	1448427600.0	86.74	225	99
snapshot_11_25_2015_12_0.json	1448470800.0	86.74	225	99
snapshot_11_25_2015_6_0.json	1448449200.0	86.74	225	99
snapshot_11_25_2015_6_0.json	1448449200.0	86.74	225	99
snapshot_11_27_2015_18_0.json	1448665200.0	86.74	225	44
snapshot_11_27_2015_18_0.json	1448665200.0	86.74	225	44
snapshot_11_28_2015_0_0.json	1448686800.0	203.14	225	14
snapshot_11_28_2015_12_0.json	1448730000.0	203.14	225	14
snapshot_11_28_2015_18_0.json	1448751600.0	176.83	192.99	12
snapshot_11_28_2015_18_0.json	1448751600.0	176.83	192.99	12
snapshot_11_28_2015_6_0.json	1448708400.0	203.14	225	14
snapshot_11_28_2015_6_0.json	1448708400.0	203.14	225	14
snapshot_11_29_2015_0_0.json	1448773200.0	167.46	171.5	12
snapshot_11_29_2015_0_0.json	1448773200.0	167.46	171.5	12
snapshot_11_29_2015_12_0.json	1448816400.0	149.91	171.5	10
snapshot_11_29_2015_6_0.json	1448794800.0	174.48	171.5	10
snapshot_11_30_2015_0_0.json	1448859600.0	0	0	0
snapshot_11_30_2015_12_0.json	1448902800.0	0	0	0
snapshot_11_30_2015_18_0.json	1448924400.0	0	0	0
snapshot_11_30_2015_6_0.json	1448881200.0	0	0	0
snapshot_12_1_2015_0_0.json	1448946000.0	0	0	0
snapshot_12_1_2015_0_0.json	1448946000.0	0	0	0
snapshot_12_1_2015_12_0.json	1448989200.0	0	0	0
snapshot_12_1_2015_6_0.json	1448967600.0	0	0	0
snapshot_12_1_2015_6_0.json	1448967600.0	0	0	0
9289506	2015-11-29T19:00:00Z	Beautiful the Musical	Orpheum Theatre Minneapolis	Minnesota Minneapolis|680	55403
snapshot_11_16_2015_0_0.json	1447650000.0	94.93	395	140
snapshot_11_17_2015_0_0.json	1447736400.0	94.93	395	140
snapshot_11_17_2015_12_0.json	1447779600.0	97.68	395	140
snapshot_11_17_2015_6_0.json	1447758000.0	97.68	395	140
snapshot_11_18_2015_0_0.json	1447822800.0	83.23	395	140
snapshot_11_18_2015_12_0.json	1447866000.0	83.23	395	156
snapshot_11_18_2015_12_0.json	1447866000.0	83.23	395	156
snapshot_11_18_2015_18_0.json	1447887600.0	82.06	395	156
snapshot_11_18_2015_18_0.json	1447887600.0	82.06	395	156
snapshot_11_18_2015_6_0.json	1447844400.0	83.23	395	156
snapshot_11_19_2015_0_0.json	1447909200.0	82.06	395	156
snapshot_11_19_2015_0_0.json	1447909200.0	82.06	395	156
snapshot_11_19_2015_12_0.json	1447952400.0	82.06	395	156
snapshot_11_19_2015_6_0.json	1447930800.0	82.06	395	156
snapshot_11_20_2015_0_0.json	1447995600.0	71.53	395	148
snapshot_11_21_2015_12_0.json	1448125200.0	86.74	395	138
snapshot_11_22_2015_12_0.json	1448211600.0	86.74	395	134
snapshot_11_22_2015_18_0.json	1448233200.0	86.74	395	134
snapshot_11_22_2015_18_0.json	1448233200.0	86.74	395	134
snapshot_11_22_2015_6_0.json	1448190000.0	86.74	395	134
snapshot_11_22_2015_6_0.json	1448190000.0	86.74	395	134
snapshot_11_23_2015_0_0.json	1448254800.0	86.74	395	134
snapshot_11_23_2015_12_0.json	1448298000.0	86.74	395	134
snapshot_11_23_2015_18_0.json	1448319600.0	86.74	395	136
snapshot_11_24_2015_0_0.json	1448341200.0	86.74	225	101
snapshot_11_24_2015_12_0.json	1448384400.0	86.74	225	99
snapshot_11_24_2015_12_0.json	1448384400.0	86.74	225	99
snapshot_11_24_2015_18_0.json	1448406000.0	86.74	225	99
snapshot_11_24_2015_6_0.json	1448362800.0	86.74	225	103
snapshot_11_25_2015_0_0.json	1448427600.0	86.74	225	99
snapshot_11_25_2015_12_0.json	1448470800.0	86.74	225	99
snapshot_11_25_2015_6_0.json	1448449200.0	86.74	225	99
snapshot_11_25_2015_6_0.json	1448449200.0	86.74	225	99
snapshot_11_27_2015_18_0.json	1448665200.0	86.74	225	44
snapshot_11_27_2015_18_0.json	1448665200.0	86.74	225	44
snapshot_11_28_2015_0_0.json	1448686800.0	203.14	225	14
snapshot_11_28_2015_12_0.json	1448730000.0	203.14	225	14
snapshot_11_28_2015_18_0.json	1448751600.0	176.83	192.99	12
snapshot_11_28_2015_18_0.json	1448751600.0	176.83	192.99	12
snapshot_11_28_2015_6_0.json	1448708400.0	203.14	225	14
snapshot_11_28_2015_6_0.json	1448708400.0	203.14	225	14
snapshot_11_29_2015_0_0.json	1448773200.0	167.46	171.5	12
snapshot_11_29_2015_0_0.json	1448773200.0	167.46	171.5	12
snapshot_11_29_2015_12_0.json	1448816400.0	149.91	171.5	10
snapshot_11_29_2015_6_0.json	1448794800.0	174.48	171.5	10
snapshot_11_30_2015_0_0.json	1448859600.0	0	0	0
snapshot_11_30_2015_12_0.json	1448902800.0	0	0	0
snapshot_11_30_2015_18_0.json	1448924400.0	0	0	0
snapshot_11_30_2015_6_0.json	1448881200.0	0	0	0
snapshot_12_1_2015_0_0.json	1448946000.0	0	0	0
snapshot_12_1_2015_0_0.json	1448946000.0	0	0	0
snapshot_12_1_2015_12_0.json	1448989200.0	0	0	0
snapshot_12_1_2015_6_0.json	1448967600.0	0	0	0
snapshot_12_1_2015_6_0.json	1448967600.0	0	0	0
