9289505	2015-11-26T01:30:00Z	Beautiful the Musical	Orpheum Theatre Minneapolis	Minnesota Minneapolis|680	55403
snapshot_11_16_2015_0_0.json	1447650000.0	86.74	395	152
snapshot_11_17_2015_12_0.json	1447779600.0	86.74	395	152
snapshot_11_17_2015_12_0.json	1447779600.0	86.74	395	152
snapshot_11_17_2015_18_0.json	1447801200.0	86.74	395	152
snapshot_11_17_2015_6_0.json	1447758000.0	86.74	395	152
snapshot_11_18_2015_0_0.json	1447822800.0	86.74	395	152
snapshot_11_18_2015_0_0.json	1447822800.0	86.74	395	152
snapshot_11_18_2015_12_0.json	1447866000.0	86.74	395	152
snapshot_11_18_2015_12_0.json	1447866000.0	86.74	395	152
snapshot_11_18_2015_6_0.json	1447844400.0	86.74	395	152
snapshot_11_19_2015_0_0.json	1447909200.0	86.74	395	152
snapshot_11_19_2015_12_0.json	1447952400.0	86.74	395	152
snapshot_11_19_2015_6_0.json	1447930800.0	86.74	395	152
snapshot_11_20_2015_12_0.json	1448038800.0	86.74	395	152
snapshot_11_21_2015_12_0.json	1448125200.0	86.74	247	108
snapshot_11_21_2015_18_0.json	1448146800.0	86.74	247	106
snapshot_11_22_2015_0_0.json	1448168400.0	86.74	247	99
snapshot_11_22_2015_12_0.json	1448211600.0	86.74	247	99
snapshot_11_22_2015_18_0.json	1448233200.0	86.74	247	99
snapshot_11_22_2015_18_0.json	1448233200.0	86.74	247	99
snapshot_11_22_2015_6_0.json	1448190000.0	86.74	247	99
snapshot_11_22_2015_6_0.json	1448190000.0	86.74	247	99
snapshot_11_23_2015_0_0.json	1448254800.0	86.74	247	99
snapshot_11_23_2015_18_0.json	1448319600.0	86.74	196.95	56
snapshot_11_23_2015_6_0.json	1448276400.0	86.74	247	97
snapshot_11_24_2015_0_0.json	1448341200.0	86.74	196.95	56
snapshot_11_24_2015_12_0.json	1448384400.0	145.83	122.5	3
snapshot_11_24_2015_18_0.json	1448406000.0	145.83	122.5	3
snapshot_11_24_2015_6_0.json	1448362800.0	145.83	122.5	3
snapshot_11_25_2015_0_0.json	1448427600.0	117.16	98	3
snapshot_11_25_2015_0_0.json	1448427600.0	117.16	98	3
snapshot_11_25_2015_12_0.json	1448470800.0	117.16	98	3
snapshot_11_25_2015_6_0.json	1448449200.0	117.16	98	3
snapshot_11_25_2015_6_0.json	1448449200.0	117.16	98	3
snapshot_11_25_2015_6_0.json	1448449200.0	117.16	98	3
snapshot_11_26_2015_0_0.json	1448514000.0	117.16	98	3
9289505	2015-11-26T01:30:00Z	Beautiful the Musical	Orpheum Theatre Minneapolis	Minnesota Minneapolis|680	55403
snapshot_11_16_2015_0_0.json	1447650000.0	86.74	395	152
snapshot_11_17_2015_12_0.json	1447779600.0	86.74	395	152
snapshot_11_17_2015_12_0.json	1447779600.0	86.74	395	152
snapshot_11_17_2015_18_0.json	1447801200.0	86.74	395	152
snapshot_11_17_2015_6_0.json	1447758000.0	86.74	395	152
snapshot_11_18_2015_0_0.json	1447822800.0	86.74	395	152
snapshot_11_18_2015_0_0.json	1447822800.0	86.74	395	152
snapshot_11_18_2015_12_0.json	1447866000.0	86.74	395	152
snapshot_11_18_2015_12_0.json	1447866000.0	86.74	395	152
snapshot_11_18_2015_6_0.json	1447844400.0	86.74	395	152
snapshot_11_19_2015_0_0.json	1447909200.0	86.74	395	152
snapshot_11_19_2015_12_0.json	1447952400.0	86.74	395	152
snapshot_11_19_2015_6_0.json	1447930800.0	86.74	395	152
snapshot_11_20_2015_12_0.json	1448038800.0	86.74	395	152
snapshot_11_21_2015_12_0.json	1448125200.0	86.74	247	108
snapshot_11_21_2015_18_0.json	1448146800.0	86.74	247	106
snapshot_11_22_2015_0_0.json	1448168400.0	86.74	247	99
snapshot_11_22_2015_12_0.json	1448211600.0	86.74	247	99
snapshot_11_22_2015_18_0.json	1448233200.0	86.74	247	99
snapshot_11_22_2015_18_0.json	1448233200.0	86.74	247	99
snapshot_11_22_2015_6_0.json	1448190000.0	86.74	247	99
snapshot_11_22_2015_6_0.json	1448190000.0	86.74	247	99
snapshot_11_23_2015_0_0.json	1448254800.0	86.74	247	99
snapshot_11_23_2015_18_0.json	1448319600.0	86.74	196.95	56
snapshot_11_23_2015_6_0.json	1448276400.0	86.74	247	97
snapshot_11_24_2015_0_0.json	1448341200.0	86.74	196.95	56
snapshot_11_24_2015_12_0.json	1448384400.0	145.83	122.5	3
snapshot_11_24_2015_18_0.json	1448406000.0	145.83	122.5	3
snapshot_11_24_2015_6_0.json	1448362800.0	145.83	122.5	3
snapshot_11_25_2015_0_0.json	1448427600.0	117.16	98	3
snapshot_11_25_2015_0_0.json	1448427600.0	117.16	98	3
snapshot_11_25_2015_12_0.json	1448470800.0	117.16	98	3
snapshot_11_25_2015_6_0.json	1448449200.0	117.16	98	3
snapshot_11_25_2015_6_0.json	1448449200.0	117.16	98	3
snapshot_11_25_2015_6_0.json	1448449200.0	117.16	98	3
snapshot_11_26_2015_0_0.json	1448514000.0	117.16	98	3
