9289507	2015-11-28T20:00:00Z	Beautiful the Musical	Orpheum Theatre Minneapolis	Minnesota Minneapolis|680	55403
snapshot_11_16_2015_0_0.json	1447650000.0	83.23	395	155
snapshot_11_17_2015_0_0.json	1447736400.0	83.23	395	155
snapshot_11_17_2015_12_0.json	1447779600.0	85.98	395	155
snapshot_11_17_2015_6_0.json	1447758000.0	85.98	395	155
snapshot_11_18_2015_12_0.json	1447866000.0	85.98	395	169
snapshot_11_18_2015_12_0.json	1447866000.0	85.98	395	169
snapshot_11_18_2015_18_0.json	1447887600.0	83.23	395	169
snapshot_11_18_2015_6_0.json	1447844400.0	85.98	395	169
snapshot_11_19_2015_0_0.json	1447909200.0	83.23	395	169
snapshot_11_19_2015_12_0.json	1447952400.0	85.98	395	147
snapshot_11_19_2015_6_0.json	1447930800.0	85.98	395	147
snapshot_11_20_2015_0_0.json	1447995600.0	83.23	395	147
snapshot_11_21_2015_12_0.json	1448125200.0	85.98	395	145
snapshot_11_21_2015_18_0.json	1448146800.0	83.23	395	145
snapshot_11_22_2015_12_0.json	1448211600.0	86.74	395	143
snapshot_11_22_2015_18_0.json	1448233200.0	86.74	395	143
snapshot_11_22_2015_6_0.json	1448190000.0	86.74	395	143
snapshot_11_22_2015_6_0.json	1448190000.0	86.74	395	143
snapshot_11_23_2015_0_0.json	1448254800.0	86.74	395	141
snapshot_11_23_2015_12_0.json	1448298000.0	86.74	395	141
snapshot_11_24_2015_0_0.json	1448341200.0	86.74	247	102
snapshot_11_24_2015_12_0.json	1448384400.0	86.74	247	85
snapshot_11_24_2015_12_0.json	1448384400.0	86.74	247	85
snapshot_11_24_2015_18_0.json	1448406000.0	86.74	247	83
snapshot_11_24_2015_6_0.json	1448362800.0	86.74	247	93
snapshot_11_25_2015_0_0.json	1448427600.0	86.74	247	81
snapshot_11_25_2015_0_0.json	1448427600.0	86.74	247	81
snapshot_11_25_2015_12_0.json	1448470800.0	86.74	247	79
snapshot_11_25_2015_18_0.json	1448492400.0	86.74	247	79
snapshot_11_25_2015_6_0.json	1448449200.0	86.74	247	79
snapshot_11_25_2015_6_0.json	1448449200.0	86.74	247	79
snapshot_11_26_2015_0_0.json	1448514000.0	86.74	247	79
snapshot_11_27_2015_18_0.json	1448665200.0	247.03	225	9
snapshot_11_28_2015_0_0.json	1448686800.0	247.03	225	9
snapshot_11_28_2015_0_0.json	1448686800.0	247.03	225	9
snapshot_11_28_2015_12_0.json	1448730000.0	247.03	225	9
snapshot_11_28_2015_18_0.json	1448751600.0	148.75	149	9
snapshot_11_28_2015_6_0.json	1448708400.0	247.03	225	9
snapshot_11_28_2015_6_0.json	1448708400.0	247.03	225	9
snapshot_11_29_2015_18_0.json	1448838000.0	0	0	0
snapshot_11_29_2015_6_0.json	1448794800.0	0	0	0
snapshot_11_30_2015_0_0.json	1448859600.0	0	0	0
snapshot_11_30_2015_0_0.json	1448859600.0	0	0	0
snapshot_11_30_2015_12_0.json	1448902800.0	0	0	0
snapshot_11_30_2015_6_0.json	1448881200.0	0	0	0
snapshot_11_30_2015_6_0.json	1448881200.0	0	0	0
9289507	2015-11-28T20:00:00Z	Beautiful the Musical	Orpheum Theatre Minneapolis	Minnesota Minneapolis|680	55403
snapshot_11_16_2015_0_0.json	1447650000.0	83.23	395	155
snapshot_11_17_2015_0_0.json	1447736400.0	83.23	395	155
snapshot_11_17_2015_12_0.json	1447779600.0	85.98	395	155
snapshot_11_17_2015_6_0.json	1447758000.0	85.98	395	155
snapshot_11_18_2015_12_0.json	1447866000.0	85.98	395	169
snapshot_11_18_2015_12_0.json	1447866000.0	85.98	395	169
snapshot_11_18_2015_18_0.json	1447887600.0	83.23	395	169
snapshot_11_18_2015_6_0.json	1447844400.0	85.98	395	169
snapshot_11_19_2015_0_0.json	1447909200.0	83.23	395	169
snapshot_11_19_2015_12_0.json	1447952400.0	85.98	395	147
snapshot_11_19_2015_6_0.json	1447930800.0	85.98	395	147
snapshot_11_20_2015_0_0.json	1447995600.0	83.23	395	147
snapshot_11_21_2015_12_0.json	1448125200.0	85.98	395	145
snapshot_11_21_2015_18_0.json	1448146800.0	83.23	395	145
snapshot_11_22_2015_12_0.json	1448211600.0	86.74	395	143
snapshot_11_22_2015_18_0.json	1448233200.0	86.74	395	143
snapshot_11_22_2015_6_0.json	1448190000.0	86.74	395	143
snapshot_11_22_2015_6_0.json	1448190000.0	86.74	395	143
snapshot_11_23_2015_0_0.json	1448254800.0	86.74	395	141
snapshot_11_23_2015_12_0.json	1448298000.0	86.74	395	141
snapshot_11_24_2015_0_0.json	1448341200.0	86.74	247	102
snapshot_11_24_2015_12_0.json	1448384400.0	86.74	247	85
snapshot_11_24_2015_12_0.json	1448384400.0	86.74	247	85
snapshot_11_24_2015_18_0.json	1448406000.0	86.74	247	83
snapshot_11_24_2015_6_0.json	1448362800.0	86.74	247	93
snapshot_11_25_2015_0_0.json	1448427600.0	86.74	247	81
snapshot_11_25_2015_0_0.json	1448427600.0	86.74	247	81
snapshot_11_25_2015_12_0.json	1448470800.0	86.74	247	79
snapshot_11_25_2015_18_0.json	1448492400.0	86.74	247	79
snapshot_11_25_2015_6_0.json	1448449200.0	86.74	247	79
snapshot_11_25_2015_6_0.json	1448449200.0	86.74	247	79
snapshot_11_26_2015_0_0.json	1448514000.0	86.74	247	79
snapshot_11_27_2015_18_0.json	1448665200.0	247.03	225	9
snapshot_11_28_2015_0_0.json	1448686800.0	247.03	225	9
snapshot_11_28_2015_0_0.json	1448686800.0	247.03	225	9
snapshot_11_28_2015_12_0.json	1448730000.0	247.03	225	9
snapshot_11_28_2015_18_0.json	1448751600.0	148.75	149	9
snapshot_11_28_2015_6_0.json	1448708400.0	247.03	225	9
snapshot_11_28_2015_6_0.json	1448708400.0	247.03	225	9
snapshot_11_29_2015_18_0.json	1448838000.0	0	0	0
snapshot_11_29_2015_6_0.json	1448794800.0	0	0	0
snapshot_11_30_2015_0_0.json	1448859600.0	0	0	0
snapshot_11_30_2015_0_0.json	1448859600.0	0	0	0
snapshot_11_30_2015_12_0.json	1448902800.0	0	0	0
snapshot_11_30_2015_6_0.json	1448881200.0	0	0	0
snapshot_11_30_2015_6_0.json	1448881200.0	0	0	0
