9289279	2015-12-02T00:00:00Z	On Your Feet New York	Marquis Theatre New York	New York New York Metro|664	10036
snapshot_11_16_2015_0_0.json	1447650000.0	118.66	945	225
snapshot_11_17_2015_0_0.json	1447736400.0	118.66	945	225
snapshot_11_17_2015_12_0.json	1447779600.0	110.55	945	231
snapshot_11_17_2015_18_0.json	1447801200.0	110.55	945	227
snapshot_11_17_2015_6_0.json	1447758000.0	110.55	945	231
snapshot_11_18_2015_0_0.json	1447822800.0	110.55	945	194
snapshot_11_18_2015_12_0.json	1447866000.0	110.55	945	194
snapshot_11_18_2015_12_0.json	1447866000.0	110.55	945	194
snapshot_11_18_2015_18_0.json	1447887600.0	110.55	945	198
snapshot_11_18_2015_18_0.json	1447887600.0	110.55	945	198
snapshot_11_18_2015_6_0.json	1447844400.0	110.55	945	194
snapshot_11_19_2015_0_0.json	1447909200.0	110.55	945	198
snapshot_11_19_2015_0_0.json	1447909200.0	110.55	945	198
snapshot_11_19_2015_12_0.json	1447952400.0	110.55	945	198
snapshot_11_19_2015_6_0.json	1447930800.0	110.55	945	198
snapshot_11_21_2015_12_0.json	1448125200.0	110.55	945	180
snapshot_11_22_2015_0_0.json	1448168400.0	110.55	945	178
snapshot_11_22_2015_12_0.json	1448211600.0	110.55	945	161
snapshot_11_22_2015_18_0.json	1448233200.0	110.55	945	161
snapshot_11_22_2015_18_0.json	1448233200.0	110.55	945	161
snapshot_11_22_2015_6_0.json	1448190000.0	110.55	945	161
snapshot_11_22_2015_6_0.json	1448190000.0	110.55	945	161
snapshot_11_23_2015_0_0.json	1448254800.0	110.55	945	161
snapshot_11_23_2015_12_0.json	1448298000.0	98.85	945	161
snapshot_11_23_2015_6_0.json	1448276400.0	98.85	945	161
snapshot_11_24_2015_0_0.json	1448341200.0	87.15	945	175
snapshot_11_24_2015_12_0.json	1448384400.0	81.3	945	177
snapshot_11_24_2015_12_0.json	1448384400.0	81.3	945	177
snapshot_11_24_2015_18_0.json	1448406000.0	81.3	945	177
snapshot_11_24_2015_6_0.json	1448362800.0	63.75	945	177
snapshot_11_25_2015_0_0.json	1448427600.0	81.3	945	177
snapshot_11_25_2015_12_0.json	1448470800.0	118.66	945	175
snapshot_11_25_2015_18_0.json	1448492400.0	118.66	945	175
snapshot_11_25_2015_6_0.json	1448449200.0	81.3	945	177
snapshot_11_26_2015_0_0.json	1448514000.0	118.66	945	171
snapshot_11_27_2015_18_0.json	1448665200.0	105.5	945	171
snapshot_11_28_2015_0_0.json	1448686800.0	105.5	945	171
snapshot_11_28_2015_0_0.json	1448686800.0	105.5	945	171
snapshot_11_28_2015_12_0.json	1448730000.0	105.5	945	171
snapshot_11_28_2015_18_0.json	1448751600.0	105.5	945	171
snapshot_11_28_2015_18_0.json	1448751600.0	105.5	945	171
snapshot_11_29_2015_0_0.json	1448773200.0	105.5	945	171
snapshot_11_29_2015_12_0.json	1448816400.0	105.5	945	171
snapshot_11_29_2015_18_0.json	1448838000.0	105.5	945	171
snapshot_11_29_2015_6_0.json	1448794800.0	105.5	945	171
snapshot_11_29_2015_6_0.json	1448794800.0	105.5	945	171
snapshot_11_30_2015_0_0.json	1448859600.0	105.5	945	151
snapshot_11_30_2015_18_0.json	1448924400.0	105.5	945	151
snapshot_11_30_2015_6_0.json	1448881200.0	105.5	945	151
snapshot_12_1_2015_12_0.json	1448989200.0	105.5	945	151
snapshot_12_1_2015_12_0.json	1448989200.0	105.5	945	151
snapshot_12_1_2015_18_0.json	1449010800.0	105.5	945	149
snapshot_12_1_2015_6_0.json	1448967600.0	105.5	945	151
snapshot_12_2_2015_0_0.json	1449032400.0	0	0	0
snapshot_12_2_2015_18_0.json	1449097200.0	0	0	0
snapshot_12_2_2015_6_0.json	1449054000.0	0	0	0
snapshot_12_2_2015_6_0.json	1449054000.0	0	0	0
snapshot_12_3_2015_12_0.json	1449162000.0	0	0	0
snapshot_12_3_2015_6_0.json	1449140400.0	0	0	0
9289279	2015-12-02T00:00:00Z	On Your Feet New York	Marquis Theatre New York	New York New York Metro|664	10036
snapshot_11_16_2015_0_0.json	1447650000.0	118.66	945	225
snapshot_11_17_2015_0_0.json	1447736400.0	118.66	945	225
snapshot_11_17_2015_12_0.json	1447779600.0	110.55	945	231
snapshot_11_17_2015_18_0.json	1447801200.0	110.55	945	227
snapshot_11_17_2015_6_0.json	1447758000.0	110.55	945	231
snapshot_11_18_2015_0_0.json	1447822800.0	110.55	945	194
snapshot_11_18_2015_12_0.json	1447866000.0	110.55	945	194
snapshot_11_18_2015_12_0.json	1447866000.0	110.55	945	194
snapshot_11_18_2015_18_0.json	1447887600.0	110.55	945	198
snapshot_11_18_2015_18_0.json	1447887600.0	110.55	945	198
snapshot_11_18_2015_6_0.json	1447844400.0	110.55	945	194
snapshot_11_19_2015_0_0.json	1447909200.0	110.55	945	198
snapshot_11_19_2015_0_0.json	1447909200.0	110.55	945	198
snapshot_11_19_2015_12_0.json	1447952400.0	110.55	945	198
snapshot_11_19_2015_6_0.json	1447930800.0	110.55	945	198
snapshot_11_21_2015_12_0.json	1448125200.0	110.55	945	180
snapshot_11_22_2015_0_0.json	1448168400.0	110.55	945	178
snapshot_11_22_2015_12_0.json	1448211600.0	110.55	945	161
snapshot_11_22_2015_18_0.json	1448233200.0	110.55	945	161
snapshot_11_22_2015_18_0.json	1448233200.0	110.55	945	161
snapshot_11_22_2015_6_0.json	1448190000.0	110.55	945	161
snapshot_11_22_2015_6_0.json	1448190000.0	110.55	945	161
snapshot_11_23_2015_0_0.json	1448254800.0	110.55	945	161
snapshot_11_23_2015_12_0.json	1448298000.0	98.85	945	161
snapshot_11_23_2015_6_0.json	1448276400.0	98.85	945	161
snapshot_11_24_2015_0_0.json	1448341200.0	87.15	945	175
snapshot_11_24_2015_12_0.json	1448384400.0	81.3	945	177
snapshot_11_24_2015_12_0.json	1448384400.0	81.3	945	177
snapshot_11_24_2015_18_0.json	1448406000.0	81.3	945	177
snapshot_11_24_2015_6_0.json	1448362800.0	63.75	945	177
snapshot_11_25_2015_0_0.json	1448427600.0	81.3	945	177
snapshot_11_25_2015_12_0.json	1448470800.0	118.66	945	175
snapshot_11_25_2015_18_0.json	1448492400.0	118.66	945	175
snapshot_11_25_2015_6_0.json	1448449200.0	81.3	945	177
snapshot_11_26_2015_0_0.json	1448514000.0	118.66	945	171
snapshot_11_27_2015_18_0.json	1448665200.0	105.5	945	171
snapshot_11_28_2015_0_0.json	1448686800.0	105.5	945	171
snapshot_11_28_2015_0_0.json	1448686800.0	105.5	945	171
snapshot_11_28_2015_12_0.json	1448730000.0	105.5	945	171
snapshot_11_28_2015_18_0.json	1448751600.0	105.5	945	171
snapshot_11_28_2015_18_0.json	1448751600.0	105.5	945	171
snapshot_11_29_2015_0_0.json	1448773200.0	105.5	945	171
snapshot_11_29_2015_12_0.json	1448816400.0	105.5	945	171
snapshot_11_29_2015_18_0.json	1448838000.0	105.5	945	171
snapshot_11_29_2015_6_0.json	1448794800.0	105.5	945	171
snapshot_11_29_2015_6_0.json	1448794800.0	105.5	945	171
snapshot_11_30_2015_0_0.json	1448859600.0	105.5	945	151
snapshot_11_30_2015_18_0.json	1448924400.0	105.5	945	151
snapshot_11_30_2015_6_0.json	1448881200.0	105.5	945	151
snapshot_12_1_2015_12_0.json	1448989200.0	105.5	945	151
snapshot_12_1_2015_12_0.json	1448989200.0	105.5	945	151
snapshot_12_1_2015_18_0.json	1449010800.0	105.5	945	149
snapshot_12_1_2015_6_0.json	1448967600.0	105.5	945	151
snapshot_12_2_2015_0_0.json	1449032400.0	0	0	0
snapshot_12_2_2015_18_0.json	1449097200.0	0	0	0
snapshot_12_2_2015_6_0.json	1449054000.0	0	0	0
snapshot_12_2_2015_6_0.json	1449054000.0	0	0	0
snapshot_12_3_2015_12_0.json	1449162000.0	0	0	0
snapshot_12_3_2015_6_0.json	1449140400.0	0	0	0
