9289193	2015-11-22T20:00:00Z	On Your Feet New York	Marquis Theatre New York	New York New York Metro|664	10036
snapshot_11_16_2015_0_0.json	1447650000.0	145.65	945	176
snapshot_11_17_2015_12_0.json	1447779600.0	127.35	945	191
snapshot_11_17_2015_18_0.json	1447801200.0	127.35	945	189
snapshot_11_17_2015_6_0.json	1447758000.0	127.35	945	191
snapshot_11_18_2015_0_0.json	1447822800.0	127.35	945	185
snapshot_11_18_2015_12_0.json	1447866000.0	127.35	945	183
snapshot_11_18_2015_12_0.json	1447866000.0	127.35	945	183
snapshot_11_18_2015_18_0.json	1447887600.0	127.35	945	187
snapshot_11_18_2015_6_0.json	1447844400.0	127.35	945	183
snapshot_11_19_2015_0_0.json	1447909200.0	127.35	945	176
snapshot_11_19_2015_12_0.json	1447952400.0	127.35	945	174
snapshot_11_19_2015_6_0.json	1447930800.0	127.35	945	174
snapshot_11_20_2015_0_0.json	1447995600.0	111.31	945	174
snapshot_11_21_2015_12_0.json	1448125200.0	111.31	945	158
snapshot_11_21_2015_18_0.json	1448146800.0	111.31	945	164
snapshot_11_22_2015_0_0.json	1448168400.0	88.4	156	35
snapshot_11_22_2015_12_0.json	1448211600.0	88.4	129.99	29
snapshot_11_22_2015_12_0.json	1448211600.0	88.4	129.99	29
snapshot_11_22_2015_18_0.json	1448233200.0	71.23	102.79	18
snapshot_11_22_2015_6_0.json	1448190000.0	88.4	129.99	31
snapshot_11_22_2015_6_0.json	1448190000.0	88.4	129.99	31
snapshot_11_23_2015_0_0.json	1448254800.0	0	0	0
snapshot_11_23_2015_0_0.json	1448254800.0	0	0	0
snapshot_11_23_2015_12_0.json	1448298000.0	0	0	0
snapshot_11_23_2015_18_0.json	1448319600.0	0	0	0
snapshot_11_23_2015_6_0.json	1448276400.0	0	0	0
snapshot_11_24_2015_12_0.json	1448384400.0	0	0	0
snapshot_11_24_2015_6_0.json	1448362800.0	0	0	0
9289193	2015-11-22T20:00:00Z	On Your Feet New York	Marquis Theatre New York	New York New York Metro|664	10036
snapshot_11_16_2015_0_0.json	1447650000.0	145.65	945	176
snapshot_11_17_2015_12_0.json	1447779600.0	127.35	945	191
snapshot_11_17_2015_18_0.json	1447801200.0	127.35	945	189
snapshot_11_17_2015_6_0.json	1447758000.0	127.35	945	191
snapshot_11_18_2015_0_0.json	1447822800.0	127.35	945	185
snapshot_11_18_2015_12_0.json	1447866000.0	127.35	945	183
snapshot_11_18_2015_12_0.json	1447866000.0	127.35	945	183
snapshot_11_18_2015_18_0.json	1447887600.0	127.35	945	187
snapshot_11_18_2015_6_0.json	1447844400.0	127.35	945	183
snapshot_11_19_2015_0_0.json	1447909200.0	127.35	945	176
snapshot_11_19_2015_12_0.json	1447952400.0	127.35	945	174
snapshot_11_19_2015_6_0.json	1447930800.0	127.35	945	174
snapshot_11_20_2015_0_0.json	1447995600.0	111.31	945	174
snapshot_11_21_2015_12_0.json	1448125200.0	111.31	945	158
snapshot_11_21_2015_18_0.json	1448146800.0	111.31	945	164
snapshot_11_22_2015_0_0.json	1448168400.0	88.4	156	35
snapshot_11_22_2015_12_0.json	1448211600.0	88.4	129.99	29
snapshot_11_22_2015_12_0.json	1448211600.0	88.4	129.99	29
snapshot_11_22_2015_18_0.json	1448233200.0	71.23	102.79	18
snapshot_11_22_2015_6_0.json	1448190000.0	88.4	129.99	31
snapshot_11_22_2015_6_0.json	1448190000.0	88.4	129.99	31
snapshot_11_23_2015_0_0.json	1448254800.0	0	0	0
snapshot_11_23_2015_0_0.json	1448254800.0	0	0	0
snapshot_11_23_2015_12_0.json	1448298000.0	0	0	0
snapshot_11_23_2015_18_0.json	1448319600.0	0	0	0
snapshot_11_23_2015_6_0.json	1448276400.0	0	0	0
snapshot_11_24_2015_12_0.json	1448384400.0	0	0	0
snapshot_11_24_2015_6_0.json	1448362800.0	0	0	0
