9289235	2015-11-22T01:00:00Z	On Your Feet New York	Marquis Theatre New York	New York New York Metro|664	10036
snapshot_11_16_2015_0_0.json	1447650000.0	118.33	100000	239
snapshot_11_17_2015_0_0.json	1447736400.0	110.16	100000	249
snapshot_11_17_2015_0_0.json	1447736400.0	110.16	100000	249
snapshot_11_17_2015_12_0.json	1447779600.0	110.16	100000	245
snapshot_11_17_2015_18_0.json	1447801200.0	110.16	100000	240
snapshot_11_18_2015_0_0.json	1447822800.0	96.99	100000	232
snapshot_11_18_2015_12_0.json	1447866000.0	96.99	100000	223
snapshot_11_18_2015_12_0.json	1447866000.0	96.99	100000	223
snapshot_11_18_2015_18_0.json	1447887600.0	96.99	100000	213
snapshot_11_18_2015_18_0.json	1447887600.0	96.99	100000	213
snapshot_11_18_2015_6_0.json	1447844400.0	96.99	100000	223
snapshot_11_19_2015_6_0.json	1447930800.0	96.99	100000	195
snapshot_11_20_2015_0_0.json	1447995600.0	91	100000	184
snapshot_11_20_2015_12_0.json	1448038800.0	88.4	100000	181
snapshot_11_21_2015_12_0.json	1448125200.0	87.15	100000	158
snapshot_11_21_2015_18_0.json	1448146800.0	105.59	100000	149
snapshot_11_22_2015_0_0.json	1448168400.0	59.77	100000	13
snapshot_11_22_2015_18_0.json	1448233200.0	0	0	0
snapshot_11_22_2015_6_0.json	1448190000.0	0	0	0
snapshot_11_23_2015_12_0.json	1448298000.0	0	0	0
snapshot_11_23_2015_18_0.json	1448319600.0	0	0	0
snapshot_11_23_2015_6_0.json	1448276400.0	0	0	0
snapshot_11_23_2015_6_0.json	1448276400.0	0	0	0
snapshot_11_24_2015_0_0.json	1448341200.0	0	0	0
snapshot_11_24_2015_12_0.json	1448384400.0	0	0	0
9289235	2015-11-22T01:00:00Z	On Your Feet New York	Marquis Theatre New York	New York New York Metro|664	10036
snapshot_11_16_2015_0_0.json	1447650000.0	118.33	100000	239
snapshot_11_17_2015_0_0.json	1447736400.0	110.16	100000	249
snapshot_11_17_2015_0_0.json	1447736400.0	110.16	100000	249
snapshot_11_17_2015_12_0.json	1447779600.0	110.16	100000	245
snapshot_11_17_2015_18_0.json	1447801200.0	110.16	100000	240
snapshot_11_18_2015_0_0.json	1447822800.0	96.99	100000	232
snapshot_11_18_2015_12_0.json	1447866000.0	96.99	100000	223
snapshot_11_18_2015_12_0.json	1447866000.0	96.99	100000	223
snapshot_11_18_2015_18_0.json	1447887600.0	96.99	100000	213
snapshot_11_18_2015_18_0.json	1447887600.0	96.99	100000	213
snapshot_11_18_2015_6_0.json	1447844400.0	96.99	100000	223
snapshot_11_19_2015_6_0.json	1447930800.0	96.99	100000	195
snapshot_11_20_2015_0_0.json	1447995600.0	91	100000	184
snapshot_11_20_2015_12_0.json	1448038800.0	88.4	100000	181
snapshot_11_21_2015_12_0.json	1448125200.0	87.15	100000	158
snapshot_11_21_2015_18_0.json	1448146800.0	105.59	100000	149
snapshot_11_22_2015_0_0.json	1448168400.0	59.77	100000	13
snapshot_11_22_2015_18_0.json	1448233200.0	0	0	0
snapshot_11_22_2015_6_0.json	1448190000.0	0	0	0
snapshot_11_23_2015_12_0.json	1448298000.0	0	0	0
snapshot_11_23_2015_18_0.json	1448319600.0	0	0	0
snapshot_11_23_2015_6_0.json	1448276400.0	0	0	0
snapshot_11_23_2015_6_0.json	1448276400.0	0	0	0
snapshot_11_24_2015_0_0.json	1448341200.0	0	0	0
snapshot_11_24_2015_12_0.json	1448384400.0	0	0	0
