9289795	2015-11-28T04:00:00Z	Roger Hodgson	Hard Rock Casino Vancouver	British Columbia Vancouver|5871	V3K 6W3
snapshot_11_16_2015_0_0.json	1447650000.0	119.5	191.5	27
snapshot_11_17_2015_0_0.json	1447736400.0	119.5	191.5	27
snapshot_11_17_2015_18_0.json	1447801200.0	119.5	175	27
snapshot_11_18_2015_0_0.json	1447822800.0	119.5	175	23
snapshot_11_18_2015_12_0.json	1447866000.0	178	175	20
snapshot_11_18_2015_6_0.json	1447844400.0	119.5	175	23
snapshot_11_19_2015_0_0.json	1447909200.0	178	175	18
snapshot_11_19_2015_0_0.json	1447909200.0	178	175	18
snapshot_11_19_2015_12_0.json	1447952400.0	178	175	18
snapshot_11_19_2015_18_0.json	1447974000.0	178	175	18
snapshot_11_19_2015_6_0.json	1447930800.0	178	175	18
snapshot_11_20_2015_0_0.json	1447995600.0	178	169.94	18
snapshot_11_21_2015_18_0.json	1448146800.0	160.45	199	21
snapshot_11_22_2015_0_0.json	1448168400.0	160.45	199	21
snapshot_11_22_2015_12_0.json	1448211600.0	160.45	199	21
snapshot_11_22_2015_18_0.json	1448233200.0	160.45	199	21
snapshot_11_22_2015_18_0.json	1448233200.0	160.45	199	21
snapshot_11_22_2015_6_0.json	1448190000.0	160.45	199	21
snapshot_11_23_2015_0_0.json	1448254800.0	160.45	199	21
snapshot_11_23_2015_12_0.json	1448298000.0	160.45	169.94	20
snapshot_11_23_2015_18_0.json	1448319600.0	160.45	153	20
snapshot_11_23_2015_6_0.json	1448276400.0	160.45	199	21
snapshot_11_23_2015_6_0.json	1448276400.0	160.45	199	21
snapshot_11_24_2015_0_0.json	1448341200.0	160.45	153	20
snapshot_11_24_2015_18_0.json	1448406000.0	160.45	150	20
snapshot_11_24_2015_6_0.json	1448362800.0	160.45	150	20
snapshot_11_25_2015_0_0.json	1448427600.0	127.21	150	14
snapshot_11_26_2015_0_0.json	1448514000.0	126.52	150	14
snapshot_11_27_2015_18_0.json	1448665200.0	115.44	135	10
snapshot_11_28_2015_0_0.json	1448686800.0	90.25	79.5	4
snapshot_11_28_2015_12_0.json	1448730000.0	0	0	0
snapshot_11_28_2015_18_0.json	1448751600.0	0	0	0
snapshot_11_28_2015_6_0.json	1448708400.0	0	0	0
snapshot_11_28_2015_6_0.json	1448708400.0	0	0	0
snapshot_11_29_2015_18_0.json	1448838000.0	0	0	0
snapshot_11_29_2015_6_0.json	1448794800.0	0	0	0
snapshot_11_29_2015_6_0.json	1448794800.0	0	0	0
snapshot_11_30_2015_0_0.json	1448859600.0	0	0	0
9289795	2015-11-28T04:00:00Z	Roger Hodgson	Hard Rock Casino Vancouver	British Columbia Vancouver|5871	V3K 6W3
snapshot_11_16_2015_0_0.json	1447650000.0	119.5	191.5	27
snapshot_11_17_2015_0_0.json	1447736400.0	119.5	191.5	27
snapshot_11_17_2015_18_0.json	1447801200.0	119.5	175	27
snapshot_11_18_2015_0_0.json	1447822800.0	119.5	175	23
snapshot_11_18_2015_12_0.json	1447866000.0	178	175	20
snapshot_11_18_2015_6_0.json	1447844400.0	119.5	175	23
snapshot_11_19_2015_0_0.json	1447909200.0	178	175	18
snapshot_11_19_2015_0_0.json	1447909200.0	178	175	18
snapshot_11_19_2015_12_0.json	1447952400.0	178	175	18
snapshot_11_19_2015_18_0.json	1447974000.0	178	175	18
snapshot_11_19_2015_6_0.json	1447930800.0	178	175	18
snapshot_11_20_2015_0_0.json	1447995600.0	178	169.94	18
snapshot_11_21_2015_18_0.json	1448146800.0	160.45	199	21
snapshot_11_22_2015_0_0.json	1448168400.0	160.45	199	21
snapshot_11_22_2015_12_0.json	1448211600.0	160.45	199	21
snapshot_11_22_2015_18_0.json	1448233200.0	160.45	199	21
snapshot_11_22_2015_18_0.json	1448233200.0	160.45	199	21
snapshot_11_22_2015_6_0.json	1448190000.0	160.45	199	21
snapshot_11_23_2015_0_0.json	1448254800.0	160.45	199	21
snapshot_11_23_2015_12_0.json	1448298000.0	160.45	169.94	20
snapshot_11_23_2015_18_0.json	1448319600.0	160.45	153	20
snapshot_11_23_2015_6_0.json	1448276400.0	160.45	199	21
snapshot_11_23_2015_6_0.json	1448276400.0	160.45	199	21
snapshot_11_24_2015_0_0.json	1448341200.0	160.45	153	20
snapshot_11_24_2015_18_0.json	1448406000.0	160.45	150	20
snapshot_11_24_2015_6_0.json	1448362800.0	160.45	150	20
snapshot_11_25_2015_0_0.json	1448427600.0	127.21	150	14
snapshot_11_26_2015_0_0.json	1448514000.0	126.52	150	14
snapshot_11_27_2015_18_0.json	1448665200.0	115.44	135	10
snapshot_11_28_2015_0_0.json	1448686800.0	90.25	79.5	4
snapshot_11_28_2015_12_0.json	1448730000.0	0	0	0
snapshot_11_28_2015_18_0.json	1448751600.0	0	0	0
snapshot_11_28_2015_6_0.json	1448708400.0	0	0	0
snapshot_11_28_2015_6_0.json	1448708400.0	0	0	0
snapshot_11_29_2015_18_0.json	1448838000.0	0	0	0
snapshot_11_29_2015_6_0.json	1448794800.0	0	0	0
snapshot_11_29_2015_6_0.json	1448794800.0	0	0	0
snapshot_11_30_2015_0_0.json	1448859600.0	0	0	0
