9289130	2015-12-02T19:00:00Z	On Your Feet New York	Marquis Theatre New York	New York New York Metro|664	10036
snapshot_11_16_2015_0_0.json	1447650000.0	145.65	945	207
snapshot_11_17_2015_0_0.json	1447736400.0	145.65	945	199
snapshot_11_17_2015_12_0.json	1447779600.0	145.65	945	199
snapshot_11_17_2015_12_0.json	1447779600.0	145.65	945	199
snapshot_11_17_2015_18_0.json	1447801200.0	145.65	945	199
snapshot_11_17_2015_6_0.json	1447758000.0	145.65	945	199
snapshot_11_17_2015_6_0.json	1447758000.0	145.65	945	199
snapshot_11_18_2015_0_0.json	1447822800.0	145.65	945	166
snapshot_11_18_2015_12_0.json	1447866000.0	145.65	945	166
snapshot_11_18_2015_12_0.json	1447866000.0	145.65	945	166
snapshot_11_18_2015_18_0.json	1447887600.0	145.65	945	170
snapshot_11_19_2015_0_0.json	1447909200.0	145.65	945	170
snapshot_11_19_2015_12_0.json	1447952400.0	145.65	945	167
snapshot_11_19_2015_6_0.json	1447930800.0	145.65	945	170
snapshot_11_20_2015_0_0.json	1447995600.0	150.32	945	153
snapshot_11_21_2015_12_0.json	1448125200.0	122.25	945	153
snapshot_11_21_2015_18_0.json	1448146800.0	122.25	945	153
snapshot_11_22_2015_0_0.json	1448168400.0	122.25	945	153
snapshot_11_22_2015_12_0.json	1448211600.0	122.25	945	153
snapshot_11_22_2015_18_0.json	1448233200.0	122.25	945	153
snapshot_11_22_2015_18_0.json	1448233200.0	122.25	945	153
snapshot_11_22_2015_6_0.json	1448190000.0	122.25	945	153
snapshot_11_22_2015_6_0.json	1448190000.0	122.25	945	153
snapshot_11_23_2015_0_0.json	1448254800.0	122.25	945	136
snapshot_11_24_2015_0_0.json	1448341200.0	135.25	945	148
snapshot_11_24_2015_18_0.json	1448406000.0	135.25	945	148
snapshot_11_24_2015_6_0.json	1448362800.0	135.25	945	148
snapshot_11_25_2015_12_0.json	1448470800.0	117.16	945	149
snapshot_11_25_2015_18_0.json	1448492400.0	117.16	945	149
snapshot_11_25_2015_6_0.json	1448449200.0	117.16	945	149
snapshot_11_26_2015_0_0.json	1448514000.0	117.16	945	149
snapshot_11_27_2015_18_0.json	1448665200.0	117.16	945	149
snapshot_11_27_2015_18_0.json	1448665200.0	117.16	945	149
snapshot_11_28_2015_0_0.json	1448686800.0	117.16	945	149
snapshot_11_28_2015_12_0.json	1448730000.0	117.16	945	149
snapshot_11_28_2015_18_0.json	1448751600.0	117.16	945	145
snapshot_11_28_2015_18_0.json	1448751600.0	117.16	945	145
snapshot_11_28_2015_6_0.json	1448708400.0	117.16	945	149
snapshot_11_29_2015_12_0.json	1448816400.0	122.25	945	142
snapshot_11_29_2015_6_0.json	1448794800.0	122.25	945	142
snapshot_11_29_2015_6_0.json	1448794800.0	122.25	945	142
snapshot_11_30_2015_0_0.json	1448859600.0	76.75	945	142
snapshot_11_30_2015_12_0.json	1448902800.0	76.75	945	142
snapshot_11_30_2015_18_0.json	1448924400.0	76.75	945	142
snapshot_12_1_2015_12_0.json	1448989200.0	76.75	945	142
snapshot_12_1_2015_18_0.json	1449010800.0	76.75	945	142
snapshot_12_1_2015_6_0.json	1448967600.0	76.75	945	142
snapshot_12_2_2015_0_0.json	1449032400.0	70.24	88.4	3
snapshot_12_2_2015_12_0.json	1449075600.0	69.42	57.2	3
snapshot_12_2_2015_6_0.json	1449054000.0	69.42	57.2	3
snapshot_12_3_2015_0_0.json	1449118800.0	0	0	0
snapshot_12_3_2015_0_0.json	1449118800.0	0	0	0
snapshot_12_3_2015_12_0.json	1449162000.0	0	0	0
snapshot_12_3_2015_18_0.json	1449183600.0	0	0	0
snapshot_12_4_2015_0_0.json	1449205200.0	0	0	0
snapshot_12_4_2015_12_0.json	1449248400.0	0	0	0
snapshot_12_4_2015_6_0.json	1449226800.0	0	0	0
9289130	2015-12-02T19:00:00Z	On Your Feet New York	Marquis Theatre New York	New York New York Metro|664	10036
snapshot_11_16_2015_0_0.json	1447650000.0	145.65	945	207
snapshot_11_17_2015_0_0.json	1447736400.0	145.65	945	199
snapshot_11_17_2015_12_0.json	1447779600.0	145.65	945	199
snapshot_11_17_2015_12_0.json	1447779600.0	145.65	945	199
snapshot_11_17_2015_18_0.json	1447801200.0	145.65	945	199
snapshot_11_17_2015_6_0.json	1447758000.0	145.65	945	199
snapshot_11_17_2015_6_0.json	1447758000.0	145.65	945	199
snapshot_11_18_2015_0_0.json	1447822800.0	145.65	945	166
snapshot_11_18_2015_12_0.json	1447866000.0	145.65	945	166
snapshot_11_18_2015_12_0.json	1447866000.0	145.65	945	166
snapshot_11_18_2015_18_0.json	1447887600.0	145.65	945	170
snapshot_11_19_2015_0_0.json	1447909200.0	145.65	945	170
snapshot_11_19_2015_12_0.json	1447952400.0	145.65	945	167
snapshot_11_19_2015_6_0.json	1447930800.0	145.65	945	170
snapshot_11_20_2015_0_0.json	1447995600.0	150.32	945	153
snapshot_11_21_2015_12_0.json	1448125200.0	122.25	945	153
snapshot_11_21_2015_18_0.json	1448146800.0	122.25	945	153
snapshot_11_22_2015_0_0.json	1448168400.0	122.25	945	153
snapshot_11_22_2015_12_0.json	1448211600.0	122.25	945	153
snapshot_11_22_2015_18_0.json	1448233200.0	122.25	945	153
snapshot_11_22_2015_18_0.json	1448233200.0	122.25	945	153
snapshot_11_22_2015_6_0.json	1448190000.0	122.25	945	153
snapshot_11_22_2015_6_0.json	1448190000.0	122.25	945	153
snapshot_11_23_2015_0_0.json	1448254800.0	122.25	945	136
snapshot_11_24_2015_0_0.json	1448341200.0	135.25	945	148
snapshot_11_24_2015_18_0.json	1448406000.0	135.25	945	148
snapshot_11_24_2015_6_0.json	1448362800.0	135.25	945	148
snapshot_11_25_2015_12_0.json	1448470800.0	117.16	945	149
snapshot_11_25_2015_18_0.json	1448492400.0	117.16	945	149
snapshot_11_25_2015_6_0.json	1448449200.0	117.16	945	149
snapshot_11_26_2015_0_0.json	1448514000.0	117.16	945	149
snapshot_11_27_2015_18_0.json	1448665200.0	117.16	945	149
snapshot_11_27_2015_18_0.json	1448665200.0	117.16	945	149
snapshot_11_28_2015_0_0.json	1448686800.0	117.16	945	149
snapshot_11_28_2015_12_0.json	1448730000.0	117.16	945	149
snapshot_11_28_2015_18_0.json	1448751600.0	117.16	945	145
snapshot_11_28_2015_18_0.json	1448751600.0	117.16	945	145
snapshot_11_28_2015_6_0.json	1448708400.0	117.16	945	149
snapshot_11_29_2015_12_0.json	1448816400.0	122.25	945	142
snapshot_11_29_2015_6_0.json	1448794800.0	122.25	945	142
snapshot_11_29_2015_6_0.json	1448794800.0	122.25	945	142
snapshot_11_30_2015_0_0.json	1448859600.0	76.75	945	142
snapshot_11_30_2015_12_0.json	1448902800.0	76.75	945	142
snapshot_11_30_2015_18_0.json	1448924400.0	76.75	945	142
snapshot_12_1_2015_12_0.json	1448989200.0	76.75	945	142
snapshot_12_1_2015_18_0.json	1449010800.0	76.75	945	142
snapshot_12_1_2015_6_0.json	1448967600.0	76.75	945	142
snapshot_12_2_2015_0_0.json	1449032400.0	70.24	88.4	3
snapshot_12_2_2015_12_0.json	1449075600.0	69.42	57.2	3
snapshot_12_2_2015_6_0.json	1449054000.0	69.42	57.2	3
snapshot_12_3_2015_0_0.json	1449118800.0	0	0	0
snapshot_12_3_2015_0_0.json	1449118800.0	0	0	0
snapshot_12_3_2015_12_0.json	1449162000.0	0	0	0
snapshot_12_3_2015_18_0.json	1449183600.0	0	0	0
snapshot_12_4_2015_0_0.json	1449205200.0	0	0	0
snapshot_12_4_2015_12_0.json	1449248400.0	0	0	0
snapshot_12_4_2015_6_0.json	1449226800.0	0	0	0
