9289035	2015-11-28T01:00:00Z	Opry at the Ryman	Ryman Auditorium	Tennessee Nashville|700	37219
snapshot_11_16_2015_0_0.json	1447650000.0	126.52	114	6
snapshot_11_17_2015_0_0.json	1447736400.0	126.52	114	6
snapshot_11_17_2015_12_0.json	1447779600.0	126.52	114	6
snapshot_11_17_2015_18_0.json	1447801200.0	126.52	114	6
snapshot_11_18_2015_0_0.json	1447822800.0	124.18	249	8
snapshot_11_18_2015_12_0.json	1447866000.0	124.18	249	8
snapshot_11_18_2015_12_0.json	1447866000.0	124.18	249	8
snapshot_11_18_2015_18_0.json	1447887600.0	124.18	112	6
snapshot_11_18_2015_6_0.json	1447844400.0	124.18	249	8
snapshot_11_20_2015_0_0.json	1447995600.0	124.18	149	10
snapshot_11_20_2015_12_0.json	1448038800.0	120.67	149	10
snapshot_11_20_2015_12_0.json	1448038800.0	120.67	149	10
snapshot_11_21_2015_12_0.json	1448125200.0	153.43	149	4
snapshot_11_21_2015_18_0.json	1448146800.0	153.43	149	4
snapshot_11_22_2015_12_0.json	1448211600.0	153.43	149	3
snapshot_11_22_2015_18_0.json	1448233200.0	153.43	149	3
snapshot_11_22_2015_18_0.json	1448233200.0	153.43	149	3
snapshot_11_22_2015_6_0.json	1448190000.0	153.43	149	3
snapshot_11_23_2015_0_0.json	1448254800.0	176.83	149	1
snapshot_11_23_2015_12_0.json	1448298000.0	118.33	99	1
snapshot_11_23_2015_18_0.json	1448319600.0	119.5	199	8
snapshot_11_24_2015_0_0.json	1448341200.0	0	0	0
snapshot_11_24_2015_12_0.json	1448384400.0	178	150	2
snapshot_11_24_2015_12_0.json	1448384400.0	178	150	2
snapshot_11_24_2015_18_0.json	1448406000.0	178	199	6
snapshot_11_25_2015_0_0.json	1448427600.0	235.33	199	4
snapshot_11_25_2015_0_0.json	1448427600.0	235.33	199	4
snapshot_11_25_2015_18_0.json	1448492400.0	235.33	199	4
snapshot_11_25_2015_6_0.json	1448449200.0	235.33	199	4
snapshot_11_26_2015_0_0.json	1448514000.0	235.33	199	2
snapshot_11_26_2015_0_0.json	1448514000.0	235.33	199	2
snapshot_11_27_2015_18_0.json	1448665200.0	0	0	0
snapshot_11_28_2015_0_0.json	1448686800.0	0	0	0
snapshot_11_28_2015_12_0.json	1448730000.0	0	0	0
snapshot_11_28_2015_18_0.json	1448751600.0	0	0	0
snapshot_11_28_2015_6_0.json	1448708400.0	0	0	0
snapshot_11_29_2015_6_0.json	1448794800.0	0	0	0
snapshot_11_29_2015_6_0.json	1448794800.0	0	0	0
9289035	2015-11-28T01:00:00Z	Opry at the Ryman	Ryman Auditorium	Tennessee Nashville|700	37219
snapshot_11_16_2015_0_0.json	1447650000.0	126.52	114	6
snapshot_11_17_2015_0_0.json	1447736400.0	126.52	114	6
snapshot_11_17_2015_12_0.json	1447779600.0	126.52	114	6
snapshot_11_17_2015_18_0.json	1447801200.0	126.52	114	6
snapshot_11_18_2015_0_0.json	1447822800.0	124.18	249	8
snapshot_11_18_2015_12_0.json	1447866000.0	124.18	249	8
snapshot_11_18_2015_12_0.json	1447866000.0	124.18	249	8
snapshot_11_18_2015_18_0.json	1447887600.0	124.18	112	6
snapshot_11_18_2015_6_0.json	1447844400.0	124.18	249	8
snapshot_11_20_2015_0_0.json	1447995600.0	124.18	149	10
snapshot_11_20_2015_12_0.json	1448038800.0	120.67	149	10
snapshot_11_20_2015_12_0.json	1448038800.0	120.67	149	10
snapshot_11_21_2015_12_0.json	1448125200.0	153.43	149	4
snapshot_11_21_2015_18_0.json	1448146800.0	153.43	149	4
snapshot_11_22_2015_12_0.json	1448211600.0	153.43	149	3
snapshot_11_22_2015_18_0.json	1448233200.0	153.43	149	3
snapshot_11_22_2015_18_0.json	1448233200.0	153.43	149	3
snapshot_11_22_2015_6_0.json	1448190000.0	153.43	149	3
snapshot_11_23_2015_0_0.json	1448254800.0	176.83	149	1
snapshot_11_23_2015_12_0.json	1448298000.0	118.33	99	1
snapshot_11_23_2015_18_0.json	1448319600.0	119.5	199	8
snapshot_11_24_2015_0_0.json	1448341200.0	0	0	0
snapshot_11_24_2015_12_0.json	1448384400.0	178	150	2
snapshot_11_24_2015_12_0.json	1448384400.0	178	150	2
snapshot_11_24_2015_18_0.json	1448406000.0	178	199	6
snapshot_11_25_2015_0_0.json	1448427600.0	235.33	199	4
snapshot_11_25_2015_0_0.json	1448427600.0	235.33	199	4
snapshot_11_25_2015_18_0.json	1448492400.0	235.33	199	4
snapshot_11_25_2015_6_0.json	1448449200.0	235.33	199	4
snapshot_11_26_2015_0_0.json	1448514000.0	235.33	199	2
snapshot_11_26_2015_0_0.json	1448514000.0	235.33	199	2
snapshot_11_27_2015_18_0.json	1448665200.0	0	0	0
snapshot_11_28_2015_0_0.json	1448686800.0	0	0	0
snapshot_11_28_2015_12_0.json	1448730000.0	0	0	0
snapshot_11_28_2015_18_0.json	1448751600.0	0	0	0
snapshot_11_28_2015_6_0.json	1448708400.0	0	0	0
snapshot_11_29_2015_6_0.json	1448794800.0	0	0	0
snapshot_11_29_2015_6_0.json	1448794800.0	0	0	0
