9289510	2015-11-29T02:00:00Z	Beautiful the Musical	Orpheum Theatre Minneapolis	Minnesota Minneapolis|680	55403
snapshot_11_16_2015_0_0.json	1447650000.0	77.38	395	167
snapshot_11_16_2015_0_0.json	1447650000.0	77.38	395	167
snapshot_11_17_2015_0_0.json	1447736400.0	77.38	395	167
snapshot_11_17_2015_12_0.json	1447779600.0	80.13	395	169
snapshot_11_17_2015_18_0.json	1447801200.0	77.38	395	167
snapshot_11_17_2015_6_0.json	1447758000.0	80.13	395	169
snapshot_11_17_2015_6_0.json	1447758000.0	80.13	395	169
snapshot_11_18_2015_0_0.json	1447822800.0	77.38	395	165
snapshot_11_18_2015_12_0.json	1447866000.0	80.13	395	181
snapshot_11_18_2015_12_0.json	1447866000.0	80.13	395	181
snapshot_11_18_2015_18_0.json	1447887600.0	77.38	395	179
snapshot_11_18_2015_6_0.json	1447844400.0	80.13	395	181
snapshot_11_19_2015_0_0.json	1447909200.0	77.38	395	179
snapshot_11_19_2015_0_0.json	1447909200.0	77.38	395	179
snapshot_11_19_2015_12_0.json	1447952400.0	80.13	395	177
snapshot_11_19_2015_6_0.json	1447930800.0	80.13	395	177
snapshot_11_20_2015_0_0.json	1447995600.0	77.38	395	167
snapshot_11_21_2015_12_0.json	1448125200.0	80.13	395	159
snapshot_11_21_2015_18_0.json	1448146800.0	65.68	395	153
snapshot_11_22_2015_12_0.json	1448211600.0	68.43	395	146
snapshot_11_22_2015_12_0.json	1448211600.0	68.43	395	146
snapshot_11_22_2015_18_0.json	1448233200.0	65.68	395	146
snapshot_11_22_2015_6_0.json	1448190000.0	68.43	395	146
snapshot_11_22_2015_6_0.json	1448190000.0	68.43	395	146
snapshot_11_23_2015_0_0.json	1448254800.0	65.68	395	143
snapshot_11_23_2015_12_0.json	1448298000.0	68.43	395	141
snapshot_11_23_2015_18_0.json	1448319600.0	65.68	395	141
snapshot_11_24_2015_0_0.json	1448341200.0	86.74	209	102
snapshot_11_24_2015_12_0.json	1448384400.0	86.74	208	98
snapshot_11_24_2015_18_0.json	1448406000.0	86.74	208	100
snapshot_11_24_2015_6_0.json	1448362800.0	86.74	208	98
snapshot_11_25_2015_0_0.json	1448427600.0	86.74	208	98
snapshot_11_25_2015_12_0.json	1448470800.0	86.74	208	98
snapshot_11_25_2015_18_0.json	1448492400.0	72.82	208	98
snapshot_11_25_2015_6_0.json	1448449200.0	86.74	208	98
snapshot_11_26_2015_0_0.json	1448514000.0	86.74	208	89
snapshot_11_27_2015_18_0.json	1448665200.0	180.22	151.9	3
snapshot_11_28_2015_0_0.json	1448686800.0	180.22	151.9	3
snapshot_11_28_2015_12_0.json	1448730000.0	180.22	151.9	3
snapshot_11_29_2015_0_0.json	1448773200.0	0	0	0
snapshot_11_29_2015_6_0.json	1448794800.0	0	0	0
snapshot_11_30_2015_0_0.json	1448859600.0	0	0	0
snapshot_11_30_2015_0_0.json	1448859600.0	0	0	0
snapshot_11_30_2015_12_0.json	1448902800.0	0	0	0
snapshot_11_30_2015_18_0.json	1448924400.0	0	0	0
snapshot_11_30_2015_6_0.json	1448881200.0	0	0	0
snapshot_11_30_2015_6_0.json	1448881200.0	0	0	0
9289510	2015-11-29T02:00:00Z	Beautiful the Musical	Orpheum Theatre Minneapolis	Minnesota Minneapolis|680	55403
snapshot_11_16_2015_0_0.json	1447650000.0	77.38	395	167
snapshot_11_16_2015_0_0.json	1447650000.0	77.38	395	167
snapshot_11_17_2015_0_0.json	1447736400.0	77.38	395	167
snapshot_11_17_2015_12_0.json	1447779600.0	80.13	395	169
snapshot_11_17_2015_18_0.json	1447801200.0	77.38	395	167
snapshot_11_17_2015_6_0.json	1447758000.0	80.13	395	169
snapshot_11_17_2015_6_0.json	1447758000.0	80.13	395	169
snapshot_11_18_2015_0_0.json	1447822800.0	77.38	395	165
snapshot_11_18_2015_12_0.json	1447866000.0	80.13	395	181
snapshot_11_18_2015_12_0.json	1447866000.0	80.13	395	181
snapshot_11_18_2015_18_0.json	1447887600.0	77.38	395	179
snapshot_11_18_2015_6_0.json	1447844400.0	80.13	395	181
snapshot_11_19_2015_0_0.json	1447909200.0	77.38	395	179
snapshot_11_19_2015_0_0.json	1447909200.0	77.38	395	179
snapshot_11_19_2015_12_0.json	1447952400.0	80.13	395	177
snapshot_11_19_2015_6_0.json	1447930800.0	80.13	395	177
snapshot_11_20_2015_0_0.json	1447995600.0	77.38	395	167
snapshot_11_21_2015_12_0.json	1448125200.0	80.13	395	159
snapshot_11_21_2015_18_0.json	1448146800.0	65.68	395	153
snapshot_11_22_2015_12_0.json	1448211600.0	68.43	395	146
snapshot_11_22_2015_12_0.json	1448211600.0	68.43	395	146
snapshot_11_22_2015_18_0.json	1448233200.0	65.68	395	146
snapshot_11_22_2015_6_0.json	1448190000.0	68.43	395	146
snapshot_11_22_2015_6_0.json	1448190000.0	68.43	395	146
snapshot_11_23_2015_0_0.json	1448254800.0	65.68	395	143
snapshot_11_23_2015_12_0.json	1448298000.0	68.43	395	141
snapshot_11_23_2015_18_0.json	1448319600.0	65.68	395	141
snapshot_11_24_2015_0_0.json	1448341200.0	86.74	209	102
snapshot_11_24_2015_12_0.json	1448384400.0	86.74	208	98
snapshot_11_24_2015_18_0.json	1448406000.0	86.74	208	100
snapshot_11_24_2015_6_0.json	1448362800.0	86.74	208	98
snapshot_11_25_2015_0_0.json	1448427600.0	86.74	208	98
snapshot_11_25_2015_12_0.json	1448470800.0	86.74	208	98
snapshot_11_25_2015_18_0.json	1448492400.0	72.82	208	98
snapshot_11_25_2015_6_0.json	1448449200.0	86.74	208	98
snapshot_11_26_2015_0_0.json	1448514000.0	86.74	208	89
snapshot_11_27_2015_18_0.json	1448665200.0	180.22	151.9	3
snapshot_11_28_2015_0_0.json	1448686800.0	180.22	151.9	3
snapshot_11_28_2015_12_0.json	1448730000.0	180.22	151.9	3
snapshot_11_29_2015_0_0.json	1448773200.0	0	0	0
snapshot_11_29_2015_6_0.json	1448794800.0	0	0	0
snapshot_11_30_2015_0_0.json	1448859600.0	0	0	0
snapshot_11_30_2015_0_0.json	1448859600.0	0	0	0
snapshot_11_30_2015_12_0.json	1448902800.0	0	0	0
snapshot_11_30_2015_18_0.json	1448924400.0	0	0	0
snapshot_11_30_2015_6_0.json	1448881200.0	0	0	0
snapshot_11_30_2015_6_0.json	1448881200.0	0	0	0
