9289512	2015-11-28T02:00:00Z	Beautiful the Musical	Orpheum Theatre Minneapolis	Minnesota Minneapolis|680	55403
snapshot_11_16_2015_0_0.json	1447650000.0	86.74	258	215
snapshot_11_17_2015_0_0.json	1447736400.0	86.74	258	215
snapshot_11_17_2015_12_0.json	1447779600.0	86.74	395	245
snapshot_11_17_2015_6_0.json	1447758000.0	86.74	258	215
snapshot_11_18_2015_12_0.json	1447866000.0	86.74	395	243
snapshot_11_18_2015_12_0.json	1447866000.0	86.74	395	243
snapshot_11_18_2015_18_0.json	1447887600.0	86.74	395	243
snapshot_11_18_2015_6_0.json	1447844400.0	86.74	395	243
snapshot_11_19_2015_0_0.json	1447909200.0	86.74	395	243
snapshot_11_19_2015_12_0.json	1447952400.0	86.74	395	243
snapshot_11_19_2015_6_0.json	1447930800.0	86.74	395	243
snapshot_11_20_2015_0_0.json	1447995600.0	86.74	395	250
snapshot_11_20_2015_12_0.json	1448038800.0	86.74	395	250
snapshot_11_21_2015_18_0.json	1448146800.0	86.74	395	238
snapshot_11_22_2015_0_0.json	1448168400.0	86.74	395	238
snapshot_11_22_2015_0_0.json	1448168400.0	86.74	395	238
snapshot_11_22_2015_12_0.json	1448211600.0	86.74	395	230
snapshot_11_22_2015_18_0.json	1448233200.0	86.74	395	228
snapshot_11_22_2015_6_0.json	1448190000.0	86.74	395	230
snapshot_11_22_2015_6_0.json	1448190000.0	86.74	395	230
snapshot_11_23_2015_0_0.json	1448254800.0	86.74	395	225
snapshot_11_23_2015_12_0.json	1448298000.0	86.74	395	223
snapshot_11_23_2015_12_0.json	1448298000.0	86.74	395	223
snapshot_11_24_2015_12_0.json	1448384400.0	86.74	258	192
snapshot_11_24_2015_12_0.json	1448384400.0	86.74	258	192
snapshot_11_24_2015_18_0.json	1448406000.0	86.74	258	191
snapshot_11_24_2015_6_0.json	1448362800.0	86.74	258	194
snapshot_11_25_2015_0_0.json	1448427600.0	86.74	258	99
snapshot_11_25_2015_12_0.json	1448470800.0	86.74	258	97
snapshot_11_25_2015_18_0.json	1448492400.0	86.74	258	95
snapshot_11_25_2015_6_0.json	1448449200.0	86.74	258	97
snapshot_11_26_2015_0_0.json	1448514000.0	86.74	258	93
snapshot_11_27_2015_18_0.json	1448665200.0	151.56	147	19
snapshot_11_27_2015_18_0.json	1448665200.0	151.56	147	19
snapshot_11_28_2015_0_0.json	1448686800.0	142.9	132.3	15
snapshot_11_28_2015_12_0.json	1448730000.0	0	0	0
snapshot_11_28_2015_6_0.json	1448708400.0	0	0	0
snapshot_11_28_2015_6_0.json	1448708400.0	0	0	0
snapshot_11_29_2015_0_0.json	1448773200.0	0	0	0
snapshot_11_29_2015_0_0.json	1448773200.0	0	0	0
snapshot_11_29_2015_12_0.json	1448816400.0	0	0	0
snapshot_11_29_2015_6_0.json	1448794800.0	0	0	0
snapshot_11_30_2015_0_0.json	1448859600.0	0	0	0
9289512	2015-11-28T02:00:00Z	Beautiful the Musical	Orpheum Theatre Minneapolis	Minnesota Minneapolis|680	55403
snapshot_11_16_2015_0_0.json	1447650000.0	86.74	258	215
snapshot_11_17_2015_0_0.json	1447736400.0	86.74	258	215
snapshot_11_17_2015_12_0.json	1447779600.0	86.74	395	245
snapshot_11_17_2015_6_0.json	1447758000.0	86.74	258	215
snapshot_11_18_2015_12_0.json	1447866000.0	86.74	395	243
snapshot_11_18_2015_12_0.json	1447866000.0	86.74	395	243
snapshot_11_18_2015_18_0.json	1447887600.0	86.74	395	243
snapshot_11_18_2015_6_0.json	1447844400.0	86.74	395	243
snapshot_11_19_2015_0_0.json	1447909200.0	86.74	395	243
snapshot_11_19_2015_12_0.json	1447952400.0	86.74	395	243
snapshot_11_19_2015_6_0.json	1447930800.0	86.74	395	243
snapshot_11_20_2015_0_0.json	1447995600.0	86.74	395	250
snapshot_11_20_2015_12_0.json	1448038800.0	86.74	395	250
snapshot_11_21_2015_18_0.json	1448146800.0	86.74	395	238
snapshot_11_22_2015_0_0.json	1448168400.0	86.74	395	238
snapshot_11_22_2015_0_0.json	1448168400.0	86.74	395	238
snapshot_11_22_2015_12_0.json	1448211600.0	86.74	395	230
snapshot_11_22_2015_18_0.json	1448233200.0	86.74	395	228
snapshot_11_22_2015_6_0.json	1448190000.0	86.74	395	230
snapshot_11_22_2015_6_0.json	1448190000.0	86.74	395	230
snapshot_11_23_2015_0_0.json	1448254800.0	86.74	395	225
snapshot_11_23_2015_12_0.json	1448298000.0	86.74	395	223
snapshot_11_23_2015_12_0.json	1448298000.0	86.74	395	223
snapshot_11_24_2015_12_0.json	1448384400.0	86.74	258	192
snapshot_11_24_2015_12_0.json	1448384400.0	86.74	258	192
snapshot_11_24_2015_18_0.json	1448406000.0	86.74	258	191
snapshot_11_24_2015_6_0.json	1448362800.0	86.74	258	194
snapshot_11_25_2015_0_0.json	1448427600.0	86.74	258	99
snapshot_11_25_2015_12_0.json	1448470800.0	86.74	258	97
snapshot_11_25_2015_18_0.json	1448492400.0	86.74	258	95
snapshot_11_25_2015_6_0.json	1448449200.0	86.74	258	97
snapshot_11_26_2015_0_0.json	1448514000.0	86.74	258	93
snapshot_11_27_2015_18_0.json	1448665200.0	151.56	147	19
snapshot_11_27_2015_18_0.json	1448665200.0	151.56	147	19
snapshot_11_28_2015_0_0.json	1448686800.0	142.9	132.3	15
snapshot_11_28_2015_12_0.json	1448730000.0	0	0	0
snapshot_11_28_2015_6_0.json	1448708400.0	0	0	0
snapshot_11_28_2015_6_0.json	1448708400.0	0	0	0
snapshot_11_29_2015_0_0.json	1448773200.0	0	0	0
snapshot_11_29_2015_0_0.json	1448773200.0	0	0	0
snapshot_11_29_2015_12_0.json	1448816400.0	0	0	0
snapshot_11_29_2015_6_0.json	1448794800.0	0	0	0
snapshot_11_30_2015_0_0.json	1448859600.0	0	0	0
