9289278	2015-11-25T00:00:00Z	On Your Feet New York	Marquis Theatre New York	New York New York Metro|664	10036
snapshot_11_17_2015_12_0.json	1447779600.0	118.66	945	229
snapshot_11_17_2015_12_0.json	1447779600.0	118.66	945	229
snapshot_11_17_2015_18_0.json	1447801200.0	118.66	945	225
snapshot_11_18_2015_0_0.json	1447822800.0	118.66	945	225
snapshot_11_18_2015_12_0.json	1447866000.0	118.66	945	225
snapshot_11_18_2015_12_0.json	1447866000.0	118.66	945	225
snapshot_11_18_2015_18_0.json	1447887600.0	118.66	945	229
snapshot_11_18_2015_6_0.json	1447844400.0	118.66	945	225
snapshot_11_18_2015_6_0.json	1447844400.0	118.66	945	225
snapshot_11_19_2015_0_0.json	1447909200.0	118.66	945	227
snapshot_11_19_2015_12_0.json	1447952400.0	118.66	945	222
snapshot_11_20_2015_0_0.json	1447995600.0	118.66	945	214
snapshot_11_20_2015_12_0.json	1448038800.0	118.66	945	214
snapshot_11_20_2015_12_0.json	1448038800.0	118.66	945	214
snapshot_11_21_2015_12_0.json	1448125200.0	118.66	945	210
snapshot_11_21_2015_18_0.json	1448146800.0	118.66	945	210
snapshot_11_22_2015_0_0.json	1448168400.0	118.66	945	208
snapshot_11_22_2015_12_0.json	1448211600.0	118.66	945	206
snapshot_11_22_2015_18_0.json	1448233200.0	118.66	945	157
snapshot_11_22_2015_18_0.json	1448233200.0	118.66	945	157
snapshot_11_22_2015_6_0.json	1448190000.0	118.66	945	206
snapshot_11_23_2015_0_0.json	1448254800.0	118.66	945	155
snapshot_11_23_2015_12_0.json	1448298000.0	118.66	945	152
snapshot_11_23_2015_18_0.json	1448319600.0	118.66	945	148
snapshot_11_24_2015_0_0.json	1448341200.0	93.92	945	148
snapshot_11_24_2015_12_0.json	1448384400.0	93.92	945	148
snapshot_11_24_2015_18_0.json	1448406000.0	93.92	945	144
snapshot_11_24_2015_6_0.json	1448362800.0	93.92	945	148
snapshot_11_25_2015_0_0.json	1448427600.0	0	0	0
snapshot_11_25_2015_18_0.json	1448492400.0	0	0	0
snapshot_11_25_2015_6_0.json	1448449200.0	0	0	0
snapshot_11_26_2015_0_0.json	1448514000.0	0	0	0
9289278	2015-11-25T00:00:00Z	On Your Feet New York	Marquis Theatre New York	New York New York Metro|664	10036
snapshot_11_17_2015_12_0.json	1447779600.0	118.66	945	229
snapshot_11_17_2015_12_0.json	1447779600.0	118.66	945	229
snapshot_11_17_2015_18_0.json	1447801200.0	118.66	945	225
snapshot_11_18_2015_0_0.json	1447822800.0	118.66	945	225
snapshot_11_18_2015_12_0.json	1447866000.0	118.66	945	225
snapshot_11_18_2015_12_0.json	1447866000.0	118.66	945	225
snapshot_11_18_2015_18_0.json	1447887600.0	118.66	945	229
snapshot_11_18_2015_6_0.json	1447844400.0	118.66	945	225
snapshot_11_18_2015_6_0.json	1447844400.0	118.66	945	225
snapshot_11_19_2015_0_0.json	1447909200.0	118.66	945	227
snapshot_11_19_2015_12_0.json	1447952400.0	118.66	945	222
snapshot_11_20_2015_0_0.json	1447995600.0	118.66	945	214
snapshot_11_20_2015_12_0.json	1448038800.0	118.66	945	214
snapshot_11_20_2015_12_0.json	1448038800.0	118.66	945	214
snapshot_11_21_2015_12_0.json	1448125200.0	118.66	945	210
snapshot_11_21_2015_18_0.json	1448146800.0	118.66	945	210
snapshot_11_22_2015_0_0.json	1448168400.0	118.66	945	208
snapshot_11_22_2015_12_0.json	1448211600.0	118.66	945	206
snapshot_11_22_2015_18_0.json	1448233200.0	118.66	945	157
snapshot_11_22_2015_18_0.json	1448233200.0	118.66	945	157
snapshot_11_22_2015_6_0.json	1448190000.0	118.66	945	206
snapshot_11_23_2015_0_0.json	1448254800.0	118.66	945	155
snapshot_11_23_2015_12_0.json	1448298000.0	118.66	945	152
snapshot_11_23_2015_18_0.json	1448319600.0	118.66	945	148
snapshot_11_24_2015_0_0.json	1448341200.0	93.92	945	148
snapshot_11_24_2015_12_0.json	1448384400.0	93.92	945	148
snapshot_11_24_2015_18_0.json	1448406000.0	93.92	945	144
snapshot_11_24_2015_6_0.json	1448362800.0	93.92	945	148
snapshot_11_25_2015_0_0.json	1448427600.0	0	0	0
snapshot_11_25_2015_18_0.json	1448492400.0	0	0	0
snapshot_11_25_2015_6_0.json	1448449200.0	0	0	0
snapshot_11_26_2015_0_0.json	1448514000.0	0	0	0
