9289216	2015-11-28T19:00:00Z	On Your Feet New York	Marquis Theatre New York	New York New York Metro|664	10036
snapshot_11_17_2015_0_0.json	1447736400.0	119.5	945	222
snapshot_11_17_2015_12_0.json	1447779600.0	119.5	945	222
snapshot_11_17_2015_18_0.json	1447801200.0	119.5	945	222
snapshot_11_17_2015_18_0.json	1447801200.0	119.5	945	222
snapshot_11_17_2015_6_0.json	1447758000.0	119.5	945	222
snapshot_11_18_2015_0_0.json	1447822800.0	119.5	945	222
snapshot_11_18_2015_12_0.json	1447866000.0	119.5	945	222
snapshot_11_18_2015_12_0.json	1447866000.0	119.5	945	222
snapshot_11_18_2015_18_0.json	1447887600.0	119.5	945	226
snapshot_11_18_2015_18_0.json	1447887600.0	119.5	945	226
snapshot_11_18_2015_6_0.json	1447844400.0	119.5	945	222
snapshot_11_18_2015_6_0.json	1447844400.0	119.5	945	222
snapshot_11_19_2015_0_0.json	1447909200.0	119.5	945	209
snapshot_11_19_2015_12_0.json	1447952400.0	119.5	945	207
snapshot_11_19_2015_12_0.json	1447952400.0	119.5	945	207
snapshot_11_19_2015_6_0.json	1447930800.0	119.5	945	207
snapshot_11_19_2015_6_0.json	1447930800.0	119.5	945	207
snapshot_11_20_2015_0_0.json	1447995600.0	119.5	945	199
snapshot_11_20_2015_12_0.json	1448038800.0	119.5	945	199
snapshot_11_21_2015_12_0.json	1448125200.0	119.5	945	192
snapshot_11_21_2015_18_0.json	1448146800.0	119.5	945	200
snapshot_11_22_2015_0_0.json	1448168400.0	119.5	945	200
snapshot_11_22_2015_12_0.json	1448211600.0	119.5	945	200
snapshot_11_22_2015_18_0.json	1448233200.0	119.5	945	200
snapshot_11_22_2015_18_0.json	1448233200.0	119.5	945	200
snapshot_11_22_2015_6_0.json	1448190000.0	119.5	945	200
snapshot_11_22_2015_6_0.json	1448190000.0	119.5	945	200
snapshot_11_23_2015_0_0.json	1448254800.0	119.5	945	210
snapshot_11_23_2015_18_0.json	1448319600.0	119.5	945	207
snapshot_11_24_2015_0_0.json	1448341200.0	119.5	945	198
snapshot_11_24_2015_18_0.json	1448406000.0	119.5	945	191
snapshot_11_24_2015_6_0.json	1448362800.0	119.5	945	198
snapshot_11_25_2015_12_0.json	1448470800.0	114.75	945	182
snapshot_11_25_2015_18_0.json	1448492400.0	102.15	945	182
snapshot_11_25_2015_6_0.json	1448449200.0	114.75	945	182
snapshot_11_25_2015_6_0.json	1448449200.0	114.75	945	182
snapshot_11_25_2015_6_0.json	1448449200.0	114.75	945	182
snapshot_11_26_2015_0_0.json	1448514000.0	102.15	945	182
snapshot_11_26_2015_0_0.json	1448514000.0	102.15	945	182
snapshot_11_27_2015_18_0.json	1448665200.0	119.5	945	158
snapshot_11_27_2015_18_0.json	1448665200.0	119.5	945	158
snapshot_11_28_2015_0_0.json	1448686800.0	118.1	275.6	22
snapshot_11_28_2015_0_0.json	1448686800.0	118.1	275.6	22
snapshot_11_28_2015_12_0.json	1448730000.0	96.1	260	21
snapshot_11_28_2015_18_0.json	1448751600.0	96.1	208	15
snapshot_11_28_2015_18_0.json	1448751600.0	96.1	208	15
snapshot_11_29_2015_0_0.json	1448773200.0	0	0	0
snapshot_11_29_2015_0_0.json	1448773200.0	0	0	0
snapshot_11_29_2015_12_0.json	1448816400.0	0	0	0
snapshot_11_29_2015_18_0.json	1448838000.0	0	0	0
snapshot_11_29_2015_18_0.json	1448838000.0	0	0	0
snapshot_11_29_2015_6_0.json	1448794800.0	0	0	0
snapshot_11_30_2015_0_0.json	1448859600.0	0	0	0
snapshot_11_30_2015_12_0.json	1448902800.0	0	0	0
snapshot_12_1_2015_12_0.json	1448989200.0	0	0	0
snapshot_12_1_2015_12_0.json	1448989200.0	0	0	0
9289216	2015-11-28T19:00:00Z	On Your Feet New York	Marquis Theatre New York	New York New York Metro|664	10036
snapshot_11_17_2015_0_0.json	1447736400.0	119.5	945	222
snapshot_11_17_2015_12_0.json	1447779600.0	119.5	945	222
snapshot_11_17_2015_18_0.json	1447801200.0	119.5	945	222
snapshot_11_17_2015_18_0.json	1447801200.0	119.5	945	222
snapshot_11_17_2015_6_0.json	1447758000.0	119.5	945	222
snapshot_11_18_2015_0_0.json	1447822800.0	119.5	945	222
snapshot_11_18_2015_12_0.json	1447866000.0	119.5	945	222
snapshot_11_18_2015_12_0.json	1447866000.0	119.5	945	222
snapshot_11_18_2015_18_0.json	1447887600.0	119.5	945	226
snapshot_11_18_2015_18_0.json	1447887600.0	119.5	945	226
snapshot_11_18_2015_6_0.json	1447844400.0	119.5	945	222
snapshot_11_18_2015_6_0.json	1447844400.0	119.5	945	222
snapshot_11_19_2015_0_0.json	1447909200.0	119.5	945	209
snapshot_11_19_2015_12_0.json	1447952400.0	119.5	945	207
snapshot_11_19_2015_12_0.json	1447952400.0	119.5	945	207
snapshot_11_19_2015_6_0.json	1447930800.0	119.5	945	207
snapshot_11_19_2015_6_0.json	1447930800.0	119.5	945	207
snapshot_11_20_2015_0_0.json	1447995600.0	119.5	945	199
snapshot_11_20_2015_12_0.json	1448038800.0	119.5	945	199
snapshot_11_21_2015_12_0.json	1448125200.0	119.5	945	192
snapshot_11_21_2015_18_0.json	1448146800.0	119.5	945	200
snapshot_11_22_2015_0_0.json	1448168400.0	119.5	945	200
snapshot_11_22_2015_12_0.json	1448211600.0	119.5	945	200
snapshot_11_22_2015_18_0.json	1448233200.0	119.5	945	200
snapshot_11_22_2015_18_0.json	1448233200.0	119.5	945	200
snapshot_11_22_2015_6_0.json	1448190000.0	119.5	945	200
snapshot_11_22_2015_6_0.json	1448190000.0	119.5	945	200
snapshot_11_23_2015_0_0.json	1448254800.0	119.5	945	210
snapshot_11_23_2015_18_0.json	1448319600.0	119.5	945	207
snapshot_11_24_2015_0_0.json	1448341200.0	119.5	945	198
snapshot_11_24_2015_18_0.json	1448406000.0	119.5	945	191
snapshot_11_24_2015_6_0.json	1448362800.0	119.5	945	198
snapshot_11_25_2015_12_0.json	1448470800.0	114.75	945	182
snapshot_11_25_2015_18_0.json	1448492400.0	102.15	945	182
snapshot_11_25_2015_6_0.json	1448449200.0	114.75	945	182
snapshot_11_25_2015_6_0.json	1448449200.0	114.75	945	182
snapshot_11_25_2015_6_0.json	1448449200.0	114.75	945	182
snapshot_11_26_2015_0_0.json	1448514000.0	102.15	945	182
snapshot_11_26_2015_0_0.json	1448514000.0	102.15	945	182
snapshot_11_27_2015_18_0.json	1448665200.0	119.5	945	158
snapshot_11_27_2015_18_0.json	1448665200.0	119.5	945	158
snapshot_11_28_2015_0_0.json	1448686800.0	118.1	275.6	22
snapshot_11_28_2015_0_0.json	1448686800.0	118.1	275.6	22
snapshot_11_28_2015_12_0.json	1448730000.0	96.1	260	21
snapshot_11_28_2015_18_0.json	1448751600.0	96.1	208	15
snapshot_11_28_2015_18_0.json	1448751600.0	96.1	208	15
snapshot_11_29_2015_0_0.json	1448773200.0	0	0	0
snapshot_11_29_2015_0_0.json	1448773200.0	0	0	0
snapshot_11_29_2015_12_0.json	1448816400.0	0	0	0
snapshot_11_29_2015_18_0.json	1448838000.0	0	0	0
snapshot_11_29_2015_18_0.json	1448838000.0	0	0	0
snapshot_11_29_2015_6_0.json	1448794800.0	0	0	0
snapshot_11_30_2015_0_0.json	1448859600.0	0	0	0
snapshot_11_30_2015_12_0.json	1448902800.0	0	0	0
snapshot_12_1_2015_12_0.json	1448989200.0	0	0	0
snapshot_12_1_2015_12_0.json	1448989200.0	0	0	0
