9289236	2015-11-29T01:00:00Z	On Your Feet New York	Marquis Theatre New York	New York New York Metro|664	10036
snapshot_11_16_2015_0_0.json	1447650000.0	115.17	945	363
snapshot_11_17_2015_0_0.json	1447736400.0	103.3	945	355
snapshot_11_17_2015_12_0.json	1447779600.0	103.3	945	355
snapshot_11_17_2015_6_0.json	1447758000.0	103.3	945	355
snapshot_11_18_2015_0_0.json	1447822800.0	103.3	945	324
snapshot_11_18_2015_12_0.json	1447866000.0	103.3	945	319
snapshot_11_18_2015_18_0.json	1447887600.0	103.3	945	323
snapshot_11_18_2015_6_0.json	1447844400.0	103.3	945	319
snapshot_11_18_2015_6_0.json	1447844400.0	103.3	945	319
snapshot_11_19_2015_12_0.json	1447952400.0	103.3	945	306
snapshot_11_20_2015_0_0.json	1447995600.0	103.3	945	300
snapshot_11_20_2015_12_0.json	1448038800.0	103.3	945	300
snapshot_11_21_2015_12_0.json	1448125200.0	94.13	945	299
snapshot_11_21_2015_18_0.json	1448146800.0	94.13	945	299
snapshot_11_22_2015_0_0.json	1448168400.0	94.13	945	297
snapshot_11_22_2015_12_0.json	1448211600.0	94.13	945	297
snapshot_11_22_2015_18_0.json	1448233200.0	94.13	945	297
snapshot_11_22_2015_6_0.json	1448190000.0	94.13	945	297
snapshot_11_22_2015_6_0.json	1448190000.0	94.13	945	297
snapshot_11_23_2015_0_0.json	1448254800.0	94.13	945	294
snapshot_11_23_2015_12_0.json	1448298000.0	94.13	945	294
snapshot_11_23_2015_18_0.json	1448319600.0	99.86	945	290
snapshot_11_23_2015_6_0.json	1448276400.0	94.13	945	294
snapshot_11_24_2015_0_0.json	1448341200.0	99.86	945	266
snapshot_11_24_2015_12_0.json	1448384400.0	99.86	945	268
snapshot_11_24_2015_12_0.json	1448384400.0	99.86	945	268
snapshot_11_24_2015_18_0.json	1448406000.0	99.86	945	265
snapshot_11_24_2015_6_0.json	1448362800.0	99.86	945	266
snapshot_11_25_2015_0_0.json	1448427600.0	99.86	945	261
snapshot_11_25_2015_12_0.json	1448470800.0	94.13	945	263
snapshot_11_25_2015_18_0.json	1448492400.0	88.4	945	249
snapshot_11_25_2015_6_0.json	1448449200.0	94.13	945	263
snapshot_11_25_2015_6_0.json	1448449200.0	94.13	945	263
snapshot_11_26_2015_0_0.json	1448514000.0	88.4	945	249
snapshot_11_26_2015_0_0.json	1448514000.0	88.4	945	249
snapshot_11_27_2015_18_0.json	1448665200.0	86.11	945	196
snapshot_11_27_2015_18_0.json	1448665200.0	86.11	945	196
snapshot_11_28_2015_0_0.json	1448686800.0	80.39	945	190
snapshot_11_28_2015_12_0.json	1448730000.0	80.39	945	175
snapshot_11_28_2015_18_0.json	1448751600.0	80.39	945	161
snapshot_11_28_2015_6_0.json	1448708400.0	80.39	945	175
snapshot_11_29_2015_0_0.json	1448773200.0	58.62	130	14
snapshot_11_29_2015_0_0.json	1448773200.0	58.62	130	14
snapshot_11_29_2015_12_0.json	1448816400.0	0	0	0
snapshot_11_29_2015_18_0.json	1448838000.0	0	0	0
snapshot_11_29_2015_18_0.json	1448838000.0	0	0	0
snapshot_11_29_2015_6_0.json	1448794800.0	0	0	0
snapshot_11_30_2015_0_0.json	1448859600.0	0	0	0
snapshot_11_30_2015_12_0.json	1448902800.0	0	0	0
snapshot_12_1_2015_12_0.json	1448989200.0	0	0	0
snapshot_12_1_2015_12_0.json	1448989200.0	0	0	0
9289236	2015-11-29T01:00:00Z	On Your Feet New York	Marquis Theatre New York	New York New York Metro|664	10036
snapshot_11_16_2015_0_0.json	1447650000.0	115.17	945	363
snapshot_11_17_2015_0_0.json	1447736400.0	103.3	945	355
snapshot_11_17_2015_12_0.json	1447779600.0	103.3	945	355
snapshot_11_17_2015_6_0.json	1447758000.0	103.3	945	355
snapshot_11_18_2015_0_0.json	1447822800.0	103.3	945	324
snapshot_11_18_2015_12_0.json	1447866000.0	103.3	945	319
snapshot_11_18_2015_18_0.json	1447887600.0	103.3	945	323
snapshot_11_18_2015_6_0.json	1447844400.0	103.3	945	319
snapshot_11_18_2015_6_0.json	1447844400.0	103.3	945	319
snapshot_11_19_2015_12_0.json	1447952400.0	103.3	945	306
snapshot_11_20_2015_0_0.json	1447995600.0	103.3	945	300
snapshot_11_20_2015_12_0.json	1448038800.0	103.3	945	300
snapshot_11_21_2015_12_0.json	1448125200.0	94.13	945	299
snapshot_11_21_2015_18_0.json	1448146800.0	94.13	945	299
snapshot_11_22_2015_0_0.json	1448168400.0	94.13	945	297
snapshot_11_22_2015_12_0.json	1448211600.0	94.13	945	297
snapshot_11_22_2015_18_0.json	1448233200.0	94.13	945	297
snapshot_11_22_2015_6_0.json	1448190000.0	94.13	945	297
snapshot_11_22_2015_6_0.json	1448190000.0	94.13	945	297
snapshot_11_23_2015_0_0.json	1448254800.0	94.13	945	294
snapshot_11_23_2015_12_0.json	1448298000.0	94.13	945	294
snapshot_11_23_2015_18_0.json	1448319600.0	99.86	945	290
snapshot_11_23_2015_6_0.json	1448276400.0	94.13	945	294
snapshot_11_24_2015_0_0.json	1448341200.0	99.86	945	266
snapshot_11_24_2015_12_0.json	1448384400.0	99.86	945	268
snapshot_11_24_2015_12_0.json	1448384400.0	99.86	945	268
snapshot_11_24_2015_18_0.json	1448406000.0	99.86	945	265
snapshot_11_24_2015_6_0.json	1448362800.0	99.86	945	266
snapshot_11_25_2015_0_0.json	1448427600.0	99.86	945	261
snapshot_11_25_2015_12_0.json	1448470800.0	94.13	945	263
snapshot_11_25_2015_18_0.json	1448492400.0	88.4	945	249
snapshot_11_25_2015_6_0.json	1448449200.0	94.13	945	263
snapshot_11_25_2015_6_0.json	1448449200.0	94.13	945	263
snapshot_11_26_2015_0_0.json	1448514000.0	88.4	945	249
snapshot_11_26_2015_0_0.json	1448514000.0	88.4	945	249
snapshot_11_27_2015_18_0.json	1448665200.0	86.11	945	196
snapshot_11_27_2015_18_0.json	1448665200.0	86.11	945	196
snapshot_11_28_2015_0_0.json	1448686800.0	80.39	945	190
snapshot_11_28_2015_12_0.json	1448730000.0	80.39	945	175
snapshot_11_28_2015_18_0.json	1448751600.0	80.39	945	161
snapshot_11_28_2015_6_0.json	1448708400.0	80.39	945	175
snapshot_11_29_2015_0_0.json	1448773200.0	58.62	130	14
snapshot_11_29_2015_0_0.json	1448773200.0	58.62	130	14
snapshot_11_29_2015_12_0.json	1448816400.0	0	0	0
snapshot_11_29_2015_18_0.json	1448838000.0	0	0	0
snapshot_11_29_2015_18_0.json	1448838000.0	0	0	0
snapshot_11_29_2015_6_0.json	1448794800.0	0	0	0
snapshot_11_30_2015_0_0.json	1448859600.0	0	0	0
snapshot_11_30_2015_12_0.json	1448902800.0	0	0	0
snapshot_12_1_2015_12_0.json	1448989200.0	0	0	0
snapshot_12_1_2015_12_0.json	1448989200.0	0	0	0
