9290148	2015-11-22T23:30:00Z	Wicked	Whitney Hall	Kentucky Louisville|4421	40202
snapshot_11_16_2015_0_0.json	1447650000.0	118.33	160.55	65
snapshot_11_17_2015_0_0.json	1447736400.0	118.33	151.9	58
snapshot_11_17_2015_18_0.json	1447801200.0	118.33	151.9	58
snapshot_11_17_2015_6_0.json	1447758000.0	118.33	151.9	58
snapshot_11_17_2015_6_0.json	1447758000.0	118.33	151.9	58
snapshot_11_18_2015_0_0.json	1447822800.0	117.1	151.9	58
snapshot_11_18_2015_12_0.json	1447866000.0	117.1	151.9	56
snapshot_11_18_2015_6_0.json	1447844400.0	117.1	151.9	56
snapshot_11_18_2015_6_0.json	1447844400.0	117.1	151.9	56
snapshot_11_19_2015_0_0.json	1447909200.0	117.1	151.9	54
snapshot_11_19_2015_12_0.json	1447952400.0	117.1	151.9	54
snapshot_11_19_2015_18_0.json	1447974000.0	117.1	151.9	54
snapshot_11_20_2015_0_0.json	1447995600.0	106.68	151.9	54
snapshot_11_20_2015_12_0.json	1448038800.0	106.68	147	54
snapshot_11_21_2015_12_0.json	1448125200.0	91.63	140.97	45
snapshot_11_21_2015_18_0.json	1448146800.0	118.33	137.2	34
snapshot_11_22_2015_0_0.json	1448168400.0	118.33	137.2	32
snapshot_11_22_2015_12_0.json	1448211600.0	112.47	127.4	30
snapshot_11_22_2015_12_0.json	1448211600.0	112.47	127.4	30
snapshot_11_22_2015_18_0.json	1448233200.0	112.47	122.5	25
snapshot_11_22_2015_18_0.json	1448233200.0	112.47	122.5	25
snapshot_11_23_2015_0_0.json	1448254800.0	0	0	0
snapshot_11_23_2015_12_0.json	1448298000.0	0	0	0
snapshot_11_23_2015_18_0.json	1448319600.0	0	0	0
snapshot_11_23_2015_6_0.json	1448276400.0	0	0	0
snapshot_11_24_2015_0_0.json	1448341200.0	0	0	0
snapshot_11_24_2015_0_0.json	1448341200.0	0	0	0
snapshot_11_24_2015_6_0.json	1448362800.0	0	0	0
9290148	2015-11-22T23:30:00Z	Wicked	Whitney Hall	Kentucky Louisville|4421	40202
snapshot_11_16_2015_0_0.json	1447650000.0	118.33	160.55	65
snapshot_11_17_2015_0_0.json	1447736400.0	118.33	151.9	58
snapshot_11_17_2015_18_0.json	1447801200.0	118.33	151.9	58
snapshot_11_17_2015_6_0.json	1447758000.0	118.33	151.9	58
snapshot_11_17_2015_6_0.json	1447758000.0	118.33	151.9	58
snapshot_11_18_2015_0_0.json	1447822800.0	117.1	151.9	58
snapshot_11_18_2015_12_0.json	1447866000.0	117.1	151.9	56
snapshot_11_18_2015_6_0.json	1447844400.0	117.1	151.9	56
snapshot_11_18_2015_6_0.json	1447844400.0	117.1	151.9	56
snapshot_11_19_2015_0_0.json	1447909200.0	117.1	151.9	54
snapshot_11_19_2015_12_0.json	1447952400.0	117.1	151.9	54
snapshot_11_19_2015_18_0.json	1447974000.0	117.1	151.9	54
snapshot_11_20_2015_0_0.json	1447995600.0	106.68	151.9	54
snapshot_11_20_2015_12_0.json	1448038800.0	106.68	147	54
snapshot_11_21_2015_12_0.json	1448125200.0	91.63	140.97	45
snapshot_11_21_2015_18_0.json	1448146800.0	118.33	137.2	34
snapshot_11_22_2015_0_0.json	1448168400.0	118.33	137.2	32
snapshot_11_22_2015_12_0.json	1448211600.0	112.47	127.4	30
snapshot_11_22_2015_12_0.json	1448211600.0	112.47	127.4	30
snapshot_11_22_2015_18_0.json	1448233200.0	112.47	122.5	25
snapshot_11_22_2015_18_0.json	1448233200.0	112.47	122.5	25
snapshot_11_23_2015_0_0.json	1448254800.0	0	0	0
snapshot_11_23_2015_12_0.json	1448298000.0	0	0	0
snapshot_11_23_2015_18_0.json	1448319600.0	0	0	0
snapshot_11_23_2015_6_0.json	1448276400.0	0	0	0
snapshot_11_24_2015_0_0.json	1448341200.0	0	0	0
snapshot_11_24_2015_0_0.json	1448341200.0	0	0	0
snapshot_11_24_2015_6_0.json	1448362800.0	0	0	0
