9290162	2015-11-29T01:00:00Z	Wicked	Whitney Hall	Kentucky Louisville|4421	40202
snapshot_11_16_2015_0_0.json	1447650000.0	77.74	237.88	298
snapshot_11_17_2015_0_0.json	1447736400.0	77.74	215	299
snapshot_11_17_2015_12_0.json	1447779600.0	77.74	215	297
snapshot_11_17_2015_18_0.json	1447801200.0	76.5	200	295
snapshot_11_17_2015_6_0.json	1447758000.0	77.74	215	299
snapshot_11_18_2015_0_0.json	1447822800.0	80.89	200	287
snapshot_11_18_2015_12_0.json	1447866000.0	80.89	200	289
snapshot_11_18_2015_18_0.json	1447887600.0	80.89	200	291
snapshot_11_18_2015_6_0.json	1447844400.0	80.89	200	289
snapshot_11_19_2015_12_0.json	1447952400.0	80.89	200	291
snapshot_11_19_2015_6_0.json	1447930800.0	80.89	200	291
snapshot_11_21_2015_12_0.json	1448125200.0	78.55	200	256
snapshot_11_21_2015_18_0.json	1448146800.0	77.61	200	254
snapshot_11_22_2015_0_0.json	1448168400.0	78.55	200	223
snapshot_11_22_2015_12_0.json	1448211600.0	78.55	200	235
snapshot_11_22_2015_18_0.json	1448233200.0	78.55	200	233
snapshot_11_22_2015_18_0.json	1448233200.0	78.55	200	233
snapshot_11_22_2015_6_0.json	1448190000.0	78.55	200	235
snapshot_11_22_2015_6_0.json	1448190000.0	78.55	200	235
snapshot_11_23_2015_0_0.json	1448254800.0	78.55	200	218
snapshot_11_23_2015_12_0.json	1448298000.0	77.79	200	210
snapshot_11_23_2015_18_0.json	1448319600.0	77.79	200	201
snapshot_11_23_2015_6_0.json	1448276400.0	77.79	200	210
snapshot_11_24_2015_0_0.json	1448341200.0	72.7	181	188
snapshot_11_24_2015_12_0.json	1448384400.0	64.92	181	188
snapshot_11_24_2015_12_0.json	1448384400.0	64.92	181	188
snapshot_11_24_2015_18_0.json	1448406000.0	72.7	175	172
snapshot_11_24_2015_6_0.json	1448362800.0	72.7	181	183
snapshot_11_25_2015_0_0.json	1448427600.0	72.7	175	167
snapshot_11_25_2015_12_0.json	1448470800.0	72.7	175	162
snapshot_11_25_2015_18_0.json	1448492400.0	72.7	171.5	150
snapshot_11_25_2015_6_0.json	1448449200.0	72.7	175	162
snapshot_11_25_2015_6_0.json	1448449200.0	72.7	175	162
snapshot_11_26_2015_0_0.json	1448514000.0	72.7	171.5	140
snapshot_11_26_2015_0_0.json	1448514000.0	72.7	171.5	140
snapshot_11_27_2015_18_0.json	1448665200.0	85.57	171.5	105
snapshot_11_28_2015_0_0.json	1448686800.0	97.42	171.5	78
snapshot_11_28_2015_12_0.json	1448730000.0	91.63	171.5	74
snapshot_11_28_2015_18_0.json	1448751600.0	91.63	161.7	63
snapshot_11_28_2015_6_0.json	1448708400.0	91.63	171.5	74
snapshot_11_29_2015_0_0.json	1448773200.0	96.42	122.5	42
snapshot_11_29_2015_12_0.json	1448816400.0	0	0	0
snapshot_11_29_2015_18_0.json	1448838000.0	0	0	0
snapshot_11_29_2015_6_0.json	1448794800.0	0	0	0
snapshot_11_30_2015_0_0.json	1448859600.0	0	0	0
snapshot_11_30_2015_12_0.json	1448902800.0	0	0	0
9290162	2015-11-29T01:00:00Z	Wicked	Whitney Hall	Kentucky Louisville|4421	40202
snapshot_11_16_2015_0_0.json	1447650000.0	77.74	237.88	298
snapshot_11_17_2015_0_0.json	1447736400.0	77.74	215	299
snapshot_11_17_2015_12_0.json	1447779600.0	77.74	215	297
snapshot_11_17_2015_18_0.json	1447801200.0	76.5	200	295
snapshot_11_17_2015_6_0.json	1447758000.0	77.74	215	299
snapshot_11_18_2015_0_0.json	1447822800.0	80.89	200	287
snapshot_11_18_2015_12_0.json	1447866000.0	80.89	200	289
snapshot_11_18_2015_18_0.json	1447887600.0	80.89	200	291
snapshot_11_18_2015_6_0.json	1447844400.0	80.89	200	289
snapshot_11_19_2015_12_0.json	1447952400.0	80.89	200	291
snapshot_11_19_2015_6_0.json	1447930800.0	80.89	200	291
snapshot_11_21_2015_12_0.json	1448125200.0	78.55	200	256
snapshot_11_21_2015_18_0.json	1448146800.0	77.61	200	254
snapshot_11_22_2015_0_0.json	1448168400.0	78.55	200	223
snapshot_11_22_2015_12_0.json	1448211600.0	78.55	200	235
snapshot_11_22_2015_18_0.json	1448233200.0	78.55	200	233
snapshot_11_22_2015_18_0.json	1448233200.0	78.55	200	233
snapshot_11_22_2015_6_0.json	1448190000.0	78.55	200	235
snapshot_11_22_2015_6_0.json	1448190000.0	78.55	200	235
snapshot_11_23_2015_0_0.json	1448254800.0	78.55	200	218
snapshot_11_23_2015_12_0.json	1448298000.0	77.79	200	210
snapshot_11_23_2015_18_0.json	1448319600.0	77.79	200	201
snapshot_11_23_2015_6_0.json	1448276400.0	77.79	200	210
snapshot_11_24_2015_0_0.json	1448341200.0	72.7	181	188
snapshot_11_24_2015_12_0.json	1448384400.0	64.92	181	188
snapshot_11_24_2015_12_0.json	1448384400.0	64.92	181	188
snapshot_11_24_2015_18_0.json	1448406000.0	72.7	175	172
snapshot_11_24_2015_6_0.json	1448362800.0	72.7	181	183
snapshot_11_25_2015_0_0.json	1448427600.0	72.7	175	167
snapshot_11_25_2015_12_0.json	1448470800.0	72.7	175	162
snapshot_11_25_2015_18_0.json	1448492400.0	72.7	171.5	150
snapshot_11_25_2015_6_0.json	1448449200.0	72.7	175	162
snapshot_11_25_2015_6_0.json	1448449200.0	72.7	175	162
snapshot_11_26_2015_0_0.json	1448514000.0	72.7	171.5	140
snapshot_11_26_2015_0_0.json	1448514000.0	72.7	171.5	140
snapshot_11_27_2015_18_0.json	1448665200.0	85.57	171.5	105
snapshot_11_28_2015_0_0.json	1448686800.0	97.42	171.5	78
snapshot_11_28_2015_12_0.json	1448730000.0	91.63	171.5	74
snapshot_11_28_2015_18_0.json	1448751600.0	91.63	161.7	63
snapshot_11_28_2015_6_0.json	1448708400.0	91.63	171.5	74
snapshot_11_29_2015_0_0.json	1448773200.0	96.42	122.5	42
snapshot_11_29_2015_12_0.json	1448816400.0	0	0	0
snapshot_11_29_2015_18_0.json	1448838000.0	0	0	0
snapshot_11_29_2015_6_0.json	1448794800.0	0	0	0
snapshot_11_30_2015_0_0.json	1448859600.0	0	0	0
snapshot_11_30_2015_12_0.json	1448902800.0	0	0	0
