9290159	2015-11-28T01:00:00Z	Wicked	Whitney Hall	Kentucky Louisville|4421	40202
snapshot_11_16_2015_0_0.json	1447650000.0	82.76	220.26	268
snapshot_11_17_2015_0_0.json	1447736400.0	82.76	166.6	266
snapshot_11_17_2015_18_0.json	1447801200.0	82.76	166.6	262
snapshot_11_17_2015_6_0.json	1447758000.0	82.76	166.6	262
snapshot_11_18_2015_12_0.json	1447866000.0	78.55	166.6	256
snapshot_11_18_2015_18_0.json	1447887600.0	78.55	166.6	272
snapshot_11_19_2015_0_0.json	1447909200.0	78.55	166.6	268
snapshot_11_19_2015_12_0.json	1447952400.0	88.5	166.6	257
snapshot_11_19_2015_6_0.json	1447930800.0	88.5	166.6	257
snapshot_11_20_2015_0_0.json	1447995600.0	88.5	166.6	250
snapshot_11_20_2015_12_0.json	1448038800.0	88.5	166.6	248
snapshot_11_21_2015_12_0.json	1448125200.0	83.53	166.6	229
snapshot_11_22_2015_0_0.json	1448168400.0	83.53	166.6	219
snapshot_11_22_2015_12_0.json	1448211600.0	83.53	166.6	209
snapshot_11_22_2015_18_0.json	1448233200.0	83.53	166.6	193
snapshot_11_22_2015_6_0.json	1448190000.0	83.53	166.6	209
snapshot_11_22_2015_6_0.json	1448190000.0	83.53	166.6	209
snapshot_11_23_2015_0_0.json	1448254800.0	83.53	166.6	185
snapshot_11_23_2015_12_0.json	1448298000.0	83.53	156.8	173
snapshot_11_23_2015_18_0.json	1448319600.0	80.89	156.8	163
snapshot_11_23_2015_18_0.json	1448319600.0	80.89	156.8	163
snapshot_11_23_2015_6_0.json	1448276400.0	83.53	156.8	173
snapshot_11_24_2015_0_0.json	1448341200.0	76.62	156.8	153
snapshot_11_24_2015_12_0.json	1448384400.0	72.7	156.8	148
snapshot_11_24_2015_18_0.json	1448406000.0	63.75	156.8	140
snapshot_11_24_2015_6_0.json	1448362800.0	72.7	156.8	148
snapshot_11_25_2015_0_0.json	1448427600.0	72.7	156.8	119
snapshot_11_25_2015_12_0.json	1448470800.0	68.48	156.8	99
snapshot_11_25_2015_18_0.json	1448492400.0	68.48	156.8	90
snapshot_11_25_2015_6_0.json	1448449200.0	68.48	156.8	99
snapshot_11_26_2015_0_0.json	1448514000.0	55.75	156.8	75
snapshot_11_27_2015_18_0.json	1448665200.0	89.08	180	51
snapshot_11_27_2015_18_0.json	1448665200.0	89.08	180	51
snapshot_11_28_2015_0_0.json	1448686800.0	73.45	180	35
snapshot_11_28_2015_12_0.json	1448730000.0	0	0	0
snapshot_11_28_2015_18_0.json	1448751600.0	0	0	0
snapshot_11_28_2015_6_0.json	1448708400.0	0	0	0
snapshot_11_29_2015_6_0.json	1448794800.0	0	0	0
snapshot_11_29_2015_6_0.json	1448794800.0	0	0	0
9290159	2015-11-28T01:00:00Z	Wicked	Whitney Hall	Kentucky Louisville|4421	40202
snapshot_11_16_2015_0_0.json	1447650000.0	82.76	220.26	268
snapshot_11_17_2015_0_0.json	1447736400.0	82.76	166.6	266
snapshot_11_17_2015_18_0.json	1447801200.0	82.76	166.6	262
snapshot_11_17_2015_6_0.json	1447758000.0	82.76	166.6	262
snapshot_11_18_2015_12_0.json	1447866000.0	78.55	166.6	256
snapshot_11_18_2015_18_0.json	1447887600.0	78.55	166.6	272
snapshot_11_19_2015_0_0.json	1447909200.0	78.55	166.6	268
snapshot_11_19_2015_12_0.json	1447952400.0	88.5	166.6	257
snapshot_11_19_2015_6_0.json	1447930800.0	88.5	166.6	257
snapshot_11_20_2015_0_0.json	1447995600.0	88.5	166.6	250
snapshot_11_20_2015_12_0.json	1448038800.0	88.5	166.6	248
snapshot_11_21_2015_12_0.json	1448125200.0	83.53	166.6	229
snapshot_11_22_2015_0_0.json	1448168400.0	83.53	166.6	219
snapshot_11_22_2015_12_0.json	1448211600.0	83.53	166.6	209
snapshot_11_22_2015_18_0.json	1448233200.0	83.53	166.6	193
snapshot_11_22_2015_6_0.json	1448190000.0	83.53	166.6	209
snapshot_11_22_2015_6_0.json	1448190000.0	83.53	166.6	209
snapshot_11_23_2015_0_0.json	1448254800.0	83.53	166.6	185
snapshot_11_23_2015_12_0.json	1448298000.0	83.53	156.8	173
snapshot_11_23_2015_18_0.json	1448319600.0	80.89	156.8	163
snapshot_11_23_2015_18_0.json	1448319600.0	80.89	156.8	163
snapshot_11_23_2015_6_0.json	1448276400.0	83.53	156.8	173
snapshot_11_24_2015_0_0.json	1448341200.0	76.62	156.8	153
snapshot_11_24_2015_12_0.json	1448384400.0	72.7	156.8	148
snapshot_11_24_2015_18_0.json	1448406000.0	63.75	156.8	140
snapshot_11_24_2015_6_0.json	1448362800.0	72.7	156.8	148
snapshot_11_25_2015_0_0.json	1448427600.0	72.7	156.8	119
snapshot_11_25_2015_12_0.json	1448470800.0	68.48	156.8	99
snapshot_11_25_2015_18_0.json	1448492400.0	68.48	156.8	90
snapshot_11_25_2015_6_0.json	1448449200.0	68.48	156.8	99
snapshot_11_26_2015_0_0.json	1448514000.0	55.75	156.8	75
snapshot_11_27_2015_18_0.json	1448665200.0	89.08	180	51
snapshot_11_27_2015_18_0.json	1448665200.0	89.08	180	51
snapshot_11_28_2015_0_0.json	1448686800.0	73.45	180	35
snapshot_11_28_2015_12_0.json	1448730000.0	0	0	0
snapshot_11_28_2015_18_0.json	1448751600.0	0	0	0
snapshot_11_28_2015_6_0.json	1448708400.0	0	0	0
snapshot_11_29_2015_6_0.json	1448794800.0	0	0	0
snapshot_11_29_2015_6_0.json	1448794800.0	0	0	0
