9290160	2015-11-28T19:00:00Z	Wicked	Whitney Hall	Kentucky Louisville|4421	40202
snapshot_11_16_2015_0_0.json	1447650000.0	88.5	240	272
snapshot_11_17_2015_0_0.json	1447736400.0	88.5	240	270
snapshot_11_17_2015_12_0.json	1447779600.0	88.5	240	268
snapshot_11_17_2015_18_0.json	1447801200.0	86.74	240	268
snapshot_11_17_2015_6_0.json	1447758000.0	88.5	240	268
snapshot_11_18_2015_0_0.json	1447822800.0	86.74	240	261
snapshot_11_18_2015_12_0.json	1447866000.0	88.5	240	247
snapshot_11_18_2015_18_0.json	1447887600.0	89.31	240	247
snapshot_11_18_2015_6_0.json	1447844400.0	88.5	240	247
snapshot_11_18_2015_6_0.json	1447844400.0	88.5	240	247
snapshot_11_19_2015_12_0.json	1447952400.0	89.31	240	241
snapshot_11_19_2015_6_0.json	1447930800.0	89.31	240	241
snapshot_11_20_2015_0_0.json	1447995600.0	84.4	240	233
snapshot_11_20_2015_12_0.json	1448038800.0	84.4	240	225
snapshot_11_21_2015_12_0.json	1448125200.0	83.53	240	212
snapshot_11_21_2015_18_0.json	1448146800.0	83.53	240	200
snapshot_11_22_2015_0_0.json	1448168400.0	83.53	240	193
snapshot_11_22_2015_12_0.json	1448211600.0	83.53	240	189
snapshot_11_22_2015_18_0.json	1448233200.0	83.53	240	185
snapshot_11_22_2015_6_0.json	1448190000.0	83.53	240	189
snapshot_11_23_2015_0_0.json	1448254800.0	94.93	240	175
snapshot_11_23_2015_12_0.json	1448298000.0	83.64	200	164
snapshot_11_23_2015_18_0.json	1448319600.0	94.93	200	154
snapshot_11_23_2015_6_0.json	1448276400.0	83.64	240	164
snapshot_11_24_2015_0_0.json	1448341200.0	94.93	200	148
snapshot_11_24_2015_12_0.json	1448384400.0	92.59	200	136
snapshot_11_24_2015_18_0.json	1448406000.0	92.59	200	130
snapshot_11_24_2015_6_0.json	1448362800.0	92.59	200	136
snapshot_11_25_2015_0_0.json	1448427600.0	92.59	200	126
snapshot_11_25_2015_0_0.json	1448427600.0	92.59	200	126
snapshot_11_25_2015_12_0.json	1448470800.0	92.59	200	118
snapshot_11_25_2015_18_0.json	1448492400.0	92.59	200	115
snapshot_11_25_2015_6_0.json	1448449200.0	92.59	200	118
snapshot_11_26_2015_0_0.json	1448514000.0	92.59	200	91
snapshot_11_26_2015_0_0.json	1448514000.0	92.59	200	91
snapshot_11_27_2015_18_0.json	1448665200.0	106.63	200	57
snapshot_11_27_2015_18_0.json	1448665200.0	106.63	200	57
snapshot_11_28_2015_0_0.json	1448686800.0	114.83	200	50
snapshot_11_28_2015_12_0.json	1448730000.0	73.45	200	39
snapshot_11_28_2015_18_0.json	1448751600.0	117.16	200	17
snapshot_11_28_2015_6_0.json	1448708400.0	79.36	200	39
snapshot_11_29_2015_12_0.json	1448816400.0	0	0	0
snapshot_11_29_2015_18_0.json	1448838000.0	0	0	0
snapshot_11_29_2015_6_0.json	1448794800.0	0	0	0
snapshot_11_30_2015_0_0.json	1448859600.0	0	0	0
snapshot_11_30_2015_12_0.json	1448902800.0	0	0	0
9290160	2015-11-28T19:00:00Z	Wicked	Whitney Hall	Kentucky Louisville|4421	40202
snapshot_11_16_2015_0_0.json	1447650000.0	88.5	240	272
snapshot_11_17_2015_0_0.json	1447736400.0	88.5	240	270
snapshot_11_17_2015_12_0.json	1447779600.0	88.5	240	268
snapshot_11_17_2015_18_0.json	1447801200.0	86.74	240	268
snapshot_11_17_2015_6_0.json	1447758000.0	88.5	240	268
snapshot_11_18_2015_0_0.json	1447822800.0	86.74	240	261
snapshot_11_18_2015_12_0.json	1447866000.0	88.5	240	247
snapshot_11_18_2015_18_0.json	1447887600.0	89.31	240	247
snapshot_11_18_2015_6_0.json	1447844400.0	88.5	240	247
snapshot_11_18_2015_6_0.json	1447844400.0	88.5	240	247
snapshot_11_19_2015_12_0.json	1447952400.0	89.31	240	241
snapshot_11_19_2015_6_0.json	1447930800.0	89.31	240	241
snapshot_11_20_2015_0_0.json	1447995600.0	84.4	240	233
snapshot_11_20_2015_12_0.json	1448038800.0	84.4	240	225
snapshot_11_21_2015_12_0.json	1448125200.0	83.53	240	212
snapshot_11_21_2015_18_0.json	1448146800.0	83.53	240	200
snapshot_11_22_2015_0_0.json	1448168400.0	83.53	240	193
snapshot_11_22_2015_12_0.json	1448211600.0	83.53	240	189
snapshot_11_22_2015_18_0.json	1448233200.0	83.53	240	185
snapshot_11_22_2015_6_0.json	1448190000.0	83.53	240	189
snapshot_11_23_2015_0_0.json	1448254800.0	94.93	240	175
snapshot_11_23_2015_12_0.json	1448298000.0	83.64	200	164
snapshot_11_23_2015_18_0.json	1448319600.0	94.93	200	154
snapshot_11_23_2015_6_0.json	1448276400.0	83.64	240	164
snapshot_11_24_2015_0_0.json	1448341200.0	94.93	200	148
snapshot_11_24_2015_12_0.json	1448384400.0	92.59	200	136
snapshot_11_24_2015_18_0.json	1448406000.0	92.59	200	130
snapshot_11_24_2015_6_0.json	1448362800.0	92.59	200	136
snapshot_11_25_2015_0_0.json	1448427600.0	92.59	200	126
snapshot_11_25_2015_0_0.json	1448427600.0	92.59	200	126
snapshot_11_25_2015_12_0.json	1448470800.0	92.59	200	118
snapshot_11_25_2015_18_0.json	1448492400.0	92.59	200	115
snapshot_11_25_2015_6_0.json	1448449200.0	92.59	200	118
snapshot_11_26_2015_0_0.json	1448514000.0	92.59	200	91
snapshot_11_26_2015_0_0.json	1448514000.0	92.59	200	91
snapshot_11_27_2015_18_0.json	1448665200.0	106.63	200	57
snapshot_11_27_2015_18_0.json	1448665200.0	106.63	200	57
snapshot_11_28_2015_0_0.json	1448686800.0	114.83	200	50
snapshot_11_28_2015_12_0.json	1448730000.0	73.45	200	39
snapshot_11_28_2015_18_0.json	1448751600.0	117.16	200	17
snapshot_11_28_2015_6_0.json	1448708400.0	79.36	200	39
snapshot_11_29_2015_12_0.json	1448816400.0	0	0	0
snapshot_11_29_2015_18_0.json	1448838000.0	0	0	0
snapshot_11_29_2015_6_0.json	1448794800.0	0	0	0
snapshot_11_30_2015_0_0.json	1448859600.0	0	0	0
snapshot_11_30_2015_12_0.json	1448902800.0	0	0	0
