9290025	2015-11-22T05:30:00Z	Cirque du Soleil: Michael Jackson ONE	Michael Jackson ONE Theatre at Mandalay Bay Resort	Nevada Las Vegas|689	89109
snapshot_11_16_2015_0_0.json	1447650000.0	167.88	277	44
snapshot_11_17_2015_0_0.json	1447736400.0	167.88	277	38
snapshot_11_17_2015_12_0.json	1447779600.0	167.88	277	38
snapshot_11_17_2015_6_0.json	1447758000.0	167.88	277	38
snapshot_11_17_2015_6_0.json	1447758000.0	167.88	277	38
snapshot_11_18_2015_0_0.json	1447822800.0	167.88	277	38
snapshot_11_18_2015_12_0.json	1447866000.0	167.88	277	38
snapshot_11_18_2015_12_0.json	1447866000.0	167.88	277	38
snapshot_11_18_2015_18_0.json	1447887600.0	167.88	277	38
snapshot_11_18_2015_6_0.json	1447844400.0	167.88	277	38
snapshot_11_19_2015_0_0.json	1447909200.0	167.88	277	38
snapshot_11_19_2015_12_0.json	1447952400.0	167.88	277	38
snapshot_11_19_2015_6_0.json	1447930800.0	167.88	277	38
snapshot_11_20_2015_0_0.json	1447995600.0	167.88	277	38
snapshot_11_20_2015_0_0.json	1447995600.0	167.88	277	38
snapshot_11_21_2015_12_0.json	1448125200.0	0	0	0
snapshot_11_21_2015_18_0.json	1448146800.0	0	0	0
snapshot_11_22_2015_0_0.json	1448168400.0	0	0	0
snapshot_11_22_2015_0_0.json	1448168400.0	0	0	0
snapshot_11_22_2015_12_0.json	1448211600.0	0	0	0
snapshot_11_22_2015_6_0.json	1448190000.0	0	0	0
snapshot_11_23_2015_0_0.json	1448254800.0	0	0	0
snapshot_11_23_2015_12_0.json	1448298000.0	0	0	0
snapshot_11_23_2015_6_0.json	1448276400.0	0	0	0
snapshot_11_23_2015_6_0.json	1448276400.0	0	0	0
9290025	2015-11-22T05:30:00Z	Cirque du Soleil: Michael Jackson ONE	Michael Jackson ONE Theatre at Mandalay Bay Resort	Nevada Las Vegas|689	89109
snapshot_11_16_2015_0_0.json	1447650000.0	167.88	277	44
snapshot_11_17_2015_0_0.json	1447736400.0	167.88	277	38
snapshot_11_17_2015_12_0.json	1447779600.0	167.88	277	38
snapshot_11_17_2015_6_0.json	1447758000.0	167.88	277	38
snapshot_11_17_2015_6_0.json	1447758000.0	167.88	277	38
snapshot_11_18_2015_0_0.json	1447822800.0	167.88	277	38
snapshot_11_18_2015_12_0.json	1447866000.0	167.88	277	38
snapshot_11_18_2015_12_0.json	1447866000.0	167.88	277	38
snapshot_11_18_2015_18_0.json	1447887600.0	167.88	277	38
snapshot_11_18_2015_6_0.json	1447844400.0	167.88	277	38
snapshot_11_19_2015_0_0.json	1447909200.0	167.88	277	38
snapshot_11_19_2015_12_0.json	1447952400.0	167.88	277	38
snapshot_11_19_2015_6_0.json	1447930800.0	167.88	277	38
snapshot_11_20_2015_0_0.json	1447995600.0	167.88	277	38
snapshot_11_20_2015_0_0.json	1447995600.0	167.88	277	38
snapshot_11_21_2015_12_0.json	1448125200.0	0	0	0
snapshot_11_21_2015_18_0.json	1448146800.0	0	0	0
snapshot_11_22_2015_0_0.json	1448168400.0	0	0	0
snapshot_11_22_2015_0_0.json	1448168400.0	0	0	0
snapshot_11_22_2015_12_0.json	1448211600.0	0	0	0
snapshot_11_22_2015_6_0.json	1448190000.0	0	0	0
snapshot_11_23_2015_0_0.json	1448254800.0	0	0	0
snapshot_11_23_2015_12_0.json	1448298000.0	0	0	0
snapshot_11_23_2015_6_0.json	1448276400.0	0	0	0
snapshot_11_23_2015_6_0.json	1448276400.0	0	0	0
