9290147	2015-11-22T18:00:00Z	Wicked	Whitney Hall	Kentucky Louisville|4421	40202
snapshot_11_16_2015_0_0.json	1447650000.0	101.95	161.7	26
snapshot_11_17_2015_0_0.json	1447736400.0	90.25	161.7	26
snapshot_11_17_2015_12_0.json	1447779600.0	90.25	161.7	24
snapshot_11_17_2015_18_0.json	1447801200.0	90.25	161.7	24
snapshot_11_17_2015_6_0.json	1447758000.0	90.25	161.7	24
snapshot_11_18_2015_0_0.json	1447822800.0	90.25	161.7	24
snapshot_11_18_2015_0_0.json	1447822800.0	90.25	161.7	24
snapshot_11_18_2015_12_0.json	1447866000.0	90.25	161.7	19
snapshot_11_18_2015_12_0.json	1447866000.0	90.25	161.7	19
snapshot_11_18_2015_18_0.json	1447887600.0	90.25	161.7	17
snapshot_11_18_2015_18_0.json	1447887600.0	90.25	161.7	17
snapshot_11_18_2015_6_0.json	1447844400.0	90.25	161.7	19
snapshot_11_19_2015_0_0.json	1447909200.0	90.25	161.7	14
snapshot_11_19_2015_12_0.json	1447952400.0	90.25	161.7	12
snapshot_11_20_2015_0_0.json	1447995600.0	90.25	161.7	12
snapshot_11_20_2015_12_0.json	1448038800.0	132.15	158	6
snapshot_11_21_2015_12_0.json	1448125200.0	128.67	107.84	2
snapshot_11_22_2015_0_0.json	1448168400.0	0	0	0
snapshot_11_22_2015_12_0.json	1448211600.0	0	0	0
snapshot_11_22_2015_12_0.json	1448211600.0	0	0	0
snapshot_11_22_2015_18_0.json	1448233200.0	0	0	0
snapshot_11_22_2015_18_0.json	1448233200.0	0	0	0
snapshot_11_22_2015_6_0.json	1448190000.0	0	0	0
snapshot_11_22_2015_6_0.json	1448190000.0	0	0	0
snapshot_11_23_2015_0_0.json	1448254800.0	0	0	0
snapshot_11_23_2015_12_0.json	1448298000.0	0	0	0
snapshot_11_23_2015_18_0.json	1448319600.0	0	0	0
snapshot_11_23_2015_6_0.json	1448276400.0	0	0	0
snapshot_11_24_2015_0_0.json	1448341200.0	0	0	0
snapshot_11_24_2015_12_0.json	1448384400.0	0	0	0
9290147	2015-11-22T18:00:00Z	Wicked	Whitney Hall	Kentucky Louisville|4421	40202
snapshot_11_16_2015_0_0.json	1447650000.0	101.95	161.7	26
snapshot_11_17_2015_0_0.json	1447736400.0	90.25	161.7	26
snapshot_11_17_2015_12_0.json	1447779600.0	90.25	161.7	24
snapshot_11_17_2015_18_0.json	1447801200.0	90.25	161.7	24
snapshot_11_17_2015_6_0.json	1447758000.0	90.25	161.7	24
snapshot_11_18_2015_0_0.json	1447822800.0	90.25	161.7	24
snapshot_11_18_2015_0_0.json	1447822800.0	90.25	161.7	24
snapshot_11_18_2015_12_0.json	1447866000.0	90.25	161.7	19
snapshot_11_18_2015_12_0.json	1447866000.0	90.25	161.7	19
snapshot_11_18_2015_18_0.json	1447887600.0	90.25	161.7	17
snapshot_11_18_2015_18_0.json	1447887600.0	90.25	161.7	17
snapshot_11_18_2015_6_0.json	1447844400.0	90.25	161.7	19
snapshot_11_19_2015_0_0.json	1447909200.0	90.25	161.7	14
snapshot_11_19_2015_12_0.json	1447952400.0	90.25	161.7	12
snapshot_11_20_2015_0_0.json	1447995600.0	90.25	161.7	12
snapshot_11_20_2015_12_0.json	1448038800.0	132.15	158	6
snapshot_11_21_2015_12_0.json	1448125200.0	128.67	107.84	2
snapshot_11_22_2015_0_0.json	1448168400.0	0	0	0
snapshot_11_22_2015_12_0.json	1448211600.0	0	0	0
snapshot_11_22_2015_12_0.json	1448211600.0	0	0	0
snapshot_11_22_2015_18_0.json	1448233200.0	0	0	0
snapshot_11_22_2015_18_0.json	1448233200.0	0	0	0
snapshot_11_22_2015_6_0.json	1448190000.0	0	0	0
snapshot_11_22_2015_6_0.json	1448190000.0	0	0	0
snapshot_11_23_2015_0_0.json	1448254800.0	0	0	0
snapshot_11_23_2015_12_0.json	1448298000.0	0	0	0
snapshot_11_23_2015_18_0.json	1448319600.0	0	0	0
snapshot_11_23_2015_6_0.json	1448276400.0	0	0	0
snapshot_11_24_2015_0_0.json	1448341200.0	0	0	0
snapshot_11_24_2015_12_0.json	1448384400.0	0	0	0
