9290263	2015-12-06T01:00:00Z	Wicked	Whitney Hall	Kentucky Louisville|4421	40202
snapshot_11_16_2015_0_0.json	1447650000.0	105.46	292.71	197
snapshot_11_17_2015_0_0.json	1447736400.0	105.46	292.71	197
snapshot_11_17_2015_12_0.json	1447779600.0	105.46	292.71	193
snapshot_11_17_2015_18_0.json	1447801200.0	105.46	292.71	229
snapshot_11_18_2015_12_0.json	1447866000.0	106.63	292.71	225
snapshot_11_18_2015_18_0.json	1447887600.0	106.63	292.71	217
snapshot_11_18_2015_18_0.json	1447887600.0	106.63	292.71	217
snapshot_11_18_2015_6_0.json	1447844400.0	106.63	292.71	225
snapshot_11_19_2015_0_0.json	1447909200.0	106.63	292.71	209
snapshot_11_19_2015_6_0.json	1447930800.0	106.63	292.71	209
snapshot_11_20_2015_0_0.json	1447995600.0	106.63	292.71	205
snapshot_11_20_2015_12_0.json	1448038800.0	117.16	292.71	199
snapshot_11_21_2015_12_0.json	1448125200.0	129.99	292.71	198
snapshot_11_21_2015_18_0.json	1448146800.0	129.99	292.71	198
snapshot_11_22_2015_0_0.json	1448168400.0	129.99	292.71	198
snapshot_11_22_2015_12_0.json	1448211600.0	129.99	292.71	198
snapshot_11_22_2015_18_0.json	1448233200.0	129.99	292.71	198
snapshot_11_22_2015_18_0.json	1448233200.0	129.99	292.71	198
snapshot_11_22_2015_6_0.json	1448190000.0	129.99	292.71	198
snapshot_11_23_2015_0_0.json	1448254800.0	129.99	292.71	196
snapshot_11_24_2015_0_0.json	1448341200.0	140.21	194.81	187
snapshot_11_24_2015_0_0.json	1448341200.0	140.21	194.81	187
snapshot_11_24_2015_12_0.json	1448384400.0	135.62	194.81	187
snapshot_11_24_2015_12_0.json	1448384400.0	135.62	194.81	187
snapshot_11_24_2015_18_0.json	1448406000.0	135.62	194.81	179
snapshot_11_24_2015_6_0.json	1448362800.0	135.62	194.81	187
snapshot_11_25_2015_0_0.json	1448427600.0	135.62	194.81	173
snapshot_11_25_2015_0_0.json	1448427600.0	135.62	194.81	173
snapshot_11_25_2015_12_0.json	1448470800.0	135.62	194.81	171
snapshot_11_25_2015_18_0.json	1448492400.0	135.62	194.81	171
snapshot_11_25_2015_6_0.json	1448449200.0	135.62	194.81	171
snapshot_11_26_2015_0_0.json	1448514000.0	135.62	194.81	171
snapshot_11_28_2015_0_0.json	1448686800.0	135.62	179	163
snapshot_11_28_2015_12_0.json	1448730000.0	135.62	179	161
snapshot_11_28_2015_18_0.json	1448751600.0	135.62	179	161
snapshot_11_28_2015_6_0.json	1448708400.0	135.62	179	161
snapshot_11_29_2015_0_0.json	1448773200.0	135.62	190	165
snapshot_11_29_2015_12_0.json	1448816400.0	130.03	190	165
snapshot_11_29_2015_18_0.json	1448838000.0	130.03	190	165
snapshot_11_29_2015_6_0.json	1448794800.0	130.03	190	165
snapshot_11_30_2015_0_0.json	1448859600.0	130.03	190	152
snapshot_11_30_2015_12_0.json	1448902800.0	130.03	190	150
snapshot_11_30_2015_12_0.json	1448902800.0	130.03	190	150
snapshot_11_30_2015_18_0.json	1448924400.0	130.03	190	150
snapshot_12_1_2015_0_0.json	1448946000.0	130.03	190	144
snapshot_12_1_2015_12_0.json	1448989200.0	115.17	190	130
snapshot_12_1_2015_18_0.json	1449010800.0	115.17	190	124
snapshot_12_1_2015_6_0.json	1448967600.0	115.17	190	130
snapshot_12_2_2015_0_0.json	1449032400.0	114.82	190	114
snapshot_12_2_2015_12_0.json	1449075600.0	107.8	190	103
snapshot_12_2_2015_18_0.json	1449097200.0	107.8	190	103
snapshot_12_2_2015_6_0.json	1449054000.0	107.8	190	103
snapshot_12_2_2015_6_0.json	1449054000.0	107.8	190	103
snapshot_12_3_2015_0_0.json	1449118800.0	106.63	190	101
snapshot_12_3_2015_12_0.json	1449162000.0	106.63	179	84
snapshot_12_3_2015_18_0.json	1449183600.0	106.63	179	78
snapshot_12_3_2015_6_0.json	1449140400.0	106.63	179	86
snapshot_12_4_2015_0_0.json	1449205200.0	101.95	179	78
snapshot_12_4_2015_12_0.json	1449248400.0	113.65	179	61
snapshot_12_4_2015_18_0.json	1449270000.0	90.25	179	39
snapshot_12_4_2015_18_0.json	1449270000.0	90.25	179	39
snapshot_12_4_2015_6_0.json	1449226800.0	113.65	179	61
snapshot_12_5_2015_0_0.json	1449291600.0	124.18	179	27
snapshot_12_5_2015_0_0.json	1449291600.0	124.18	179	27
snapshot_12_5_2015_12_0.json	1449334800.0	80.89	179	19
snapshot_12_5_2015_18_0.json	1449356400.0	211.93	179	8
snapshot_12_5_2015_6_0.json	1449313200.0	95.11	179	19
9290263	2015-12-06T01:00:00Z	Wicked	Whitney Hall	Kentucky Louisville|4421	40202
snapshot_11_16_2015_0_0.json	1447650000.0	105.46	292.71	197
snapshot_11_17_2015_0_0.json	1447736400.0	105.46	292.71	197
snapshot_11_17_2015_12_0.json	1447779600.0	105.46	292.71	193
snapshot_11_17_2015_18_0.json	1447801200.0	105.46	292.71	229
snapshot_11_18_2015_12_0.json	1447866000.0	106.63	292.71	225
snapshot_11_18_2015_18_0.json	1447887600.0	106.63	292.71	217
snapshot_11_18_2015_18_0.json	1447887600.0	106.63	292.71	217
snapshot_11_18_2015_6_0.json	1447844400.0	106.63	292.71	225
snapshot_11_19_2015_0_0.json	1447909200.0	106.63	292.71	209
snapshot_11_19_2015_6_0.json	1447930800.0	106.63	292.71	209
snapshot_11_20_2015_0_0.json	1447995600.0	106.63	292.71	205
snapshot_11_20_2015_12_0.json	1448038800.0	117.16	292.71	199
snapshot_11_21_2015_12_0.json	1448125200.0	129.99	292.71	198
snapshot_11_21_2015_18_0.json	1448146800.0	129.99	292.71	198
snapshot_11_22_2015_0_0.json	1448168400.0	129.99	292.71	198
snapshot_11_22_2015_12_0.json	1448211600.0	129.99	292.71	198
snapshot_11_22_2015_18_0.json	1448233200.0	129.99	292.71	198
snapshot_11_22_2015_18_0.json	1448233200.0	129.99	292.71	198
snapshot_11_22_2015_6_0.json	1448190000.0	129.99	292.71	198
snapshot_11_23_2015_0_0.json	1448254800.0	129.99	292.71	196
snapshot_11_24_2015_0_0.json	1448341200.0	140.21	194.81	187
snapshot_11_24_2015_0_0.json	1448341200.0	140.21	194.81	187
snapshot_11_24_2015_12_0.json	1448384400.0	135.62	194.81	187
snapshot_11_24_2015_12_0.json	1448384400.0	135.62	194.81	187
snapshot_11_24_2015_18_0.json	1448406000.0	135.62	194.81	179
snapshot_11_24_2015_6_0.json	1448362800.0	135.62	194.81	187
snapshot_11_25_2015_0_0.json	1448427600.0	135.62	194.81	173
snapshot_11_25_2015_0_0.json	1448427600.0	135.62	194.81	173
snapshot_11_25_2015_12_0.json	1448470800.0	135.62	194.81	171
snapshot_11_25_2015_18_0.json	1448492400.0	135.62	194.81	171
snapshot_11_25_2015_6_0.json	1448449200.0	135.62	194.81	171
snapshot_11_26_2015_0_0.json	1448514000.0	135.62	194.81	171
snapshot_11_28_2015_0_0.json	1448686800.0	135.62	179	163
snapshot_11_28_2015_12_0.json	1448730000.0	135.62	179	161
snapshot_11_28_2015_18_0.json	1448751600.0	135.62	179	161
snapshot_11_28_2015_6_0.json	1448708400.0	135.62	179	161
snapshot_11_29_2015_0_0.json	1448773200.0	135.62	190	165
snapshot_11_29_2015_12_0.json	1448816400.0	130.03	190	165
snapshot_11_29_2015_18_0.json	1448838000.0	130.03	190	165
snapshot_11_29_2015_6_0.json	1448794800.0	130.03	190	165
snapshot_11_30_2015_0_0.json	1448859600.0	130.03	190	152
snapshot_11_30_2015_12_0.json	1448902800.0	130.03	190	150
snapshot_11_30_2015_12_0.json	1448902800.0	130.03	190	150
snapshot_11_30_2015_18_0.json	1448924400.0	130.03	190	150
snapshot_12_1_2015_0_0.json	1448946000.0	130.03	190	144
snapshot_12_1_2015_12_0.json	1448989200.0	115.17	190	130
snapshot_12_1_2015_18_0.json	1449010800.0	115.17	190	124
snapshot_12_1_2015_6_0.json	1448967600.0	115.17	190	130
snapshot_12_2_2015_0_0.json	1449032400.0	114.82	190	114
snapshot_12_2_2015_12_0.json	1449075600.0	107.8	190	103
snapshot_12_2_2015_18_0.json	1449097200.0	107.8	190	103
snapshot_12_2_2015_6_0.json	1449054000.0	107.8	190	103
snapshot_12_2_2015_6_0.json	1449054000.0	107.8	190	103
snapshot_12_3_2015_0_0.json	1449118800.0	106.63	190	101
snapshot_12_3_2015_12_0.json	1449162000.0	106.63	179	84
snapshot_12_3_2015_18_0.json	1449183600.0	106.63	179	78
snapshot_12_3_2015_6_0.json	1449140400.0	106.63	179	86
snapshot_12_4_2015_0_0.json	1449205200.0	101.95	179	78
snapshot_12_4_2015_12_0.json	1449248400.0	113.65	179	61
snapshot_12_4_2015_18_0.json	1449270000.0	90.25	179	39
snapshot_12_4_2015_18_0.json	1449270000.0	90.25	179	39
snapshot_12_4_2015_6_0.json	1449226800.0	113.65	179	61
snapshot_12_5_2015_0_0.json	1449291600.0	124.18	179	27
snapshot_12_5_2015_0_0.json	1449291600.0	124.18	179	27
snapshot_12_5_2015_12_0.json	1449334800.0	80.89	179	19
snapshot_12_5_2015_18_0.json	1449356400.0	211.93	179	8
snapshot_12_5_2015_6_0.json	1449313200.0	95.11	179	19
