9290152	2015-11-26T00:30:00Z	Wicked	Whitney Hall	Kentucky Louisville|4421	40202
snapshot_11_16_2015_0_0.json	1447650000.0	89.31	190.89	63
snapshot_11_17_2015_0_0.json	1447736400.0	89.31	180	63
snapshot_11_17_2015_12_0.json	1447779600.0	78.55	180	58
snapshot_11_17_2015_6_0.json	1447758000.0	78.55	180	58
snapshot_11_18_2015_0_0.json	1447822800.0	89.31	180	50
snapshot_11_18_2015_12_0.json	1447866000.0	89.31	180	50
snapshot_11_18_2015_12_0.json	1447866000.0	89.31	180	50
snapshot_11_18_2015_18_0.json	1447887600.0	89.31	180	50
snapshot_11_18_2015_6_0.json	1447844400.0	89.31	180	50
snapshot_11_18_2015_6_0.json	1447844400.0	89.31	180	50
snapshot_11_19_2015_0_0.json	1447909200.0	89.31	180	44
snapshot_11_19_2015_12_0.json	1447952400.0	89.31	180	44
snapshot_11_19_2015_6_0.json	1447930800.0	89.31	180	44
snapshot_11_20_2015_0_0.json	1447995600.0	118.33	180	38
snapshot_11_20_2015_12_0.json	1448038800.0	118.33	180	38
snapshot_11_21_2015_12_0.json	1448125200.0	113.63	166	32
snapshot_11_21_2015_18_0.json	1448146800.0	113.63	166	32
snapshot_11_22_2015_0_0.json	1448168400.0	113.63	166	32
snapshot_11_22_2015_12_0.json	1448211600.0	113.63	166	30
snapshot_11_22_2015_18_0.json	1448233200.0	113.63	147	24
snapshot_11_22_2015_18_0.json	1448233200.0	113.63	147	24
snapshot_11_22_2015_6_0.json	1448190000.0	113.63	166	32
snapshot_11_22_2015_6_0.json	1448190000.0	113.63	166	32
snapshot_11_23_2015_0_0.json	1448254800.0	118.33	147	16
snapshot_11_23_2015_18_0.json	1448319600.0	113.64	146	12
snapshot_11_24_2015_0_0.json	1448341200.0	110.13	136.07	9
snapshot_11_24_2015_12_0.json	1448384400.0	108.96	136.07	8
snapshot_11_24_2015_18_0.json	1448406000.0	161.7	136.07	2
snapshot_11_24_2015_6_0.json	1448362800.0	108.96	136.07	8
snapshot_11_24_2015_6_0.json	1448362800.0	108.96	136.07	8
snapshot_11_25_2015_0_0.json	1448427600.0	161.7	136.07	2
snapshot_11_25_2015_12_0.json	1448470800.0	0	0	0
snapshot_11_25_2015_18_0.json	1448492400.0	0	0	0
snapshot_11_25_2015_6_0.json	1448449200.0	0	0	0
snapshot_11_25_2015_6_0.json	1448449200.0	0	0	0
snapshot_11_26_2015_0_0.json	1448514000.0	0	0	0
9290152	2015-11-26T00:30:00Z	Wicked	Whitney Hall	Kentucky Louisville|4421	40202
snapshot_11_16_2015_0_0.json	1447650000.0	89.31	190.89	63
snapshot_11_17_2015_0_0.json	1447736400.0	89.31	180	63
snapshot_11_17_2015_12_0.json	1447779600.0	78.55	180	58
snapshot_11_17_2015_6_0.json	1447758000.0	78.55	180	58
snapshot_11_18_2015_0_0.json	1447822800.0	89.31	180	50
snapshot_11_18_2015_12_0.json	1447866000.0	89.31	180	50
snapshot_11_18_2015_12_0.json	1447866000.0	89.31	180	50
snapshot_11_18_2015_18_0.json	1447887600.0	89.31	180	50
snapshot_11_18_2015_6_0.json	1447844400.0	89.31	180	50
snapshot_11_18_2015_6_0.json	1447844400.0	89.31	180	50
snapshot_11_19_2015_0_0.json	1447909200.0	89.31	180	44
snapshot_11_19_2015_12_0.json	1447952400.0	89.31	180	44
snapshot_11_19_2015_6_0.json	1447930800.0	89.31	180	44
snapshot_11_20_2015_0_0.json	1447995600.0	118.33	180	38
snapshot_11_20_2015_12_0.json	1448038800.0	118.33	180	38
snapshot_11_21_2015_12_0.json	1448125200.0	113.63	166	32
snapshot_11_21_2015_18_0.json	1448146800.0	113.63	166	32
snapshot_11_22_2015_0_0.json	1448168400.0	113.63	166	32
snapshot_11_22_2015_12_0.json	1448211600.0	113.63	166	30
snapshot_11_22_2015_18_0.json	1448233200.0	113.63	147	24
snapshot_11_22_2015_18_0.json	1448233200.0	113.63	147	24
snapshot_11_22_2015_6_0.json	1448190000.0	113.63	166	32
snapshot_11_22_2015_6_0.json	1448190000.0	113.63	166	32
snapshot_11_23_2015_0_0.json	1448254800.0	118.33	147	16
snapshot_11_23_2015_18_0.json	1448319600.0	113.64	146	12
snapshot_11_24_2015_0_0.json	1448341200.0	110.13	136.07	9
snapshot_11_24_2015_12_0.json	1448384400.0	108.96	136.07	8
snapshot_11_24_2015_18_0.json	1448406000.0	161.7	136.07	2
snapshot_11_24_2015_6_0.json	1448362800.0	108.96	136.07	8
snapshot_11_24_2015_6_0.json	1448362800.0	108.96	136.07	8
snapshot_11_25_2015_0_0.json	1448427600.0	161.7	136.07	2
snapshot_11_25_2015_12_0.json	1448470800.0	0	0	0
snapshot_11_25_2015_18_0.json	1448492400.0	0	0	0
snapshot_11_25_2015_6_0.json	1448449200.0	0	0	0
snapshot_11_25_2015_6_0.json	1448449200.0	0	0	0
snapshot_11_26_2015_0_0.json	1448514000.0	0	0	0
