9290165	2015-12-02T00:30:00Z	Wicked	Whitney Hall	Kentucky Louisville|4421	40202
snapshot_11_16_2015_0_0.json	1447650000.0	82.38	176.4	82
snapshot_11_17_2015_0_0.json	1447736400.0	82.38	176.4	80
snapshot_11_17_2015_12_0.json	1447779600.0	82.38	182	85
snapshot_11_17_2015_18_0.json	1447801200.0	82.38	182	85
snapshot_11_17_2015_6_0.json	1447758000.0	82.38	176.4	80
snapshot_11_17_2015_6_0.json	1447758000.0	82.38	176.4	80
snapshot_11_18_2015_0_0.json	1447822800.0	82.38	182	85
snapshot_11_18_2015_12_0.json	1447866000.0	82.38	170.34	76
snapshot_11_18_2015_12_0.json	1447866000.0	82.38	170.34	76
snapshot_11_18_2015_18_0.json	1447887600.0	82.38	170.34	74
snapshot_11_18_2015_6_0.json	1447844400.0	82.38	182	81
snapshot_11_18_2015_6_0.json	1447844400.0	82.38	182	81
snapshot_11_19_2015_0_0.json	1447909200.0	82.38	170.34	72
snapshot_11_19_2015_12_0.json	1447952400.0	82.38	170.34	72
snapshot_11_19_2015_12_0.json	1447952400.0	82.38	170.34	72
snapshot_11_20_2015_0_0.json	1447995600.0	82.38	169	69
snapshot_11_21_2015_12_0.json	1448125200.0	83.53	169	57
snapshot_11_21_2015_18_0.json	1448146800.0	83.53	169	57
snapshot_11_22_2015_0_0.json	1448168400.0	83.53	169	57
snapshot_11_22_2015_18_0.json	1448233200.0	110.55	169	50
snapshot_11_22_2015_6_0.json	1448190000.0	83.53	169	53
snapshot_11_22_2015_6_0.json	1448190000.0	83.53	169	53
snapshot_11_23_2015_0_0.json	1448254800.0	110.55	169	50
snapshot_11_23_2015_12_0.json	1448298000.0	110.55	169	50
snapshot_11_23_2015_12_0.json	1448298000.0	110.55	169	50
snapshot_11_23_2015_18_0.json	1448319600.0	110.55	169	50
snapshot_11_23_2015_6_0.json	1448276400.0	110.55	169	50
snapshot_11_24_2015_0_0.json	1448341200.0	110.55	169	50
snapshot_11_24_2015_0_0.json	1448341200.0	110.55	169	50
snapshot_11_24_2015_12_0.json	1448384400.0	122.25	156.8	38
snapshot_11_24_2015_18_0.json	1448406000.0	122.25	156.8	36
snapshot_11_24_2015_6_0.json	1448362800.0	129.83	156.8	36
snapshot_11_25_2015_12_0.json	1448470800.0	110.55	156.8	36
snapshot_11_25_2015_18_0.json	1448492400.0	110.55	156.8	36
snapshot_11_25_2015_6_0.json	1448449200.0	110.55	156.8	36
snapshot_11_26_2015_0_0.json	1448514000.0	124.04	156.8	30
snapshot_11_27_2015_18_0.json	1448665200.0	124.04	156.8	30
snapshot_11_28_2015_0_0.json	1448686800.0	124.04	156.8	28
snapshot_11_28_2015_12_0.json	1448730000.0	124.04	156.8	28
snapshot_11_28_2015_18_0.json	1448751600.0	124.04	132.3	28
snapshot_11_28_2015_6_0.json	1448708400.0	124.04	156.8	28
snapshot_11_29_2015_0_0.json	1448773200.0	124.04	132.3	28
snapshot_11_29_2015_12_0.json	1448816400.0	117.1	132.3	28
snapshot_11_29_2015_18_0.json	1448838000.0	117.1	132.3	28
snapshot_11_29_2015_6_0.json	1448794800.0	117.1	132.3	28
snapshot_11_30_2015_0_0.json	1448859600.0	117.1	132.3	20
snapshot_11_30_2015_12_0.json	1448902800.0	117.1	132.3	20
snapshot_11_30_2015_18_0.json	1448924400.0	114.78	132.3	16
snapshot_11_30_2015_6_0.json	1448881200.0	117.1	132.3	20
snapshot_12_1_2015_0_0.json	1448946000.0	113.63	112.7	14
snapshot_12_1_2015_12_0.json	1448989200.0	113.63	112.7	12
snapshot_12_1_2015_18_0.json	1449010800.0	134.36	112.7	10
snapshot_12_1_2015_6_0.json	1448967600.0	113.63	112.7	12
snapshot_12_2_2015_0_0.json	1449032400.0	99.96	98	9
snapshot_12_2_2015_0_0.json	1449032400.0	99.96	98	9
snapshot_12_2_2015_12_0.json	1449075600.0	0	0	0
snapshot_12_2_2015_18_0.json	1449097200.0	0	0	0
snapshot_12_2_2015_6_0.json	1449054000.0	0	0	0
snapshot_12_3_2015_0_0.json	1449118800.0	0	0	0
snapshot_12_3_2015_12_0.json	1449162000.0	0	0	0
snapshot_12_3_2015_6_0.json	1449140400.0	0	0	0
9290165	2015-12-02T00:30:00Z	Wicked	Whitney Hall	Kentucky Louisville|4421	40202
snapshot_11_16_2015_0_0.json	1447650000.0	82.38	176.4	82
snapshot_11_17_2015_0_0.json	1447736400.0	82.38	176.4	80
snapshot_11_17_2015_12_0.json	1447779600.0	82.38	182	85
snapshot_11_17_2015_18_0.json	1447801200.0	82.38	182	85
snapshot_11_17_2015_6_0.json	1447758000.0	82.38	176.4	80
snapshot_11_17_2015_6_0.json	1447758000.0	82.38	176.4	80
snapshot_11_18_2015_0_0.json	1447822800.0	82.38	182	85
snapshot_11_18_2015_12_0.json	1447866000.0	82.38	170.34	76
snapshot_11_18_2015_12_0.json	1447866000.0	82.38	170.34	76
snapshot_11_18_2015_18_0.json	1447887600.0	82.38	170.34	74
snapshot_11_18_2015_6_0.json	1447844400.0	82.38	182	81
snapshot_11_18_2015_6_0.json	1447844400.0	82.38	182	81
snapshot_11_19_2015_0_0.json	1447909200.0	82.38	170.34	72
snapshot_11_19_2015_12_0.json	1447952400.0	82.38	170.34	72
snapshot_11_19_2015_12_0.json	1447952400.0	82.38	170.34	72
snapshot_11_20_2015_0_0.json	1447995600.0	82.38	169	69
snapshot_11_21_2015_12_0.json	1448125200.0	83.53	169	57
snapshot_11_21_2015_18_0.json	1448146800.0	83.53	169	57
snapshot_11_22_2015_0_0.json	1448168400.0	83.53	169	57
snapshot_11_22_2015_18_0.json	1448233200.0	110.55	169	50
snapshot_11_22_2015_6_0.json	1448190000.0	83.53	169	53
snapshot_11_22_2015_6_0.json	1448190000.0	83.53	169	53
snapshot_11_23_2015_0_0.json	1448254800.0	110.55	169	50
snapshot_11_23_2015_12_0.json	1448298000.0	110.55	169	50
snapshot_11_23_2015_12_0.json	1448298000.0	110.55	169	50
snapshot_11_23_2015_18_0.json	1448319600.0	110.55	169	50
snapshot_11_23_2015_6_0.json	1448276400.0	110.55	169	50
snapshot_11_24_2015_0_0.json	1448341200.0	110.55	169	50
snapshot_11_24_2015_0_0.json	1448341200.0	110.55	169	50
snapshot_11_24_2015_12_0.json	1448384400.0	122.25	156.8	38
snapshot_11_24_2015_18_0.json	1448406000.0	122.25	156.8	36
snapshot_11_24_2015_6_0.json	1448362800.0	129.83	156.8	36
snapshot_11_25_2015_12_0.json	1448470800.0	110.55	156.8	36
snapshot_11_25_2015_18_0.json	1448492400.0	110.55	156.8	36
snapshot_11_25_2015_6_0.json	1448449200.0	110.55	156.8	36
snapshot_11_26_2015_0_0.json	1448514000.0	124.04	156.8	30
snapshot_11_27_2015_18_0.json	1448665200.0	124.04	156.8	30
snapshot_11_28_2015_0_0.json	1448686800.0	124.04	156.8	28
snapshot_11_28_2015_12_0.json	1448730000.0	124.04	156.8	28
snapshot_11_28_2015_18_0.json	1448751600.0	124.04	132.3	28
snapshot_11_28_2015_6_0.json	1448708400.0	124.04	156.8	28
snapshot_11_29_2015_0_0.json	1448773200.0	124.04	132.3	28
snapshot_11_29_2015_12_0.json	1448816400.0	117.1	132.3	28
snapshot_11_29_2015_18_0.json	1448838000.0	117.1	132.3	28
snapshot_11_29_2015_6_0.json	1448794800.0	117.1	132.3	28
snapshot_11_30_2015_0_0.json	1448859600.0	117.1	132.3	20
snapshot_11_30_2015_12_0.json	1448902800.0	117.1	132.3	20
snapshot_11_30_2015_18_0.json	1448924400.0	114.78	132.3	16
snapshot_11_30_2015_6_0.json	1448881200.0	117.1	132.3	20
snapshot_12_1_2015_0_0.json	1448946000.0	113.63	112.7	14
snapshot_12_1_2015_12_0.json	1448989200.0	113.63	112.7	12
snapshot_12_1_2015_18_0.json	1449010800.0	134.36	112.7	10
snapshot_12_1_2015_6_0.json	1448967600.0	113.63	112.7	12
snapshot_12_2_2015_0_0.json	1449032400.0	99.96	98	9
snapshot_12_2_2015_0_0.json	1449032400.0	99.96	98	9
snapshot_12_2_2015_12_0.json	1449075600.0	0	0	0
snapshot_12_2_2015_18_0.json	1449097200.0	0	0	0
snapshot_12_2_2015_6_0.json	1449054000.0	0	0	0
snapshot_12_3_2015_0_0.json	1449118800.0	0	0	0
snapshot_12_3_2015_12_0.json	1449162000.0	0	0	0
snapshot_12_3_2015_6_0.json	1449140400.0	0	0	0
