9290145	2015-11-21T01:00:00Z	Wicked	Whitney Hall	Kentucky Louisville|4421	40202
snapshot_11_16_2015_0_0.json	1447650000.0	145.83	184	49
snapshot_11_17_2015_0_0.json	1447736400.0	145.83	184	49
snapshot_11_17_2015_12_0.json	1447779600.0	145.83	180	47
snapshot_11_17_2015_18_0.json	1447801200.0	145.83	180	47
snapshot_11_17_2015_18_0.json	1447801200.0	145.83	180	47
snapshot_11_17_2015_6_0.json	1447758000.0	145.83	180	47
snapshot_11_17_2015_6_0.json	1447758000.0	145.83	180	47
snapshot_11_18_2015_0_0.json	1447822800.0	145.83	180	40
snapshot_11_18_2015_12_0.json	1447866000.0	135.12	180	40
snapshot_11_18_2015_18_0.json	1447887600.0	132.37	180	40
snapshot_11_18_2015_18_0.json	1447887600.0	132.37	180	40
snapshot_11_18_2015_6_0.json	1447844400.0	145.83	180	40
snapshot_11_19_2015_0_0.json	1447909200.0	132.37	180	40
snapshot_11_19_2015_12_0.json	1447952400.0	134.36	136.07	30
snapshot_11_19_2015_6_0.json	1447930800.0	145.83	142.1	32
snapshot_11_20_2015_0_0.json	1447995600.0	145.83	132.3	10
snapshot_11_20_2015_12_0.json	1448038800.0	140.09	126.28	6
snapshot_11_21_2015_18_0.json	1448146800.0	0	0	0
snapshot_11_22_2015_0_0.json	1448168400.0	0	0	0
snapshot_11_22_2015_12_0.json	1448211600.0	0	0	0
9290145	2015-11-21T01:00:00Z	Wicked	Whitney Hall	Kentucky Louisville|4421	40202
snapshot_11_16_2015_0_0.json	1447650000.0	145.83	184	49
snapshot_11_17_2015_0_0.json	1447736400.0	145.83	184	49
snapshot_11_17_2015_12_0.json	1447779600.0	145.83	180	47
snapshot_11_17_2015_18_0.json	1447801200.0	145.83	180	47
snapshot_11_17_2015_18_0.json	1447801200.0	145.83	180	47
snapshot_11_17_2015_6_0.json	1447758000.0	145.83	180	47
snapshot_11_17_2015_6_0.json	1447758000.0	145.83	180	47
snapshot_11_18_2015_0_0.json	1447822800.0	145.83	180	40
snapshot_11_18_2015_12_0.json	1447866000.0	135.12	180	40
snapshot_11_18_2015_18_0.json	1447887600.0	132.37	180	40
snapshot_11_18_2015_18_0.json	1447887600.0	132.37	180	40
snapshot_11_18_2015_6_0.json	1447844400.0	145.83	180	40
snapshot_11_19_2015_0_0.json	1447909200.0	132.37	180	40
snapshot_11_19_2015_12_0.json	1447952400.0	134.36	136.07	30
snapshot_11_19_2015_6_0.json	1447930800.0	145.83	142.1	32
snapshot_11_20_2015_0_0.json	1447995600.0	145.83	132.3	10
snapshot_11_20_2015_12_0.json	1448038800.0	140.09	126.28	6
snapshot_11_21_2015_18_0.json	1448146800.0	0	0	0
snapshot_11_22_2015_0_0.json	1448168400.0	0	0	0
snapshot_11_22_2015_12_0.json	1448211600.0	0	0	0
