9290141	2015-11-19T00:30:00Z	Wicked	Whitney Hall	Kentucky Louisville|4421	40202
snapshot_11_16_2015_0_0.json	1447650000.0	93.95	171.32	38
snapshot_11_17_2015_12_0.json	1447779600.0	88.16	151.74	32
snapshot_11_17_2015_18_0.json	1447801200.0	70.79	151.74	32
snapshot_11_17_2015_6_0.json	1447758000.0	88.16	151.74	32
snapshot_11_18_2015_0_0.json	1447822800.0	60.38	122.37	31
snapshot_11_18_2015_0_0.json	1447822800.0	60.38	122.37	31
snapshot_11_18_2015_12_0.json	1447866000.0	48.8	122.37	29
snapshot_11_18_2015_12_0.json	1447866000.0	48.8	122.37	29
snapshot_11_18_2015_18_0.json	1447887600.0	48.8	122.37	26
snapshot_11_18_2015_6_0.json	1447844400.0	48.8	130	33
snapshot_11_19_2015_0_0.json	1447909200.0	25.65	63.7	24
snapshot_11_19_2015_18_0.json	1447974000.0	0	0	0
snapshot_11_19_2015_6_0.json	1447930800.0	0	0	0
snapshot_11_20_2015_0_0.json	1447995600.0	0	0	0
snapshot_11_20_2015_0_0.json	1447995600.0	0	0	0
snapshot_11_20_2015_12_0.json	1448038800.0	0	0	0
9290141	2015-11-19T00:30:00Z	Wicked	Whitney Hall	Kentucky Louisville|4421	40202
snapshot_11_16_2015_0_0.json	1447650000.0	93.95	171.32	38
snapshot_11_17_2015_12_0.json	1447779600.0	88.16	151.74	32
snapshot_11_17_2015_18_0.json	1447801200.0	70.79	151.74	32
snapshot_11_17_2015_6_0.json	1447758000.0	88.16	151.74	32
snapshot_11_18_2015_0_0.json	1447822800.0	60.38	122.37	31
snapshot_11_18_2015_0_0.json	1447822800.0	60.38	122.37	31
snapshot_11_18_2015_12_0.json	1447866000.0	48.8	122.37	29
snapshot_11_18_2015_12_0.json	1447866000.0	48.8	122.37	29
snapshot_11_18_2015_18_0.json	1447887600.0	48.8	122.37	26
snapshot_11_18_2015_6_0.json	1447844400.0	48.8	130	33
snapshot_11_19_2015_0_0.json	1447909200.0	25.65	63.7	24
snapshot_11_19_2015_18_0.json	1447974000.0	0	0	0
snapshot_11_19_2015_6_0.json	1447930800.0	0	0	0
snapshot_11_20_2015_0_0.json	1447995600.0	0	0	0
snapshot_11_20_2015_0_0.json	1447995600.0	0	0	0
snapshot_11_20_2015_12_0.json	1448038800.0	0	0	0
