9290143	2015-11-20T00:30:00Z	Wicked	Whitney Hall	Kentucky Louisville|4421	40202
snapshot_11_16_2015_0_0.json	1447650000.0	82.38	161.53	61
snapshot_11_17_2015_0_0.json	1447736400.0	76.58	156.8	59
snapshot_11_17_2015_6_0.json	1447758000.0	76.58	156.8	59
snapshot_11_18_2015_0_0.json	1447822800.0	53.43	147	49
snapshot_11_18_2015_12_0.json	1447866000.0	87	147	37
snapshot_11_18_2015_12_0.json	1447866000.0	87	147	37
snapshot_11_18_2015_18_0.json	1447887600.0	87	140.97	33
snapshot_11_18_2015_18_0.json	1447887600.0	87	140.97	33
snapshot_11_18_2015_6_0.json	1447844400.0	87	147	39
snapshot_11_19_2015_0_0.json	1447909200.0	75.43	131.18	33
snapshot_11_19_2015_6_0.json	1447930800.0	75.43	127.4	31
snapshot_11_20_2015_0_0.json	1447995600.0	73.11	73.5	17
snapshot_11_21_2015_12_0.json	1448125200.0	0	0	0
9290143	2015-11-20T00:30:00Z	Wicked	Whitney Hall	Kentucky Louisville|4421	40202
snapshot_11_16_2015_0_0.json	1447650000.0	82.38	161.53	61
snapshot_11_17_2015_0_0.json	1447736400.0	76.58	156.8	59
snapshot_11_17_2015_6_0.json	1447758000.0	76.58	156.8	59
snapshot_11_18_2015_0_0.json	1447822800.0	53.43	147	49
snapshot_11_18_2015_12_0.json	1447866000.0	87	147	37
snapshot_11_18_2015_12_0.json	1447866000.0	87	147	37
snapshot_11_18_2015_18_0.json	1447887600.0	87	140.97	33
snapshot_11_18_2015_18_0.json	1447887600.0	87	140.97	33
snapshot_11_18_2015_6_0.json	1447844400.0	87	147	39
snapshot_11_19_2015_0_0.json	1447909200.0	75.43	131.18	33
snapshot_11_19_2015_6_0.json	1447930800.0	75.43	127.4	31
snapshot_11_20_2015_0_0.json	1447995600.0	73.11	73.5	17
snapshot_11_21_2015_12_0.json	1448125200.0	0	0	0
