9290151	2015-11-25T00:30:00Z	Wicked	Whitney Hall	Kentucky Louisville|4421	40202
snapshot_11_16_2015_0_0.json	1447650000.0	89.31	160.55	48
snapshot_11_17_2015_0_0.json	1447736400.0	89.31	156.8	46
snapshot_11_17_2015_12_0.json	1447779600.0	114.82	156.8	41
snapshot_11_17_2015_18_0.json	1447801200.0	114.82	156.8	33
snapshot_11_17_2015_6_0.json	1447758000.0	114.82	156.8	41
snapshot_11_18_2015_0_0.json	1447822800.0	114.82	156.8	33
snapshot_11_18_2015_12_0.json	1447866000.0	134.46	156.8	31
snapshot_11_18_2015_12_0.json	1447866000.0	134.46	156.8	31
snapshot_11_18_2015_18_0.json	1447887600.0	142.9	156.8	29
snapshot_11_18_2015_6_0.json	1447844400.0	134.46	156.8	31
snapshot_11_19_2015_0_0.json	1447909200.0	142.9	156.8	27
snapshot_11_19_2015_12_0.json	1447952400.0	142.9	156.8	24
snapshot_11_19_2015_6_0.json	1447930800.0	142.9	156.8	24
snapshot_11_20_2015_0_0.json	1447995600.0	142.9	156.8	24
snapshot_11_20_2015_12_0.json	1448038800.0	142.9	148	24
snapshot_11_21_2015_12_0.json	1448125200.0	142.9	148	18
snapshot_11_22_2015_0_0.json	1448168400.0	142.9	148	16
snapshot_11_22_2015_0_0.json	1448168400.0	142.9	148	16
snapshot_11_22_2015_12_0.json	1448211600.0	142.9	129.22	14
snapshot_11_22_2015_12_0.json	1448211600.0	142.9	129.22	14
snapshot_11_22_2015_18_0.json	1448233200.0	49.3	127.4	12
snapshot_11_22_2015_6_0.json	1448190000.0	142.9	129.22	14
snapshot_11_22_2015_6_0.json	1448190000.0	142.9	129.22	14
snapshot_11_23_2015_0_0.json	1448254800.0	49.3	122.5	12
snapshot_11_23_2015_12_0.json	1448298000.0	144.53	122.5	4
snapshot_11_23_2015_18_0.json	1448319600.0	122.89	106.71	4
snapshot_11_24_2015_18_0.json	1448406000.0	0	0	0
snapshot_11_24_2015_6_0.json	1448362800.0	0	0	0
snapshot_11_24_2015_6_0.json	1448362800.0	0	0	0
snapshot_11_25_2015_0_0.json	1448427600.0	0	0	0
snapshot_11_25_2015_12_0.json	1448470800.0	0	0	0
snapshot_11_25_2015_18_0.json	1448492400.0	0	0	0
snapshot_11_25_2015_6_0.json	1448449200.0	0	0	0
snapshot_11_26_2015_0_0.json	1448514000.0	0	0	0
snapshot_11_26_2015_0_0.json	1448514000.0	0	0	0
9290151	2015-11-25T00:30:00Z	Wicked	Whitney Hall	Kentucky Louisville|4421	40202
snapshot_11_16_2015_0_0.json	1447650000.0	89.31	160.55	48
snapshot_11_17_2015_0_0.json	1447736400.0	89.31	156.8	46
snapshot_11_17_2015_12_0.json	1447779600.0	114.82	156.8	41
snapshot_11_17_2015_18_0.json	1447801200.0	114.82	156.8	33
snapshot_11_17_2015_6_0.json	1447758000.0	114.82	156.8	41
snapshot_11_18_2015_0_0.json	1447822800.0	114.82	156.8	33
snapshot_11_18_2015_12_0.json	1447866000.0	134.46	156.8	31
snapshot_11_18_2015_12_0.json	1447866000.0	134.46	156.8	31
snapshot_11_18_2015_18_0.json	1447887600.0	142.9	156.8	29
snapshot_11_18_2015_6_0.json	1447844400.0	134.46	156.8	31
snapshot_11_19_2015_0_0.json	1447909200.0	142.9	156.8	27
snapshot_11_19_2015_12_0.json	1447952400.0	142.9	156.8	24
snapshot_11_19_2015_6_0.json	1447930800.0	142.9	156.8	24
snapshot_11_20_2015_0_0.json	1447995600.0	142.9	156.8	24
snapshot_11_20_2015_12_0.json	1448038800.0	142.9	148	24
snapshot_11_21_2015_12_0.json	1448125200.0	142.9	148	18
snapshot_11_22_2015_0_0.json	1448168400.0	142.9	148	16
snapshot_11_22_2015_0_0.json	1448168400.0	142.9	148	16
snapshot_11_22_2015_12_0.json	1448211600.0	142.9	129.22	14
snapshot_11_22_2015_12_0.json	1448211600.0	142.9	129.22	14
snapshot_11_22_2015_18_0.json	1448233200.0	49.3	127.4	12
snapshot_11_22_2015_6_0.json	1448190000.0	142.9	129.22	14
snapshot_11_22_2015_6_0.json	1448190000.0	142.9	129.22	14
snapshot_11_23_2015_0_0.json	1448254800.0	49.3	122.5	12
snapshot_11_23_2015_12_0.json	1448298000.0	144.53	122.5	4
snapshot_11_23_2015_18_0.json	1448319600.0	122.89	106.71	4
snapshot_11_24_2015_18_0.json	1448406000.0	0	0	0
snapshot_11_24_2015_6_0.json	1448362800.0	0	0	0
snapshot_11_24_2015_6_0.json	1448362800.0	0	0	0
snapshot_11_25_2015_0_0.json	1448427600.0	0	0	0
snapshot_11_25_2015_12_0.json	1448470800.0	0	0	0
snapshot_11_25_2015_18_0.json	1448492400.0	0	0	0
snapshot_11_25_2015_6_0.json	1448449200.0	0	0	0
snapshot_11_26_2015_0_0.json	1448514000.0	0	0	0
snapshot_11_26_2015_0_0.json	1448514000.0	0	0	0
