9290259	2015-12-05T01:00:00Z	Wicked	Whitney Hall	Kentucky Louisville|4421	40202
snapshot_11_17_2015_0_0.json	1447736400.0	89.31	189.92	128
snapshot_11_17_2015_12_0.json	1447779600.0	89.31	189.92	122
snapshot_11_17_2015_18_0.json	1447801200.0	89.31	189.92	130
snapshot_11_17_2015_6_0.json	1447758000.0	89.31	189.92	122
snapshot_11_18_2015_0_0.json	1447822800.0	89.31	189.92	130
snapshot_11_18_2015_0_0.json	1447822800.0	89.31	189.92	130
snapshot_11_18_2015_12_0.json	1447866000.0	89.31	189.92	128
snapshot_11_18_2015_18_0.json	1447887600.0	89.31	189.92	124
snapshot_11_18_2015_6_0.json	1447844400.0	89.31	189.92	130
snapshot_11_19_2015_0_0.json	1447909200.0	89.31	189.92	122
snapshot_11_19_2015_12_0.json	1447952400.0	89.31	189.92	122
snapshot_11_19_2015_6_0.json	1447930800.0	89.31	189.92	122
snapshot_11_20_2015_12_0.json	1448038800.0	89.31	181.3	122
snapshot_11_21_2015_12_0.json	1448125200.0	99.96	181.3	121
snapshot_11_21_2015_18_0.json	1448146800.0	99.96	181.3	121
snapshot_11_22_2015_0_0.json	1448168400.0	99.96	181.3	115
snapshot_11_22_2015_12_0.json	1448211600.0	99.96	181.3	111
snapshot_11_22_2015_18_0.json	1448233200.0	99.96	181.3	111
snapshot_11_22_2015_6_0.json	1448190000.0	99.96	181.3	111
snapshot_11_22_2015_6_0.json	1448190000.0	99.96	181.3	111
snapshot_11_23_2015_12_0.json	1448298000.0	99.96	181.3	108
snapshot_11_23_2015_6_0.json	1448276400.0	99.96	181.3	108
snapshot_11_24_2015_0_0.json	1448341200.0	94.23	171.5	142
snapshot_11_24_2015_12_0.json	1448384400.0	94.23	171.5	140
snapshot_11_24_2015_18_0.json	1448406000.0	94.23	171.5	138
snapshot_11_24_2015_6_0.json	1448362800.0	94.23	171.5	140
snapshot_11_25_2015_0_0.json	1448427600.0	94.23	171.5	138
snapshot_11_25_2015_0_0.json	1448427600.0	94.23	171.5	138
snapshot_11_25_2015_12_0.json	1448470800.0	94.23	171.5	136
snapshot_11_25_2015_18_0.json	1448492400.0	94.23	171.5	131
snapshot_11_25_2015_6_0.json	1448449200.0	94.23	171.5	136
snapshot_11_25_2015_6_0.json	1448449200.0	94.23	171.5	136
snapshot_11_26_2015_0_0.json	1448514000.0	94.23	171.5	128
snapshot_11_26_2015_0_0.json	1448514000.0	94.23	171.5	128
snapshot_11_27_2015_18_0.json	1448665200.0	100.78	171.5	117
snapshot_11_28_2015_0_0.json	1448686800.0	100.78	171.5	107
snapshot_11_28_2015_18_0.json	1448751600.0	125.35	166.6	99
snapshot_11_28_2015_18_0.json	1448751600.0	125.35	166.6	99
snapshot_11_28_2015_6_0.json	1448708400.0	100.78	171.5	105
snapshot_11_29_2015_0_0.json	1448773200.0	135.62	166.6	99
snapshot_11_29_2015_0_0.json	1448773200.0	135.62	166.6	99
snapshot_11_29_2015_12_0.json	1448816400.0	129.83	166.6	99
snapshot_11_29_2015_18_0.json	1448838000.0	129.83	166.6	99
snapshot_11_29_2015_18_0.json	1448838000.0	129.83	166.6	99
snapshot_11_29_2015_6_0.json	1448794800.0	129.83	166.6	99
snapshot_11_29_2015_6_0.json	1448794800.0	129.83	166.6	99
snapshot_11_30_2015_0_0.json	1448859600.0	129.83	166.6	99
snapshot_11_30_2015_0_0.json	1448859600.0	129.83	166.6	99
snapshot_11_30_2015_12_0.json	1448902800.0	129.83	166.6	87
snapshot_11_30_2015_18_0.json	1448924400.0	127.51	166.6	80
snapshot_12_1_2015_0_0.json	1448946000.0	126.36	166.6	71
snapshot_12_1_2015_18_0.json	1449010800.0	118.33	166.6	63
snapshot_12_2_2015_0_0.json	1449032400.0	118.33	151.9	59
snapshot_12_2_2015_12_0.json	1449075600.0	118.33	151.9	55
snapshot_12_2_2015_18_0.json	1449097200.0	118.33	151.9	53
snapshot_12_2_2015_6_0.json	1449054000.0	118.33	151.9	55
snapshot_12_3_2015_0_0.json	1449118800.0	130.03	151.9	51
snapshot_12_3_2015_12_0.json	1449162000.0	130.03	151.9	46
snapshot_12_3_2015_18_0.json	1449183600.0	118.33	137.2	36
snapshot_12_3_2015_6_0.json	1449140400.0	130.03	151.9	46
snapshot_12_4_2015_0_0.json	1449205200.0	90.25	132.3	42
snapshot_12_4_2015_12_0.json	1449248400.0	90.25	127.4	28
snapshot_12_4_2015_18_0.json	1449270000.0	71.53	127.4	9
snapshot_12_5_2015_0_0.json	1449291600.0	0	0	0
snapshot_12_5_2015_12_0.json	1449334800.0	0	0	0
snapshot_12_5_2015_12_0.json	1449334800.0	0	0	0
snapshot_12_5_2015_18_0.json	1449356400.0	0	0	0
snapshot_12_5_2015_6_0.json	1449313200.0	0	0	0
9290259	2015-12-05T01:00:00Z	Wicked	Whitney Hall	Kentucky Louisville|4421	40202
snapshot_11_17_2015_0_0.json	1447736400.0	89.31	189.92	128
snapshot_11_17_2015_12_0.json	1447779600.0	89.31	189.92	122
snapshot_11_17_2015_18_0.json	1447801200.0	89.31	189.92	130
snapshot_11_17_2015_6_0.json	1447758000.0	89.31	189.92	122
snapshot_11_18_2015_0_0.json	1447822800.0	89.31	189.92	130
snapshot_11_18_2015_0_0.json	1447822800.0	89.31	189.92	130
snapshot_11_18_2015_12_0.json	1447866000.0	89.31	189.92	128
snapshot_11_18_2015_18_0.json	1447887600.0	89.31	189.92	124
snapshot_11_18_2015_6_0.json	1447844400.0	89.31	189.92	130
snapshot_11_19_2015_0_0.json	1447909200.0	89.31	189.92	122
snapshot_11_19_2015_12_0.json	1447952400.0	89.31	189.92	122
snapshot_11_19_2015_6_0.json	1447930800.0	89.31	189.92	122
snapshot_11_20_2015_12_0.json	1448038800.0	89.31	181.3	122
snapshot_11_21_2015_12_0.json	1448125200.0	99.96	181.3	121
snapshot_11_21_2015_18_0.json	1448146800.0	99.96	181.3	121
snapshot_11_22_2015_0_0.json	1448168400.0	99.96	181.3	115
snapshot_11_22_2015_12_0.json	1448211600.0	99.96	181.3	111
snapshot_11_22_2015_18_0.json	1448233200.0	99.96	181.3	111
snapshot_11_22_2015_6_0.json	1448190000.0	99.96	181.3	111
snapshot_11_22_2015_6_0.json	1448190000.0	99.96	181.3	111
snapshot_11_23_2015_12_0.json	1448298000.0	99.96	181.3	108
snapshot_11_23_2015_6_0.json	1448276400.0	99.96	181.3	108
snapshot_11_24_2015_0_0.json	1448341200.0	94.23	171.5	142
snapshot_11_24_2015_12_0.json	1448384400.0	94.23	171.5	140
snapshot_11_24_2015_18_0.json	1448406000.0	94.23	171.5	138
snapshot_11_24_2015_6_0.json	1448362800.0	94.23	171.5	140
snapshot_11_25_2015_0_0.json	1448427600.0	94.23	171.5	138
snapshot_11_25_2015_0_0.json	1448427600.0	94.23	171.5	138
snapshot_11_25_2015_12_0.json	1448470800.0	94.23	171.5	136
snapshot_11_25_2015_18_0.json	1448492400.0	94.23	171.5	131
snapshot_11_25_2015_6_0.json	1448449200.0	94.23	171.5	136
snapshot_11_25_2015_6_0.json	1448449200.0	94.23	171.5	136
snapshot_11_26_2015_0_0.json	1448514000.0	94.23	171.5	128
snapshot_11_26_2015_0_0.json	1448514000.0	94.23	171.5	128
snapshot_11_27_2015_18_0.json	1448665200.0	100.78	171.5	117
snapshot_11_28_2015_0_0.json	1448686800.0	100.78	171.5	107
snapshot_11_28_2015_18_0.json	1448751600.0	125.35	166.6	99
snapshot_11_28_2015_18_0.json	1448751600.0	125.35	166.6	99
snapshot_11_28_2015_6_0.json	1448708400.0	100.78	171.5	105
snapshot_11_29_2015_0_0.json	1448773200.0	135.62	166.6	99
snapshot_11_29_2015_0_0.json	1448773200.0	135.62	166.6	99
snapshot_11_29_2015_12_0.json	1448816400.0	129.83	166.6	99
snapshot_11_29_2015_18_0.json	1448838000.0	129.83	166.6	99
snapshot_11_29_2015_18_0.json	1448838000.0	129.83	166.6	99
snapshot_11_29_2015_6_0.json	1448794800.0	129.83	166.6	99
snapshot_11_29_2015_6_0.json	1448794800.0	129.83	166.6	99
snapshot_11_30_2015_0_0.json	1448859600.0	129.83	166.6	99
snapshot_11_30_2015_0_0.json	1448859600.0	129.83	166.6	99
snapshot_11_30_2015_12_0.json	1448902800.0	129.83	166.6	87
snapshot_11_30_2015_18_0.json	1448924400.0	127.51	166.6	80
snapshot_12_1_2015_0_0.json	1448946000.0	126.36	166.6	71
snapshot_12_1_2015_18_0.json	1449010800.0	118.33	166.6	63
snapshot_12_2_2015_0_0.json	1449032400.0	118.33	151.9	59
snapshot_12_2_2015_12_0.json	1449075600.0	118.33	151.9	55
snapshot_12_2_2015_18_0.json	1449097200.0	118.33	151.9	53
snapshot_12_2_2015_6_0.json	1449054000.0	118.33	151.9	55
snapshot_12_3_2015_0_0.json	1449118800.0	130.03	151.9	51
snapshot_12_3_2015_12_0.json	1449162000.0	130.03	151.9	46
snapshot_12_3_2015_18_0.json	1449183600.0	118.33	137.2	36
snapshot_12_3_2015_6_0.json	1449140400.0	130.03	151.9	46
snapshot_12_4_2015_0_0.json	1449205200.0	90.25	132.3	42
snapshot_12_4_2015_12_0.json	1449248400.0	90.25	127.4	28
snapshot_12_4_2015_18_0.json	1449270000.0	71.53	127.4	9
snapshot_12_5_2015_0_0.json	1449291600.0	0	0	0
snapshot_12_5_2015_12_0.json	1449334800.0	0	0	0
snapshot_12_5_2015_12_0.json	1449334800.0	0	0	0
snapshot_12_5_2015_18_0.json	1449356400.0	0	0	0
snapshot_12_5_2015_6_0.json	1449313200.0	0	0	0
