9291490	2015-12-10T01:30:00Z	The Lion King	Cadillac Palace Theatre	Illinois Chicago|666	60602
snapshot_11_16_2015_0_0.json	1447650000.0	109.38	272.07	136
snapshot_11_16_2015_0_0.json	1447650000.0	109.38	272.07	136
snapshot_11_17_2015_0_0.json	1447736400.0	109.38	272.07	135
snapshot_11_17_2015_12_0.json	1447779600.0	109.38	272.07	135
snapshot_11_17_2015_18_0.json	1447801200.0	109.38	272.07	131
snapshot_11_17_2015_6_0.json	1447758000.0	109.38	272.07	135
snapshot_11_18_2015_0_0.json	1447822800.0	109.38	247.34	127
snapshot_11_18_2015_12_0.json	1447866000.0	109.38	247.34	125
snapshot_11_18_2015_12_0.json	1447866000.0	109.38	247.34	125
snapshot_11_18_2015_18_0.json	1447887600.0	109.38	247.34	117
snapshot_11_18_2015_6_0.json	1447844400.0	109.38	247.34	125
snapshot_11_19_2015_0_0.json	1447909200.0	109.38	269.21	121
snapshot_11_19_2015_12_0.json	1447952400.0	109.38	269.21	119
snapshot_11_19_2015_6_0.json	1447930800.0	109.38	269.21	119
snapshot_11_20_2015_0_0.json	1447995600.0	109.38	269.21	119
snapshot_11_20_2015_12_0.json	1448038800.0	109.38	269.21	117
snapshot_11_20_2015_12_0.json	1448038800.0	109.38	269.21	117
snapshot_11_21_2015_12_0.json	1448125200.0	109.38	269.21	115
snapshot_11_21_2015_18_0.json	1448146800.0	109.38	269.21	115
snapshot_11_22_2015_0_0.json	1448168400.0	109.38	269.21	115
snapshot_11_22_2015_0_0.json	1448168400.0	109.38	269.21	115
snapshot_11_22_2015_12_0.json	1448211600.0	109.38	269.21	115
snapshot_11_23_2015_0_0.json	1448254800.0	109.38	269.21	111
snapshot_11_23_2015_12_0.json	1448298000.0	109.38	269.21	103
snapshot_11_23_2015_18_0.json	1448319600.0	109.38	269.21	103
snapshot_11_23_2015_6_0.json	1448276400.0	109.38	269.21	105
snapshot_11_24_2015_0_0.json	1448341200.0	109.38	269.21	99
snapshot_11_24_2015_12_0.json	1448384400.0	109.38	269.21	91
snapshot_11_24_2015_18_0.json	1448406000.0	109.38	269.21	85
snapshot_11_24_2015_6_0.json	1448362800.0	109.38	269.21	91
snapshot_11_25_2015_0_0.json	1448427600.0	109.38	269.21	95
snapshot_11_25_2015_0_0.json	1448427600.0	109.38	269.21	95
snapshot_11_25_2015_12_0.json	1448470800.0	109.38	269.21	87
snapshot_11_25_2015_18_0.json	1448492400.0	137.94	269.21	81
snapshot_11_25_2015_6_0.json	1448449200.0	109.38	269.21	90
snapshot_11_26_2015_0_0.json	1448514000.0	137.94	269.21	92
snapshot_11_27_2015_18_0.json	1448665200.0	137.94	269.21	92
snapshot_11_28_2015_0_0.json	1448686800.0	137.94	269.21	86
snapshot_11_28_2015_12_0.json	1448730000.0	137.94	269.21	86
snapshot_11_28_2015_18_0.json	1448751600.0	137.94	269.21	81
snapshot_11_29_2015_0_0.json	1448773200.0	137.94	269.21	81
snapshot_11_29_2015_0_0.json	1448773200.0	137.94	269.21	81
snapshot_11_29_2015_12_0.json	1448816400.0	137.94	269.21	78
snapshot_11_29_2015_6_0.json	1448794800.0	137.94	269.21	78
snapshot_11_30_2015_0_0.json	1448859600.0	121.08	269.21	64
snapshot_11_30_2015_12_0.json	1448902800.0	121.08	269.21	59
snapshot_11_30_2015_18_0.json	1448924400.0	121.08	269.21	53
snapshot_11_30_2015_6_0.json	1448881200.0	121.08	269.21	59
snapshot_12_1_2015_12_0.json	1448989200.0	121.08	269.21	46
snapshot_12_1_2015_18_0.json	1449010800.0	121.08	269.21	41
snapshot_12_1_2015_6_0.json	1448967600.0	121.08	269.21	46
snapshot_12_1_2015_6_0.json	1448967600.0	121.08	269.21	46
snapshot_12_2_2015_0_0.json	1449032400.0	121.08	269.21	33
snapshot_12_2_2015_12_0.json	1449075600.0	121.08	269.21	28
snapshot_12_2_2015_18_0.json	1449097200.0	121.08	272.07	30
snapshot_12_2_2015_6_0.json	1449054000.0	121.08	269.21	28
snapshot_12_3_2015_12_0.json	1449162000.0	121.08	220.26	19
snapshot_12_3_2015_18_0.json	1449183600.0	121.08	220.26	15
snapshot_12_3_2015_18_0.json	1449183600.0	121.08	220.26	15
snapshot_12_4_2015_0_0.json	1449205200.0	121.08	222.61	21
snapshot_12_4_2015_12_0.json	1449248400.0	121.08	222.61	19
snapshot_12_4_2015_18_0.json	1449270000.0	121.08	222.61	17
snapshot_12_4_2015_6_0.json	1449226800.0	121.08	222.61	19
snapshot_12_5_2015_0_0.json	1449291600.0	135.62	220.26	22
snapshot_12_5_2015_12_0.json	1449334800.0	154.6	220.26	20
snapshot_12_5_2015_18_0.json	1449356400.0	154.6	220.26	18
snapshot_12_5_2015_6_0.json	1449313200.0	154.6	220.26	20
9291490	2015-12-10T01:30:00Z	The Lion King	Cadillac Palace Theatre	Illinois Chicago|666	60602
snapshot_11_16_2015_0_0.json	1447650000.0	109.38	272.07	136
snapshot_11_16_2015_0_0.json	1447650000.0	109.38	272.07	136
snapshot_11_17_2015_0_0.json	1447736400.0	109.38	272.07	135
snapshot_11_17_2015_12_0.json	1447779600.0	109.38	272.07	135
snapshot_11_17_2015_18_0.json	1447801200.0	109.38	272.07	131
snapshot_11_17_2015_6_0.json	1447758000.0	109.38	272.07	135
snapshot_11_18_2015_0_0.json	1447822800.0	109.38	247.34	127
snapshot_11_18_2015_12_0.json	1447866000.0	109.38	247.34	125
snapshot_11_18_2015_12_0.json	1447866000.0	109.38	247.34	125
snapshot_11_18_2015_18_0.json	1447887600.0	109.38	247.34	117
snapshot_11_18_2015_6_0.json	1447844400.0	109.38	247.34	125
snapshot_11_19_2015_0_0.json	1447909200.0	109.38	269.21	121
snapshot_11_19_2015_12_0.json	1447952400.0	109.38	269.21	119
snapshot_11_19_2015_6_0.json	1447930800.0	109.38	269.21	119
snapshot_11_20_2015_0_0.json	1447995600.0	109.38	269.21	119
snapshot_11_20_2015_12_0.json	1448038800.0	109.38	269.21	117
snapshot_11_20_2015_12_0.json	1448038800.0	109.38	269.21	117
snapshot_11_21_2015_12_0.json	1448125200.0	109.38	269.21	115
snapshot_11_21_2015_18_0.json	1448146800.0	109.38	269.21	115
snapshot_11_22_2015_0_0.json	1448168400.0	109.38	269.21	115
snapshot_11_22_2015_0_0.json	1448168400.0	109.38	269.21	115
snapshot_11_22_2015_12_0.json	1448211600.0	109.38	269.21	115
snapshot_11_23_2015_0_0.json	1448254800.0	109.38	269.21	111
snapshot_11_23_2015_12_0.json	1448298000.0	109.38	269.21	103
snapshot_11_23_2015_18_0.json	1448319600.0	109.38	269.21	103
snapshot_11_23_2015_6_0.json	1448276400.0	109.38	269.21	105
snapshot_11_24_2015_0_0.json	1448341200.0	109.38	269.21	99
snapshot_11_24_2015_12_0.json	1448384400.0	109.38	269.21	91
snapshot_11_24_2015_18_0.json	1448406000.0	109.38	269.21	85
snapshot_11_24_2015_6_0.json	1448362800.0	109.38	269.21	91
snapshot_11_25_2015_0_0.json	1448427600.0	109.38	269.21	95
snapshot_11_25_2015_0_0.json	1448427600.0	109.38	269.21	95
snapshot_11_25_2015_12_0.json	1448470800.0	109.38	269.21	87
snapshot_11_25_2015_18_0.json	1448492400.0	137.94	269.21	81
snapshot_11_25_2015_6_0.json	1448449200.0	109.38	269.21	90
snapshot_11_26_2015_0_0.json	1448514000.0	137.94	269.21	92
snapshot_11_27_2015_18_0.json	1448665200.0	137.94	269.21	92
snapshot_11_28_2015_0_0.json	1448686800.0	137.94	269.21	86
snapshot_11_28_2015_12_0.json	1448730000.0	137.94	269.21	86
snapshot_11_28_2015_18_0.json	1448751600.0	137.94	269.21	81
snapshot_11_29_2015_0_0.json	1448773200.0	137.94	269.21	81
snapshot_11_29_2015_0_0.json	1448773200.0	137.94	269.21	81
snapshot_11_29_2015_12_0.json	1448816400.0	137.94	269.21	78
snapshot_11_29_2015_6_0.json	1448794800.0	137.94	269.21	78
snapshot_11_30_2015_0_0.json	1448859600.0	121.08	269.21	64
snapshot_11_30_2015_12_0.json	1448902800.0	121.08	269.21	59
snapshot_11_30_2015_18_0.json	1448924400.0	121.08	269.21	53
snapshot_11_30_2015_6_0.json	1448881200.0	121.08	269.21	59
snapshot_12_1_2015_12_0.json	1448989200.0	121.08	269.21	46
snapshot_12_1_2015_18_0.json	1449010800.0	121.08	269.21	41
snapshot_12_1_2015_6_0.json	1448967600.0	121.08	269.21	46
snapshot_12_1_2015_6_0.json	1448967600.0	121.08	269.21	46
snapshot_12_2_2015_0_0.json	1449032400.0	121.08	269.21	33
snapshot_12_2_2015_12_0.json	1449075600.0	121.08	269.21	28
snapshot_12_2_2015_18_0.json	1449097200.0	121.08	272.07	30
snapshot_12_2_2015_6_0.json	1449054000.0	121.08	269.21	28
snapshot_12_3_2015_12_0.json	1449162000.0	121.08	220.26	19
snapshot_12_3_2015_18_0.json	1449183600.0	121.08	220.26	15
snapshot_12_3_2015_18_0.json	1449183600.0	121.08	220.26	15
snapshot_12_4_2015_0_0.json	1449205200.0	121.08	222.61	21
snapshot_12_4_2015_12_0.json	1449248400.0	121.08	222.61	19
snapshot_12_4_2015_18_0.json	1449270000.0	121.08	222.61	17
snapshot_12_4_2015_6_0.json	1449226800.0	121.08	222.61	19
snapshot_12_5_2015_0_0.json	1449291600.0	135.62	220.26	22
snapshot_12_5_2015_12_0.json	1449334800.0	154.6	220.26	20
snapshot_12_5_2015_18_0.json	1449356400.0	154.6	220.26	18
snapshot_12_5_2015_6_0.json	1449313200.0	154.6	220.26	20
