9291544	2015-12-23T01:30:00Z	The Lion King	Cadillac Palace Theatre	Illinois Chicago|666	60602
snapshot_11_16_2015_0_0.json	1447650000.0	154.6	389	163
snapshot_11_17_2015_0_0.json	1447736400.0	159.88	389	146
snapshot_11_17_2015_12_0.json	1447779600.0	159.88	389	142
snapshot_11_17_2015_12_0.json	1447779600.0	159.88	389	142
snapshot_11_17_2015_18_0.json	1447801200.0	159.88	389	143
snapshot_11_18_2015_0_0.json	1447822800.0	159.88	389	137
snapshot_11_18_2015_12_0.json	1447866000.0	159.88	389	137
snapshot_11_18_2015_18_0.json	1447887600.0	159.88	389	135
snapshot_11_18_2015_6_0.json	1447844400.0	159.88	389	137
snapshot_11_18_2015_6_0.json	1447844400.0	159.88	389	137
snapshot_11_19_2015_12_0.json	1447952400.0	159.88	389	132
snapshot_11_19_2015_6_0.json	1447930800.0	159.88	389	132
snapshot_11_21_2015_18_0.json	1448146800.0	159.88	389	123
snapshot_11_22_2015_12_0.json	1448211600.0	159.88	389	121
snapshot_11_22_2015_18_0.json	1448233200.0	159.88	389	121
snapshot_11_22_2015_18_0.json	1448233200.0	159.88	389	121
snapshot_11_22_2015_6_0.json	1448190000.0	159.88	389	121
snapshot_11_23_2015_0_0.json	1448254800.0	159.88	389	121
snapshot_11_23_2015_12_0.json	1448298000.0	159.88	389	121
snapshot_11_23_2015_12_0.json	1448298000.0	159.88	389	121
snapshot_11_23_2015_18_0.json	1448319600.0	159.88	389	121
snapshot_11_23_2015_6_0.json	1448276400.0	159.88	389	121
snapshot_11_23_2015_6_0.json	1448276400.0	159.88	389	121
snapshot_11_24_2015_0_0.json	1448341200.0	159.88	389	127
snapshot_11_24_2015_12_0.json	1448384400.0	159.88	389	125
snapshot_11_24_2015_18_0.json	1448406000.0	159.88	389	125
snapshot_11_24_2015_6_0.json	1448362800.0	159.88	389	125
snapshot_11_25_2015_0_0.json	1448427600.0	159.88	389	131
snapshot_11_25_2015_12_0.json	1448470800.0	159.88	389	128
snapshot_11_25_2015_18_0.json	1448492400.0	159.88	389	128
snapshot_11_25_2015_6_0.json	1448449200.0	159.88	389	128
snapshot_11_26_2015_0_0.json	1448514000.0	159.88	389	134
snapshot_11_27_2015_18_0.json	1448665200.0	159.88	389	134
snapshot_11_28_2015_0_0.json	1448686800.0	159.88	389	134
snapshot_11_28_2015_12_0.json	1448730000.0	159.88	389	134
snapshot_11_28_2015_18_0.json	1448751600.0	159.88	389	134
snapshot_11_28_2015_18_0.json	1448751600.0	159.88	389	134
snapshot_11_29_2015_0_0.json	1448773200.0	159.88	389	134
snapshot_11_29_2015_12_0.json	1448816400.0	159.88	389	134
snapshot_11_29_2015_18_0.json	1448838000.0	159.88	389	129
snapshot_11_29_2015_6_0.json	1448794800.0	159.88	389	134
snapshot_11_29_2015_6_0.json	1448794800.0	159.88	389	134
snapshot_11_30_2015_0_0.json	1448859600.0	159.88	389	122
snapshot_11_30_2015_0_0.json	1448859600.0	159.88	389	122
snapshot_11_30_2015_12_0.json	1448902800.0	159.88	389	116
snapshot_11_30_2015_18_0.json	1448924400.0	159.88	389	114
snapshot_11_30_2015_6_0.json	1448881200.0	159.88	389	119
snapshot_12_1_2015_12_0.json	1448989200.0	159.88	389	104
snapshot_12_1_2015_18_0.json	1449010800.0	159.88	389	102
snapshot_12_1_2015_6_0.json	1448967600.0	159.88	389	104
snapshot_12_2_2015_12_0.json	1449075600.0	159.88	389	87
snapshot_12_2_2015_18_0.json	1449097200.0	159.88	389	87
snapshot_12_3_2015_0_0.json	1449118800.0	159.88	405	87
snapshot_12_3_2015_0_0.json	1449118800.0	159.88	405	82
snapshot_12_3_2015_12_0.json	1449162000.0	159.88	405	94
snapshot_12_3_2015_18_0.json	1449183600.0	159.88	405	94
snapshot_12_4_2015_0_0.json	1449205200.0	159.88	405	92
snapshot_12_4_2015_18_0.json	1449270000.0	159.88	405	83
snapshot_12_4_2015_6_0.json	1449226800.0	159.88	405	90
snapshot_12_5_2015_0_0.json	1449291600.0	200.06	405	73
snapshot_12_5_2015_18_0.json	1449356400.0	200.06	405	67
snapshot_12_5_2015_6_0.json	1449313200.0	200.06	405	71
9291544	2015-12-23T01:30:00Z	The Lion King	Cadillac Palace Theatre	Illinois Chicago|666	60602
snapshot_11_16_2015_0_0.json	1447650000.0	154.6	389	163
snapshot_11_17_2015_0_0.json	1447736400.0	159.88	389	146
snapshot_11_17_2015_12_0.json	1447779600.0	159.88	389	142
snapshot_11_17_2015_12_0.json	1447779600.0	159.88	389	142
snapshot_11_17_2015_18_0.json	1447801200.0	159.88	389	143
snapshot_11_18_2015_0_0.json	1447822800.0	159.88	389	137
snapshot_11_18_2015_12_0.json	1447866000.0	159.88	389	137
snapshot_11_18_2015_18_0.json	1447887600.0	159.88	389	135
snapshot_11_18_2015_6_0.json	1447844400.0	159.88	389	137
snapshot_11_18_2015_6_0.json	1447844400.0	159.88	389	137
snapshot_11_19_2015_12_0.json	1447952400.0	159.88	389	132
snapshot_11_19_2015_6_0.json	1447930800.0	159.88	389	132
snapshot_11_21_2015_18_0.json	1448146800.0	159.88	389	123
snapshot_11_22_2015_12_0.json	1448211600.0	159.88	389	121
snapshot_11_22_2015_18_0.json	1448233200.0	159.88	389	121
snapshot_11_22_2015_18_0.json	1448233200.0	159.88	389	121
snapshot_11_22_2015_6_0.json	1448190000.0	159.88	389	121
snapshot_11_23_2015_0_0.json	1448254800.0	159.88	389	121
snapshot_11_23_2015_12_0.json	1448298000.0	159.88	389	121
snapshot_11_23_2015_12_0.json	1448298000.0	159.88	389	121
snapshot_11_23_2015_18_0.json	1448319600.0	159.88	389	121
snapshot_11_23_2015_6_0.json	1448276400.0	159.88	389	121
snapshot_11_23_2015_6_0.json	1448276400.0	159.88	389	121
snapshot_11_24_2015_0_0.json	1448341200.0	159.88	389	127
snapshot_11_24_2015_12_0.json	1448384400.0	159.88	389	125
snapshot_11_24_2015_18_0.json	1448406000.0	159.88	389	125
snapshot_11_24_2015_6_0.json	1448362800.0	159.88	389	125
snapshot_11_25_2015_0_0.json	1448427600.0	159.88	389	131
snapshot_11_25_2015_12_0.json	1448470800.0	159.88	389	128
snapshot_11_25_2015_18_0.json	1448492400.0	159.88	389	128
snapshot_11_25_2015_6_0.json	1448449200.0	159.88	389	128
snapshot_11_26_2015_0_0.json	1448514000.0	159.88	389	134
snapshot_11_27_2015_18_0.json	1448665200.0	159.88	389	134
snapshot_11_28_2015_0_0.json	1448686800.0	159.88	389	134
snapshot_11_28_2015_12_0.json	1448730000.0	159.88	389	134
snapshot_11_28_2015_18_0.json	1448751600.0	159.88	389	134
snapshot_11_28_2015_18_0.json	1448751600.0	159.88	389	134
snapshot_11_29_2015_0_0.json	1448773200.0	159.88	389	134
snapshot_11_29_2015_12_0.json	1448816400.0	159.88	389	134
snapshot_11_29_2015_18_0.json	1448838000.0	159.88	389	129
snapshot_11_29_2015_6_0.json	1448794800.0	159.88	389	134
snapshot_11_29_2015_6_0.json	1448794800.0	159.88	389	134
snapshot_11_30_2015_0_0.json	1448859600.0	159.88	389	122
snapshot_11_30_2015_0_0.json	1448859600.0	159.88	389	122
snapshot_11_30_2015_12_0.json	1448902800.0	159.88	389	116
snapshot_11_30_2015_18_0.json	1448924400.0	159.88	389	114
snapshot_11_30_2015_6_0.json	1448881200.0	159.88	389	119
snapshot_12_1_2015_12_0.json	1448989200.0	159.88	389	104
snapshot_12_1_2015_18_0.json	1449010800.0	159.88	389	102
snapshot_12_1_2015_6_0.json	1448967600.0	159.88	389	104
snapshot_12_2_2015_12_0.json	1449075600.0	159.88	389	87
snapshot_12_2_2015_18_0.json	1449097200.0	159.88	389	87
snapshot_12_3_2015_0_0.json	1449118800.0	159.88	405	87
snapshot_12_3_2015_0_0.json	1449118800.0	159.88	405	82
snapshot_12_3_2015_12_0.json	1449162000.0	159.88	405	94
snapshot_12_3_2015_18_0.json	1449183600.0	159.88	405	94
snapshot_12_4_2015_0_0.json	1449205200.0	159.88	405	92
snapshot_12_4_2015_18_0.json	1449270000.0	159.88	405	83
snapshot_12_4_2015_6_0.json	1449226800.0	159.88	405	90
snapshot_12_5_2015_0_0.json	1449291600.0	200.06	405	73
snapshot_12_5_2015_18_0.json	1449356400.0	200.06	405	67
snapshot_12_5_2015_6_0.json	1449313200.0	200.06	405	71
