9291542	2015-12-17T01:30:00Z	The Lion King	Cadillac Palace Theatre	Illinois Chicago|666	60602
snapshot_11_16_2015_0_0.json	1447650000.0	113.65	267	167
snapshot_11_17_2015_0_0.json	1447736400.0	113.65	272.07	167
snapshot_11_17_2015_12_0.json	1447779600.0	113.65	272.07	163
snapshot_11_17_2015_18_0.json	1447801200.0	113.65	272.07	161
snapshot_11_17_2015_6_0.json	1447758000.0	113.65	272.07	163
snapshot_11_17_2015_6_0.json	1447758000.0	113.65	272.07	163
snapshot_11_18_2015_0_0.json	1447822800.0	113.65	267	161
snapshot_11_18_2015_12_0.json	1447866000.0	113.65	267	161
snapshot_11_18_2015_12_0.json	1447866000.0	113.65	267	161
snapshot_11_18_2015_18_0.json	1447887600.0	113.65	267	161
snapshot_11_18_2015_6_0.json	1447844400.0	113.65	267	161
snapshot_11_18_2015_6_0.json	1447844400.0	113.65	267	161
snapshot_11_19_2015_0_0.json	1447909200.0	113.65	269.21	159
snapshot_11_19_2015_12_0.json	1447952400.0	118.33	269.21	155
snapshot_11_19_2015_6_0.json	1447930800.0	118.33	269.21	155
snapshot_11_21_2015_12_0.json	1448125200.0	144.88	269.21	154
snapshot_11_21_2015_18_0.json	1448146800.0	144.88	269.21	147
snapshot_11_22_2015_0_0.json	1448168400.0	144.88	269.21	139
snapshot_11_22_2015_12_0.json	1448211600.0	144.88	278	139
snapshot_11_22_2015_12_0.json	1448211600.0	144.88	278	139
snapshot_11_22_2015_18_0.json	1448233200.0	144.88	278	139
snapshot_11_22_2015_18_0.json	1448233200.0	144.88	278	139
snapshot_11_22_2015_6_0.json	1448190000.0	144.88	278	139
snapshot_11_23_2015_0_0.json	1448254800.0	144.88	278	135
snapshot_11_23_2015_12_0.json	1448298000.0	144.88	278	129
snapshot_11_23_2015_18_0.json	1448319600.0	144.88	278	129
snapshot_11_23_2015_6_0.json	1448276400.0	144.88	278	129
snapshot_11_24_2015_0_0.json	1448341200.0	144.88	278	129
snapshot_11_24_2015_12_0.json	1448384400.0	144.88	278	129
snapshot_11_24_2015_18_0.json	1448406000.0	144.88	278	127
snapshot_11_24_2015_6_0.json	1448362800.0	144.88	278	129
snapshot_11_25_2015_0_0.json	1448427600.0	144.88	278	127
snapshot_11_25_2015_0_0.json	1448427600.0	144.88	278	127
snapshot_11_25_2015_12_0.json	1448470800.0	144.88	278	125
snapshot_11_25_2015_18_0.json	1448492400.0	144.88	278	121
snapshot_11_25_2015_6_0.json	1448449200.0	144.88	278	125
snapshot_11_26_2015_0_0.json	1448514000.0	144.88	278	121
snapshot_11_27_2015_18_0.json	1448665200.0	144.88	278	121
snapshot_11_28_2015_0_0.json	1448686800.0	144.88	278	121
snapshot_11_28_2015_12_0.json	1448730000.0	144.88	278	121
snapshot_11_28_2015_18_0.json	1448751600.0	144.88	278	121
snapshot_11_29_2015_0_0.json	1448773200.0	144.88	278	119
snapshot_11_29_2015_12_0.json	1448816400.0	144.88	278	119
snapshot_11_29_2015_18_0.json	1448838000.0	144.88	278	119
snapshot_11_29_2015_6_0.json	1448794800.0	144.88	278	119
snapshot_11_30_2015_0_0.json	1448859600.0	144.88	278	113
snapshot_11_30_2015_12_0.json	1448902800.0	144.88	278	113
snapshot_11_30_2015_18_0.json	1448924400.0	144.88	278	111
snapshot_11_30_2015_18_0.json	1448924400.0	144.88	278	111
snapshot_12_1_2015_12_0.json	1448989200.0	144.88	278	110
snapshot_12_1_2015_18_0.json	1449010800.0	144.88	278	110
snapshot_12_1_2015_6_0.json	1448967600.0	144.88	278	110
snapshot_12_2_2015_0_0.json	1449032400.0	144.88	278	104
snapshot_12_2_2015_12_0.json	1449075600.0	144.88	278	100
snapshot_12_2_2015_18_0.json	1449097200.0	144.88	278	98
snapshot_12_3_2015_0_0.json	1449118800.0	142.69	278	96
snapshot_12_3_2015_12_0.json	1449162000.0	142.69	278	96
snapshot_12_3_2015_18_0.json	1449183600.0	142.69	278	88
snapshot_12_4_2015_0_0.json	1449205200.0	142.69	278	92
snapshot_12_4_2015_12_0.json	1449248400.0	142.69	278	88
snapshot_12_4_2015_18_0.json	1449270000.0	142.69	278	88
snapshot_12_4_2015_6_0.json	1449226800.0	142.69	278	88
snapshot_12_5_2015_0_0.json	1449291600.0	144.88	278	85
snapshot_12_5_2015_12_0.json	1449334800.0	144.88	278	85
snapshot_12_5_2015_18_0.json	1449356400.0	144.88	278	85
snapshot_12_5_2015_6_0.json	1449313200.0	144.88	278	85
9291542	2015-12-17T01:30:00Z	The Lion King	Cadillac Palace Theatre	Illinois Chicago|666	60602
snapshot_11_16_2015_0_0.json	1447650000.0	113.65	267	167
snapshot_11_17_2015_0_0.json	1447736400.0	113.65	272.07	167
snapshot_11_17_2015_12_0.json	1447779600.0	113.65	272.07	163
snapshot_11_17_2015_18_0.json	1447801200.0	113.65	272.07	161
snapshot_11_17_2015_6_0.json	1447758000.0	113.65	272.07	163
snapshot_11_17_2015_6_0.json	1447758000.0	113.65	272.07	163
snapshot_11_18_2015_0_0.json	1447822800.0	113.65	267	161
snapshot_11_18_2015_12_0.json	1447866000.0	113.65	267	161
snapshot_11_18_2015_12_0.json	1447866000.0	113.65	267	161
snapshot_11_18_2015_18_0.json	1447887600.0	113.65	267	161
snapshot_11_18_2015_6_0.json	1447844400.0	113.65	267	161
snapshot_11_18_2015_6_0.json	1447844400.0	113.65	267	161
snapshot_11_19_2015_0_0.json	1447909200.0	113.65	269.21	159
snapshot_11_19_2015_12_0.json	1447952400.0	118.33	269.21	155
snapshot_11_19_2015_6_0.json	1447930800.0	118.33	269.21	155
snapshot_11_21_2015_12_0.json	1448125200.0	144.88	269.21	154
snapshot_11_21_2015_18_0.json	1448146800.0	144.88	269.21	147
snapshot_11_22_2015_0_0.json	1448168400.0	144.88	269.21	139
snapshot_11_22_2015_12_0.json	1448211600.0	144.88	278	139
snapshot_11_22_2015_12_0.json	1448211600.0	144.88	278	139
snapshot_11_22_2015_18_0.json	1448233200.0	144.88	278	139
snapshot_11_22_2015_18_0.json	1448233200.0	144.88	278	139
snapshot_11_22_2015_6_0.json	1448190000.0	144.88	278	139
snapshot_11_23_2015_0_0.json	1448254800.0	144.88	278	135
snapshot_11_23_2015_12_0.json	1448298000.0	144.88	278	129
snapshot_11_23_2015_18_0.json	1448319600.0	144.88	278	129
snapshot_11_23_2015_6_0.json	1448276400.0	144.88	278	129
snapshot_11_24_2015_0_0.json	1448341200.0	144.88	278	129
snapshot_11_24_2015_12_0.json	1448384400.0	144.88	278	129
snapshot_11_24_2015_18_0.json	1448406000.0	144.88	278	127
snapshot_11_24_2015_6_0.json	1448362800.0	144.88	278	129
snapshot_11_25_2015_0_0.json	1448427600.0	144.88	278	127
snapshot_11_25_2015_0_0.json	1448427600.0	144.88	278	127
snapshot_11_25_2015_12_0.json	1448470800.0	144.88	278	125
snapshot_11_25_2015_18_0.json	1448492400.0	144.88	278	121
snapshot_11_25_2015_6_0.json	1448449200.0	144.88	278	125
snapshot_11_26_2015_0_0.json	1448514000.0	144.88	278	121
snapshot_11_27_2015_18_0.json	1448665200.0	144.88	278	121
snapshot_11_28_2015_0_0.json	1448686800.0	144.88	278	121
snapshot_11_28_2015_12_0.json	1448730000.0	144.88	278	121
snapshot_11_28_2015_18_0.json	1448751600.0	144.88	278	121
snapshot_11_29_2015_0_0.json	1448773200.0	144.88	278	119
snapshot_11_29_2015_12_0.json	1448816400.0	144.88	278	119
snapshot_11_29_2015_18_0.json	1448838000.0	144.88	278	119
snapshot_11_29_2015_6_0.json	1448794800.0	144.88	278	119
snapshot_11_30_2015_0_0.json	1448859600.0	144.88	278	113
snapshot_11_30_2015_12_0.json	1448902800.0	144.88	278	113
snapshot_11_30_2015_18_0.json	1448924400.0	144.88	278	111
snapshot_11_30_2015_18_0.json	1448924400.0	144.88	278	111
snapshot_12_1_2015_12_0.json	1448989200.0	144.88	278	110
snapshot_12_1_2015_18_0.json	1449010800.0	144.88	278	110
snapshot_12_1_2015_6_0.json	1448967600.0	144.88	278	110
snapshot_12_2_2015_0_0.json	1449032400.0	144.88	278	104
snapshot_12_2_2015_12_0.json	1449075600.0	144.88	278	100
snapshot_12_2_2015_18_0.json	1449097200.0	144.88	278	98
snapshot_12_3_2015_0_0.json	1449118800.0	142.69	278	96
snapshot_12_3_2015_12_0.json	1449162000.0	142.69	278	96
snapshot_12_3_2015_18_0.json	1449183600.0	142.69	278	88
snapshot_12_4_2015_0_0.json	1449205200.0	142.69	278	92
snapshot_12_4_2015_12_0.json	1449248400.0	142.69	278	88
snapshot_12_4_2015_18_0.json	1449270000.0	142.69	278	88
snapshot_12_4_2015_6_0.json	1449226800.0	142.69	278	88
snapshot_12_5_2015_0_0.json	1449291600.0	144.88	278	85
snapshot_12_5_2015_12_0.json	1449334800.0	144.88	278	85
snapshot_12_5_2015_18_0.json	1449356400.0	144.88	278	85
snapshot_12_5_2015_6_0.json	1449313200.0	144.88	278	85
