9291510	2015-12-07T00:30:00Z	The Lion King	Cadillac Palace Theatre	Illinois Chicago|666	60602
snapshot_11_16_2015_0_0.json	1447650000.0	141.61	321.54	95
snapshot_11_16_2015_0_0.json	1447650000.0	141.61	321.54	95
snapshot_11_17_2015_0_0.json	1447736400.0	141.61	321.54	95
snapshot_11_17_2015_12_0.json	1447779600.0	141.61	321.54	93
snapshot_11_17_2015_18_0.json	1447801200.0	141.61	321.54	93
snapshot_11_17_2015_6_0.json	1447758000.0	141.61	321.54	93
snapshot_11_17_2015_6_0.json	1447758000.0	141.61	321.54	93
snapshot_11_18_2015_12_0.json	1447866000.0	141.61	272.07	86
snapshot_11_18_2015_12_0.json	1447866000.0	141.61	272.07	86
snapshot_11_18_2015_18_0.json	1447887600.0	141.61	272.07	82
snapshot_11_18_2015_6_0.json	1447844400.0	141.61	272.07	86
snapshot_11_19_2015_0_0.json	1447909200.0	141.61	272.07	82
snapshot_11_19_2015_12_0.json	1447952400.0	141.61	272.07	76
snapshot_11_19_2015_6_0.json	1447930800.0	141.61	272.07	76
snapshot_11_20_2015_0_0.json	1447995600.0	141.61	251	71
snapshot_11_20_2015_12_0.json	1448038800.0	141.61	251	75
snapshot_11_21_2015_12_0.json	1448125200.0	152.99	251	66
snapshot_11_22_2015_12_0.json	1448211600.0	152.99	251	66
snapshot_11_22_2015_12_0.json	1448211600.0	152.99	251	66
snapshot_11_22_2015_18_0.json	1448233200.0	152.99	251	64
snapshot_11_22_2015_6_0.json	1448190000.0	152.99	251	66
snapshot_11_23_2015_12_0.json	1448298000.0	152.99	251	60
snapshot_11_23_2015_18_0.json	1448319600.0	152.99	251	58
snapshot_11_23_2015_6_0.json	1448276400.0	152.99	251	60
snapshot_11_24_2015_0_0.json	1448341200.0	152.99	251	56
snapshot_11_24_2015_12_0.json	1448384400.0	147.19	251	56
snapshot_11_24_2015_18_0.json	1448406000.0	147.19	346.28	55
snapshot_11_24_2015_6_0.json	1448362800.0	147.19	251	56
snapshot_11_25_2015_0_0.json	1448427600.0	147.19	251	52
snapshot_11_25_2015_12_0.json	1448470800.0	147.19	251	48
snapshot_11_25_2015_18_0.json	1448492400.0	147.19	251	46
snapshot_11_25_2015_6_0.json	1448449200.0	147.19	251	48
snapshot_11_26_2015_0_0.json	1448514000.0	147.19	251	42
snapshot_11_26_2015_0_0.json	1448514000.0	147.19	251	42
snapshot_11_27_2015_18_0.json	1448665200.0	136.97	251	42
snapshot_11_28_2015_0_0.json	1448686800.0	136.97	251	37
snapshot_11_28_2015_12_0.json	1448730000.0	136.97	251	33
snapshot_11_29_2015_0_0.json	1448773200.0	136.97	251	29
snapshot_11_29_2015_0_0.json	1448773200.0	136.97	251	29
snapshot_11_29_2015_12_0.json	1448816400.0	136.97	251	31
snapshot_11_29_2015_18_0.json	1448838000.0	136.97	251	31
snapshot_11_29_2015_6_0.json	1448794800.0	136.97	251	31
snapshot_11_29_2015_6_0.json	1448794800.0	136.97	251	31
snapshot_11_30_2015_12_0.json	1448902800.0	167.59	251	24
snapshot_11_30_2015_18_0.json	1448924400.0	167.59	251	28
snapshot_12_1_2015_12_0.json	1448989200.0	164.84	272.07	22
snapshot_12_1_2015_18_0.json	1449010800.0	262.95	251	16
snapshot_12_1_2015_18_0.json	1449010800.0	262.95	251	16
snapshot_12_1_2015_6_0.json	1448967600.0	164.84	272.07	22
snapshot_12_2_2015_12_0.json	1449075600.0	210	251	8
snapshot_12_2_2015_18_0.json	1449097200.0	206.08	251	14
snapshot_12_2_2015_6_0.json	1449054000.0	210	251	10
snapshot_12_2_2015_6_0.json	1449054000.0	210	251	10
snapshot_12_3_2015_12_0.json	1449162000.0	206.08	205.35	10
snapshot_12_3_2015_18_0.json	1449183600.0	177.82	203	10
snapshot_12_3_2015_6_0.json	1449140400.0	206.08	205.35	10
snapshot_12_3_2015_6_0.json	1449140400.0	206.08	205.35	10
snapshot_12_4_2015_0_0.json	1449205200.0	177.82	203	8
snapshot_12_4_2015_12_0.json	1449248400.0	177.82	203	8
snapshot_12_4_2015_18_0.json	1449270000.0	164.84	203	8
snapshot_12_4_2015_6_0.json	1449226800.0	177.82	203	8
snapshot_12_5_2015_0_0.json	1449291600.0	164.84	242.39	21
snapshot_12_5_2015_12_0.json	1449334800.0	164.84	232.5	17
snapshot_12_5_2015_12_0.json	1449334800.0	164.84	232.5	17
snapshot_12_5_2015_18_0.json	1449356400.0	151.85	216.67	28
snapshot_12_5_2015_6_0.json	1449313200.0	164.84	242.39	19
9291510	2015-12-07T00:30:00Z	The Lion King	Cadillac Palace Theatre	Illinois Chicago|666	60602
snapshot_11_16_2015_0_0.json	1447650000.0	141.61	321.54	95
snapshot_11_16_2015_0_0.json	1447650000.0	141.61	321.54	95
snapshot_11_17_2015_0_0.json	1447736400.0	141.61	321.54	95
snapshot_11_17_2015_12_0.json	1447779600.0	141.61	321.54	93
snapshot_11_17_2015_18_0.json	1447801200.0	141.61	321.54	93
snapshot_11_17_2015_6_0.json	1447758000.0	141.61	321.54	93
snapshot_11_17_2015_6_0.json	1447758000.0	141.61	321.54	93
snapshot_11_18_2015_12_0.json	1447866000.0	141.61	272.07	86
snapshot_11_18_2015_12_0.json	1447866000.0	141.61	272.07	86
snapshot_11_18_2015_18_0.json	1447887600.0	141.61	272.07	82
snapshot_11_18_2015_6_0.json	1447844400.0	141.61	272.07	86
snapshot_11_19_2015_0_0.json	1447909200.0	141.61	272.07	82
snapshot_11_19_2015_12_0.json	1447952400.0	141.61	272.07	76
snapshot_11_19_2015_6_0.json	1447930800.0	141.61	272.07	76
snapshot_11_20_2015_0_0.json	1447995600.0	141.61	251	71
snapshot_11_20_2015_12_0.json	1448038800.0	141.61	251	75
snapshot_11_21_2015_12_0.json	1448125200.0	152.99	251	66
snapshot_11_22_2015_12_0.json	1448211600.0	152.99	251	66
snapshot_11_22_2015_12_0.json	1448211600.0	152.99	251	66
snapshot_11_22_2015_18_0.json	1448233200.0	152.99	251	64
snapshot_11_22_2015_6_0.json	1448190000.0	152.99	251	66
snapshot_11_23_2015_12_0.json	1448298000.0	152.99	251	60
snapshot_11_23_2015_18_0.json	1448319600.0	152.99	251	58
snapshot_11_23_2015_6_0.json	1448276400.0	152.99	251	60
snapshot_11_24_2015_0_0.json	1448341200.0	152.99	251	56
snapshot_11_24_2015_12_0.json	1448384400.0	147.19	251	56
snapshot_11_24_2015_18_0.json	1448406000.0	147.19	346.28	55
snapshot_11_24_2015_6_0.json	1448362800.0	147.19	251	56
snapshot_11_25_2015_0_0.json	1448427600.0	147.19	251	52
snapshot_11_25_2015_12_0.json	1448470800.0	147.19	251	48
snapshot_11_25_2015_18_0.json	1448492400.0	147.19	251	46
snapshot_11_25_2015_6_0.json	1448449200.0	147.19	251	48
snapshot_11_26_2015_0_0.json	1448514000.0	147.19	251	42
snapshot_11_26_2015_0_0.json	1448514000.0	147.19	251	42
snapshot_11_27_2015_18_0.json	1448665200.0	136.97	251	42
snapshot_11_28_2015_0_0.json	1448686800.0	136.97	251	37
snapshot_11_28_2015_12_0.json	1448730000.0	136.97	251	33
snapshot_11_29_2015_0_0.json	1448773200.0	136.97	251	29
snapshot_11_29_2015_0_0.json	1448773200.0	136.97	251	29
snapshot_11_29_2015_12_0.json	1448816400.0	136.97	251	31
snapshot_11_29_2015_18_0.json	1448838000.0	136.97	251	31
snapshot_11_29_2015_6_0.json	1448794800.0	136.97	251	31
snapshot_11_29_2015_6_0.json	1448794800.0	136.97	251	31
snapshot_11_30_2015_12_0.json	1448902800.0	167.59	251	24
snapshot_11_30_2015_18_0.json	1448924400.0	167.59	251	28
snapshot_12_1_2015_12_0.json	1448989200.0	164.84	272.07	22
snapshot_12_1_2015_18_0.json	1449010800.0	262.95	251	16
snapshot_12_1_2015_18_0.json	1449010800.0	262.95	251	16
snapshot_12_1_2015_6_0.json	1448967600.0	164.84	272.07	22
snapshot_12_2_2015_12_0.json	1449075600.0	210	251	8
snapshot_12_2_2015_18_0.json	1449097200.0	206.08	251	14
snapshot_12_2_2015_6_0.json	1449054000.0	210	251	10
snapshot_12_2_2015_6_0.json	1449054000.0	210	251	10
snapshot_12_3_2015_12_0.json	1449162000.0	206.08	205.35	10
snapshot_12_3_2015_18_0.json	1449183600.0	177.82	203	10
snapshot_12_3_2015_6_0.json	1449140400.0	206.08	205.35	10
snapshot_12_3_2015_6_0.json	1449140400.0	206.08	205.35	10
snapshot_12_4_2015_0_0.json	1449205200.0	177.82	203	8
snapshot_12_4_2015_12_0.json	1449248400.0	177.82	203	8
snapshot_12_4_2015_18_0.json	1449270000.0	164.84	203	8
snapshot_12_4_2015_6_0.json	1449226800.0	177.82	203	8
snapshot_12_5_2015_0_0.json	1449291600.0	164.84	242.39	21
snapshot_12_5_2015_12_0.json	1449334800.0	164.84	232.5	17
snapshot_12_5_2015_12_0.json	1449334800.0	164.84	232.5	17
snapshot_12_5_2015_18_0.json	1449356400.0	151.85	216.67	28
snapshot_12_5_2015_6_0.json	1449313200.0	164.84	242.39	19
