9291520	2015-12-26T20:00:00Z	The Lion King	Cadillac Palace Theatre	Illinois Chicago|666	60602
snapshot_11_16_2015_0_0.json	1447650000.0	151.5	389	392
snapshot_11_17_2015_0_0.json	1447736400.0	151.5	389	401
snapshot_11_17_2015_12_0.json	1447779600.0	151.5	389	405
snapshot_11_17_2015_6_0.json	1447758000.0	151.5	389	401
snapshot_11_18_2015_0_0.json	1447822800.0	151.5	389	405
snapshot_11_18_2015_12_0.json	1447866000.0	151.5	389	391
snapshot_11_18_2015_12_0.json	1447866000.0	151.5	389	391
snapshot_11_18_2015_18_0.json	1447887600.0	151.5	389	391
snapshot_11_18_2015_6_0.json	1447844400.0	151.5	389	391
snapshot_11_19_2015_0_0.json	1447909200.0	151.5	389	480
snapshot_11_19_2015_12_0.json	1447952400.0	151.5	389	476
snapshot_11_19_2015_6_0.json	1447930800.0	151.5	389	476
snapshot_11_20_2015_0_0.json	1447995600.0	151.5	389	457
snapshot_11_20_2015_12_0.json	1448038800.0	151.5	389	457
snapshot_11_20_2015_12_0.json	1448038800.0	151.5	389	457
snapshot_11_21_2015_12_0.json	1448125200.0	151.5	389	453
snapshot_11_21_2015_18_0.json	1448146800.0	151.5	389	453
snapshot_11_22_2015_0_0.json	1448168400.0	151.5	389	457
snapshot_11_22_2015_12_0.json	1448211600.0	151.5	389	457
snapshot_11_22_2015_18_0.json	1448233200.0	151.5	389	457
snapshot_11_22_2015_18_0.json	1448233200.0	151.5	389	457
snapshot_11_23_2015_0_0.json	1448254800.0	151.5	389	448
snapshot_11_23_2015_0_0.json	1448254800.0	151.5	389	448
snapshot_11_23_2015_12_0.json	1448298000.0	151.5	389	439
snapshot_11_23_2015_18_0.json	1448319600.0	151.5	389	444
snapshot_11_23_2015_6_0.json	1448276400.0	151.5	389	439
snapshot_11_24_2015_0_0.json	1448341200.0	151.5	389	438
snapshot_11_24_2015_12_0.json	1448384400.0	151.5	389	435
snapshot_11_24_2015_18_0.json	1448406000.0	151.5	389	433
snapshot_11_24_2015_6_0.json	1448362800.0	151.5	389	435
snapshot_11_25_2015_12_0.json	1448470800.0	151.5	389	436
snapshot_11_25_2015_18_0.json	1448492400.0	151.5	389	428
snapshot_11_25_2015_6_0.json	1448449200.0	151.5	389	436
snapshot_11_26_2015_0_0.json	1448514000.0	151.5	389	423
snapshot_11_26_2015_0_0.json	1448514000.0	151.5	389	423
snapshot_11_27_2015_18_0.json	1448665200.0	151.5	389	412
snapshot_11_28_2015_0_0.json	1448686800.0	151.5	389	406
snapshot_11_28_2015_12_0.json	1448730000.0	151.5	389	397
snapshot_11_28_2015_18_0.json	1448751600.0	151.5	389	397
snapshot_11_28_2015_18_0.json	1448751600.0	151.5	389	397
snapshot_11_29_2015_0_0.json	1448773200.0	151.5	389	397
snapshot_11_29_2015_12_0.json	1448816400.0	151.5	389	397
snapshot_11_29_2015_18_0.json	1448838000.0	151.5	389	397
snapshot_11_29_2015_6_0.json	1448794800.0	151.5	389	397
snapshot_11_30_2015_12_0.json	1448902800.0	151.5	389	388
snapshot_11_30_2015_18_0.json	1448924400.0	151.5	389	384
snapshot_11_30_2015_6_0.json	1448881200.0	151.5	389	388
snapshot_12_1_2015_12_0.json	1448989200.0	144.48	389	377
snapshot_12_1_2015_6_0.json	1448967600.0	144.48	389	377
snapshot_12_2_2015_0_0.json	1449032400.0	144.48	389	372
snapshot_12_2_2015_12_0.json	1449075600.0	144.48	389	370
snapshot_12_2_2015_18_0.json	1449097200.0	144.48	389	370
snapshot_12_2_2015_6_0.json	1449054000.0	144.48	389	370
snapshot_12_2_2015_6_0.json	1449054000.0	144.48	389	370
snapshot_12_3_2015_0_0.json	1449118800.0	191.28	389	366
snapshot_12_3_2015_0_0.json	1449118800.0	191.28	389	366
snapshot_12_3_2015_12_0.json	1449162000.0	191.28	389	362
snapshot_12_3_2015_18_0.json	1449183600.0	200.64	389	357
snapshot_12_4_2015_0_0.json	1449205200.0	200.64	389	363
snapshot_12_4_2015_12_0.json	1449248400.0	200.64	389	361
snapshot_12_4_2015_18_0.json	1449270000.0	200.64	389	361
snapshot_12_4_2015_6_0.json	1449226800.0	200.64	389	365
snapshot_12_5_2015_0_0.json	1449291600.0	200.64	389	349
snapshot_12_5_2015_12_0.json	1449334800.0	200.64	389	341
snapshot_12_5_2015_18_0.json	1449356400.0	200.64	389	354
snapshot_12_5_2015_6_0.json	1449313200.0	200.64	389	341
9291520	2015-12-26T20:00:00Z	The Lion King	Cadillac Palace Theatre	Illinois Chicago|666	60602
snapshot_11_16_2015_0_0.json	1447650000.0	151.5	389	392
snapshot_11_17_2015_0_0.json	1447736400.0	151.5	389	401
snapshot_11_17_2015_12_0.json	1447779600.0	151.5	389	405
snapshot_11_17_2015_6_0.json	1447758000.0	151.5	389	401
snapshot_11_18_2015_0_0.json	1447822800.0	151.5	389	405
snapshot_11_18_2015_12_0.json	1447866000.0	151.5	389	391
snapshot_11_18_2015_12_0.json	1447866000.0	151.5	389	391
snapshot_11_18_2015_18_0.json	1447887600.0	151.5	389	391
snapshot_11_18_2015_6_0.json	1447844400.0	151.5	389	391
snapshot_11_19_2015_0_0.json	1447909200.0	151.5	389	480
snapshot_11_19_2015_12_0.json	1447952400.0	151.5	389	476
snapshot_11_19_2015_6_0.json	1447930800.0	151.5	389	476
snapshot_11_20_2015_0_0.json	1447995600.0	151.5	389	457
snapshot_11_20_2015_12_0.json	1448038800.0	151.5	389	457
snapshot_11_20_2015_12_0.json	1448038800.0	151.5	389	457
snapshot_11_21_2015_12_0.json	1448125200.0	151.5	389	453
snapshot_11_21_2015_18_0.json	1448146800.0	151.5	389	453
snapshot_11_22_2015_0_0.json	1448168400.0	151.5	389	457
snapshot_11_22_2015_12_0.json	1448211600.0	151.5	389	457
snapshot_11_22_2015_18_0.json	1448233200.0	151.5	389	457
snapshot_11_22_2015_18_0.json	1448233200.0	151.5	389	457
snapshot_11_23_2015_0_0.json	1448254800.0	151.5	389	448
snapshot_11_23_2015_0_0.json	1448254800.0	151.5	389	448
snapshot_11_23_2015_12_0.json	1448298000.0	151.5	389	439
snapshot_11_23_2015_18_0.json	1448319600.0	151.5	389	444
snapshot_11_23_2015_6_0.json	1448276400.0	151.5	389	439
snapshot_11_24_2015_0_0.json	1448341200.0	151.5	389	438
snapshot_11_24_2015_12_0.json	1448384400.0	151.5	389	435
snapshot_11_24_2015_18_0.json	1448406000.0	151.5	389	433
snapshot_11_24_2015_6_0.json	1448362800.0	151.5	389	435
snapshot_11_25_2015_12_0.json	1448470800.0	151.5	389	436
snapshot_11_25_2015_18_0.json	1448492400.0	151.5	389	428
snapshot_11_25_2015_6_0.json	1448449200.0	151.5	389	436
snapshot_11_26_2015_0_0.json	1448514000.0	151.5	389	423
snapshot_11_26_2015_0_0.json	1448514000.0	151.5	389	423
snapshot_11_27_2015_18_0.json	1448665200.0	151.5	389	412
snapshot_11_28_2015_0_0.json	1448686800.0	151.5	389	406
snapshot_11_28_2015_12_0.json	1448730000.0	151.5	389	397
snapshot_11_28_2015_18_0.json	1448751600.0	151.5	389	397
snapshot_11_28_2015_18_0.json	1448751600.0	151.5	389	397
snapshot_11_29_2015_0_0.json	1448773200.0	151.5	389	397
snapshot_11_29_2015_12_0.json	1448816400.0	151.5	389	397
snapshot_11_29_2015_18_0.json	1448838000.0	151.5	389	397
snapshot_11_29_2015_6_0.json	1448794800.0	151.5	389	397
snapshot_11_30_2015_12_0.json	1448902800.0	151.5	389	388
snapshot_11_30_2015_18_0.json	1448924400.0	151.5	389	384
snapshot_11_30_2015_6_0.json	1448881200.0	151.5	389	388
snapshot_12_1_2015_12_0.json	1448989200.0	144.48	389	377
snapshot_12_1_2015_6_0.json	1448967600.0	144.48	389	377
snapshot_12_2_2015_0_0.json	1449032400.0	144.48	389	372
snapshot_12_2_2015_12_0.json	1449075600.0	144.48	389	370
snapshot_12_2_2015_18_0.json	1449097200.0	144.48	389	370
snapshot_12_2_2015_6_0.json	1449054000.0	144.48	389	370
snapshot_12_2_2015_6_0.json	1449054000.0	144.48	389	370
snapshot_12_3_2015_0_0.json	1449118800.0	191.28	389	366
snapshot_12_3_2015_0_0.json	1449118800.0	191.28	389	366
snapshot_12_3_2015_12_0.json	1449162000.0	191.28	389	362
snapshot_12_3_2015_18_0.json	1449183600.0	200.64	389	357
snapshot_12_4_2015_0_0.json	1449205200.0	200.64	389	363
snapshot_12_4_2015_12_0.json	1449248400.0	200.64	389	361
snapshot_12_4_2015_18_0.json	1449270000.0	200.64	389	361
snapshot_12_4_2015_6_0.json	1449226800.0	200.64	389	365
snapshot_12_5_2015_0_0.json	1449291600.0	200.64	389	349
snapshot_12_5_2015_12_0.json	1449334800.0	200.64	389	341
snapshot_12_5_2015_18_0.json	1449356400.0	200.64	389	354
snapshot_12_5_2015_6_0.json	1449313200.0	200.64	389	341
