9291526	2015-12-20T01:30:00Z	The Lion King	Cadillac Palace Theatre	Illinois Chicago|666	60602
snapshot_11_16_2015_0_0.json	1447650000.0	155.01	334	413
snapshot_11_16_2015_0_0.json	1447650000.0	155.01	334	413
snapshot_11_17_2015_0_0.json	1447736400.0	155.01	371.01	413
snapshot_11_17_2015_12_0.json	1447779600.0	155.01	371.01	408
snapshot_11_17_2015_18_0.json	1447801200.0	155.01	371.01	408
snapshot_11_17_2015_6_0.json	1447758000.0	155.01	371.01	408
snapshot_11_17_2015_6_0.json	1447758000.0	155.01	371.01	408
snapshot_11_18_2015_0_0.json	1447822800.0	158.11	371.01	394
snapshot_11_18_2015_12_0.json	1447866000.0	158.11	371.01	394
snapshot_11_18_2015_12_0.json	1447866000.0	158.11	371.01	394
snapshot_11_18_2015_18_0.json	1447887600.0	158.11	371.01	390
snapshot_11_18_2015_6_0.json	1447844400.0	158.11	371.01	394
snapshot_11_18_2015_6_0.json	1447844400.0	158.11	371.01	394
snapshot_11_19_2015_0_0.json	1447909200.0	158.11	371.01	380
snapshot_11_19_2015_12_0.json	1447952400.0	158.11	371.01	378
snapshot_11_19_2015_6_0.json	1447930800.0	158.11	371.01	380
snapshot_11_20_2015_12_0.json	1448038800.0	158.11	362	360
snapshot_11_21_2015_12_0.json	1448125200.0	158.11	362	363
snapshot_11_21_2015_18_0.json	1448146800.0	158.11	362	361
snapshot_11_22_2015_12_0.json	1448211600.0	158.11	362	357
snapshot_11_22_2015_12_0.json	1448211600.0	158.11	362	357
snapshot_11_22_2015_18_0.json	1448233200.0	158.11	362	357
snapshot_11_22_2015_18_0.json	1448233200.0	158.11	362	357
snapshot_11_22_2015_6_0.json	1448190000.0	158.11	362	357
snapshot_11_23_2015_0_0.json	1448254800.0	158.11	362	347
snapshot_11_23_2015_12_0.json	1448298000.0	158.11	362	347
snapshot_11_23_2015_18_0.json	1448319600.0	158.11	362	347
snapshot_11_23_2015_6_0.json	1448276400.0	158.11	362	347
snapshot_11_24_2015_12_0.json	1448384400.0	158.11	362	339
snapshot_11_24_2015_18_0.json	1448406000.0	158.11	362	333
snapshot_11_24_2015_6_0.json	1448362800.0	158.11	362	339
snapshot_11_25_2015_0_0.json	1448427600.0	158.11	362	328
snapshot_11_25_2015_12_0.json	1448470800.0	158.11	362	328
snapshot_11_25_2015_6_0.json	1448449200.0	158.11	362	328
snapshot_11_26_2015_0_0.json	1448514000.0	158.11	362	336
snapshot_11_27_2015_18_0.json	1448665200.0	158.11	362	322
snapshot_11_28_2015_0_0.json	1448686800.0	158.11	362	322
snapshot_11_28_2015_12_0.json	1448730000.0	158.11	362	322
snapshot_11_28_2015_18_0.json	1448751600.0	158.11	362	327
snapshot_11_29_2015_0_0.json	1448773200.0	158.11	362	316
snapshot_11_29_2015_12_0.json	1448816400.0	158.11	362	331
snapshot_11_29_2015_18_0.json	1448838000.0	158.11	362	331
snapshot_11_29_2015_18_0.json	1448838000.0	158.11	362	331
snapshot_11_29_2015_6_0.json	1448794800.0	158.11	362	331
snapshot_11_29_2015_6_0.json	1448794800.0	158.11	362	331
snapshot_11_30_2015_0_0.json	1448859600.0	158.11	362	329
snapshot_11_30_2015_0_0.json	1448859600.0	158.11	362	329
snapshot_11_30_2015_0_0.json	1448859600.0	158.11	362	329
snapshot_11_30_2015_12_0.json	1448902800.0	158.11	362	323
snapshot_11_30_2015_18_0.json	1448924400.0	158.11	362	323
snapshot_11_30_2015_6_0.json	1448881200.0	158.11	362	323
snapshot_11_30_2015_6_0.json	1448881200.0	158.11	362	323
snapshot_12_1_2015_0_0.json	1448946000.0	158.11	362	309
snapshot_12_1_2015_12_0.json	1448989200.0	158.11	362	309
snapshot_12_1_2015_18_0.json	1449010800.0	158.11	362	309
snapshot_12_1_2015_6_0.json	1448967600.0	158.11	362	309
snapshot_12_2_2015_0_0.json	1449032400.0	158.11	362	301
snapshot_12_2_2015_6_0.json	1449054000.0	158.11	362	299
snapshot_12_3_2015_0_0.json	1449118800.0	158.11	362	310
snapshot_12_3_2015_12_0.json	1449162000.0	158.11	362	308
snapshot_12_3_2015_6_0.json	1449140400.0	158.11	362	310
snapshot_12_4_2015_0_0.json	1449205200.0	158.11	362	306
snapshot_12_4_2015_12_0.json	1449248400.0	158.11	362	287
snapshot_12_4_2015_18_0.json	1449270000.0	158.11	362	280
snapshot_12_4_2015_6_0.json	1449226800.0	158.11	362	290
snapshot_12_4_2015_6_0.json	1449226800.0	158.11	362	290
snapshot_12_5_2015_0_0.json	1449291600.0	158.11	362	280
snapshot_12_5_2015_18_0.json	1449356400.0	158.11	362	276
snapshot_12_5_2015_6_0.json	1449313200.0	158.11	362	278
snapshot_12_5_2015_6_0.json	1449313200.0	158.11	362	278
9291526	2015-12-20T01:30:00Z	The Lion King	Cadillac Palace Theatre	Illinois Chicago|666	60602
snapshot_11_16_2015_0_0.json	1447650000.0	155.01	334	413
snapshot_11_16_2015_0_0.json	1447650000.0	155.01	334	413
snapshot_11_17_2015_0_0.json	1447736400.0	155.01	371.01	413
snapshot_11_17_2015_12_0.json	1447779600.0	155.01	371.01	408
snapshot_11_17_2015_18_0.json	1447801200.0	155.01	371.01	408
snapshot_11_17_2015_6_0.json	1447758000.0	155.01	371.01	408
snapshot_11_17_2015_6_0.json	1447758000.0	155.01	371.01	408
snapshot_11_18_2015_0_0.json	1447822800.0	158.11	371.01	394
snapshot_11_18_2015_12_0.json	1447866000.0	158.11	371.01	394
snapshot_11_18_2015_12_0.json	1447866000.0	158.11	371.01	394
snapshot_11_18_2015_18_0.json	1447887600.0	158.11	371.01	390
snapshot_11_18_2015_6_0.json	1447844400.0	158.11	371.01	394
snapshot_11_18_2015_6_0.json	1447844400.0	158.11	371.01	394
snapshot_11_19_2015_0_0.json	1447909200.0	158.11	371.01	380
snapshot_11_19_2015_12_0.json	1447952400.0	158.11	371.01	378
snapshot_11_19_2015_6_0.json	1447930800.0	158.11	371.01	380
snapshot_11_20_2015_12_0.json	1448038800.0	158.11	362	360
snapshot_11_21_2015_12_0.json	1448125200.0	158.11	362	363
snapshot_11_21_2015_18_0.json	1448146800.0	158.11	362	361
snapshot_11_22_2015_12_0.json	1448211600.0	158.11	362	357
snapshot_11_22_2015_12_0.json	1448211600.0	158.11	362	357
snapshot_11_22_2015_18_0.json	1448233200.0	158.11	362	357
snapshot_11_22_2015_18_0.json	1448233200.0	158.11	362	357
snapshot_11_22_2015_6_0.json	1448190000.0	158.11	362	357
snapshot_11_23_2015_0_0.json	1448254800.0	158.11	362	347
snapshot_11_23_2015_12_0.json	1448298000.0	158.11	362	347
snapshot_11_23_2015_18_0.json	1448319600.0	158.11	362	347
snapshot_11_23_2015_6_0.json	1448276400.0	158.11	362	347
snapshot_11_24_2015_12_0.json	1448384400.0	158.11	362	339
snapshot_11_24_2015_18_0.json	1448406000.0	158.11	362	333
snapshot_11_24_2015_6_0.json	1448362800.0	158.11	362	339
snapshot_11_25_2015_0_0.json	1448427600.0	158.11	362	328
snapshot_11_25_2015_12_0.json	1448470800.0	158.11	362	328
snapshot_11_25_2015_6_0.json	1448449200.0	158.11	362	328
snapshot_11_26_2015_0_0.json	1448514000.0	158.11	362	336
snapshot_11_27_2015_18_0.json	1448665200.0	158.11	362	322
snapshot_11_28_2015_0_0.json	1448686800.0	158.11	362	322
snapshot_11_28_2015_12_0.json	1448730000.0	158.11	362	322
snapshot_11_28_2015_18_0.json	1448751600.0	158.11	362	327
snapshot_11_29_2015_0_0.json	1448773200.0	158.11	362	316
snapshot_11_29_2015_12_0.json	1448816400.0	158.11	362	331
snapshot_11_29_2015_18_0.json	1448838000.0	158.11	362	331
snapshot_11_29_2015_18_0.json	1448838000.0	158.11	362	331
snapshot_11_29_2015_6_0.json	1448794800.0	158.11	362	331
snapshot_11_29_2015_6_0.json	1448794800.0	158.11	362	331
snapshot_11_30_2015_0_0.json	1448859600.0	158.11	362	329
snapshot_11_30_2015_0_0.json	1448859600.0	158.11	362	329
snapshot_11_30_2015_0_0.json	1448859600.0	158.11	362	329
snapshot_11_30_2015_12_0.json	1448902800.0	158.11	362	323
snapshot_11_30_2015_18_0.json	1448924400.0	158.11	362	323
snapshot_11_30_2015_6_0.json	1448881200.0	158.11	362	323
snapshot_11_30_2015_6_0.json	1448881200.0	158.11	362	323
snapshot_12_1_2015_0_0.json	1448946000.0	158.11	362	309
snapshot_12_1_2015_12_0.json	1448989200.0	158.11	362	309
snapshot_12_1_2015_18_0.json	1449010800.0	158.11	362	309
snapshot_12_1_2015_6_0.json	1448967600.0	158.11	362	309
snapshot_12_2_2015_0_0.json	1449032400.0	158.11	362	301
snapshot_12_2_2015_6_0.json	1449054000.0	158.11	362	299
snapshot_12_3_2015_0_0.json	1449118800.0	158.11	362	310
snapshot_12_3_2015_12_0.json	1449162000.0	158.11	362	308
snapshot_12_3_2015_6_0.json	1449140400.0	158.11	362	310
snapshot_12_4_2015_0_0.json	1449205200.0	158.11	362	306
snapshot_12_4_2015_12_0.json	1449248400.0	158.11	362	287
snapshot_12_4_2015_18_0.json	1449270000.0	158.11	362	280
snapshot_12_4_2015_6_0.json	1449226800.0	158.11	362	290
snapshot_12_4_2015_6_0.json	1449226800.0	158.11	362	290
snapshot_12_5_2015_0_0.json	1449291600.0	158.11	362	280
snapshot_12_5_2015_18_0.json	1449356400.0	158.11	362	276
snapshot_12_5_2015_6_0.json	1449313200.0	158.11	362	278
snapshot_12_5_2015_6_0.json	1449313200.0	158.11	362	278
