9291491	2015-12-03T01:30:00Z	The Lion King	Cadillac Palace Theatre	Illinois Chicago|666	60602
snapshot_11_16_2015_0_0.json	1447650000.0	131.24	291.86	98
snapshot_11_17_2015_12_0.json	1447779600.0	131.24	291.86	98
snapshot_11_17_2015_18_0.json	1447801200.0	131.24	291.86	96
snapshot_11_17_2015_18_0.json	1447801200.0	131.24	291.86	96
snapshot_11_17_2015_6_0.json	1447758000.0	131.24	291.86	98
snapshot_11_18_2015_0_0.json	1447822800.0	131.24	272.07	92
snapshot_11_18_2015_0_0.json	1447822800.0	131.24	272.07	92
snapshot_11_18_2015_12_0.json	1447866000.0	131.24	272.07	90
snapshot_11_18_2015_6_0.json	1447844400.0	131.24	272.07	90
snapshot_11_19_2015_0_0.json	1447909200.0	131.24	272.07	90
snapshot_11_19_2015_12_0.json	1447952400.0	131.24	272.07	90
snapshot_11_19_2015_6_0.json	1447930800.0	131.24	272.07	90
snapshot_11_20_2015_0_0.json	1447995600.0	131.24	269.21	86
snapshot_11_21_2015_18_0.json	1448146800.0	131.24	269.21	78
snapshot_11_21_2015_18_0.json	1448146800.0	131.24	269.21	78
snapshot_11_22_2015_0_0.json	1448168400.0	131.24	269.21	78
snapshot_11_22_2015_12_0.json	1448211600.0	136.97	269.21	75
snapshot_11_22_2015_18_0.json	1448233200.0	136.97	269.21	75
snapshot_11_22_2015_18_0.json	1448233200.0	136.97	269.21	75
snapshot_11_22_2015_6_0.json	1448190000.0	136.97	269.21	75
snapshot_11_22_2015_6_0.json	1448190000.0	136.97	269.21	75
snapshot_11_23_2015_0_0.json	1448254800.0	136.97	269.21	73
snapshot_11_23_2015_12_0.json	1448298000.0	136.97	269.21	73
snapshot_11_23_2015_18_0.json	1448319600.0	136.97	244.74	71
snapshot_11_24_2015_12_0.json	1448384400.0	136.97	244.74	69
snapshot_11_24_2015_12_0.json	1448384400.0	136.97	244.74	69
snapshot_11_24_2015_18_0.json	1448406000.0	98.85	356	81
snapshot_11_24_2015_6_0.json	1448362800.0	136.97	244.74	67
snapshot_11_25_2015_0_0.json	1448427600.0	136.97	356	79
snapshot_11_25_2015_0_0.json	1448427600.0	136.97	356	79
snapshot_11_25_2015_12_0.json	1448470800.0	136.97	356	77
snapshot_11_25_2015_18_0.json	1448492400.0	136.97	356	77
snapshot_11_25_2015_6_0.json	1448449200.0	136.97	356	77
snapshot_11_25_2015_6_0.json	1448449200.0	136.97	356	77
snapshot_11_27_2015_18_0.json	1448665200.0	136.97	356	65
snapshot_11_28_2015_0_0.json	1448686800.0	136.97	356	59
snapshot_11_28_2015_12_0.json	1448730000.0	136.97	356	57
snapshot_11_28_2015_18_0.json	1448751600.0	136.97	356	55
snapshot_11_29_2015_0_0.json	1448773200.0	136.97	356	55
snapshot_11_29_2015_12_0.json	1448816400.0	136.97	356	55
snapshot_11_29_2015_18_0.json	1448838000.0	136.97	356	53
snapshot_11_29_2015_6_0.json	1448794800.0	136.97	356	55
snapshot_11_29_2015_6_0.json	1448794800.0	136.97	356	55
snapshot_11_30_2015_0_0.json	1448859600.0	136.97	356	50
snapshot_11_30_2015_18_0.json	1448924400.0	148.42	229	38
snapshot_11_30_2015_6_0.json	1448881200.0	148.42	356	44
snapshot_12_1_2015_12_0.json	1448989200.0	215.85	229	28
snapshot_12_1_2015_18_0.json	1449010800.0	163.2	229	29
snapshot_12_1_2015_6_0.json	1448967600.0	215.85	229	28
snapshot_12_1_2015_6_0.json	1448967600.0	215.85	229	28
snapshot_12_2_2015_0_0.json	1449032400.0	145.67	213	42
snapshot_12_2_2015_0_0.json	1449032400.0	145.67	213	42
snapshot_12_2_2015_12_0.json	1449075600.0	148.75	213	34
snapshot_12_2_2015_18_0.json	1449097200.0	145.67	205	31
snapshot_12_2_2015_6_0.json	1449054000.0	163.2	213	34
snapshot_12_3_2015_0_0.json	1449118800.0	82.68	97.89	5
snapshot_12_3_2015_12_0.json	1449162000.0	0	0	0
snapshot_12_3_2015_18_0.json	1449183600.0	0	0	0
snapshot_12_3_2015_18_0.json	1449183600.0	0	0	0
snapshot_12_4_2015_0_0.json	1449205200.0	0	0	0
snapshot_12_4_2015_12_0.json	1449248400.0	0	0	0
9291491	2015-12-03T01:30:00Z	The Lion King	Cadillac Palace Theatre	Illinois Chicago|666	60602
snapshot_11_16_2015_0_0.json	1447650000.0	131.24	291.86	98
snapshot_11_17_2015_12_0.json	1447779600.0	131.24	291.86	98
snapshot_11_17_2015_18_0.json	1447801200.0	131.24	291.86	96
snapshot_11_17_2015_18_0.json	1447801200.0	131.24	291.86	96
snapshot_11_17_2015_6_0.json	1447758000.0	131.24	291.86	98
snapshot_11_18_2015_0_0.json	1447822800.0	131.24	272.07	92
snapshot_11_18_2015_0_0.json	1447822800.0	131.24	272.07	92
snapshot_11_18_2015_12_0.json	1447866000.0	131.24	272.07	90
snapshot_11_18_2015_6_0.json	1447844400.0	131.24	272.07	90
snapshot_11_19_2015_0_0.json	1447909200.0	131.24	272.07	90
snapshot_11_19_2015_12_0.json	1447952400.0	131.24	272.07	90
snapshot_11_19_2015_6_0.json	1447930800.0	131.24	272.07	90
snapshot_11_20_2015_0_0.json	1447995600.0	131.24	269.21	86
snapshot_11_21_2015_18_0.json	1448146800.0	131.24	269.21	78
snapshot_11_21_2015_18_0.json	1448146800.0	131.24	269.21	78
snapshot_11_22_2015_0_0.json	1448168400.0	131.24	269.21	78
snapshot_11_22_2015_12_0.json	1448211600.0	136.97	269.21	75
snapshot_11_22_2015_18_0.json	1448233200.0	136.97	269.21	75
snapshot_11_22_2015_18_0.json	1448233200.0	136.97	269.21	75
snapshot_11_22_2015_6_0.json	1448190000.0	136.97	269.21	75
snapshot_11_22_2015_6_0.json	1448190000.0	136.97	269.21	75
snapshot_11_23_2015_0_0.json	1448254800.0	136.97	269.21	73
snapshot_11_23_2015_12_0.json	1448298000.0	136.97	269.21	73
snapshot_11_23_2015_18_0.json	1448319600.0	136.97	244.74	71
snapshot_11_24_2015_12_0.json	1448384400.0	136.97	244.74	69
snapshot_11_24_2015_12_0.json	1448384400.0	136.97	244.74	69
snapshot_11_24_2015_18_0.json	1448406000.0	98.85	356	81
snapshot_11_24_2015_6_0.json	1448362800.0	136.97	244.74	67
snapshot_11_25_2015_0_0.json	1448427600.0	136.97	356	79
snapshot_11_25_2015_0_0.json	1448427600.0	136.97	356	79
snapshot_11_25_2015_12_0.json	1448470800.0	136.97	356	77
snapshot_11_25_2015_18_0.json	1448492400.0	136.97	356	77
snapshot_11_25_2015_6_0.json	1448449200.0	136.97	356	77
snapshot_11_25_2015_6_0.json	1448449200.0	136.97	356	77
snapshot_11_27_2015_18_0.json	1448665200.0	136.97	356	65
snapshot_11_28_2015_0_0.json	1448686800.0	136.97	356	59
snapshot_11_28_2015_12_0.json	1448730000.0	136.97	356	57
snapshot_11_28_2015_18_0.json	1448751600.0	136.97	356	55
snapshot_11_29_2015_0_0.json	1448773200.0	136.97	356	55
snapshot_11_29_2015_12_0.json	1448816400.0	136.97	356	55
snapshot_11_29_2015_18_0.json	1448838000.0	136.97	356	53
snapshot_11_29_2015_6_0.json	1448794800.0	136.97	356	55
snapshot_11_29_2015_6_0.json	1448794800.0	136.97	356	55
snapshot_11_30_2015_0_0.json	1448859600.0	136.97	356	50
snapshot_11_30_2015_18_0.json	1448924400.0	148.42	229	38
snapshot_11_30_2015_6_0.json	1448881200.0	148.42	356	44
snapshot_12_1_2015_12_0.json	1448989200.0	215.85	229	28
snapshot_12_1_2015_18_0.json	1449010800.0	163.2	229	29
snapshot_12_1_2015_6_0.json	1448967600.0	215.85	229	28
snapshot_12_1_2015_6_0.json	1448967600.0	215.85	229	28
snapshot_12_2_2015_0_0.json	1449032400.0	145.67	213	42
snapshot_12_2_2015_0_0.json	1449032400.0	145.67	213	42
snapshot_12_2_2015_12_0.json	1449075600.0	148.75	213	34
snapshot_12_2_2015_18_0.json	1449097200.0	145.67	205	31
snapshot_12_2_2015_6_0.json	1449054000.0	163.2	213	34
snapshot_12_3_2015_0_0.json	1449118800.0	82.68	97.89	5
snapshot_12_3_2015_12_0.json	1449162000.0	0	0	0
snapshot_12_3_2015_18_0.json	1449183600.0	0	0	0
snapshot_12_3_2015_18_0.json	1449183600.0	0	0	0
snapshot_12_4_2015_0_0.json	1449205200.0	0	0	0
snapshot_12_4_2015_12_0.json	1449248400.0	0	0	0
