9291485	2015-12-09T20:00:00Z	The Lion King	Cadillac Palace Theatre	Illinois Chicago|666	60602
snapshot_11_16_2015_0_0.json	1447650000.0	109.38	272.07	91
snapshot_11_17_2015_12_0.json	1447779600.0	109.38	272.07	89
snapshot_11_17_2015_18_0.json	1447801200.0	109.38	272.07	89
snapshot_11_17_2015_6_0.json	1447758000.0	109.38	272.07	89
snapshot_11_17_2015_6_0.json	1447758000.0	109.38	272.07	89
snapshot_11_18_2015_0_0.json	1447822800.0	104.7	247.34	88
snapshot_11_18_2015_12_0.json	1447866000.0	104.7	247.34	85
snapshot_11_18_2015_12_0.json	1447866000.0	104.7	247.34	85
snapshot_11_18_2015_18_0.json	1447887600.0	104.7	247.34	85
snapshot_11_18_2015_18_0.json	1447887600.0	104.7	247.34	81
snapshot_11_18_2015_6_0.json	1447844400.0	104.7	247.34	85
snapshot_11_19_2015_0_0.json	1447909200.0	104.7	269.21	81
snapshot_11_19_2015_12_0.json	1447952400.0	104.7	269.21	81
snapshot_11_19_2015_6_0.json	1447930800.0	104.7	269.21	81
snapshot_11_20_2015_0_0.json	1447995600.0	144.98	269.21	76
snapshot_11_20_2015_12_0.json	1448038800.0	144.98	269.21	74
snapshot_11_21_2015_12_0.json	1448125200.0	144.98	269.21	74
snapshot_11_21_2015_18_0.json	1448146800.0	144.98	269.21	71
snapshot_11_21_2015_18_0.json	1448146800.0	144.98	269.21	71
snapshot_11_22_2015_12_0.json	1448211600.0	144.98	269.21	69
snapshot_11_22_2015_6_0.json	1448190000.0	144.98	269.21	69
snapshot_11_23_2015_0_0.json	1448254800.0	144.98	269.21	67
snapshot_11_23_2015_12_0.json	1448298000.0	142.9	269.21	69
snapshot_11_23_2015_12_0.json	1448298000.0	142.9	269.21	69
snapshot_11_23_2015_18_0.json	1448319600.0	131.24	269.21	69
snapshot_11_23_2015_6_0.json	1448276400.0	142.9	269.21	69
snapshot_11_23_2015_6_0.json	1448276400.0	142.9	269.21	69
snapshot_11_24_2015_0_0.json	1448341200.0	131.24	269.21	77
snapshot_11_24_2015_12_0.json	1448384400.0	131.24	269.21	77
snapshot_11_24_2015_18_0.json	1448406000.0	131.24	269.21	75
snapshot_11_24_2015_6_0.json	1448362800.0	131.24	269.21	77
snapshot_11_25_2015_0_0.json	1448427600.0	131.24	269.21	79
snapshot_11_25_2015_12_0.json	1448470800.0	131.24	269.21	79
snapshot_11_25_2015_18_0.json	1448492400.0	131.24	269.21	79
snapshot_11_25_2015_18_0.json	1448492400.0	131.24	269.21	79
snapshot_11_26_2015_0_0.json	1448514000.0	131.24	269.21	85
snapshot_11_27_2015_18_0.json	1448665200.0	131.24	222.61	81
snapshot_11_28_2015_0_0.json	1448686800.0	131.24	219.28	88
snapshot_11_28_2015_12_0.json	1448730000.0	131.24	219.28	84
snapshot_11_28_2015_18_0.json	1448751600.0	131.24	219.28	84
snapshot_11_29_2015_0_0.json	1448773200.0	131.24	219.28	84
snapshot_11_29_2015_12_0.json	1448816400.0	131.24	219.28	84
snapshot_11_29_2015_18_0.json	1448838000.0	131.2	219.28	84
snapshot_11_29_2015_6_0.json	1448794800.0	131.24	219.28	84
snapshot_11_29_2015_6_0.json	1448794800.0	131.24	219.28	84
snapshot_11_30_2015_0_0.json	1448859600.0	131.2	219.28	84
snapshot_11_30_2015_0_0.json	1448859600.0	131.2	219.28	84
snapshot_11_30_2015_18_0.json	1448924400.0	131.2	219.28	75
snapshot_11_30_2015_6_0.json	1448881200.0	131.2	219.28	75
snapshot_12_1_2015_0_0.json	1448946000.0	131.24	222.61	69
snapshot_12_1_2015_12_0.json	1448989200.0	131.24	222.61	69
snapshot_12_1_2015_18_0.json	1449010800.0	131.24	219.28	69
snapshot_12_1_2015_6_0.json	1448967600.0	131.24	222.61	69
snapshot_12_2_2015_0_0.json	1449032400.0	131.24	219.28	64
snapshot_12_2_2015_6_0.json	1449054000.0	131.24	219.28	64
snapshot_12_3_2015_0_0.json	1449118800.0	114.06	186.99	55
snapshot_12_3_2015_12_0.json	1449162000.0	114.06	186.99	51
snapshot_12_3_2015_18_0.json	1449183600.0	114.06	186.99	51
snapshot_12_4_2015_0_0.json	1449205200.0	110.55	183.03	53
snapshot_12_4_2015_12_0.json	1449248400.0	119.78	183.03	51
snapshot_12_4_2015_18_0.json	1449270000.0	119.78	177.1	51
snapshot_12_4_2015_18_0.json	1449270000.0	119.78	177.1	51
snapshot_12_4_2015_6_0.json	1449226800.0	119.78	183.03	51
snapshot_12_5_2015_0_0.json	1449291600.0	119.78	183.03	63
snapshot_12_5_2015_18_0.json	1449356400.0	119.78	196.88	54
snapshot_12_5_2015_6_0.json	1449313200.0	119.78	183.03	58
9291485	2015-12-09T20:00:00Z	The Lion King	Cadillac Palace Theatre	Illinois Chicago|666	60602
snapshot_11_16_2015_0_0.json	1447650000.0	109.38	272.07	91
snapshot_11_17_2015_12_0.json	1447779600.0	109.38	272.07	89
snapshot_11_17_2015_18_0.json	1447801200.0	109.38	272.07	89
snapshot_11_17_2015_6_0.json	1447758000.0	109.38	272.07	89
snapshot_11_17_2015_6_0.json	1447758000.0	109.38	272.07	89
snapshot_11_18_2015_0_0.json	1447822800.0	104.7	247.34	88
snapshot_11_18_2015_12_0.json	1447866000.0	104.7	247.34	85
snapshot_11_18_2015_12_0.json	1447866000.0	104.7	247.34	85
snapshot_11_18_2015_18_0.json	1447887600.0	104.7	247.34	85
snapshot_11_18_2015_18_0.json	1447887600.0	104.7	247.34	81
snapshot_11_18_2015_6_0.json	1447844400.0	104.7	247.34	85
snapshot_11_19_2015_0_0.json	1447909200.0	104.7	269.21	81
snapshot_11_19_2015_12_0.json	1447952400.0	104.7	269.21	81
snapshot_11_19_2015_6_0.json	1447930800.0	104.7	269.21	81
snapshot_11_20_2015_0_0.json	1447995600.0	144.98	269.21	76
snapshot_11_20_2015_12_0.json	1448038800.0	144.98	269.21	74
snapshot_11_21_2015_12_0.json	1448125200.0	144.98	269.21	74
snapshot_11_21_2015_18_0.json	1448146800.0	144.98	269.21	71
snapshot_11_21_2015_18_0.json	1448146800.0	144.98	269.21	71
snapshot_11_22_2015_12_0.json	1448211600.0	144.98	269.21	69
snapshot_11_22_2015_6_0.json	1448190000.0	144.98	269.21	69
snapshot_11_23_2015_0_0.json	1448254800.0	144.98	269.21	67
snapshot_11_23_2015_12_0.json	1448298000.0	142.9	269.21	69
snapshot_11_23_2015_12_0.json	1448298000.0	142.9	269.21	69
snapshot_11_23_2015_18_0.json	1448319600.0	131.24	269.21	69
snapshot_11_23_2015_6_0.json	1448276400.0	142.9	269.21	69
snapshot_11_23_2015_6_0.json	1448276400.0	142.9	269.21	69
snapshot_11_24_2015_0_0.json	1448341200.0	131.24	269.21	77
snapshot_11_24_2015_12_0.json	1448384400.0	131.24	269.21	77
snapshot_11_24_2015_18_0.json	1448406000.0	131.24	269.21	75
snapshot_11_24_2015_6_0.json	1448362800.0	131.24	269.21	77
snapshot_11_25_2015_0_0.json	1448427600.0	131.24	269.21	79
snapshot_11_25_2015_12_0.json	1448470800.0	131.24	269.21	79
snapshot_11_25_2015_18_0.json	1448492400.0	131.24	269.21	79
snapshot_11_25_2015_18_0.json	1448492400.0	131.24	269.21	79
snapshot_11_26_2015_0_0.json	1448514000.0	131.24	269.21	85
snapshot_11_27_2015_18_0.json	1448665200.0	131.24	222.61	81
snapshot_11_28_2015_0_0.json	1448686800.0	131.24	219.28	88
snapshot_11_28_2015_12_0.json	1448730000.0	131.24	219.28	84
snapshot_11_28_2015_18_0.json	1448751600.0	131.24	219.28	84
snapshot_11_29_2015_0_0.json	1448773200.0	131.24	219.28	84
snapshot_11_29_2015_12_0.json	1448816400.0	131.24	219.28	84
snapshot_11_29_2015_18_0.json	1448838000.0	131.2	219.28	84
snapshot_11_29_2015_6_0.json	1448794800.0	131.24	219.28	84
snapshot_11_29_2015_6_0.json	1448794800.0	131.24	219.28	84
snapshot_11_30_2015_0_0.json	1448859600.0	131.2	219.28	84
snapshot_11_30_2015_0_0.json	1448859600.0	131.2	219.28	84
snapshot_11_30_2015_18_0.json	1448924400.0	131.2	219.28	75
snapshot_11_30_2015_6_0.json	1448881200.0	131.2	219.28	75
snapshot_12_1_2015_0_0.json	1448946000.0	131.24	222.61	69
snapshot_12_1_2015_12_0.json	1448989200.0	131.24	222.61	69
snapshot_12_1_2015_18_0.json	1449010800.0	131.24	219.28	69
snapshot_12_1_2015_6_0.json	1448967600.0	131.24	222.61	69
snapshot_12_2_2015_0_0.json	1449032400.0	131.24	219.28	64
snapshot_12_2_2015_6_0.json	1449054000.0	131.24	219.28	64
snapshot_12_3_2015_0_0.json	1449118800.0	114.06	186.99	55
snapshot_12_3_2015_12_0.json	1449162000.0	114.06	186.99	51
snapshot_12_3_2015_18_0.json	1449183600.0	114.06	186.99	51
snapshot_12_4_2015_0_0.json	1449205200.0	110.55	183.03	53
snapshot_12_4_2015_12_0.json	1449248400.0	119.78	183.03	51
snapshot_12_4_2015_18_0.json	1449270000.0	119.78	177.1	51
snapshot_12_4_2015_18_0.json	1449270000.0	119.78	177.1	51
snapshot_12_4_2015_6_0.json	1449226800.0	119.78	183.03	51
snapshot_12_5_2015_0_0.json	1449291600.0	119.78	183.03	63
snapshot_12_5_2015_18_0.json	1449356400.0	119.78	196.88	54
snapshot_12_5_2015_6_0.json	1449313200.0	119.78	183.03	58
