9291488	2015-12-30T20:00:00Z	The Lion King	Cadillac Palace Theatre	Illinois Chicago|666	60602
snapshot_11_17_2015_0_0.json	1447736400.0	175.91	389	230
snapshot_11_17_2015_12_0.json	1447779600.0	175.91	389	230
snapshot_11_17_2015_18_0.json	1447801200.0	180.49	389	218
snapshot_11_17_2015_6_0.json	1447758000.0	175.91	389	230
snapshot_11_18_2015_0_0.json	1447822800.0	180.49	389	218
snapshot_11_18_2015_12_0.json	1447866000.0	180.49	389	218
snapshot_11_18_2015_6_0.json	1447844400.0	180.49	389	218
snapshot_11_19_2015_0_0.json	1447909200.0	180.49	389	224
snapshot_11_19_2015_12_0.json	1447952400.0	180.49	389	224
snapshot_11_19_2015_6_0.json	1447930800.0	180.49	389	224
snapshot_11_20_2015_0_0.json	1447995600.0	180.49	389	224
snapshot_11_21_2015_18_0.json	1448146800.0	188.51	389	293
snapshot_11_22_2015_0_0.json	1448168400.0	188.51	389	288
snapshot_11_22_2015_12_0.json	1448211600.0	188.51	389	288
snapshot_11_22_2015_18_0.json	1448233200.0	188.51	389	288
snapshot_11_22_2015_18_0.json	1448233200.0	188.51	389	288
snapshot_11_22_2015_6_0.json	1448190000.0	188.51	389	288
snapshot_11_22_2015_6_0.json	1448190000.0	188.51	389	288
snapshot_11_23_2015_0_0.json	1448254800.0	188.51	389	288
snapshot_11_23_2015_12_0.json	1448298000.0	188.51	389	288
snapshot_11_23_2015_18_0.json	1448319600.0	188.51	389	288
snapshot_11_23_2015_6_0.json	1448276400.0	188.51	389	288
snapshot_11_24_2015_0_0.json	1448341200.0	188.51	389	279
snapshot_11_24_2015_18_0.json	1448406000.0	188.51	389	279
snapshot_11_24_2015_6_0.json	1448362800.0	188.51	389	279
snapshot_11_25_2015_0_0.json	1448427600.0	188.51	389	271
snapshot_11_25_2015_0_0.json	1448427600.0	188.51	389	271
snapshot_11_25_2015_12_0.json	1448470800.0	189.97	389	269
snapshot_11_25_2015_18_0.json	1448492400.0	189.97	389	263
snapshot_11_25_2015_6_0.json	1448449200.0	189.97	389	269
snapshot_11_26_2015_0_0.json	1448514000.0	189.97	389	255
snapshot_11_26_2015_0_0.json	1448514000.0	189.97	389	255
snapshot_11_27_2015_18_0.json	1448665200.0	189.97	389	255
snapshot_11_28_2015_0_0.json	1448686800.0	189.97	389	249
snapshot_11_28_2015_12_0.json	1448730000.0	200.06	389	243
snapshot_11_29_2015_12_0.json	1448816400.0	200.06	389	224
snapshot_11_29_2015_18_0.json	1448838000.0	200.06	389	218
snapshot_11_29_2015_6_0.json	1448794800.0	200.06	389	224
snapshot_11_29_2015_6_0.json	1448794800.0	200.06	389	224
snapshot_11_30_2015_12_0.json	1448902800.0	200.06	389	218
snapshot_11_30_2015_18_0.json	1448924400.0	200.06	389	218
snapshot_12_1_2015_12_0.json	1448989200.0	200.64	389	216
snapshot_12_1_2015_18_0.json	1449010800.0	200.64	389	216
snapshot_12_1_2015_6_0.json	1448967600.0	200.64	389	216
snapshot_12_2_2015_12_0.json	1449075600.0	200.64	389	214
snapshot_12_2_2015_18_0.json	1449097200.0	200.64	389	214
snapshot_12_2_2015_6_0.json	1449054000.0	200.64	389	214
snapshot_12_3_2015_0_0.json	1449118800.0	200.64	389	216
snapshot_12_3_2015_12_0.json	1449162000.0	200.64	389	225
snapshot_12_3_2015_18_0.json	1449183600.0	200.64	389	225
snapshot_12_4_2015_0_0.json	1449205200.0	200.64	389	225
snapshot_12_4_2015_0_0.json	1449205200.0	200.64	389	225
snapshot_12_4_2015_6_0.json	1449226800.0	200.64	389	225
snapshot_12_5_2015_12_0.json	1449334800.0	200.64	389	221
snapshot_12_5_2015_18_0.json	1449356400.0	200.64	389	221
snapshot_12_5_2015_6_0.json	1449313200.0	200.64	389	221
snapshot_12_5_2015_6_0.json	1449313200.0	200.64	389	221
9291488	2015-12-30T20:00:00Z	The Lion King	Cadillac Palace Theatre	Illinois Chicago|666	60602
snapshot_11_17_2015_0_0.json	1447736400.0	175.91	389	230
snapshot_11_17_2015_12_0.json	1447779600.0	175.91	389	230
snapshot_11_17_2015_18_0.json	1447801200.0	180.49	389	218
snapshot_11_17_2015_6_0.json	1447758000.0	175.91	389	230
snapshot_11_18_2015_0_0.json	1447822800.0	180.49	389	218
snapshot_11_18_2015_12_0.json	1447866000.0	180.49	389	218
snapshot_11_18_2015_6_0.json	1447844400.0	180.49	389	218
snapshot_11_19_2015_0_0.json	1447909200.0	180.49	389	224
snapshot_11_19_2015_12_0.json	1447952400.0	180.49	389	224
snapshot_11_19_2015_6_0.json	1447930800.0	180.49	389	224
snapshot_11_20_2015_0_0.json	1447995600.0	180.49	389	224
snapshot_11_21_2015_18_0.json	1448146800.0	188.51	389	293
snapshot_11_22_2015_0_0.json	1448168400.0	188.51	389	288
snapshot_11_22_2015_12_0.json	1448211600.0	188.51	389	288
snapshot_11_22_2015_18_0.json	1448233200.0	188.51	389	288
snapshot_11_22_2015_18_0.json	1448233200.0	188.51	389	288
snapshot_11_22_2015_6_0.json	1448190000.0	188.51	389	288
snapshot_11_22_2015_6_0.json	1448190000.0	188.51	389	288
snapshot_11_23_2015_0_0.json	1448254800.0	188.51	389	288
snapshot_11_23_2015_12_0.json	1448298000.0	188.51	389	288
snapshot_11_23_2015_18_0.json	1448319600.0	188.51	389	288
snapshot_11_23_2015_6_0.json	1448276400.0	188.51	389	288
snapshot_11_24_2015_0_0.json	1448341200.0	188.51	389	279
snapshot_11_24_2015_18_0.json	1448406000.0	188.51	389	279
snapshot_11_24_2015_6_0.json	1448362800.0	188.51	389	279
snapshot_11_25_2015_0_0.json	1448427600.0	188.51	389	271
snapshot_11_25_2015_0_0.json	1448427600.0	188.51	389	271
snapshot_11_25_2015_12_0.json	1448470800.0	189.97	389	269
snapshot_11_25_2015_18_0.json	1448492400.0	189.97	389	263
snapshot_11_25_2015_6_0.json	1448449200.0	189.97	389	269
snapshot_11_26_2015_0_0.json	1448514000.0	189.97	389	255
snapshot_11_26_2015_0_0.json	1448514000.0	189.97	389	255
snapshot_11_27_2015_18_0.json	1448665200.0	189.97	389	255
snapshot_11_28_2015_0_0.json	1448686800.0	189.97	389	249
snapshot_11_28_2015_12_0.json	1448730000.0	200.06	389	243
snapshot_11_29_2015_12_0.json	1448816400.0	200.06	389	224
snapshot_11_29_2015_18_0.json	1448838000.0	200.06	389	218
snapshot_11_29_2015_6_0.json	1448794800.0	200.06	389	224
snapshot_11_29_2015_6_0.json	1448794800.0	200.06	389	224
snapshot_11_30_2015_12_0.json	1448902800.0	200.06	389	218
snapshot_11_30_2015_18_0.json	1448924400.0	200.06	389	218
snapshot_12_1_2015_12_0.json	1448989200.0	200.64	389	216
snapshot_12_1_2015_18_0.json	1449010800.0	200.64	389	216
snapshot_12_1_2015_6_0.json	1448967600.0	200.64	389	216
snapshot_12_2_2015_12_0.json	1449075600.0	200.64	389	214
snapshot_12_2_2015_18_0.json	1449097200.0	200.64	389	214
snapshot_12_2_2015_6_0.json	1449054000.0	200.64	389	214
snapshot_12_3_2015_0_0.json	1449118800.0	200.64	389	216
snapshot_12_3_2015_12_0.json	1449162000.0	200.64	389	225
snapshot_12_3_2015_18_0.json	1449183600.0	200.64	389	225
snapshot_12_4_2015_0_0.json	1449205200.0	200.64	389	225
snapshot_12_4_2015_0_0.json	1449205200.0	200.64	389	225
snapshot_12_4_2015_6_0.json	1449226800.0	200.64	389	225
snapshot_12_5_2015_12_0.json	1449334800.0	200.64	389	221
snapshot_12_5_2015_18_0.json	1449356400.0	200.64	389	221
snapshot_12_5_2015_6_0.json	1449313200.0	200.64	389	221
snapshot_12_5_2015_6_0.json	1449313200.0	200.64	389	221
