9291484	2015-12-02T20:00:00Z	The Lion King	Cadillac Palace Theatre	Illinois Chicago|666	60602
snapshot_11_16_2015_0_0.json	1447650000.0	167.59	291.86	52
snapshot_11_16_2015_0_0.json	1447650000.0	167.59	291.86	52
snapshot_11_17_2015_0_0.json	1447736400.0	167.59	291.86	52
snapshot_11_17_2015_0_0.json	1447736400.0	167.59	291.86	52
snapshot_11_17_2015_12_0.json	1447779600.0	167.59	291.86	54
snapshot_11_17_2015_6_0.json	1447758000.0	167.59	291.86	54
snapshot_11_18_2015_0_0.json	1447822800.0	148.75	291.86	41
snapshot_11_18_2015_12_0.json	1447866000.0	148.75	291.86	41
snapshot_11_18_2015_6_0.json	1447844400.0	148.75	291.86	41
snapshot_11_19_2015_0_0.json	1447909200.0	148.75	306.7	41
snapshot_11_19_2015_12_0.json	1447952400.0	148.75	306.7	41
snapshot_11_19_2015_6_0.json	1447930800.0	148.75	306.7	41
snapshot_11_21_2015_18_0.json	1448146800.0	148.75	288.79	35
snapshot_11_21_2015_18_0.json	1448146800.0	148.75	288.79	35
snapshot_11_22_2015_12_0.json	1448211600.0	148.75	288.79	35
snapshot_11_22_2015_18_0.json	1448233200.0	148.75	288.79	37
snapshot_11_22_2015_6_0.json	1448190000.0	148.75	288.79	35
snapshot_11_22_2015_6_0.json	1448190000.0	148.75	288.79	35
snapshot_11_23_2015_0_0.json	1448254800.0	148.75	288.79	37
snapshot_11_23_2015_12_0.json	1448298000.0	148.75	288.79	35
snapshot_11_23_2015_18_0.json	1448319600.0	148.75	288.79	35
snapshot_11_23_2015_18_0.json	1448319600.0	148.75	288.79	35
snapshot_11_24_2015_18_0.json	1448406000.0	148.75	328	54
snapshot_11_24_2015_6_0.json	1448362800.0	148.75	291.86	40
snapshot_11_25_2015_0_0.json	1448427600.0	148.75	328	54
snapshot_11_25_2015_0_0.json	1448427600.0	148.75	328	54
snapshot_11_25_2015_12_0.json	1448470800.0	148.75	328	52
snapshot_11_25_2015_18_0.json	1448492400.0	148.75	328	53
snapshot_11_25_2015_6_0.json	1448449200.0	148.75	328	52
snapshot_11_25_2015_6_0.json	1448449200.0	148.75	328	52
snapshot_11_26_2015_0_0.json	1448514000.0	148.75	328	53
snapshot_11_27_2015_18_0.json	1448665200.0	142.69	328	50
snapshot_11_28_2015_12_0.json	1448730000.0	142.69	328	42
snapshot_11_28_2015_18_0.json	1448751600.0	142.69	328	42
snapshot_11_29_2015_0_0.json	1448773200.0	125.51	328	39
snapshot_11_29_2015_0_0.json	1448773200.0	125.51	328	39
snapshot_11_29_2015_12_0.json	1448816400.0	131.24	328	32
snapshot_11_29_2015_18_0.json	1448838000.0	131.24	328	32
snapshot_11_29_2015_6_0.json	1448794800.0	131.24	328	32
snapshot_11_29_2015_6_0.json	1448794800.0	131.24	328	32
snapshot_11_30_2015_0_0.json	1448859600.0	131.24	328	30
snapshot_11_30_2015_12_0.json	1448902800.0	131.24	328	25
snapshot_11_30_2015_18_0.json	1448924400.0	131.24	328	22
snapshot_11_30_2015_18_0.json	1448924400.0	131.24	328	22
snapshot_12_1_2015_12_0.json	1448989200.0	145.36	300	27
snapshot_12_1_2015_18_0.json	1449010800.0	145.36	300	27
snapshot_12_1_2015_18_0.json	1449010800.0	145.36	300	27
snapshot_12_2_2015_0_0.json	1449032400.0	128.49	300	13
snapshot_12_2_2015_0_0.json	1449032400.0	128.49	300	13
snapshot_12_2_2015_12_0.json	1449075600.0	179.17	300	7
snapshot_12_2_2015_18_0.json	1449097200.0	150.25	151	5
snapshot_12_2_2015_6_0.json	1449054000.0	179.17	300	8
snapshot_12_3_2015_0_0.json	1449118800.0	0	0	0
snapshot_12_3_2015_12_0.json	1449162000.0	0	0	0
snapshot_12_3_2015_18_0.json	1449183600.0	0	0	0
snapshot_12_3_2015_18_0.json	1449183600.0	0	0	0
snapshot_12_3_2015_6_0.json	1449140400.0	0	0	0
snapshot_12_4_2015_0_0.json	1449205200.0	0	0	0
snapshot_12_4_2015_12_0.json	1449248400.0	0	0	0
9291484	2015-12-02T20:00:00Z	The Lion King	Cadillac Palace Theatre	Illinois Chicago|666	60602
snapshot_11_16_2015_0_0.json	1447650000.0	167.59	291.86	52
snapshot_11_16_2015_0_0.json	1447650000.0	167.59	291.86	52
snapshot_11_17_2015_0_0.json	1447736400.0	167.59	291.86	52
snapshot_11_17_2015_0_0.json	1447736400.0	167.59	291.86	52
snapshot_11_17_2015_12_0.json	1447779600.0	167.59	291.86	54
snapshot_11_17_2015_6_0.json	1447758000.0	167.59	291.86	54
snapshot_11_18_2015_0_0.json	1447822800.0	148.75	291.86	41
snapshot_11_18_2015_12_0.json	1447866000.0	148.75	291.86	41
snapshot_11_18_2015_6_0.json	1447844400.0	148.75	291.86	41
snapshot_11_19_2015_0_0.json	1447909200.0	148.75	306.7	41
snapshot_11_19_2015_12_0.json	1447952400.0	148.75	306.7	41
snapshot_11_19_2015_6_0.json	1447930800.0	148.75	306.7	41
snapshot_11_21_2015_18_0.json	1448146800.0	148.75	288.79	35
snapshot_11_21_2015_18_0.json	1448146800.0	148.75	288.79	35
snapshot_11_22_2015_12_0.json	1448211600.0	148.75	288.79	35
snapshot_11_22_2015_18_0.json	1448233200.0	148.75	288.79	37
snapshot_11_22_2015_6_0.json	1448190000.0	148.75	288.79	35
snapshot_11_22_2015_6_0.json	1448190000.0	148.75	288.79	35
snapshot_11_23_2015_0_0.json	1448254800.0	148.75	288.79	37
snapshot_11_23_2015_12_0.json	1448298000.0	148.75	288.79	35
snapshot_11_23_2015_18_0.json	1448319600.0	148.75	288.79	35
snapshot_11_23_2015_18_0.json	1448319600.0	148.75	288.79	35
snapshot_11_24_2015_18_0.json	1448406000.0	148.75	328	54
snapshot_11_24_2015_6_0.json	1448362800.0	148.75	291.86	40
snapshot_11_25_2015_0_0.json	1448427600.0	148.75	328	54
snapshot_11_25_2015_0_0.json	1448427600.0	148.75	328	54
snapshot_11_25_2015_12_0.json	1448470800.0	148.75	328	52
snapshot_11_25_2015_18_0.json	1448492400.0	148.75	328	53
snapshot_11_25_2015_6_0.json	1448449200.0	148.75	328	52
snapshot_11_25_2015_6_0.json	1448449200.0	148.75	328	52
snapshot_11_26_2015_0_0.json	1448514000.0	148.75	328	53
snapshot_11_27_2015_18_0.json	1448665200.0	142.69	328	50
snapshot_11_28_2015_12_0.json	1448730000.0	142.69	328	42
snapshot_11_28_2015_18_0.json	1448751600.0	142.69	328	42
snapshot_11_29_2015_0_0.json	1448773200.0	125.51	328	39
snapshot_11_29_2015_0_0.json	1448773200.0	125.51	328	39
snapshot_11_29_2015_12_0.json	1448816400.0	131.24	328	32
snapshot_11_29_2015_18_0.json	1448838000.0	131.24	328	32
snapshot_11_29_2015_6_0.json	1448794800.0	131.24	328	32
snapshot_11_29_2015_6_0.json	1448794800.0	131.24	328	32
snapshot_11_30_2015_0_0.json	1448859600.0	131.24	328	30
snapshot_11_30_2015_12_0.json	1448902800.0	131.24	328	25
snapshot_11_30_2015_18_0.json	1448924400.0	131.24	328	22
snapshot_11_30_2015_18_0.json	1448924400.0	131.24	328	22
snapshot_12_1_2015_12_0.json	1448989200.0	145.36	300	27
snapshot_12_1_2015_18_0.json	1449010800.0	145.36	300	27
snapshot_12_1_2015_18_0.json	1449010800.0	145.36	300	27
snapshot_12_2_2015_0_0.json	1449032400.0	128.49	300	13
snapshot_12_2_2015_0_0.json	1449032400.0	128.49	300	13
snapshot_12_2_2015_12_0.json	1449075600.0	179.17	300	7
snapshot_12_2_2015_18_0.json	1449097200.0	150.25	151	5
snapshot_12_2_2015_6_0.json	1449054000.0	179.17	300	8
snapshot_12_3_2015_0_0.json	1449118800.0	0	0	0
snapshot_12_3_2015_12_0.json	1449162000.0	0	0	0
snapshot_12_3_2015_18_0.json	1449183600.0	0	0	0
snapshot_12_3_2015_18_0.json	1449183600.0	0	0	0
snapshot_12_3_2015_6_0.json	1449140400.0	0	0	0
snapshot_12_4_2015_0_0.json	1449205200.0	0	0	0
snapshot_12_4_2015_12_0.json	1449248400.0	0	0	0
