9291506	2015-12-27T19:00:00Z	The Lion King	Cadillac Palace Theatre	Illinois Chicago|666	60602
snapshot_11_16_2015_0_0.json	1447650000.0	160.86	389	302
snapshot_11_17_2015_0_0.json	1447736400.0	160.86	389	294
snapshot_11_17_2015_12_0.json	1447779600.0	167.88	389	302
snapshot_11_17_2015_18_0.json	1447801200.0	167.88	417	294
snapshot_11_17_2015_6_0.json	1447758000.0	160.86	389	302
snapshot_11_17_2015_6_0.json	1447758000.0	160.86	389	302
snapshot_11_18_2015_0_0.json	1447822800.0	177.05	417	294
snapshot_11_18_2015_12_0.json	1447866000.0	177.05	417	288
snapshot_11_18_2015_12_0.json	1447866000.0	177.05	417	288
snapshot_11_18_2015_18_0.json	1447887600.0	177.05	417	281
snapshot_11_18_2015_6_0.json	1447844400.0	177.05	417	288
snapshot_11_19_2015_0_0.json	1447909200.0	144.48	417	391
snapshot_11_19_2015_12_0.json	1447952400.0	144.48	417	384
snapshot_11_19_2015_6_0.json	1447930800.0	144.48	417	384
snapshot_11_20_2015_0_0.json	1447995600.0	156.18	417	375
snapshot_11_20_2015_12_0.json	1448038800.0	144.48	417	373
snapshot_11_21_2015_12_0.json	1448125200.0	144.48	417	376
snapshot_11_21_2015_18_0.json	1448146800.0	144.48	417	370
snapshot_11_22_2015_0_0.json	1448168400.0	144.48	417	368
snapshot_11_22_2015_12_0.json	1448211600.0	144.48	417	368
snapshot_11_22_2015_12_0.json	1448211600.0	144.48	417	368
snapshot_11_22_2015_18_0.json	1448233200.0	144.48	417	362
snapshot_11_22_2015_18_0.json	1448233200.0	144.48	417	362
snapshot_11_22_2015_6_0.json	1448190000.0	144.48	417	368
snapshot_11_23_2015_0_0.json	1448254800.0	144.48	417	353
snapshot_11_23_2015_12_0.json	1448298000.0	144.48	417	350
snapshot_11_23_2015_12_0.json	1448298000.0	144.48	417	350
snapshot_11_23_2015_18_0.json	1448319600.0	144.48	417	346
snapshot_11_23_2015_6_0.json	1448276400.0	144.48	417	350
snapshot_11_23_2015_6_0.json	1448276400.0	144.48	417	350
snapshot_11_24_2015_12_0.json	1448384400.0	144.48	417	333
snapshot_11_24_2015_18_0.json	1448406000.0	144.48	417	324
snapshot_11_24_2015_6_0.json	1448362800.0	144.48	417	333
snapshot_11_25_2015_0_0.json	1448427600.0	144.48	417	320
snapshot_11_25_2015_0_0.json	1448427600.0	144.48	417	320
snapshot_11_25_2015_12_0.json	1448470800.0	144.48	417	317
snapshot_11_25_2015_18_0.json	1448492400.0	144.48	417	317
snapshot_11_25_2015_6_0.json	1448449200.0	144.48	417	317
snapshot_11_26_2015_0_0.json	1448514000.0	144.48	417	316
snapshot_11_27_2015_18_0.json	1448665200.0	177.05	417	303
snapshot_11_28_2015_0_0.json	1448686800.0	177.05	417	286
snapshot_11_28_2015_12_0.json	1448730000.0	177.05	417	286
snapshot_11_28_2015_18_0.json	1448751600.0	177.05	417	286
snapshot_11_28_2015_18_0.json	1448751600.0	177.05	417	286
snapshot_11_29_2015_12_0.json	1448816400.0	177.05	417	281
snapshot_11_29_2015_18_0.json	1448838000.0	177.05	417	281
snapshot_11_29_2015_18_0.json	1448838000.0	177.05	417	281
snapshot_11_29_2015_6_0.json	1448794800.0	177.05	417	281
snapshot_11_29_2015_6_0.json	1448794800.0	177.05	417	281
snapshot_11_30_2015_0_0.json	1448859600.0	177.05	417	279
snapshot_11_30_2015_0_0.json	1448859600.0	177.05	417	279
snapshot_11_30_2015_0_0.json	1448859600.0	177.05	417	279
snapshot_11_30_2015_12_0.json	1448902800.0	177.05	417	279
snapshot_11_30_2015_6_0.json	1448881200.0	177.05	417	279
snapshot_12_1_2015_12_0.json	1448989200.0	177.05	417	270
snapshot_12_1_2015_18_0.json	1449010800.0	177.05	417	251
snapshot_12_1_2015_6_0.json	1448967600.0	177.05	417	270
snapshot_12_2_2015_18_0.json	1449097200.0	188.51	417	239
snapshot_12_2_2015_6_0.json	1449054000.0	177.05	417	241
snapshot_12_3_2015_0_0.json	1449118800.0	188.51	417	243
snapshot_12_3_2015_12_0.json	1449162000.0	188.51	417	236
snapshot_12_3_2015_18_0.json	1449183600.0	188.51	417	236
snapshot_12_3_2015_6_0.json	1449140400.0	188.51	417	236
snapshot_12_4_2015_12_0.json	1449248400.0	188.51	417	234
snapshot_12_4_2015_18_0.json	1449270000.0	188.51	417	232
snapshot_12_4_2015_6_0.json	1449226800.0	188.51	417	234
snapshot_12_5_2015_0_0.json	1449291600.0	188.51	417	228
snapshot_12_5_2015_12_0.json	1449334800.0	188.51	417	228
snapshot_12_5_2015_18_0.json	1449356400.0	188.51	417	224
snapshot_12_5_2015_6_0.json	1449313200.0	188.51	417	228
9291506	2015-12-27T19:00:00Z	The Lion King	Cadillac Palace Theatre	Illinois Chicago|666	60602
snapshot_11_16_2015_0_0.json	1447650000.0	160.86	389	302
snapshot_11_17_2015_0_0.json	1447736400.0	160.86	389	294
snapshot_11_17_2015_12_0.json	1447779600.0	167.88	389	302
snapshot_11_17_2015_18_0.json	1447801200.0	167.88	417	294
snapshot_11_17_2015_6_0.json	1447758000.0	160.86	389	302
snapshot_11_17_2015_6_0.json	1447758000.0	160.86	389	302
snapshot_11_18_2015_0_0.json	1447822800.0	177.05	417	294
snapshot_11_18_2015_12_0.json	1447866000.0	177.05	417	288
snapshot_11_18_2015_12_0.json	1447866000.0	177.05	417	288
snapshot_11_18_2015_18_0.json	1447887600.0	177.05	417	281
snapshot_11_18_2015_6_0.json	1447844400.0	177.05	417	288
snapshot_11_19_2015_0_0.json	1447909200.0	144.48	417	391
snapshot_11_19_2015_12_0.json	1447952400.0	144.48	417	384
snapshot_11_19_2015_6_0.json	1447930800.0	144.48	417	384
snapshot_11_20_2015_0_0.json	1447995600.0	156.18	417	375
snapshot_11_20_2015_12_0.json	1448038800.0	144.48	417	373
snapshot_11_21_2015_12_0.json	1448125200.0	144.48	417	376
snapshot_11_21_2015_18_0.json	1448146800.0	144.48	417	370
snapshot_11_22_2015_0_0.json	1448168400.0	144.48	417	368
snapshot_11_22_2015_12_0.json	1448211600.0	144.48	417	368
snapshot_11_22_2015_12_0.json	1448211600.0	144.48	417	368
snapshot_11_22_2015_18_0.json	1448233200.0	144.48	417	362
snapshot_11_22_2015_18_0.json	1448233200.0	144.48	417	362
snapshot_11_22_2015_6_0.json	1448190000.0	144.48	417	368
snapshot_11_23_2015_0_0.json	1448254800.0	144.48	417	353
snapshot_11_23_2015_12_0.json	1448298000.0	144.48	417	350
snapshot_11_23_2015_12_0.json	1448298000.0	144.48	417	350
snapshot_11_23_2015_18_0.json	1448319600.0	144.48	417	346
snapshot_11_23_2015_6_0.json	1448276400.0	144.48	417	350
snapshot_11_23_2015_6_0.json	1448276400.0	144.48	417	350
snapshot_11_24_2015_12_0.json	1448384400.0	144.48	417	333
snapshot_11_24_2015_18_0.json	1448406000.0	144.48	417	324
snapshot_11_24_2015_6_0.json	1448362800.0	144.48	417	333
snapshot_11_25_2015_0_0.json	1448427600.0	144.48	417	320
snapshot_11_25_2015_0_0.json	1448427600.0	144.48	417	320
snapshot_11_25_2015_12_0.json	1448470800.0	144.48	417	317
snapshot_11_25_2015_18_0.json	1448492400.0	144.48	417	317
snapshot_11_25_2015_6_0.json	1448449200.0	144.48	417	317
snapshot_11_26_2015_0_0.json	1448514000.0	144.48	417	316
snapshot_11_27_2015_18_0.json	1448665200.0	177.05	417	303
snapshot_11_28_2015_0_0.json	1448686800.0	177.05	417	286
snapshot_11_28_2015_12_0.json	1448730000.0	177.05	417	286
snapshot_11_28_2015_18_0.json	1448751600.0	177.05	417	286
snapshot_11_28_2015_18_0.json	1448751600.0	177.05	417	286
snapshot_11_29_2015_12_0.json	1448816400.0	177.05	417	281
snapshot_11_29_2015_18_0.json	1448838000.0	177.05	417	281
snapshot_11_29_2015_18_0.json	1448838000.0	177.05	417	281
snapshot_11_29_2015_6_0.json	1448794800.0	177.05	417	281
snapshot_11_29_2015_6_0.json	1448794800.0	177.05	417	281
snapshot_11_30_2015_0_0.json	1448859600.0	177.05	417	279
snapshot_11_30_2015_0_0.json	1448859600.0	177.05	417	279
snapshot_11_30_2015_0_0.json	1448859600.0	177.05	417	279
snapshot_11_30_2015_12_0.json	1448902800.0	177.05	417	279
snapshot_11_30_2015_6_0.json	1448881200.0	177.05	417	279
snapshot_12_1_2015_12_0.json	1448989200.0	177.05	417	270
snapshot_12_1_2015_18_0.json	1449010800.0	177.05	417	251
snapshot_12_1_2015_6_0.json	1448967600.0	177.05	417	270
snapshot_12_2_2015_18_0.json	1449097200.0	188.51	417	239
snapshot_12_2_2015_6_0.json	1449054000.0	177.05	417	241
snapshot_12_3_2015_0_0.json	1449118800.0	188.51	417	243
snapshot_12_3_2015_12_0.json	1449162000.0	188.51	417	236
snapshot_12_3_2015_18_0.json	1449183600.0	188.51	417	236
snapshot_12_3_2015_6_0.json	1449140400.0	188.51	417	236
snapshot_12_4_2015_12_0.json	1449248400.0	188.51	417	234
snapshot_12_4_2015_18_0.json	1449270000.0	188.51	417	232
snapshot_12_4_2015_6_0.json	1449226800.0	188.51	417	234
snapshot_12_5_2015_0_0.json	1449291600.0	188.51	417	228
snapshot_12_5_2015_12_0.json	1449334800.0	188.51	417	228
snapshot_12_5_2015_18_0.json	1449356400.0	188.51	417	224
snapshot_12_5_2015_6_0.json	1449313200.0	188.51	417	228
