9291521	2016-01-02T20:00:00Z	The Lion King	Cadillac Palace Theatre	Illinois Chicago|666	60602
snapshot_11_16_2015_0_0.json	1447650000.0	177.05	389	287
snapshot_11_17_2015_0_0.json	1447736400.0	177.05	389	295
snapshot_11_17_2015_12_0.json	1447779600.0	174.9	389	297
snapshot_11_17_2015_18_0.json	1447801200.0	174.9	389	297
snapshot_11_17_2015_18_0.json	1447801200.0	174.9	389	297
snapshot_11_18_2015_0_0.json	1447822800.0	177.05	389	289
snapshot_11_18_2015_12_0.json	1447866000.0	177.05	389	298
snapshot_11_18_2015_18_0.json	1447887600.0	177.05	389	295
snapshot_11_18_2015_6_0.json	1447844400.0	177.05	389	298
snapshot_11_18_2015_6_0.json	1447844400.0	177.05	389	298
snapshot_11_19_2015_0_0.json	1447909200.0	167.88	389	297
snapshot_11_19_2015_12_0.json	1447952400.0	167.88	389	294
snapshot_11_19_2015_6_0.json	1447930800.0	167.88	389	294
snapshot_11_19_2015_6_0.json	1447930800.0	167.88	389	294
snapshot_11_21_2015_18_0.json	1448146800.0	167.88	389	364
snapshot_11_22_2015_12_0.json	1448211600.0	167.88	389	360
snapshot_11_22_2015_18_0.json	1448233200.0	167.88	389	360
snapshot_11_22_2015_18_0.json	1448233200.0	167.88	389	360
snapshot_11_22_2015_6_0.json	1448190000.0	167.88	389	360
snapshot_11_23_2015_0_0.json	1448254800.0	167.88	389	360
snapshot_11_23_2015_12_0.json	1448298000.0	167.88	389	360
snapshot_11_23_2015_18_0.json	1448319600.0	167.88	389	358
snapshot_11_23_2015_6_0.json	1448276400.0	167.88	389	360
snapshot_11_24_2015_0_0.json	1448341200.0	167.88	389	358
snapshot_11_24_2015_12_0.json	1448384400.0	167.88	389	358
snapshot_11_24_2015_18_0.json	1448406000.0	167.88	417	347
snapshot_11_24_2015_6_0.json	1448362800.0	167.88	389	358
snapshot_11_25_2015_0_0.json	1448427600.0	167.88	417	365
snapshot_11_25_2015_0_0.json	1448427600.0	167.88	417	365
snapshot_11_25_2015_12_0.json	1448470800.0	167.88	417	363
snapshot_11_25_2015_18_0.json	1448492400.0	167.88	417	363
snapshot_11_25_2015_6_0.json	1448449200.0	167.88	417	363
snapshot_11_26_2015_0_0.json	1448514000.0	167.88	417	363
snapshot_11_27_2015_18_0.json	1448665200.0	167.88	417	340
snapshot_11_28_2015_0_0.json	1448686800.0	167.88	417	340
snapshot_11_28_2015_0_0.json	1448686800.0	167.88	417	340
snapshot_11_28_2015_12_0.json	1448730000.0	167.88	417	340
snapshot_11_28_2015_18_0.json	1448751600.0	167.88	417	348
snapshot_11_28_2015_18_0.json	1448751600.0	167.88	417	348
snapshot_11_29_2015_0_0.json	1448773200.0	167.88	417	348
snapshot_11_29_2015_12_0.json	1448816400.0	167.88	417	348
snapshot_11_29_2015_18_0.json	1448838000.0	167.88	417	348
snapshot_11_29_2015_18_0.json	1448838000.0	167.88	417	348
snapshot_11_29_2015_6_0.json	1448794800.0	167.88	417	348
snapshot_11_29_2015_6_0.json	1448794800.0	167.88	417	348
snapshot_11_30_2015_0_0.json	1448859600.0	174.9	417	346
snapshot_11_30_2015_12_0.json	1448902800.0	174.9	417	346
snapshot_11_30_2015_18_0.json	1448924400.0	174.9	417	341
snapshot_12_1_2015_12_0.json	1448989200.0	163.2	417	335
snapshot_12_1_2015_18_0.json	1449010800.0	179.58	417	333
snapshot_12_1_2015_6_0.json	1448967600.0	163.2	417	335
snapshot_12_2_2015_12_0.json	1449075600.0	179.58	417	324
snapshot_12_2_2015_18_0.json	1449097200.0	179.58	417	324
snapshot_12_3_2015_12_0.json	1449162000.0	179.58	417	326
snapshot_12_3_2015_6_0.json	1449140400.0	179.58	417	317
snapshot_12_4_2015_0_0.json	1449205200.0	179.58	417	324
snapshot_12_4_2015_18_0.json	1449270000.0	179.58	417	312
snapshot_12_4_2015_6_0.json	1449226800.0	179.58	417	314
snapshot_12_5_2015_6_0.json	1449313200.0	179.58	417	312
9291521	2016-01-02T20:00:00Z	The Lion King	Cadillac Palace Theatre	Illinois Chicago|666	60602
snapshot_11_16_2015_0_0.json	1447650000.0	177.05	389	287
snapshot_11_17_2015_0_0.json	1447736400.0	177.05	389	295
snapshot_11_17_2015_12_0.json	1447779600.0	174.9	389	297
snapshot_11_17_2015_18_0.json	1447801200.0	174.9	389	297
snapshot_11_17_2015_18_0.json	1447801200.0	174.9	389	297
snapshot_11_18_2015_0_0.json	1447822800.0	177.05	389	289
snapshot_11_18_2015_12_0.json	1447866000.0	177.05	389	298
snapshot_11_18_2015_18_0.json	1447887600.0	177.05	389	295
snapshot_11_18_2015_6_0.json	1447844400.0	177.05	389	298
snapshot_11_18_2015_6_0.json	1447844400.0	177.05	389	298
snapshot_11_19_2015_0_0.json	1447909200.0	167.88	389	297
snapshot_11_19_2015_12_0.json	1447952400.0	167.88	389	294
snapshot_11_19_2015_6_0.json	1447930800.0	167.88	389	294
snapshot_11_19_2015_6_0.json	1447930800.0	167.88	389	294
snapshot_11_21_2015_18_0.json	1448146800.0	167.88	389	364
snapshot_11_22_2015_12_0.json	1448211600.0	167.88	389	360
snapshot_11_22_2015_18_0.json	1448233200.0	167.88	389	360
snapshot_11_22_2015_18_0.json	1448233200.0	167.88	389	360
snapshot_11_22_2015_6_0.json	1448190000.0	167.88	389	360
snapshot_11_23_2015_0_0.json	1448254800.0	167.88	389	360
snapshot_11_23_2015_12_0.json	1448298000.0	167.88	389	360
snapshot_11_23_2015_18_0.json	1448319600.0	167.88	389	358
snapshot_11_23_2015_6_0.json	1448276400.0	167.88	389	360
snapshot_11_24_2015_0_0.json	1448341200.0	167.88	389	358
snapshot_11_24_2015_12_0.json	1448384400.0	167.88	389	358
snapshot_11_24_2015_18_0.json	1448406000.0	167.88	417	347
snapshot_11_24_2015_6_0.json	1448362800.0	167.88	389	358
snapshot_11_25_2015_0_0.json	1448427600.0	167.88	417	365
snapshot_11_25_2015_0_0.json	1448427600.0	167.88	417	365
snapshot_11_25_2015_12_0.json	1448470800.0	167.88	417	363
snapshot_11_25_2015_18_0.json	1448492400.0	167.88	417	363
snapshot_11_25_2015_6_0.json	1448449200.0	167.88	417	363
snapshot_11_26_2015_0_0.json	1448514000.0	167.88	417	363
snapshot_11_27_2015_18_0.json	1448665200.0	167.88	417	340
snapshot_11_28_2015_0_0.json	1448686800.0	167.88	417	340
snapshot_11_28_2015_0_0.json	1448686800.0	167.88	417	340
snapshot_11_28_2015_12_0.json	1448730000.0	167.88	417	340
snapshot_11_28_2015_18_0.json	1448751600.0	167.88	417	348
snapshot_11_28_2015_18_0.json	1448751600.0	167.88	417	348
snapshot_11_29_2015_0_0.json	1448773200.0	167.88	417	348
snapshot_11_29_2015_12_0.json	1448816400.0	167.88	417	348
snapshot_11_29_2015_18_0.json	1448838000.0	167.88	417	348
snapshot_11_29_2015_18_0.json	1448838000.0	167.88	417	348
snapshot_11_29_2015_6_0.json	1448794800.0	167.88	417	348
snapshot_11_29_2015_6_0.json	1448794800.0	167.88	417	348
snapshot_11_30_2015_0_0.json	1448859600.0	174.9	417	346
snapshot_11_30_2015_12_0.json	1448902800.0	174.9	417	346
snapshot_11_30_2015_18_0.json	1448924400.0	174.9	417	341
snapshot_12_1_2015_12_0.json	1448989200.0	163.2	417	335
snapshot_12_1_2015_18_0.json	1449010800.0	179.58	417	333
snapshot_12_1_2015_6_0.json	1448967600.0	163.2	417	335
snapshot_12_2_2015_12_0.json	1449075600.0	179.58	417	324
snapshot_12_2_2015_18_0.json	1449097200.0	179.58	417	324
snapshot_12_3_2015_12_0.json	1449162000.0	179.58	417	326
snapshot_12_3_2015_6_0.json	1449140400.0	179.58	417	317
snapshot_12_4_2015_0_0.json	1449205200.0	179.58	417	324
snapshot_12_4_2015_18_0.json	1449270000.0	179.58	417	312
snapshot_12_4_2015_6_0.json	1449226800.0	179.58	417	314
snapshot_12_5_2015_6_0.json	1449313200.0	179.58	417	312
