9291497	2015-12-11T01:30:00Z	The Lion King	Cadillac Palace Theatre	Illinois Chicago|666	60602
snapshot_11_16_2015_0_0.json	1447650000.0	136.97	308.37	91
snapshot_11_17_2015_0_0.json	1447736400.0	136.97	308.37	81
snapshot_11_17_2015_12_0.json	1447779600.0	136.97	308.37	81
snapshot_11_17_2015_18_0.json	1447801200.0	136.97	308.37	91
snapshot_11_17_2015_18_0.json	1447801200.0	136.97	308.37	91
snapshot_11_17_2015_6_0.json	1447758000.0	136.97	308.37	81
snapshot_11_18_2015_0_0.json	1447822800.0	136.97	308.37	91
snapshot_11_18_2015_12_0.json	1447866000.0	147.58	308.37	87
snapshot_11_18_2015_12_0.json	1447866000.0	147.58	308.37	87
snapshot_11_18_2015_18_0.json	1447887600.0	147.58	308.37	87
snapshot_11_18_2015_6_0.json	1447844400.0	147.58	308.37	87
snapshot_11_18_2015_6_0.json	1447844400.0	147.58	308.37	87
snapshot_11_19_2015_0_0.json	1447909200.0	147.58	308.37	87
snapshot_11_19_2015_0_0.json	1447909200.0	147.58	308.37	87
snapshot_11_19_2015_12_0.json	1447952400.0	151.86	308.37	83
snapshot_11_19_2015_12_0.json	1447952400.0	151.86	308.37	83
snapshot_11_19_2015_6_0.json	1447930800.0	151.86	308.37	83
snapshot_11_19_2015_6_0.json	1447930800.0	151.86	308.37	83
snapshot_11_20_2015_12_0.json	1448038800.0	151.86	308.37	77
snapshot_11_20_2015_12_0.json	1448038800.0	151.86	308.37	77
snapshot_11_21_2015_12_0.json	1448125200.0	151.86	308.37	73
snapshot_11_22_2015_0_0.json	1448168400.0	151.86	308.37	71
snapshot_11_22_2015_12_0.json	1448211600.0	151.86	308.37	69
snapshot_11_22_2015_18_0.json	1448233200.0	151.86	308.37	69
snapshot_11_22_2015_18_0.json	1448233200.0	151.86	308.37	69
snapshot_11_23_2015_12_0.json	1448298000.0	151.86	308.37	72
snapshot_11_23_2015_12_0.json	1448298000.0	151.86	308.37	72
snapshot_11_23_2015_18_0.json	1448319600.0	151.86	308.37	72
snapshot_11_24_2015_0_0.json	1448341200.0	151.86	308.37	70
snapshot_11_24_2015_12_0.json	1448384400.0	151.86	308.37	70
snapshot_11_24_2015_18_0.json	1448406000.0	151.86	308.37	70
snapshot_11_24_2015_6_0.json	1448362800.0	151.86	308.37	70
snapshot_11_25_2015_0_0.json	1448427600.0	151.86	308.37	80
snapshot_11_25_2015_0_0.json	1448427600.0	151.86	308.37	80
snapshot_11_25_2015_12_0.json	1448470800.0	151.86	308.37	80
snapshot_11_25_2015_18_0.json	1448492400.0	151.86	308.37	80
snapshot_11_25_2015_6_0.json	1448449200.0	151.86	308.37	80
snapshot_11_26_2015_0_0.json	1448514000.0	151.86	308.37	90
snapshot_11_27_2015_18_0.json	1448665200.0	151.86	269.21	82
snapshot_11_28_2015_0_0.json	1448686800.0	151.86	269.21	82
snapshot_11_28_2015_12_0.json	1448730000.0	151.86	269.21	80
snapshot_11_28_2015_18_0.json	1448751600.0	151.86	269.21	78
snapshot_11_28_2015_6_0.json	1448708400.0	151.86	269.21	80
snapshot_11_29_2015_0_0.json	1448773200.0	151.86	269.21	73
snapshot_11_29_2015_0_0.json	1448773200.0	151.86	269.21	73
snapshot_11_29_2015_12_0.json	1448816400.0	151.86	269.21	72
snapshot_11_30_2015_0_0.json	1448859600.0	148.75	269.21	74
snapshot_11_30_2015_18_0.json	1448924400.0	148.75	269.21	68
snapshot_11_30_2015_6_0.json	1448881200.0	148.75	269.21	74
snapshot_12_1_2015_0_0.json	1448946000.0	151.86	269.21	60
snapshot_12_1_2015_0_0.json	1448946000.0	151.86	269.21	60
snapshot_12_1_2015_12_0.json	1448989200.0	159.88	269.21	58
snapshot_12_1_2015_18_0.json	1449010800.0	159.88	269.21	56
snapshot_12_1_2015_6_0.json	1448967600.0	159.88	269.21	58
snapshot_12_1_2015_6_0.json	1448967600.0	159.88	269.21	58
snapshot_12_2_2015_0_0.json	1449032400.0	159.88	269.21	52
snapshot_12_2_2015_12_0.json	1449075600.0	159.88	269.21	50
snapshot_12_2_2015_18_0.json	1449097200.0	159.88	272.07	52
snapshot_12_2_2015_6_0.json	1449054000.0	159.88	269.21	50
snapshot_12_3_2015_0_0.json	1449118800.0	136.97	220.26	47
snapshot_12_3_2015_12_0.json	1449162000.0	136.97	220.26	51
snapshot_12_3_2015_18_0.json	1449183600.0	136.97	220.26	47
snapshot_12_3_2015_6_0.json	1449140400.0	136.97	220.26	47
snapshot_12_4_2015_0_0.json	1449205200.0	136.97	222.61	48
snapshot_12_4_2015_12_0.json	1449248400.0	136.97	222.61	45
snapshot_12_4_2015_18_0.json	1449270000.0	136.97	222.61	41
snapshot_12_5_2015_0_0.json	1449291600.0	136.97	212.71	50
snapshot_12_5_2015_12_0.json	1449334800.0	136.97	212.71	48
snapshot_12_5_2015_12_0.json	1449334800.0	136.97	212.71	48
snapshot_12_5_2015_18_0.json	1449356400.0	136.97	212.71	48
snapshot_12_5_2015_6_0.json	1449313200.0	136.97	212.71	48
snapshot_12_5_2015_6_0.json	1449313200.0	136.97	212.71	48
9291497	2015-12-11T01:30:00Z	The Lion King	Cadillac Palace Theatre	Illinois Chicago|666	60602
snapshot_11_16_2015_0_0.json	1447650000.0	136.97	308.37	91
snapshot_11_17_2015_0_0.json	1447736400.0	136.97	308.37	81
snapshot_11_17_2015_12_0.json	1447779600.0	136.97	308.37	81
snapshot_11_17_2015_18_0.json	1447801200.0	136.97	308.37	91
snapshot_11_17_2015_18_0.json	1447801200.0	136.97	308.37	91
snapshot_11_17_2015_6_0.json	1447758000.0	136.97	308.37	81
snapshot_11_18_2015_0_0.json	1447822800.0	136.97	308.37	91
snapshot_11_18_2015_12_0.json	1447866000.0	147.58	308.37	87
snapshot_11_18_2015_12_0.json	1447866000.0	147.58	308.37	87
snapshot_11_18_2015_18_0.json	1447887600.0	147.58	308.37	87
snapshot_11_18_2015_6_0.json	1447844400.0	147.58	308.37	87
snapshot_11_18_2015_6_0.json	1447844400.0	147.58	308.37	87
snapshot_11_19_2015_0_0.json	1447909200.0	147.58	308.37	87
snapshot_11_19_2015_0_0.json	1447909200.0	147.58	308.37	87
snapshot_11_19_2015_12_0.json	1447952400.0	151.86	308.37	83
snapshot_11_19_2015_12_0.json	1447952400.0	151.86	308.37	83
snapshot_11_19_2015_6_0.json	1447930800.0	151.86	308.37	83
snapshot_11_19_2015_6_0.json	1447930800.0	151.86	308.37	83
snapshot_11_20_2015_12_0.json	1448038800.0	151.86	308.37	77
snapshot_11_20_2015_12_0.json	1448038800.0	151.86	308.37	77
snapshot_11_21_2015_12_0.json	1448125200.0	151.86	308.37	73
snapshot_11_22_2015_0_0.json	1448168400.0	151.86	308.37	71
snapshot_11_22_2015_12_0.json	1448211600.0	151.86	308.37	69
snapshot_11_22_2015_18_0.json	1448233200.0	151.86	308.37	69
snapshot_11_22_2015_18_0.json	1448233200.0	151.86	308.37	69
snapshot_11_23_2015_12_0.json	1448298000.0	151.86	308.37	72
snapshot_11_23_2015_12_0.json	1448298000.0	151.86	308.37	72
snapshot_11_23_2015_18_0.json	1448319600.0	151.86	308.37	72
snapshot_11_24_2015_0_0.json	1448341200.0	151.86	308.37	70
snapshot_11_24_2015_12_0.json	1448384400.0	151.86	308.37	70
snapshot_11_24_2015_18_0.json	1448406000.0	151.86	308.37	70
snapshot_11_24_2015_6_0.json	1448362800.0	151.86	308.37	70
snapshot_11_25_2015_0_0.json	1448427600.0	151.86	308.37	80
snapshot_11_25_2015_0_0.json	1448427600.0	151.86	308.37	80
snapshot_11_25_2015_12_0.json	1448470800.0	151.86	308.37	80
snapshot_11_25_2015_18_0.json	1448492400.0	151.86	308.37	80
snapshot_11_25_2015_6_0.json	1448449200.0	151.86	308.37	80
snapshot_11_26_2015_0_0.json	1448514000.0	151.86	308.37	90
snapshot_11_27_2015_18_0.json	1448665200.0	151.86	269.21	82
snapshot_11_28_2015_0_0.json	1448686800.0	151.86	269.21	82
snapshot_11_28_2015_12_0.json	1448730000.0	151.86	269.21	80
snapshot_11_28_2015_18_0.json	1448751600.0	151.86	269.21	78
snapshot_11_28_2015_6_0.json	1448708400.0	151.86	269.21	80
snapshot_11_29_2015_0_0.json	1448773200.0	151.86	269.21	73
snapshot_11_29_2015_0_0.json	1448773200.0	151.86	269.21	73
snapshot_11_29_2015_12_0.json	1448816400.0	151.86	269.21	72
snapshot_11_30_2015_0_0.json	1448859600.0	148.75	269.21	74
snapshot_11_30_2015_18_0.json	1448924400.0	148.75	269.21	68
snapshot_11_30_2015_6_0.json	1448881200.0	148.75	269.21	74
snapshot_12_1_2015_0_0.json	1448946000.0	151.86	269.21	60
snapshot_12_1_2015_0_0.json	1448946000.0	151.86	269.21	60
snapshot_12_1_2015_12_0.json	1448989200.0	159.88	269.21	58
snapshot_12_1_2015_18_0.json	1449010800.0	159.88	269.21	56
snapshot_12_1_2015_6_0.json	1448967600.0	159.88	269.21	58
snapshot_12_1_2015_6_0.json	1448967600.0	159.88	269.21	58
snapshot_12_2_2015_0_0.json	1449032400.0	159.88	269.21	52
snapshot_12_2_2015_12_0.json	1449075600.0	159.88	269.21	50
snapshot_12_2_2015_18_0.json	1449097200.0	159.88	272.07	52
snapshot_12_2_2015_6_0.json	1449054000.0	159.88	269.21	50
snapshot_12_3_2015_0_0.json	1449118800.0	136.97	220.26	47
snapshot_12_3_2015_12_0.json	1449162000.0	136.97	220.26	51
snapshot_12_3_2015_18_0.json	1449183600.0	136.97	220.26	47
snapshot_12_3_2015_6_0.json	1449140400.0	136.97	220.26	47
snapshot_12_4_2015_0_0.json	1449205200.0	136.97	222.61	48
snapshot_12_4_2015_12_0.json	1449248400.0	136.97	222.61	45
snapshot_12_4_2015_18_0.json	1449270000.0	136.97	222.61	41
snapshot_12_5_2015_0_0.json	1449291600.0	136.97	212.71	50
snapshot_12_5_2015_12_0.json	1449334800.0	136.97	212.71	48
snapshot_12_5_2015_12_0.json	1449334800.0	136.97	212.71	48
snapshot_12_5_2015_18_0.json	1449356400.0	136.97	212.71	48
snapshot_12_5_2015_6_0.json	1449313200.0	136.97	212.71	48
snapshot_12_5_2015_6_0.json	1449313200.0	136.97	212.71	48
