9291524	2015-12-06T01:30:00Z	The Lion King	Cadillac Palace Theatre	Illinois Chicago|666	60602
snapshot_11_16_2015_0_0.json	1447650000.0	233.4	405.64	90
snapshot_11_17_2015_0_0.json	1447736400.0	233.4	417	82
snapshot_11_17_2015_12_0.json	1447779600.0	233.4	417	75
snapshot_11_17_2015_18_0.json	1447801200.0	233.4	417	93
snapshot_11_18_2015_0_0.json	1447822800.0	230.98	422.51	108
snapshot_11_18_2015_12_0.json	1447866000.0	230.98	422.51	104
snapshot_11_18_2015_18_0.json	1447887600.0	188.53	422.51	112
snapshot_11_18_2015_6_0.json	1447844400.0	230.98	422.51	104
snapshot_11_19_2015_0_0.json	1447909200.0	188.53	422.51	106
snapshot_11_19_2015_12_0.json	1447952400.0	188.53	422.51	106
snapshot_11_19_2015_6_0.json	1447930800.0	188.53	422.51	106
snapshot_11_20_2015_0_0.json	1447995600.0	188.53	422.51	103
snapshot_11_21_2015_18_0.json	1448146800.0	188.53	422.51	99
snapshot_11_22_2015_0_0.json	1448168400.0	188.53	422.51	96
snapshot_11_22_2015_12_0.json	1448211600.0	188.53	422.51	96
snapshot_11_22_2015_18_0.json	1448233200.0	188.53	422.51	96
snapshot_11_22_2015_6_0.json	1448190000.0	188.53	422.51	96
snapshot_11_23_2015_0_0.json	1448254800.0	188.53	422.51	91
snapshot_11_23_2015_12_0.json	1448298000.0	188.53	422.51	87
snapshot_11_23_2015_18_0.json	1448319600.0	188.53	422.51	85
snapshot_11_24_2015_12_0.json	1448384400.0	188.53	422.51	92
snapshot_11_24_2015_18_0.json	1448406000.0	188.53	422.51	100
snapshot_11_24_2015_6_0.json	1448362800.0	188.53	422.51	92
snapshot_11_25_2015_0_0.json	1448427600.0	181.92	422.51	91
snapshot_11_25_2015_12_0.json	1448470800.0	181.92	422.51	91
snapshot_11_25_2015_18_0.json	1448492400.0	188.53	426.46	81
snapshot_11_25_2015_18_0.json	1448492400.0	188.53	426.46	81
snapshot_11_25_2015_6_0.json	1448449200.0	181.92	422.51	91
snapshot_11_26_2015_0_0.json	1448514000.0	188.53	426.46	79
snapshot_11_27_2015_18_0.json	1448665200.0	188.53	370.06	70
snapshot_11_27_2015_18_0.json	1448665200.0	188.53	370.06	70
snapshot_11_28_2015_0_0.json	1448686800.0	188.53	370.06	71
snapshot_11_28_2015_12_0.json	1448730000.0	188.53	370.06	69
snapshot_11_28_2015_18_0.json	1448751600.0	188.53	370.06	72
snapshot_11_29_2015_0_0.json	1448773200.0	188.53	370.06	72
snapshot_11_29_2015_12_0.json	1448816400.0	188.53	370.06	72
snapshot_11_29_2015_18_0.json	1448838000.0	188.53	370.06	72
snapshot_11_29_2015_18_0.json	1448838000.0	188.53	370.06	72
snapshot_11_29_2015_6_0.json	1448794800.0	188.53	370.06	72
snapshot_11_29_2015_6_0.json	1448794800.0	188.53	370.06	72
snapshot_11_30_2015_0_0.json	1448859600.0	226.38	370.06	70
snapshot_11_30_2015_0_0.json	1448859600.0	226.38	370.06	70
snapshot_11_30_2015_0_0.json	1448859600.0	226.38	370.06	70
snapshot_11_30_2015_12_0.json	1448902800.0	226.38	343.9	66
snapshot_11_30_2015_18_0.json	1448924400.0	137.05	343.9	64
snapshot_12_1_2015_12_0.json	1448989200.0	226.38	346.28	46
snapshot_12_1_2015_18_0.json	1449010800.0	226.38	346.28	41
snapshot_12_1_2015_6_0.json	1448967600.0	226.38	346.28	46
snapshot_12_2_2015_0_0.json	1449032400.0	226.38	334	37
snapshot_12_2_2015_12_0.json	1449075600.0	226.38	334	35
snapshot_12_2_2015_18_0.json	1449097200.0	226.38	334	35
snapshot_12_2_2015_18_0.json	1449097200.0	226.38	334	35
snapshot_12_3_2015_0_0.json	1449118800.0	223.63	306	21
snapshot_12_3_2015_0_0.json	1449118800.0	223.63	306	21
snapshot_12_3_2015_12_0.json	1449162000.0	217.78	306	27
snapshot_12_3_2015_18_0.json	1449183600.0	217.78	321.54	28
snapshot_12_3_2015_18_0.json	1449183600.0	217.78	321.54	28
snapshot_12_4_2015_0_0.json	1449205200.0	200.23	306	23
snapshot_12_4_2015_12_0.json	1449248400.0	256.39	277.5	12
snapshot_12_4_2015_18_0.json	1449270000.0	211.93	291.86	22
snapshot_12_4_2015_6_0.json	1449226800.0	256.39	277.5	12
snapshot_12_5_2015_0_0.json	1449291600.0	148.75	273	22
snapshot_12_5_2015_12_0.json	1449334800.0	148.75	273	15
snapshot_12_5_2015_18_0.json	1449356400.0	113.65	273	6
snapshot_12_5_2015_6_0.json	1449313200.0	148.75	273	18
snapshot_12_5_2015_6_0.json	1449313200.0	148.75	273	18
9291524	2015-12-06T01:30:00Z	The Lion King	Cadillac Palace Theatre	Illinois Chicago|666	60602
snapshot_11_16_2015_0_0.json	1447650000.0	233.4	405.64	90
snapshot_11_17_2015_0_0.json	1447736400.0	233.4	417	82
snapshot_11_17_2015_12_0.json	1447779600.0	233.4	417	75
snapshot_11_17_2015_18_0.json	1447801200.0	233.4	417	93
snapshot_11_18_2015_0_0.json	1447822800.0	230.98	422.51	108
snapshot_11_18_2015_12_0.json	1447866000.0	230.98	422.51	104
snapshot_11_18_2015_18_0.json	1447887600.0	188.53	422.51	112
snapshot_11_18_2015_6_0.json	1447844400.0	230.98	422.51	104
snapshot_11_19_2015_0_0.json	1447909200.0	188.53	422.51	106
snapshot_11_19_2015_12_0.json	1447952400.0	188.53	422.51	106
snapshot_11_19_2015_6_0.json	1447930800.0	188.53	422.51	106
snapshot_11_20_2015_0_0.json	1447995600.0	188.53	422.51	103
snapshot_11_21_2015_18_0.json	1448146800.0	188.53	422.51	99
snapshot_11_22_2015_0_0.json	1448168400.0	188.53	422.51	96
snapshot_11_22_2015_12_0.json	1448211600.0	188.53	422.51	96
snapshot_11_22_2015_18_0.json	1448233200.0	188.53	422.51	96
snapshot_11_22_2015_6_0.json	1448190000.0	188.53	422.51	96
snapshot_11_23_2015_0_0.json	1448254800.0	188.53	422.51	91
snapshot_11_23_2015_12_0.json	1448298000.0	188.53	422.51	87
snapshot_11_23_2015_18_0.json	1448319600.0	188.53	422.51	85
snapshot_11_24_2015_12_0.json	1448384400.0	188.53	422.51	92
snapshot_11_24_2015_18_0.json	1448406000.0	188.53	422.51	100
snapshot_11_24_2015_6_0.json	1448362800.0	188.53	422.51	92
snapshot_11_25_2015_0_0.json	1448427600.0	181.92	422.51	91
snapshot_11_25_2015_12_0.json	1448470800.0	181.92	422.51	91
snapshot_11_25_2015_18_0.json	1448492400.0	188.53	426.46	81
snapshot_11_25_2015_18_0.json	1448492400.0	188.53	426.46	81
snapshot_11_25_2015_6_0.json	1448449200.0	181.92	422.51	91
snapshot_11_26_2015_0_0.json	1448514000.0	188.53	426.46	79
snapshot_11_27_2015_18_0.json	1448665200.0	188.53	370.06	70
snapshot_11_27_2015_18_0.json	1448665200.0	188.53	370.06	70
snapshot_11_28_2015_0_0.json	1448686800.0	188.53	370.06	71
snapshot_11_28_2015_12_0.json	1448730000.0	188.53	370.06	69
snapshot_11_28_2015_18_0.json	1448751600.0	188.53	370.06	72
snapshot_11_29_2015_0_0.json	1448773200.0	188.53	370.06	72
snapshot_11_29_2015_12_0.json	1448816400.0	188.53	370.06	72
snapshot_11_29_2015_18_0.json	1448838000.0	188.53	370.06	72
snapshot_11_29_2015_18_0.json	1448838000.0	188.53	370.06	72
snapshot_11_29_2015_6_0.json	1448794800.0	188.53	370.06	72
snapshot_11_29_2015_6_0.json	1448794800.0	188.53	370.06	72
snapshot_11_30_2015_0_0.json	1448859600.0	226.38	370.06	70
snapshot_11_30_2015_0_0.json	1448859600.0	226.38	370.06	70
snapshot_11_30_2015_0_0.json	1448859600.0	226.38	370.06	70
snapshot_11_30_2015_12_0.json	1448902800.0	226.38	343.9	66
snapshot_11_30_2015_18_0.json	1448924400.0	137.05	343.9	64
snapshot_12_1_2015_12_0.json	1448989200.0	226.38	346.28	46
snapshot_12_1_2015_18_0.json	1449010800.0	226.38	346.28	41
snapshot_12_1_2015_6_0.json	1448967600.0	226.38	346.28	46
snapshot_12_2_2015_0_0.json	1449032400.0	226.38	334	37
snapshot_12_2_2015_12_0.json	1449075600.0	226.38	334	35
snapshot_12_2_2015_18_0.json	1449097200.0	226.38	334	35
snapshot_12_2_2015_18_0.json	1449097200.0	226.38	334	35
snapshot_12_3_2015_0_0.json	1449118800.0	223.63	306	21
snapshot_12_3_2015_0_0.json	1449118800.0	223.63	306	21
snapshot_12_3_2015_12_0.json	1449162000.0	217.78	306	27
snapshot_12_3_2015_18_0.json	1449183600.0	217.78	321.54	28
snapshot_12_3_2015_18_0.json	1449183600.0	217.78	321.54	28
snapshot_12_4_2015_0_0.json	1449205200.0	200.23	306	23
snapshot_12_4_2015_12_0.json	1449248400.0	256.39	277.5	12
snapshot_12_4_2015_18_0.json	1449270000.0	211.93	291.86	22
snapshot_12_4_2015_6_0.json	1449226800.0	256.39	277.5	12
snapshot_12_5_2015_0_0.json	1449291600.0	148.75	273	22
snapshot_12_5_2015_12_0.json	1449334800.0	148.75	273	15
snapshot_12_5_2015_18_0.json	1449356400.0	113.65	273	6
snapshot_12_5_2015_6_0.json	1449313200.0	148.75	273	18
snapshot_12_5_2015_6_0.json	1449313200.0	148.75	273	18
