9291536	2016-01-09T01:30:00Z	The Lion King	Cadillac Palace Theatre	Illinois Chicago|666	60602
snapshot_11_16_2015_0_0.json	1447650000.0	128.63	350	222
snapshot_11_17_2015_0_0.json	1447736400.0	128.63	350	222
snapshot_11_17_2015_12_0.json	1447779600.0	128.63	350	222
snapshot_11_17_2015_18_0.json	1447801200.0	128.63	350	222
snapshot_11_17_2015_18_0.json	1447801200.0	128.63	350	222
snapshot_11_17_2015_6_0.json	1447758000.0	128.63	350	222
snapshot_11_18_2015_12_0.json	1447866000.0	128.63	350	213
snapshot_11_18_2015_12_0.json	1447866000.0	128.63	350	213
snapshot_11_18_2015_18_0.json	1447887600.0	128.63	425	211
snapshot_11_18_2015_6_0.json	1447844400.0	128.63	350	213
snapshot_11_19_2015_0_0.json	1447909200.0	128.63	425	211
snapshot_11_19_2015_12_0.json	1447952400.0	128.63	425	208
snapshot_11_19_2015_6_0.json	1447930800.0	128.63	425	208
snapshot_11_19_2015_6_0.json	1447930800.0	128.63	425	208
snapshot_11_20_2015_0_0.json	1447995600.0	128.63	425	202
snapshot_11_20_2015_12_0.json	1448038800.0	128.63	425	196
snapshot_11_20_2015_12_0.json	1448038800.0	128.63	425	196
snapshot_11_21_2015_12_0.json	1448125200.0	149.51	425	257
snapshot_11_21_2015_18_0.json	1448146800.0	149.51	425	255
snapshot_11_22_2015_12_0.json	1448211600.0	149.51	425	255
snapshot_11_22_2015_18_0.json	1448233200.0	149.51	425	255
snapshot_11_22_2015_18_0.json	1448233200.0	149.51	425	255
snapshot_11_23_2015_0_0.json	1448254800.0	149.51	425	255
snapshot_11_23_2015_12_0.json	1448298000.0	149.51	425	249
snapshot_11_23_2015_18_0.json	1448319600.0	149.51	425	249
snapshot_11_23_2015_6_0.json	1448276400.0	149.51	425	249
snapshot_11_24_2015_12_0.json	1448384400.0	149.51	425	249
snapshot_11_24_2015_18_0.json	1448406000.0	149.51	425	249
snapshot_11_24_2015_6_0.json	1448362800.0	149.51	425	249
snapshot_11_25_2015_0_0.json	1448427600.0	149.51	425	249
snapshot_11_25_2015_12_0.json	1448470800.0	149.51	425	258
snapshot_11_25_2015_18_0.json	1448492400.0	149.51	425	258
snapshot_11_25_2015_6_0.json	1448449200.0	149.51	425	258
snapshot_11_26_2015_0_0.json	1448514000.0	149.51	425	258
snapshot_11_28_2015_12_0.json	1448730000.0	149.51	425	258
snapshot_11_29_2015_0_0.json	1448773200.0	149.51	425	254
snapshot_11_29_2015_12_0.json	1448816400.0	149.51	425	254
snapshot_11_29_2015_18_0.json	1448838000.0	149.51	425	254
snapshot_11_29_2015_6_0.json	1448794800.0	149.51	425	254
snapshot_11_30_2015_0_0.json	1448859600.0	149.51	425	246
snapshot_11_30_2015_0_0.json	1448859600.0	149.51	425	246
snapshot_11_30_2015_12_0.json	1448902800.0	149.51	425	242
snapshot_11_30_2015_18_0.json	1448924400.0	149.51	425	242
snapshot_11_30_2015_6_0.json	1448881200.0	149.51	425	242
snapshot_12_1_2015_0_0.json	1448946000.0	149.51	425	240
snapshot_12_1_2015_12_0.json	1448989200.0	149.51	425	236
snapshot_12_1_2015_18_0.json	1449010800.0	149.51	425	234
snapshot_12_1_2015_6_0.json	1448967600.0	149.51	425	236
snapshot_12_2_2015_0_0.json	1449032400.0	149.51	425	238
snapshot_12_2_2015_12_0.json	1449075600.0	149.51	425	238
snapshot_12_2_2015_18_0.json	1449097200.0	149.51	425	236
snapshot_12_2_2015_6_0.json	1449054000.0	149.51	425	238
snapshot_12_3_2015_0_0.json	1449118800.0	167.59	425	230
snapshot_12_3_2015_12_0.json	1449162000.0	167.59	425	231
snapshot_12_3_2015_18_0.json	1449183600.0	167.59	425	236
snapshot_12_3_2015_18_0.json	1449183600.0	167.59	425	236
snapshot_12_4_2015_12_0.json	1449248400.0	167.59	425	228
snapshot_12_4_2015_18_0.json	1449270000.0	167.59	425	228
snapshot_12_4_2015_6_0.json	1449226800.0	167.59	425	228
snapshot_12_5_2015_0_0.json	1449291600.0	167.59	335	222
snapshot_12_5_2015_12_0.json	1449334800.0	167.59	335	210
snapshot_12_5_2015_18_0.json	1449356400.0	167.59	335	210
snapshot_12_5_2015_6_0.json	1449313200.0	167.59	335	210
9291536	2016-01-09T01:30:00Z	The Lion King	Cadillac Palace Theatre	Illinois Chicago|666	60602
snapshot_11_16_2015_0_0.json	1447650000.0	128.63	350	222
snapshot_11_17_2015_0_0.json	1447736400.0	128.63	350	222
snapshot_11_17_2015_12_0.json	1447779600.0	128.63	350	222
snapshot_11_17_2015_18_0.json	1447801200.0	128.63	350	222
snapshot_11_17_2015_18_0.json	1447801200.0	128.63	350	222
snapshot_11_17_2015_6_0.json	1447758000.0	128.63	350	222
snapshot_11_18_2015_12_0.json	1447866000.0	128.63	350	213
snapshot_11_18_2015_12_0.json	1447866000.0	128.63	350	213
snapshot_11_18_2015_18_0.json	1447887600.0	128.63	425	211
snapshot_11_18_2015_6_0.json	1447844400.0	128.63	350	213
snapshot_11_19_2015_0_0.json	1447909200.0	128.63	425	211
snapshot_11_19_2015_12_0.json	1447952400.0	128.63	425	208
snapshot_11_19_2015_6_0.json	1447930800.0	128.63	425	208
snapshot_11_19_2015_6_0.json	1447930800.0	128.63	425	208
snapshot_11_20_2015_0_0.json	1447995600.0	128.63	425	202
snapshot_11_20_2015_12_0.json	1448038800.0	128.63	425	196
snapshot_11_20_2015_12_0.json	1448038800.0	128.63	425	196
snapshot_11_21_2015_12_0.json	1448125200.0	149.51	425	257
snapshot_11_21_2015_18_0.json	1448146800.0	149.51	425	255
snapshot_11_22_2015_12_0.json	1448211600.0	149.51	425	255
snapshot_11_22_2015_18_0.json	1448233200.0	149.51	425	255
snapshot_11_22_2015_18_0.json	1448233200.0	149.51	425	255
snapshot_11_23_2015_0_0.json	1448254800.0	149.51	425	255
snapshot_11_23_2015_12_0.json	1448298000.0	149.51	425	249
snapshot_11_23_2015_18_0.json	1448319600.0	149.51	425	249
snapshot_11_23_2015_6_0.json	1448276400.0	149.51	425	249
snapshot_11_24_2015_12_0.json	1448384400.0	149.51	425	249
snapshot_11_24_2015_18_0.json	1448406000.0	149.51	425	249
snapshot_11_24_2015_6_0.json	1448362800.0	149.51	425	249
snapshot_11_25_2015_0_0.json	1448427600.0	149.51	425	249
snapshot_11_25_2015_12_0.json	1448470800.0	149.51	425	258
snapshot_11_25_2015_18_0.json	1448492400.0	149.51	425	258
snapshot_11_25_2015_6_0.json	1448449200.0	149.51	425	258
snapshot_11_26_2015_0_0.json	1448514000.0	149.51	425	258
snapshot_11_28_2015_12_0.json	1448730000.0	149.51	425	258
snapshot_11_29_2015_0_0.json	1448773200.0	149.51	425	254
snapshot_11_29_2015_12_0.json	1448816400.0	149.51	425	254
snapshot_11_29_2015_18_0.json	1448838000.0	149.51	425	254
snapshot_11_29_2015_6_0.json	1448794800.0	149.51	425	254
snapshot_11_30_2015_0_0.json	1448859600.0	149.51	425	246
snapshot_11_30_2015_0_0.json	1448859600.0	149.51	425	246
snapshot_11_30_2015_12_0.json	1448902800.0	149.51	425	242
snapshot_11_30_2015_18_0.json	1448924400.0	149.51	425	242
snapshot_11_30_2015_6_0.json	1448881200.0	149.51	425	242
snapshot_12_1_2015_0_0.json	1448946000.0	149.51	425	240
snapshot_12_1_2015_12_0.json	1448989200.0	149.51	425	236
snapshot_12_1_2015_18_0.json	1449010800.0	149.51	425	234
snapshot_12_1_2015_6_0.json	1448967600.0	149.51	425	236
snapshot_12_2_2015_0_0.json	1449032400.0	149.51	425	238
snapshot_12_2_2015_12_0.json	1449075600.0	149.51	425	238
snapshot_12_2_2015_18_0.json	1449097200.0	149.51	425	236
snapshot_12_2_2015_6_0.json	1449054000.0	149.51	425	238
snapshot_12_3_2015_0_0.json	1449118800.0	167.59	425	230
snapshot_12_3_2015_12_0.json	1449162000.0	167.59	425	231
snapshot_12_3_2015_18_0.json	1449183600.0	167.59	425	236
snapshot_12_3_2015_18_0.json	1449183600.0	167.59	425	236
snapshot_12_4_2015_12_0.json	1449248400.0	167.59	425	228
snapshot_12_4_2015_18_0.json	1449270000.0	167.59	425	228
snapshot_12_4_2015_6_0.json	1449226800.0	167.59	425	228
snapshot_12_5_2015_0_0.json	1449291600.0	167.59	335	222
snapshot_12_5_2015_12_0.json	1449334800.0	167.59	335	210
snapshot_12_5_2015_18_0.json	1449356400.0	167.59	335	210
snapshot_12_5_2015_6_0.json	1449313200.0	167.59	335	210
