9291512	2015-12-21T00:30:00Z	The Lion King	Cadillac Palace Theatre	Illinois Chicago|666	60602
snapshot_11_16_2015_0_0.json	1447650000.0	141.61	334	220
snapshot_11_17_2015_0_0.json	1447736400.0	141.61	334	224
snapshot_11_17_2015_0_0.json	1447736400.0	141.61	334	224
snapshot_11_17_2015_12_0.json	1447779600.0	141.61	334	218
snapshot_11_17_2015_18_0.json	1447801200.0	159.88	334	230
snapshot_11_17_2015_6_0.json	1447758000.0	141.61	334	218
snapshot_11_18_2015_0_0.json	1447822800.0	141.73	334	228
snapshot_11_18_2015_12_0.json	1447866000.0	141.73	334	221
snapshot_11_18_2015_12_0.json	1447866000.0	141.73	334	221
snapshot_11_18_2015_6_0.json	1447844400.0	141.73	334	221
snapshot_11_19_2015_0_0.json	1447909200.0	141.73	334	214
snapshot_11_19_2015_12_0.json	1447952400.0	148.75	334	212
snapshot_11_19_2015_6_0.json	1447930800.0	148.75	334	212
snapshot_11_20_2015_12_0.json	1448038800.0	148.75	334	208
snapshot_11_21_2015_12_0.json	1448125200.0	135.88	334	202
snapshot_11_21_2015_18_0.json	1448146800.0	135.88	334	202
snapshot_11_22_2015_12_0.json	1448211600.0	135.88	334	183
snapshot_11_22_2015_18_0.json	1448233200.0	135.88	334	183
snapshot_11_22_2015_18_0.json	1448233200.0	135.88	334	183
snapshot_11_23_2015_0_0.json	1448254800.0	135.88	334	183
snapshot_11_23_2015_12_0.json	1448298000.0	135.88	334	183
snapshot_11_23_2015_12_0.json	1448298000.0	135.88	334	183
snapshot_11_23_2015_6_0.json	1448276400.0	135.88	334	183
snapshot_11_23_2015_6_0.json	1448276400.0	135.88	334	183
snapshot_11_24_2015_12_0.json	1448384400.0	135.88	334	176
snapshot_11_24_2015_18_0.json	1448406000.0	135.88	334	171
snapshot_11_24_2015_6_0.json	1448362800.0	135.88	334	176
snapshot_11_25_2015_0_0.json	1448427600.0	135.88	334	171
snapshot_11_25_2015_0_0.json	1448427600.0	135.88	334	171
snapshot_11_25_2015_12_0.json	1448470800.0	135.88	334	171
snapshot_11_25_2015_18_0.json	1448492400.0	135.88	334	169
snapshot_11_25_2015_6_0.json	1448449200.0	135.88	334	171
snapshot_11_26_2015_0_0.json	1448514000.0	135.88	334	175
snapshot_11_26_2015_0_0.json	1448514000.0	135.88	334	175
snapshot_11_27_2015_18_0.json	1448665200.0	135.88	334	190
snapshot_11_28_2015_0_0.json	1448686800.0	135.88	334	186
snapshot_11_28_2015_0_0.json	1448686800.0	135.88	334	186
snapshot_11_28_2015_12_0.json	1448730000.0	135.88	334	186
snapshot_11_29_2015_12_0.json	1448816400.0	135.88	334	186
snapshot_11_29_2015_18_0.json	1448838000.0	135.88	334	184
snapshot_11_29_2015_6_0.json	1448794800.0	135.88	334	186
snapshot_11_30_2015_12_0.json	1448902800.0	135.88	334	184
snapshot_11_30_2015_18_0.json	1448924400.0	135.88	334	184
snapshot_11_30_2015_6_0.json	1448881200.0	135.88	334	184
snapshot_12_1_2015_12_0.json	1448989200.0	135.88	334	174
snapshot_12_1_2015_18_0.json	1449010800.0	135.88	334	174
snapshot_12_1_2015_6_0.json	1448967600.0	135.88	334	174
snapshot_12_2_2015_12_0.json	1449075600.0	135.88	334	170
snapshot_12_2_2015_18_0.json	1449097200.0	170.98	334	166
snapshot_12_2_2015_6_0.json	1449054000.0	135.88	334	170
snapshot_12_2_2015_6_0.json	1449054000.0	135.88	334	170
snapshot_12_3_2015_0_0.json	1449118800.0	170.98	334	164
snapshot_12_3_2015_12_0.json	1449162000.0	170.98	334	169
snapshot_12_3_2015_18_0.json	1449183600.0	170.98	334	158
snapshot_12_3_2015_6_0.json	1449140400.0	170.98	334	169
snapshot_12_4_2015_18_0.json	1449270000.0	170.98	334	154
snapshot_12_4_2015_6_0.json	1449226800.0	170.98	334	152
snapshot_12_5_2015_0_0.json	1449291600.0	170.98	334	166
snapshot_12_5_2015_12_0.json	1449334800.0	170.98	334	166
snapshot_12_5_2015_18_0.json	1449356400.0	170.98	334	160
snapshot_12_5_2015_6_0.json	1449313200.0	170.98	334	166
9291512	2015-12-21T00:30:00Z	The Lion King	Cadillac Palace Theatre	Illinois Chicago|666	60602
snapshot_11_16_2015_0_0.json	1447650000.0	141.61	334	220
snapshot_11_17_2015_0_0.json	1447736400.0	141.61	334	224
snapshot_11_17_2015_0_0.json	1447736400.0	141.61	334	224
snapshot_11_17_2015_12_0.json	1447779600.0	141.61	334	218
snapshot_11_17_2015_18_0.json	1447801200.0	159.88	334	230
snapshot_11_17_2015_6_0.json	1447758000.0	141.61	334	218
snapshot_11_18_2015_0_0.json	1447822800.0	141.73	334	228
snapshot_11_18_2015_12_0.json	1447866000.0	141.73	334	221
snapshot_11_18_2015_12_0.json	1447866000.0	141.73	334	221
snapshot_11_18_2015_6_0.json	1447844400.0	141.73	334	221
snapshot_11_19_2015_0_0.json	1447909200.0	141.73	334	214
snapshot_11_19_2015_12_0.json	1447952400.0	148.75	334	212
snapshot_11_19_2015_6_0.json	1447930800.0	148.75	334	212
snapshot_11_20_2015_12_0.json	1448038800.0	148.75	334	208
snapshot_11_21_2015_12_0.json	1448125200.0	135.88	334	202
snapshot_11_21_2015_18_0.json	1448146800.0	135.88	334	202
snapshot_11_22_2015_12_0.json	1448211600.0	135.88	334	183
snapshot_11_22_2015_18_0.json	1448233200.0	135.88	334	183
snapshot_11_22_2015_18_0.json	1448233200.0	135.88	334	183
snapshot_11_23_2015_0_0.json	1448254800.0	135.88	334	183
snapshot_11_23_2015_12_0.json	1448298000.0	135.88	334	183
snapshot_11_23_2015_12_0.json	1448298000.0	135.88	334	183
snapshot_11_23_2015_6_0.json	1448276400.0	135.88	334	183
snapshot_11_23_2015_6_0.json	1448276400.0	135.88	334	183
snapshot_11_24_2015_12_0.json	1448384400.0	135.88	334	176
snapshot_11_24_2015_18_0.json	1448406000.0	135.88	334	171
snapshot_11_24_2015_6_0.json	1448362800.0	135.88	334	176
snapshot_11_25_2015_0_0.json	1448427600.0	135.88	334	171
snapshot_11_25_2015_0_0.json	1448427600.0	135.88	334	171
snapshot_11_25_2015_12_0.json	1448470800.0	135.88	334	171
snapshot_11_25_2015_18_0.json	1448492400.0	135.88	334	169
snapshot_11_25_2015_6_0.json	1448449200.0	135.88	334	171
snapshot_11_26_2015_0_0.json	1448514000.0	135.88	334	175
snapshot_11_26_2015_0_0.json	1448514000.0	135.88	334	175
snapshot_11_27_2015_18_0.json	1448665200.0	135.88	334	190
snapshot_11_28_2015_0_0.json	1448686800.0	135.88	334	186
snapshot_11_28_2015_0_0.json	1448686800.0	135.88	334	186
snapshot_11_28_2015_12_0.json	1448730000.0	135.88	334	186
snapshot_11_29_2015_12_0.json	1448816400.0	135.88	334	186
snapshot_11_29_2015_18_0.json	1448838000.0	135.88	334	184
snapshot_11_29_2015_6_0.json	1448794800.0	135.88	334	186
snapshot_11_30_2015_12_0.json	1448902800.0	135.88	334	184
snapshot_11_30_2015_18_0.json	1448924400.0	135.88	334	184
snapshot_11_30_2015_6_0.json	1448881200.0	135.88	334	184
snapshot_12_1_2015_12_0.json	1448989200.0	135.88	334	174
snapshot_12_1_2015_18_0.json	1449010800.0	135.88	334	174
snapshot_12_1_2015_6_0.json	1448967600.0	135.88	334	174
snapshot_12_2_2015_12_0.json	1449075600.0	135.88	334	170
snapshot_12_2_2015_18_0.json	1449097200.0	170.98	334	166
snapshot_12_2_2015_6_0.json	1449054000.0	135.88	334	170
snapshot_12_2_2015_6_0.json	1449054000.0	135.88	334	170
snapshot_12_3_2015_0_0.json	1449118800.0	170.98	334	164
snapshot_12_3_2015_12_0.json	1449162000.0	170.98	334	169
snapshot_12_3_2015_18_0.json	1449183600.0	170.98	334	158
snapshot_12_3_2015_6_0.json	1449140400.0	170.98	334	169
snapshot_12_4_2015_18_0.json	1449270000.0	170.98	334	154
snapshot_12_4_2015_6_0.json	1449226800.0	170.98	334	152
snapshot_12_5_2015_0_0.json	1449291600.0	170.98	334	166
snapshot_12_5_2015_12_0.json	1449334800.0	170.98	334	166
snapshot_12_5_2015_18_0.json	1449356400.0	170.98	334	160
snapshot_12_5_2015_6_0.json	1449313200.0	170.98	334	166
