9291531	2015-12-05T01:30:00Z	The Lion King	Cadillac Palace Theatre	Illinois Chicago|666	60602
snapshot_11_16_2015_0_0.json	1447650000.0	167.59	346.28	67
snapshot_11_17_2015_0_0.json	1447736400.0	206.55	346.28	67
snapshot_11_17_2015_0_0.json	1447736400.0	206.55	346.28	67
snapshot_11_17_2015_12_0.json	1447779600.0	206.55	346.28	63
snapshot_11_17_2015_18_0.json	1447801200.0	206.55	346.28	55
snapshot_11_17_2015_18_0.json	1447801200.0	206.55	346.28	55
snapshot_11_18_2015_0_0.json	1447822800.0	206.55	346.28	55
snapshot_11_18_2015_0_0.json	1447822800.0	206.55	346.28	55
snapshot_11_18_2015_12_0.json	1447866000.0	206.55	346.28	53
snapshot_11_18_2015_6_0.json	1447844400.0	206.55	346.28	53
snapshot_11_18_2015_6_0.json	1447844400.0	206.55	346.28	53
snapshot_11_19_2015_0_0.json	1447909200.0	206.55	321.54	61
snapshot_11_19_2015_12_0.json	1447952400.0	206.55	321.54	61
snapshot_11_19_2015_6_0.json	1447930800.0	206.55	321.54	61
snapshot_11_20_2015_0_0.json	1447995600.0	206.55	321.54	58
snapshot_11_21_2015_18_0.json	1448146800.0	213.51	321.54	52
snapshot_11_22_2015_0_0.json	1448168400.0	213.51	321.54	44
snapshot_11_22_2015_12_0.json	1448211600.0	213.51	321.54	44
snapshot_11_22_2015_18_0.json	1448233200.0	213.51	321.54	44
snapshot_11_22_2015_18_0.json	1448233200.0	213.51	321.54	44
snapshot_11_22_2015_6_0.json	1448190000.0	213.51	321.54	44
snapshot_11_23_2015_0_0.json	1448254800.0	213.51	321.54	44
snapshot_11_23_2015_12_0.json	1448298000.0	213.51	321.54	44
snapshot_11_23_2015_18_0.json	1448319600.0	213.51	321.54	44
snapshot_11_24_2015_0_0.json	1448341200.0	213.51	321.54	42
snapshot_11_24_2015_12_0.json	1448384400.0	213.51	321.54	42
snapshot_11_24_2015_12_0.json	1448384400.0	213.51	321.54	42
snapshot_11_24_2015_18_0.json	1448406000.0	213.51	321.54	40
snapshot_11_24_2015_6_0.json	1448362800.0	213.51	321.54	42
snapshot_11_25_2015_0_0.json	1448427600.0	225.21	306.7	36
snapshot_11_25_2015_0_0.json	1448427600.0	225.21	306.7	36
snapshot_11_25_2015_12_0.json	1448470800.0	225.21	306.7	36
snapshot_11_25_2015_18_0.json	1448492400.0	225.21	306.7	36
snapshot_11_25_2015_6_0.json	1448449200.0	225.21	306.7	36
snapshot_11_26_2015_0_0.json	1448514000.0	225.21	393.75	33
snapshot_11_26_2015_0_0.json	1448514000.0	225.21	393.75	33
snapshot_11_27_2015_18_0.json	1448665200.0	225.21	393.75	27
snapshot_11_27_2015_18_0.json	1448665200.0	225.21	393.75	27
snapshot_11_28_2015_0_0.json	1448686800.0	225.21	393.75	19
snapshot_11_28_2015_12_0.json	1448730000.0	225.21	393.75	19
snapshot_11_28_2015_18_0.json	1448751600.0	225.21	393.75	19
snapshot_11_29_2015_0_0.json	1448773200.0	225.21	393.75	19
snapshot_11_29_2015_12_0.json	1448816400.0	225.21	393.75	19
snapshot_11_29_2015_18_0.json	1448838000.0	225.21	393.75	19
snapshot_11_29_2015_18_0.json	1448838000.0	225.21	393.75	19
snapshot_11_29_2015_6_0.json	1448794800.0	225.21	393.75	19
snapshot_11_29_2015_6_0.json	1448794800.0	225.21	393.75	19
snapshot_11_30_2015_0_0.json	1448859600.0	225.21	393.75	15
snapshot_11_30_2015_0_0.json	1448859600.0	225.21	393.75	15
snapshot_11_30_2015_12_0.json	1448902800.0	225.21	393.75	13
snapshot_11_30_2015_18_0.json	1448924400.0	225.21	393.75	11
snapshot_11_30_2015_6_0.json	1448881200.0	225.21	393.75	13
snapshot_11_30_2015_6_0.json	1448881200.0	225.21	393.75	13
snapshot_12_1_2015_0_0.json	1448946000.0	225.21	403.88	12
snapshot_12_1_2015_12_0.json	1448989200.0	225.21	403.88	12
snapshot_12_1_2015_18_0.json	1449010800.0	225.21	403.88	14
snapshot_12_1_2015_6_0.json	1448967600.0	225.21	403.88	12
snapshot_12_2_2015_0_0.json	1449032400.0	235.33	387	10
snapshot_12_2_2015_0_0.json	1449032400.0	235.33	387	10
snapshot_12_2_2015_12_0.json	1449075600.0	235.33	387	10
snapshot_12_2_2015_18_0.json	1449097200.0	295	387	15
snapshot_12_2_2015_6_0.json	1449054000.0	235.33	387	10
snapshot_12_3_2015_0_0.json	1449118800.0	235.33	365.63	15
snapshot_12_3_2015_0_0.json	1449118800.0	235.33	365.63	15
snapshot_12_3_2015_12_0.json	1449162000.0	235.33	365.63	15
snapshot_12_3_2015_18_0.json	1449183600.0	235.33	365.63	19
snapshot_12_3_2015_6_0.json	1449140400.0	235.33	365.63	15
snapshot_12_3_2015_6_0.json	1449140400.0	235.33	365.63	15
snapshot_12_4_2015_18_0.json	1449270000.0	199.94	337.5	13
snapshot_12_4_2015_18_0.json	1449270000.0	199.94	337.5	13
snapshot_12_4_2015_6_0.json	1449226800.0	254.48	365.63	9
snapshot_12_5_2015_0_0.json	1449291600.0	119.5	250	13
snapshot_12_5_2015_12_0.json	1449334800.0	0	0	0
snapshot_12_5_2015_12_0.json	1449334800.0	0	0	0
snapshot_12_5_2015_18_0.json	1449356400.0	0	0	0
snapshot_12_5_2015_6_0.json	1449313200.0	0	0	0
9291531	2015-12-05T01:30:00Z	The Lion King	Cadillac Palace Theatre	Illinois Chicago|666	60602
snapshot_11_16_2015_0_0.json	1447650000.0	167.59	346.28	67
snapshot_11_17_2015_0_0.json	1447736400.0	206.55	346.28	67
snapshot_11_17_2015_0_0.json	1447736400.0	206.55	346.28	67
snapshot_11_17_2015_12_0.json	1447779600.0	206.55	346.28	63
snapshot_11_17_2015_18_0.json	1447801200.0	206.55	346.28	55
snapshot_11_17_2015_18_0.json	1447801200.0	206.55	346.28	55
snapshot_11_18_2015_0_0.json	1447822800.0	206.55	346.28	55
snapshot_11_18_2015_0_0.json	1447822800.0	206.55	346.28	55
snapshot_11_18_2015_12_0.json	1447866000.0	206.55	346.28	53
snapshot_11_18_2015_6_0.json	1447844400.0	206.55	346.28	53
snapshot_11_18_2015_6_0.json	1447844400.0	206.55	346.28	53
snapshot_11_19_2015_0_0.json	1447909200.0	206.55	321.54	61
snapshot_11_19_2015_12_0.json	1447952400.0	206.55	321.54	61
snapshot_11_19_2015_6_0.json	1447930800.0	206.55	321.54	61
snapshot_11_20_2015_0_0.json	1447995600.0	206.55	321.54	58
snapshot_11_21_2015_18_0.json	1448146800.0	213.51	321.54	52
snapshot_11_22_2015_0_0.json	1448168400.0	213.51	321.54	44
snapshot_11_22_2015_12_0.json	1448211600.0	213.51	321.54	44
snapshot_11_22_2015_18_0.json	1448233200.0	213.51	321.54	44
snapshot_11_22_2015_18_0.json	1448233200.0	213.51	321.54	44
snapshot_11_22_2015_6_0.json	1448190000.0	213.51	321.54	44
snapshot_11_23_2015_0_0.json	1448254800.0	213.51	321.54	44
snapshot_11_23_2015_12_0.json	1448298000.0	213.51	321.54	44
snapshot_11_23_2015_18_0.json	1448319600.0	213.51	321.54	44
snapshot_11_24_2015_0_0.json	1448341200.0	213.51	321.54	42
snapshot_11_24_2015_12_0.json	1448384400.0	213.51	321.54	42
snapshot_11_24_2015_12_0.json	1448384400.0	213.51	321.54	42
snapshot_11_24_2015_18_0.json	1448406000.0	213.51	321.54	40
snapshot_11_24_2015_6_0.json	1448362800.0	213.51	321.54	42
snapshot_11_25_2015_0_0.json	1448427600.0	225.21	306.7	36
snapshot_11_25_2015_0_0.json	1448427600.0	225.21	306.7	36
snapshot_11_25_2015_12_0.json	1448470800.0	225.21	306.7	36
snapshot_11_25_2015_18_0.json	1448492400.0	225.21	306.7	36
snapshot_11_25_2015_6_0.json	1448449200.0	225.21	306.7	36
snapshot_11_26_2015_0_0.json	1448514000.0	225.21	393.75	33
snapshot_11_26_2015_0_0.json	1448514000.0	225.21	393.75	33
snapshot_11_27_2015_18_0.json	1448665200.0	225.21	393.75	27
snapshot_11_27_2015_18_0.json	1448665200.0	225.21	393.75	27
snapshot_11_28_2015_0_0.json	1448686800.0	225.21	393.75	19
snapshot_11_28_2015_12_0.json	1448730000.0	225.21	393.75	19
snapshot_11_28_2015_18_0.json	1448751600.0	225.21	393.75	19
snapshot_11_29_2015_0_0.json	1448773200.0	225.21	393.75	19
snapshot_11_29_2015_12_0.json	1448816400.0	225.21	393.75	19
snapshot_11_29_2015_18_0.json	1448838000.0	225.21	393.75	19
snapshot_11_29_2015_18_0.json	1448838000.0	225.21	393.75	19
snapshot_11_29_2015_6_0.json	1448794800.0	225.21	393.75	19
snapshot_11_29_2015_6_0.json	1448794800.0	225.21	393.75	19
snapshot_11_30_2015_0_0.json	1448859600.0	225.21	393.75	15
snapshot_11_30_2015_0_0.json	1448859600.0	225.21	393.75	15
snapshot_11_30_2015_12_0.json	1448902800.0	225.21	393.75	13
snapshot_11_30_2015_18_0.json	1448924400.0	225.21	393.75	11
snapshot_11_30_2015_6_0.json	1448881200.0	225.21	393.75	13
snapshot_11_30_2015_6_0.json	1448881200.0	225.21	393.75	13
snapshot_12_1_2015_0_0.json	1448946000.0	225.21	403.88	12
snapshot_12_1_2015_12_0.json	1448989200.0	225.21	403.88	12
snapshot_12_1_2015_18_0.json	1449010800.0	225.21	403.88	14
snapshot_12_1_2015_6_0.json	1448967600.0	225.21	403.88	12
snapshot_12_2_2015_0_0.json	1449032400.0	235.33	387	10
snapshot_12_2_2015_0_0.json	1449032400.0	235.33	387	10
snapshot_12_2_2015_12_0.json	1449075600.0	235.33	387	10
snapshot_12_2_2015_18_0.json	1449097200.0	295	387	15
snapshot_12_2_2015_6_0.json	1449054000.0	235.33	387	10
snapshot_12_3_2015_0_0.json	1449118800.0	235.33	365.63	15
snapshot_12_3_2015_0_0.json	1449118800.0	235.33	365.63	15
snapshot_12_3_2015_12_0.json	1449162000.0	235.33	365.63	15
snapshot_12_3_2015_18_0.json	1449183600.0	235.33	365.63	19
snapshot_12_3_2015_6_0.json	1449140400.0	235.33	365.63	15
snapshot_12_3_2015_6_0.json	1449140400.0	235.33	365.63	15
snapshot_12_4_2015_18_0.json	1449270000.0	199.94	337.5	13
snapshot_12_4_2015_18_0.json	1449270000.0	199.94	337.5	13
snapshot_12_4_2015_6_0.json	1449226800.0	254.48	365.63	9
snapshot_12_5_2015_0_0.json	1449291600.0	119.5	250	13
snapshot_12_5_2015_12_0.json	1449334800.0	0	0	0
snapshot_12_5_2015_12_0.json	1449334800.0	0	0	0
snapshot_12_5_2015_18_0.json	1449356400.0	0	0	0
snapshot_12_5_2015_6_0.json	1449313200.0	0	0	0
