9291507	2016-01-03T19:00:00Z	The Lion King	Cadillac Palace Theatre	Illinois Chicago|666	60602
snapshot_11_16_2015_0_0.json	1447650000.0	142.69	617	394
snapshot_11_17_2015_0_0.json	1447736400.0	142.69	617	390
snapshot_11_17_2015_12_0.json	1447779600.0	142.69	617	390
snapshot_11_17_2015_18_0.json	1447801200.0	142.69	617	390
snapshot_11_17_2015_18_0.json	1447801200.0	142.69	617	390
snapshot_11_17_2015_6_0.json	1447758000.0	142.69	617	390
snapshot_11_18_2015_0_0.json	1447822800.0	142.69	617	386
snapshot_11_18_2015_0_0.json	1447822800.0	142.69	617	386
snapshot_11_18_2015_12_0.json	1447866000.0	142.69	617	386
snapshot_11_18_2015_6_0.json	1447844400.0	142.69	617	386
snapshot_11_18_2015_6_0.json	1447844400.0	142.69	617	386
snapshot_11_19_2015_0_0.json	1447909200.0	142.69	617	396
snapshot_11_19_2015_12_0.json	1447952400.0	142.69	617	388
snapshot_11_19_2015_6_0.json	1447930800.0	142.69	617	388
snapshot_11_20_2015_0_0.json	1447995600.0	142.69	617	384
snapshot_11_21_2015_18_0.json	1448146800.0	142.69	617	461
snapshot_11_22_2015_0_0.json	1448168400.0	142.69	617	458
snapshot_11_22_2015_12_0.json	1448211600.0	142.69	617	458
snapshot_11_22_2015_18_0.json	1448233200.0	142.69	617	450
snapshot_11_22_2015_6_0.json	1448190000.0	142.69	617	458
snapshot_11_22_2015_6_0.json	1448190000.0	142.69	617	458
snapshot_11_23_2015_0_0.json	1448254800.0	142.69	617	443
snapshot_11_23_2015_0_0.json	1448254800.0	142.69	617	443
snapshot_11_23_2015_18_0.json	1448319600.0	154.14	617	438
snapshot_11_23_2015_6_0.json	1448276400.0	154.14	617	439
snapshot_11_23_2015_6_0.json	1448276400.0	154.14	617	439
snapshot_11_24_2015_0_0.json	1448341200.0	154.14	617	436
snapshot_11_24_2015_0_0.json	1448341200.0	154.14	617	436
snapshot_11_24_2015_18_0.json	1448406000.0	154.14	617	430
snapshot_11_24_2015_6_0.json	1448362800.0	154.14	617	432
snapshot_11_25_2015_0_0.json	1448427600.0	154.14	617	425
snapshot_11_25_2015_0_0.json	1448427600.0	154.14	617	425
snapshot_11_25_2015_12_0.json	1448470800.0	154.14	617	421
snapshot_11_25_2015_18_0.json	1448492400.0	154.14	617	421
snapshot_11_25_2015_6_0.json	1448449200.0	154.14	617	421
snapshot_11_26_2015_0_0.json	1448514000.0	154.14	617	421
snapshot_11_26_2015_0_0.json	1448514000.0	154.14	617	421
snapshot_11_27_2015_18_0.json	1448665200.0	154.14	617	405
snapshot_11_28_2015_0_0.json	1448686800.0	154.14	617	402
snapshot_11_28_2015_0_0.json	1448686800.0	154.14	617	402
snapshot_11_28_2015_12_0.json	1448730000.0	154.14	617	402
snapshot_11_28_2015_18_0.json	1448751600.0	154.14	617	396
snapshot_11_29_2015_12_0.json	1448816400.0	154.14	617	394
snapshot_11_29_2015_18_0.json	1448838000.0	154.14	617	394
snapshot_11_29_2015_18_0.json	1448838000.0	154.14	617	394
snapshot_11_29_2015_6_0.json	1448794800.0	154.14	617	394
snapshot_11_29_2015_6_0.json	1448794800.0	154.14	617	394
snapshot_11_30_2015_0_0.json	1448859600.0	154.14	617	384
snapshot_11_30_2015_0_0.json	1448859600.0	154.14	617	384
snapshot_11_30_2015_12_0.json	1448902800.0	154.14	617	380
snapshot_11_30_2015_18_0.json	1448924400.0	154.14	617	380
snapshot_12_1_2015_0_0.json	1448946000.0	154.14	617	394
snapshot_12_1_2015_12_0.json	1448989200.0	154.14	617	384
snapshot_12_1_2015_18_0.json	1449010800.0	162.03	617	381
snapshot_12_1_2015_6_0.json	1448967600.0	154.14	617	384
snapshot_12_2_2015_12_0.json	1449075600.0	163.2	617	363
snapshot_12_2_2015_6_0.json	1449054000.0	163.2	617	363
snapshot_12_2_2015_6_0.json	1449054000.0	163.2	617	363
snapshot_12_3_2015_0_0.json	1449118800.0	163.2	617	351
snapshot_12_3_2015_12_0.json	1449162000.0	163.2	617	347
snapshot_12_3_2015_18_0.json	1449183600.0	163.2	617	355
snapshot_12_3_2015_6_0.json	1449140400.0	163.2	617	338
snapshot_12_4_2015_0_0.json	1449205200.0	163.2	617	353
snapshot_12_4_2015_18_0.json	1449270000.0	163.2	617	359
snapshot_12_4_2015_6_0.json	1449226800.0	163.2	617	359
snapshot_12_5_2015_0_0.json	1449291600.0	163.2	617	355
snapshot_12_5_2015_6_0.json	1449313200.0	163.2	617	353
snapshot_12_5_2015_6_0.json	1449313200.0	163.2	617	353
9291507	2016-01-03T19:00:00Z	The Lion King	Cadillac Palace Theatre	Illinois Chicago|666	60602
snapshot_11_16_2015_0_0.json	1447650000.0	142.69	617	394
snapshot_11_17_2015_0_0.json	1447736400.0	142.69	617	390
snapshot_11_17_2015_12_0.json	1447779600.0	142.69	617	390
snapshot_11_17_2015_18_0.json	1447801200.0	142.69	617	390
snapshot_11_17_2015_18_0.json	1447801200.0	142.69	617	390
snapshot_11_17_2015_6_0.json	1447758000.0	142.69	617	390
snapshot_11_18_2015_0_0.json	1447822800.0	142.69	617	386
snapshot_11_18_2015_0_0.json	1447822800.0	142.69	617	386
snapshot_11_18_2015_12_0.json	1447866000.0	142.69	617	386
snapshot_11_18_2015_6_0.json	1447844400.0	142.69	617	386
snapshot_11_18_2015_6_0.json	1447844400.0	142.69	617	386
snapshot_11_19_2015_0_0.json	1447909200.0	142.69	617	396
snapshot_11_19_2015_12_0.json	1447952400.0	142.69	617	388
snapshot_11_19_2015_6_0.json	1447930800.0	142.69	617	388
snapshot_11_20_2015_0_0.json	1447995600.0	142.69	617	384
snapshot_11_21_2015_18_0.json	1448146800.0	142.69	617	461
snapshot_11_22_2015_0_0.json	1448168400.0	142.69	617	458
snapshot_11_22_2015_12_0.json	1448211600.0	142.69	617	458
snapshot_11_22_2015_18_0.json	1448233200.0	142.69	617	450
snapshot_11_22_2015_6_0.json	1448190000.0	142.69	617	458
snapshot_11_22_2015_6_0.json	1448190000.0	142.69	617	458
snapshot_11_23_2015_0_0.json	1448254800.0	142.69	617	443
snapshot_11_23_2015_0_0.json	1448254800.0	142.69	617	443
snapshot_11_23_2015_18_0.json	1448319600.0	154.14	617	438
snapshot_11_23_2015_6_0.json	1448276400.0	154.14	617	439
snapshot_11_23_2015_6_0.json	1448276400.0	154.14	617	439
snapshot_11_24_2015_0_0.json	1448341200.0	154.14	617	436
snapshot_11_24_2015_0_0.json	1448341200.0	154.14	617	436
snapshot_11_24_2015_18_0.json	1448406000.0	154.14	617	430
snapshot_11_24_2015_6_0.json	1448362800.0	154.14	617	432
snapshot_11_25_2015_0_0.json	1448427600.0	154.14	617	425
snapshot_11_25_2015_0_0.json	1448427600.0	154.14	617	425
snapshot_11_25_2015_12_0.json	1448470800.0	154.14	617	421
snapshot_11_25_2015_18_0.json	1448492400.0	154.14	617	421
snapshot_11_25_2015_6_0.json	1448449200.0	154.14	617	421
snapshot_11_26_2015_0_0.json	1448514000.0	154.14	617	421
snapshot_11_26_2015_0_0.json	1448514000.0	154.14	617	421
snapshot_11_27_2015_18_0.json	1448665200.0	154.14	617	405
snapshot_11_28_2015_0_0.json	1448686800.0	154.14	617	402
snapshot_11_28_2015_0_0.json	1448686800.0	154.14	617	402
snapshot_11_28_2015_12_0.json	1448730000.0	154.14	617	402
snapshot_11_28_2015_18_0.json	1448751600.0	154.14	617	396
snapshot_11_29_2015_12_0.json	1448816400.0	154.14	617	394
snapshot_11_29_2015_18_0.json	1448838000.0	154.14	617	394
snapshot_11_29_2015_18_0.json	1448838000.0	154.14	617	394
snapshot_11_29_2015_6_0.json	1448794800.0	154.14	617	394
snapshot_11_29_2015_6_0.json	1448794800.0	154.14	617	394
snapshot_11_30_2015_0_0.json	1448859600.0	154.14	617	384
snapshot_11_30_2015_0_0.json	1448859600.0	154.14	617	384
snapshot_11_30_2015_12_0.json	1448902800.0	154.14	617	380
snapshot_11_30_2015_18_0.json	1448924400.0	154.14	617	380
snapshot_12_1_2015_0_0.json	1448946000.0	154.14	617	394
snapshot_12_1_2015_12_0.json	1448989200.0	154.14	617	384
snapshot_12_1_2015_18_0.json	1449010800.0	162.03	617	381
snapshot_12_1_2015_6_0.json	1448967600.0	154.14	617	384
snapshot_12_2_2015_12_0.json	1449075600.0	163.2	617	363
snapshot_12_2_2015_6_0.json	1449054000.0	163.2	617	363
snapshot_12_2_2015_6_0.json	1449054000.0	163.2	617	363
snapshot_12_3_2015_0_0.json	1449118800.0	163.2	617	351
snapshot_12_3_2015_12_0.json	1449162000.0	163.2	617	347
snapshot_12_3_2015_18_0.json	1449183600.0	163.2	617	355
snapshot_12_3_2015_6_0.json	1449140400.0	163.2	617	338
snapshot_12_4_2015_0_0.json	1449205200.0	163.2	617	353
snapshot_12_4_2015_18_0.json	1449270000.0	163.2	617	359
snapshot_12_4_2015_6_0.json	1449226800.0	163.2	617	359
snapshot_12_5_2015_0_0.json	1449291600.0	163.2	617	355
snapshot_12_5_2015_6_0.json	1449313200.0	163.2	617	353
snapshot_12_5_2015_6_0.json	1449313200.0	163.2	617	353
