9291500	2015-12-31T20:00:00Z	The Lion King	Cadillac Palace Theatre	Illinois Chicago|666	60602
snapshot_11_16_2015_0_0.json	1447650000.0	165.6	321.54	234
snapshot_11_16_2015_0_0.json	1447650000.0	165.6	321.54	234
snapshot_11_17_2015_0_0.json	1447736400.0	165.6	321.54	234
snapshot_11_17_2015_12_0.json	1447779600.0	165.6	321.54	234
snapshot_11_17_2015_18_0.json	1447801200.0	165.6	321.54	232
snapshot_11_17_2015_6_0.json	1447758000.0	165.6	321.54	234
snapshot_11_17_2015_6_0.json	1447758000.0	165.6	321.54	234
snapshot_11_18_2015_0_0.json	1447822800.0	165.6	321.54	225
snapshot_11_18_2015_0_0.json	1447822800.0	165.6	321.54	225
snapshot_11_18_2015_12_0.json	1447866000.0	165.6	321.54	220
snapshot_11_18_2015_12_0.json	1447866000.0	165.6	321.54	220
snapshot_11_18_2015_18_0.json	1447887600.0	165.6	321.54	220
snapshot_11_18_2015_6_0.json	1447844400.0	165.6	321.54	220
snapshot_11_19_2015_0_0.json	1447909200.0	165.6	321.54	222
snapshot_11_19_2015_12_0.json	1447952400.0	165.6	323	220
snapshot_11_19_2015_6_0.json	1447930800.0	165.6	323	220
snapshot_11_21_2015_12_0.json	1448125200.0	165.6	323	302
snapshot_11_21_2015_18_0.json	1448146800.0	165.6	323	302
snapshot_11_22_2015_12_0.json	1448211600.0	165.6	323	299
snapshot_11_22_2015_12_0.json	1448211600.0	165.6	323	299
snapshot_11_22_2015_18_0.json	1448233200.0	165.6	323	299
snapshot_11_22_2015_18_0.json	1448233200.0	165.6	323	299
snapshot_11_22_2015_6_0.json	1448190000.0	165.6	323	299
snapshot_11_23_2015_0_0.json	1448254800.0	165.6	323	299
snapshot_11_23_2015_12_0.json	1448298000.0	165.6	323	299
snapshot_11_23_2015_18_0.json	1448319600.0	165.6	323	299
snapshot_11_23_2015_6_0.json	1448276400.0	165.6	323	299
snapshot_11_24_2015_12_0.json	1448384400.0	165.6	323	295
snapshot_11_24_2015_18_0.json	1448406000.0	165.6	323	295
snapshot_11_24_2015_6_0.json	1448362800.0	165.6	323	295
snapshot_11_25_2015_0_0.json	1448427600.0	165.6	323	295
snapshot_11_25_2015_0_0.json	1448427600.0	165.6	323	295
snapshot_11_25_2015_12_0.json	1448470800.0	165.6	323	292
snapshot_11_25_2015_18_0.json	1448492400.0	165.6	323	292
snapshot_11_25_2015_6_0.json	1448449200.0	165.6	323	295
snapshot_11_26_2015_0_0.json	1448514000.0	165.6	323	292
snapshot_11_26_2015_0_0.json	1448514000.0	165.6	323	292
snapshot_11_27_2015_18_0.json	1448665200.0	165.6	323	289
snapshot_11_28_2015_0_0.json	1448686800.0	165.6	323	289
snapshot_11_28_2015_12_0.json	1448730000.0	165.6	333	289
snapshot_11_28_2015_18_0.json	1448751600.0	165.6	333	289
snapshot_11_29_2015_0_0.json	1448773200.0	165.6	333	289
snapshot_11_29_2015_0_0.json	1448773200.0	165.6	333	289
snapshot_11_29_2015_12_0.json	1448816400.0	165.6	333	289
snapshot_11_29_2015_18_0.json	1448838000.0	165.6	333	289
snapshot_11_29_2015_6_0.json	1448794800.0	165.6	333	289
snapshot_11_30_2015_0_0.json	1448859600.0	165.6	333	289
snapshot_11_30_2015_0_0.json	1448859600.0	165.6	333	289
snapshot_11_30_2015_12_0.json	1448902800.0	165.6	333	289
snapshot_11_30_2015_18_0.json	1448924400.0	165.6	333	287
snapshot_11_30_2015_6_0.json	1448881200.0	165.6	333	289
snapshot_12_1_2015_12_0.json	1448989200.0	165.6	333	281
snapshot_12_1_2015_18_0.json	1449010800.0	165.6	333	279
snapshot_12_1_2015_6_0.json	1448967600.0	165.6	333	281
snapshot_12_2_2015_0_0.json	1449032400.0	165.6	333	279
snapshot_12_2_2015_0_0.json	1449032400.0	165.6	333	279
snapshot_12_2_2015_18_0.json	1449097200.0	165.6	333	275
snapshot_12_2_2015_6_0.json	1449054000.0	165.6	333	277
snapshot_12_2_2015_6_0.json	1449054000.0	165.6	333	277
snapshot_12_3_2015_0_0.json	1449118800.0	165.6	333	276
snapshot_12_3_2015_12_0.json	1449162000.0	165.6	333	269
snapshot_12_3_2015_18_0.json	1449183600.0	165.6	333	267
snapshot_12_4_2015_0_0.json	1449205200.0	165.6	333	267
snapshot_12_4_2015_12_0.json	1449248400.0	165.6	333	273
snapshot_12_4_2015_6_0.json	1449226800.0	165.6	333	273
snapshot_12_5_2015_0_0.json	1449291600.0	165.6	333	257
snapshot_12_5_2015_0_0.json	1449291600.0	165.6	333	257
snapshot_12_5_2015_12_0.json	1449334800.0	160.45	333	254
snapshot_12_5_2015_18_0.json	1449356400.0	160.45	333	254
snapshot_12_5_2015_6_0.json	1449313200.0	160.45	333	254
snapshot_12_5_2015_6_0.json	1449313200.0	160.45	333	254
9291500	2015-12-31T20:00:00Z	The Lion King	Cadillac Palace Theatre	Illinois Chicago|666	60602
snapshot_11_16_2015_0_0.json	1447650000.0	165.6	321.54	234
snapshot_11_16_2015_0_0.json	1447650000.0	165.6	321.54	234
snapshot_11_17_2015_0_0.json	1447736400.0	165.6	321.54	234
snapshot_11_17_2015_12_0.json	1447779600.0	165.6	321.54	234
snapshot_11_17_2015_18_0.json	1447801200.0	165.6	321.54	232
snapshot_11_17_2015_6_0.json	1447758000.0	165.6	321.54	234
snapshot_11_17_2015_6_0.json	1447758000.0	165.6	321.54	234
snapshot_11_18_2015_0_0.json	1447822800.0	165.6	321.54	225
snapshot_11_18_2015_0_0.json	1447822800.0	165.6	321.54	225
snapshot_11_18_2015_12_0.json	1447866000.0	165.6	321.54	220
snapshot_11_18_2015_12_0.json	1447866000.0	165.6	321.54	220
snapshot_11_18_2015_18_0.json	1447887600.0	165.6	321.54	220
snapshot_11_18_2015_6_0.json	1447844400.0	165.6	321.54	220
snapshot_11_19_2015_0_0.json	1447909200.0	165.6	321.54	222
snapshot_11_19_2015_12_0.json	1447952400.0	165.6	323	220
snapshot_11_19_2015_6_0.json	1447930800.0	165.6	323	220
snapshot_11_21_2015_12_0.json	1448125200.0	165.6	323	302
snapshot_11_21_2015_18_0.json	1448146800.0	165.6	323	302
snapshot_11_22_2015_12_0.json	1448211600.0	165.6	323	299
snapshot_11_22_2015_12_0.json	1448211600.0	165.6	323	299
snapshot_11_22_2015_18_0.json	1448233200.0	165.6	323	299
snapshot_11_22_2015_18_0.json	1448233200.0	165.6	323	299
snapshot_11_22_2015_6_0.json	1448190000.0	165.6	323	299
snapshot_11_23_2015_0_0.json	1448254800.0	165.6	323	299
snapshot_11_23_2015_12_0.json	1448298000.0	165.6	323	299
snapshot_11_23_2015_18_0.json	1448319600.0	165.6	323	299
snapshot_11_23_2015_6_0.json	1448276400.0	165.6	323	299
snapshot_11_24_2015_12_0.json	1448384400.0	165.6	323	295
snapshot_11_24_2015_18_0.json	1448406000.0	165.6	323	295
snapshot_11_24_2015_6_0.json	1448362800.0	165.6	323	295
snapshot_11_25_2015_0_0.json	1448427600.0	165.6	323	295
snapshot_11_25_2015_0_0.json	1448427600.0	165.6	323	295
snapshot_11_25_2015_12_0.json	1448470800.0	165.6	323	292
snapshot_11_25_2015_18_0.json	1448492400.0	165.6	323	292
snapshot_11_25_2015_6_0.json	1448449200.0	165.6	323	295
snapshot_11_26_2015_0_0.json	1448514000.0	165.6	323	292
snapshot_11_26_2015_0_0.json	1448514000.0	165.6	323	292
snapshot_11_27_2015_18_0.json	1448665200.0	165.6	323	289
snapshot_11_28_2015_0_0.json	1448686800.0	165.6	323	289
snapshot_11_28_2015_12_0.json	1448730000.0	165.6	333	289
snapshot_11_28_2015_18_0.json	1448751600.0	165.6	333	289
snapshot_11_29_2015_0_0.json	1448773200.0	165.6	333	289
snapshot_11_29_2015_0_0.json	1448773200.0	165.6	333	289
snapshot_11_29_2015_12_0.json	1448816400.0	165.6	333	289
snapshot_11_29_2015_18_0.json	1448838000.0	165.6	333	289
snapshot_11_29_2015_6_0.json	1448794800.0	165.6	333	289
snapshot_11_30_2015_0_0.json	1448859600.0	165.6	333	289
snapshot_11_30_2015_0_0.json	1448859600.0	165.6	333	289
snapshot_11_30_2015_12_0.json	1448902800.0	165.6	333	289
snapshot_11_30_2015_18_0.json	1448924400.0	165.6	333	287
snapshot_11_30_2015_6_0.json	1448881200.0	165.6	333	289
snapshot_12_1_2015_12_0.json	1448989200.0	165.6	333	281
snapshot_12_1_2015_18_0.json	1449010800.0	165.6	333	279
snapshot_12_1_2015_6_0.json	1448967600.0	165.6	333	281
snapshot_12_2_2015_0_0.json	1449032400.0	165.6	333	279
snapshot_12_2_2015_0_0.json	1449032400.0	165.6	333	279
snapshot_12_2_2015_18_0.json	1449097200.0	165.6	333	275
snapshot_12_2_2015_6_0.json	1449054000.0	165.6	333	277
snapshot_12_2_2015_6_0.json	1449054000.0	165.6	333	277
snapshot_12_3_2015_0_0.json	1449118800.0	165.6	333	276
snapshot_12_3_2015_12_0.json	1449162000.0	165.6	333	269
snapshot_12_3_2015_18_0.json	1449183600.0	165.6	333	267
snapshot_12_4_2015_0_0.json	1449205200.0	165.6	333	267
snapshot_12_4_2015_12_0.json	1449248400.0	165.6	333	273
snapshot_12_4_2015_6_0.json	1449226800.0	165.6	333	273
snapshot_12_5_2015_0_0.json	1449291600.0	165.6	333	257
snapshot_12_5_2015_0_0.json	1449291600.0	165.6	333	257
snapshot_12_5_2015_12_0.json	1449334800.0	160.45	333	254
snapshot_12_5_2015_18_0.json	1449356400.0	160.45	333	254
snapshot_12_5_2015_6_0.json	1449313200.0	160.45	333	254
snapshot_12_5_2015_6_0.json	1449313200.0	160.45	333	254
