9291532	2015-12-12T01:30:00Z	The Lion King	Cadillac Palace Theatre	Illinois Chicago|666	60602
snapshot_11_16_2015_0_0.json	1447650000.0	141.61	321.54	115
snapshot_11_16_2015_0_0.json	1447650000.0	141.61	321.54	115
snapshot_11_17_2015_12_0.json	1447779600.0	162.03	321.54	107
snapshot_11_17_2015_18_0.json	1447801200.0	162.03	321.54	107
snapshot_11_17_2015_6_0.json	1447758000.0	162.03	321.54	107
snapshot_11_18_2015_0_0.json	1447822800.0	167.88	293	102
snapshot_11_18_2015_12_0.json	1447866000.0	180.57	293	95
snapshot_11_18_2015_12_0.json	1447866000.0	180.57	293	95
snapshot_11_18_2015_18_0.json	1447887600.0	180.57	293	93
snapshot_11_18_2015_6_0.json	1447844400.0	180.57	293	95
snapshot_11_18_2015_6_0.json	1447844400.0	180.57	293	95
snapshot_11_19_2015_0_0.json	1447909200.0	180.57	305	93
snapshot_11_19_2015_12_0.json	1447952400.0	180.57	305	93
snapshot_11_19_2015_6_0.json	1447930800.0	180.57	305	93
snapshot_11_20_2015_0_0.json	1447995600.0	180.57	305	93
snapshot_11_20_2015_12_0.json	1448038800.0	180.57	305	95
snapshot_11_21_2015_12_0.json	1448125200.0	160.45	287	93
snapshot_11_22_2015_12_0.json	1448211600.0	160.45	287	93
snapshot_11_22_2015_18_0.json	1448233200.0	160.45	287	93
snapshot_11_22_2015_18_0.json	1448233200.0	160.45	287	93
snapshot_11_23_2015_0_0.json	1448254800.0	160.45	287	91
snapshot_11_23_2015_0_0.json	1448254800.0	160.45	287	91
snapshot_11_23_2015_12_0.json	1448298000.0	160.45	287	82
snapshot_11_23_2015_12_0.json	1448298000.0	160.45	287	82
snapshot_11_23_2015_18_0.json	1448319600.0	160.45	287	82
snapshot_11_24_2015_0_0.json	1448341200.0	160.45	287	82
snapshot_11_24_2015_0_0.json	1448341200.0	160.45	287	82
snapshot_11_24_2015_12_0.json	1448384400.0	160.45	287	82
snapshot_11_24_2015_12_0.json	1448384400.0	160.45	287	82
snapshot_11_24_2015_18_0.json	1448406000.0	160.45	287	82
snapshot_11_25_2015_0_0.json	1448427600.0	160.45	287	92
snapshot_11_25_2015_0_0.json	1448427600.0	160.45	287	92
snapshot_11_25_2015_12_0.json	1448470800.0	148.75	287	92
snapshot_11_25_2015_18_0.json	1448492400.0	148.75	287	92
snapshot_11_25_2015_18_0.json	1448492400.0	148.75	287	92
snapshot_11_25_2015_6_0.json	1448449200.0	148.75	287	92
snapshot_11_25_2015_6_0.json	1448449200.0	148.75	287	92
snapshot_11_26_2015_0_0.json	1448514000.0	148.75	287	87
snapshot_11_27_2015_18_0.json	1448665200.0	148.75	287	78
snapshot_11_28_2015_0_0.json	1448686800.0	148.75	287	78
snapshot_11_28_2015_12_0.json	1448730000.0	148.75	287	75
snapshot_11_28_2015_18_0.json	1448751600.0	148.75	287	75
snapshot_11_28_2015_18_0.json	1448751600.0	148.75	287	75
snapshot_11_29_2015_0_0.json	1448773200.0	148.75	287	73
snapshot_11_29_2015_12_0.json	1448816400.0	148.75	287	73
snapshot_11_29_2015_18_0.json	1448838000.0	148.75	287	71
snapshot_11_29_2015_6_0.json	1448794800.0	148.75	287	73
snapshot_11_30_2015_0_0.json	1448859600.0	148.75	287	67
snapshot_11_30_2015_0_0.json	1448859600.0	148.75	287	67
snapshot_11_30_2015_18_0.json	1448924400.0	200.06	287	63
snapshot_11_30_2015_6_0.json	1448881200.0	148.75	287	67
snapshot_12_1_2015_12_0.json	1448989200.0	198.3	287	64
snapshot_12_1_2015_18_0.json	1449010800.0	198.3	287	62
snapshot_12_1_2015_6_0.json	1448967600.0	198.3	287	64
snapshot_12_1_2015_6_0.json	1448967600.0	198.3	287	64
snapshot_12_2_2015_12_0.json	1449075600.0	198.3	287	55
snapshot_12_2_2015_18_0.json	1449097200.0	198.3	287	59
snapshot_12_2_2015_6_0.json	1449054000.0	198.3	287	55
snapshot_12_3_2015_0_0.json	1449118800.0	198.3	287	54
snapshot_12_3_2015_12_0.json	1449162000.0	198.3	287	52
snapshot_12_3_2015_18_0.json	1449183600.0	198.3	287	52
snapshot_12_3_2015_18_0.json	1449183600.0	198.3	287	52
snapshot_12_3_2015_6_0.json	1449140400.0	198.3	287	52
snapshot_12_4_2015_0_0.json	1449205200.0	198.3	291.86	56
snapshot_12_4_2015_12_0.json	1449248400.0	198.3	291.86	56
snapshot_12_4_2015_18_0.json	1449270000.0	198.3	287	56
snapshot_12_4_2015_18_0.json	1449270000.0	198.3	287	56
snapshot_12_4_2015_6_0.json	1449226800.0	198.3	291.86	56
snapshot_12_5_2015_0_0.json	1449291600.0	198.3	287	60
snapshot_12_5_2015_12_0.json	1449334800.0	198.3	287	58
snapshot_12_5_2015_18_0.json	1449356400.0	198.3	287	60
snapshot_12_5_2015_6_0.json	1449313200.0	198.3	287	60
snapshot_12_5_2015_6_0.json	1449313200.0	198.3	287	60
9291532	2015-12-12T01:30:00Z	The Lion King	Cadillac Palace Theatre	Illinois Chicago|666	60602
snapshot_11_16_2015_0_0.json	1447650000.0	141.61	321.54	115
snapshot_11_16_2015_0_0.json	1447650000.0	141.61	321.54	115
snapshot_11_17_2015_12_0.json	1447779600.0	162.03	321.54	107
snapshot_11_17_2015_18_0.json	1447801200.0	162.03	321.54	107
snapshot_11_17_2015_6_0.json	1447758000.0	162.03	321.54	107
snapshot_11_18_2015_0_0.json	1447822800.0	167.88	293	102
snapshot_11_18_2015_12_0.json	1447866000.0	180.57	293	95
snapshot_11_18_2015_12_0.json	1447866000.0	180.57	293	95
snapshot_11_18_2015_18_0.json	1447887600.0	180.57	293	93
snapshot_11_18_2015_6_0.json	1447844400.0	180.57	293	95
snapshot_11_18_2015_6_0.json	1447844400.0	180.57	293	95
snapshot_11_19_2015_0_0.json	1447909200.0	180.57	305	93
snapshot_11_19_2015_12_0.json	1447952400.0	180.57	305	93
snapshot_11_19_2015_6_0.json	1447930800.0	180.57	305	93
snapshot_11_20_2015_0_0.json	1447995600.0	180.57	305	93
snapshot_11_20_2015_12_0.json	1448038800.0	180.57	305	95
snapshot_11_21_2015_12_0.json	1448125200.0	160.45	287	93
snapshot_11_22_2015_12_0.json	1448211600.0	160.45	287	93
snapshot_11_22_2015_18_0.json	1448233200.0	160.45	287	93
snapshot_11_22_2015_18_0.json	1448233200.0	160.45	287	93
snapshot_11_23_2015_0_0.json	1448254800.0	160.45	287	91
snapshot_11_23_2015_0_0.json	1448254800.0	160.45	287	91
snapshot_11_23_2015_12_0.json	1448298000.0	160.45	287	82
snapshot_11_23_2015_12_0.json	1448298000.0	160.45	287	82
snapshot_11_23_2015_18_0.json	1448319600.0	160.45	287	82
snapshot_11_24_2015_0_0.json	1448341200.0	160.45	287	82
snapshot_11_24_2015_0_0.json	1448341200.0	160.45	287	82
snapshot_11_24_2015_12_0.json	1448384400.0	160.45	287	82
snapshot_11_24_2015_12_0.json	1448384400.0	160.45	287	82
snapshot_11_24_2015_18_0.json	1448406000.0	160.45	287	82
snapshot_11_25_2015_0_0.json	1448427600.0	160.45	287	92
snapshot_11_25_2015_0_0.json	1448427600.0	160.45	287	92
snapshot_11_25_2015_12_0.json	1448470800.0	148.75	287	92
snapshot_11_25_2015_18_0.json	1448492400.0	148.75	287	92
snapshot_11_25_2015_18_0.json	1448492400.0	148.75	287	92
snapshot_11_25_2015_6_0.json	1448449200.0	148.75	287	92
snapshot_11_25_2015_6_0.json	1448449200.0	148.75	287	92
snapshot_11_26_2015_0_0.json	1448514000.0	148.75	287	87
snapshot_11_27_2015_18_0.json	1448665200.0	148.75	287	78
snapshot_11_28_2015_0_0.json	1448686800.0	148.75	287	78
snapshot_11_28_2015_12_0.json	1448730000.0	148.75	287	75
snapshot_11_28_2015_18_0.json	1448751600.0	148.75	287	75
snapshot_11_28_2015_18_0.json	1448751600.0	148.75	287	75
snapshot_11_29_2015_0_0.json	1448773200.0	148.75	287	73
snapshot_11_29_2015_12_0.json	1448816400.0	148.75	287	73
snapshot_11_29_2015_18_0.json	1448838000.0	148.75	287	71
snapshot_11_29_2015_6_0.json	1448794800.0	148.75	287	73
snapshot_11_30_2015_0_0.json	1448859600.0	148.75	287	67
snapshot_11_30_2015_0_0.json	1448859600.0	148.75	287	67
snapshot_11_30_2015_18_0.json	1448924400.0	200.06	287	63
snapshot_11_30_2015_6_0.json	1448881200.0	148.75	287	67
snapshot_12_1_2015_12_0.json	1448989200.0	198.3	287	64
snapshot_12_1_2015_18_0.json	1449010800.0	198.3	287	62
snapshot_12_1_2015_6_0.json	1448967600.0	198.3	287	64
snapshot_12_1_2015_6_0.json	1448967600.0	198.3	287	64
snapshot_12_2_2015_12_0.json	1449075600.0	198.3	287	55
snapshot_12_2_2015_18_0.json	1449097200.0	198.3	287	59
snapshot_12_2_2015_6_0.json	1449054000.0	198.3	287	55
snapshot_12_3_2015_0_0.json	1449118800.0	198.3	287	54
snapshot_12_3_2015_12_0.json	1449162000.0	198.3	287	52
snapshot_12_3_2015_18_0.json	1449183600.0	198.3	287	52
snapshot_12_3_2015_18_0.json	1449183600.0	198.3	287	52
snapshot_12_3_2015_6_0.json	1449140400.0	198.3	287	52
snapshot_12_4_2015_0_0.json	1449205200.0	198.3	291.86	56
snapshot_12_4_2015_12_0.json	1449248400.0	198.3	291.86	56
snapshot_12_4_2015_18_0.json	1449270000.0	198.3	287	56
snapshot_12_4_2015_18_0.json	1449270000.0	198.3	287	56
snapshot_12_4_2015_6_0.json	1449226800.0	198.3	291.86	56
snapshot_12_5_2015_0_0.json	1449291600.0	198.3	287	60
snapshot_12_5_2015_12_0.json	1449334800.0	198.3	287	58
snapshot_12_5_2015_18_0.json	1449356400.0	198.3	287	60
snapshot_12_5_2015_6_0.json	1449313200.0	198.3	287	60
snapshot_12_5_2015_6_0.json	1449313200.0	198.3	287	60
