9291523	2016-01-16T20:00:00Z	The Lion King	Cadillac Palace Theatre	Illinois Chicago|666	60602
snapshot_11_16_2015_0_0.json	1447650000.0	136.29	389	418
snapshot_11_17_2015_0_0.json	1447736400.0	136.29	389	432
snapshot_11_17_2015_12_0.json	1447779600.0	140.56	389	428
snapshot_11_17_2015_6_0.json	1447758000.0	140.56	389	428
snapshot_11_17_2015_6_0.json	1447758000.0	140.56	389	428
snapshot_11_18_2015_0_0.json	1447822800.0	140.56	389	424
snapshot_11_18_2015_0_0.json	1447822800.0	140.56	389	424
snapshot_11_18_2015_12_0.json	1447866000.0	140.56	389	422
snapshot_11_18_2015_12_0.json	1447866000.0	140.56	389	422
snapshot_11_18_2015_6_0.json	1447844400.0	140.56	389	422
snapshot_11_19_2015_0_0.json	1447909200.0	140.56	389	410
snapshot_11_19_2015_12_0.json	1447952400.0	140.56	389	408
snapshot_11_19_2015_6_0.json	1447930800.0	140.56	389	408
snapshot_11_20_2015_0_0.json	1447995600.0	140.56	389	408
snapshot_11_21_2015_12_0.json	1448125200.0	172.15	389	408
snapshot_11_21_2015_18_0.json	1448146800.0	172.15	389	408
snapshot_11_22_2015_12_0.json	1448211600.0	172.15	389	406
snapshot_11_22_2015_12_0.json	1448211600.0	172.15	389	406
snapshot_11_22_2015_18_0.json	1448233200.0	172.15	389	404
snapshot_11_22_2015_6_0.json	1448190000.0	172.15	389	406
snapshot_11_23_2015_0_0.json	1448254800.0	172.15	389	404
snapshot_11_23_2015_12_0.json	1448298000.0	172.15	389	402
snapshot_11_23_2015_18_0.json	1448319600.0	172.15	389	408
snapshot_11_23_2015_6_0.json	1448276400.0	172.15	389	402
snapshot_11_24_2015_0_0.json	1448341200.0	172.15	389	406
snapshot_11_24_2015_12_0.json	1448384400.0	172.15	389	406
snapshot_11_24_2015_18_0.json	1448406000.0	172.15	389	396
snapshot_11_24_2015_6_0.json	1448362800.0	172.15	389	406
snapshot_11_25_2015_0_0.json	1448427600.0	172.15	389	404
snapshot_11_25_2015_12_0.json	1448470800.0	172.15	389	404
snapshot_11_25_2015_18_0.json	1448492400.0	172.15	389	400
snapshot_11_25_2015_6_0.json	1448449200.0	172.15	389	404
snapshot_11_26_2015_0_0.json	1448514000.0	172.15	389	400
snapshot_11_27_2015_18_0.json	1448665200.0	172.15	389	400
snapshot_11_28_2015_12_0.json	1448730000.0	172.15	389	383
snapshot_11_28_2015_18_0.json	1448751600.0	172.15	389	373
snapshot_11_29_2015_0_0.json	1448773200.0	172.15	389	360
snapshot_11_29_2015_0_0.json	1448773200.0	172.15	389	360
snapshot_11_29_2015_18_0.json	1448838000.0	172.15	389	347
snapshot_11_29_2015_6_0.json	1448794800.0	172.15	389	353
snapshot_11_30_2015_0_0.json	1448859600.0	172.15	389	337
snapshot_11_30_2015_0_0.json	1448859600.0	172.15	389	337
snapshot_11_30_2015_12_0.json	1448902800.0	172.15	389	330
snapshot_11_30_2015_18_0.json	1448924400.0	172.15	389	326
snapshot_11_30_2015_6_0.json	1448881200.0	172.15	389	330
snapshot_12_1_2015_0_0.json	1448946000.0	174.76	389	322
snapshot_12_1_2015_0_0.json	1448946000.0	174.76	389	322
snapshot_12_1_2015_12_0.json	1448989200.0	174.76	389	320
snapshot_12_1_2015_18_0.json	1449010800.0	174.76	389	320
snapshot_12_1_2015_6_0.json	1448967600.0	174.76	389	320
snapshot_12_2_2015_6_0.json	1449054000.0	174.76	389	308
snapshot_12_2_2015_6_0.json	1449054000.0	174.76	389	308
snapshot_12_3_2015_0_0.json	1449118800.0	174.76	389	302
snapshot_12_3_2015_12_0.json	1449162000.0	174.76	389	302
snapshot_12_3_2015_18_0.json	1449183600.0	174.76	389	304
snapshot_12_3_2015_6_0.json	1449140400.0	174.76	389	302
snapshot_12_4_2015_0_0.json	1449205200.0	174.76	389	304
snapshot_12_4_2015_0_0.json	1449205200.0	174.76	389	304
snapshot_12_4_2015_12_0.json	1449248400.0	174.76	389	304
snapshot_12_4_2015_18_0.json	1449270000.0	174.76	389	302
snapshot_12_4_2015_6_0.json	1449226800.0	174.76	389	304
snapshot_12_5_2015_0_0.json	1449291600.0	174.76	389	300
snapshot_12_5_2015_12_0.json	1449334800.0	174.76	389	300
snapshot_12_5_2015_18_0.json	1449356400.0	174.76	389	292
snapshot_12_5_2015_6_0.json	1449313200.0	174.76	389	300
9291523	2016-01-16T20:00:00Z	The Lion King	Cadillac Palace Theatre	Illinois Chicago|666	60602
snapshot_11_16_2015_0_0.json	1447650000.0	136.29	389	418
snapshot_11_17_2015_0_0.json	1447736400.0	136.29	389	432
snapshot_11_17_2015_12_0.json	1447779600.0	140.56	389	428
snapshot_11_17_2015_6_0.json	1447758000.0	140.56	389	428
snapshot_11_17_2015_6_0.json	1447758000.0	140.56	389	428
snapshot_11_18_2015_0_0.json	1447822800.0	140.56	389	424
snapshot_11_18_2015_0_0.json	1447822800.0	140.56	389	424
snapshot_11_18_2015_12_0.json	1447866000.0	140.56	389	422
snapshot_11_18_2015_12_0.json	1447866000.0	140.56	389	422
snapshot_11_18_2015_6_0.json	1447844400.0	140.56	389	422
snapshot_11_19_2015_0_0.json	1447909200.0	140.56	389	410
snapshot_11_19_2015_12_0.json	1447952400.0	140.56	389	408
snapshot_11_19_2015_6_0.json	1447930800.0	140.56	389	408
snapshot_11_20_2015_0_0.json	1447995600.0	140.56	389	408
snapshot_11_21_2015_12_0.json	1448125200.0	172.15	389	408
snapshot_11_21_2015_18_0.json	1448146800.0	172.15	389	408
snapshot_11_22_2015_12_0.json	1448211600.0	172.15	389	406
snapshot_11_22_2015_12_0.json	1448211600.0	172.15	389	406
snapshot_11_22_2015_18_0.json	1448233200.0	172.15	389	404
snapshot_11_22_2015_6_0.json	1448190000.0	172.15	389	406
snapshot_11_23_2015_0_0.json	1448254800.0	172.15	389	404
snapshot_11_23_2015_12_0.json	1448298000.0	172.15	389	402
snapshot_11_23_2015_18_0.json	1448319600.0	172.15	389	408
snapshot_11_23_2015_6_0.json	1448276400.0	172.15	389	402
snapshot_11_24_2015_0_0.json	1448341200.0	172.15	389	406
snapshot_11_24_2015_12_0.json	1448384400.0	172.15	389	406
snapshot_11_24_2015_18_0.json	1448406000.0	172.15	389	396
snapshot_11_24_2015_6_0.json	1448362800.0	172.15	389	406
snapshot_11_25_2015_0_0.json	1448427600.0	172.15	389	404
snapshot_11_25_2015_12_0.json	1448470800.0	172.15	389	404
snapshot_11_25_2015_18_0.json	1448492400.0	172.15	389	400
snapshot_11_25_2015_6_0.json	1448449200.0	172.15	389	404
snapshot_11_26_2015_0_0.json	1448514000.0	172.15	389	400
snapshot_11_27_2015_18_0.json	1448665200.0	172.15	389	400
snapshot_11_28_2015_12_0.json	1448730000.0	172.15	389	383
snapshot_11_28_2015_18_0.json	1448751600.0	172.15	389	373
snapshot_11_29_2015_0_0.json	1448773200.0	172.15	389	360
snapshot_11_29_2015_0_0.json	1448773200.0	172.15	389	360
snapshot_11_29_2015_18_0.json	1448838000.0	172.15	389	347
snapshot_11_29_2015_6_0.json	1448794800.0	172.15	389	353
snapshot_11_30_2015_0_0.json	1448859600.0	172.15	389	337
snapshot_11_30_2015_0_0.json	1448859600.0	172.15	389	337
snapshot_11_30_2015_12_0.json	1448902800.0	172.15	389	330
snapshot_11_30_2015_18_0.json	1448924400.0	172.15	389	326
snapshot_11_30_2015_6_0.json	1448881200.0	172.15	389	330
snapshot_12_1_2015_0_0.json	1448946000.0	174.76	389	322
snapshot_12_1_2015_0_0.json	1448946000.0	174.76	389	322
snapshot_12_1_2015_12_0.json	1448989200.0	174.76	389	320
snapshot_12_1_2015_18_0.json	1449010800.0	174.76	389	320
snapshot_12_1_2015_6_0.json	1448967600.0	174.76	389	320
snapshot_12_2_2015_6_0.json	1449054000.0	174.76	389	308
snapshot_12_2_2015_6_0.json	1449054000.0	174.76	389	308
snapshot_12_3_2015_0_0.json	1449118800.0	174.76	389	302
snapshot_12_3_2015_12_0.json	1449162000.0	174.76	389	302
snapshot_12_3_2015_18_0.json	1449183600.0	174.76	389	304
snapshot_12_3_2015_6_0.json	1449140400.0	174.76	389	302
snapshot_12_4_2015_0_0.json	1449205200.0	174.76	389	304
snapshot_12_4_2015_0_0.json	1449205200.0	174.76	389	304
snapshot_12_4_2015_12_0.json	1449248400.0	174.76	389	304
snapshot_12_4_2015_18_0.json	1449270000.0	174.76	389	302
snapshot_12_4_2015_6_0.json	1449226800.0	174.76	389	304
snapshot_12_5_2015_0_0.json	1449291600.0	174.76	389	300
snapshot_12_5_2015_12_0.json	1449334800.0	174.76	389	300
snapshot_12_5_2015_18_0.json	1449356400.0	174.76	389	292
snapshot_12_5_2015_6_0.json	1449313200.0	174.76	389	300
