9291528	2016-01-03T01:30:00Z	The Lion King	Cadillac Palace Theatre	Illinois Chicago|666	60602
snapshot_11_16_2015_0_0.json	1447650000.0	152.26	389	408
snapshot_11_17_2015_0_0.json	1447736400.0	152.26	389	406
snapshot_11_17_2015_12_0.json	1447779600.0	152.26	389	410
snapshot_11_17_2015_18_0.json	1447801200.0	152.26	389	410
snapshot_11_17_2015_18_0.json	1447801200.0	152.26	389	410
snapshot_11_17_2015_6_0.json	1447758000.0	152.26	389	400
snapshot_11_17_2015_6_0.json	1447758000.0	152.26	389	400
snapshot_11_18_2015_0_0.json	1447822800.0	152.26	389	410
snapshot_11_18_2015_12_0.json	1447866000.0	152.26	389	408
snapshot_11_18_2015_12_0.json	1447866000.0	152.26	389	408
snapshot_11_18_2015_18_0.json	1447887600.0	152.26	389	408
snapshot_11_18_2015_6_0.json	1447844400.0	152.26	389	408
snapshot_11_18_2015_6_0.json	1447844400.0	152.26	389	408
snapshot_11_19_2015_0_0.json	1447909200.0	152.26	389	414
snapshot_11_19_2015_12_0.json	1447952400.0	152.26	389	407
snapshot_11_19_2015_6_0.json	1447930800.0	152.26	389	407
snapshot_11_20_2015_0_0.json	1447995600.0	152.26	389	411
snapshot_11_21_2015_12_0.json	1448125200.0	164.45	389	485
snapshot_11_21_2015_18_0.json	1448146800.0	164.45	389	485
snapshot_11_22_2015_12_0.json	1448211600.0	164.45	389	473
snapshot_11_22_2015_12_0.json	1448211600.0	164.45	389	473
snapshot_11_22_2015_18_0.json	1448233200.0	164.45	389	473
snapshot_11_22_2015_18_0.json	1448233200.0	164.45	389	473
snapshot_11_22_2015_6_0.json	1448190000.0	164.45	389	473
snapshot_11_23_2015_0_0.json	1448254800.0	164.45	389	464
snapshot_11_23_2015_12_0.json	1448298000.0	164.45	389	453
snapshot_11_23_2015_18_0.json	1448319600.0	174.9	389	446
snapshot_11_23_2015_6_0.json	1448276400.0	164.45	389	455
snapshot_11_23_2015_6_0.json	1448276400.0	164.45	389	455
snapshot_11_24_2015_0_0.json	1448341200.0	174.9	389	443
snapshot_11_24_2015_12_0.json	1448384400.0	174.9	389	437
snapshot_11_24_2015_18_0.json	1448406000.0	174.9	389	437
snapshot_11_24_2015_6_0.json	1448362800.0	174.9	389	437
snapshot_11_25_2015_0_0.json	1448427600.0	174.9	389	437
snapshot_11_25_2015_0_0.json	1448427600.0	174.9	389	437
snapshot_11_25_2015_12_0.json	1448470800.0	174.9	389	437
snapshot_11_25_2015_18_0.json	1448492400.0	174.9	389	437
snapshot_11_25_2015_18_0.json	1448492400.0	174.9	389	437
snapshot_11_25_2015_6_0.json	1448449200.0	174.9	389	437
snapshot_11_26_2015_0_0.json	1448514000.0	174.9	389	447
snapshot_11_26_2015_0_0.json	1448514000.0	174.9	389	447
snapshot_11_27_2015_18_0.json	1448665200.0	174.9	389	434
snapshot_11_28_2015_0_0.json	1448686800.0	174.9	389	434
snapshot_11_28_2015_12_0.json	1448730000.0	174.9	389	432
snapshot_11_28_2015_18_0.json	1448751600.0	174.9	389	447
snapshot_11_28_2015_6_0.json	1448708400.0	174.9	389	432
snapshot_11_29_2015_0_0.json	1448773200.0	174.9	389	439
snapshot_11_29_2015_12_0.json	1448816400.0	174.9	389	439
snapshot_11_29_2015_18_0.json	1448838000.0	174.9	389	434
snapshot_11_29_2015_6_0.json	1448794800.0	174.9	389	439
snapshot_11_30_2015_0_0.json	1448859600.0	174.9	389	434
snapshot_11_30_2015_12_0.json	1448902800.0	194.38	389	432
snapshot_11_30_2015_18_0.json	1448924400.0	194.38	389	424
snapshot_11_30_2015_6_0.json	1448881200.0	194.38	389	432
snapshot_12_1_2015_12_0.json	1448989200.0	194.38	389	415
snapshot_12_1_2015_18_0.json	1449010800.0	194.38	389	415
snapshot_12_1_2015_6_0.json	1448967600.0	194.38	389	415
snapshot_12_2_2015_6_0.json	1449054000.0	194.38	389	412
snapshot_12_3_2015_0_0.json	1449118800.0	194.38	389	416
snapshot_12_3_2015_12_0.json	1449162000.0	194.38	389	425
snapshot_12_3_2015_18_0.json	1449183600.0	194.38	389	425
snapshot_12_3_2015_6_0.json	1449140400.0	194.38	389	416
snapshot_12_4_2015_12_0.json	1449248400.0	194.38	389	427
snapshot_12_4_2015_18_0.json	1449270000.0	194.38	389	425
snapshot_12_4_2015_6_0.json	1449226800.0	194.38	389	427
snapshot_12_5_2015_12_0.json	1449334800.0	194.38	389	420
snapshot_12_5_2015_6_0.json	1449313200.0	194.38	389	420
snapshot_12_5_2015_6_0.json	1449313200.0	194.38	389	420
9291528	2016-01-03T01:30:00Z	The Lion King	Cadillac Palace Theatre	Illinois Chicago|666	60602
snapshot_11_16_2015_0_0.json	1447650000.0	152.26	389	408
snapshot_11_17_2015_0_0.json	1447736400.0	152.26	389	406
snapshot_11_17_2015_12_0.json	1447779600.0	152.26	389	410
snapshot_11_17_2015_18_0.json	1447801200.0	152.26	389	410
snapshot_11_17_2015_18_0.json	1447801200.0	152.26	389	410
snapshot_11_17_2015_6_0.json	1447758000.0	152.26	389	400
snapshot_11_17_2015_6_0.json	1447758000.0	152.26	389	400
snapshot_11_18_2015_0_0.json	1447822800.0	152.26	389	410
snapshot_11_18_2015_12_0.json	1447866000.0	152.26	389	408
snapshot_11_18_2015_12_0.json	1447866000.0	152.26	389	408
snapshot_11_18_2015_18_0.json	1447887600.0	152.26	389	408
snapshot_11_18_2015_6_0.json	1447844400.0	152.26	389	408
snapshot_11_18_2015_6_0.json	1447844400.0	152.26	389	408
snapshot_11_19_2015_0_0.json	1447909200.0	152.26	389	414
snapshot_11_19_2015_12_0.json	1447952400.0	152.26	389	407
snapshot_11_19_2015_6_0.json	1447930800.0	152.26	389	407
snapshot_11_20_2015_0_0.json	1447995600.0	152.26	389	411
snapshot_11_21_2015_12_0.json	1448125200.0	164.45	389	485
snapshot_11_21_2015_18_0.json	1448146800.0	164.45	389	485
snapshot_11_22_2015_12_0.json	1448211600.0	164.45	389	473
snapshot_11_22_2015_12_0.json	1448211600.0	164.45	389	473
snapshot_11_22_2015_18_0.json	1448233200.0	164.45	389	473
snapshot_11_22_2015_18_0.json	1448233200.0	164.45	389	473
snapshot_11_22_2015_6_0.json	1448190000.0	164.45	389	473
snapshot_11_23_2015_0_0.json	1448254800.0	164.45	389	464
snapshot_11_23_2015_12_0.json	1448298000.0	164.45	389	453
snapshot_11_23_2015_18_0.json	1448319600.0	174.9	389	446
snapshot_11_23_2015_6_0.json	1448276400.0	164.45	389	455
snapshot_11_23_2015_6_0.json	1448276400.0	164.45	389	455
snapshot_11_24_2015_0_0.json	1448341200.0	174.9	389	443
snapshot_11_24_2015_12_0.json	1448384400.0	174.9	389	437
snapshot_11_24_2015_18_0.json	1448406000.0	174.9	389	437
snapshot_11_24_2015_6_0.json	1448362800.0	174.9	389	437
snapshot_11_25_2015_0_0.json	1448427600.0	174.9	389	437
snapshot_11_25_2015_0_0.json	1448427600.0	174.9	389	437
snapshot_11_25_2015_12_0.json	1448470800.0	174.9	389	437
snapshot_11_25_2015_18_0.json	1448492400.0	174.9	389	437
snapshot_11_25_2015_18_0.json	1448492400.0	174.9	389	437
snapshot_11_25_2015_6_0.json	1448449200.0	174.9	389	437
snapshot_11_26_2015_0_0.json	1448514000.0	174.9	389	447
snapshot_11_26_2015_0_0.json	1448514000.0	174.9	389	447
snapshot_11_27_2015_18_0.json	1448665200.0	174.9	389	434
snapshot_11_28_2015_0_0.json	1448686800.0	174.9	389	434
snapshot_11_28_2015_12_0.json	1448730000.0	174.9	389	432
snapshot_11_28_2015_18_0.json	1448751600.0	174.9	389	447
snapshot_11_28_2015_6_0.json	1448708400.0	174.9	389	432
snapshot_11_29_2015_0_0.json	1448773200.0	174.9	389	439
snapshot_11_29_2015_12_0.json	1448816400.0	174.9	389	439
snapshot_11_29_2015_18_0.json	1448838000.0	174.9	389	434
snapshot_11_29_2015_6_0.json	1448794800.0	174.9	389	439
snapshot_11_30_2015_0_0.json	1448859600.0	174.9	389	434
snapshot_11_30_2015_12_0.json	1448902800.0	194.38	389	432
snapshot_11_30_2015_18_0.json	1448924400.0	194.38	389	424
snapshot_11_30_2015_6_0.json	1448881200.0	194.38	389	432
snapshot_12_1_2015_12_0.json	1448989200.0	194.38	389	415
snapshot_12_1_2015_18_0.json	1449010800.0	194.38	389	415
snapshot_12_1_2015_6_0.json	1448967600.0	194.38	389	415
snapshot_12_2_2015_6_0.json	1449054000.0	194.38	389	412
snapshot_12_3_2015_0_0.json	1449118800.0	194.38	389	416
snapshot_12_3_2015_12_0.json	1449162000.0	194.38	389	425
snapshot_12_3_2015_18_0.json	1449183600.0	194.38	389	425
snapshot_12_3_2015_6_0.json	1449140400.0	194.38	389	416
snapshot_12_4_2015_12_0.json	1449248400.0	194.38	389	427
snapshot_12_4_2015_18_0.json	1449270000.0	194.38	389	425
snapshot_12_4_2015_6_0.json	1449226800.0	194.38	389	427
snapshot_12_5_2015_12_0.json	1449334800.0	194.38	389	420
snapshot_12_5_2015_6_0.json	1449313200.0	194.38	389	420
snapshot_12_5_2015_6_0.json	1449313200.0	194.38	389	420
