9291501	2016-01-08T01:30:00Z	The Lion King	Cadillac Palace Theatre	Illinois Chicago|666	60602
snapshot_11_17_2015_0_0.json	1447736400.0	102.61	267	172
snapshot_11_17_2015_12_0.json	1447779600.0	102.61	267	172
snapshot_11_17_2015_6_0.json	1447758000.0	102.61	267	172
snapshot_11_18_2015_0_0.json	1447822800.0	118.65	267	172
snapshot_11_18_2015_12_0.json	1447866000.0	118.65	267	172
snapshot_11_18_2015_12_0.json	1447866000.0	118.65	267	172
snapshot_11_18_2015_18_0.json	1447887600.0	118.65	267	172
snapshot_11_18_2015_6_0.json	1447844400.0	118.65	267	172
snapshot_11_18_2015_6_0.json	1447844400.0	118.65	267	172
snapshot_11_19_2015_0_0.json	1447909200.0	118.65	267	175
snapshot_11_19_2015_12_0.json	1447952400.0	118.65	267	191
snapshot_11_19_2015_6_0.json	1447930800.0	118.65	267	191
snapshot_11_20_2015_12_0.json	1448038800.0	118.65	267	191
snapshot_11_21_2015_12_0.json	1448125200.0	118.65	311	244
snapshot_11_21_2015_18_0.json	1448146800.0	118.65	311	244
snapshot_11_22_2015_12_0.json	1448211600.0	118.65	311	244
snapshot_11_22_2015_18_0.json	1448233200.0	118.65	311	244
snapshot_11_22_2015_18_0.json	1448233200.0	118.65	311	244
snapshot_11_23_2015_0_0.json	1448254800.0	118.65	311	237
snapshot_11_23_2015_12_0.json	1448298000.0	118.65	311	237
snapshot_11_23_2015_18_0.json	1448319600.0	118.65	311	235
snapshot_11_23_2015_6_0.json	1448276400.0	118.65	311	237
snapshot_11_24_2015_12_0.json	1448384400.0	118.65	311	239
snapshot_11_24_2015_18_0.json	1448406000.0	118.65	311	235
snapshot_11_24_2015_6_0.json	1448362800.0	118.65	311	239
snapshot_11_25_2015_0_0.json	1448427600.0	118.65	311	235
snapshot_11_25_2015_12_0.json	1448470800.0	122.07	311	233
snapshot_11_25_2015_18_0.json	1448492400.0	122.07	311	233
snapshot_11_25_2015_6_0.json	1448449200.0	122.07	311	233
snapshot_11_26_2015_0_0.json	1448514000.0	122.07	311	233
snapshot_11_27_2015_18_0.json	1448665200.0	122.07	311	226
snapshot_11_27_2015_18_0.json	1448665200.0	122.07	311	226
snapshot_11_28_2015_0_0.json	1448686800.0	122.07	311	226
snapshot_11_28_2015_12_0.json	1448730000.0	122.07	327	226
snapshot_11_28_2015_18_0.json	1448751600.0	122.07	327	226
snapshot_11_28_2015_18_0.json	1448751600.0	122.07	327	226
snapshot_11_29_2015_0_0.json	1448773200.0	122.07	327	220
snapshot_11_29_2015_12_0.json	1448816400.0	122.07	327	218
snapshot_11_29_2015_18_0.json	1448838000.0	122.07	327	218
snapshot_11_29_2015_6_0.json	1448794800.0	122.07	327	220
snapshot_11_30_2015_0_0.json	1448859600.0	122.07	327	218
snapshot_11_30_2015_12_0.json	1448902800.0	122.07	327	218
snapshot_11_30_2015_18_0.json	1448924400.0	124.37	327	202
snapshot_12_1_2015_12_0.json	1448989200.0	141.54	327	202
snapshot_12_1_2015_18_0.json	1449010800.0	141.54	327	200
snapshot_12_1_2015_18_0.json	1449010800.0	141.54	327	200
snapshot_12_1_2015_6_0.json	1448967600.0	141.54	327	202
snapshot_12_2_2015_0_0.json	1449032400.0	141.54	327	200
snapshot_12_2_2015_12_0.json	1449075600.0	141.54	327	195
snapshot_12_2_2015_6_0.json	1449054000.0	141.54	327	195
snapshot_12_2_2015_6_0.json	1449054000.0	141.54	327	195
snapshot_12_3_2015_12_0.json	1449162000.0	141.54	327	193
snapshot_12_3_2015_18_0.json	1449183600.0	141.54	327	197
snapshot_12_4_2015_0_0.json	1449205200.0	141.54	327	205
snapshot_12_4_2015_12_0.json	1449248400.0	141.54	327	198
snapshot_12_4_2015_6_0.json	1449226800.0	141.54	327	198
snapshot_12_5_2015_0_0.json	1449291600.0	141.54	327	194
snapshot_12_5_2015_12_0.json	1449334800.0	141.54	327	194
snapshot_12_5_2015_18_0.json	1449356400.0	141.54	327	194
snapshot_12_5_2015_6_0.json	1449313200.0	141.54	327	194
9291501	2016-01-08T01:30:00Z	The Lion King	Cadillac Palace Theatre	Illinois Chicago|666	60602
snapshot_11_17_2015_0_0.json	1447736400.0	102.61	267	172
snapshot_11_17_2015_12_0.json	1447779600.0	102.61	267	172
snapshot_11_17_2015_6_0.json	1447758000.0	102.61	267	172
snapshot_11_18_2015_0_0.json	1447822800.0	118.65	267	172
snapshot_11_18_2015_12_0.json	1447866000.0	118.65	267	172
snapshot_11_18_2015_12_0.json	1447866000.0	118.65	267	172
snapshot_11_18_2015_18_0.json	1447887600.0	118.65	267	172
snapshot_11_18_2015_6_0.json	1447844400.0	118.65	267	172
snapshot_11_18_2015_6_0.json	1447844400.0	118.65	267	172
snapshot_11_19_2015_0_0.json	1447909200.0	118.65	267	175
snapshot_11_19_2015_12_0.json	1447952400.0	118.65	267	191
snapshot_11_19_2015_6_0.json	1447930800.0	118.65	267	191
snapshot_11_20_2015_12_0.json	1448038800.0	118.65	267	191
snapshot_11_21_2015_12_0.json	1448125200.0	118.65	311	244
snapshot_11_21_2015_18_0.json	1448146800.0	118.65	311	244
snapshot_11_22_2015_12_0.json	1448211600.0	118.65	311	244
snapshot_11_22_2015_18_0.json	1448233200.0	118.65	311	244
snapshot_11_22_2015_18_0.json	1448233200.0	118.65	311	244
snapshot_11_23_2015_0_0.json	1448254800.0	118.65	311	237
snapshot_11_23_2015_12_0.json	1448298000.0	118.65	311	237
snapshot_11_23_2015_18_0.json	1448319600.0	118.65	311	235
snapshot_11_23_2015_6_0.json	1448276400.0	118.65	311	237
snapshot_11_24_2015_12_0.json	1448384400.0	118.65	311	239
snapshot_11_24_2015_18_0.json	1448406000.0	118.65	311	235
snapshot_11_24_2015_6_0.json	1448362800.0	118.65	311	239
snapshot_11_25_2015_0_0.json	1448427600.0	118.65	311	235
snapshot_11_25_2015_12_0.json	1448470800.0	122.07	311	233
snapshot_11_25_2015_18_0.json	1448492400.0	122.07	311	233
snapshot_11_25_2015_6_0.json	1448449200.0	122.07	311	233
snapshot_11_26_2015_0_0.json	1448514000.0	122.07	311	233
snapshot_11_27_2015_18_0.json	1448665200.0	122.07	311	226
snapshot_11_27_2015_18_0.json	1448665200.0	122.07	311	226
snapshot_11_28_2015_0_0.json	1448686800.0	122.07	311	226
snapshot_11_28_2015_12_0.json	1448730000.0	122.07	327	226
snapshot_11_28_2015_18_0.json	1448751600.0	122.07	327	226
snapshot_11_28_2015_18_0.json	1448751600.0	122.07	327	226
snapshot_11_29_2015_0_0.json	1448773200.0	122.07	327	220
snapshot_11_29_2015_12_0.json	1448816400.0	122.07	327	218
snapshot_11_29_2015_18_0.json	1448838000.0	122.07	327	218
snapshot_11_29_2015_6_0.json	1448794800.0	122.07	327	220
snapshot_11_30_2015_0_0.json	1448859600.0	122.07	327	218
snapshot_11_30_2015_12_0.json	1448902800.0	122.07	327	218
snapshot_11_30_2015_18_0.json	1448924400.0	124.37	327	202
snapshot_12_1_2015_12_0.json	1448989200.0	141.54	327	202
snapshot_12_1_2015_18_0.json	1449010800.0	141.54	327	200
snapshot_12_1_2015_18_0.json	1449010800.0	141.54	327	200
snapshot_12_1_2015_6_0.json	1448967600.0	141.54	327	202
snapshot_12_2_2015_0_0.json	1449032400.0	141.54	327	200
snapshot_12_2_2015_12_0.json	1449075600.0	141.54	327	195
snapshot_12_2_2015_6_0.json	1449054000.0	141.54	327	195
snapshot_12_2_2015_6_0.json	1449054000.0	141.54	327	195
snapshot_12_3_2015_12_0.json	1449162000.0	141.54	327	193
snapshot_12_3_2015_18_0.json	1449183600.0	141.54	327	197
snapshot_12_4_2015_0_0.json	1449205200.0	141.54	327	205
snapshot_12_4_2015_12_0.json	1449248400.0	141.54	327	198
snapshot_12_4_2015_6_0.json	1449226800.0	141.54	327	198
snapshot_12_5_2015_0_0.json	1449291600.0	141.54	327	194
snapshot_12_5_2015_12_0.json	1449334800.0	141.54	327	194
snapshot_12_5_2015_18_0.json	1449356400.0	141.54	327	194
snapshot_12_5_2015_6_0.json	1449313200.0	141.54	327	194
