9291511	2015-12-14T00:30:00Z	The Lion King	Cadillac Palace Theatre	Illinois Chicago|666	60602
snapshot_11_17_2015_0_0.json	1447736400.0	153.43	346.28	85
snapshot_11_17_2015_0_0.json	1447736400.0	153.43	346.28	85
snapshot_11_17_2015_12_0.json	1447779600.0	153.43	346.28	93
snapshot_11_17_2015_18_0.json	1447801200.0	153.43	346.28	93
snapshot_11_17_2015_6_0.json	1447758000.0	153.43	346.28	93
snapshot_11_18_2015_0_0.json	1447822800.0	153.43	285.93	93
snapshot_11_18_2015_12_0.json	1447866000.0	153.43	285.93	89
snapshot_11_18_2015_18_0.json	1447887600.0	153.43	285.93	87
snapshot_11_18_2015_6_0.json	1447844400.0	153.43	285.93	91
snapshot_11_19_2015_0_0.json	1447909200.0	153.43	293.68	87
snapshot_11_19_2015_12_0.json	1447952400.0	153.43	293.68	81
snapshot_11_19_2015_6_0.json	1447930800.0	153.43	293.68	81
snapshot_11_22_2015_12_0.json	1448211600.0	148.75	293.68	68
snapshot_11_22_2015_18_0.json	1448233200.0	148.75	293.68	68
snapshot_11_22_2015_18_0.json	1448233200.0	148.75	293.68	68
snapshot_11_22_2015_6_0.json	1448190000.0	148.75	293.68	68
snapshot_11_22_2015_6_0.json	1448190000.0	148.75	293.68	68
snapshot_11_23_2015_0_0.json	1448254800.0	154.14	293.68	56
snapshot_11_23_2015_12_0.json	1448298000.0	154.14	293.68	56
snapshot_11_23_2015_18_0.json	1448319600.0	154.14	293.68	56
snapshot_11_23_2015_6_0.json	1448276400.0	154.14	293.68	56
snapshot_11_24_2015_18_0.json	1448406000.0	154.14	293.68	54
snapshot_11_24_2015_6_0.json	1448362800.0	154.14	293.68	54
snapshot_11_25_2015_12_0.json	1448470800.0	154.14	293.68	48
snapshot_11_25_2015_18_0.json	1448492400.0	154.14	293.68	48
snapshot_11_25_2015_6_0.json	1448449200.0	154.14	293.68	48
snapshot_11_26_2015_0_0.json	1448514000.0	154.14	293.68	58
snapshot_11_27_2015_18_0.json	1448665200.0	154.14	293.68	58
snapshot_11_28_2015_0_0.json	1448686800.0	154.14	293.68	64
snapshot_11_28_2015_12_0.json	1448730000.0	154.14	293.68	59
snapshot_11_28_2015_18_0.json	1448751600.0	154.14	293.68	59
snapshot_11_29_2015_0_0.json	1448773200.0	154.14	293.68	59
snapshot_11_29_2015_12_0.json	1448816400.0	154.14	293.68	59
snapshot_11_29_2015_6_0.json	1448794800.0	154.14	293.68	59
snapshot_11_29_2015_6_0.json	1448794800.0	154.14	293.68	59
snapshot_11_30_2015_0_0.json	1448859600.0	154.14	293.68	50
snapshot_11_30_2015_12_0.json	1448902800.0	154.14	293.68	48
snapshot_11_30_2015_18_0.json	1448924400.0	154.14	293.68	46
snapshot_12_1_2015_0_0.json	1448946000.0	154.14	293.68	42
snapshot_12_1_2015_12_0.json	1448989200.0	154.14	293.68	42
snapshot_12_1_2015_18_0.json	1449010800.0	164.45	293.68	39
snapshot_12_1_2015_6_0.json	1448967600.0	154.14	293.68	42
snapshot_12_2_2015_0_0.json	1449032400.0	164.45	293.68	39
snapshot_12_2_2015_12_0.json	1449075600.0	164.45	293.68	33
snapshot_12_2_2015_18_0.json	1449097200.0	164.45	293.68	24
snapshot_12_2_2015_6_0.json	1449054000.0	164.45	293.68	33
snapshot_12_2_2015_6_0.json	1449054000.0	164.45	293.68	33
snapshot_12_3_2015_0_0.json	1449118800.0	164.45	272.07	26
snapshot_12_3_2015_12_0.json	1449162000.0	164.45	272.07	33
snapshot_12_3_2015_18_0.json	1449183600.0	164.45	272.07	33
snapshot_12_3_2015_6_0.json	1449140400.0	164.45	272.07	24
snapshot_12_4_2015_0_0.json	1449205200.0	164.45	272.07	39
snapshot_12_4_2015_18_0.json	1449270000.0	164.45	272.07	37
snapshot_12_4_2015_6_0.json	1449226800.0	164.45	272.07	37
snapshot_12_4_2015_6_0.json	1449226800.0	164.45	272.07	37
snapshot_12_5_2015_0_0.json	1449291600.0	164.45	266.14	39
snapshot_12_5_2015_12_0.json	1449334800.0	206.55	266.14	34
snapshot_12_5_2015_18_0.json	1449356400.0	206.55	266.14	31
snapshot_12_5_2015_6_0.json	1449313200.0	200.23	266.14	36
9291511	2015-12-14T00:30:00Z	The Lion King	Cadillac Palace Theatre	Illinois Chicago|666	60602
snapshot_11_17_2015_0_0.json	1447736400.0	153.43	346.28	85
snapshot_11_17_2015_0_0.json	1447736400.0	153.43	346.28	85
snapshot_11_17_2015_12_0.json	1447779600.0	153.43	346.28	93
snapshot_11_17_2015_18_0.json	1447801200.0	153.43	346.28	93
snapshot_11_17_2015_6_0.json	1447758000.0	153.43	346.28	93
snapshot_11_18_2015_0_0.json	1447822800.0	153.43	285.93	93
snapshot_11_18_2015_12_0.json	1447866000.0	153.43	285.93	89
snapshot_11_18_2015_18_0.json	1447887600.0	153.43	285.93	87
snapshot_11_18_2015_6_0.json	1447844400.0	153.43	285.93	91
snapshot_11_19_2015_0_0.json	1447909200.0	153.43	293.68	87
snapshot_11_19_2015_12_0.json	1447952400.0	153.43	293.68	81
snapshot_11_19_2015_6_0.json	1447930800.0	153.43	293.68	81
snapshot_11_22_2015_12_0.json	1448211600.0	148.75	293.68	68
snapshot_11_22_2015_18_0.json	1448233200.0	148.75	293.68	68
snapshot_11_22_2015_18_0.json	1448233200.0	148.75	293.68	68
snapshot_11_22_2015_6_0.json	1448190000.0	148.75	293.68	68
snapshot_11_22_2015_6_0.json	1448190000.0	148.75	293.68	68
snapshot_11_23_2015_0_0.json	1448254800.0	154.14	293.68	56
snapshot_11_23_2015_12_0.json	1448298000.0	154.14	293.68	56
snapshot_11_23_2015_18_0.json	1448319600.0	154.14	293.68	56
snapshot_11_23_2015_6_0.json	1448276400.0	154.14	293.68	56
snapshot_11_24_2015_18_0.json	1448406000.0	154.14	293.68	54
snapshot_11_24_2015_6_0.json	1448362800.0	154.14	293.68	54
snapshot_11_25_2015_12_0.json	1448470800.0	154.14	293.68	48
snapshot_11_25_2015_18_0.json	1448492400.0	154.14	293.68	48
snapshot_11_25_2015_6_0.json	1448449200.0	154.14	293.68	48
snapshot_11_26_2015_0_0.json	1448514000.0	154.14	293.68	58
snapshot_11_27_2015_18_0.json	1448665200.0	154.14	293.68	58
snapshot_11_28_2015_0_0.json	1448686800.0	154.14	293.68	64
snapshot_11_28_2015_12_0.json	1448730000.0	154.14	293.68	59
snapshot_11_28_2015_18_0.json	1448751600.0	154.14	293.68	59
snapshot_11_29_2015_0_0.json	1448773200.0	154.14	293.68	59
snapshot_11_29_2015_12_0.json	1448816400.0	154.14	293.68	59
snapshot_11_29_2015_6_0.json	1448794800.0	154.14	293.68	59
snapshot_11_29_2015_6_0.json	1448794800.0	154.14	293.68	59
snapshot_11_30_2015_0_0.json	1448859600.0	154.14	293.68	50
snapshot_11_30_2015_12_0.json	1448902800.0	154.14	293.68	48
snapshot_11_30_2015_18_0.json	1448924400.0	154.14	293.68	46
snapshot_12_1_2015_0_0.json	1448946000.0	154.14	293.68	42
snapshot_12_1_2015_12_0.json	1448989200.0	154.14	293.68	42
snapshot_12_1_2015_18_0.json	1449010800.0	164.45	293.68	39
snapshot_12_1_2015_6_0.json	1448967600.0	154.14	293.68	42
snapshot_12_2_2015_0_0.json	1449032400.0	164.45	293.68	39
snapshot_12_2_2015_12_0.json	1449075600.0	164.45	293.68	33
snapshot_12_2_2015_18_0.json	1449097200.0	164.45	293.68	24
snapshot_12_2_2015_6_0.json	1449054000.0	164.45	293.68	33
snapshot_12_2_2015_6_0.json	1449054000.0	164.45	293.68	33
snapshot_12_3_2015_0_0.json	1449118800.0	164.45	272.07	26
snapshot_12_3_2015_12_0.json	1449162000.0	164.45	272.07	33
snapshot_12_3_2015_18_0.json	1449183600.0	164.45	272.07	33
snapshot_12_3_2015_6_0.json	1449140400.0	164.45	272.07	24
snapshot_12_4_2015_0_0.json	1449205200.0	164.45	272.07	39
snapshot_12_4_2015_18_0.json	1449270000.0	164.45	272.07	37
snapshot_12_4_2015_6_0.json	1449226800.0	164.45	272.07	37
snapshot_12_4_2015_6_0.json	1449226800.0	164.45	272.07	37
snapshot_12_5_2015_0_0.json	1449291600.0	164.45	266.14	39
snapshot_12_5_2015_12_0.json	1449334800.0	206.55	266.14	34
snapshot_12_5_2015_18_0.json	1449356400.0	206.55	266.14	31
snapshot_12_5_2015_6_0.json	1449313200.0	200.23	266.14	36
