9291503	2015-12-06T19:00:00Z	The Lion King	Cadillac Palace Theatre	Illinois Chicago|666	60602
snapshot_11_16_2015_0_0.json	1447650000.0	188.94	405.64	137
snapshot_11_16_2015_0_0.json	1447650000.0	188.94	405.64	137
snapshot_11_17_2015_0_0.json	1447736400.0	188.94	405.64	132
snapshot_11_17_2015_12_0.json	1447779600.0	188.94	405.64	132
snapshot_11_17_2015_18_0.json	1447801200.0	188.94	405.64	132
snapshot_11_17_2015_6_0.json	1447758000.0	188.94	405.64	132
snapshot_11_18_2015_0_0.json	1447822800.0	188.94	405.64	151
snapshot_11_18_2015_12_0.json	1447866000.0	188.94	405.64	144
snapshot_11_18_2015_6_0.json	1447844400.0	188.94	405.64	144
snapshot_11_19_2015_0_0.json	1447909200.0	188.94	405.64	156
snapshot_11_19_2015_12_0.json	1447952400.0	188.94	405.64	152
snapshot_11_19_2015_6_0.json	1447930800.0	188.94	405.64	152
snapshot_11_20_2015_0_0.json	1447995600.0	188.94	420.48	154
snapshot_11_21_2015_18_0.json	1448146800.0	200.06	371.01	170
snapshot_11_22_2015_0_0.json	1448168400.0	200.06	371.01	165
snapshot_11_22_2015_12_0.json	1448211600.0	200.06	346.28	161
snapshot_11_22_2015_18_0.json	1448233200.0	200.06	346.28	161
snapshot_11_22_2015_18_0.json	1448233200.0	200.06	346.28	161
snapshot_11_22_2015_6_0.json	1448190000.0	200.06	346.28	161
snapshot_11_22_2015_6_0.json	1448190000.0	200.06	346.28	161
snapshot_11_23_2015_0_0.json	1448254800.0	200.06	346.28	161
snapshot_11_23_2015_12_0.json	1448298000.0	200.06	346.28	159
snapshot_11_23_2015_12_0.json	1448298000.0	200.06	346.28	159
snapshot_11_23_2015_6_0.json	1448276400.0	200.06	346.28	159
snapshot_11_23_2015_6_0.json	1448276400.0	200.06	346.28	159
snapshot_11_24_2015_12_0.json	1448384400.0	200.06	321.54	137
snapshot_11_24_2015_18_0.json	1448406000.0	200.06	390.8	149
snapshot_11_24_2015_6_0.json	1448362800.0	200.06	321.54	137
snapshot_11_25_2015_0_0.json	1448427600.0	133.95	295	162
snapshot_11_25_2015_0_0.json	1448427600.0	133.95	295	162
snapshot_11_25_2015_12_0.json	1448470800.0	133.95	295	161
snapshot_11_25_2015_6_0.json	1448449200.0	133.95	295	161
snapshot_11_26_2015_0_0.json	1448514000.0	133.95	295	171
snapshot_11_26_2015_0_0.json	1448514000.0	133.95	295	171
snapshot_11_27_2015_18_0.json	1448665200.0	133.95	295	148
snapshot_11_28_2015_0_0.json	1448686800.0	133.95	295	144
snapshot_11_28_2015_12_0.json	1448730000.0	133.95	295	144
snapshot_11_28_2015_18_0.json	1448751600.0	133.95	295	144
snapshot_11_29_2015_12_0.json	1448816400.0	133.95	295	134
snapshot_11_29_2015_18_0.json	1448838000.0	133.95	295	130
snapshot_11_29_2015_18_0.json	1448838000.0	133.95	295	130
snapshot_11_29_2015_6_0.json	1448794800.0	133.95	295	134
snapshot_11_29_2015_6_0.json	1448794800.0	133.95	295	134
snapshot_11_30_2015_12_0.json	1448902800.0	133.95	295	112
snapshot_11_30_2015_18_0.json	1448924400.0	133.95	295	110
snapshot_11_30_2015_6_0.json	1448881200.0	133.95	295	112
snapshot_12_1_2015_12_0.json	1448989200.0	133.95	321.54	109
snapshot_12_1_2015_18_0.json	1449010800.0	133.95	321.54	103
snapshot_12_1_2015_6_0.json	1448967600.0	133.95	321.54	105
snapshot_12_2_2015_12_0.json	1449075600.0	133.95	295	76
snapshot_12_2_2015_18_0.json	1449097200.0	110.55	295	89
snapshot_12_2_2015_6_0.json	1449054000.0	133.95	295	76
snapshot_12_3_2015_0_0.json	1449118800.0	185.02	295	59
snapshot_12_3_2015_0_0.json	1449118800.0	185.02	295	59
snapshot_12_3_2015_12_0.json	1449162000.0	177.82	295	52
snapshot_12_3_2015_18_0.json	1449183600.0	185.02	295	50
snapshot_12_4_2015_0_0.json	1449205200.0	101.19	295	69
snapshot_12_4_2015_18_0.json	1449270000.0	165.13	295	68
snapshot_12_4_2015_6_0.json	1449226800.0	88.32	295	68
snapshot_12_5_2015_0_0.json	1449291600.0	191.28	295	67
snapshot_12_5_2015_18_0.json	1449356400.0	164.84	295	40
snapshot_12_5_2015_6_0.json	1449313200.0	177.82	295	62
9291503	2015-12-06T19:00:00Z	The Lion King	Cadillac Palace Theatre	Illinois Chicago|666	60602
snapshot_11_16_2015_0_0.json	1447650000.0	188.94	405.64	137
snapshot_11_16_2015_0_0.json	1447650000.0	188.94	405.64	137
snapshot_11_17_2015_0_0.json	1447736400.0	188.94	405.64	132
snapshot_11_17_2015_12_0.json	1447779600.0	188.94	405.64	132
snapshot_11_17_2015_18_0.json	1447801200.0	188.94	405.64	132
snapshot_11_17_2015_6_0.json	1447758000.0	188.94	405.64	132
snapshot_11_18_2015_0_0.json	1447822800.0	188.94	405.64	151
snapshot_11_18_2015_12_0.json	1447866000.0	188.94	405.64	144
snapshot_11_18_2015_6_0.json	1447844400.0	188.94	405.64	144
snapshot_11_19_2015_0_0.json	1447909200.0	188.94	405.64	156
snapshot_11_19_2015_12_0.json	1447952400.0	188.94	405.64	152
snapshot_11_19_2015_6_0.json	1447930800.0	188.94	405.64	152
snapshot_11_20_2015_0_0.json	1447995600.0	188.94	420.48	154
snapshot_11_21_2015_18_0.json	1448146800.0	200.06	371.01	170
snapshot_11_22_2015_0_0.json	1448168400.0	200.06	371.01	165
snapshot_11_22_2015_12_0.json	1448211600.0	200.06	346.28	161
snapshot_11_22_2015_18_0.json	1448233200.0	200.06	346.28	161
snapshot_11_22_2015_18_0.json	1448233200.0	200.06	346.28	161
snapshot_11_22_2015_6_0.json	1448190000.0	200.06	346.28	161
snapshot_11_22_2015_6_0.json	1448190000.0	200.06	346.28	161
snapshot_11_23_2015_0_0.json	1448254800.0	200.06	346.28	161
snapshot_11_23_2015_12_0.json	1448298000.0	200.06	346.28	159
snapshot_11_23_2015_12_0.json	1448298000.0	200.06	346.28	159
snapshot_11_23_2015_6_0.json	1448276400.0	200.06	346.28	159
snapshot_11_23_2015_6_0.json	1448276400.0	200.06	346.28	159
snapshot_11_24_2015_12_0.json	1448384400.0	200.06	321.54	137
snapshot_11_24_2015_18_0.json	1448406000.0	200.06	390.8	149
snapshot_11_24_2015_6_0.json	1448362800.0	200.06	321.54	137
snapshot_11_25_2015_0_0.json	1448427600.0	133.95	295	162
snapshot_11_25_2015_0_0.json	1448427600.0	133.95	295	162
snapshot_11_25_2015_12_0.json	1448470800.0	133.95	295	161
snapshot_11_25_2015_6_0.json	1448449200.0	133.95	295	161
snapshot_11_26_2015_0_0.json	1448514000.0	133.95	295	171
snapshot_11_26_2015_0_0.json	1448514000.0	133.95	295	171
snapshot_11_27_2015_18_0.json	1448665200.0	133.95	295	148
snapshot_11_28_2015_0_0.json	1448686800.0	133.95	295	144
snapshot_11_28_2015_12_0.json	1448730000.0	133.95	295	144
snapshot_11_28_2015_18_0.json	1448751600.0	133.95	295	144
snapshot_11_29_2015_12_0.json	1448816400.0	133.95	295	134
snapshot_11_29_2015_18_0.json	1448838000.0	133.95	295	130
snapshot_11_29_2015_18_0.json	1448838000.0	133.95	295	130
snapshot_11_29_2015_6_0.json	1448794800.0	133.95	295	134
snapshot_11_29_2015_6_0.json	1448794800.0	133.95	295	134
snapshot_11_30_2015_12_0.json	1448902800.0	133.95	295	112
snapshot_11_30_2015_18_0.json	1448924400.0	133.95	295	110
snapshot_11_30_2015_6_0.json	1448881200.0	133.95	295	112
snapshot_12_1_2015_12_0.json	1448989200.0	133.95	321.54	109
snapshot_12_1_2015_18_0.json	1449010800.0	133.95	321.54	103
snapshot_12_1_2015_6_0.json	1448967600.0	133.95	321.54	105
snapshot_12_2_2015_12_0.json	1449075600.0	133.95	295	76
snapshot_12_2_2015_18_0.json	1449097200.0	110.55	295	89
snapshot_12_2_2015_6_0.json	1449054000.0	133.95	295	76
snapshot_12_3_2015_0_0.json	1449118800.0	185.02	295	59
snapshot_12_3_2015_0_0.json	1449118800.0	185.02	295	59
snapshot_12_3_2015_12_0.json	1449162000.0	177.82	295	52
snapshot_12_3_2015_18_0.json	1449183600.0	185.02	295	50
snapshot_12_4_2015_0_0.json	1449205200.0	101.19	295	69
snapshot_12_4_2015_18_0.json	1449270000.0	165.13	295	68
snapshot_12_4_2015_6_0.json	1449226800.0	88.32	295	68
snapshot_12_5_2015_0_0.json	1449291600.0	191.28	295	67
snapshot_12_5_2015_18_0.json	1449356400.0	164.84	295	40
snapshot_12_5_2015_6_0.json	1449313200.0	177.82	295	62
