9292751	2015-11-21T22:00:00Z	Riverdance	Keller Auditorium	Oregon Portland|704	97205
snapshot_11_16_2015_0_0.json	1447650000.0	101.95	275	34
snapshot_11_17_2015_0_0.json	1447736400.0	101.95	275	34
snapshot_11_17_2015_12_0.json	1447779600.0	101.95	275	29
snapshot_11_17_2015_18_0.json	1447801200.0	87.91	275	29
snapshot_11_17_2015_6_0.json	1447758000.0	101.95	275	29
snapshot_11_18_2015_0_0.json	1447822800.0	87.91	275	29
snapshot_11_18_2015_12_0.json	1447866000.0	78.55	275	27
snapshot_11_18_2015_12_0.json	1447866000.0	78.55	275	27
snapshot_11_18_2015_18_0.json	1447887600.0	69.19	275	32
snapshot_11_18_2015_6_0.json	1447844400.0	78.55	275	27
snapshot_11_19_2015_0_0.json	1447909200.0	69.19	120.75	13
snapshot_11_19_2015_12_0.json	1447952400.0	69.19	104	6
snapshot_11_19_2015_6_0.json	1447930800.0	69.19	120.75	9
snapshot_11_20_2015_0_0.json	1447995600.0	69.19	72	4
snapshot_11_20_2015_12_0.json	1448038800.0	69.19	72	4
snapshot_11_21_2015_12_0.json	1448125200.0	51.64	57	4
snapshot_11_21_2015_18_0.json	1448146800.0	32.92	32	4
snapshot_11_22_2015_12_0.json	1448211600.0	0	0	0
snapshot_11_22_2015_6_0.json	1448190000.0	0	0	0
snapshot_11_23_2015_0_0.json	1448254800.0	0	0	0
snapshot_11_23_2015_12_0.json	1448298000.0	0	0	0
snapshot_11_23_2015_6_0.json	1448276400.0	0	0	0
snapshot_11_23_2015_6_0.json	1448276400.0	0	0	0
9292751	2015-11-21T22:00:00Z	Riverdance	Keller Auditorium	Oregon Portland|704	97205
snapshot_11_16_2015_0_0.json	1447650000.0	101.95	275	34
snapshot_11_17_2015_0_0.json	1447736400.0	101.95	275	34
snapshot_11_17_2015_12_0.json	1447779600.0	101.95	275	29
snapshot_11_17_2015_18_0.json	1447801200.0	87.91	275	29
snapshot_11_17_2015_6_0.json	1447758000.0	101.95	275	29
snapshot_11_18_2015_0_0.json	1447822800.0	87.91	275	29
snapshot_11_18_2015_12_0.json	1447866000.0	78.55	275	27
snapshot_11_18_2015_12_0.json	1447866000.0	78.55	275	27
snapshot_11_18_2015_18_0.json	1447887600.0	69.19	275	32
snapshot_11_18_2015_6_0.json	1447844400.0	78.55	275	27
snapshot_11_19_2015_0_0.json	1447909200.0	69.19	120.75	13
snapshot_11_19_2015_12_0.json	1447952400.0	69.19	104	6
snapshot_11_19_2015_6_0.json	1447930800.0	69.19	120.75	9
snapshot_11_20_2015_0_0.json	1447995600.0	69.19	72	4
snapshot_11_20_2015_12_0.json	1448038800.0	69.19	72	4
snapshot_11_21_2015_12_0.json	1448125200.0	51.64	57	4
snapshot_11_21_2015_18_0.json	1448146800.0	32.92	32	4
snapshot_11_22_2015_12_0.json	1448211600.0	0	0	0
snapshot_11_22_2015_6_0.json	1448190000.0	0	0	0
snapshot_11_23_2015_0_0.json	1448254800.0	0	0	0
snapshot_11_23_2015_12_0.json	1448298000.0	0	0	0
snapshot_11_23_2015_6_0.json	1448276400.0	0	0	0
snapshot_11_23_2015_6_0.json	1448276400.0	0	0	0
