9292664	2015-12-06T21:00:00Z	Beauty and the Beast	Keller Auditorium	Oregon Portland|704	97205
snapshot_11_16_2015_0_0.json	1447650000.0	96.26	294	91
snapshot_11_17_2015_0_0.json	1447736400.0	96.26	294	91
snapshot_11_17_2015_12_0.json	1447779600.0	96.26	294	89
snapshot_11_17_2015_12_0.json	1447779600.0	96.26	294	89
snapshot_11_17_2015_6_0.json	1447758000.0	96.26	294	89
snapshot_11_18_2015_0_0.json	1447822800.0	96.26	279.3	89
snapshot_11_18_2015_12_0.json	1447866000.0	96.26	279.3	89
snapshot_11_18_2015_12_0.json	1447866000.0	96.26	279.3	89
snapshot_11_18_2015_18_0.json	1447887600.0	96.26	279.3	89
snapshot_11_19_2015_0_0.json	1447909200.0	96.26	279.3	89
snapshot_11_19_2015_0_0.json	1447909200.0	96.26	279.3	89
snapshot_11_19_2015_12_0.json	1447952400.0	63.75	279.3	92
snapshot_11_19_2015_6_0.json	1447930800.0	63.75	279.3	92
snapshot_11_20_2015_0_0.json	1447995600.0	63.75	279.3	96
snapshot_11_21_2015_12_0.json	1448125200.0	96.26	279.3	95
snapshot_11_21_2015_18_0.json	1448146800.0	96.26	279.3	95
snapshot_11_22_2015_0_0.json	1448168400.0	96.26	279.3	95
snapshot_11_22_2015_12_0.json	1448211600.0	96.26	279.3	95
snapshot_11_22_2015_18_0.json	1448233200.0	96.26	279.3	95
snapshot_11_22_2015_18_0.json	1448233200.0	96.26	279.3	95
snapshot_11_23_2015_12_0.json	1448298000.0	96.26	279.3	93
snapshot_11_23_2015_12_0.json	1448298000.0	96.26	279.3	93
snapshot_11_23_2015_18_0.json	1448319600.0	96.26	279.3	93
snapshot_11_23_2015_18_0.json	1448319600.0	96.26	279.3	93
snapshot_11_23_2015_6_0.json	1448276400.0	96.26	279.3	93
snapshot_11_24_2015_0_0.json	1448341200.0	96.26	279.3	93
snapshot_11_24_2015_12_0.json	1448384400.0	90.47	279.3	93
snapshot_11_24_2015_18_0.json	1448406000.0	90.47	254.8	87
snapshot_11_25_2015_0_0.json	1448427600.0	90.47	254.8	87
snapshot_11_25_2015_0_0.json	1448427600.0	90.47	254.8	87
snapshot_11_25_2015_12_0.json	1448470800.0	90.47	254.8	81
snapshot_11_25_2015_18_0.json	1448492400.0	90.47	254.8	79
snapshot_11_25_2015_6_0.json	1448449200.0	90.47	254.8	85
snapshot_11_26_2015_0_0.json	1448514000.0	96.26	254.8	73
snapshot_11_27_2015_18_0.json	1448665200.0	78.55	254.8	72
snapshot_11_28_2015_0_0.json	1448686800.0	78.55	254.8	70
snapshot_11_28_2015_12_0.json	1448730000.0	90.47	254.8	66
snapshot_11_28_2015_12_0.json	1448730000.0	90.47	254.8	66
snapshot_11_28_2015_18_0.json	1448751600.0	90.47	254.8	66
snapshot_11_28_2015_6_0.json	1448708400.0	90.47	254.8	66
snapshot_11_28_2015_6_0.json	1448708400.0	90.47	254.8	66
snapshot_11_29_2015_0_0.json	1448773200.0	90.47	254.8	66
snapshot_11_29_2015_12_0.json	1448816400.0	90.47	254.8	64
snapshot_11_29_2015_18_0.json	1448838000.0	90.47	254.8	64
snapshot_11_29_2015_6_0.json	1448794800.0	90.47	254.8	64
snapshot_11_30_2015_0_0.json	1448859600.0	90.47	254.8	62
snapshot_11_30_2015_12_0.json	1448902800.0	90.47	254.8	62
snapshot_11_30_2015_18_0.json	1448924400.0	88.16	254.8	62
snapshot_11_30_2015_6_0.json	1448881200.0	90.47	254.8	62
snapshot_12_1_2015_12_0.json	1448989200.0	66.85	254.8	59
snapshot_12_1_2015_18_0.json	1449010800.0	66.85	254.8	53
snapshot_12_1_2015_6_0.json	1448967600.0	66.85	254.8	59
snapshot_12_1_2015_6_0.json	1448967600.0	66.85	254.8	59
snapshot_12_2_2015_12_0.json	1449075600.0	61	230.3	51
snapshot_12_2_2015_6_0.json	1449054000.0	61	230.3	51
snapshot_12_3_2015_0_0.json	1449118800.0	61	230.3	35
snapshot_12_3_2015_18_0.json	1449183600.0	61	210.7	29
snapshot_12_4_2015_0_0.json	1449205200.0	61	191.1	29
snapshot_12_4_2015_12_0.json	1449248400.0	90.25	191.1	23
snapshot_12_4_2015_18_0.json	1449270000.0	90.25	191.1	27
snapshot_12_4_2015_18_0.json	1449270000.0	90.25	191.1	27
snapshot_12_4_2015_6_0.json	1449226800.0	90.25	191.1	25
snapshot_12_5_2015_0_0.json	1449291600.0	78.55	189	29
snapshot_12_5_2015_18_0.json	1449356400.0	78.55	189	26
snapshot_12_5_2015_6_0.json	1449313200.0	78.55	189	31
9292664	2015-12-06T21:00:00Z	Beauty and the Beast	Keller Auditorium	Oregon Portland|704	97205
snapshot_11_16_2015_0_0.json	1447650000.0	96.26	294	91
snapshot_11_17_2015_0_0.json	1447736400.0	96.26	294	91
snapshot_11_17_2015_12_0.json	1447779600.0	96.26	294	89
snapshot_11_17_2015_12_0.json	1447779600.0	96.26	294	89
snapshot_11_17_2015_6_0.json	1447758000.0	96.26	294	89
snapshot_11_18_2015_0_0.json	1447822800.0	96.26	279.3	89
snapshot_11_18_2015_12_0.json	1447866000.0	96.26	279.3	89
snapshot_11_18_2015_12_0.json	1447866000.0	96.26	279.3	89
snapshot_11_18_2015_18_0.json	1447887600.0	96.26	279.3	89
snapshot_11_19_2015_0_0.json	1447909200.0	96.26	279.3	89
snapshot_11_19_2015_0_0.json	1447909200.0	96.26	279.3	89
snapshot_11_19_2015_12_0.json	1447952400.0	63.75	279.3	92
snapshot_11_19_2015_6_0.json	1447930800.0	63.75	279.3	92
snapshot_11_20_2015_0_0.json	1447995600.0	63.75	279.3	96
snapshot_11_21_2015_12_0.json	1448125200.0	96.26	279.3	95
snapshot_11_21_2015_18_0.json	1448146800.0	96.26	279.3	95
snapshot_11_22_2015_0_0.json	1448168400.0	96.26	279.3	95
snapshot_11_22_2015_12_0.json	1448211600.0	96.26	279.3	95
snapshot_11_22_2015_18_0.json	1448233200.0	96.26	279.3	95
snapshot_11_22_2015_18_0.json	1448233200.0	96.26	279.3	95
snapshot_11_23_2015_12_0.json	1448298000.0	96.26	279.3	93
snapshot_11_23_2015_12_0.json	1448298000.0	96.26	279.3	93
snapshot_11_23_2015_18_0.json	1448319600.0	96.26	279.3	93
snapshot_11_23_2015_18_0.json	1448319600.0	96.26	279.3	93
snapshot_11_23_2015_6_0.json	1448276400.0	96.26	279.3	93
snapshot_11_24_2015_0_0.json	1448341200.0	96.26	279.3	93
snapshot_11_24_2015_12_0.json	1448384400.0	90.47	279.3	93
snapshot_11_24_2015_18_0.json	1448406000.0	90.47	254.8	87
snapshot_11_25_2015_0_0.json	1448427600.0	90.47	254.8	87
snapshot_11_25_2015_0_0.json	1448427600.0	90.47	254.8	87
snapshot_11_25_2015_12_0.json	1448470800.0	90.47	254.8	81
snapshot_11_25_2015_18_0.json	1448492400.0	90.47	254.8	79
snapshot_11_25_2015_6_0.json	1448449200.0	90.47	254.8	85
snapshot_11_26_2015_0_0.json	1448514000.0	96.26	254.8	73
snapshot_11_27_2015_18_0.json	1448665200.0	78.55	254.8	72
snapshot_11_28_2015_0_0.json	1448686800.0	78.55	254.8	70
snapshot_11_28_2015_12_0.json	1448730000.0	90.47	254.8	66
snapshot_11_28_2015_12_0.json	1448730000.0	90.47	254.8	66
snapshot_11_28_2015_18_0.json	1448751600.0	90.47	254.8	66
snapshot_11_28_2015_6_0.json	1448708400.0	90.47	254.8	66
snapshot_11_28_2015_6_0.json	1448708400.0	90.47	254.8	66
snapshot_11_29_2015_0_0.json	1448773200.0	90.47	254.8	66
snapshot_11_29_2015_12_0.json	1448816400.0	90.47	254.8	64
snapshot_11_29_2015_18_0.json	1448838000.0	90.47	254.8	64
snapshot_11_29_2015_6_0.json	1448794800.0	90.47	254.8	64
snapshot_11_30_2015_0_0.json	1448859600.0	90.47	254.8	62
snapshot_11_30_2015_12_0.json	1448902800.0	90.47	254.8	62
snapshot_11_30_2015_18_0.json	1448924400.0	88.16	254.8	62
snapshot_11_30_2015_6_0.json	1448881200.0	90.47	254.8	62
snapshot_12_1_2015_12_0.json	1448989200.0	66.85	254.8	59
snapshot_12_1_2015_18_0.json	1449010800.0	66.85	254.8	53
snapshot_12_1_2015_6_0.json	1448967600.0	66.85	254.8	59
snapshot_12_1_2015_6_0.json	1448967600.0	66.85	254.8	59
snapshot_12_2_2015_12_0.json	1449075600.0	61	230.3	51
snapshot_12_2_2015_6_0.json	1449054000.0	61	230.3	51
snapshot_12_3_2015_0_0.json	1449118800.0	61	230.3	35
snapshot_12_3_2015_18_0.json	1449183600.0	61	210.7	29
snapshot_12_4_2015_0_0.json	1449205200.0	61	191.1	29
snapshot_12_4_2015_12_0.json	1449248400.0	90.25	191.1	23
snapshot_12_4_2015_18_0.json	1449270000.0	90.25	191.1	27
snapshot_12_4_2015_18_0.json	1449270000.0	90.25	191.1	27
snapshot_12_4_2015_6_0.json	1449226800.0	90.25	191.1	25
snapshot_12_5_2015_0_0.json	1449291600.0	78.55	189	29
snapshot_12_5_2015_18_0.json	1449356400.0	78.55	189	26
snapshot_12_5_2015_6_0.json	1449313200.0	78.55	189	31
