9292660	2015-12-04T03:30:00Z	Beauty and the Beast	Keller Auditorium	Oregon Portland|704	97205
snapshot_11_16_2015_0_0.json	1447650000.0	78.55	225	49
snapshot_11_17_2015_12_0.json	1447779600.0	78.55	225	49
snapshot_11_17_2015_18_0.json	1447801200.0	78.55	225	47
snapshot_11_17_2015_18_0.json	1447801200.0	78.55	225	47
snapshot_11_18_2015_0_0.json	1447822800.0	78.55	225	45
snapshot_11_18_2015_12_0.json	1447866000.0	78.55	225	45
snapshot_11_18_2015_12_0.json	1447866000.0	78.55	225	45
snapshot_11_18_2015_6_0.json	1447844400.0	78.55	225	45
snapshot_11_19_2015_0_0.json	1447909200.0	78.55	225	42
snapshot_11_19_2015_6_0.json	1447930800.0	78.55	225	42
snapshot_11_20_2015_0_0.json	1447995600.0	72.7	225	42
snapshot_11_20_2015_12_0.json	1448038800.0	72.7	225	42
snapshot_11_21_2015_12_0.json	1448125200.0	93.95	225	35
snapshot_11_21_2015_18_0.json	1448146800.0	93.95	225	35
snapshot_11_22_2015_0_0.json	1448168400.0	93.95	225	35
snapshot_11_22_2015_12_0.json	1448211600.0	93.95	225	35
snapshot_11_22_2015_18_0.json	1448233200.0	93.95	225	35
snapshot_11_23_2015_0_0.json	1448254800.0	93.95	225	35
snapshot_11_23_2015_0_0.json	1448254800.0	93.95	225	35
snapshot_11_23_2015_12_0.json	1448298000.0	93.95	225	33
snapshot_11_23_2015_12_0.json	1448298000.0	93.95	225	33
snapshot_11_23_2015_18_0.json	1448319600.0	93.95	225	33
snapshot_11_23_2015_18_0.json	1448319600.0	93.95	225	33
snapshot_11_23_2015_6_0.json	1448276400.0	93.95	225	33
snapshot_11_24_2015_0_0.json	1448341200.0	93.95	225	33
snapshot_11_24_2015_12_0.json	1448384400.0	88.16	225	33
snapshot_11_24_2015_18_0.json	1448406000.0	88.16	225	33
snapshot_11_24_2015_6_0.json	1448362800.0	88.16	225	33
snapshot_11_25_2015_0_0.json	1448427600.0	88.16	225	33
snapshot_11_25_2015_12_0.json	1448470800.0	109.38	225	31
snapshot_11_25_2015_18_0.json	1448492400.0	109.38	225	31
snapshot_11_25_2015_18_0.json	1448492400.0	109.38	225	31
snapshot_11_25_2015_6_0.json	1448449200.0	88.16	225	33
snapshot_11_26_2015_0_0.json	1448514000.0	109.38	225	31
snapshot_11_27_2015_18_0.json	1448665200.0	107.84	225	31
snapshot_11_28_2015_0_0.json	1448686800.0	107.84	225	31
snapshot_11_28_2015_12_0.json	1448730000.0	107.84	225	29
snapshot_11_28_2015_18_0.json	1448751600.0	107.84	225	29
snapshot_11_28_2015_18_0.json	1448751600.0	107.84	225	29
snapshot_11_28_2015_6_0.json	1448708400.0	107.84	225	29
snapshot_11_29_2015_0_0.json	1448773200.0	107.84	225	29
snapshot_11_29_2015_12_0.json	1448816400.0	102.06	225	29
snapshot_11_29_2015_18_0.json	1448838000.0	102.06	225	29
snapshot_11_29_2015_6_0.json	1448794800.0	102.06	225	29
snapshot_11_30_2015_12_0.json	1448902800.0	78.55	225	37
snapshot_11_30_2015_18_0.json	1448924400.0	78.55	225	37
snapshot_11_30_2015_6_0.json	1448881200.0	78.55	225	37
snapshot_11_30_2015_6_0.json	1448881200.0	78.55	225	37
snapshot_12_1_2015_12_0.json	1448989200.0	61	85.09	11
snapshot_12_1_2015_18_0.json	1449010800.0	61	85.09	11
snapshot_12_1_2015_6_0.json	1448967600.0	61	85.09	11
snapshot_12_2_2015_0_0.json	1449032400.0	55.15	85.09	13
snapshot_12_2_2015_12_0.json	1449075600.0	61	85.09	9
snapshot_12_2_2015_18_0.json	1449097200.0	61	85.09	9
snapshot_12_2_2015_6_0.json	1449054000.0	61	85.09	9
snapshot_12_3_2015_0_0.json	1449118800.0	51.64	85.09	9
snapshot_12_3_2015_12_0.json	1449162000.0	92.79	77.17	3
snapshot_12_3_2015_18_0.json	1449183600.0	92.79	77.17	3
snapshot_12_3_2015_6_0.json	1449140400.0	92.79	77.17	3
snapshot_12_3_2015_6_0.json	1449140400.0	92.79	77.17	3
snapshot_12_4_2015_0_0.json	1449205200.0	0	0	0
snapshot_12_4_2015_12_0.json	1449248400.0	0	0	0
snapshot_12_4_2015_18_0.json	1449270000.0	0	0	0
snapshot_12_4_2015_6_0.json	1449226800.0	0	0	0
snapshot_12_5_2015_0_0.json	1449291600.0	0	0	0
snapshot_12_5_2015_12_0.json	1449334800.0	0	0	0
snapshot_12_5_2015_18_0.json	1449356400.0	0	0	0
snapshot_12_5_2015_6_0.json	1449313200.0	0	0	0
9292660	2015-12-04T03:30:00Z	Beauty and the Beast	Keller Auditorium	Oregon Portland|704	97205
snapshot_11_16_2015_0_0.json	1447650000.0	78.55	225	49
snapshot_11_17_2015_12_0.json	1447779600.0	78.55	225	49
snapshot_11_17_2015_18_0.json	1447801200.0	78.55	225	47
snapshot_11_17_2015_18_0.json	1447801200.0	78.55	225	47
snapshot_11_18_2015_0_0.json	1447822800.0	78.55	225	45
snapshot_11_18_2015_12_0.json	1447866000.0	78.55	225	45
snapshot_11_18_2015_12_0.json	1447866000.0	78.55	225	45
snapshot_11_18_2015_6_0.json	1447844400.0	78.55	225	45
snapshot_11_19_2015_0_0.json	1447909200.0	78.55	225	42
snapshot_11_19_2015_6_0.json	1447930800.0	78.55	225	42
snapshot_11_20_2015_0_0.json	1447995600.0	72.7	225	42
snapshot_11_20_2015_12_0.json	1448038800.0	72.7	225	42
snapshot_11_21_2015_12_0.json	1448125200.0	93.95	225	35
snapshot_11_21_2015_18_0.json	1448146800.0	93.95	225	35
snapshot_11_22_2015_0_0.json	1448168400.0	93.95	225	35
snapshot_11_22_2015_12_0.json	1448211600.0	93.95	225	35
snapshot_11_22_2015_18_0.json	1448233200.0	93.95	225	35
snapshot_11_23_2015_0_0.json	1448254800.0	93.95	225	35
snapshot_11_23_2015_0_0.json	1448254800.0	93.95	225	35
snapshot_11_23_2015_12_0.json	1448298000.0	93.95	225	33
snapshot_11_23_2015_12_0.json	1448298000.0	93.95	225	33
snapshot_11_23_2015_18_0.json	1448319600.0	93.95	225	33
snapshot_11_23_2015_18_0.json	1448319600.0	93.95	225	33
snapshot_11_23_2015_6_0.json	1448276400.0	93.95	225	33
snapshot_11_24_2015_0_0.json	1448341200.0	93.95	225	33
snapshot_11_24_2015_12_0.json	1448384400.0	88.16	225	33
snapshot_11_24_2015_18_0.json	1448406000.0	88.16	225	33
snapshot_11_24_2015_6_0.json	1448362800.0	88.16	225	33
snapshot_11_25_2015_0_0.json	1448427600.0	88.16	225	33
snapshot_11_25_2015_12_0.json	1448470800.0	109.38	225	31
snapshot_11_25_2015_18_0.json	1448492400.0	109.38	225	31
snapshot_11_25_2015_18_0.json	1448492400.0	109.38	225	31
snapshot_11_25_2015_6_0.json	1448449200.0	88.16	225	33
snapshot_11_26_2015_0_0.json	1448514000.0	109.38	225	31
snapshot_11_27_2015_18_0.json	1448665200.0	107.84	225	31
snapshot_11_28_2015_0_0.json	1448686800.0	107.84	225	31
snapshot_11_28_2015_12_0.json	1448730000.0	107.84	225	29
snapshot_11_28_2015_18_0.json	1448751600.0	107.84	225	29
snapshot_11_28_2015_18_0.json	1448751600.0	107.84	225	29
snapshot_11_28_2015_6_0.json	1448708400.0	107.84	225	29
snapshot_11_29_2015_0_0.json	1448773200.0	107.84	225	29
snapshot_11_29_2015_12_0.json	1448816400.0	102.06	225	29
snapshot_11_29_2015_18_0.json	1448838000.0	102.06	225	29
snapshot_11_29_2015_6_0.json	1448794800.0	102.06	225	29
snapshot_11_30_2015_12_0.json	1448902800.0	78.55	225	37
snapshot_11_30_2015_18_0.json	1448924400.0	78.55	225	37
snapshot_11_30_2015_6_0.json	1448881200.0	78.55	225	37
snapshot_11_30_2015_6_0.json	1448881200.0	78.55	225	37
snapshot_12_1_2015_12_0.json	1448989200.0	61	85.09	11
snapshot_12_1_2015_18_0.json	1449010800.0	61	85.09	11
snapshot_12_1_2015_6_0.json	1448967600.0	61	85.09	11
snapshot_12_2_2015_0_0.json	1449032400.0	55.15	85.09	13
snapshot_12_2_2015_12_0.json	1449075600.0	61	85.09	9
snapshot_12_2_2015_18_0.json	1449097200.0	61	85.09	9
snapshot_12_2_2015_6_0.json	1449054000.0	61	85.09	9
snapshot_12_3_2015_0_0.json	1449118800.0	51.64	85.09	9
snapshot_12_3_2015_12_0.json	1449162000.0	92.79	77.17	3
snapshot_12_3_2015_18_0.json	1449183600.0	92.79	77.17	3
snapshot_12_3_2015_6_0.json	1449140400.0	92.79	77.17	3
snapshot_12_3_2015_6_0.json	1449140400.0	92.79	77.17	3
snapshot_12_4_2015_0_0.json	1449205200.0	0	0	0
snapshot_12_4_2015_12_0.json	1449248400.0	0	0	0
snapshot_12_4_2015_18_0.json	1449270000.0	0	0	0
snapshot_12_4_2015_6_0.json	1449226800.0	0	0	0
snapshot_12_5_2015_0_0.json	1449291600.0	0	0	0
snapshot_12_5_2015_12_0.json	1449334800.0	0	0	0
snapshot_12_5_2015_18_0.json	1449356400.0	0	0	0
snapshot_12_5_2015_6_0.json	1449313200.0	0	0	0
