9292661	2015-12-05T22:00:00Z	Beauty and the Beast	Keller Auditorium	Oregon Portland|704	97205
snapshot_11_16_2015_0_0.json	1447650000.0	100.9	269.5	96
snapshot_11_16_2015_0_0.json	1447650000.0	100.9	269.5	96
snapshot_11_17_2015_0_0.json	1447736400.0	104.36	269.5	94
snapshot_11_17_2015_12_0.json	1447779600.0	104.36	269.5	94
snapshot_11_17_2015_18_0.json	1447801200.0	104.36	240.1	90
snapshot_11_18_2015_0_0.json	1447822800.0	104.36	240.1	90
snapshot_11_18_2015_18_0.json	1447887600.0	90.25	240.1	84
snapshot_11_18_2015_6_0.json	1447844400.0	90.25	240.1	85
snapshot_11_19_2015_12_0.json	1447952400.0	90.25	240.1	81
snapshot_11_19_2015_6_0.json	1447930800.0	90.25	240.1	81
snapshot_11_21_2015_18_0.json	1448146800.0	104.36	240.1	80
snapshot_11_21_2015_18_0.json	1448146800.0	104.36	240.1	80
snapshot_11_22_2015_12_0.json	1448211600.0	104.36	240.1	78
snapshot_11_22_2015_18_0.json	1448233200.0	104.36	240.1	78
snapshot_11_22_2015_6_0.json	1448190000.0	104.36	240.1	78
snapshot_11_23_2015_12_0.json	1448298000.0	104.36	240.1	78
snapshot_11_23_2015_12_0.json	1448298000.0	104.36	240.1	78
snapshot_11_23_2015_18_0.json	1448319600.0	77.38	240.1	76
snapshot_11_24_2015_0_0.json	1448341200.0	77.38	240.1	76
snapshot_11_24_2015_0_0.json	1448341200.0	77.38	240.1	76
snapshot_11_24_2015_12_0.json	1448384400.0	80.13	240.1	73
snapshot_11_24_2015_6_0.json	1448362800.0	80.13	240.1	73
snapshot_11_25_2015_12_0.json	1448470800.0	80.13	225	70
snapshot_11_25_2015_6_0.json	1448449200.0	80.13	225	70
snapshot_11_26_2015_0_0.json	1448514000.0	77.38	225	66
snapshot_11_27_2015_18_0.json	1448665200.0	77.38	225	76
snapshot_11_28_2015_0_0.json	1448686800.0	77.38	225	76
snapshot_11_28_2015_0_0.json	1448686800.0	77.38	225	76
snapshot_11_28_2015_12_0.json	1448730000.0	80.13	225	75
snapshot_11_28_2015_18_0.json	1448751600.0	77.38	225	75
snapshot_11_29_2015_0_0.json	1448773200.0	77.38	225	68
snapshot_11_29_2015_0_0.json	1448773200.0	77.38	225	68
snapshot_11_29_2015_12_0.json	1448816400.0	66.85	225	74
snapshot_11_29_2015_6_0.json	1448794800.0	66.85	225	74
snapshot_11_29_2015_6_0.json	1448794800.0	66.85	225	74
snapshot_11_30_2015_12_0.json	1448902800.0	74.28	225	60
snapshot_11_30_2015_18_0.json	1448924400.0	77.38	225	66
snapshot_11_30_2015_6_0.json	1448881200.0	80.13	225	60
snapshot_12_1_2015_0_0.json	1448946000.0	77.38	225	63
snapshot_12_1_2015_12_0.json	1448989200.0	80.13	225	59
snapshot_12_1_2015_18_0.json	1449010800.0	77.38	225	59
snapshot_12_1_2015_6_0.json	1448967600.0	80.13	225	59
snapshot_12_2_2015_0_0.json	1449032400.0	72.7	225	55
snapshot_12_2_2015_12_0.json	1449075600.0	75.45	225	51
snapshot_12_2_2015_18_0.json	1449097200.0	72.7	225	49
snapshot_12_2_2015_6_0.json	1449054000.0	75.45	225	51
snapshot_12_2_2015_6_0.json	1449054000.0	75.45	225	51
snapshot_12_3_2015_0_0.json	1449118800.0	64.51	161.7	31
snapshot_12_3_2015_12_0.json	1449162000.0	67.26	161.7	31
snapshot_12_4_2015_0_0.json	1449205200.0	64.51	147	26
snapshot_12_4_2015_12_0.json	1449248400.0	70.36	147	23
snapshot_12_4_2015_18_0.json	1449270000.0	24.73	147	26
snapshot_12_4_2015_6_0.json	1449226800.0	70.36	147	23
snapshot_12_5_2015_18_0.json	1449356400.0	59.83	132.3	16
snapshot_12_5_2015_6_0.json	1449313200.0	71.53	142.1	16
9292661	2015-12-05T22:00:00Z	Beauty and the Beast	Keller Auditorium	Oregon Portland|704	97205
snapshot_11_16_2015_0_0.json	1447650000.0	100.9	269.5	96
snapshot_11_16_2015_0_0.json	1447650000.0	100.9	269.5	96
snapshot_11_17_2015_0_0.json	1447736400.0	104.36	269.5	94
snapshot_11_17_2015_12_0.json	1447779600.0	104.36	269.5	94
snapshot_11_17_2015_18_0.json	1447801200.0	104.36	240.1	90
snapshot_11_18_2015_0_0.json	1447822800.0	104.36	240.1	90
snapshot_11_18_2015_18_0.json	1447887600.0	90.25	240.1	84
snapshot_11_18_2015_6_0.json	1447844400.0	90.25	240.1	85
snapshot_11_19_2015_12_0.json	1447952400.0	90.25	240.1	81
snapshot_11_19_2015_6_0.json	1447930800.0	90.25	240.1	81
snapshot_11_21_2015_18_0.json	1448146800.0	104.36	240.1	80
snapshot_11_21_2015_18_0.json	1448146800.0	104.36	240.1	80
snapshot_11_22_2015_12_0.json	1448211600.0	104.36	240.1	78
snapshot_11_22_2015_18_0.json	1448233200.0	104.36	240.1	78
snapshot_11_22_2015_6_0.json	1448190000.0	104.36	240.1	78
snapshot_11_23_2015_12_0.json	1448298000.0	104.36	240.1	78
snapshot_11_23_2015_12_0.json	1448298000.0	104.36	240.1	78
snapshot_11_23_2015_18_0.json	1448319600.0	77.38	240.1	76
snapshot_11_24_2015_0_0.json	1448341200.0	77.38	240.1	76
snapshot_11_24_2015_0_0.json	1448341200.0	77.38	240.1	76
snapshot_11_24_2015_12_0.json	1448384400.0	80.13	240.1	73
snapshot_11_24_2015_6_0.json	1448362800.0	80.13	240.1	73
snapshot_11_25_2015_12_0.json	1448470800.0	80.13	225	70
snapshot_11_25_2015_6_0.json	1448449200.0	80.13	225	70
snapshot_11_26_2015_0_0.json	1448514000.0	77.38	225	66
snapshot_11_27_2015_18_0.json	1448665200.0	77.38	225	76
snapshot_11_28_2015_0_0.json	1448686800.0	77.38	225	76
snapshot_11_28_2015_0_0.json	1448686800.0	77.38	225	76
snapshot_11_28_2015_12_0.json	1448730000.0	80.13	225	75
snapshot_11_28_2015_18_0.json	1448751600.0	77.38	225	75
snapshot_11_29_2015_0_0.json	1448773200.0	77.38	225	68
snapshot_11_29_2015_0_0.json	1448773200.0	77.38	225	68
snapshot_11_29_2015_12_0.json	1448816400.0	66.85	225	74
snapshot_11_29_2015_6_0.json	1448794800.0	66.85	225	74
snapshot_11_29_2015_6_0.json	1448794800.0	66.85	225	74
snapshot_11_30_2015_12_0.json	1448902800.0	74.28	225	60
snapshot_11_30_2015_18_0.json	1448924400.0	77.38	225	66
snapshot_11_30_2015_6_0.json	1448881200.0	80.13	225	60
snapshot_12_1_2015_0_0.json	1448946000.0	77.38	225	63
snapshot_12_1_2015_12_0.json	1448989200.0	80.13	225	59
snapshot_12_1_2015_18_0.json	1449010800.0	77.38	225	59
snapshot_12_1_2015_6_0.json	1448967600.0	80.13	225	59
snapshot_12_2_2015_0_0.json	1449032400.0	72.7	225	55
snapshot_12_2_2015_12_0.json	1449075600.0	75.45	225	51
snapshot_12_2_2015_18_0.json	1449097200.0	72.7	225	49
snapshot_12_2_2015_6_0.json	1449054000.0	75.45	225	51
snapshot_12_2_2015_6_0.json	1449054000.0	75.45	225	51
snapshot_12_3_2015_0_0.json	1449118800.0	64.51	161.7	31
snapshot_12_3_2015_12_0.json	1449162000.0	67.26	161.7	31
snapshot_12_4_2015_0_0.json	1449205200.0	64.51	147	26
snapshot_12_4_2015_12_0.json	1449248400.0	70.36	147	23
snapshot_12_4_2015_18_0.json	1449270000.0	24.73	147	26
snapshot_12_4_2015_6_0.json	1449226800.0	70.36	147	23
snapshot_12_5_2015_18_0.json	1449356400.0	59.83	132.3	16
snapshot_12_5_2015_6_0.json	1449313200.0	71.53	142.1	16
