9292753	2015-11-22T03:30:00Z	Riverdance	Keller Auditorium	Oregon Portland|704	97205
snapshot_11_16_2015_0_0.json	1447650000.0	106.63	275	20
snapshot_11_17_2015_0_0.json	1447736400.0	106.63	275	26
snapshot_11_17_2015_0_0.json	1447736400.0	106.63	275	26
snapshot_11_17_2015_12_0.json	1447779600.0	93.76	275	26
snapshot_11_17_2015_12_0.json	1447779600.0	93.76	275	26
snapshot_11_17_2015_6_0.json	1447758000.0	93.76	275	26
snapshot_11_18_2015_0_0.json	1447822800.0	161.62	275	24
snapshot_11_18_2015_12_0.json	1447866000.0	161.62	275	24
snapshot_11_18_2015_12_0.json	1447866000.0	161.62	275	24
snapshot_11_18_2015_18_0.json	1447887600.0	161.62	275	30
snapshot_11_18_2015_6_0.json	1447844400.0	161.62	275	24
snapshot_11_18_2015_6_0.json	1447844400.0	161.62	275	24
snapshot_11_19_2015_0_0.json	1447909200.0	124.18	201.25	12
snapshot_11_19_2015_12_0.json	1447952400.0	124.18	201.25	12
snapshot_11_20_2015_0_0.json	1447995600.0	112.48	166.75	12
snapshot_11_20_2015_0_0.json	1447995600.0	112.48	166.75	12
snapshot_11_20_2015_12_0.json	1448038800.0	112.48	166.75	12
snapshot_11_21_2015_18_0.json	1448146800.0	0	0	0
snapshot_11_22_2015_0_0.json	1448168400.0	0	0	0
snapshot_11_22_2015_0_0.json	1448168400.0	0	0	0
snapshot_11_22_2015_18_0.json	1448233200.0	0	0	0
snapshot_11_23_2015_12_0.json	1448298000.0	0	0	0
snapshot_11_23_2015_6_0.json	1448276400.0	0	0	0
snapshot_11_23_2015_6_0.json	1448276400.0	0	0	0
9292753	2015-11-22T03:30:00Z	Riverdance	Keller Auditorium	Oregon Portland|704	97205
snapshot_11_16_2015_0_0.json	1447650000.0	106.63	275	20
snapshot_11_17_2015_0_0.json	1447736400.0	106.63	275	26
snapshot_11_17_2015_0_0.json	1447736400.0	106.63	275	26
snapshot_11_17_2015_12_0.json	1447779600.0	93.76	275	26
snapshot_11_17_2015_12_0.json	1447779600.0	93.76	275	26
snapshot_11_17_2015_6_0.json	1447758000.0	93.76	275	26
snapshot_11_18_2015_0_0.json	1447822800.0	161.62	275	24
snapshot_11_18_2015_12_0.json	1447866000.0	161.62	275	24
snapshot_11_18_2015_12_0.json	1447866000.0	161.62	275	24
snapshot_11_18_2015_18_0.json	1447887600.0	161.62	275	30
snapshot_11_18_2015_6_0.json	1447844400.0	161.62	275	24
snapshot_11_18_2015_6_0.json	1447844400.0	161.62	275	24
snapshot_11_19_2015_0_0.json	1447909200.0	124.18	201.25	12
snapshot_11_19_2015_12_0.json	1447952400.0	124.18	201.25	12
snapshot_11_20_2015_0_0.json	1447995600.0	112.48	166.75	12
snapshot_11_20_2015_0_0.json	1447995600.0	112.48	166.75	12
snapshot_11_20_2015_12_0.json	1448038800.0	112.48	166.75	12
snapshot_11_21_2015_18_0.json	1448146800.0	0	0	0
snapshot_11_22_2015_0_0.json	1448168400.0	0	0	0
snapshot_11_22_2015_0_0.json	1448168400.0	0	0	0
snapshot_11_22_2015_18_0.json	1448233200.0	0	0	0
snapshot_11_23_2015_12_0.json	1448298000.0	0	0	0
snapshot_11_23_2015_6_0.json	1448276400.0	0	0	0
snapshot_11_23_2015_6_0.json	1448276400.0	0	0	0
