9292665	2015-12-06T03:30:00Z	Beauty and the Beast	Keller Auditorium	Oregon Portland|704	97205
snapshot_11_16_2015_0_0.json	1447650000.0	92.79	225	82
snapshot_11_16_2015_0_0.json	1447650000.0	92.79	225	82
snapshot_11_17_2015_0_0.json	1447736400.0	92.79	225	80
snapshot_11_17_2015_12_0.json	1447779600.0	92.79	225	80
snapshot_11_17_2015_12_0.json	1447779600.0	92.79	225	80
snapshot_11_17_2015_18_0.json	1447801200.0	92.79	225	78
snapshot_11_17_2015_18_0.json	1447801200.0	92.79	225	78
snapshot_11_18_2015_0_0.json	1447822800.0	92.79	225	78
snapshot_11_18_2015_0_0.json	1447822800.0	92.79	225	78
snapshot_11_18_2015_12_0.json	1447866000.0	92.79	225	78
snapshot_11_18_2015_12_0.json	1447866000.0	92.79	225	78
snapshot_11_18_2015_18_0.json	1447887600.0	92.79	225	78
snapshot_11_19_2015_6_0.json	1447930800.0	92.79	225	70
snapshot_11_20_2015_0_0.json	1447995600.0	84.4	225	78
snapshot_11_20_2015_12_0.json	1448038800.0	84.4	225	86
snapshot_11_21_2015_12_0.json	1448125200.0	84.4	225	85
snapshot_11_21_2015_18_0.json	1448146800.0	84.4	225	85
snapshot_11_21_2015_18_0.json	1448146800.0	84.4	225	85
snapshot_11_22_2015_0_0.json	1448168400.0	84.4	225	85
snapshot_11_22_2015_12_0.json	1448211600.0	84.4	225	85
snapshot_11_22_2015_18_0.json	1448233200.0	84.4	225	81
snapshot_11_22_2015_18_0.json	1448233200.0	84.4	225	81
snapshot_11_22_2015_6_0.json	1448190000.0	84.4	225	85
snapshot_11_23_2015_0_0.json	1448254800.0	84.4	225	78
snapshot_11_23_2015_12_0.json	1448298000.0	84.4	225	76
snapshot_11_23_2015_18_0.json	1448319600.0	84.4	225	84
snapshot_11_24_2015_0_0.json	1448341200.0	84.4	225	84
snapshot_11_24_2015_0_0.json	1448341200.0	84.4	225	84
snapshot_11_24_2015_12_0.json	1448384400.0	84.4	225	84
snapshot_11_24_2015_18_0.json	1448406000.0	84.4	225	82
snapshot_11_24_2015_6_0.json	1448362800.0	84.4	225	84
snapshot_11_25_2015_0_0.json	1448427600.0	80.89	225	82
snapshot_11_25_2015_0_0.json	1448427600.0	80.89	225	82
snapshot_11_25_2015_12_0.json	1448470800.0	80.89	225	82
snapshot_11_25_2015_18_0.json	1448492400.0	75.04	225	82
snapshot_11_25_2015_6_0.json	1448449200.0	80.89	225	82
snapshot_11_26_2015_0_0.json	1448514000.0	75.04	225	82
snapshot_11_27_2015_18_0.json	1448665200.0	73.11	225	87
snapshot_11_28_2015_12_0.json	1448730000.0	75.04	225	85
snapshot_11_28_2015_18_0.json	1448751600.0	75.04	225	69
snapshot_11_28_2015_6_0.json	1448708400.0	75.04	225	85
snapshot_11_29_2015_0_0.json	1448773200.0	75.04	225	68
snapshot_11_29_2015_18_0.json	1448838000.0	72.7	225	78
snapshot_11_29_2015_6_0.json	1448794800.0	72.7	225	78
snapshot_11_30_2015_0_0.json	1448859600.0	72.7	225	78
snapshot_11_30_2015_12_0.json	1448902800.0	72.7	225	76
snapshot_11_30_2015_18_0.json	1448924400.0	72.7	225	76
snapshot_12_1_2015_0_0.json	1448946000.0	82.06	225	69
snapshot_12_1_2015_12_0.json	1448989200.0	72.7	225	63
snapshot_12_1_2015_6_0.json	1448967600.0	72.7	225	63
snapshot_12_2_2015_0_0.json	1449032400.0	78.55	225	61
snapshot_12_2_2015_12_0.json	1449075600.0	75.01	225	59
snapshot_12_2_2015_18_0.json	1449097200.0	65.01	225	59
snapshot_12_2_2015_6_0.json	1449054000.0	82.9	225	59
snapshot_12_3_2015_0_0.json	1449118800.0	76.03	154	33
snapshot_12_3_2015_12_0.json	1449162000.0	84.4	154	31
snapshot_12_4_2015_0_0.json	1449205200.0	83.23	154	23
snapshot_12_4_2015_12_0.json	1449248400.0	83.23	85.09	15
snapshot_12_4_2015_18_0.json	1449270000.0	62.17	125	23
snapshot_12_4_2015_6_0.json	1449226800.0	83.23	164	17
snapshot_12_5_2015_0_0.json	1449291600.0	83.23	150	17
snapshot_12_5_2015_12_0.json	1449334800.0	59.83	150	24
snapshot_12_5_2015_12_0.json	1449334800.0	59.83	150	24
snapshot_12_5_2015_18_0.json	1449356400.0	59.83	125	22
snapshot_12_5_2015_6_0.json	1449313200.0	59.83	150	26
9292665	2015-12-06T03:30:00Z	Beauty and the Beast	Keller Auditorium	Oregon Portland|704	97205
snapshot_11_16_2015_0_0.json	1447650000.0	92.79	225	82
snapshot_11_16_2015_0_0.json	1447650000.0	92.79	225	82
snapshot_11_17_2015_0_0.json	1447736400.0	92.79	225	80
snapshot_11_17_2015_12_0.json	1447779600.0	92.79	225	80
snapshot_11_17_2015_12_0.json	1447779600.0	92.79	225	80
snapshot_11_17_2015_18_0.json	1447801200.0	92.79	225	78
snapshot_11_17_2015_18_0.json	1447801200.0	92.79	225	78
snapshot_11_18_2015_0_0.json	1447822800.0	92.79	225	78
snapshot_11_18_2015_0_0.json	1447822800.0	92.79	225	78
snapshot_11_18_2015_12_0.json	1447866000.0	92.79	225	78
snapshot_11_18_2015_12_0.json	1447866000.0	92.79	225	78
snapshot_11_18_2015_18_0.json	1447887600.0	92.79	225	78
snapshot_11_19_2015_6_0.json	1447930800.0	92.79	225	70
snapshot_11_20_2015_0_0.json	1447995600.0	84.4	225	78
snapshot_11_20_2015_12_0.json	1448038800.0	84.4	225	86
snapshot_11_21_2015_12_0.json	1448125200.0	84.4	225	85
snapshot_11_21_2015_18_0.json	1448146800.0	84.4	225	85
snapshot_11_21_2015_18_0.json	1448146800.0	84.4	225	85
snapshot_11_22_2015_0_0.json	1448168400.0	84.4	225	85
snapshot_11_22_2015_12_0.json	1448211600.0	84.4	225	85
snapshot_11_22_2015_18_0.json	1448233200.0	84.4	225	81
snapshot_11_22_2015_18_0.json	1448233200.0	84.4	225	81
snapshot_11_22_2015_6_0.json	1448190000.0	84.4	225	85
snapshot_11_23_2015_0_0.json	1448254800.0	84.4	225	78
snapshot_11_23_2015_12_0.json	1448298000.0	84.4	225	76
snapshot_11_23_2015_18_0.json	1448319600.0	84.4	225	84
snapshot_11_24_2015_0_0.json	1448341200.0	84.4	225	84
snapshot_11_24_2015_0_0.json	1448341200.0	84.4	225	84
snapshot_11_24_2015_12_0.json	1448384400.0	84.4	225	84
snapshot_11_24_2015_18_0.json	1448406000.0	84.4	225	82
snapshot_11_24_2015_6_0.json	1448362800.0	84.4	225	84
snapshot_11_25_2015_0_0.json	1448427600.0	80.89	225	82
snapshot_11_25_2015_0_0.json	1448427600.0	80.89	225	82
snapshot_11_25_2015_12_0.json	1448470800.0	80.89	225	82
snapshot_11_25_2015_18_0.json	1448492400.0	75.04	225	82
snapshot_11_25_2015_6_0.json	1448449200.0	80.89	225	82
snapshot_11_26_2015_0_0.json	1448514000.0	75.04	225	82
snapshot_11_27_2015_18_0.json	1448665200.0	73.11	225	87
snapshot_11_28_2015_12_0.json	1448730000.0	75.04	225	85
snapshot_11_28_2015_18_0.json	1448751600.0	75.04	225	69
snapshot_11_28_2015_6_0.json	1448708400.0	75.04	225	85
snapshot_11_29_2015_0_0.json	1448773200.0	75.04	225	68
snapshot_11_29_2015_18_0.json	1448838000.0	72.7	225	78
snapshot_11_29_2015_6_0.json	1448794800.0	72.7	225	78
snapshot_11_30_2015_0_0.json	1448859600.0	72.7	225	78
snapshot_11_30_2015_12_0.json	1448902800.0	72.7	225	76
snapshot_11_30_2015_18_0.json	1448924400.0	72.7	225	76
snapshot_12_1_2015_0_0.json	1448946000.0	82.06	225	69
snapshot_12_1_2015_12_0.json	1448989200.0	72.7	225	63
snapshot_12_1_2015_6_0.json	1448967600.0	72.7	225	63
snapshot_12_2_2015_0_0.json	1449032400.0	78.55	225	61
snapshot_12_2_2015_12_0.json	1449075600.0	75.01	225	59
snapshot_12_2_2015_18_0.json	1449097200.0	65.01	225	59
snapshot_12_2_2015_6_0.json	1449054000.0	82.9	225	59
snapshot_12_3_2015_0_0.json	1449118800.0	76.03	154	33
snapshot_12_3_2015_12_0.json	1449162000.0	84.4	154	31
snapshot_12_4_2015_0_0.json	1449205200.0	83.23	154	23
snapshot_12_4_2015_12_0.json	1449248400.0	83.23	85.09	15
snapshot_12_4_2015_18_0.json	1449270000.0	62.17	125	23
snapshot_12_4_2015_6_0.json	1449226800.0	83.23	164	17
snapshot_12_5_2015_0_0.json	1449291600.0	83.23	150	17
snapshot_12_5_2015_12_0.json	1449334800.0	59.83	150	24
snapshot_12_5_2015_12_0.json	1449334800.0	59.83	150	24
snapshot_12_5_2015_18_0.json	1449356400.0	59.83	125	22
snapshot_12_5_2015_6_0.json	1449313200.0	59.83	150	26
