9292677	2016-01-17T03:30:00Z	The Book of Mormon	Keller Auditorium	Oregon Portland|704	97205
snapshot_11_16_2015_0_0.json	1447650000.0	94.93	400	255
snapshot_11_17_2015_0_0.json	1447736400.0	94.93	400	252
snapshot_11_17_2015_0_0.json	1447736400.0	94.93	400	252
snapshot_11_17_2015_6_0.json	1447758000.0	94.93	400	252
snapshot_11_18_2015_0_0.json	1447822800.0	94.93	400	246
snapshot_11_18_2015_0_0.json	1447822800.0	94.93	400	246
snapshot_11_18_2015_12_0.json	1447866000.0	94.93	400	246
snapshot_11_18_2015_6_0.json	1447844400.0	94.93	400	246
snapshot_11_19_2015_0_0.json	1447909200.0	94.93	400	238
snapshot_11_19_2015_12_0.json	1447952400.0	94.93	400	236
snapshot_11_19_2015_6_0.json	1447930800.0	94.93	400	236
snapshot_11_21_2015_18_0.json	1448146800.0	94.93	400	234
snapshot_11_21_2015_18_0.json	1448146800.0	94.93	400	234
snapshot_11_22_2015_12_0.json	1448211600.0	94.93	400	230
snapshot_11_22_2015_18_0.json	1448233200.0	94.93	400	230
snapshot_11_22_2015_18_0.json	1448233200.0	94.93	400	230
snapshot_11_22_2015_6_0.json	1448190000.0	94.93	400	230
snapshot_11_22_2015_6_0.json	1448190000.0	94.93	400	230
snapshot_11_23_2015_0_0.json	1448254800.0	94.93	400	234
snapshot_11_23_2015_0_0.json	1448254800.0	94.93	400	234
snapshot_11_23_2015_12_0.json	1448298000.0	94.93	400	232
snapshot_11_23_2015_12_0.json	1448298000.0	94.93	400	232
snapshot_11_23_2015_18_0.json	1448319600.0	94.93	400	232
snapshot_11_23_2015_18_0.json	1448319600.0	94.93	400	232
snapshot_11_24_2015_0_0.json	1448341200.0	94.93	400	232
snapshot_11_24_2015_12_0.json	1448384400.0	94.93	400	232
snapshot_11_24_2015_18_0.json	1448406000.0	94.93	400	232
snapshot_11_24_2015_6_0.json	1448362800.0	94.93	400	232
snapshot_11_25_2015_0_0.json	1448427600.0	94.93	400	230
snapshot_11_25_2015_0_0.json	1448427600.0	94.93	400	230
snapshot_11_25_2015_12_0.json	1448470800.0	94.93	400	230
snapshot_11_25_2015_6_0.json	1448449200.0	94.93	400	230
snapshot_11_26_2015_0_0.json	1448514000.0	94.93	400	230
snapshot_11_27_2015_18_0.json	1448665200.0	94.93	400	221
snapshot_11_27_2015_18_0.json	1448665200.0	94.93	400	221
snapshot_11_28_2015_0_0.json	1448686800.0	94.93	400	221
snapshot_11_28_2015_12_0.json	1448730000.0	94.93	400	221
snapshot_11_28_2015_18_0.json	1448751600.0	94.93	400	221
snapshot_11_29_2015_0_0.json	1448773200.0	94.93	400	219
snapshot_11_29_2015_12_0.json	1448816400.0	94.93	400	219
snapshot_11_29_2015_18_0.json	1448838000.0	94.93	400	219
snapshot_11_29_2015_6_0.json	1448794800.0	94.93	400	219
snapshot_11_29_2015_6_0.json	1448794800.0	94.93	400	219
snapshot_11_30_2015_0_0.json	1448859600.0	94.93	400	217
snapshot_11_30_2015_12_0.json	1448902800.0	94.93	400	217
snapshot_11_30_2015_18_0.json	1448924400.0	94.93	400	215
snapshot_12_1_2015_0_0.json	1448946000.0	94.93	400	213
snapshot_12_1_2015_12_0.json	1448989200.0	94.93	400	211
snapshot_12_1_2015_18_0.json	1449010800.0	94.93	400	211
snapshot_12_1_2015_6_0.json	1448967600.0	94.93	400	213
snapshot_12_2_2015_0_0.json	1449032400.0	94.93	400	232
snapshot_12_2_2015_12_0.json	1449075600.0	94.93	400	228
snapshot_12_2_2015_18_0.json	1449097200.0	94.93	400	228
snapshot_12_2_2015_6_0.json	1449054000.0	94.93	400	230
snapshot_12_3_2015_0_0.json	1449118800.0	105.46	400	234
snapshot_12_3_2015_0_0.json	1449118800.0	105.46	400	234
snapshot_12_3_2015_12_0.json	1449162000.0	105.46	400	234
snapshot_12_3_2015_18_0.json	1449183600.0	105.46	400	232
snapshot_12_3_2015_6_0.json	1449140400.0	105.46	400	234
snapshot_12_4_2015_0_0.json	1449205200.0	107.8	400	226
snapshot_12_4_2015_18_0.json	1449270000.0	107.8	400	224
snapshot_12_4_2015_6_0.json	1449226800.0	107.8	400	226
snapshot_12_5_2015_0_0.json	1449291600.0	103.53	400	235
snapshot_12_5_2015_18_0.json	1449356400.0	103.53	400	235
snapshot_12_5_2015_6_0.json	1449313200.0	103.53	400	235
9292677	2016-01-17T03:30:00Z	The Book of Mormon	Keller Auditorium	Oregon Portland|704	97205
snapshot_11_16_2015_0_0.json	1447650000.0	94.93	400	255
snapshot_11_17_2015_0_0.json	1447736400.0	94.93	400	252
snapshot_11_17_2015_0_0.json	1447736400.0	94.93	400	252
snapshot_11_17_2015_6_0.json	1447758000.0	94.93	400	252
snapshot_11_18_2015_0_0.json	1447822800.0	94.93	400	246
snapshot_11_18_2015_0_0.json	1447822800.0	94.93	400	246
snapshot_11_18_2015_12_0.json	1447866000.0	94.93	400	246
snapshot_11_18_2015_6_0.json	1447844400.0	94.93	400	246
snapshot_11_19_2015_0_0.json	1447909200.0	94.93	400	238
snapshot_11_19_2015_12_0.json	1447952400.0	94.93	400	236
snapshot_11_19_2015_6_0.json	1447930800.0	94.93	400	236
snapshot_11_21_2015_18_0.json	1448146800.0	94.93	400	234
snapshot_11_21_2015_18_0.json	1448146800.0	94.93	400	234
snapshot_11_22_2015_12_0.json	1448211600.0	94.93	400	230
snapshot_11_22_2015_18_0.json	1448233200.0	94.93	400	230
snapshot_11_22_2015_18_0.json	1448233200.0	94.93	400	230
snapshot_11_22_2015_6_0.json	1448190000.0	94.93	400	230
snapshot_11_22_2015_6_0.json	1448190000.0	94.93	400	230
snapshot_11_23_2015_0_0.json	1448254800.0	94.93	400	234
snapshot_11_23_2015_0_0.json	1448254800.0	94.93	400	234
snapshot_11_23_2015_12_0.json	1448298000.0	94.93	400	232
snapshot_11_23_2015_12_0.json	1448298000.0	94.93	400	232
snapshot_11_23_2015_18_0.json	1448319600.0	94.93	400	232
snapshot_11_23_2015_18_0.json	1448319600.0	94.93	400	232
snapshot_11_24_2015_0_0.json	1448341200.0	94.93	400	232
snapshot_11_24_2015_12_0.json	1448384400.0	94.93	400	232
snapshot_11_24_2015_18_0.json	1448406000.0	94.93	400	232
snapshot_11_24_2015_6_0.json	1448362800.0	94.93	400	232
snapshot_11_25_2015_0_0.json	1448427600.0	94.93	400	230
snapshot_11_25_2015_0_0.json	1448427600.0	94.93	400	230
snapshot_11_25_2015_12_0.json	1448470800.0	94.93	400	230
snapshot_11_25_2015_6_0.json	1448449200.0	94.93	400	230
snapshot_11_26_2015_0_0.json	1448514000.0	94.93	400	230
snapshot_11_27_2015_18_0.json	1448665200.0	94.93	400	221
snapshot_11_27_2015_18_0.json	1448665200.0	94.93	400	221
snapshot_11_28_2015_0_0.json	1448686800.0	94.93	400	221
snapshot_11_28_2015_12_0.json	1448730000.0	94.93	400	221
snapshot_11_28_2015_18_0.json	1448751600.0	94.93	400	221
snapshot_11_29_2015_0_0.json	1448773200.0	94.93	400	219
snapshot_11_29_2015_12_0.json	1448816400.0	94.93	400	219
snapshot_11_29_2015_18_0.json	1448838000.0	94.93	400	219
snapshot_11_29_2015_6_0.json	1448794800.0	94.93	400	219
snapshot_11_29_2015_6_0.json	1448794800.0	94.93	400	219
snapshot_11_30_2015_0_0.json	1448859600.0	94.93	400	217
snapshot_11_30_2015_12_0.json	1448902800.0	94.93	400	217
snapshot_11_30_2015_18_0.json	1448924400.0	94.93	400	215
snapshot_12_1_2015_0_0.json	1448946000.0	94.93	400	213
snapshot_12_1_2015_12_0.json	1448989200.0	94.93	400	211
snapshot_12_1_2015_18_0.json	1449010800.0	94.93	400	211
snapshot_12_1_2015_6_0.json	1448967600.0	94.93	400	213
snapshot_12_2_2015_0_0.json	1449032400.0	94.93	400	232
snapshot_12_2_2015_12_0.json	1449075600.0	94.93	400	228
snapshot_12_2_2015_18_0.json	1449097200.0	94.93	400	228
snapshot_12_2_2015_6_0.json	1449054000.0	94.93	400	230
snapshot_12_3_2015_0_0.json	1449118800.0	105.46	400	234
snapshot_12_3_2015_0_0.json	1449118800.0	105.46	400	234
snapshot_12_3_2015_12_0.json	1449162000.0	105.46	400	234
snapshot_12_3_2015_18_0.json	1449183600.0	105.46	400	232
snapshot_12_3_2015_6_0.json	1449140400.0	105.46	400	234
snapshot_12_4_2015_0_0.json	1449205200.0	107.8	400	226
snapshot_12_4_2015_18_0.json	1449270000.0	107.8	400	224
snapshot_12_4_2015_6_0.json	1449226800.0	107.8	400	226
snapshot_12_5_2015_0_0.json	1449291600.0	103.53	400	235
snapshot_12_5_2015_18_0.json	1449356400.0	103.53	400	235
snapshot_12_5_2015_6_0.json	1449313200.0	103.53	400	235
