9293550	2015-11-29T01:00:00Z	Newsies The Musical	Broward Center for the Performing Arts - Au Rene Theater	Florida Miami / S. Florida|669	33312
snapshot_11_16_2015_0_0.json	1447650000.0	45.79	193	128
snapshot_11_17_2015_0_0.json	1447736400.0	45.79	193	128
snapshot_11_17_2015_12_0.json	1447779600.0	48.13	193	128
snapshot_11_17_2015_18_0.json	1447801200.0	43.45	193	128
snapshot_11_18_2015_12_0.json	1447866000.0	43.45	193	128
snapshot_11_18_2015_12_0.json	1447866000.0	43.45	193	128
snapshot_11_18_2015_18_0.json	1447887600.0	43.45	188.04	128
snapshot_11_18_2015_6_0.json	1447844400.0	43.45	193	128
snapshot_11_19_2015_0_0.json	1447909200.0	43.45	185	126
snapshot_11_19_2015_6_0.json	1447930800.0	43.45	185	126
snapshot_11_20_2015_0_0.json	1447995600.0	43.45	185	124
snapshot_11_20_2015_12_0.json	1448038800.0	43.45	185	122
snapshot_11_20_2015_12_0.json	1448038800.0	43.45	185	122
snapshot_11_21_2015_12_0.json	1448125200.0	43.45	185	117
snapshot_11_21_2015_18_0.json	1448146800.0	43.45	185	115
snapshot_11_22_2015_12_0.json	1448211600.0	43.45	185	115
snapshot_11_22_2015_18_0.json	1448233200.0	43.45	185	115
snapshot_11_22_2015_6_0.json	1448190000.0	43.45	185	115
snapshot_11_23_2015_0_0.json	1448254800.0	43.45	185	115
snapshot_11_23_2015_0_0.json	1448254800.0	43.45	185	115
snapshot_11_23_2015_12_0.json	1448298000.0	43.45	185	115
snapshot_11_23_2015_18_0.json	1448319600.0	43.45	185	115
snapshot_11_24_2015_0_0.json	1448341200.0	43.45	170	71
snapshot_11_24_2015_12_0.json	1448384400.0	43.45	147	67
snapshot_11_24_2015_18_0.json	1448406000.0	43.45	169	87
snapshot_11_24_2015_6_0.json	1448362800.0	43.45	147	67
snapshot_11_25_2015_0_0.json	1448427600.0	43.45	147	67
snapshot_11_25_2015_0_0.json	1448427600.0	43.45	147	67
snapshot_11_25_2015_12_0.json	1448470800.0	43.45	147	67
snapshot_11_25_2015_18_0.json	1448492400.0	37.6	147	67
snapshot_11_25_2015_6_0.json	1448449200.0	43.45	147	67
snapshot_11_26_2015_0_0.json	1448514000.0	37.6	147	65
snapshot_11_27_2015_18_0.json	1448665200.0	35.26	101	27
snapshot_11_28_2015_0_0.json	1448686800.0	24.73	195	23
snapshot_11_28_2015_12_0.json	1448730000.0	25.9	195	12
snapshot_11_28_2015_18_0.json	1448751600.0	25.9	151	10
snapshot_11_29_2015_0_0.json	1448773200.0	80.89	112	4
snapshot_11_29_2015_18_0.json	1448838000.0	0	0	0
snapshot_11_29_2015_6_0.json	1448794800.0	0	0	0
snapshot_11_30_2015_0_0.json	1448859600.0	0	0	0
snapshot_11_30_2015_0_0.json	1448859600.0	0	0	0
snapshot_11_30_2015_12_0.json	1448902800.0	0	0	0
snapshot_11_30_2015_6_0.json	1448881200.0	0	0	0
snapshot_11_30_2015_6_0.json	1448881200.0	0	0	0
9293550	2015-11-29T01:00:00Z	Newsies The Musical	Broward Center for the Performing Arts - Au Rene Theater	Florida Miami / S. Florida|669	33312
snapshot_11_16_2015_0_0.json	1447650000.0	45.79	193	128
snapshot_11_17_2015_0_0.json	1447736400.0	45.79	193	128
snapshot_11_17_2015_12_0.json	1447779600.0	48.13	193	128
snapshot_11_17_2015_18_0.json	1447801200.0	43.45	193	128
snapshot_11_18_2015_12_0.json	1447866000.0	43.45	193	128
snapshot_11_18_2015_12_0.json	1447866000.0	43.45	193	128
snapshot_11_18_2015_18_0.json	1447887600.0	43.45	188.04	128
snapshot_11_18_2015_6_0.json	1447844400.0	43.45	193	128
snapshot_11_19_2015_0_0.json	1447909200.0	43.45	185	126
snapshot_11_19_2015_6_0.json	1447930800.0	43.45	185	126
snapshot_11_20_2015_0_0.json	1447995600.0	43.45	185	124
snapshot_11_20_2015_12_0.json	1448038800.0	43.45	185	122
snapshot_11_20_2015_12_0.json	1448038800.0	43.45	185	122
snapshot_11_21_2015_12_0.json	1448125200.0	43.45	185	117
snapshot_11_21_2015_18_0.json	1448146800.0	43.45	185	115
snapshot_11_22_2015_12_0.json	1448211600.0	43.45	185	115
snapshot_11_22_2015_18_0.json	1448233200.0	43.45	185	115
snapshot_11_22_2015_6_0.json	1448190000.0	43.45	185	115
snapshot_11_23_2015_0_0.json	1448254800.0	43.45	185	115
snapshot_11_23_2015_0_0.json	1448254800.0	43.45	185	115
snapshot_11_23_2015_12_0.json	1448298000.0	43.45	185	115
snapshot_11_23_2015_18_0.json	1448319600.0	43.45	185	115
snapshot_11_24_2015_0_0.json	1448341200.0	43.45	170	71
snapshot_11_24_2015_12_0.json	1448384400.0	43.45	147	67
snapshot_11_24_2015_18_0.json	1448406000.0	43.45	169	87
snapshot_11_24_2015_6_0.json	1448362800.0	43.45	147	67
snapshot_11_25_2015_0_0.json	1448427600.0	43.45	147	67
snapshot_11_25_2015_0_0.json	1448427600.0	43.45	147	67
snapshot_11_25_2015_12_0.json	1448470800.0	43.45	147	67
snapshot_11_25_2015_18_0.json	1448492400.0	37.6	147	67
snapshot_11_25_2015_6_0.json	1448449200.0	43.45	147	67
snapshot_11_26_2015_0_0.json	1448514000.0	37.6	147	65
snapshot_11_27_2015_18_0.json	1448665200.0	35.26	101	27
snapshot_11_28_2015_0_0.json	1448686800.0	24.73	195	23
snapshot_11_28_2015_12_0.json	1448730000.0	25.9	195	12
snapshot_11_28_2015_18_0.json	1448751600.0	25.9	151	10
snapshot_11_29_2015_0_0.json	1448773200.0	80.89	112	4
snapshot_11_29_2015_18_0.json	1448838000.0	0	0	0
snapshot_11_29_2015_6_0.json	1448794800.0	0	0	0
snapshot_11_30_2015_0_0.json	1448859600.0	0	0	0
snapshot_11_30_2015_0_0.json	1448859600.0	0	0	0
snapshot_11_30_2015_12_0.json	1448902800.0	0	0	0
snapshot_11_30_2015_6_0.json	1448881200.0	0	0	0
snapshot_11_30_2015_6_0.json	1448881200.0	0	0	0
