9293539	2015-11-22T18:00:00Z	Newsies The Musical	Broward Center for the Performing Arts - Au Rene Theater	Florida Miami / S. Florida|669	33312
snapshot_11_16_2015_0_0.json	1447650000.0	36.43	185	93
snapshot_11_17_2015_0_0.json	1447736400.0	36.43	185	89
snapshot_11_17_2015_12_0.json	1447779600.0	39.18	185	91
snapshot_11_17_2015_18_0.json	1447801200.0	36.43	185	91
snapshot_11_17_2015_6_0.json	1447758000.0	39.18	185	91
snapshot_11_18_2015_0_0.json	1447822800.0	36.43	185	91
snapshot_11_18_2015_12_0.json	1447866000.0	37.6	185	91
snapshot_11_18_2015_12_0.json	1447866000.0	37.6	185	91
snapshot_11_18_2015_18_0.json	1447887600.0	36.43	185	91
snapshot_11_18_2015_6_0.json	1447844400.0	37.6	185	91
snapshot_11_19_2015_0_0.json	1447909200.0	36.43	147	48
snapshot_11_19_2015_12_0.json	1447952400.0	37.6	147	48
snapshot_11_19_2015_6_0.json	1447930800.0	37.6	147	48
snapshot_11_20_2015_0_0.json	1447995600.0	36.43	147	52
snapshot_11_20_2015_12_0.json	1448038800.0	37.6	147	38
snapshot_11_21_2015_12_0.json	1448125200.0	20.05	132.3	10
snapshot_11_21_2015_18_0.json	1448146800.0	20.05	132.3	12
snapshot_11_22_2015_0_0.json	1448168400.0	31.75	132.3	6
snapshot_11_22_2015_12_0.json	1448211600.0	31.75	132.3	6
snapshot_11_22_2015_18_0.json	1448233200.0	0	0	0
snapshot_11_23_2015_0_0.json	1448254800.0	0	0	0
snapshot_11_23_2015_12_0.json	1448298000.0	0	0	0
snapshot_11_23_2015_18_0.json	1448319600.0	0	0	0
snapshot_11_23_2015_6_0.json	1448276400.0	0	0	0
snapshot_11_24_2015_0_0.json	1448341200.0	0	0	0
snapshot_11_24_2015_12_0.json	1448384400.0	0	0	0
9293539	2015-11-22T18:00:00Z	Newsies The Musical	Broward Center for the Performing Arts - Au Rene Theater	Florida Miami / S. Florida|669	33312
snapshot_11_16_2015_0_0.json	1447650000.0	36.43	185	93
snapshot_11_17_2015_0_0.json	1447736400.0	36.43	185	89
snapshot_11_17_2015_12_0.json	1447779600.0	39.18	185	91
snapshot_11_17_2015_18_0.json	1447801200.0	36.43	185	91
snapshot_11_17_2015_6_0.json	1447758000.0	39.18	185	91
snapshot_11_18_2015_0_0.json	1447822800.0	36.43	185	91
snapshot_11_18_2015_12_0.json	1447866000.0	37.6	185	91
snapshot_11_18_2015_12_0.json	1447866000.0	37.6	185	91
snapshot_11_18_2015_18_0.json	1447887600.0	36.43	185	91
snapshot_11_18_2015_6_0.json	1447844400.0	37.6	185	91
snapshot_11_19_2015_0_0.json	1447909200.0	36.43	147	48
snapshot_11_19_2015_12_0.json	1447952400.0	37.6	147	48
snapshot_11_19_2015_6_0.json	1447930800.0	37.6	147	48
snapshot_11_20_2015_0_0.json	1447995600.0	36.43	147	52
snapshot_11_20_2015_12_0.json	1448038800.0	37.6	147	38
snapshot_11_21_2015_12_0.json	1448125200.0	20.05	132.3	10
snapshot_11_21_2015_18_0.json	1448146800.0	20.05	132.3	12
snapshot_11_22_2015_0_0.json	1448168400.0	31.75	132.3	6
snapshot_11_22_2015_12_0.json	1448211600.0	31.75	132.3	6
snapshot_11_22_2015_18_0.json	1448233200.0	0	0	0
snapshot_11_23_2015_0_0.json	1448254800.0	0	0	0
snapshot_11_23_2015_12_0.json	1448298000.0	0	0	0
snapshot_11_23_2015_18_0.json	1448319600.0	0	0	0
snapshot_11_23_2015_6_0.json	1448276400.0	0	0	0
snapshot_11_24_2015_0_0.json	1448341200.0	0	0	0
snapshot_11_24_2015_12_0.json	1448384400.0	0	0	0
