9294040	2016-01-31T00:00:00Z	Monster Jam	Ford Field	Michigan Detroit|676	48226
snapshot_11_16_2015_0_0.json	1447650000.0	50.88	2699	870
snapshot_11_17_2015_18_0.json	1447801200.0	50.88	2699	870
snapshot_11_18_2015_0_0.json	1447822800.0	50.88	2699	870
snapshot_11_18_2015_0_0.json	1447822800.0	50.88	2699	870
snapshot_11_18_2015_12_0.json	1447866000.0	50.88	2699	866
snapshot_11_18_2015_18_0.json	1447887600.0	50.88	2699	866
snapshot_11_18_2015_6_0.json	1447844400.0	50.88	2699	866
snapshot_11_19_2015_12_0.json	1447952400.0	50.88	2699	866
snapshot_11_19_2015_12_0.json	1447952400.0	50.88	2699	866
snapshot_11_19_2015_6_0.json	1447930800.0	50.88	2699	866
snapshot_11_20_2015_0_0.json	1447995600.0	50.88	2699	966
snapshot_11_20_2015_12_0.json	1448038800.0	50.88	2699	966
snapshot_11_21_2015_18_0.json	1448146800.0	50.88	2699	963
snapshot_11_21_2015_18_0.json	1448146800.0	50.88	2699	963
snapshot_11_22_2015_12_0.json	1448211600.0	50.88	2699	963
snapshot_11_22_2015_18_0.json	1448233200.0	50.88	2699	963
snapshot_11_22_2015_18_0.json	1448233200.0	50.88	2699	963
snapshot_11_22_2015_6_0.json	1448190000.0	50.88	2699	963
snapshot_11_23_2015_0_0.json	1448254800.0	50.88	2699	963
snapshot_11_23_2015_12_0.json	1448298000.0	50.88	2699	963
snapshot_11_23_2015_6_0.json	1448276400.0	50.88	2699	963
snapshot_11_24_2015_0_0.json	1448341200.0	53.36	2699	952
snapshot_11_24_2015_12_0.json	1448384400.0	53.36	2699	948
snapshot_11_24_2015_18_0.json	1448406000.0	53.36	2699	948
snapshot_11_24_2015_6_0.json	1448362800.0	53.36	2699	948
snapshot_11_25_2015_12_0.json	1448470800.0	53.36	2699	942
snapshot_11_25_2015_18_0.json	1448492400.0	47.63	2699	942
snapshot_11_25_2015_6_0.json	1448449200.0	53.36	2699	942
snapshot_11_27_2015_18_0.json	1448665200.0	47.63	2699	936
snapshot_11_28_2015_12_0.json	1448730000.0	47.63	2699	936
snapshot_11_28_2015_18_0.json	1448751600.0	47.63	2699	928
snapshot_11_28_2015_18_0.json	1448751600.0	47.63	2699	928
snapshot_11_28_2015_6_0.json	1448708400.0	47.63	2699	936
snapshot_11_29_2015_0_0.json	1448773200.0	47.63	2699	928
snapshot_11_29_2015_12_0.json	1448816400.0	47.63	2699	932
snapshot_11_29_2015_18_0.json	1448838000.0	47.63	2699	932
snapshot_11_29_2015_6_0.json	1448794800.0	47.63	2699	932
snapshot_11_30_2015_0_0.json	1448859600.0	47.63	2699	923
snapshot_11_30_2015_0_0.json	1448859600.0	47.63	2699	923
snapshot_11_30_2015_12_0.json	1448902800.0	47.63	2699	922
snapshot_11_30_2015_18_0.json	1448924400.0	41.91	2699	932
snapshot_12_1_2015_18_0.json	1449010800.0	41.91	2699	926
snapshot_12_1_2015_6_0.json	1448967600.0	41.91	2699	926
snapshot_12_1_2015_6_0.json	1448967600.0	41.91	2699	926
snapshot_12_2_2015_0_0.json	1449032400.0	41.91	2699	923
snapshot_12_2_2015_0_0.json	1449032400.0	41.91	2699	923
snapshot_12_2_2015_12_0.json	1449075600.0	41.91	2699	923
snapshot_12_2_2015_18_0.json	1449097200.0	41.91	2699	923
snapshot_12_3_2015_0_0.json	1449118800.0	41.91	2699	923
snapshot_12_3_2015_6_0.json	1449140400.0	41.91	2699	921
snapshot_12_3_2015_6_0.json	1449140400.0	41.91	2699	921
snapshot_12_4_2015_0_0.json	1449205200.0	41.91	2699	918
snapshot_12_4_2015_12_0.json	1449248400.0	41.91	2699	918
snapshot_12_4_2015_18_0.json	1449270000.0	41.91	2699	918
snapshot_12_4_2015_6_0.json	1449226800.0	41.91	2699	918
snapshot_12_5_2015_0_0.json	1449291600.0	41.91	2699	893
snapshot_12_5_2015_12_0.json	1449334800.0	41.91	2699	893
snapshot_12_5_2015_18_0.json	1449356400.0	41.91	2699	913
snapshot_12_5_2015_6_0.json	1449313200.0	41.91	2699	893
snapshot_12_5_2015_6_0.json	1449313200.0	41.91	2699	893
9294040	2016-01-31T00:00:00Z	Monster Jam	Ford Field	Michigan Detroit|676	48226
snapshot_11_16_2015_0_0.json	1447650000.0	50.88	2699	870
snapshot_11_17_2015_18_0.json	1447801200.0	50.88	2699	870
snapshot_11_18_2015_0_0.json	1447822800.0	50.88	2699	870
snapshot_11_18_2015_0_0.json	1447822800.0	50.88	2699	870
snapshot_11_18_2015_12_0.json	1447866000.0	50.88	2699	866
snapshot_11_18_2015_18_0.json	1447887600.0	50.88	2699	866
snapshot_11_18_2015_6_0.json	1447844400.0	50.88	2699	866
snapshot_11_19_2015_12_0.json	1447952400.0	50.88	2699	866
snapshot_11_19_2015_12_0.json	1447952400.0	50.88	2699	866
snapshot_11_19_2015_6_0.json	1447930800.0	50.88	2699	866
snapshot_11_20_2015_0_0.json	1447995600.0	50.88	2699	966
snapshot_11_20_2015_12_0.json	1448038800.0	50.88	2699	966
snapshot_11_21_2015_18_0.json	1448146800.0	50.88	2699	963
snapshot_11_21_2015_18_0.json	1448146800.0	50.88	2699	963
snapshot_11_22_2015_12_0.json	1448211600.0	50.88	2699	963
snapshot_11_22_2015_18_0.json	1448233200.0	50.88	2699	963
snapshot_11_22_2015_18_0.json	1448233200.0	50.88	2699	963
snapshot_11_22_2015_6_0.json	1448190000.0	50.88	2699	963
snapshot_11_23_2015_0_0.json	1448254800.0	50.88	2699	963
snapshot_11_23_2015_12_0.json	1448298000.0	50.88	2699	963
snapshot_11_23_2015_6_0.json	1448276400.0	50.88	2699	963
snapshot_11_24_2015_0_0.json	1448341200.0	53.36	2699	952
snapshot_11_24_2015_12_0.json	1448384400.0	53.36	2699	948
snapshot_11_24_2015_18_0.json	1448406000.0	53.36	2699	948
snapshot_11_24_2015_6_0.json	1448362800.0	53.36	2699	948
snapshot_11_25_2015_12_0.json	1448470800.0	53.36	2699	942
snapshot_11_25_2015_18_0.json	1448492400.0	47.63	2699	942
snapshot_11_25_2015_6_0.json	1448449200.0	53.36	2699	942
snapshot_11_27_2015_18_0.json	1448665200.0	47.63	2699	936
snapshot_11_28_2015_12_0.json	1448730000.0	47.63	2699	936
snapshot_11_28_2015_18_0.json	1448751600.0	47.63	2699	928
snapshot_11_28_2015_18_0.json	1448751600.0	47.63	2699	928
snapshot_11_28_2015_6_0.json	1448708400.0	47.63	2699	936
snapshot_11_29_2015_0_0.json	1448773200.0	47.63	2699	928
snapshot_11_29_2015_12_0.json	1448816400.0	47.63	2699	932
snapshot_11_29_2015_18_0.json	1448838000.0	47.63	2699	932
snapshot_11_29_2015_6_0.json	1448794800.0	47.63	2699	932
snapshot_11_30_2015_0_0.json	1448859600.0	47.63	2699	923
snapshot_11_30_2015_0_0.json	1448859600.0	47.63	2699	923
snapshot_11_30_2015_12_0.json	1448902800.0	47.63	2699	922
snapshot_11_30_2015_18_0.json	1448924400.0	41.91	2699	932
snapshot_12_1_2015_18_0.json	1449010800.0	41.91	2699	926
snapshot_12_1_2015_6_0.json	1448967600.0	41.91	2699	926
snapshot_12_1_2015_6_0.json	1448967600.0	41.91	2699	926
snapshot_12_2_2015_0_0.json	1449032400.0	41.91	2699	923
snapshot_12_2_2015_0_0.json	1449032400.0	41.91	2699	923
snapshot_12_2_2015_12_0.json	1449075600.0	41.91	2699	923
snapshot_12_2_2015_18_0.json	1449097200.0	41.91	2699	923
snapshot_12_3_2015_0_0.json	1449118800.0	41.91	2699	923
snapshot_12_3_2015_6_0.json	1449140400.0	41.91	2699	921
snapshot_12_3_2015_6_0.json	1449140400.0	41.91	2699	921
snapshot_12_4_2015_0_0.json	1449205200.0	41.91	2699	918
snapshot_12_4_2015_12_0.json	1449248400.0	41.91	2699	918
snapshot_12_4_2015_18_0.json	1449270000.0	41.91	2699	918
snapshot_12_4_2015_6_0.json	1449226800.0	41.91	2699	918
snapshot_12_5_2015_0_0.json	1449291600.0	41.91	2699	893
snapshot_12_5_2015_12_0.json	1449334800.0	41.91	2699	893
snapshot_12_5_2015_18_0.json	1449356400.0	41.91	2699	913
snapshot_12_5_2015_6_0.json	1449313200.0	41.91	2699	893
snapshot_12_5_2015_6_0.json	1449313200.0	41.91	2699	893
