9294349	2015-11-20T00:30:00Z	The Book of Mormon	Providence Performing Arts Center 	Rhode Island Providence|92294	02903
snapshot_11_16_2015_0_0.json	1447650000.0	66.16	124	4
snapshot_11_17_2015_0_0.json	1447736400.0	60.38	74	4
snapshot_11_17_2015_0_0.json	1447736400.0	60.38	74	4
snapshot_11_17_2015_12_0.json	1447779600.0	60.38	74	4
snapshot_11_17_2015_18_0.json	1447801200.0	60.38	52	4
snapshot_11_17_2015_18_0.json	1447801200.0	60.38	52	4
snapshot_11_17_2015_6_0.json	1447758000.0	60.38	74	4
snapshot_11_18_2015_0_0.json	1447822800.0	60.38	49.47	3
snapshot_11_18_2015_12_0.json	1447866000.0	60.38	49.47	3
snapshot_11_18_2015_6_0.json	1447844400.0	60.38	49.47	3
snapshot_11_19_2015_0_0.json	1447909200.0	48.8	39.57	2
snapshot_11_19_2015_12_0.json	1447952400.0	0	0	0
snapshot_11_19_2015_12_0.json	1447952400.0	0	0	0
snapshot_11_19_2015_6_0.json	1447930800.0	0	0	0
snapshot_11_20_2015_12_0.json	1448038800.0	0	0	0
snapshot_11_21_2015_12_0.json	1448125200.0	0	0	0
9294349	2015-11-20T00:30:00Z	The Book of Mormon	Providence Performing Arts Center 	Rhode Island Providence|92294	02903
snapshot_11_16_2015_0_0.json	1447650000.0	66.16	124	4
snapshot_11_17_2015_0_0.json	1447736400.0	60.38	74	4
snapshot_11_17_2015_0_0.json	1447736400.0	60.38	74	4
snapshot_11_17_2015_12_0.json	1447779600.0	60.38	74	4
snapshot_11_17_2015_18_0.json	1447801200.0	60.38	52	4
snapshot_11_17_2015_18_0.json	1447801200.0	60.38	52	4
snapshot_11_17_2015_6_0.json	1447758000.0	60.38	74	4
snapshot_11_18_2015_0_0.json	1447822800.0	60.38	49.47	3
snapshot_11_18_2015_12_0.json	1447866000.0	60.38	49.47	3
snapshot_11_18_2015_6_0.json	1447844400.0	60.38	49.47	3
snapshot_11_19_2015_0_0.json	1447909200.0	48.8	39.57	2
snapshot_11_19_2015_12_0.json	1447952400.0	0	0	0
snapshot_11_19_2015_12_0.json	1447952400.0	0	0	0
snapshot_11_19_2015_6_0.json	1447930800.0	0	0	0
snapshot_11_20_2015_12_0.json	1448038800.0	0	0	0
snapshot_11_21_2015_12_0.json	1448125200.0	0	0	0
