9295917	2015-11-19T01:00:00Z	Kamelot	The Fillmore Silver Spring	District of Columbia Washington DC Metro|525	20910
snapshot_11_16_2015_0_0.json	1447650000.0	49.3	54.45	27
snapshot_11_16_2015_0_0.json	1447650000.0	49.3	54.45	27
snapshot_11_17_2015_0_0.json	1447736400.0	49.3	54.45	27
snapshot_11_17_2015_12_0.json	1447779600.0	46.96	40	4
snapshot_11_17_2015_18_0.json	1447801200.0	46.96	40	4
snapshot_11_17_2015_18_0.json	1447801200.0	46.96	40	4
snapshot_11_17_2015_6_0.json	1447758000.0	46.96	40	4
snapshot_11_18_2015_0_0.json	1447822800.0	46.96	40	4
snapshot_11_18_2015_12_0.json	1447866000.0	46.96	40	4
snapshot_11_18_2015_18_0.json	1447887600.0	37.6	38	4
snapshot_11_18_2015_6_0.json	1447844400.0	46.96	40	4
snapshot_11_19_2015_0_0.json	1447909200.0	37.6	30	4
snapshot_11_19_2015_18_0.json	1447974000.0	0	0	0
snapshot_11_20_2015_0_0.json	1447995600.0	0	0	0
snapshot_11_20_2015_12_0.json	1448038800.0	0	0	0
9295917	2015-11-19T01:00:00Z	Kamelot	The Fillmore Silver Spring	District of Columbia Washington DC Metro|525	20910
snapshot_11_16_2015_0_0.json	1447650000.0	49.3	54.45	27
snapshot_11_16_2015_0_0.json	1447650000.0	49.3	54.45	27
snapshot_11_17_2015_0_0.json	1447736400.0	49.3	54.45	27
snapshot_11_17_2015_12_0.json	1447779600.0	46.96	40	4
snapshot_11_17_2015_18_0.json	1447801200.0	46.96	40	4
snapshot_11_17_2015_18_0.json	1447801200.0	46.96	40	4
snapshot_11_17_2015_6_0.json	1447758000.0	46.96	40	4
snapshot_11_18_2015_0_0.json	1447822800.0	46.96	40	4
snapshot_11_18_2015_12_0.json	1447866000.0	46.96	40	4
snapshot_11_18_2015_18_0.json	1447887600.0	37.6	38	4
snapshot_11_18_2015_6_0.json	1447844400.0	46.96	40	4
snapshot_11_19_2015_0_0.json	1447909200.0	37.6	30	4
snapshot_11_19_2015_18_0.json	1447974000.0	0	0	0
snapshot_11_20_2015_0_0.json	1447995600.0	0	0	0
snapshot_11_20_2015_12_0.json	1448038800.0	0	0	0
