9295661	2015-11-21T00:30:00Z	The Book of Mormon	Providence Performing Arts Center 	Rhode Island Providence|92294	02903
snapshot_11_16_2015_0_0.json	1447650000.0	93.76	160	45
snapshot_11_17_2015_0_0.json	1447736400.0	93.76	160	43
snapshot_11_17_2015_12_0.json	1447779600.0	93.76	148	43
snapshot_11_17_2015_18_0.json	1447801200.0	93.76	148	43
snapshot_11_17_2015_18_0.json	1447801200.0	93.76	148	43
snapshot_11_17_2015_18_0.json	1447801200.0	93.76	148	43
snapshot_11_18_2015_0_0.json	1447822800.0	93.76	148	41
snapshot_11_18_2015_12_0.json	1447866000.0	93.76	148	41
snapshot_11_18_2015_18_0.json	1447887600.0	83.23	147.9	36
snapshot_11_19_2015_0_0.json	1447909200.0	83.23	147.9	30
snapshot_11_19_2015_12_0.json	1447952400.0	83.23	132	26
snapshot_11_19_2015_6_0.json	1447930800.0	83.23	132	26
snapshot_11_20_2015_0_0.json	1447995600.0	57.49	114	29
snapshot_11_20_2015_12_0.json	1448038800.0	57.49	114	27
snapshot_11_21_2015_18_0.json	1448146800.0	0	0	0
snapshot_11_22_2015_0_0.json	1448168400.0	0	0	0
snapshot_11_22_2015_12_0.json	1448211600.0	0	0	0
9295661	2015-11-21T00:30:00Z	The Book of Mormon	Providence Performing Arts Center 	Rhode Island Providence|92294	02903
snapshot_11_16_2015_0_0.json	1447650000.0	93.76	160	45
snapshot_11_17_2015_0_0.json	1447736400.0	93.76	160	43
snapshot_11_17_2015_12_0.json	1447779600.0	93.76	148	43
snapshot_11_17_2015_18_0.json	1447801200.0	93.76	148	43
snapshot_11_17_2015_18_0.json	1447801200.0	93.76	148	43
snapshot_11_17_2015_18_0.json	1447801200.0	93.76	148	43
snapshot_11_18_2015_0_0.json	1447822800.0	93.76	148	41
snapshot_11_18_2015_12_0.json	1447866000.0	93.76	148	41
snapshot_11_18_2015_18_0.json	1447887600.0	83.23	147.9	36
snapshot_11_19_2015_0_0.json	1447909200.0	83.23	147.9	30
snapshot_11_19_2015_12_0.json	1447952400.0	83.23	132	26
snapshot_11_19_2015_6_0.json	1447930800.0	83.23	132	26
snapshot_11_20_2015_0_0.json	1447995600.0	57.49	114	29
snapshot_11_20_2015_12_0.json	1448038800.0	57.49	114	27
snapshot_11_21_2015_18_0.json	1448146800.0	0	0	0
snapshot_11_22_2015_0_0.json	1448168400.0	0	0	0
snapshot_11_22_2015_12_0.json	1448211600.0	0	0	0
