9295415	2015-12-23T01:30:00Z	Josh Groban	Music Hall at Fair Park	Texas Dallas|672	75210
snapshot_11_17_2015_0_0.json	1447736400.0	104.29	750	160
snapshot_11_17_2015_18_0.json	1447801200.0	104.29	750	162
snapshot_11_18_2015_0_0.json	1447822800.0	104.29	750	168
snapshot_11_18_2015_0_0.json	1447822800.0	104.29	750	168
snapshot_11_18_2015_12_0.json	1447866000.0	104.43	750	166
snapshot_11_18_2015_18_0.json	1447887600.0	104.43	750	166
snapshot_11_18_2015_6_0.json	1447844400.0	104.43	750	166
snapshot_11_19_2015_0_0.json	1447909200.0	98.44	750	166
snapshot_11_19_2015_12_0.json	1447952400.0	98.44	750	166
snapshot_11_19_2015_6_0.json	1447930800.0	98.44	750	166
snapshot_11_20_2015_0_0.json	1447995600.0	97.48	750	158
snapshot_11_20_2015_12_0.json	1448038800.0	106.63	750	156
snapshot_11_21_2015_12_0.json	1448125200.0	110.14	750	156
snapshot_11_21_2015_12_0.json	1448125200.0	110.14	750	156
snapshot_11_21_2015_18_0.json	1448146800.0	110.14	750	156
snapshot_11_22_2015_18_0.json	1448233200.0	110.14	750	165
snapshot_11_23_2015_0_0.json	1448254800.0	110.14	750	165
snapshot_11_23_2015_12_0.json	1448298000.0	110.14	750	159
snapshot_11_23_2015_6_0.json	1448276400.0	110.14	750	159
snapshot_11_24_2015_0_0.json	1448341200.0	110.14	750	164
snapshot_11_24_2015_12_0.json	1448384400.0	110.14	750	164
snapshot_11_24_2015_12_0.json	1448384400.0	110.14	750	164
snapshot_11_24_2015_18_0.json	1448406000.0	110.14	750	166
snapshot_11_24_2015_6_0.json	1448362800.0	110.14	750	164
snapshot_11_25_2015_0_0.json	1448427600.0	110.14	750	166
snapshot_11_25_2015_0_0.json	1448427600.0	110.14	750	166
snapshot_11_25_2015_12_0.json	1448470800.0	110.14	750	166
snapshot_11_25_2015_18_0.json	1448492400.0	111.47	750	166
snapshot_11_26_2015_0_0.json	1448514000.0	111.47	750	169
snapshot_11_26_2015_0_0.json	1448514000.0	111.47	750	169
snapshot_11_27_2015_18_0.json	1448665200.0	113.65	750	167
snapshot_11_28_2015_0_0.json	1448686800.0	113.65	750	165
snapshot_11_28_2015_12_0.json	1448730000.0	113.65	750	165
snapshot_11_28_2015_18_0.json	1448751600.0	163.96	750	162
snapshot_11_28_2015_6_0.json	1448708400.0	113.65	750	165
snapshot_11_29_2015_0_0.json	1448773200.0	148.75	750	162
snapshot_11_29_2015_0_0.json	1448773200.0	148.75	750	162
snapshot_11_29_2015_12_0.json	1448816400.0	148.75	750	160
snapshot_11_29_2015_18_0.json	1448838000.0	148.75	750	162
snapshot_11_29_2015_6_0.json	1448794800.0	148.75	750	160
snapshot_11_30_2015_0_0.json	1448859600.0	148.75	750	160
snapshot_11_30_2015_0_0.json	1448859600.0	148.75	750	160
snapshot_11_30_2015_12_0.json	1448902800.0	148.75	750	160
snapshot_12_1_2015_0_0.json	1448946000.0	148.75	650	160
snapshot_12_1_2015_18_0.json	1449010800.0	148.75	650	156
snapshot_12_1_2015_6_0.json	1448967600.0	148.75	650	158
snapshot_12_2_2015_0_0.json	1449032400.0	148.75	650	151
snapshot_12_2_2015_0_0.json	1449032400.0	148.75	650	151
snapshot_12_2_2015_12_0.json	1449075600.0	148.75	429	149
snapshot_12_2_2015_18_0.json	1449097200.0	142.9	429	151
snapshot_12_2_2015_6_0.json	1449054000.0	148.75	429	149
snapshot_12_2_2015_6_0.json	1449054000.0	148.75	429	149
snapshot_12_3_2015_12_0.json	1449162000.0	148.75	429	149
snapshot_12_3_2015_18_0.json	1449183600.0	148.75	429	145
snapshot_12_4_2015_0_0.json	1449205200.0	148.75	429	147
snapshot_12_4_2015_18_0.json	1449270000.0	148.75	429	141
snapshot_12_4_2015_6_0.json	1449226800.0	148.75	429	147
snapshot_12_5_2015_0_0.json	1449291600.0	148.75	429	141
snapshot_12_5_2015_12_0.json	1449334800.0	148.75	429	139
snapshot_12_5_2015_18_0.json	1449356400.0	148.75	429	139
snapshot_12_5_2015_6_0.json	1449313200.0	148.75	429	139
9295415	2015-12-23T01:30:00Z	Josh Groban	Music Hall at Fair Park	Texas Dallas|672	75210
snapshot_11_17_2015_0_0.json	1447736400.0	104.29	750	160
snapshot_11_17_2015_18_0.json	1447801200.0	104.29	750	162
snapshot_11_18_2015_0_0.json	1447822800.0	104.29	750	168
snapshot_11_18_2015_0_0.json	1447822800.0	104.29	750	168
snapshot_11_18_2015_12_0.json	1447866000.0	104.43	750	166
snapshot_11_18_2015_18_0.json	1447887600.0	104.43	750	166
snapshot_11_18_2015_6_0.json	1447844400.0	104.43	750	166
snapshot_11_19_2015_0_0.json	1447909200.0	98.44	750	166
snapshot_11_19_2015_12_0.json	1447952400.0	98.44	750	166
snapshot_11_19_2015_6_0.json	1447930800.0	98.44	750	166
snapshot_11_20_2015_0_0.json	1447995600.0	97.48	750	158
snapshot_11_20_2015_12_0.json	1448038800.0	106.63	750	156
snapshot_11_21_2015_12_0.json	1448125200.0	110.14	750	156
snapshot_11_21_2015_12_0.json	1448125200.0	110.14	750	156
snapshot_11_21_2015_18_0.json	1448146800.0	110.14	750	156
snapshot_11_22_2015_18_0.json	1448233200.0	110.14	750	165
snapshot_11_23_2015_0_0.json	1448254800.0	110.14	750	165
snapshot_11_23_2015_12_0.json	1448298000.0	110.14	750	159
snapshot_11_23_2015_6_0.json	1448276400.0	110.14	750	159
snapshot_11_24_2015_0_0.json	1448341200.0	110.14	750	164
snapshot_11_24_2015_12_0.json	1448384400.0	110.14	750	164
snapshot_11_24_2015_12_0.json	1448384400.0	110.14	750	164
snapshot_11_24_2015_18_0.json	1448406000.0	110.14	750	166
snapshot_11_24_2015_6_0.json	1448362800.0	110.14	750	164
snapshot_11_25_2015_0_0.json	1448427600.0	110.14	750	166
snapshot_11_25_2015_0_0.json	1448427600.0	110.14	750	166
snapshot_11_25_2015_12_0.json	1448470800.0	110.14	750	166
snapshot_11_25_2015_18_0.json	1448492400.0	111.47	750	166
snapshot_11_26_2015_0_0.json	1448514000.0	111.47	750	169
snapshot_11_26_2015_0_0.json	1448514000.0	111.47	750	169
snapshot_11_27_2015_18_0.json	1448665200.0	113.65	750	167
snapshot_11_28_2015_0_0.json	1448686800.0	113.65	750	165
snapshot_11_28_2015_12_0.json	1448730000.0	113.65	750	165
snapshot_11_28_2015_18_0.json	1448751600.0	163.96	750	162
snapshot_11_28_2015_6_0.json	1448708400.0	113.65	750	165
snapshot_11_29_2015_0_0.json	1448773200.0	148.75	750	162
snapshot_11_29_2015_0_0.json	1448773200.0	148.75	750	162
snapshot_11_29_2015_12_0.json	1448816400.0	148.75	750	160
snapshot_11_29_2015_18_0.json	1448838000.0	148.75	750	162
snapshot_11_29_2015_6_0.json	1448794800.0	148.75	750	160
snapshot_11_30_2015_0_0.json	1448859600.0	148.75	750	160
snapshot_11_30_2015_0_0.json	1448859600.0	148.75	750	160
snapshot_11_30_2015_12_0.json	1448902800.0	148.75	750	160
snapshot_12_1_2015_0_0.json	1448946000.0	148.75	650	160
snapshot_12_1_2015_18_0.json	1449010800.0	148.75	650	156
snapshot_12_1_2015_6_0.json	1448967600.0	148.75	650	158
snapshot_12_2_2015_0_0.json	1449032400.0	148.75	650	151
snapshot_12_2_2015_0_0.json	1449032400.0	148.75	650	151
snapshot_12_2_2015_12_0.json	1449075600.0	148.75	429	149
snapshot_12_2_2015_18_0.json	1449097200.0	142.9	429	151
snapshot_12_2_2015_6_0.json	1449054000.0	148.75	429	149
snapshot_12_2_2015_6_0.json	1449054000.0	148.75	429	149
snapshot_12_3_2015_12_0.json	1449162000.0	148.75	429	149
snapshot_12_3_2015_18_0.json	1449183600.0	148.75	429	145
snapshot_12_4_2015_0_0.json	1449205200.0	148.75	429	147
snapshot_12_4_2015_18_0.json	1449270000.0	148.75	429	141
snapshot_12_4_2015_6_0.json	1449226800.0	148.75	429	147
snapshot_12_5_2015_0_0.json	1449291600.0	148.75	429	141
snapshot_12_5_2015_12_0.json	1449334800.0	148.75	429	139
snapshot_12_5_2015_18_0.json	1449356400.0	148.75	429	139
snapshot_12_5_2015_6_0.json	1449313200.0	148.75	429	139
