9296244	2015-11-29T20:00:00Z	Hamilton	Richard Rodgers Theatre	New York New York Metro|664	10036
snapshot_11_16_2015_0_0.json	1447650000.0	438.15	1785	276
snapshot_11_17_2015_0_0.json	1447736400.0	436.98	2040	268
snapshot_11_17_2015_0_0.json	1447736400.0	436.98	2040	268
snapshot_11_17_2015_12_0.json	1447779600.0	426.74	2040	265
snapshot_11_17_2015_18_0.json	1447801200.0	426.74	2040	265
snapshot_11_17_2015_6_0.json	1447758000.0	436.98	2040	265
snapshot_11_17_2015_6_0.json	1447758000.0	436.98	2040	265
snapshot_11_18_2015_0_0.json	1447822800.0	436.98	2040	261
snapshot_11_18_2015_12_0.json	1447866000.0	436.98	2040	261
snapshot_11_18_2015_18_0.json	1447887600.0	436.98	2040	253
snapshot_11_18_2015_6_0.json	1447844400.0	436.98	2040	261
snapshot_11_18_2015_6_0.json	1447844400.0	436.98	2040	261
snapshot_11_19_2015_0_0.json	1447909200.0	436.98	2040	247
snapshot_11_19_2015_0_0.json	1447909200.0	436.98	2040	247
snapshot_11_19_2015_12_0.json	1447952400.0	436.98	2040	245
snapshot_11_19_2015_6_0.json	1447930800.0	436.98	2040	245
snapshot_11_20_2015_12_0.json	1448038800.0	426.74	2040	237
snapshot_11_21_2015_12_0.json	1448125200.0	415.29	2040	217
snapshot_11_21_2015_18_0.json	1448146800.0	415.29	2040	217
snapshot_11_22_2015_0_0.json	1448168400.0	415.29	2040	215
snapshot_11_22_2015_12_0.json	1448211600.0	415.29	2040	219
snapshot_11_22_2015_18_0.json	1448233200.0	415.29	2040	213
snapshot_11_22_2015_6_0.json	1448190000.0	415.29	2040	215
snapshot_11_23_2015_0_0.json	1448254800.0	415.29	2040	207
snapshot_11_23_2015_12_0.json	1448298000.0	415.29	2040	207
snapshot_11_23_2015_18_0.json	1448319600.0	399.26	2040	199
snapshot_11_23_2015_6_0.json	1448276400.0	415.29	2040	207
snapshot_11_24_2015_0_0.json	1448341200.0	411.86	1785	196
snapshot_11_24_2015_12_0.json	1448384400.0	411.86	1530	186
snapshot_11_24_2015_18_0.json	1448406000.0	353.5	1530	180
snapshot_11_24_2015_6_0.json	1448362800.0	411.86	1530	186
snapshot_11_25_2015_0_0.json	1448427600.0	355.08	1530	170
snapshot_11_25_2015_12_0.json	1448470800.0	355.08	1389	164
snapshot_11_25_2015_18_0.json	1448492400.0	413.58	1389	164
snapshot_11_25_2015_6_0.json	1448449200.0	355.08	1389	164
snapshot_11_26_2015_0_0.json	1448514000.0	353.5	1389	152
snapshot_11_26_2015_0_0.json	1448514000.0	353.5	1389	152
snapshot_11_27_2015_18_0.json	1448665200.0	353.5	10000	136
snapshot_11_28_2015_0_0.json	1448686800.0	324.25	10000	144
snapshot_11_28_2015_0_0.json	1448686800.0	324.25	10000	144
snapshot_11_28_2015_12_0.json	1448730000.0	324.25	10000	138
snapshot_11_28_2015_18_0.json	1448751600.0	353.5	1112	123
snapshot_11_28_2015_6_0.json	1448708400.0	324.25	10000	138
snapshot_11_29_2015_0_0.json	1448773200.0	347.65	1112	98
snapshot_11_29_2015_12_0.json	1448816400.0	328.93	1112	75
snapshot_11_29_2015_18_0.json	1448838000.0	349.99	724.35	45
snapshot_11_29_2015_6_0.json	1448794800.0	328.93	1112	77
snapshot_11_30_2015_12_0.json	1448902800.0	0	0	0
snapshot_11_30_2015_18_0.json	1448924400.0	0	0	0
snapshot_11_30_2015_6_0.json	1448881200.0	0	0	0
snapshot_12_1_2015_0_0.json	1448946000.0	0	0	0
snapshot_12_1_2015_12_0.json	1448989200.0	0	0	0
snapshot_12_1_2015_12_0.json	1448989200.0	0	0	0
snapshot_12_3_2015_12_0.json	1449162000.0	0	0	0
snapshot_12_3_2015_6_0.json	1449140400.0	0	0	0
snapshot_12_4_2015_0_0.json	1449205200.0	0	0	0
snapshot_12_5_2015_0_0.json	1449291600.0	0	0	0
snapshot_12_5_2015_12_0.json	1449334800.0	0	0	0
9296244	2015-11-29T20:00:00Z	Hamilton	Richard Rodgers Theatre	New York New York Metro|664	10036
snapshot_11_16_2015_0_0.json	1447650000.0	438.15	1785	276
snapshot_11_17_2015_0_0.json	1447736400.0	436.98	2040	268
snapshot_11_17_2015_0_0.json	1447736400.0	436.98	2040	268
snapshot_11_17_2015_12_0.json	1447779600.0	426.74	2040	265
snapshot_11_17_2015_18_0.json	1447801200.0	426.74	2040	265
snapshot_11_17_2015_6_0.json	1447758000.0	436.98	2040	265
snapshot_11_17_2015_6_0.json	1447758000.0	436.98	2040	265
snapshot_11_18_2015_0_0.json	1447822800.0	436.98	2040	261
snapshot_11_18_2015_12_0.json	1447866000.0	436.98	2040	261
snapshot_11_18_2015_18_0.json	1447887600.0	436.98	2040	253
snapshot_11_18_2015_6_0.json	1447844400.0	436.98	2040	261
snapshot_11_18_2015_6_0.json	1447844400.0	436.98	2040	261
snapshot_11_19_2015_0_0.json	1447909200.0	436.98	2040	247
snapshot_11_19_2015_0_0.json	1447909200.0	436.98	2040	247
snapshot_11_19_2015_12_0.json	1447952400.0	436.98	2040	245
snapshot_11_19_2015_6_0.json	1447930800.0	436.98	2040	245
snapshot_11_20_2015_12_0.json	1448038800.0	426.74	2040	237
snapshot_11_21_2015_12_0.json	1448125200.0	415.29	2040	217
snapshot_11_21_2015_18_0.json	1448146800.0	415.29	2040	217
snapshot_11_22_2015_0_0.json	1448168400.0	415.29	2040	215
snapshot_11_22_2015_12_0.json	1448211600.0	415.29	2040	219
snapshot_11_22_2015_18_0.json	1448233200.0	415.29	2040	213
snapshot_11_22_2015_6_0.json	1448190000.0	415.29	2040	215
snapshot_11_23_2015_0_0.json	1448254800.0	415.29	2040	207
snapshot_11_23_2015_12_0.json	1448298000.0	415.29	2040	207
snapshot_11_23_2015_18_0.json	1448319600.0	399.26	2040	199
snapshot_11_23_2015_6_0.json	1448276400.0	415.29	2040	207
snapshot_11_24_2015_0_0.json	1448341200.0	411.86	1785	196
snapshot_11_24_2015_12_0.json	1448384400.0	411.86	1530	186
snapshot_11_24_2015_18_0.json	1448406000.0	353.5	1530	180
snapshot_11_24_2015_6_0.json	1448362800.0	411.86	1530	186
snapshot_11_25_2015_0_0.json	1448427600.0	355.08	1530	170
snapshot_11_25_2015_12_0.json	1448470800.0	355.08	1389	164
snapshot_11_25_2015_18_0.json	1448492400.0	413.58	1389	164
snapshot_11_25_2015_6_0.json	1448449200.0	355.08	1389	164
snapshot_11_26_2015_0_0.json	1448514000.0	353.5	1389	152
snapshot_11_26_2015_0_0.json	1448514000.0	353.5	1389	152
snapshot_11_27_2015_18_0.json	1448665200.0	353.5	10000	136
snapshot_11_28_2015_0_0.json	1448686800.0	324.25	10000	144
snapshot_11_28_2015_0_0.json	1448686800.0	324.25	10000	144
snapshot_11_28_2015_12_0.json	1448730000.0	324.25	10000	138
snapshot_11_28_2015_18_0.json	1448751600.0	353.5	1112	123
snapshot_11_28_2015_6_0.json	1448708400.0	324.25	10000	138
snapshot_11_29_2015_0_0.json	1448773200.0	347.65	1112	98
snapshot_11_29_2015_12_0.json	1448816400.0	328.93	1112	75
snapshot_11_29_2015_18_0.json	1448838000.0	349.99	724.35	45
snapshot_11_29_2015_6_0.json	1448794800.0	328.93	1112	77
snapshot_11_30_2015_12_0.json	1448902800.0	0	0	0
snapshot_11_30_2015_18_0.json	1448924400.0	0	0	0
snapshot_11_30_2015_6_0.json	1448881200.0	0	0	0
snapshot_12_1_2015_0_0.json	1448946000.0	0	0	0
snapshot_12_1_2015_12_0.json	1448989200.0	0	0	0
snapshot_12_1_2015_12_0.json	1448989200.0	0	0	0
snapshot_12_3_2015_12_0.json	1449162000.0	0	0	0
snapshot_12_3_2015_6_0.json	1449140400.0	0	0	0
snapshot_12_4_2015_0_0.json	1449205200.0	0	0	0
snapshot_12_5_2015_0_0.json	1449291600.0	0	0	0
snapshot_12_5_2015_12_0.json	1449334800.0	0	0	0
