9296064	2015-12-07T01:00:00Z	Another Eason's LIFE in New York	The Theater at Madison Square Garden	New York New York Metro|664	10001
snapshot_11_16_2015_0_0.json	1447650000.0	221.7	675	193
snapshot_11_17_2015_0_0.json	1447736400.0	214.27	675	185
snapshot_11_17_2015_12_0.json	1447779600.0	214.27	675	184
snapshot_11_17_2015_12_0.json	1447779600.0	214.27	675	184
snapshot_11_17_2015_18_0.json	1447801200.0	214.27	675	186
snapshot_11_18_2015_0_0.json	1447822800.0	262.65	675	175
snapshot_11_18_2015_12_0.json	1447866000.0	262.65	675	171
snapshot_11_18_2015_18_0.json	1447887600.0	262.65	675	169
snapshot_11_18_2015_6_0.json	1447844400.0	262.65	675	173
snapshot_11_19_2015_0_0.json	1447909200.0	262.65	675	169
snapshot_11_19_2015_12_0.json	1447952400.0	262.65	675	163
snapshot_11_19_2015_6_0.json	1447930800.0	262.65	675	163
snapshot_11_20_2015_12_0.json	1448038800.0	262.65	675	167
snapshot_11_21_2015_12_0.json	1448125200.0	233.4	675	152
snapshot_11_21_2015_12_0.json	1448125200.0	233.4	675	152
snapshot_11_21_2015_18_0.json	1448146800.0	233.4	675	152
snapshot_11_22_2015_12_0.json	1448211600.0	236.5	675	153
snapshot_11_22_2015_18_0.json	1448233200.0	236.5	675	155
snapshot_11_22_2015_6_0.json	1448190000.0	236.5	675	152
snapshot_11_23_2015_0_0.json	1448254800.0	236.5	675	156
snapshot_11_23_2015_0_0.json	1448254800.0	236.5	675	156
snapshot_11_23_2015_18_0.json	1448319600.0	236.5	675	156
snapshot_11_24_2015_0_0.json	1448341200.0	236.5	698	160
snapshot_11_24_2015_12_0.json	1448384400.0	227.55	698	155
snapshot_11_24_2015_12_0.json	1448384400.0	227.55	698	155
snapshot_11_24_2015_18_0.json	1448406000.0	227.55	698	158
snapshot_11_24_2015_6_0.json	1448362800.0	227.55	698	157
snapshot_11_25_2015_0_0.json	1448427600.0	236.5	675	155
snapshot_11_25_2015_12_0.json	1448470800.0	236.5	675	154
snapshot_11_25_2015_18_0.json	1448492400.0	236.5	675	152
snapshot_11_25_2015_6_0.json	1448449200.0	236.5	675	154
snapshot_11_26_2015_0_0.json	1448514000.0	236.5	675	195
snapshot_11_26_2015_0_0.json	1448514000.0	236.5	675	195
snapshot_11_27_2015_18_0.json	1448665200.0	236.5	675	191
snapshot_11_28_2015_12_0.json	1448730000.0	236.5	675	177
snapshot_11_28_2015_6_0.json	1448708400.0	236.5	675	177
snapshot_11_29_2015_0_0.json	1448773200.0	201.81	675	174
snapshot_11_29_2015_12_0.json	1448816400.0	213.51	675	169
snapshot_11_29_2015_18_0.json	1448838000.0	213.51	675	168
snapshot_11_29_2015_6_0.json	1448794800.0	213.51	675	176
snapshot_11_30_2015_0_0.json	1448859600.0	213.51	675	162
snapshot_11_30_2015_12_0.json	1448902800.0	234.16	675	158
snapshot_11_30_2015_18_0.json	1448924400.0	234.16	675	152
snapshot_11_30_2015_6_0.json	1448881200.0	234.16	675	160
snapshot_12_1_2015_0_0.json	1448946000.0	236.5	675	135
snapshot_12_1_2015_0_0.json	1448946000.0	236.5	675	135
snapshot_12_1_2015_12_0.json	1448989200.0	236.5	675	126
snapshot_12_1_2015_18_0.json	1449010800.0	236.5	675	122
snapshot_12_1_2015_6_0.json	1448967600.0	236.5	675	126
snapshot_12_2_2015_0_0.json	1449032400.0	268.5	675	129
snapshot_12_2_2015_12_0.json	1449075600.0	268.5	675	117
snapshot_12_2_2015_18_0.json	1449097200.0	248.2	675	116
snapshot_12_3_2015_0_0.json	1449118800.0	320.87	750	97
snapshot_12_3_2015_12_0.json	1449162000.0	259.9	750	89
snapshot_12_3_2015_18_0.json	1449183600.0	330.1	750	83
snapshot_12_3_2015_6_0.json	1449140400.0	259.9	750	90
snapshot_12_4_2015_12_0.json	1449248400.0	236.5	1000	92
snapshot_12_4_2015_18_0.json	1449270000.0	236.49	900	96
snapshot_12_5_2015_0_0.json	1449291600.0	236.5	900	92
snapshot_12_5_2015_12_0.json	1449334800.0	236.5	900	71
snapshot_12_5_2015_18_0.json	1449356400.0	207.25	900	65
snapshot_12_5_2015_6_0.json	1449313200.0	236.5	900	74
9296064	2015-12-07T01:00:00Z	Another Eason's LIFE in New York	The Theater at Madison Square Garden	New York New York Metro|664	10001
snapshot_11_16_2015_0_0.json	1447650000.0	221.7	675	193
snapshot_11_17_2015_0_0.json	1447736400.0	214.27	675	185
snapshot_11_17_2015_12_0.json	1447779600.0	214.27	675	184
snapshot_11_17_2015_12_0.json	1447779600.0	214.27	675	184
snapshot_11_17_2015_18_0.json	1447801200.0	214.27	675	186
snapshot_11_18_2015_0_0.json	1447822800.0	262.65	675	175
snapshot_11_18_2015_12_0.json	1447866000.0	262.65	675	171
snapshot_11_18_2015_18_0.json	1447887600.0	262.65	675	169
snapshot_11_18_2015_6_0.json	1447844400.0	262.65	675	173
snapshot_11_19_2015_0_0.json	1447909200.0	262.65	675	169
snapshot_11_19_2015_12_0.json	1447952400.0	262.65	675	163
snapshot_11_19_2015_6_0.json	1447930800.0	262.65	675	163
snapshot_11_20_2015_12_0.json	1448038800.0	262.65	675	167
snapshot_11_21_2015_12_0.json	1448125200.0	233.4	675	152
snapshot_11_21_2015_12_0.json	1448125200.0	233.4	675	152
snapshot_11_21_2015_18_0.json	1448146800.0	233.4	675	152
snapshot_11_22_2015_12_0.json	1448211600.0	236.5	675	153
snapshot_11_22_2015_18_0.json	1448233200.0	236.5	675	155
snapshot_11_22_2015_6_0.json	1448190000.0	236.5	675	152
snapshot_11_23_2015_0_0.json	1448254800.0	236.5	675	156
snapshot_11_23_2015_0_0.json	1448254800.0	236.5	675	156
snapshot_11_23_2015_18_0.json	1448319600.0	236.5	675	156
snapshot_11_24_2015_0_0.json	1448341200.0	236.5	698	160
snapshot_11_24_2015_12_0.json	1448384400.0	227.55	698	155
snapshot_11_24_2015_12_0.json	1448384400.0	227.55	698	155
snapshot_11_24_2015_18_0.json	1448406000.0	227.55	698	158
snapshot_11_24_2015_6_0.json	1448362800.0	227.55	698	157
snapshot_11_25_2015_0_0.json	1448427600.0	236.5	675	155
snapshot_11_25_2015_12_0.json	1448470800.0	236.5	675	154
snapshot_11_25_2015_18_0.json	1448492400.0	236.5	675	152
snapshot_11_25_2015_6_0.json	1448449200.0	236.5	675	154
snapshot_11_26_2015_0_0.json	1448514000.0	236.5	675	195
snapshot_11_26_2015_0_0.json	1448514000.0	236.5	675	195
snapshot_11_27_2015_18_0.json	1448665200.0	236.5	675	191
snapshot_11_28_2015_12_0.json	1448730000.0	236.5	675	177
snapshot_11_28_2015_6_0.json	1448708400.0	236.5	675	177
snapshot_11_29_2015_0_0.json	1448773200.0	201.81	675	174
snapshot_11_29_2015_12_0.json	1448816400.0	213.51	675	169
snapshot_11_29_2015_18_0.json	1448838000.0	213.51	675	168
snapshot_11_29_2015_6_0.json	1448794800.0	213.51	675	176
snapshot_11_30_2015_0_0.json	1448859600.0	213.51	675	162
snapshot_11_30_2015_12_0.json	1448902800.0	234.16	675	158
snapshot_11_30_2015_18_0.json	1448924400.0	234.16	675	152
snapshot_11_30_2015_6_0.json	1448881200.0	234.16	675	160
snapshot_12_1_2015_0_0.json	1448946000.0	236.5	675	135
snapshot_12_1_2015_0_0.json	1448946000.0	236.5	675	135
snapshot_12_1_2015_12_0.json	1448989200.0	236.5	675	126
snapshot_12_1_2015_18_0.json	1449010800.0	236.5	675	122
snapshot_12_1_2015_6_0.json	1448967600.0	236.5	675	126
snapshot_12_2_2015_0_0.json	1449032400.0	268.5	675	129
snapshot_12_2_2015_12_0.json	1449075600.0	268.5	675	117
snapshot_12_2_2015_18_0.json	1449097200.0	248.2	675	116
snapshot_12_3_2015_0_0.json	1449118800.0	320.87	750	97
snapshot_12_3_2015_12_0.json	1449162000.0	259.9	750	89
snapshot_12_3_2015_18_0.json	1449183600.0	330.1	750	83
snapshot_12_3_2015_6_0.json	1449140400.0	259.9	750	90
snapshot_12_4_2015_12_0.json	1449248400.0	236.5	1000	92
snapshot_12_4_2015_18_0.json	1449270000.0	236.49	900	96
snapshot_12_5_2015_0_0.json	1449291600.0	236.5	900	92
snapshot_12_5_2015_12_0.json	1449334800.0	236.5	900	71
snapshot_12_5_2015_18_0.json	1449356400.0	207.25	900	65
snapshot_12_5_2015_6_0.json	1449313200.0	236.5	900	74
