9296245	2015-12-02T00:00:00Z	Hamilton	Richard Rodgers Theatre	New York New York Metro|664	10036
snapshot_11_16_2015_0_0.json	1447650000.0	381.99	1766	232
snapshot_11_17_2015_0_0.json	1447736400.0	381.99	1766	228
snapshot_11_17_2015_12_0.json	1447779600.0	363.27	1766	225
snapshot_11_17_2015_18_0.json	1447801200.0	363.27	1766	219
snapshot_11_18_2015_0_0.json	1447822800.0	363.27	1766	211
snapshot_11_18_2015_0_0.json	1447822800.0	363.27	1766	211
snapshot_11_18_2015_0_0.json	1447822800.0	363.27	1766	211
snapshot_11_18_2015_12_0.json	1447866000.0	363.27	1766	210
snapshot_11_18_2015_18_0.json	1447887600.0	363.27	1766	210
snapshot_11_18_2015_6_0.json	1447844400.0	363.27	1766	212
snapshot_11_19_2015_0_0.json	1447909200.0	435.4	1766	190
snapshot_11_19_2015_12_0.json	1447952400.0	435.4	1766	184
snapshot_11_19_2015_6_0.json	1447930800.0	435.4	1766	184
snapshot_11_20_2015_0_0.json	1447995600.0	435.4	1648	181
snapshot_11_20_2015_12_0.json	1448038800.0	435.4	1648	182
snapshot_11_21_2015_12_0.json	1448125200.0	435.4	1648	169
snapshot_11_21_2015_12_0.json	1448125200.0	435.4	1648	169
snapshot_11_22_2015_0_0.json	1448168400.0	435.4	1648	167
snapshot_11_22_2015_12_0.json	1448211600.0	435.4	1648	167
snapshot_11_22_2015_18_0.json	1448233200.0	435.4	1648	165
snapshot_11_22_2015_18_0.json	1448233200.0	435.4	1648	165
snapshot_11_22_2015_6_0.json	1448190000.0	435.4	1648	167
snapshot_11_23_2015_0_0.json	1448254800.0	435.4	1648	163
snapshot_11_23_2015_12_0.json	1448298000.0	435.4	5555	167
snapshot_11_23_2015_18_0.json	1448319600.0	429.55	5555	161
snapshot_11_23_2015_18_0.json	1448319600.0	429.55	5555	161
snapshot_11_24_2015_12_0.json	1448384400.0	422.94	5555	155
snapshot_11_24_2015_12_0.json	1448384400.0	422.94	5555	155
snapshot_11_24_2015_12_0.json	1448384400.0	422.94	5555	155
snapshot_11_24_2015_18_0.json	1448406000.0	353.5	5555	152
snapshot_11_24_2015_6_0.json	1448362800.0	422.94	5555	153
snapshot_11_25_2015_0_0.json	1448427600.0	353.5	5555	153
snapshot_11_25_2015_12_0.json	1448470800.0	353.5	5555	151
snapshot_11_25_2015_6_0.json	1448449200.0	353.5	5555	151
snapshot_11_26_2015_0_0.json	1448514000.0	324.25	5555	123
snapshot_11_26_2015_0_0.json	1448514000.0	324.25	5555	123
snapshot_11_27_2015_18_0.json	1448665200.0	295	5555	108
snapshot_11_28_2015_0_0.json	1448686800.0	295	999	98
snapshot_11_28_2015_12_0.json	1448730000.0	295	999	98
snapshot_11_28_2015_18_0.json	1448751600.0	295	999	92
snapshot_11_28_2015_18_0.json	1448751600.0	295	999	92
snapshot_11_28_2015_6_0.json	1448708400.0	295	999	99
snapshot_11_29_2015_0_0.json	1448773200.0	277.45	999	92
snapshot_11_29_2015_0_0.json	1448773200.0	277.45	999	92
snapshot_11_29_2015_12_0.json	1448816400.0	277.45	999	85
snapshot_11_29_2015_18_0.json	1448838000.0	277.45	999	78
snapshot_11_29_2015_6_0.json	1448794800.0	277.45	999	85
snapshot_11_30_2015_0_0.json	1448859600.0	295	999	65
snapshot_11_30_2015_12_0.json	1448902800.0	295	999	65
snapshot_11_30_2015_12_0.json	1448902800.0	295	999	65
snapshot_11_30_2015_18_0.json	1448924400.0	394.86	784	58
snapshot_12_1_2015_0_0.json	1448946000.0	394.86	1028	47
snapshot_12_1_2015_12_0.json	1448989200.0	449.56	1028	40
snapshot_12_1_2015_18_0.json	1449010800.0	349.9	945	33
snapshot_12_1_2015_6_0.json	1448967600.0	449.56	1028	42
snapshot_12_1_2015_6_0.json	1448967600.0	449.56	1028	42
snapshot_12_2_2015_0_0.json	1449032400.0	0	0	0
snapshot_12_2_2015_12_0.json	1449075600.0	0	0	0
snapshot_12_2_2015_18_0.json	1449097200.0	0	0	0
snapshot_12_2_2015_6_0.json	1449054000.0	0	0	0
snapshot_12_3_2015_12_0.json	1449162000.0	0	0	0
snapshot_12_3_2015_6_0.json	1449140400.0	0	0	0
snapshot_12_4_2015_0_0.json	1449205200.0	0	0	0
snapshot_12_5_2015_0_0.json	1449291600.0	0	0	0
snapshot_12_5_2015_12_0.json	1449334800.0	0	0	0
9296245	2015-12-02T00:00:00Z	Hamilton	Richard Rodgers Theatre	New York New York Metro|664	10036
snapshot_11_16_2015_0_0.json	1447650000.0	381.99	1766	232
snapshot_11_17_2015_0_0.json	1447736400.0	381.99	1766	228
snapshot_11_17_2015_12_0.json	1447779600.0	363.27	1766	225
snapshot_11_17_2015_18_0.json	1447801200.0	363.27	1766	219
snapshot_11_18_2015_0_0.json	1447822800.0	363.27	1766	211
snapshot_11_18_2015_0_0.json	1447822800.0	363.27	1766	211
snapshot_11_18_2015_0_0.json	1447822800.0	363.27	1766	211
snapshot_11_18_2015_12_0.json	1447866000.0	363.27	1766	210
snapshot_11_18_2015_18_0.json	1447887600.0	363.27	1766	210
snapshot_11_18_2015_6_0.json	1447844400.0	363.27	1766	212
snapshot_11_19_2015_0_0.json	1447909200.0	435.4	1766	190
snapshot_11_19_2015_12_0.json	1447952400.0	435.4	1766	184
snapshot_11_19_2015_6_0.json	1447930800.0	435.4	1766	184
snapshot_11_20_2015_0_0.json	1447995600.0	435.4	1648	181
snapshot_11_20_2015_12_0.json	1448038800.0	435.4	1648	182
snapshot_11_21_2015_12_0.json	1448125200.0	435.4	1648	169
snapshot_11_21_2015_12_0.json	1448125200.0	435.4	1648	169
snapshot_11_22_2015_0_0.json	1448168400.0	435.4	1648	167
snapshot_11_22_2015_12_0.json	1448211600.0	435.4	1648	167
snapshot_11_22_2015_18_0.json	1448233200.0	435.4	1648	165
snapshot_11_22_2015_18_0.json	1448233200.0	435.4	1648	165
snapshot_11_22_2015_6_0.json	1448190000.0	435.4	1648	167
snapshot_11_23_2015_0_0.json	1448254800.0	435.4	1648	163
snapshot_11_23_2015_12_0.json	1448298000.0	435.4	5555	167
snapshot_11_23_2015_18_0.json	1448319600.0	429.55	5555	161
snapshot_11_23_2015_18_0.json	1448319600.0	429.55	5555	161
snapshot_11_24_2015_12_0.json	1448384400.0	422.94	5555	155
snapshot_11_24_2015_12_0.json	1448384400.0	422.94	5555	155
snapshot_11_24_2015_12_0.json	1448384400.0	422.94	5555	155
snapshot_11_24_2015_18_0.json	1448406000.0	353.5	5555	152
snapshot_11_24_2015_6_0.json	1448362800.0	422.94	5555	153
snapshot_11_25_2015_0_0.json	1448427600.0	353.5	5555	153
snapshot_11_25_2015_12_0.json	1448470800.0	353.5	5555	151
snapshot_11_25_2015_6_0.json	1448449200.0	353.5	5555	151
snapshot_11_26_2015_0_0.json	1448514000.0	324.25	5555	123
snapshot_11_26_2015_0_0.json	1448514000.0	324.25	5555	123
snapshot_11_27_2015_18_0.json	1448665200.0	295	5555	108
snapshot_11_28_2015_0_0.json	1448686800.0	295	999	98
snapshot_11_28_2015_12_0.json	1448730000.0	295	999	98
snapshot_11_28_2015_18_0.json	1448751600.0	295	999	92
snapshot_11_28_2015_18_0.json	1448751600.0	295	999	92
snapshot_11_28_2015_6_0.json	1448708400.0	295	999	99
snapshot_11_29_2015_0_0.json	1448773200.0	277.45	999	92
snapshot_11_29_2015_0_0.json	1448773200.0	277.45	999	92
snapshot_11_29_2015_12_0.json	1448816400.0	277.45	999	85
snapshot_11_29_2015_18_0.json	1448838000.0	277.45	999	78
snapshot_11_29_2015_6_0.json	1448794800.0	277.45	999	85
snapshot_11_30_2015_0_0.json	1448859600.0	295	999	65
snapshot_11_30_2015_12_0.json	1448902800.0	295	999	65
snapshot_11_30_2015_12_0.json	1448902800.0	295	999	65
snapshot_11_30_2015_18_0.json	1448924400.0	394.86	784	58
snapshot_12_1_2015_0_0.json	1448946000.0	394.86	1028	47
snapshot_12_1_2015_12_0.json	1448989200.0	449.56	1028	40
snapshot_12_1_2015_18_0.json	1449010800.0	349.9	945	33
snapshot_12_1_2015_6_0.json	1448967600.0	449.56	1028	42
snapshot_12_1_2015_6_0.json	1448967600.0	449.56	1028	42
snapshot_12_2_2015_0_0.json	1449032400.0	0	0	0
snapshot_12_2_2015_12_0.json	1449075600.0	0	0	0
snapshot_12_2_2015_18_0.json	1449097200.0	0	0	0
snapshot_12_2_2015_6_0.json	1449054000.0	0	0	0
snapshot_12_3_2015_12_0.json	1449162000.0	0	0	0
snapshot_12_3_2015_6_0.json	1449140400.0	0	0	0
snapshot_12_4_2015_0_0.json	1449205200.0	0	0	0
snapshot_12_5_2015_0_0.json	1449291600.0	0	0	0
snapshot_12_5_2015_12_0.json	1449334800.0	0	0	0
