9296241	2015-11-28T01:00:00Z	Hamilton	Richard Rodgers Theatre	New York New York Metro|664	10036
snapshot_11_16_2015_0_0.json	1447650000.0	613.65	2550	117
snapshot_11_17_2015_0_0.json	1447736400.0	613.65	2550	110
snapshot_11_17_2015_12_0.json	1447779600.0	625.35	2550	104
snapshot_11_17_2015_6_0.json	1447758000.0	625.35	2550	104
snapshot_11_17_2015_6_0.json	1447758000.0	625.35	2550	104
snapshot_11_18_2015_12_0.json	1447866000.0	625.35	2550	115
snapshot_11_18_2015_18_0.json	1447887600.0	613.65	2550	115
snapshot_11_18_2015_6_0.json	1447844400.0	625.35	2550	115
snapshot_11_19_2015_0_0.json	1447909200.0	613.65	2550	109
snapshot_11_19_2015_0_0.json	1447909200.0	613.65	2550	109
snapshot_11_19_2015_12_0.json	1447952400.0	613.65	2550	109
snapshot_11_19_2015_6_0.json	1447930800.0	613.65	2550	109
snapshot_11_20_2015_0_0.json	1447995600.0	400.3	2550	113
snapshot_11_20_2015_12_0.json	1448038800.0	613.65	2550	107
snapshot_11_21_2015_12_0.json	1448125200.0	391.35	2550	97
snapshot_11_22_2015_0_0.json	1448168400.0	701.41	2550	95
snapshot_11_22_2015_12_0.json	1448211600.0	687.37	2550	98
snapshot_11_22_2015_18_0.json	1448233200.0	687.37	2550	98
snapshot_11_22_2015_18_0.json	1448233200.0	687.37	2550	98
snapshot_11_22_2015_6_0.json	1448190000.0	701.41	2550	97
snapshot_11_23_2015_0_0.json	1448254800.0	687.37	2550	100
snapshot_11_23_2015_12_0.json	1448298000.0	666.3	2550	100
snapshot_11_23_2015_12_0.json	1448298000.0	666.3	2550	100
snapshot_11_23_2015_18_0.json	1448319600.0	625.35	2550	98
snapshot_11_23_2015_6_0.json	1448276400.0	666.3	2550	100
snapshot_11_24_2015_0_0.json	1448341200.0	625.35	2550	68
snapshot_11_24_2015_12_0.json	1448384400.0	625.35	2550	68
snapshot_11_24_2015_18_0.json	1448406000.0	587.5	2550	62
snapshot_11_24_2015_6_0.json	1448362800.0	625.35	2550	68
snapshot_11_25_2015_0_0.json	1448427600.0	514.2	2040	56
snapshot_11_25_2015_12_0.json	1448470800.0	514.2	2040	55
snapshot_11_25_2015_18_0.json	1448492400.0	514.2	2040	69
snapshot_11_25_2015_6_0.json	1448449200.0	514.2	2040	55
snapshot_11_26_2015_0_0.json	1448514000.0	514.2	1950	58
snapshot_11_27_2015_18_0.json	1448665200.0	479.3	1275	34
snapshot_11_28_2015_0_0.json	1448686800.0	0	0	0
snapshot_11_28_2015_12_0.json	1448730000.0	0	0	0
snapshot_11_28_2015_18_0.json	1448751600.0	0	0	0
snapshot_11_28_2015_18_0.json	1448751600.0	0	0	0
snapshot_11_28_2015_6_0.json	1448708400.0	0	0	0
snapshot_11_28_2015_6_0.json	1448708400.0	0	0	0
snapshot_11_29_2015_12_0.json	1448816400.0	0	0	0
snapshot_11_29_2015_6_0.json	1448794800.0	0	0	0
snapshot_12_3_2015_12_0.json	1449162000.0	0	0	0
snapshot_12_3_2015_6_0.json	1449140400.0	0	0	0
snapshot_12_4_2015_0_0.json	1449205200.0	0	0	0
snapshot_12_5_2015_0_0.json	1449291600.0	0	0	0
snapshot_12_5_2015_12_0.json	1449334800.0	0	0	0
9296241	2015-11-28T01:00:00Z	Hamilton	Richard Rodgers Theatre	New York New York Metro|664	10036
snapshot_11_16_2015_0_0.json	1447650000.0	613.65	2550	117
snapshot_11_17_2015_0_0.json	1447736400.0	613.65	2550	110
snapshot_11_17_2015_12_0.json	1447779600.0	625.35	2550	104
snapshot_11_17_2015_6_0.json	1447758000.0	625.35	2550	104
snapshot_11_17_2015_6_0.json	1447758000.0	625.35	2550	104
snapshot_11_18_2015_12_0.json	1447866000.0	625.35	2550	115
snapshot_11_18_2015_18_0.json	1447887600.0	613.65	2550	115
snapshot_11_18_2015_6_0.json	1447844400.0	625.35	2550	115
snapshot_11_19_2015_0_0.json	1447909200.0	613.65	2550	109
snapshot_11_19_2015_0_0.json	1447909200.0	613.65	2550	109
snapshot_11_19_2015_12_0.json	1447952400.0	613.65	2550	109
snapshot_11_19_2015_6_0.json	1447930800.0	613.65	2550	109
snapshot_11_20_2015_0_0.json	1447995600.0	400.3	2550	113
snapshot_11_20_2015_12_0.json	1448038800.0	613.65	2550	107
snapshot_11_21_2015_12_0.json	1448125200.0	391.35	2550	97
snapshot_11_22_2015_0_0.json	1448168400.0	701.41	2550	95
snapshot_11_22_2015_12_0.json	1448211600.0	687.37	2550	98
snapshot_11_22_2015_18_0.json	1448233200.0	687.37	2550	98
snapshot_11_22_2015_18_0.json	1448233200.0	687.37	2550	98
snapshot_11_22_2015_6_0.json	1448190000.0	701.41	2550	97
snapshot_11_23_2015_0_0.json	1448254800.0	687.37	2550	100
snapshot_11_23_2015_12_0.json	1448298000.0	666.3	2550	100
snapshot_11_23_2015_12_0.json	1448298000.0	666.3	2550	100
snapshot_11_23_2015_18_0.json	1448319600.0	625.35	2550	98
snapshot_11_23_2015_6_0.json	1448276400.0	666.3	2550	100
snapshot_11_24_2015_0_0.json	1448341200.0	625.35	2550	68
snapshot_11_24_2015_12_0.json	1448384400.0	625.35	2550	68
snapshot_11_24_2015_18_0.json	1448406000.0	587.5	2550	62
snapshot_11_24_2015_6_0.json	1448362800.0	625.35	2550	68
snapshot_11_25_2015_0_0.json	1448427600.0	514.2	2040	56
snapshot_11_25_2015_12_0.json	1448470800.0	514.2	2040	55
snapshot_11_25_2015_18_0.json	1448492400.0	514.2	2040	69
snapshot_11_25_2015_6_0.json	1448449200.0	514.2	2040	55
snapshot_11_26_2015_0_0.json	1448514000.0	514.2	1950	58
snapshot_11_27_2015_18_0.json	1448665200.0	479.3	1275	34
snapshot_11_28_2015_0_0.json	1448686800.0	0	0	0
snapshot_11_28_2015_12_0.json	1448730000.0	0	0	0
snapshot_11_28_2015_18_0.json	1448751600.0	0	0	0
snapshot_11_28_2015_18_0.json	1448751600.0	0	0	0
snapshot_11_28_2015_6_0.json	1448708400.0	0	0	0
snapshot_11_28_2015_6_0.json	1448708400.0	0	0	0
snapshot_11_29_2015_12_0.json	1448816400.0	0	0	0
snapshot_11_29_2015_6_0.json	1448794800.0	0	0	0
snapshot_12_3_2015_12_0.json	1449162000.0	0	0	0
snapshot_12_3_2015_6_0.json	1449140400.0	0	0	0
snapshot_12_4_2015_0_0.json	1449205200.0	0	0	0
snapshot_12_5_2015_0_0.json	1449291600.0	0	0	0
snapshot_12_5_2015_12_0.json	1449334800.0	0	0	0
