9296251	2015-12-05T19:00:00Z	Hamilton	Richard Rodgers Theatre	New York New York Metro|664	10036
snapshot_11_16_2015_0_0.json	1447650000.0	572.12	2600	233
snapshot_11_17_2015_0_0.json	1447736400.0	572.12	2600	231
snapshot_11_17_2015_12_0.json	1447779600.0	572.12	2600	239
snapshot_11_17_2015_12_0.json	1447779600.0	572.12	2600	239
snapshot_11_18_2015_0_0.json	1447822800.0	561	2600	231
snapshot_11_18_2015_12_0.json	1447866000.0	561	2600	229
snapshot_11_18_2015_18_0.json	1447887600.0	561	2600	229
snapshot_11_18_2015_6_0.json	1447844400.0	561	2600	229
snapshot_11_19_2015_0_0.json	1447909200.0	561	2600	185
snapshot_11_19_2015_12_0.json	1447952400.0	561	2600	185
snapshot_11_19_2015_6_0.json	1447930800.0	561	2600	185
snapshot_11_20_2015_12_0.json	1448038800.0	542.28	2600	187
snapshot_11_21_2015_12_0.json	1448125200.0	542.28	2600	183
snapshot_11_21_2015_12_0.json	1448125200.0	542.28	2600	183
snapshot_11_21_2015_18_0.json	1448146800.0	542.28	2600	183
snapshot_11_22_2015_0_0.json	1448168400.0	542.28	2600	181
snapshot_11_22_2015_12_0.json	1448211600.0	542.28	2600	173
snapshot_11_22_2015_18_0.json	1448233200.0	542.28	2600	173
snapshot_11_22_2015_6_0.json	1448190000.0	542.28	2600	175
snapshot_11_23_2015_0_0.json	1448254800.0	542.28	2600	171
snapshot_11_23_2015_12_0.json	1448298000.0	523.15	2600	172
snapshot_11_23_2015_18_0.json	1448319600.0	523.15	2600	172
snapshot_11_23_2015_6_0.json	1448276400.0	523.15	2600	174
snapshot_11_24_2015_0_0.json	1448341200.0	470.5	2600	161
snapshot_11_24_2015_12_0.json	1448384400.0	524.73	2600	159
snapshot_11_24_2015_18_0.json	1448406000.0	531.75	2600	166
snapshot_11_24_2015_6_0.json	1448362800.0	524.73	2600	159
snapshot_11_25_2015_0_0.json	1448427600.0	482.61	2600	159
snapshot_11_25_2015_12_0.json	1448470800.0	482.61	2600	157
snapshot_11_25_2015_18_0.json	1448492400.0	482.61	2600	157
snapshot_11_25_2015_6_0.json	1448449200.0	482.61	2600	157
snapshot_11_25_2015_6_0.json	1448449200.0	482.61	2600	157
snapshot_11_26_2015_0_0.json	1448514000.0	531.75	2600	149
snapshot_11_26_2015_0_0.json	1448514000.0	531.75	2600	149
snapshot_11_27_2015_18_0.json	1448665200.0	512.45	2080	133
snapshot_11_28_2015_0_0.json	1448686800.0	512.45	2080	135
snapshot_11_28_2015_12_0.json	1448730000.0	514.2	2080	129
snapshot_11_28_2015_18_0.json	1448751600.0	514.2	2080	129
snapshot_11_28_2015_6_0.json	1448708400.0	514.2	2080	129
snapshot_11_29_2015_0_0.json	1448773200.0	514.2	2080	126
snapshot_11_29_2015_0_0.json	1448773200.0	514.2	2080	126
snapshot_11_29_2015_12_0.json	1448816400.0	514.2	1945	126
snapshot_11_29_2015_6_0.json	1448794800.0	514.2	1945	126
snapshot_11_30_2015_0_0.json	1448859600.0	525.9	1945	130
snapshot_11_30_2015_0_0.json	1448859600.0	525.9	1945	130
snapshot_11_30_2015_12_0.json	1448902800.0	525.9	1945	122
snapshot_11_30_2015_12_0.json	1448902800.0	525.9	1945	122
snapshot_12_1_2015_0_0.json	1448946000.0	584.4	1945	119
snapshot_12_1_2015_18_0.json	1449010800.0	882.75	1766	109
snapshot_12_1_2015_6_0.json	1448967600.0	751.13	1766	108
snapshot_12_2_2015_0_0.json	1449032400.0	840.63	1766	111
snapshot_12_2_2015_12_0.json	1449075600.0	661.62	1766	111
snapshot_12_2_2015_18_0.json	1449097200.0	661.62	1404	99
snapshot_12_2_2015_6_0.json	1449054000.0	661.62	1766	111
snapshot_12_3_2015_0_0.json	1449118800.0	661.62	1494	81
snapshot_12_3_2015_12_0.json	1449162000.0	601.95	1494	73
snapshot_12_3_2015_18_0.json	1449183600.0	601.95	1494	72
snapshot_12_3_2015_18_0.json	1449183600.0	601.95	1494	72
snapshot_12_4_2015_0_0.json	1449205200.0	601.95	1389	67
snapshot_12_4_2015_12_0.json	1449248400.0	619.5	1389	66
snapshot_12_4_2015_18_0.json	1449270000.0	619.5	1275	55
snapshot_12_4_2015_6_0.json	1449226800.0	619.5	1389	67
snapshot_12_5_2015_0_0.json	1449291600.0	467.4	1112	58
snapshot_12_5_2015_12_0.json	1449334800.0	467.4	985	55
snapshot_12_5_2015_18_0.json	1449356400.0	343.38	599	14
snapshot_12_5_2015_6_0.json	1449313200.0	467.4	985	55
9296251	2015-12-05T19:00:00Z	Hamilton	Richard Rodgers Theatre	New York New York Metro|664	10036
snapshot_11_16_2015_0_0.json	1447650000.0	572.12	2600	233
snapshot_11_17_2015_0_0.json	1447736400.0	572.12	2600	231
snapshot_11_17_2015_12_0.json	1447779600.0	572.12	2600	239
snapshot_11_17_2015_12_0.json	1447779600.0	572.12	2600	239
snapshot_11_18_2015_0_0.json	1447822800.0	561	2600	231
snapshot_11_18_2015_12_0.json	1447866000.0	561	2600	229
snapshot_11_18_2015_18_0.json	1447887600.0	561	2600	229
snapshot_11_18_2015_6_0.json	1447844400.0	561	2600	229
snapshot_11_19_2015_0_0.json	1447909200.0	561	2600	185
snapshot_11_19_2015_12_0.json	1447952400.0	561	2600	185
snapshot_11_19_2015_6_0.json	1447930800.0	561	2600	185
snapshot_11_20_2015_12_0.json	1448038800.0	542.28	2600	187
snapshot_11_21_2015_12_0.json	1448125200.0	542.28	2600	183
snapshot_11_21_2015_12_0.json	1448125200.0	542.28	2600	183
snapshot_11_21_2015_18_0.json	1448146800.0	542.28	2600	183
snapshot_11_22_2015_0_0.json	1448168400.0	542.28	2600	181
snapshot_11_22_2015_12_0.json	1448211600.0	542.28	2600	173
snapshot_11_22_2015_18_0.json	1448233200.0	542.28	2600	173
snapshot_11_22_2015_6_0.json	1448190000.0	542.28	2600	175
snapshot_11_23_2015_0_0.json	1448254800.0	542.28	2600	171
snapshot_11_23_2015_12_0.json	1448298000.0	523.15	2600	172
snapshot_11_23_2015_18_0.json	1448319600.0	523.15	2600	172
snapshot_11_23_2015_6_0.json	1448276400.0	523.15	2600	174
snapshot_11_24_2015_0_0.json	1448341200.0	470.5	2600	161
snapshot_11_24_2015_12_0.json	1448384400.0	524.73	2600	159
snapshot_11_24_2015_18_0.json	1448406000.0	531.75	2600	166
snapshot_11_24_2015_6_0.json	1448362800.0	524.73	2600	159
snapshot_11_25_2015_0_0.json	1448427600.0	482.61	2600	159
snapshot_11_25_2015_12_0.json	1448470800.0	482.61	2600	157
snapshot_11_25_2015_18_0.json	1448492400.0	482.61	2600	157
snapshot_11_25_2015_6_0.json	1448449200.0	482.61	2600	157
snapshot_11_25_2015_6_0.json	1448449200.0	482.61	2600	157
snapshot_11_26_2015_0_0.json	1448514000.0	531.75	2600	149
snapshot_11_26_2015_0_0.json	1448514000.0	531.75	2600	149
snapshot_11_27_2015_18_0.json	1448665200.0	512.45	2080	133
snapshot_11_28_2015_0_0.json	1448686800.0	512.45	2080	135
snapshot_11_28_2015_12_0.json	1448730000.0	514.2	2080	129
snapshot_11_28_2015_18_0.json	1448751600.0	514.2	2080	129
snapshot_11_28_2015_6_0.json	1448708400.0	514.2	2080	129
snapshot_11_29_2015_0_0.json	1448773200.0	514.2	2080	126
snapshot_11_29_2015_0_0.json	1448773200.0	514.2	2080	126
snapshot_11_29_2015_12_0.json	1448816400.0	514.2	1945	126
snapshot_11_29_2015_6_0.json	1448794800.0	514.2	1945	126
snapshot_11_30_2015_0_0.json	1448859600.0	525.9	1945	130
snapshot_11_30_2015_0_0.json	1448859600.0	525.9	1945	130
snapshot_11_30_2015_12_0.json	1448902800.0	525.9	1945	122
snapshot_11_30_2015_12_0.json	1448902800.0	525.9	1945	122
snapshot_12_1_2015_0_0.json	1448946000.0	584.4	1945	119
snapshot_12_1_2015_18_0.json	1449010800.0	882.75	1766	109
snapshot_12_1_2015_6_0.json	1448967600.0	751.13	1766	108
snapshot_12_2_2015_0_0.json	1449032400.0	840.63	1766	111
snapshot_12_2_2015_12_0.json	1449075600.0	661.62	1766	111
snapshot_12_2_2015_18_0.json	1449097200.0	661.62	1404	99
snapshot_12_2_2015_6_0.json	1449054000.0	661.62	1766	111
snapshot_12_3_2015_0_0.json	1449118800.0	661.62	1494	81
snapshot_12_3_2015_12_0.json	1449162000.0	601.95	1494	73
snapshot_12_3_2015_18_0.json	1449183600.0	601.95	1494	72
snapshot_12_3_2015_18_0.json	1449183600.0	601.95	1494	72
snapshot_12_4_2015_0_0.json	1449205200.0	601.95	1389	67
snapshot_12_4_2015_12_0.json	1449248400.0	619.5	1389	66
snapshot_12_4_2015_18_0.json	1449270000.0	619.5	1275	55
snapshot_12_4_2015_6_0.json	1449226800.0	619.5	1389	67
snapshot_12_5_2015_0_0.json	1449291600.0	467.4	1112	58
snapshot_12_5_2015_12_0.json	1449334800.0	467.4	985	55
snapshot_12_5_2015_18_0.json	1449356400.0	343.38	599	14
snapshot_12_5_2015_6_0.json	1449313200.0	467.4	985	55
