9296255	2015-12-09T19:00:00Z	Hamilton	Richard Rodgers Theatre	New York New York Metro|664	10036
snapshot_11_16_2015_0_0.json	1447650000.0	482.61	2000	136
snapshot_11_17_2015_12_0.json	1447779600.0	482.61	2000	132
snapshot_11_17_2015_12_0.json	1447779600.0	482.61	2000	132
snapshot_11_17_2015_18_0.json	1447801200.0	482.61	2000	132
snapshot_11_17_2015_18_0.json	1447801200.0	482.61	2000	132
snapshot_11_18_2015_0_0.json	1447822800.0	482.61	1702.99	130
snapshot_11_18_2015_12_0.json	1447866000.0	482.61	1702.99	130
snapshot_11_18_2015_18_0.json	1447887600.0	482.61	1702.99	130
snapshot_11_18_2015_6_0.json	1447844400.0	482.61	1702.99	130
snapshot_11_19_2015_0_0.json	1447909200.0	482.61	1702.99	127
snapshot_11_19_2015_12_0.json	1447952400.0	482.61	1702.99	127
snapshot_11_19_2015_6_0.json	1447930800.0	482.61	1702.99	127
snapshot_11_20_2015_0_0.json	1447995600.0	482.61	1702.99	123
snapshot_11_20_2015_12_0.json	1448038800.0	482.61	1702.99	123
snapshot_11_21_2015_12_0.json	1448125200.0	482.61	1437	123
snapshot_11_21_2015_12_0.json	1448125200.0	482.61	1437	123
snapshot_11_21_2015_18_0.json	1448146800.0	482.61	1945	125
snapshot_11_22_2015_0_0.json	1448168400.0	482.61	1945	125
snapshot_11_22_2015_12_0.json	1448211600.0	482.61	1945	125
snapshot_11_22_2015_18_0.json	1448233200.0	482.61	1945	122
snapshot_11_22_2015_18_0.json	1448233200.0	482.61	1945	122
snapshot_11_22_2015_6_0.json	1448190000.0	482.61	1945	125
snapshot_11_23_2015_0_0.json	1448254800.0	482.61	1945	122
snapshot_11_23_2015_0_0.json	1448254800.0	482.61	1945	122
snapshot_11_23_2015_12_0.json	1448298000.0	482.61	1945	122
snapshot_11_23_2015_18_0.json	1448319600.0	482.61	1945	104
snapshot_11_23_2015_18_0.json	1448319600.0	482.61	1945	104
snapshot_11_24_2015_0_0.json	1448341200.0	482.61	1945	104
snapshot_11_24_2015_12_0.json	1448384400.0	482.61	1945	103
snapshot_11_24_2015_18_0.json	1448406000.0	482.61	1945	103
snapshot_11_24_2015_6_0.json	1448362800.0	482.61	1945	103
snapshot_11_25_2015_0_0.json	1448427600.0	482.61	1945	103
snapshot_11_25_2015_0_0.json	1448427600.0	482.61	1945	103
snapshot_11_25_2015_12_0.json	1448470800.0	482.61	1945	103
snapshot_11_25_2015_18_0.json	1448492400.0	482.61	1945	103
snapshot_11_25_2015_6_0.json	1448449200.0	482.61	1945	103
snapshot_11_26_2015_0_0.json	1448514000.0	482.61	1945	103
snapshot_11_27_2015_18_0.json	1448665200.0	393.11	1945	117
snapshot_11_28_2015_0_0.json	1448686800.0	393.11	1945	117
snapshot_11_28_2015_12_0.json	1448730000.0	393.11	1945	117
snapshot_11_28_2015_18_0.json	1448751600.0	393.11	1945	117
snapshot_11_28_2015_6_0.json	1448708400.0	393.11	1945	117
snapshot_11_29_2015_0_0.json	1448773200.0	393.11	1945	115
snapshot_11_29_2015_12_0.json	1448816400.0	393.11	1945	111
snapshot_11_29_2015_6_0.json	1448794800.0	393.11	1945	111
snapshot_11_30_2015_0_0.json	1448859600.0	393.11	1945	111
snapshot_11_30_2015_12_0.json	1448902800.0	393.11	1945	111
snapshot_11_30_2015_12_0.json	1448902800.0	393.11	1945	111
snapshot_11_30_2015_18_0.json	1448924400.0	363.27	1945	111
snapshot_12_1_2015_12_0.json	1448989200.0	363.27	1945	111
snapshot_12_1_2015_18_0.json	1449010800.0	363.27	1945	109
snapshot_12_1_2015_6_0.json	1448967600.0	363.27	1945	111
snapshot_12_2_2015_0_0.json	1449032400.0	393.11	1945	97
snapshot_12_2_2015_0_0.json	1449032400.0	393.11	1945	97
snapshot_12_2_2015_12_0.json	1449075600.0	393.11	1945	97
snapshot_12_2_2015_18_0.json	1449097200.0	356.25	1945	101
snapshot_12_2_2015_6_0.json	1449054000.0	393.11	1945	97
snapshot_12_3_2015_12_0.json	1449162000.0	303.6	1945	95
snapshot_12_3_2015_18_0.json	1449183600.0	333.44	1945	89
snapshot_12_3_2015_6_0.json	1449140400.0	356.25	1945	93
snapshot_12_4_2015_0_0.json	1449205200.0	333.44	1945	85
snapshot_12_4_2015_12_0.json	1449248400.0	350.41	1945	82
snapshot_12_4_2015_18_0.json	1449270000.0	355.09	1389	78
snapshot_12_4_2015_6_0.json	1449226800.0	350.41	1945	82
snapshot_12_5_2015_0_0.json	1449291600.0	352.34	1389	75
snapshot_12_5_2015_12_0.json	1449334800.0	352.34	1389	75
snapshot_12_5_2015_18_0.json	1449356400.0	352.34	1389	76
snapshot_12_5_2015_6_0.json	1449313200.0	352.34	1389	75
9296255	2015-12-09T19:00:00Z	Hamilton	Richard Rodgers Theatre	New York New York Metro|664	10036
snapshot_11_16_2015_0_0.json	1447650000.0	482.61	2000	136
snapshot_11_17_2015_12_0.json	1447779600.0	482.61	2000	132
snapshot_11_17_2015_12_0.json	1447779600.0	482.61	2000	132
snapshot_11_17_2015_18_0.json	1447801200.0	482.61	2000	132
snapshot_11_17_2015_18_0.json	1447801200.0	482.61	2000	132
snapshot_11_18_2015_0_0.json	1447822800.0	482.61	1702.99	130
snapshot_11_18_2015_12_0.json	1447866000.0	482.61	1702.99	130
snapshot_11_18_2015_18_0.json	1447887600.0	482.61	1702.99	130
snapshot_11_18_2015_6_0.json	1447844400.0	482.61	1702.99	130
snapshot_11_19_2015_0_0.json	1447909200.0	482.61	1702.99	127
snapshot_11_19_2015_12_0.json	1447952400.0	482.61	1702.99	127
snapshot_11_19_2015_6_0.json	1447930800.0	482.61	1702.99	127
snapshot_11_20_2015_0_0.json	1447995600.0	482.61	1702.99	123
snapshot_11_20_2015_12_0.json	1448038800.0	482.61	1702.99	123
snapshot_11_21_2015_12_0.json	1448125200.0	482.61	1437	123
snapshot_11_21_2015_12_0.json	1448125200.0	482.61	1437	123
snapshot_11_21_2015_18_0.json	1448146800.0	482.61	1945	125
snapshot_11_22_2015_0_0.json	1448168400.0	482.61	1945	125
snapshot_11_22_2015_12_0.json	1448211600.0	482.61	1945	125
snapshot_11_22_2015_18_0.json	1448233200.0	482.61	1945	122
snapshot_11_22_2015_18_0.json	1448233200.0	482.61	1945	122
snapshot_11_22_2015_6_0.json	1448190000.0	482.61	1945	125
snapshot_11_23_2015_0_0.json	1448254800.0	482.61	1945	122
snapshot_11_23_2015_0_0.json	1448254800.0	482.61	1945	122
snapshot_11_23_2015_12_0.json	1448298000.0	482.61	1945	122
snapshot_11_23_2015_18_0.json	1448319600.0	482.61	1945	104
snapshot_11_23_2015_18_0.json	1448319600.0	482.61	1945	104
snapshot_11_24_2015_0_0.json	1448341200.0	482.61	1945	104
snapshot_11_24_2015_12_0.json	1448384400.0	482.61	1945	103
snapshot_11_24_2015_18_0.json	1448406000.0	482.61	1945	103
snapshot_11_24_2015_6_0.json	1448362800.0	482.61	1945	103
snapshot_11_25_2015_0_0.json	1448427600.0	482.61	1945	103
snapshot_11_25_2015_0_0.json	1448427600.0	482.61	1945	103
snapshot_11_25_2015_12_0.json	1448470800.0	482.61	1945	103
snapshot_11_25_2015_18_0.json	1448492400.0	482.61	1945	103
snapshot_11_25_2015_6_0.json	1448449200.0	482.61	1945	103
snapshot_11_26_2015_0_0.json	1448514000.0	482.61	1945	103
snapshot_11_27_2015_18_0.json	1448665200.0	393.11	1945	117
snapshot_11_28_2015_0_0.json	1448686800.0	393.11	1945	117
snapshot_11_28_2015_12_0.json	1448730000.0	393.11	1945	117
snapshot_11_28_2015_18_0.json	1448751600.0	393.11	1945	117
snapshot_11_28_2015_6_0.json	1448708400.0	393.11	1945	117
snapshot_11_29_2015_0_0.json	1448773200.0	393.11	1945	115
snapshot_11_29_2015_12_0.json	1448816400.0	393.11	1945	111
snapshot_11_29_2015_6_0.json	1448794800.0	393.11	1945	111
snapshot_11_30_2015_0_0.json	1448859600.0	393.11	1945	111
snapshot_11_30_2015_12_0.json	1448902800.0	393.11	1945	111
snapshot_11_30_2015_12_0.json	1448902800.0	393.11	1945	111
snapshot_11_30_2015_18_0.json	1448924400.0	363.27	1945	111
snapshot_12_1_2015_12_0.json	1448989200.0	363.27	1945	111
snapshot_12_1_2015_18_0.json	1449010800.0	363.27	1945	109
snapshot_12_1_2015_6_0.json	1448967600.0	363.27	1945	111
snapshot_12_2_2015_0_0.json	1449032400.0	393.11	1945	97
snapshot_12_2_2015_0_0.json	1449032400.0	393.11	1945	97
snapshot_12_2_2015_12_0.json	1449075600.0	393.11	1945	97
snapshot_12_2_2015_18_0.json	1449097200.0	356.25	1945	101
snapshot_12_2_2015_6_0.json	1449054000.0	393.11	1945	97
snapshot_12_3_2015_12_0.json	1449162000.0	303.6	1945	95
snapshot_12_3_2015_18_0.json	1449183600.0	333.44	1945	89
snapshot_12_3_2015_6_0.json	1449140400.0	356.25	1945	93
snapshot_12_4_2015_0_0.json	1449205200.0	333.44	1945	85
snapshot_12_4_2015_12_0.json	1449248400.0	350.41	1945	82
snapshot_12_4_2015_18_0.json	1449270000.0	355.09	1389	78
snapshot_12_4_2015_6_0.json	1449226800.0	350.41	1945	82
snapshot_12_5_2015_0_0.json	1449291600.0	352.34	1389	75
snapshot_12_5_2015_12_0.json	1449334800.0	352.34	1389	75
snapshot_12_5_2015_18_0.json	1449356400.0	352.34	1389	76
snapshot_12_5_2015_6_0.json	1449313200.0	352.34	1389	75
