9296252	2015-12-06T20:00:00Z	Hamilton	Richard Rodgers Theatre	New York New York Metro|664	10036
snapshot_11_16_2015_0_0.json	1447650000.0	499.75	2550	183
snapshot_11_17_2015_0_0.json	1447736400.0	499.75	2550	183
snapshot_11_18_2015_12_0.json	1447866000.0	499.75	2550	167
snapshot_11_18_2015_18_0.json	1447887600.0	499.75	2550	167
snapshot_11_18_2015_6_0.json	1447844400.0	499.75	2550	167
snapshot_11_19_2015_12_0.json	1447952400.0	394.86	2550	151
snapshot_11_19_2015_6_0.json	1447930800.0	394.86	2550	151
snapshot_11_20_2015_0_0.json	1447995600.0	394.86	2550	147
snapshot_11_20_2015_12_0.json	1448038800.0	394.86	2550	149
snapshot_11_21_2015_12_0.json	1448125200.0	525.91	2550	146
snapshot_11_21_2015_12_0.json	1448125200.0	525.91	2550	146
snapshot_11_21_2015_18_0.json	1448146800.0	525.91	2550	146
snapshot_11_22_2015_0_0.json	1448168400.0	525.91	2550	144
snapshot_11_22_2015_12_0.json	1448211600.0	525.91	2550	144
snapshot_11_22_2015_18_0.json	1448233200.0	525.91	2550	144
snapshot_11_22_2015_6_0.json	1448190000.0	525.91	2550	144
snapshot_11_23_2015_0_0.json	1448254800.0	525.91	2550	144
snapshot_11_23_2015_18_0.json	1448319600.0	530.59	2550	141
snapshot_11_23_2015_6_0.json	1448276400.0	525.91	2550	143
snapshot_11_24_2015_12_0.json	1448384400.0	530.59	2550	137
snapshot_11_24_2015_18_0.json	1448406000.0	530.59	2550	141
snapshot_11_24_2015_6_0.json	1448362800.0	530.59	2550	137
snapshot_11_25_2015_0_0.json	1448427600.0	482.61	2550	135
snapshot_11_25_2015_0_0.json	1448427600.0	482.61	2550	135
snapshot_11_25_2015_12_0.json	1448470800.0	482.61	2550	135
snapshot_11_25_2015_18_0.json	1448492400.0	482.61	2550	135
snapshot_11_25_2015_18_0.json	1448492400.0	482.61	2550	135
snapshot_11_25_2015_6_0.json	1448449200.0	482.61	2550	135
snapshot_11_26_2015_0_0.json	1448514000.0	482.61	2550	133
snapshot_11_27_2015_18_0.json	1448665200.0	482.61	2040	126
snapshot_11_28_2015_12_0.json	1448730000.0	482.61	2040	121
snapshot_11_28_2015_18_0.json	1448751600.0	482.61	2040	121
snapshot_11_28_2015_6_0.json	1448708400.0	482.61	2040	121
snapshot_11_29_2015_0_0.json	1448773200.0	482.61	1945	119
snapshot_11_29_2015_0_0.json	1448773200.0	482.61	1945	119
snapshot_11_29_2015_12_0.json	1448816400.0	459.97	1945	124
snapshot_11_29_2015_6_0.json	1448794800.0	482.61	1945	119
snapshot_11_30_2015_0_0.json	1448859600.0	459.97	1945	116
snapshot_11_30_2015_0_0.json	1448859600.0	459.97	1945	116
snapshot_11_30_2015_12_0.json	1448902800.0	459.97	1945	114
snapshot_11_30_2015_12_0.json	1448902800.0	459.97	1945	114
snapshot_11_30_2015_18_0.json	1448924400.0	482.61	1945	106
snapshot_11_30_2015_6_0.json	1448881200.0	459.97	1945	114
snapshot_12_1_2015_0_0.json	1448946000.0	469.34	2040	107
snapshot_12_1_2015_18_0.json	1449010800.0	464.66	2040	94
snapshot_12_1_2015_6_0.json	1448967600.0	469.34	2040	104
snapshot_12_2_2015_0_0.json	1449032400.0	464.66	2040	94
snapshot_12_2_2015_0_0.json	1449032400.0	464.66	2040	94
snapshot_12_2_2015_12_0.json	1449075600.0	457.63	2040	98
snapshot_12_3_2015_12_0.json	1449162000.0	452.78	1530	88
snapshot_12_3_2015_18_0.json	1449183600.0	452.78	1530	80
snapshot_12_3_2015_6_0.json	1449140400.0	469.34	2040	90
snapshot_12_4_2015_12_0.json	1449248400.0	363.27	1389	64
snapshot_12_4_2015_18_0.json	1449270000.0	452.78	1389	56
snapshot_12_4_2015_6_0.json	1449226800.0	363.27	1389	64
snapshot_12_5_2015_0_0.json	1449291600.0	393.11	1389	62
snapshot_12_5_2015_12_0.json	1449334800.0	422.94	1389	61
snapshot_12_5_2015_18_0.json	1449356400.0	519.64	1389	53
snapshot_12_5_2015_6_0.json	1449313200.0	363.27	1389	63
9296252	2015-12-06T20:00:00Z	Hamilton	Richard Rodgers Theatre	New York New York Metro|664	10036
snapshot_11_16_2015_0_0.json	1447650000.0	499.75	2550	183
snapshot_11_17_2015_0_0.json	1447736400.0	499.75	2550	183
snapshot_11_18_2015_12_0.json	1447866000.0	499.75	2550	167
snapshot_11_18_2015_18_0.json	1447887600.0	499.75	2550	167
snapshot_11_18_2015_6_0.json	1447844400.0	499.75	2550	167
snapshot_11_19_2015_12_0.json	1447952400.0	394.86	2550	151
snapshot_11_19_2015_6_0.json	1447930800.0	394.86	2550	151
snapshot_11_20_2015_0_0.json	1447995600.0	394.86	2550	147
snapshot_11_20_2015_12_0.json	1448038800.0	394.86	2550	149
snapshot_11_21_2015_12_0.json	1448125200.0	525.91	2550	146
snapshot_11_21_2015_12_0.json	1448125200.0	525.91	2550	146
snapshot_11_21_2015_18_0.json	1448146800.0	525.91	2550	146
snapshot_11_22_2015_0_0.json	1448168400.0	525.91	2550	144
snapshot_11_22_2015_12_0.json	1448211600.0	525.91	2550	144
snapshot_11_22_2015_18_0.json	1448233200.0	525.91	2550	144
snapshot_11_22_2015_6_0.json	1448190000.0	525.91	2550	144
snapshot_11_23_2015_0_0.json	1448254800.0	525.91	2550	144
snapshot_11_23_2015_18_0.json	1448319600.0	530.59	2550	141
snapshot_11_23_2015_6_0.json	1448276400.0	525.91	2550	143
snapshot_11_24_2015_12_0.json	1448384400.0	530.59	2550	137
snapshot_11_24_2015_18_0.json	1448406000.0	530.59	2550	141
snapshot_11_24_2015_6_0.json	1448362800.0	530.59	2550	137
snapshot_11_25_2015_0_0.json	1448427600.0	482.61	2550	135
snapshot_11_25_2015_0_0.json	1448427600.0	482.61	2550	135
snapshot_11_25_2015_12_0.json	1448470800.0	482.61	2550	135
snapshot_11_25_2015_18_0.json	1448492400.0	482.61	2550	135
snapshot_11_25_2015_18_0.json	1448492400.0	482.61	2550	135
snapshot_11_25_2015_6_0.json	1448449200.0	482.61	2550	135
snapshot_11_26_2015_0_0.json	1448514000.0	482.61	2550	133
snapshot_11_27_2015_18_0.json	1448665200.0	482.61	2040	126
snapshot_11_28_2015_12_0.json	1448730000.0	482.61	2040	121
snapshot_11_28_2015_18_0.json	1448751600.0	482.61	2040	121
snapshot_11_28_2015_6_0.json	1448708400.0	482.61	2040	121
snapshot_11_29_2015_0_0.json	1448773200.0	482.61	1945	119
snapshot_11_29_2015_0_0.json	1448773200.0	482.61	1945	119
snapshot_11_29_2015_12_0.json	1448816400.0	459.97	1945	124
snapshot_11_29_2015_6_0.json	1448794800.0	482.61	1945	119
snapshot_11_30_2015_0_0.json	1448859600.0	459.97	1945	116
snapshot_11_30_2015_0_0.json	1448859600.0	459.97	1945	116
snapshot_11_30_2015_12_0.json	1448902800.0	459.97	1945	114
snapshot_11_30_2015_12_0.json	1448902800.0	459.97	1945	114
snapshot_11_30_2015_18_0.json	1448924400.0	482.61	1945	106
snapshot_11_30_2015_6_0.json	1448881200.0	459.97	1945	114
snapshot_12_1_2015_0_0.json	1448946000.0	469.34	2040	107
snapshot_12_1_2015_18_0.json	1449010800.0	464.66	2040	94
snapshot_12_1_2015_6_0.json	1448967600.0	469.34	2040	104
snapshot_12_2_2015_0_0.json	1449032400.0	464.66	2040	94
snapshot_12_2_2015_0_0.json	1449032400.0	464.66	2040	94
snapshot_12_2_2015_12_0.json	1449075600.0	457.63	2040	98
snapshot_12_3_2015_12_0.json	1449162000.0	452.78	1530	88
snapshot_12_3_2015_18_0.json	1449183600.0	452.78	1530	80
snapshot_12_3_2015_6_0.json	1449140400.0	469.34	2040	90
snapshot_12_4_2015_12_0.json	1449248400.0	363.27	1389	64
snapshot_12_4_2015_18_0.json	1449270000.0	452.78	1389	56
snapshot_12_4_2015_6_0.json	1449226800.0	363.27	1389	64
snapshot_12_5_2015_0_0.json	1449291600.0	393.11	1389	62
snapshot_12_5_2015_12_0.json	1449334800.0	422.94	1389	61
snapshot_12_5_2015_18_0.json	1449356400.0	519.64	1389	53
snapshot_12_5_2015_6_0.json	1449313200.0	363.27	1389	63
