9296256	2015-12-11T00:00:00Z	Hamilton	Richard Rodgers Theatre	New York New York Metro|664	10036
snapshot_11_16_2015_0_0.json	1447650000.0	422.94	2600	298
snapshot_11_16_2015_0_0.json	1447650000.0	422.94	2600	298
snapshot_11_17_2015_0_0.json	1447736400.0	422.94	2600	290
snapshot_11_17_2015_12_0.json	1447779600.0	459.8	2600	278
snapshot_11_17_2015_12_0.json	1447779600.0	459.8	2600	278
snapshot_11_17_2015_18_0.json	1447801200.0	459.8	2600	278
snapshot_11_18_2015_0_0.json	1447822800.0	459.8	2600	275
snapshot_11_18_2015_12_0.json	1447866000.0	459.8	2600	271
snapshot_11_18_2015_18_0.json	1447887600.0	459.8	2600	268
snapshot_11_19_2015_0_0.json	1447909200.0	459.8	2600	260
snapshot_11_19_2015_12_0.json	1447952400.0	459.8	2600	260
snapshot_11_19_2015_6_0.json	1447930800.0	459.8	2600	260
snapshot_11_20_2015_0_0.json	1447995600.0	459.8	2600	258
snapshot_11_20_2015_12_0.json	1448038800.0	482.61	2600	253
snapshot_11_21_2015_12_0.json	1448125200.0	455.7	2600	263
snapshot_11_21_2015_12_0.json	1448125200.0	455.7	2600	263
snapshot_11_21_2015_18_0.json	1448146800.0	455.7	2600	267
snapshot_11_22_2015_0_0.json	1448168400.0	455.7	2600	265
snapshot_11_22_2015_12_0.json	1448211600.0	455.7	2600	265
snapshot_11_22_2015_18_0.json	1448233200.0	455.7	2600	265
snapshot_11_22_2015_6_0.json	1448190000.0	455.7	2600	265
snapshot_11_23_2015_0_0.json	1448254800.0	455.7	2600	265
snapshot_11_23_2015_12_0.json	1448298000.0	455.7	2600	263
snapshot_11_23_2015_18_0.json	1448319600.0	385.5	2600	243
snapshot_11_24_2015_0_0.json	1448341200.0	385.5	2600	239
snapshot_11_24_2015_12_0.json	1448384400.0	385.5	2600	239
snapshot_11_24_2015_18_0.json	1448406000.0	385.5	2600	239
snapshot_11_24_2015_6_0.json	1448362800.0	385.5	2600	239
snapshot_11_25_2015_0_0.json	1448427600.0	382.75	2600	224
snapshot_11_25_2015_12_0.json	1448470800.0	382.75	2600	224
snapshot_11_25_2015_18_0.json	1448492400.0	382.75	2600	224
snapshot_11_25_2015_6_0.json	1448449200.0	382.75	2600	224
snapshot_11_26_2015_0_0.json	1448514000.0	382.75	2600	223
snapshot_11_26_2015_0_0.json	1448514000.0	382.75	2600	223
snapshot_11_27_2015_18_0.json	1448665200.0	359.35	2496	217
snapshot_11_28_2015_12_0.json	1448730000.0	359.35	2496	217
snapshot_11_28_2015_6_0.json	1448708400.0	359.35	2496	217
snapshot_11_29_2015_0_0.json	1448773200.0	359.35	2496	211
snapshot_11_29_2015_12_0.json	1448816400.0	359.35	2080	211
snapshot_11_29_2015_18_0.json	1448838000.0	359.35	2080	210
snapshot_11_29_2015_6_0.json	1448794800.0	359.35	2080	211
snapshot_11_30_2015_12_0.json	1448902800.0	359.35	1945	210
snapshot_11_30_2015_18_0.json	1448924400.0	359.35	1945	206
snapshot_12_1_2015_0_0.json	1448946000.0	359.35	1945	206
snapshot_12_1_2015_18_0.json	1449010800.0	441.25	1945	189
snapshot_12_1_2015_6_0.json	1448967600.0	441.25	1945	200
snapshot_12_2_2015_0_0.json	1449032400.0	417.85	1945	177
snapshot_12_2_2015_12_0.json	1449075600.0	417.85	1945	177
snapshot_12_2_2015_18_0.json	1449097200.0	382.75	1945	180
snapshot_12_2_2015_6_0.json	1449054000.0	417.85	1945	177
snapshot_12_2_2015_6_0.json	1449054000.0	417.85	1945	177
snapshot_12_3_2015_12_0.json	1449162000.0	382.75	1945	175
snapshot_12_3_2015_18_0.json	1449183600.0	382.75	1945	163
snapshot_12_3_2015_6_0.json	1449140400.0	382.75	1945	173
snapshot_12_4_2015_0_0.json	1449205200.0	412	1945	151
snapshot_12_4_2015_12_0.json	1449248400.0	353.5	1945	156
snapshot_12_4_2015_18_0.json	1449270000.0	324.25	1531	138
snapshot_12_4_2015_18_0.json	1449270000.0	324.25	1531	138
snapshot_12_4_2015_6_0.json	1449226800.0	353.5	1945	159
snapshot_12_5_2015_0_0.json	1449291600.0	324.25	1531	130
snapshot_12_5_2015_12_0.json	1449334800.0	324.25	1531	127
snapshot_12_5_2015_18_0.json	1449356400.0	353.5	1531	120
9296256	2015-12-11T00:00:00Z	Hamilton	Richard Rodgers Theatre	New York New York Metro|664	10036
snapshot_11_16_2015_0_0.json	1447650000.0	422.94	2600	298
snapshot_11_16_2015_0_0.json	1447650000.0	422.94	2600	298
snapshot_11_17_2015_0_0.json	1447736400.0	422.94	2600	290
snapshot_11_17_2015_12_0.json	1447779600.0	459.8	2600	278
snapshot_11_17_2015_12_0.json	1447779600.0	459.8	2600	278
snapshot_11_17_2015_18_0.json	1447801200.0	459.8	2600	278
snapshot_11_18_2015_0_0.json	1447822800.0	459.8	2600	275
snapshot_11_18_2015_12_0.json	1447866000.0	459.8	2600	271
snapshot_11_18_2015_18_0.json	1447887600.0	459.8	2600	268
snapshot_11_19_2015_0_0.json	1447909200.0	459.8	2600	260
snapshot_11_19_2015_12_0.json	1447952400.0	459.8	2600	260
snapshot_11_19_2015_6_0.json	1447930800.0	459.8	2600	260
snapshot_11_20_2015_0_0.json	1447995600.0	459.8	2600	258
snapshot_11_20_2015_12_0.json	1448038800.0	482.61	2600	253
snapshot_11_21_2015_12_0.json	1448125200.0	455.7	2600	263
snapshot_11_21_2015_12_0.json	1448125200.0	455.7	2600	263
snapshot_11_21_2015_18_0.json	1448146800.0	455.7	2600	267
snapshot_11_22_2015_0_0.json	1448168400.0	455.7	2600	265
snapshot_11_22_2015_12_0.json	1448211600.0	455.7	2600	265
snapshot_11_22_2015_18_0.json	1448233200.0	455.7	2600	265
snapshot_11_22_2015_6_0.json	1448190000.0	455.7	2600	265
snapshot_11_23_2015_0_0.json	1448254800.0	455.7	2600	265
snapshot_11_23_2015_12_0.json	1448298000.0	455.7	2600	263
snapshot_11_23_2015_18_0.json	1448319600.0	385.5	2600	243
snapshot_11_24_2015_0_0.json	1448341200.0	385.5	2600	239
snapshot_11_24_2015_12_0.json	1448384400.0	385.5	2600	239
snapshot_11_24_2015_18_0.json	1448406000.0	385.5	2600	239
snapshot_11_24_2015_6_0.json	1448362800.0	385.5	2600	239
snapshot_11_25_2015_0_0.json	1448427600.0	382.75	2600	224
snapshot_11_25_2015_12_0.json	1448470800.0	382.75	2600	224
snapshot_11_25_2015_18_0.json	1448492400.0	382.75	2600	224
snapshot_11_25_2015_6_0.json	1448449200.0	382.75	2600	224
snapshot_11_26_2015_0_0.json	1448514000.0	382.75	2600	223
snapshot_11_26_2015_0_0.json	1448514000.0	382.75	2600	223
snapshot_11_27_2015_18_0.json	1448665200.0	359.35	2496	217
snapshot_11_28_2015_12_0.json	1448730000.0	359.35	2496	217
snapshot_11_28_2015_6_0.json	1448708400.0	359.35	2496	217
snapshot_11_29_2015_0_0.json	1448773200.0	359.35	2496	211
snapshot_11_29_2015_12_0.json	1448816400.0	359.35	2080	211
snapshot_11_29_2015_18_0.json	1448838000.0	359.35	2080	210
snapshot_11_29_2015_6_0.json	1448794800.0	359.35	2080	211
snapshot_11_30_2015_12_0.json	1448902800.0	359.35	1945	210
snapshot_11_30_2015_18_0.json	1448924400.0	359.35	1945	206
snapshot_12_1_2015_0_0.json	1448946000.0	359.35	1945	206
snapshot_12_1_2015_18_0.json	1449010800.0	441.25	1945	189
snapshot_12_1_2015_6_0.json	1448967600.0	441.25	1945	200
snapshot_12_2_2015_0_0.json	1449032400.0	417.85	1945	177
snapshot_12_2_2015_12_0.json	1449075600.0	417.85	1945	177
snapshot_12_2_2015_18_0.json	1449097200.0	382.75	1945	180
snapshot_12_2_2015_6_0.json	1449054000.0	417.85	1945	177
snapshot_12_2_2015_6_0.json	1449054000.0	417.85	1945	177
snapshot_12_3_2015_12_0.json	1449162000.0	382.75	1945	175
snapshot_12_3_2015_18_0.json	1449183600.0	382.75	1945	163
snapshot_12_3_2015_6_0.json	1449140400.0	382.75	1945	173
snapshot_12_4_2015_0_0.json	1449205200.0	412	1945	151
snapshot_12_4_2015_12_0.json	1449248400.0	353.5	1945	156
snapshot_12_4_2015_18_0.json	1449270000.0	324.25	1531	138
snapshot_12_4_2015_18_0.json	1449270000.0	324.25	1531	138
snapshot_12_4_2015_6_0.json	1449226800.0	353.5	1945	159
snapshot_12_5_2015_0_0.json	1449291600.0	324.25	1531	130
snapshot_12_5_2015_12_0.json	1449334800.0	324.25	1531	127
snapshot_12_5_2015_18_0.json	1449356400.0	353.5	1531	120
