9296259	2015-12-13T20:00:00Z	Hamilton	Richard Rodgers Theatre	New York New York Metro|664	10036
snapshot_11_16_2015_0_0.json	1447650000.0	452.78	2080	322
snapshot_11_17_2015_0_0.json	1447736400.0	452.78	2080	320
snapshot_11_17_2015_12_0.json	1447779600.0	452.78	2080	316
snapshot_11_18_2015_0_0.json	1447822800.0	461.55	2080	306
snapshot_11_18_2015_12_0.json	1447866000.0	461.55	2080	304
snapshot_11_18_2015_18_0.json	1447887600.0	461.55	2080	302
snapshot_11_18_2015_6_0.json	1447844400.0	461.55	2080	304
snapshot_11_19_2015_0_0.json	1447909200.0	461.55	2080	300
snapshot_11_19_2015_12_0.json	1447952400.0	461.55	2080	298
snapshot_11_19_2015_6_0.json	1447930800.0	461.55	2080	298
snapshot_11_20_2015_0_0.json	1447995600.0	461.55	2080	281
snapshot_11_20_2015_12_0.json	1448038800.0	461.55	2080	280
snapshot_11_21_2015_12_0.json	1448125200.0	461.55	2080	278
snapshot_11_21_2015_12_0.json	1448125200.0	461.55	2080	278
snapshot_11_21_2015_18_0.json	1448146800.0	461.55	2080	280
snapshot_11_22_2015_0_0.json	1448168400.0	461.55	2080	280
snapshot_11_22_2015_12_0.json	1448211600.0	461.55	2080	279
snapshot_11_22_2015_18_0.json	1448233200.0	461.55	2080	279
snapshot_11_22_2015_18_0.json	1448233200.0	461.55	2080	279
snapshot_11_22_2015_6_0.json	1448190000.0	461.55	2080	279
snapshot_11_23_2015_0_0.json	1448254800.0	461.55	2288	271
snapshot_11_23_2015_12_0.json	1448298000.0	461.55	2288	273
snapshot_11_23_2015_18_0.json	1448319600.0	455.7	2288	253
snapshot_11_23_2015_6_0.json	1448276400.0	461.55	2288	273
snapshot_11_24_2015_0_0.json	1448341200.0	455.7	2288	250
snapshot_11_24_2015_12_0.json	1448384400.0	455.7	2288	250
snapshot_11_24_2015_18_0.json	1448406000.0	455.7	2288	250
snapshot_11_24_2015_6_0.json	1448362800.0	455.7	2288	250
snapshot_11_25_2015_0_0.json	1448427600.0	452.78	2288	256
snapshot_11_25_2015_12_0.json	1448470800.0	452.78	2288	257
snapshot_11_25_2015_6_0.json	1448449200.0	452.78	2288	257
snapshot_11_26_2015_0_0.json	1448514000.0	452.78	2288	249
snapshot_11_28_2015_12_0.json	1448730000.0	452.78	2288	250
snapshot_11_28_2015_18_0.json	1448751600.0	452.78	2288	248
snapshot_11_28_2015_6_0.json	1448708400.0	452.78	2288	250
snapshot_11_29_2015_0_0.json	1448773200.0	452.78	2288	248
snapshot_11_29_2015_12_0.json	1448816400.0	452.78	1785	248
snapshot_11_29_2015_18_0.json	1448838000.0	452.78	1785	248
snapshot_11_29_2015_6_0.json	1448794800.0	452.78	1785	248
snapshot_11_30_2015_0_0.json	1448859600.0	452.78	1785	248
snapshot_11_30_2015_12_0.json	1448902800.0	452.78	1785	248
snapshot_11_30_2015_18_0.json	1448924400.0	452.78	1785	256
snapshot_11_30_2015_6_0.json	1448881200.0	452.78	1785	248
snapshot_12_1_2015_18_0.json	1449010800.0	414.75	8800	261
snapshot_12_1_2015_6_0.json	1448967600.0	444	1785	265
snapshot_12_2_2015_0_0.json	1449032400.0	414.75	1785	253
snapshot_12_2_2015_12_0.json	1449075600.0	414.75	1785	250
snapshot_12_2_2015_18_0.json	1449097200.0	414.75	1667	250
snapshot_12_3_2015_12_0.json	1449162000.0	414.75	1667	240
snapshot_12_3_2015_18_0.json	1449183600.0	397.2	1667	233
snapshot_12_3_2015_6_0.json	1449140400.0	414.75	1667	239
snapshot_12_4_2015_0_0.json	1449205200.0	414.75	1667	229
snapshot_12_4_2015_12_0.json	1449248400.0	414.75	1667	231
snapshot_12_4_2015_18_0.json	1449270000.0	356.25	1612	225
snapshot_12_4_2015_18_0.json	1449270000.0	356.25	1612	225
snapshot_12_4_2015_6_0.json	1449226800.0	414.75	1667	231
snapshot_12_5_2015_0_0.json	1449291600.0	356.25	1612	221
snapshot_12_5_2015_12_0.json	1449334800.0	356.25	1612	221
snapshot_12_5_2015_18_0.json	1449356400.0	356.25	1612	221
snapshot_12_5_2015_6_0.json	1449313200.0	356.25	1612	221
9296259	2015-12-13T20:00:00Z	Hamilton	Richard Rodgers Theatre	New York New York Metro|664	10036
snapshot_11_16_2015_0_0.json	1447650000.0	452.78	2080	322
snapshot_11_17_2015_0_0.json	1447736400.0	452.78	2080	320
snapshot_11_17_2015_12_0.json	1447779600.0	452.78	2080	316
snapshot_11_18_2015_0_0.json	1447822800.0	461.55	2080	306
snapshot_11_18_2015_12_0.json	1447866000.0	461.55	2080	304
snapshot_11_18_2015_18_0.json	1447887600.0	461.55	2080	302
snapshot_11_18_2015_6_0.json	1447844400.0	461.55	2080	304
snapshot_11_19_2015_0_0.json	1447909200.0	461.55	2080	300
snapshot_11_19_2015_12_0.json	1447952400.0	461.55	2080	298
snapshot_11_19_2015_6_0.json	1447930800.0	461.55	2080	298
snapshot_11_20_2015_0_0.json	1447995600.0	461.55	2080	281
snapshot_11_20_2015_12_0.json	1448038800.0	461.55	2080	280
snapshot_11_21_2015_12_0.json	1448125200.0	461.55	2080	278
snapshot_11_21_2015_12_0.json	1448125200.0	461.55	2080	278
snapshot_11_21_2015_18_0.json	1448146800.0	461.55	2080	280
snapshot_11_22_2015_0_0.json	1448168400.0	461.55	2080	280
snapshot_11_22_2015_12_0.json	1448211600.0	461.55	2080	279
snapshot_11_22_2015_18_0.json	1448233200.0	461.55	2080	279
snapshot_11_22_2015_18_0.json	1448233200.0	461.55	2080	279
snapshot_11_22_2015_6_0.json	1448190000.0	461.55	2080	279
snapshot_11_23_2015_0_0.json	1448254800.0	461.55	2288	271
snapshot_11_23_2015_12_0.json	1448298000.0	461.55	2288	273
snapshot_11_23_2015_18_0.json	1448319600.0	455.7	2288	253
snapshot_11_23_2015_6_0.json	1448276400.0	461.55	2288	273
snapshot_11_24_2015_0_0.json	1448341200.0	455.7	2288	250
snapshot_11_24_2015_12_0.json	1448384400.0	455.7	2288	250
snapshot_11_24_2015_18_0.json	1448406000.0	455.7	2288	250
snapshot_11_24_2015_6_0.json	1448362800.0	455.7	2288	250
snapshot_11_25_2015_0_0.json	1448427600.0	452.78	2288	256
snapshot_11_25_2015_12_0.json	1448470800.0	452.78	2288	257
snapshot_11_25_2015_6_0.json	1448449200.0	452.78	2288	257
snapshot_11_26_2015_0_0.json	1448514000.0	452.78	2288	249
snapshot_11_28_2015_12_0.json	1448730000.0	452.78	2288	250
snapshot_11_28_2015_18_0.json	1448751600.0	452.78	2288	248
snapshot_11_28_2015_6_0.json	1448708400.0	452.78	2288	250
snapshot_11_29_2015_0_0.json	1448773200.0	452.78	2288	248
snapshot_11_29_2015_12_0.json	1448816400.0	452.78	1785	248
snapshot_11_29_2015_18_0.json	1448838000.0	452.78	1785	248
snapshot_11_29_2015_6_0.json	1448794800.0	452.78	1785	248
snapshot_11_30_2015_0_0.json	1448859600.0	452.78	1785	248
snapshot_11_30_2015_12_0.json	1448902800.0	452.78	1785	248
snapshot_11_30_2015_18_0.json	1448924400.0	452.78	1785	256
snapshot_11_30_2015_6_0.json	1448881200.0	452.78	1785	248
snapshot_12_1_2015_18_0.json	1449010800.0	414.75	8800	261
snapshot_12_1_2015_6_0.json	1448967600.0	444	1785	265
snapshot_12_2_2015_0_0.json	1449032400.0	414.75	1785	253
snapshot_12_2_2015_12_0.json	1449075600.0	414.75	1785	250
snapshot_12_2_2015_18_0.json	1449097200.0	414.75	1667	250
snapshot_12_3_2015_12_0.json	1449162000.0	414.75	1667	240
snapshot_12_3_2015_18_0.json	1449183600.0	397.2	1667	233
snapshot_12_3_2015_6_0.json	1449140400.0	414.75	1667	239
snapshot_12_4_2015_0_0.json	1449205200.0	414.75	1667	229
snapshot_12_4_2015_12_0.json	1449248400.0	414.75	1667	231
snapshot_12_4_2015_18_0.json	1449270000.0	356.25	1612	225
snapshot_12_4_2015_18_0.json	1449270000.0	356.25	1612	225
snapshot_12_4_2015_6_0.json	1449226800.0	414.75	1667	231
snapshot_12_5_2015_0_0.json	1449291600.0	356.25	1612	221
snapshot_12_5_2015_12_0.json	1449334800.0	356.25	1612	221
snapshot_12_5_2015_18_0.json	1449356400.0	356.25	1612	221
snapshot_12_5_2015_6_0.json	1449313200.0	356.25	1612	221
