9296239	2015-11-26T01:00:00Z	Hamilton	Richard Rodgers Theatre	New York New York Metro|664	10036
snapshot_11_16_2015_0_0.json	1447650000.0	589.08	2550	124
snapshot_11_17_2015_0_0.json	1447736400.0	589.08	2550	124
snapshot_11_17_2015_0_0.json	1447736400.0	589.08	2550	124
snapshot_11_17_2015_12_0.json	1447779600.0	602.41	2550	122
snapshot_11_17_2015_18_0.json	1447801200.0	602.41	2550	114
snapshot_11_18_2015_0_0.json	1447822800.0	616.75	2550	108
snapshot_11_18_2015_12_0.json	1447866000.0	616.75	2550	100
snapshot_11_18_2015_18_0.json	1447887600.0	610.9	3060	88
snapshot_11_18_2015_6_0.json	1447844400.0	616.75	2550	100
snapshot_11_19_2015_0_0.json	1447909200.0	610.9	3060	88
snapshot_11_19_2015_12_0.json	1447952400.0	610.9	3060	83
snapshot_11_19_2015_6_0.json	1447930800.0	610.9	3060	83
snapshot_11_20_2015_0_0.json	1447995600.0	590.25	3060	86
snapshot_11_21_2015_12_0.json	1448125200.0	646	3060	57
snapshot_11_21_2015_18_0.json	1448146800.0	646	3060	57
snapshot_11_22_2015_0_0.json	1448168400.0	646	3060	57
snapshot_11_22_2015_12_0.json	1448211600.0	646	3060	57
snapshot_11_22_2015_18_0.json	1448233200.0	646	3060	55
snapshot_11_22_2015_6_0.json	1448190000.0	646	3060	57
snapshot_11_23_2015_0_0.json	1448254800.0	646	3060	55
snapshot_11_23_2015_12_0.json	1448298000.0	646	3060	55
snapshot_11_23_2015_18_0.json	1448319600.0	587.5	2550	56
snapshot_11_24_2015_0_0.json	1448341200.0	515.17	2550	46
snapshot_11_24_2015_12_0.json	1448384400.0	515.17	2550	46
snapshot_11_24_2015_18_0.json	1448406000.0	464.65	2550	38
snapshot_11_24_2015_6_0.json	1448362800.0	515.17	2550	46
snapshot_11_25_2015_0_0.json	1448427600.0	599.66	1820	44
snapshot_11_25_2015_12_0.json	1448470800.0	599.66	1850	38
snapshot_11_25_2015_18_0.json	1448492400.0	665.62	1707	25
snapshot_11_25_2015_6_0.json	1448449200.0	599.66	1850	38
snapshot_11_26_2015_0_0.json	1448514000.0	543.45	1200	9
snapshot_11_28_2015_0_0.json	1448686800.0	0	0	0
snapshot_11_28_2015_6_0.json	1448708400.0	0	0	0
snapshot_12_3_2015_12_0.json	1449162000.0	0	0	0
snapshot_12_3_2015_6_0.json	1449140400.0	0	0	0
snapshot_12_4_2015_0_0.json	1449205200.0	0	0	0
snapshot_12_5_2015_0_0.json	1449291600.0	0	0	0
snapshot_12_5_2015_12_0.json	1449334800.0	0	0	0
9296239	2015-11-26T01:00:00Z	Hamilton	Richard Rodgers Theatre	New York New York Metro|664	10036
snapshot_11_16_2015_0_0.json	1447650000.0	589.08	2550	124
snapshot_11_17_2015_0_0.json	1447736400.0	589.08	2550	124
snapshot_11_17_2015_0_0.json	1447736400.0	589.08	2550	124
snapshot_11_17_2015_12_0.json	1447779600.0	602.41	2550	122
snapshot_11_17_2015_18_0.json	1447801200.0	602.41	2550	114
snapshot_11_18_2015_0_0.json	1447822800.0	616.75	2550	108
snapshot_11_18_2015_12_0.json	1447866000.0	616.75	2550	100
snapshot_11_18_2015_18_0.json	1447887600.0	610.9	3060	88
snapshot_11_18_2015_6_0.json	1447844400.0	616.75	2550	100
snapshot_11_19_2015_0_0.json	1447909200.0	610.9	3060	88
snapshot_11_19_2015_12_0.json	1447952400.0	610.9	3060	83
snapshot_11_19_2015_6_0.json	1447930800.0	610.9	3060	83
snapshot_11_20_2015_0_0.json	1447995600.0	590.25	3060	86
snapshot_11_21_2015_12_0.json	1448125200.0	646	3060	57
snapshot_11_21_2015_18_0.json	1448146800.0	646	3060	57
snapshot_11_22_2015_0_0.json	1448168400.0	646	3060	57
snapshot_11_22_2015_12_0.json	1448211600.0	646	3060	57
snapshot_11_22_2015_18_0.json	1448233200.0	646	3060	55
snapshot_11_22_2015_6_0.json	1448190000.0	646	3060	57
snapshot_11_23_2015_0_0.json	1448254800.0	646	3060	55
snapshot_11_23_2015_12_0.json	1448298000.0	646	3060	55
snapshot_11_23_2015_18_0.json	1448319600.0	587.5	2550	56
snapshot_11_24_2015_0_0.json	1448341200.0	515.17	2550	46
snapshot_11_24_2015_12_0.json	1448384400.0	515.17	2550	46
snapshot_11_24_2015_18_0.json	1448406000.0	464.65	2550	38
snapshot_11_24_2015_6_0.json	1448362800.0	515.17	2550	46
snapshot_11_25_2015_0_0.json	1448427600.0	599.66	1820	44
snapshot_11_25_2015_12_0.json	1448470800.0	599.66	1850	38
snapshot_11_25_2015_18_0.json	1448492400.0	665.62	1707	25
snapshot_11_25_2015_6_0.json	1448449200.0	599.66	1850	38
snapshot_11_26_2015_0_0.json	1448514000.0	543.45	1200	9
snapshot_11_28_2015_0_0.json	1448686800.0	0	0	0
snapshot_11_28_2015_6_0.json	1448708400.0	0	0	0
snapshot_12_3_2015_12_0.json	1449162000.0	0	0	0
snapshot_12_3_2015_6_0.json	1449140400.0	0	0	0
snapshot_12_4_2015_0_0.json	1449205200.0	0	0	0
snapshot_12_5_2015_0_0.json	1449291600.0	0	0	0
snapshot_12_5_2015_12_0.json	1449334800.0	0	0	0
