9296248	2015-12-04T00:00:00Z	Hamilton	Richard Rodgers Theatre	New York New York Metro|664	10036
snapshot_11_16_2015_0_0.json	1447650000.0	502.5	1856	205
snapshot_11_16_2015_0_0.json	1447650000.0	502.5	1856	205
snapshot_11_17_2015_12_0.json	1447779600.0	502.5	1856	196
snapshot_11_17_2015_12_0.json	1447779600.0	502.5	1856	196
snapshot_11_17_2015_6_0.json	1447758000.0	502.5	1856	196
snapshot_11_18_2015_0_0.json	1447822800.0	502.5	1856	179
snapshot_11_18_2015_12_0.json	1447866000.0	356.25	1856	179
snapshot_11_18_2015_18_0.json	1447887600.0	356.25	1856	181
snapshot_11_18_2015_6_0.json	1447844400.0	356.25	1856	179
snapshot_11_19_2015_0_0.json	1447909200.0	520.05	1856	152
snapshot_11_19_2015_12_0.json	1447952400.0	520.05	1856	148
snapshot_11_19_2015_6_0.json	1447930800.0	520.05	1856	148
snapshot_11_20_2015_12_0.json	1448038800.0	520.05	1738	144
snapshot_11_21_2015_12_0.json	1448125200.0	520.05	1738	140
snapshot_11_21_2015_12_0.json	1448125200.0	520.05	1738	140
snapshot_11_21_2015_18_0.json	1448146800.0	520.05	1945	140
snapshot_11_22_2015_0_0.json	1448168400.0	520.05	1945	138
snapshot_11_22_2015_12_0.json	1448211600.0	520.05	1945	138
snapshot_11_22_2015_18_0.json	1448233200.0	520.05	1945	138
snapshot_11_22_2015_18_0.json	1448233200.0	520.05	1945	138
snapshot_11_22_2015_6_0.json	1448190000.0	520.05	1945	138
snapshot_11_23_2015_0_0.json	1448254800.0	520.05	1945	135
snapshot_11_23_2015_12_0.json	1448298000.0	520.05	1945	133
snapshot_11_23_2015_18_0.json	1448319600.0	444	1945	142
snapshot_11_23_2015_18_0.json	1448319600.0	444	1945	142
snapshot_11_23_2015_6_0.json	1448276400.0	520.05	1945	133
snapshot_11_24_2015_0_0.json	1448341200.0	444	1945	129
snapshot_11_24_2015_12_0.json	1448384400.0	444	1945	129
snapshot_11_24_2015_18_0.json	1448406000.0	328.87	1945	132
snapshot_11_24_2015_6_0.json	1448362800.0	444	1945	129
snapshot_11_25_2015_0_0.json	1448427600.0	444	1945	125
snapshot_11_25_2015_12_0.json	1448470800.0	444	1945	123
snapshot_11_25_2015_18_0.json	1448492400.0	444	1945	109
snapshot_11_25_2015_6_0.json	1448449200.0	444	1945	123
snapshot_11_26_2015_0_0.json	1448514000.0	444	1945	103
snapshot_11_26_2015_0_0.json	1448514000.0	444	1945	103
snapshot_11_27_2015_18_0.json	1448665200.0	321.15	1945	113
snapshot_11_28_2015_12_0.json	1448730000.0	412	1945	111
snapshot_11_28_2015_18_0.json	1448751600.0	412	1945	109
snapshot_11_28_2015_6_0.json	1448708400.0	412	1945	111
snapshot_11_29_2015_0_0.json	1448773200.0	412	1945	109
snapshot_11_29_2015_12_0.json	1448816400.0	412	1945	108
snapshot_11_29_2015_18_0.json	1448838000.0	403.05	1945	109
snapshot_11_29_2015_6_0.json	1448794800.0	412	1945	108
snapshot_11_30_2015_0_0.json	1448859600.0	403.05	1945	105
snapshot_11_30_2015_0_0.json	1448859600.0	403.05	1945	105
snapshot_11_30_2015_12_0.json	1448902800.0	356.25	1945	105
snapshot_11_30_2015_18_0.json	1448924400.0	397.2	1945	102
snapshot_12_1_2015_0_0.json	1448946000.0	397.2	1945	76
snapshot_12_1_2015_18_0.json	1449010800.0	444	1389	69
snapshot_12_2_2015_0_0.json	1449032400.0	464.65	1389	58
snapshot_12_2_2015_12_0.json	1449075600.0	464.65	1389	58
snapshot_12_2_2015_18_0.json	1449097200.0	464.65	1389	47
snapshot_12_2_2015_6_0.json	1449054000.0	464.65	1389	58
snapshot_12_2_2015_6_0.json	1449054000.0	464.65	1389	58
snapshot_12_3_2015_0_0.json	1449118800.0	410.13	1112	36
snapshot_12_3_2015_12_0.json	1449162000.0	403.81	1020	32
snapshot_12_3_2015_18_0.json	1449183600.0	518.47	728	15
snapshot_12_3_2015_6_0.json	1449140400.0	403.81	1020	32
snapshot_12_4_2015_0_0.json	1449205200.0	0	0	0
snapshot_12_4_2015_12_0.json	1449248400.0	0	0	0
snapshot_12_4_2015_12_0.json	1449248400.0	0	0	0
snapshot_12_4_2015_18_0.json	1449270000.0	0	0	0
snapshot_12_4_2015_6_0.json	1449226800.0	0	0	0
snapshot_12_5_2015_0_0.json	1449291600.0	0	0	0
snapshot_12_5_2015_12_0.json	1449334800.0	0	0	0
9296248	2015-12-04T00:00:00Z	Hamilton	Richard Rodgers Theatre	New York New York Metro|664	10036
snapshot_11_16_2015_0_0.json	1447650000.0	502.5	1856	205
snapshot_11_16_2015_0_0.json	1447650000.0	502.5	1856	205
snapshot_11_17_2015_12_0.json	1447779600.0	502.5	1856	196
snapshot_11_17_2015_12_0.json	1447779600.0	502.5	1856	196
snapshot_11_17_2015_6_0.json	1447758000.0	502.5	1856	196
snapshot_11_18_2015_0_0.json	1447822800.0	502.5	1856	179
snapshot_11_18_2015_12_0.json	1447866000.0	356.25	1856	179
snapshot_11_18_2015_18_0.json	1447887600.0	356.25	1856	181
snapshot_11_18_2015_6_0.json	1447844400.0	356.25	1856	179
snapshot_11_19_2015_0_0.json	1447909200.0	520.05	1856	152
snapshot_11_19_2015_12_0.json	1447952400.0	520.05	1856	148
snapshot_11_19_2015_6_0.json	1447930800.0	520.05	1856	148
snapshot_11_20_2015_12_0.json	1448038800.0	520.05	1738	144
snapshot_11_21_2015_12_0.json	1448125200.0	520.05	1738	140
snapshot_11_21_2015_12_0.json	1448125200.0	520.05	1738	140
snapshot_11_21_2015_18_0.json	1448146800.0	520.05	1945	140
snapshot_11_22_2015_0_0.json	1448168400.0	520.05	1945	138
snapshot_11_22_2015_12_0.json	1448211600.0	520.05	1945	138
snapshot_11_22_2015_18_0.json	1448233200.0	520.05	1945	138
snapshot_11_22_2015_18_0.json	1448233200.0	520.05	1945	138
snapshot_11_22_2015_6_0.json	1448190000.0	520.05	1945	138
snapshot_11_23_2015_0_0.json	1448254800.0	520.05	1945	135
snapshot_11_23_2015_12_0.json	1448298000.0	520.05	1945	133
snapshot_11_23_2015_18_0.json	1448319600.0	444	1945	142
snapshot_11_23_2015_18_0.json	1448319600.0	444	1945	142
snapshot_11_23_2015_6_0.json	1448276400.0	520.05	1945	133
snapshot_11_24_2015_0_0.json	1448341200.0	444	1945	129
snapshot_11_24_2015_12_0.json	1448384400.0	444	1945	129
snapshot_11_24_2015_18_0.json	1448406000.0	328.87	1945	132
snapshot_11_24_2015_6_0.json	1448362800.0	444	1945	129
snapshot_11_25_2015_0_0.json	1448427600.0	444	1945	125
snapshot_11_25_2015_12_0.json	1448470800.0	444	1945	123
snapshot_11_25_2015_18_0.json	1448492400.0	444	1945	109
snapshot_11_25_2015_6_0.json	1448449200.0	444	1945	123
snapshot_11_26_2015_0_0.json	1448514000.0	444	1945	103
snapshot_11_26_2015_0_0.json	1448514000.0	444	1945	103
snapshot_11_27_2015_18_0.json	1448665200.0	321.15	1945	113
snapshot_11_28_2015_12_0.json	1448730000.0	412	1945	111
snapshot_11_28_2015_18_0.json	1448751600.0	412	1945	109
snapshot_11_28_2015_6_0.json	1448708400.0	412	1945	111
snapshot_11_29_2015_0_0.json	1448773200.0	412	1945	109
snapshot_11_29_2015_12_0.json	1448816400.0	412	1945	108
snapshot_11_29_2015_18_0.json	1448838000.0	403.05	1945	109
snapshot_11_29_2015_6_0.json	1448794800.0	412	1945	108
snapshot_11_30_2015_0_0.json	1448859600.0	403.05	1945	105
snapshot_11_30_2015_0_0.json	1448859600.0	403.05	1945	105
snapshot_11_30_2015_12_0.json	1448902800.0	356.25	1945	105
snapshot_11_30_2015_18_0.json	1448924400.0	397.2	1945	102
snapshot_12_1_2015_0_0.json	1448946000.0	397.2	1945	76
snapshot_12_1_2015_18_0.json	1449010800.0	444	1389	69
snapshot_12_2_2015_0_0.json	1449032400.0	464.65	1389	58
snapshot_12_2_2015_12_0.json	1449075600.0	464.65	1389	58
snapshot_12_2_2015_18_0.json	1449097200.0	464.65	1389	47
snapshot_12_2_2015_6_0.json	1449054000.0	464.65	1389	58
snapshot_12_2_2015_6_0.json	1449054000.0	464.65	1389	58
snapshot_12_3_2015_0_0.json	1449118800.0	410.13	1112	36
snapshot_12_3_2015_12_0.json	1449162000.0	403.81	1020	32
snapshot_12_3_2015_18_0.json	1449183600.0	518.47	728	15
snapshot_12_3_2015_6_0.json	1449140400.0	403.81	1020	32
snapshot_12_4_2015_0_0.json	1449205200.0	0	0	0
snapshot_12_4_2015_12_0.json	1449248400.0	0	0	0
snapshot_12_4_2015_12_0.json	1449248400.0	0	0	0
snapshot_12_4_2015_18_0.json	1449270000.0	0	0	0
snapshot_12_4_2015_6_0.json	1449226800.0	0	0	0
snapshot_12_5_2015_0_0.json	1449291600.0	0	0	0
snapshot_12_5_2015_12_0.json	1449334800.0	0	0	0
