9296243	2015-11-28T19:00:00Z	Hamilton	Richard Rodgers Theatre	New York New York Metro|664	10036
snapshot_11_16_2015_0_0.json	1447650000.0	482.61	2295	208
snapshot_11_17_2015_0_0.json	1447736400.0	422.94	2040	197
snapshot_11_17_2015_12_0.json	1447779600.0	584.41	2040	185
snapshot_11_17_2015_6_0.json	1447758000.0	584.41	2040	189
snapshot_11_18_2015_0_0.json	1447822800.0	584.41	2550	187
snapshot_11_18_2015_12_0.json	1447866000.0	584.41	1707	190
snapshot_11_18_2015_18_0.json	1447887600.0	566.85	1707	190
snapshot_11_18_2015_6_0.json	1447844400.0	584.41	1707	190
snapshot_11_19_2015_0_0.json	1447909200.0	566.85	1707	192
snapshot_11_19_2015_12_0.json	1447952400.0	566.85	1707	192
snapshot_11_19_2015_6_0.json	1447930800.0	566.85	1707	192
snapshot_11_20_2015_12_0.json	1448038800.0	566.85	3500	184
snapshot_11_21_2015_12_0.json	1448125200.0	590.25	1707	198
snapshot_11_21_2015_18_0.json	1448146800.0	574.63	1707	194
snapshot_11_22_2015_0_0.json	1448168400.0	574.63	1707	182
snapshot_11_22_2015_12_0.json	1448211600.0	574.63	1707	201
snapshot_11_22_2015_18_0.json	1448233200.0	542.28	1707	198
snapshot_11_22_2015_18_0.json	1448233200.0	542.28	1707	198
snapshot_11_22_2015_6_0.json	1448190000.0	574.63	1707	201
snapshot_11_23_2015_0_0.json	1448254800.0	542.28	1707	198
snapshot_11_23_2015_12_0.json	1448298000.0	467.77	1707	201
snapshot_11_23_2015_18_0.json	1448319600.0	467.77	1609	191
snapshot_11_23_2015_6_0.json	1448276400.0	467.77	1707	201
snapshot_11_24_2015_0_0.json	1448341200.0	467.77	1468.42	181
snapshot_11_24_2015_12_0.json	1448384400.0	467.77	1468.42	177
snapshot_11_24_2015_18_0.json	1448406000.0	441.25	1468.42	170
snapshot_11_24_2015_6_0.json	1448362800.0	467.77	1468.42	177
snapshot_11_25_2015_0_0.json	1448427600.0	412	1530	155
snapshot_11_25_2015_12_0.json	1448470800.0	412	1468.42	157
snapshot_11_25_2015_18_0.json	1448492400.0	356.25	1468.42	141
snapshot_11_25_2015_6_0.json	1448449200.0	412	1468.42	157
snapshot_11_25_2015_6_0.json	1448449200.0	412	1468.42	157
snapshot_11_25_2015_6_0.json	1448449200.0	412	1468.42	157
snapshot_11_26_2015_0_0.json	1448514000.0	382.75	1468.42	126
snapshot_11_27_2015_18_0.json	1448665200.0	441.25	1468.42	70
snapshot_11_28_2015_0_0.json	1448686800.0	441.25	2500	49
snapshot_11_28_2015_12_0.json	1448730000.0	449.85	1112	24
snapshot_11_28_2015_18_0.json	1448751600.0	466.99	778	4
snapshot_11_28_2015_6_0.json	1448708400.0	449.85	1112	24
snapshot_11_29_2015_12_0.json	1448816400.0	0	0	0
snapshot_11_29_2015_18_0.json	1448838000.0	0	0	0
snapshot_11_30_2015_12_0.json	1448902800.0	0	0	0
snapshot_11_30_2015_12_0.json	1448902800.0	0	0	0
snapshot_11_30_2015_6_0.json	1448881200.0	0	0	0
snapshot_11_30_2015_6_0.json	1448881200.0	0	0	0
snapshot_12_1_2015_12_0.json	1448989200.0	0	0	0
snapshot_12_1_2015_12_0.json	1448989200.0	0	0	0
snapshot_12_3_2015_12_0.json	1449162000.0	0	0	0
snapshot_12_3_2015_6_0.json	1449140400.0	0	0	0
snapshot_12_4_2015_0_0.json	1449205200.0	0	0	0
snapshot_12_5_2015_0_0.json	1449291600.0	0	0	0
snapshot_12_5_2015_12_0.json	1449334800.0	0	0	0
9296243	2015-11-28T19:00:00Z	Hamilton	Richard Rodgers Theatre	New York New York Metro|664	10036
snapshot_11_16_2015_0_0.json	1447650000.0	482.61	2295	208
snapshot_11_17_2015_0_0.json	1447736400.0	422.94	2040	197
snapshot_11_17_2015_12_0.json	1447779600.0	584.41	2040	185
snapshot_11_17_2015_6_0.json	1447758000.0	584.41	2040	189
snapshot_11_18_2015_0_0.json	1447822800.0	584.41	2550	187
snapshot_11_18_2015_12_0.json	1447866000.0	584.41	1707	190
snapshot_11_18_2015_18_0.json	1447887600.0	566.85	1707	190
snapshot_11_18_2015_6_0.json	1447844400.0	584.41	1707	190
snapshot_11_19_2015_0_0.json	1447909200.0	566.85	1707	192
snapshot_11_19_2015_12_0.json	1447952400.0	566.85	1707	192
snapshot_11_19_2015_6_0.json	1447930800.0	566.85	1707	192
snapshot_11_20_2015_12_0.json	1448038800.0	566.85	3500	184
snapshot_11_21_2015_12_0.json	1448125200.0	590.25	1707	198
snapshot_11_21_2015_18_0.json	1448146800.0	574.63	1707	194
snapshot_11_22_2015_0_0.json	1448168400.0	574.63	1707	182
snapshot_11_22_2015_12_0.json	1448211600.0	574.63	1707	201
snapshot_11_22_2015_18_0.json	1448233200.0	542.28	1707	198
snapshot_11_22_2015_18_0.json	1448233200.0	542.28	1707	198
snapshot_11_22_2015_6_0.json	1448190000.0	574.63	1707	201
snapshot_11_23_2015_0_0.json	1448254800.0	542.28	1707	198
snapshot_11_23_2015_12_0.json	1448298000.0	467.77	1707	201
snapshot_11_23_2015_18_0.json	1448319600.0	467.77	1609	191
snapshot_11_23_2015_6_0.json	1448276400.0	467.77	1707	201
snapshot_11_24_2015_0_0.json	1448341200.0	467.77	1468.42	181
snapshot_11_24_2015_12_0.json	1448384400.0	467.77	1468.42	177
snapshot_11_24_2015_18_0.json	1448406000.0	441.25	1468.42	170
snapshot_11_24_2015_6_0.json	1448362800.0	467.77	1468.42	177
snapshot_11_25_2015_0_0.json	1448427600.0	412	1530	155
snapshot_11_25_2015_12_0.json	1448470800.0	412	1468.42	157
snapshot_11_25_2015_18_0.json	1448492400.0	356.25	1468.42	141
snapshot_11_25_2015_6_0.json	1448449200.0	412	1468.42	157
snapshot_11_25_2015_6_0.json	1448449200.0	412	1468.42	157
snapshot_11_25_2015_6_0.json	1448449200.0	412	1468.42	157
snapshot_11_26_2015_0_0.json	1448514000.0	382.75	1468.42	126
snapshot_11_27_2015_18_0.json	1448665200.0	441.25	1468.42	70
snapshot_11_28_2015_0_0.json	1448686800.0	441.25	2500	49
snapshot_11_28_2015_12_0.json	1448730000.0	449.85	1112	24
snapshot_11_28_2015_18_0.json	1448751600.0	466.99	778	4
snapshot_11_28_2015_6_0.json	1448708400.0	449.85	1112	24
snapshot_11_29_2015_12_0.json	1448816400.0	0	0	0
snapshot_11_29_2015_18_0.json	1448838000.0	0	0	0
snapshot_11_30_2015_12_0.json	1448902800.0	0	0	0
snapshot_11_30_2015_12_0.json	1448902800.0	0	0	0
snapshot_11_30_2015_6_0.json	1448881200.0	0	0	0
snapshot_11_30_2015_6_0.json	1448881200.0	0	0	0
snapshot_12_1_2015_12_0.json	1448989200.0	0	0	0
snapshot_12_1_2015_12_0.json	1448989200.0	0	0	0
snapshot_12_3_2015_12_0.json	1449162000.0	0	0	0
snapshot_12_3_2015_6_0.json	1449140400.0	0	0	0
snapshot_12_4_2015_0_0.json	1449205200.0	0	0	0
snapshot_12_5_2015_0_0.json	1449291600.0	0	0	0
snapshot_12_5_2015_12_0.json	1449334800.0	0	0	0
