0.946019136516 0.240928597371 0.915390082633 0.763175258342 0.986479900114 0.969910512154 0.460925603712 0.956628825225 0.573876735016 0.378710114181 0.264449170607 0.272868504876 0.628808322796 0.82120655535 0.0433742783654 0.773058684294 0.868035884599 0.945588690217 0.675622731345 0.58855877066 0.0590985720999 0.331419825085 0.539415412627 0.457175060255 0.660086362108
0.250794392341 0.928907097699 0.414732386304 0.301748829636 0.32126103688 0.0791817155266 0.930417866247 0.289723466868 0.213441616787 0.249364572957 0.501339954137 0.798504180798 0.226909032854 0.331484140464 0.54597956821 0.163755880365 0.925055897493 0.792374013052 0.768713679671 0.330320199254 0.815352117754 0.839923960798 0.470946040563 0.823813657374 0.979996215493
0.58481796803 0.4657912765 0.386412085914 0.730390565681 0.314517364978 0.487297051515 0.113079749464 0.975879380166 0.157281276204 0.0177297861801 0.561618107947 0.889225896924 0.00670956169784 0.301220356879 0.166545977402 0.56774566258 0.994992149115 0.442382923031 0.943804258785 0.00464930086494 0.105754715124 0.156024118678 0.365144036463 0.262241765926 0.819034858895
0.741265004659 0.304450907892 0.744254639852 0.541822622007 0.0314181210759 0.0846190457023 0.254020531808 0.156361947451 0.705521803702 0.285970383847 0.109159088054 0.483254589522 0.755682230994 0.71538982602 0.491599788279 0.675884746364 0.645993890908 0.162411525221 0.11044649948 0.92171617872 0.76645513669 0.363496005053 0.403932749763 0.149391968565 0.103021932864
0.629809141156 0.16241143462 0.828770055354 0.110227634979 0.877971168641 0.557714787989 0.257393494699 0.638610387995 0.509828084284 0.395199659752 0.607967497888 0.763890265182 0.375939603401 0.986598506243 0.0922229053503 0.745511983692 0.291261176556 0.293307598886 0.541598933204 0.48594270325 0.856275209119 0.482764682411 0.180684775343 0.205931746677 0.269923884542
0.758035918791 0.382726594428 0.192192829958 0.676253773328 0.99675596845 0.177054798857 0.834668626176 0.162170283257 0.46957720315 0.409508191953 0.977766573045 0.522381911349 0.829529128585 0.88646272032 0.378132482646 0.386387433414 0.19591061405 0.354039127918 0.12645968169 0.452772962152 0.0451979906779 0.515215329424 0.574505721144 0.823614874492 0.350421117516
0.226566853313 0.223552581712 0.928177629357 0.38900424669 0.0567388983624 0.28230434834 0.861671849771 0.88545262859 0.121906457181 0.742932485268 0.710328512238 0.223252422518 0.455677559711 0.337867181841 0.85415135261 0.18542944512 0.740070327978 0.580343295622 0.67597567064 0.895157141703 0.351689717755 0.252594912248 0.886573129816 0.08701840644 0.988412914535
0.217905680624 0.835124244147 0.75896513947 0.775340074186 0.0396955359923 0.481358791994 0.724378795416 0.054384403441 0.15422607371 0.370715575785 0.143833699823 0.611726334355 0.907155071746 0.0729128970626 0.384821954152 0.307893464436 0.122075215458 0.157498580696 0.185681796173 0.105592027243 0.817772895884 0.876106851933 0.816983070262 0.574977856244 0.725507305608
0.106113218763 0.256066676703 0.496760022671 0.324873400706 0.316443216833 0.732146475162 0.236834116582 0.269081139823 0.456894193059 0.748179774681 0.606918483302 0.368100517295 0.372856492944 0.894846642715 0.948420746436 0.500780992623 0.573045904863 0.92837258467 0.96125224768 0.242338468393 0.773567186089 0.999673502633 0.203136774295 0.212888172152 0.368208192507
0.813234579276 0.171435012631 0.907016836854 0.537329784261 0.154112620674 0.0328191585585 0.0737175432926 0.0901545311295 0.71181619114 0.209356979512 0.392493243275 0.0197053730457 0.778621533076 0.361413727139 0.26233782663 0.920398742592 0.618575180679 0.677249656434 0.685864744838 0.652682483423 0.0289155331294 0.269271951117 0.484532273689 0.463583363522 0.924202678178
0.86697142478 0.355805830338 0.229312974155 0.552734981582 0.127364010345 0.124620685823 0.876192723785 0.767468217082 0.395104585369 0.32415321306 0.0606024566575 0.681931055728 0.568962470016 0.562451564172 0.200289951034 0.621655567682 0.153314113897 0.743456405364 0.931854013219 0.506491259706 0.68577745963 0.322532262646 0.783721952859 0.911005726756 0.375011570812
0.237682816246 0.99577963519 0.813629525204 0.915461563851 0.244761442204 0.887057621563 0.828773800807 0.509792422118 0.906458533891 0.340312255395 0.681757898746 0.833715389877 0.581833055083 0.715852660562 0.125145500146 0.793127697187 0.162231913515 0.245102046289 0.180857221065 0.385085840886 0.474340307355 0.294348595474 0.390628080982 0.378625047168 0.146602633268
0.804647572335 0.327344291809 0.0340062999896 0.411361950884 0.292448244549 0.855796212176 0.611261380997 0.912614103764 0.761762104299 0.490152248258 0.960489299355 0.18997500769 0.225301350895 0.688243663756 0.532099126555 0.363695448597 0.747922889143 0.0929244945468 0.086129591307 0.460055294236 0.544749000525 0.629447191317 0.289291189939 0.331695354498 0.303555806491
0.263206632723 0.673089990566 0.543336486486 0.3961932886 0.814571109546 0.639763251496 0.768840955897 0.61833454222 0.894498148601 0.925166417236 0.217532496476 0.962595078954 0.0932060124855 0.711864256671 0.964722789903 0.646358171837 0.699006407774 0.313024214448 0.0523808670426 0.297104248762 0.275615761624 0.238858243542 0.731926833029 0.719118597545 0.780774152091
0.365624776514 0.0593884361261 0.133273660707 0.522592286047 0.788070466364 0.952720008668 0.268917975537 0.403209410662 0.727622820717 0.930782424767 0.54682641203 0.477460652995 0.427567822609 0.974106507271 0.0259056791564 0.0838197764155 0.587577401472 0.622780321917 0.723271766877 0.12188119064 0.282001901225 0.902348267122 0.491335690279 0.587665675518 0.513984635379
0.0359771884298 0.187132800042 0.954921944514 0.509805657766 0.726687899607 0.417973133849 0.108798250138 0.526404129084 0.0535026989091 0.317384177067 0.926667551895 0.802230805042 0.480888499689 0.509058006246 0.165501800976 0.184886354786 0.00982949055453 0.290711188998 0.567824056252 0.114220117131 0.158931940011 0.706281997334 0.48204279096 0.898931058559 0.374618461126
0.325093750866 0.546427898346 0.14555234156 0.25213135557 0.899161427416 0.733068245561 0.921319020116 0.633011558144 0.824452827096 0.939882354417 0.440944238854 0.556392618167 0.708483683262 0.0357668031983 0.973927646226 0.806167985321 0.662357948037 0.548041541206 0.6455728095 0.840499490314 0.904172959085 0.649491264532 0.363777239502 0.350658065167 0.631086642803
0.129102230631 0.461735279663 0.454892508231 0.416015873768 0.256402071207 0.731518876839 0.761522637085 0.320145936729 0.210461480722 0.554020456968 0.26644380181 0.0349049593542 0.411614696214 0.130977496091 0.182640430824 0.132994885376 0.941867033071 0.567280664318 0.568418874011 0.186258079523 0.918473250161 0.449878140152 0.262919220851 0.287007145364 0.697005185173
0.301671508249 0.702708273953 0.853828789969 0.746791516629 0.0508015368946 0.140290292874 0.356556919415 0.102275704215 0.630377854502 0.0628567298184 0.38751345527 0.114807734199 0.307062916372 0.348480175956 0.691846361945 0.602016661066 0.464075877386 0.93626224533 0.336877506482 0.0936331049603 0.561510338354 0.928653745797 0.16991213405 0.78793622636 0.696382120374
0.970324396277 0.848240516953 0.567195608006 0.857594753159 0.0441418089838 0.871622236462 0.239510912405 0.0111394185536 0.278984324004 0.0537143553266 0.676730710437 0.682247155798 0.338415984185 0.699998045117 0.565089464694 0.026577648133 0.790932258173 0.680833288012 0.876048001127 0.927058655335 0.875572818814 0.335641757233 0.820491106075 0.982118415832 0.798903328024
0.410110190452 0.0829714330805 0.965662601622 0.637799950613 0.757117914668 0.903517081471 0.471307427816 0.541477613904 0.943307610105 0.170886668904 0.613869752804 0.273096651792 0.91628738244 0.115698602995 0.21991567276 0.406356288627 0.76210659956 0.743518317604 0.0400298334788 0.954719523224 0.148197880698 0.0194998695149 0.614748915474 0.992667661228 0.0644505554628
0.899774320019 0.54396153367 0.334638560483 0.852686284503 0.149077412056 0.178572957251 0.929169544628 0.846703909833 0.260436783009 0.152345549392 0.928541322143 0.139097101612 0.613337845969 0.331627332737 0.505928698682 0.264547883444 0.020124477054 0.255878936754 0.632423541214 0.163762641679 0.697465039275 0.884086678548 0.730220261484 0.948713400915 0.157717553218
0.344265243441 0.79497762297 0.626839496923 0.53574658081 0.839176492381 0.960841539411 0.639429441811 0.0172066423752 0.296620917848 0.912179761553 0.972397228125 0.335951245129 0.179551139994 0.459692597484 0.00713710685619 0.408733949342 0.988160028804 0.285597023045 0.874003856553 0.936800721767 0.906159681297 0.904885010854 0.374135065134 0.36575518384 0.346119134541
0.666575574588 0.739121489562 0.460229163593 0.962538719535 0.957356119956 0.863981619312 0.409793455501 0.0344314836458 0.824898753272 0.200119918544 0.789848562265 0.950354223082 0.680774269514 0.107930607926 0.220125636601 0.112730246865 0.772453277014 0.841909436356 0.122631429308 0.182908101703 0.683588969618 0.254853274166 0.391881655664 0.854151640775 0.267588537052
0.46637520741 0.376673887602 0.156252272387 0.246917667741 0.687332776793 0.342359497029 0.272854717556 0.0255350600711 0.896606319368 0.754998723506 0.496331615724 0.957508274773 0.399239146881 0.497360217054 0.874922422466 0.234717101489 0.900149541094 0.513635692445 0.17295467239 0.210451896021 0.605986678569 0.582856634768 0.0417268488224 0.0119162501022 0.746984778349
0.11055960356 0.891311730457 0.330413142791 0.0108379807903 0.0195097577277 0.0729818451596 0.184665268006 0.554862342246 0.965762289384 0.500153056419 0.125920393098 0.163084081448 0.2653124046 0.851434786304 0.426898074526 0.480817034502 0.164567886382 0.765774923169 0.530351025383 0.122933495281 0.250918720513 0.364718705379 0.992905559551 0.154176269069 0.0918466463374
0.0693729608268 0.131764096937 0.732637976264 0.59553141905 0.42206470647 0.852085158506 0.653020153505 0.534825444293 0.222552790984 0.762005477611 0.803245712186 0.865607666978 0.908325675532 0.983885759901 0.400674900715 0.0248191196323 0.555854337975 0.348013253726 0.527926077949 0.0556313217744 0.90121107428 0.67082892826 0.330592141442 0.28045233391 0.437729928856
0.791324149477 0.411621764439 0.309898709323 0.588823888186 0.743485384222 0.709860862056 0.803545883126 0.670062633638 0.00782049574809 0.500219885707 0.784177169694 0.2734050725 0.969808797355 0.769763537813 0.875417432223 0.60175522363 0.188098933598 0.0982084814911 0.543172248362 0.633754532758 0.14707310424 0.846222581065 0.557179023492 0.470681060454 0.945453246255
0.770522278716 0.450730618973 0.342622684879 0.76079734148 0.738119517255 0.374068336856 0.0442755352811 0.850105189386 0.301900332318 0.293739898198 0.80994629238 0.133378655615 0.699776883639 0.700930604177 0.918236313978 0.99750557339 0.390487165253 0.465146089748 0.733439835451 0.0846269356242 0.218872056275 0.0652879166092 0.593329845554 0.276801576156 0.678453157215
0.763179759158 0.03616577398 0.683418961429 0.424868608958 0.658660467789 0.586213473788 0.759806689273 0.256701554308 0.322965730299 0.750139254299 0.27796933562 0.891647760775 0.495378321393 0.466296936905 0.541730382436 0.215589809879 0.117524090947 0.648565370756 0.540432206613 0.521451256421 0.269457638517 0.790288643838 0.511753098146 0.423936177912 0.882493174674
0.479998765275 0.636889889174 0.718172294324 0.679867158256 0.778604628021 0.395942718854 0.882884048933 0.751057361894 0.594861075057 0.388500286948 0.674300784095 0.136011695466 0.484132970352 0.284339889057 0.479310776569 0.820875591866 0.892641207948 0.757917900752 0.747546401398 0.652960084395 0.687371415807 0.355713392534 0.173355092504 0.368622002097 0.446756602007
0.505717868165 0.340174804618 0.819769211471 0.141386146475 0.689140424634 0.732655141649 0.683862053757 0.00745348840884 0.930317056158 0.0299827362186 0.604309571616 0.754363638067 0.534783437433 0.119232043654 0.576497737129 0.377084330123 0.376002640136 0.338967924938 0.906293849676 0.139246809749 0.278213780114 0.628783819457 0.557900575043 0.816328720355 0.746194098305
0.0228306673055 0.265929525526 0.136345408332 0.52238618419 0.191072593327 0.644262017559 0.92265157519 0.362609381291 0.786173637732 0.156167945447 0.688941944852 0.474257763078 0.630939859954 0.267366412566 0.208288454191 0.334669495617 0.927815190816 0.507316665307 0.7036108016 0.82296675717 0.982792027805 0.229929767777 0.0989706745029 0.238187986181 0.370461383925
0.996042451212 0.691888984339 0.756599273593 0.0194815999111 0.238989442734 0.812050102147 0.397654671979 0.320566501498 0.863069512316 0.489291293019 0.563717281774 0.689245968944 0.90013243724 0.522658146704 0.455071530075 0.45007234797 0.344612938298 0.234939611597 0.624011836728 0.215689236075 0.0821370038214 0.0618710485405 0.844631632478 0.0556824306155 0.387213092924
0.448893331539 0.635895834359 0.476198944164 0.878869101564 0.551473681453 0.802574274201 0.527524855789 0.470135608257 0.650232382995 0.670365108989 0.215167542195 0.0373555624746 0.633776051287 0.403927281932 0.734336025904 0.732593493074 0.46868465051 0.847652844622 0.560400293237 0.577783185795 0.149895266957 0.797997402015 0.729578615768 0.076175534936 0.126490943788
0.439706999393 0.112666072956 0.375788371766 0.518718468135 0.426251554587 0.261512726289 0.772105602164 0.093655312395 0.322635713165 0.903741017042 0.217073815109 0.120281618251 0.691953337283 0.223255842633 0.754307708032 0.0763943111427 0.269643188951 0.682129201123 0.332542518139 0.820415267906 0.146259698998 0.455365169103 0.982177975977 0.158694606967 0.0425667529543
0.792914935081 0.395332065235 0.130757177292 0.29418371722 0.9752942233 0.3241127617 0.310964451322 0.291343051878 0.331502327751 0.965049959655 0.68532949435 0.905015846775 0.296921786771 0.792654372389 0.439840077648 0.203408097399 0.832360111158 0.409408942643 0.389001396911 0.68734213831 0.760722365498 0.426384925774 0.141106573785 0.872588108396 0.832475853489
0.0152016986346 0.854706705653 0.550663280917 0.52816015234 0.0148464864684 0.458172006675 0.493689100897 0.404222904684 0.878365622615 0.676139167105 0.698241471509 0.0786266677933 0.318753139997 0.474088417766 0.657407691332 0.931128398545 0.675161406866 0.504044543064 0.326480661386 0.173721102222 0.675951053063 0.155468894189 0.321897468845 0.0938063876127 0.552503884032
0.660394829326 0.903672123123 0.283478312694 0.532428903021 0.435987907043 0.643275287672 0.196716559727 0.443271268672 0.695278384117 0.0836085483943 0.375974192918 0.350642240099 0.660567102642 0.11206433127 0.185362102409 0.158824692278 0.320020127357 0.973695658991 0.95050147053 0.160664906222 0.997352042081 0.886772512934 0.413555301068 0.794394615004 0.132231664073
0.0972425706241 0.167091638408 0.870005615869 0.768337615528 0.502280154721 0.520032624229 0.909233759138 0.207876944668 0.0923497726628 0.589249910762 0.375146229226 0.48229945299 0.0310439376405 0.626172379873 0.283530108794 0.191050351156 0.456704998229 0.279251182781 0.00687434200518 0.889561100745 0.0573031017765 0.199815467399 0.245706109451 0.87621130308 0.636994131415
0.0734628007132 0.249454168511 0.222247339033 0.048785429412 0.540953192171 0.0844684120718 0.638010638092 0.222023666484 0.905144459346 0.799927168022 0.45784744513 0.484572138791 0.134054243659 0.062458280955 0.115840081653 0.821773190614 0.347157164591 0.361134143775 0.178737355638 0.583211968658 0.809080891554 0.726536195138 0.791290457329 0.0187637718902 0.623346176206
0.940792467596 0.144563153963 0.399536154553 0.301171415476 0.720842325068 0.92087749547 0.799852201886 0.570510236987 0.475868317362 0.525479300055 0.0228437432768 0.34951297866 0.274029038313 0.315404936299 0.0499626833961 0.802886254368 0.781271464569 0.349047750109 0.423127594398 0.909827262963 0.289102595987 0.0679414269869 0.960349339943 0.803141197022 0.404055755024
0.363745317015 0.98668678391 0.595971654222 0.0807321925503 0.26653643931 0.513920228145 0.645914360728 0.835461781955 0.936336648121 0.913488742061 0.958494369363 0.009827735218 0.299396026841 0.339053119532 0.334939104166 0.851805339393 0.820419844968 0.588157026126 0.942175739886 0.778018633484 0.0433496888629 0.405955712172 0.942257283429 0.265584972406 0.863915557107
0.821916485782 0.967385236855 0.934391350292 0.692085942921 0.709552042746 0.182848317063 0.725482021482 0.0585971887004 0.710736340482 0.656999320434 0.173333354216 0.502004028355 0.376780336955 0.0227012874399 0.0351601799256 0.791010971286 0.205990063409 0.578630001588 0.64200079514 0.753005090043 0.465902420878 0.760691840913 0.144336840932 0.753594940506 0.399097288714
0.276915908203 0.368501267521 0.221455346624 0.768991218611 0.36090944863 0.379566715348 0.476726271323 0.926937539092 0.776577077213 0.0678925340886 0.21062746192 0.318889218588 0.0161016436296 0.745569464915 0.518867847346 0.642107726114 0.24904991266 0.0535764274099 0.0720336965128 0.79382660824 0.949718928944 0.560979928409 0.325542548755 0.204875235454 0.735730042428
0.561152869041 0.408537628057 0.519497034669 0.896448757841 0.237186843679 0.918945469825 0.199034106729 0.391789138958 0.890068253469 0.729460821755 0.632607672222 0.502078669173 0.806985078337 0.0157074384911 0.0677009683725 0.755485910438 0.98826959697 0.331632794593 0.677472632693 0.392568642269 0.430950172488 0.127297653388 0.771592296813 0.265021309198 0.789558660591
0.683339819207 0.490635486078 0.746065882664 0.753613595454 0.68998677508 0.353420634416 0.778283966628 0.734693769498 0.094634679841 0.306272190163 0.430773732617 0.762131095576 0.008416719572 0.441328807043 0.724243799816 0.665145292746 0.837435437724 0.0115643351913 0.904443733705 0.743168256982 0.868128995851 0.617998215305 0.220094511208 0.779395139957 0.253834050818
0.401230714424 0.0216407992042 0.234274318132 0.925975592972 0.547718374877 0.368575639516 0.391394069674 0.26117384582 0.723971769931 0.383442254381 0.27625153697 0.407817509544 0.865970039854 0.939969641606 0.297047334923 0.931630819852 0.716513856476 0.850501257936 0.125798050041 0.777731885227 0.823050275647 0.166596290252 0.894470711581 0.180452725435 0.138028320977
0.519604558994 0.57707851861 0.299272721131 0.497572424743 0.264385616836 0.626094837744 0.399322807007 0.15956913974 0.651380999521 0.579429493169 0.906470061798 0.552390003638 0.430621290347 0.93838206446 0.887115595285 0.308342193277 0.999202273195 0.0174636770913 0.952559864434 0.630681029183 0.730536544922 0.217262436285 0.187710964071 0.986457743791 0.544939442205
0.225454252295 0.380381984513 0.73609581552 0.397479167741 0.82391552212 0.463016249789 0.564376333897 0.612412812193 0.620615061773 0.524675864932 0.881613866552 0.34720220497 0.392809184249 0.113546587626 0.988888356383 0.279258100683 0.919634778879 0.39736683079 0.842378829789 0.345415024289 0.507278126414 0.333834182539 0.460085095807 0.643452107542 0.207061317208
