0.692860105736 0.184578290413 0.556367563642 0.239894510028 0.890442326629 0.106500126567 0.78592896965 0.29681379104 0.419199111845 0.0959142820357 0.0343288569758 0.0818549437847 0.569647042789 0.110371730366 0.0451278579416 0.686849738371 0.281345489265 0.794767307739 0.784652098404 0.611867323579 0.573680740297 0.0978276981543 0.821216831434 0.824114093232 0.405085479177
0.863554677106 0.567575435419 0.0827034820909 0.117366058131 0.753187039104 0.0168233112384 0.757487340648 0.350720397131 0.486673305513 0.498276777545 0.388642838405 0.697883354002 0.111537219129 0.691422574462 0.863154374233 0.136724327255 0.260234915846 0.463048084956 0.259973548271 0.28025541927 0.649107776209 0.216766101919 0.428643236207 0.633149288518 0.794969356813
0.556838193031 0.838046792187 0.150085689217 0.096190047978 0.252977671371 0.753904068689 0.391231776743 0.390747717618 0.631376716195 0.543607720771 0.818288328074 0.450899609113 0.528373791718 0.584848524244 0.0587524483278 0.0628211864443 0.267145940518 0.83225872152 0.784697344475 0.0182898031815 0.59897738775 0.366278011558 0.939478115137 0.480511183344 0.037893886714
0.0197278420988 0.325453865382 0.1400502935 0.550174039365 0.580823836514 0.756621888856 0.927442508051 0.27716870725 0.501945244236 0.00729309999838 0.643760330585 0.445722554185 0.598167705017 0.659134465774 0.884719477965 0.462898778796 0.792365719172 0.873286749202 0.0106169713736 0.763811128758 0.841548799649 0.457312744633 0.574591282461 0.373379863283 0.390064296268
0.322057772713 0.772789749742 0.0724887726998 0.480727972612 0.787966908051 0.024205885836 0.413108015704 0.259969484106 0.743275699257 0.0449259523156 0.284517016983 0.416152897471 0.600229501038 0.863195029226 0.188378984844 0.738298370916 0.501435430973 0.242693086818 0.731369615468 0.581919468827 0.872028943497 0.735800536927 0.734594202884 0.700789221014 0.197115732588
0.0638026239652 0.79261265831 0.206976414657 0.533033415826 0.997396276831 0.554964360504 0.0394759806067 0.734164405686 0.994406989211 0.0546215046356 0.6776685595 0.520336634976 0.465544559307 0.745112530108 0.157452541764 0.119293800763 0.41432969393 0.0821069540224 0.541723163793 0.788705114566 0.146361280185 0.589732878782 0.713578936698 0.331138798158 0.973479776568
0.629813862453 0.10506842609 0.0592787277231 0.701901264212 0.37574479436 0.0849708984634 0.347679734786 0.0883839771409 0.807831754186 0.927269675716 0.961455764749 0.844332088715 0.986197834654 0.968913118661 0.684198575475 0.721994926027 0.305694634517 0.218397420322 0.995833271236 0.156386194427 0.44180433993 0.534629203791 0.485405177689 0.544705066586 0.288797014966
0.303675809663 0.513217142986 0.578590198759 0.138500805849 0.582765604459 0.368774058307 0.939302595767 0.668621100921 0.252158609604 0.832309509874 0.0436054932996 0.909529374358 0.422525885455 0.15979538005 0.0466768389809 0.108034810129 0.445564984361 0.291945976163 0.697140438378 0.528667463228 0.983381164567 0.606691803181 0.0975284093815 0.385130028504 0.980574125863
0.825455536642 0.976494938252 0.815418618138 0.0330388058282 0.941808918454 0.185153288199 0.336393714181 0.0452169238371 0.514153849689 0.451928667223 0.0481478564566 0.612121672846 0.267847586298 0.330488746854 0.563807926957 0.884094830572 0.526755559756 0.836598286908 0.718717160684 0.678228865267 0.508658492271 0.0489008633913 0.314554767848 0.997362861196 0.278204527751
0.399063051865 0.27242195467 0.308166147008 0.118040293535 0.757580622911 0.513194850142 0.0277596727176 0.846286645149 0.498289131965 0.321806630394 0.611687082051 0.640914058939 0.299880224133 0.52253156269 0.547055922165 0.806931011572 0.484611190637 0.238758834666 0.623364264269 0.533044080772 0.126710615535 0.768177749041 0.592896314187 0.475994686797 0.688939654147
0.172202916947 0.651520422368 0.609921317824 0.134358820452 0.481532070399 0.562741267366 0.156306285221 0.010700438905 0.323898923143 0.75572298095 0.10884730384 0.717355829314 0.432228623514 0.378160077785 0.623078344332 0.275054701564 0.379486260808 0.27071697243 0.668858916938 0.583809459312 0.596902286267 0.0494903266918 0.785043119757 0.806739687193 0.50814442418
0.446200293939 0.498361698587 0.842831893961 0.97065577936 0.0266611208123 0.277988040423 0.989711934053 0.4126757947 0.227318032989 0.928767174046 0.289115248084 0.737922059419 0.134388994836 0.148654299399 0.45462698301 0.681841752671 0.141955317828 0.571493321089 0.576312962946 0.238132007816 0.0969854036189 0.259760471215 0.623351076764 0.24896160707 0.0287513174434
0.15949515777 0.644168159497 0.898617705741 0.0279261696397 0.384070805315 0.721704662863 0.98374410999 0.898229058318 0.424672198901 0.0893170710561 0.470886362114 0.071264093459 0.465939732261 0.947455010578 0.384110079459 0.770565150521 0.73190356218 0.883697844166 0.922535676343 0.0821049202406 0.721829835341 0.455998756683 0.700110093336 0.941416324312 0.958813956184
0.324134718796 0.182548297251 0.971390533421 0.803969617675 0.115549555614 0.986752144372 0.299820214764 0.231282391242 0.424275615175 0.476081286448 0.554467529087 0.997883582567 0.348786244638 0.699397086898 0.824199460516 0.628967768923 0.184408970918 0.681824977047 0.728575035124 0.55602828777 0.682479681516 0.482087413719 0.0715167798449 0.69249660721 0.0236023199956
0.288156561775 0.567615038303 0.875277867435 0.159615526837 0.459733346828 0.791003459881 0.77328963028 0.718147651734 0.27697705293 0.733823653517 0.408931527646 0.0176769808794 0.576205883646 0.115670272252 0.507974051591 0.334124810939 0.196729178683 0.903558429374 0.119506170155 0.76606001946 0.283135700526 0.468650002062 0.318518324019 0.988465274615 0.385125622766
0.160109826189 0.913910753967 0.316420317595 0.177363144991 0.202468586265 0.799818667994 0.235068921528 0.92975422778 0.236251091992 0.580935703418 0.241928524499 0.133193451481 0.852504132339 0.0187242495131 0.129403711422 0.973233155916 0.895697838595 0.53835305365 0.753110750273 0.411253718887 0.145350880245 0.98421030278 0.668172440368 0.682357552275 0.207597730964
0.294346299079 0.89527453078 0.0865909911251 0.143464995966 0.0375123543505 0.0602690159474 0.538433821373 0.844146680912 0.478301151676 0.531281763106 0.361212727989 0.15590128235 0.41121438529 0.685796944095 0.882441820416 0.694243031237 0.981319079636 0.0497402614327 0.397615329367 0.470001820625 0.962585064737 0.00238709126485 0.609290300301 0.611889775881 0.366330150605
0.984904269218 0.272708917526 0.830305699936 0.159161786939 0.475372793434 0.814771145278 0.829431378165 0.403754707441 0.396661677077 0.495215478987 0.429525027167 0.367144594282 0.635499890374 0.211037070681 0.833934571894 0.812221356254 0.2279771555 0.421293915553 0.501969557639 0.149728836122 0.781182660468 0.367752099482 0.873798456278 0.292370948071 0.202380233076
0.451862446252 0.0259268230682 0.23772054405 0.775166359584 0.136638741647 0.125526932084 0.270838037678 0.6025564007 0.767482541913 0.0821998136511 0.0125889982637 0.659239106893 0.0633591977989 0.0541258013327 0.991359952235 0.75284800721 0.27820809409 0.892030098164 0.41680018997 0.711752430007 0.49799648852 0.302715491692 0.754306662338 0.0638512349699 0.449087740187
0.78626121457 0.780981021406 0.149832808454 0.258636614993 0.521382648725 0.483913201406 0.435921931309 0.19142468426 0.239567762535 0.991322653658 0.994296689285 0.637645303667 0.453748492851 0.582772860451 0.648732139654 0.747382802987 0.0681889804343 0.558218825901 0.942835687157 0.886142452553 0.109972412853 0.0478137933706 0.598859459047 0.707525565074 0.0276534931982
0.239218849856 0.102742012871 0.841705352527 0.844222007221 0.935837380075 0.354147978228 0.761069359127 0.298319036115 0.762421726436 0.0641339845916 0.979144650632 0.657646367516 0.159241434597 0.898179062099 0.960406030333 0.4584816152 0.966149711814 0.206161599148 0.164361113671 0.543119355282 0.582585069188 0.56116682632 0.369287635257 0.785304544251 0.486546016604
0.497446154473 0.814893099199 0.605455463186 0.755958787842 0.971243207832 0.941676638212 0.371846635197 0.68841500559 0.00827724132434 0.909122907914 0.476381431924 0.0295441345704 0.813286434405 0.0890500013852 0.239800747956 0.529722232551 0.420744502994 0.168906803534 0.8099761958 0.0740144980183 0.953749649312 0.472118404087 0.345861273571 0.947419701455 0.4070226716
0.232185013879 0.971017744873 0.578700799517 0.318298449916 0.744178323504 0.347455432697 0.189201908693 0.513194395376 0.945210383292 0.168514526312 0.449360367962 0.879693956475 0.251450249393 0.75921206409 0.316778040587 0.987661861342 0.974419624151 0.263688800507 0.700745119973 0.437207678945 0.755893527337 0.865186438387 0.569870500088 0.795036309306 0.825545831518
0.732655739977 0.845205460383 0.990395924853 0.675783667966 0.758765017763 0.284083608182 0.734814743126 0.243565246131 0.626238724439 0.114995528397 0.87981281737 0.138592272234 0.970476267845 0.21780598713 0.869419049808 0.943489337496 0.508399922294 0.266473148062 0.67243872311 0.755981474605 0.408274921845 0.19773680201 0.117737403176 0.549704882114 0.108593198413
0.932417964515 0.0601560696694 0.182328049592 0.782870587193 0.609373901856 0.616288806036 0.0629223209674 0.668209029405 0.0651917322978 0.905029199268 0.58680195277 0.972407699209 0.0390520704499 0.388507374006 0.215062502586 0.240443934542 0.0601061175939 0.112809954508 0.311295987351 0.369388400635 0.933966640591 0.780748318836 0.754373367754 0.895949451507 0.65248385642
0.704474863486 0.821549571324 0.808776669852 0.666599496642 0.801155987774 0.503208931735 0.0195025959189 0.119837608653 0.042337382453 0.198293413225 0.445058925875 0.923524320338 0.132360488145 0.943795555669 0.367382244358 0.529381433857 0.368007442007 0.660280490359 0.868076469299 0.56898316435 0.108784022682 0.7671803013 0.609505524369 0.257615552955 0.998845871443
0.215757989835 0.695130422893 0.0178245524517 0.0755572986327 0.256015102309 0.290293069328 0.867379467218 0.287902715042 0.23568642278 0.693542706218 0.173155577112 0.186857710425 0.294295968513 0.104167591454 0.909193092807 0.75141374051 0.658829514187 0.384592759355 0.793510059414 0.723640070682 0.449478220505 0.851951952075 0.254343386544 0.0537219666459 0.780511842126
0.0892579586095 0.861277085229 0.556623996266 0.57035311161 0.855007262879 0.403892053128 0.90966537875 0.358280052705 0.37322814074 0.900972914576 0.454353056437 0.633899690934 0.0854086059842 0.774207860141 0.471345962898 0.888220534913 0.933146271636 0.53190266044 0.0401244748032 0.915097314856 0.735495434555 0.17669118496 0.449309070179 0.20215910781 0.243670966941
0.332677627777 0.576470278408 0.801381723858 0.139217384402 0.369407721863 0.171404838613 0.0877555200727 0.426355144641 0.682787478442 0.192631308195 0.760364798192 0.560448848714 0.922139603745 0.703663658425 0.237748882697 0.501914025053 0.150658637279 0.672301121428 0.474654167699 0.215573597768 0.618858298219 0.510040810956 0.871853061158 0.534450039368 0.855967027572
0.367553211665 0.284926519201 0.963074588496 0.179767611797 0.190627673222 0.960482441233 0.0959231131618 0.767895110444 0.871322103773 0.459388946489 0.722582653313 0.403909591493 0.0934968041744 0.530614618742 0.430245292424 0.912648145213 0.0831224672316 0.610909972743 0.97428304688 0.176476473388 0.0484637694312 0.0704543472073 0.437910913822 0.978117256562 0.189939390376
0.958018770309 0.909905194134 0.770326224739 0.746219763748 0.84848602761 0.436590423549 0.24604850342 0.232119996292 0.764416433738 0.463138575823 0.566070315229 0.858419455228 0.856544194572 0.915271824776 0.614252424033 0.282123995628 0.335434302226 0.109500276692 0.37451623655 0.893629880836 0.325075737452 0.168154606093 0.350661635485 0.777315317235 0.884271339845
0.48951882811 0.975795595243 0.841685857058 0.442436961533 0.591935669592 0.215287864742 0.921072883756 0.216785058942 0.792572665185 0.961055457518 0.184516691822 0.702725666538 0.50074148916 0.0500949782291 0.710353801974 0.0866077693516 0.225427941395 0.795915498347 0.670616598166 0.975570009284 0.39042028819 0.423429657477 0.513806262703 0.180013364464 0.861667946234
0.828921285979 0.956649971764 0.176852085197 0.921677409919 0.148676169754 0.822445855213 0.197575116115 0.93768019053 0.93749483881 0.386507549037 0.226863852172 0.44899111173 0.266492500984 0.053883639682 0.489882223682 0.234742509599 0.401167172205 0.161548953223 0.925045531785 0.831011299777 0.814366414981 0.579929184648 0.0388344496268 0.6385043076 0.617017116005
0.312585037184 0.639105073493 0.822180143295 0.899076123786 0.329509061991 0.939917922179 0.556931245679 0.851320682624 0.877804873669 0.031407589678 0.898368441699 0.453826743297 0.261001245256 0.62861829461 0.783971828763 0.436106199539 0.655667858895 0.160476296155 0.683211754159 0.686555393469 0.419325264062 0.03389186193 0.317447823959 0.116956629837 0.305693097852
0.900807504879 0.663879540975 0.714272028276 0.680289404507 0.442170706427 0.580506749149 0.808302882757 0.671401464612 0.187850549043 0.326298088368 0.69011377287 0.279516597852 0.612124044913 0.573029753501 0.234900177468 0.105429793105 0.540154436349 0.112744709549 0.91170207982 0.0258729730174 0.599500011277 0.890535135178 0.590777284947 0.125737368872 0.476503704457
0.642575775125 0.858976049565 0.996398481477 0.234524847661 0.244118174926 0.333372148708 0.231229789084 0.715892986676 0.970898765919 0.0160378384181 0.658369405133 0.894841092922 0.756413073282 0.621375874373 0.87533576293 0.426368859375 0.124276478948 0.140966588705 0.5455962564 0.235048762297 0.328456405803 0.982465808695 0.607464704385 0.146937642331 0.723074825223
0.397811988245 0.620788410333 0.996700010492 0.27314829186 0.20099598853 0.956827714095 0.449280934248 0.682741402161 0.628574986993 0.602063636565 0.361726817821 0.0110133760002 0.352510687131 0.507599453188 0.283481943367 0.680392209681 0.437083047767 0.0246738620393 0.599803747639 0.57564494654 0.454986321581 0.661894540933 0.270424872903 0.766428591208 0.573655452789
0.951156420942 0.784290369296 0.887118499595 0.272464836782 0.994407622007 0.273705364017 0.921938445075 0.186130156412 0.0970173361541 0.573657504418 0.170814205425 0.257554627988 0.0219027468566 0.666885316282 0.147262051943 0.477721264347 0.69853782816 0.029657898934 0.940168124285 0.669992813031 0.0176691395166 0.191230713651 0.128092388659 0.627323269971 0.230121508596
0.54270756904 0.810780625691 0.322984677353 0.490388438251 0.503987235292 0.525970280781 0.70974845137 0.245357970856 0.363336028779 0.589902547753 0.0212687546528 0.219119203735 0.68492559406 0.186195686543 0.551822746095 0.198393579775 0.499354805549 0.00235097514346 0.0451506477089 0.294345205467 0.822070747878 0.599513330496 0.317629074996 0.496920255176 0.523690876981
0.138817201944 0.58553051723 0.659708861087 0.118658213694 0.0834181693389 0.606329884092 0.727028650635 0.624355072614 0.843575328565 0.172891729045 0.163673051871 0.548411583138 0.788339311886 0.420456336457 0.526062787925 0.878576563839 0.172785632096 0.521001168906 0.309798135119 0.639370076946 0.797561532469 0.629707122139 0.524169082129 0.377529949985 0.136873786088
0.361445889377 0.883834652935 0.736070164424 0.232642749758 0.283635802424 0.559161194401 0.937800121994 0.58966658784 0.110634820697 0.707641504863 0.368821094904 0.926733922062 0.699625381713 0.0449572821391 0.628507236251 0.704815006063 0.930894620133 0.914625314784 0.403198693966 0.790794790768 0.0984568549873 0.454894432974 0.849593236549 0.322036065251 0.220314185852
0.604478387381 0.633565688456 0.552421114299 0.910039971921 0.340619857847 0.395718676305 0.0323410737636 0.975907004017 0.654097306484 0.0868827738464 0.943163320278 0.536515484048 0.733564747517 0.413385469236 0.642251705603 0.425792412926 0.284446700787 0.673384500332 0.975395097314 0.323810830956 0.432692624234 0.164706155824 0.998171460079 0.336917069499 0.34242320105
0.488453585756 0.782832468409 0.383237252719 0.232481557169 0.26346815201 0.710717513939 0.819842639266 0.01582141142 0.983491848277 0.976821106504 0.24748859056 0.48280146245 0.604606924004 0.511381232177 0.236089671436 0.787113536517 0.744129022458 0.565940094243 0.876821596546 0.236620754776 0.989851597675 0.288662242999 0.379260918363 0.807556715555 0.755964998426
0.45653672499 0.0252912901961 0.433972625632 0.918048761106 0.712355735282 0.373075085611 0.319132170059 0.480472311638 0.6203109884 0.126022148713 0.12692082318 0.602895961151 0.549502707669 0.531634568788 0.783468238804 0.577153516787 0.70415960355 0.589810817211 0.367989716071 0.0636655281018 0.640012649498 0.996755067895 0.464839069737 0.847783818129 0.337280558868
0.433376581955 0.384355898203 0.666084591635 0.64265006955 0.60468304247 0.257413495534 0.166741335672 0.347456808362 0.534809931328 0.211274169067 0.0186504610318 0.390555936703 0.544192137065 0.921837738151 0.66725761665 0.255952562618 0.895716804295 0.0339706977881 0.122410439241 0.233552040633 0.936719517925 0.690434220144 0.846246603261 0.526900826235 0.333350563941
0.808705837224 0.95864215264 0.326825030555 0.0208702375004 0.282949221188 0.932495164725 0.673854884766 0.601684235604 0.726771255895 0.681973078916 0.0572453560281 0.568993783235 0.0234030792609 0.918265762878 0.243371883007 0.0942337565386 0.979133795939 0.350280166165 0.112899753848 0.0470923453274 0.19624296887 0.92198246847 0.926172254385 0.0543584300184 0.938961630011
0.482929919901 0.626853556633 0.44779614862 0.9724918419 0.394418185968 0.168681439754 0.48090438701 0.244885899067 0.586489538613 0.146937177394 0.868440987649 0.203021576197 0.00477347974358 0.374281727127 0.604949866963 0.591643292479 0.577522205336 0.951425711363 0.199717296873 0.909662916801 0.84706967015 0.00788298993951 0.259546065359 0.901115603516 0.387550714791
0.0178231829499 0.343950421373 0.656530659514 0.602579961153 0.175024795132 0.344375063366 0.0552049879819 0.0267255252001 0.387377027168 0.574437276194 0.533758768994 0.491460503145 0.330368949611 0.700638331062 0.762060283235 0.125973453932 0.103004146619 0.731158188937 0.574917703015 0.898380834431 0.590794252803 0.0241681567727 0.53120867666 0.593130613693 0.229501892536
0.688891059268 0.1688063826 0.455789446959 0.00500533446517 0.724393179145 0.184473489617 0.336066133423 0.0851257032642 0.726131603245 0.381118140372 0.522629960208 0.771057643711 0.743313413039 0.578640131196 0.0619077737927 0.872300960213 0.546484750144 0.869887039741 0.8973461746 0.712755298353 0.338207223018 0.244052056872 0.0936276625612 0.474071253392 0.619914632368
0.703021636375 0.187563805565 0.751890314251 0.929648481069 0.492318814648 0.239101684415 0.866488501718 0.83065954165 0.95533924505 0.50554319249 0.818400209457 0.0402161202058 0.941966927831 0.179835032361 0.0446181887605 0.217614029362 0.777528225015 0.369445699636 0.811466611534 0.802362510072 0.712777058338 0.672602566331 0.0219256199931 0.666371605516 0.737765767649
0.392060283915 0.827711117775 0.891162853247 0.937867401565 0.593116426329 0.277511219784 0.763570768633 0.827471047606 0.183540494851 0.679913847744 0.677703784316 0.710093216152 0.623608237285 0.152353035691 0.968884020384 0.222392633092 0.714051498309 0.0959065239936 0.450706004717 0.28869602186 0.0275794257968 0.752677494955 0.838544698011 0.951850246041 0.471658672896
0.921287630032 0.681981296413 0.953977705218 0.793042125546 0.443830718646 0.31828714937 0.989088088525 0.914796738478 0.969368431216 0.509037543029 0.820090929877 0.16532737149 0.50465300836 0.720160851076 0.689561748066 0.680852111967 0.744559583864 0.7859042455 0.399316398505 0.623814308342 0.253710313306 0.406724491836 0.228174509986 0.609097291833 0.86729251734
0.102417759255 0.413976936727 0.756207049032 0.936433761353 0.425504777279 0.380241596579 0.824695801372 0.0190676961494 0.238638479578 0.0874629920909 0.889952973509 0.930950578793 0.630525346635 0.397424610972 0.3098254986 0.901898420392 0.0861372481726 0.660792858474 0.626424307841 0.645625912355 0.669564332964 0.413327330249 0.382903560686 0.753324493987 0.780138060802
0.00759881416154 0.835938929159 0.914002753322 0.13904884746 0.700002612915 0.873249531421 0.480818662606 0.198174457269 0.00970985129257 0.216351964486 0.436315701978 0.250131265157 0.254223560546 0.0318249041032 0.0948214204074 0.413162802507 0.232664790064 0.839200826677 0.764766109973 0.727934550174 0.592408612885 0.789696399007 0.968790284113 0.335084293676 0.899204019603
0.786643239262 0.11176125024 0.576346625319 0.194643287888 0.659552208243 0.903786134479 0.0105626939735 0.11484165598 0.658597519893 0.990220488142 0.477146511285 0.0777924732192 0.78029847037 0.941178858799 0.818350839566 0.423120545232 0.785550132606 0.670953823435 0.0585969580041 0.302882685163 0.442887676922 0.639162124654 0.384980595736 0.728995050935 0.90233530884
0.745251667216 0.77837016688 0.60655828807 0.239117401204 0.921954437599 0.991889486851 0.0277659159458 0.984230505386 0.181448718752 0.309819326249 0.783553170718 0.436290279887 0.616127201638 0.698502903967 0.737342029424 0.70508355745 0.686450100395 0.957650029732 0.316261438848 0.165364000722 0.70282320373 0.179459693803 0.36625768138 0.57465184494 0.000655520154035
0.603942010554 0.639825048095 0.753298506284 0.229772834427 0.557294963086 0.485177609912 0.389495020131 0.226959289096 0.368926586809 0.582636748175 0.445034955383 0.396696097869 0.170364351149 0.352500713966 0.575326599276 0.0407278148892 0.401900632136 0.708519451508 0.133706754079 0.130519157934 0.783129547718 0.619447164153 0.323032376473 0.810792576074 0.361717127491
0.400429358581 0.370532478407 0.834648237093 0.917349439262 0.720244508719 0.525837772501 0.125878760019 0.160261817681 0.0213484815332 0.0387271495784 0.0785454520348 0.897229164143 0.556719558304 0.000273144576271 0.471467774734 0.696144845776 0.374219382622 0.788610246243 0.270798175756 0.542735070153 0.00531396073454 0.83409788806 0.628832389039 0.0719185661891 0.139662322694
0.463908646832 0.832920540517 0.273303502036 0.132163415361 0.2040265867 0.821028949949 0.72046380671 0.638415247422 0.62467454199 0.0266304206828 0.364288547551 0.401621949489 0.848112311394 0.441603882976 0.35228213498 0.471494145338 0.476950104718 0.344533597577 0.278084828843 0.726506099503 0.871899968461 0.385550127395 0.578479290047 0.108375564768 0.818909994329
0.0431786184155 0.453552588162 0.182084747518 0.747836652369 0.345694962941 0.444516335885 0.637208898709 0.823406845796 0.598562090798 0.944628147857 0.493558294643 0.323034887777 0.474201475716 0.226833572013 0.668096654572 0.623002672466 0.490133422717 0.777129834731 0.869014022977 0.909957177078 0.803115930591 0.292918197859 0.523415749892 0.582005013648 0.698260490929
0.944291306206 0.842218043699 0.839701896795 0.135330342959 0.874359432009 0.928542296957 0.81235071537 0.360016862209 0.32854406471 0.772800999247 0.00190209844156 0.333381588605 0.108841320215 0.0558284447885 0.24915205099 0.18478493933 0.943956221875 0.412020728299 0.588494898253 0.835368636198 0.228232906898 0.821220158706 0.0171004099307 0.778162761727 0.898920661891
0.720649538919 0.244831415761 0.644912568085 0.252229648812 0.0200574266212 0.220766645102 0.508461836515 0.365447849734 0.165278440282 0.642292620234 0.513353276018 0.439123769115 0.502379298264 0.0386643318729 0.471246017666 0.749701198202 0.258026760807 0.47298767008 0.134085419878 0.227956991071 0.369812669392 0.412067340615 0.55280046089 0.166899431222 0.75316254366
0.621441394977 0.542625336666 0.856706131648 0.679015094209 0.474197143384 0.0986245066721 0.138938165265 0.705326848341 0.905651837088 0.864324645856 0.669180225362 0.89528815313 0.141941939764 0.849659454753 0.128907547413 0.618758704329 0.991549777411 0.684040238662 0.473282892102 0.320524965395 0.23015951143 0.751780451976 0.172431440719 0.536734654076 0.855654865822
0.873370733488 0.690031735774 0.107430092413 0.819053533208 0.0380860089055 0.0502593781592 0.182040428035 0.583357992867 0.534354335346 0.455666841481 0.9756406192 0.373109703068 0.793505116137 0.778628943414 0.625290173617 0.0648375601185 0.727116582435 0.842892185171 0.0710395587518 0.640869670429 0.825512090181 0.96404023034 0.784028717453 0.473344818176 0.0704166912404
0.763127964846 0.335209296774 0.653190341103 0.995919846664 0.739090617103 0.920784518065 0.617809606328 0.596517547611 0.831783358012 0.661048189227 0.728811406996 0.73112341699 0.704292241802 0.741784473054 0.576602902173 0.645301958448 0.328441177441 0.661323420727 0.724102277084 0.375273867042 0.73058467075 0.20985689254 0.52977734559 0.0908421559356 0.599564191952
0.603957707382 0.831502002396 0.817913026634 0.89850347605 0.102805713802 0.379935915826 0.737984122041 0.666085625727 0.569115778854 0.513445110985 0.287702342712 0.442445210308 0.922936888051 0.344945276809 0.394443360488 0.651178468979 0.82218181114 0.869685834967 0.85533709645 0.401291421422 0.268447862619 0.791770265535 0.322646194658 0.651017168164 0.830735902012
0.918339880137 0.0503028308081 0.0666122152829 0.700050295395 0.893130969801 0.389409840608 0.43194099746 0.775336624278 0.893305546682 0.232970677779 0.0791240356108 0.159448702286 0.9119112611 0.316133407099 0.102132033143 0.537910094881 0.931182638951 0.092249571853 0.201232462475 0.148661930443 0.54958712051 0.789309755815 0.652750015507 0.187154409348 0.0159175702961
0.30784520961 0.187035046806 0.335072629902 0.910482964684 0.760032659079 0.45449959792 0.830634242697 0.601570960015 0.986451768948 0.803417623429 0.562073844293 0.907865510055 0.389767609661 0.402139809683 0.564833427774 0.152036960417 0.387419175395 0.711677276697 0.287778757768 0.691499406772 0.26529437452 0.556617916412 0.16981160282 0.290833839761 0.465658115683
0.167704056828 0.349364958762 0.108856050155 0.939309689279 0.587136030652 0.565871815224 0.742640060133 0.783799775408 0.544622559308 0.306635206142 0.273562386092 0.552370421388 0.77789885824 0.950963739062 0.397138676527 0.845632383603 0.123126409407 0.786512121839 0.96273793273 0.687576209552 0.104631800706 0.372989670741 0.763890997873 0.556395695403 0.250068125831
0.614139083207 0.646776015773 0.445710712473 0.197247633326 0.495459202977 0.262905002197 0.859718617177 0.00577935431234 0.563579432959 0.113107048754 0.746143414597 0.331096837949 0.343462846931 0.00224938934903 0.453505173172 0.012101609093 0.0854412637058 0.481721359581 0.220258368244 0.361873585778 0.35397426368 0.675889160462 0.0653867914246 0.289219469133 0.416199663874
0.021471386753 0.423567005814 0.152569455258 0.764704519485 0.426653134477 0.271967391061 0.413746682814 0.316605286852 0.768576442401 0.396284067796 0.762503729722 0.772870708254 0.124096991823 0.494568837984 0.984680772529 0.233060078187 0.370134453164 0.802328341391 0.226195461461 0.884678989738 0.860770525643 0.501660592992 0.00852853353092 0.0499480184221 0.716919799986
0.468583130876 0.900293332323 0.663580283244 0.0614418881387 0.673540117829 0.748715106741 0.153197828702 0.581874014105 0.024219428376 0.866078681677 0.175354594064 0.0357690920204 0.259127288393 0.701652498578 0.270276490778 0.133946102671 0.203460428511 0.749341456762 0.217033152884 0.246551538649 0.870800042805 0.975612435874 0.149533676613 0.923903514366 0.199106573666
0.822958180472 0.0332244897481 0.414304297541 0.605903825447 0.456423365952 0.819495087445 0.726331890748 0.641245014023 0.975041371389 0.30741891325 0.820231403688 0.211258685878 0.507226206963 0.385917174588 0.0297710517118 0.713557468961 0.720370887405 0.0316069943156 0.339826625173 0.625072071203 0.721604212379 0.902252737914 0.417893500071 0.18285638506 0.174039414128
0.415863991264 0.401577953841 0.14068331605 0.40715233125 0.295106692903 0.388696112833 0.537798500999 0.742716905438 0.814725199402 0.223402098479 0.0238198096853 0.463012158609 0.978446766344 0.979079247664 0.185822590669 0.0949221586748 0.49927538515 0.00848294883587 0.390018827734 0.0659959781402 0.662997268279 0.530325693659 0.744762307813 0.163953813321 0.557101496261
0.508471122638 0.844811614469 0.240900572878 0.920344936028 0.606269520542 0.368044664833 0.578014781699 0.970028356777 0.398900708078 0.455457636646 0.579772037876 0.685006608725 0.345280227827 0.896782261764 0.462245365838 0.790597728648 0.914269211205 0.156267509184 0.56032484568 0.221053604955 0.380535731097 0.53248794882 0.774620900634 0.923049702389 0.34377353806
0.0901243260225 0.340716032644 0.0734357470018 0.413635672474 0.871362134902 0.0563470797942 0.583874051114 0.805612416601 0.598773162852 0.72642926998 0.117480403552 0.0235751436041 0.731105120188 0.270954166554 0.376741959441 0.0990995182032 0.604891777886 0.666267951571 0.319278849285 0.26952955218 0.116695841078 0.711383947948 0.380815860126 0.335444623633 0.749820351777
0.192450725737 0.374741021797 0.911979518204 0.436264924457 0.632810182078 0.85998867722 0.95611919206 0.618689398369 0.593314370726 0.157513985163 0.513571461098 0.947845965862 0.572414539214 0.856236787375 0.703990468208 0.262689933442 0.212131386155 0.119902316892 0.393095720239 0.654882750609 0.633824679075 0.380920416981 0.121938820548 0.314632149133 0.458432777481
0.467432999879 0.801241756291 0.0565380913909 0.171296703947 0.347098558602 0.243820324995 0.495730198944 0.0887289321202 0.681172053976 0.600512144618 0.161926966486 0.200013519982 0.360291344915 0.925770275899 0.806070740525 0.248437821836 0.617794238096 0.532359007283 0.544748899602 0.140614670209 0.545185171148 0.212962879659 0.200118789645 0.903398293928 0.322897452458
0.160631137721 0.819205044974 0.92971627563 0.869209590289 0.253538478772 0.0481221928045 0.972909923862 0.913649418738 0.494383124149 0.976651345288 0.0620035022003 0.858311496441 0.894376316017 0.438789510621 0.266483793519 0.629878373452 0.854185923504 0.683964503833 0.924813304457 0.515816092455 0.210574191304 0.263068065859 0.281026714747 0.539578443113 0.149832378022
0.0405433974237 0.277545945716 0.90948625268 0.510901262448 0.317979399248 0.803598734982 0.159310632138 0.0441923456738 0.73431675296 0.583620962815 0.350993043028 0.575759073634 0.80567490353 0.775571853493 0.72901545961 0.643440568341 0.247550389952 0.365419518234 0.189043871065 0.323887839506 0.806446304722 0.764218356731 0.240407124009 0.644942172889 0.904999318924
0.519426003782 0.744842337055 0.180119126654 0.835678320625 0.80627195472 0.9579603312 0.829809483451 0.0253862046774 0.372563262742 0.170173262583 0.235375360249 0.476095668489 0.195031030255 0.830127844506 0.728005515849 0.874439866867 0.643037650125 0.538145447873 0.250627679391 0.105063938328 0.913052106576 0.542292285181 0.923868532573 0.28145593352 0.251463714214
0.755721324966 0.430994528254 0.79003680313 0.20279340166 0.405475094834 0.793072486096 0.437175837068 0.600529027971 0.43119314472 0.449539063079 0.97679735892 0.878638994204 0.839734461958 0.76985902897 0.164899233749 0.230019172398 0.375144347249 0.0993572287366 0.648761045958 0.964866847594 0.00139845711184 0.903059845383 0.199274092576 0.141144882361 0.45381214394
0.571753271878 0.862780151091 0.734112078034 0.832630039239 0.456359204021 0.611441771453 0.55763244513 0.978336312659 0.310268033181 0.358272165919 0.853524151322 0.636404329385 0.136831052024 0.749540463022 0.0378442845456 0.95699607216 0.208023576678 0.877797436489 0.729331348223 0.33661555018 0.723417778564 0.00254110684339 0.158717322315 0.0500474219074 0.730589832449
0.0468656852741 0.615279043553 0.348302482155 0.569655572418 0.937646794902 0.190396898695 0.415964689291 0.139357462936 0.0224402239751 0.590201817282 0.286162589767 0.773110064953 0.60839072648 0.736857778201 0.122357384884 0.781197206646 0.0102442046933 0.00893306353533 0.286301614389 0.464506996731 0.889320013669 0.210151673433 0.601383046612 0.349108846664 0.568822676577
0.473389007512 0.0613073811657 0.999153137737 0.706206292781 0.349662715479 0.543598992508 0.184546350083 0.284638213796 0.549181519438 0.855343491564 0.648459444488 0.55588852294 0.605576470195 0.841915038627 0.858202987871 0.339148936885 0.161625059768 0.322707768462 0.621509369465 0.97548272231 0.619256812233 0.949693189751 0.569820123364 0.787007576939 0.438351082291
0.463764340509 0.940882081155 0.206266843069 0.625069029026 0.176102546219 0.26701003304 0.559086409597 0.950628400908 0.699384270928 0.348318065805 0.0947078918286 0.302573343669 0.930099366229 0.89500115126 0.540063196814 0.776764078828 0.839790402303 0.536143292452 0.318301766358 0.596096142697 0.236656792543 0.817872858719 0.709956020108 0.836776245304 0.127428379781
0.790694415116 0.349788913524 0.484202372681 0.959300799096 0.200214021187 0.210035736875 0.638022945797 0.0462235856314 0.215746552947 0.88674225942 0.0498853566581 0.693879548749 0.336424649856 0.0836189933916 0.0768860965679 0.480102923399 0.772285410061 0.458783777831 0.421019397766 0.669738393567 0.247055972469 0.984287509456 0.930965884166 0.035989546494 0.880712429264
0.93248066503 0.917228052027 0.0721155937352 0.720931002325 0.270249719491 0.389749905932 0.794180125046 0.327688631924 0.739304089513 0.869607058736 0.978512043881 0.850609232001 0.102599078118 0.974009525769 0.491629003917 0.446893100809 0.668727043788 0.727085350201 0.302233169629 0.94205072102 0.334117272167 0.505932284202 0.387874472499 0.0649213053091 0.980378667872
0.22091714045 0.508107275418 0.518996643413 0.124404874855 0.703942075717 0.723946962512 0.417333191131 0.439802700429 0.166407071133 0.165362352119 0.162430661431 0.935022871263 0.711364986764 0.0273522319053 0.933371652817 0.346663422573 0.490391721752 0.78452303315 0.192925495802 0.181475273949 0.755422233458 0.717634752534 0.714480040047 0.138204968181 0.939775573593
0.764800596182 0.933616253516 0.167761729424 0.384832755242 0.293817766778 0.469218592929 0.951438673638 0.638293566311 0.624690260273 0.977934717369 0.994516989572 0.0263371948445 0.838286578675 0.841955460617 0.291887392651 0.458399839755 0.310662576386 0.973772129713 0.378640431441 0.0940898810389 0.598423903546 0.585221169111 0.0308711799455 0.687329723321 0.766481518279
0.223848082483 0.9518975772 0.510188300352 0.408876661868 0.551448351918 0.541218911579 0.378110494466 0.442869372486 0.35120240514 0.51750205615 0.105908307123 0.225295939519 0.36215256577 0.832813687769 0.159386012195 0.854156866147 0.496910324461 0.7490215808 0.22947857702 0.0135915242097 0.2054357702 0.795128294993 0.197150147431 0.382192136857 0.150941486206
0.487119430735 0.654257929096 0.997549899215 0.541140388285 0.210466214394 0.217934927749 0.347919588344 0.168802452101 0.99038610719 0.333979677109 0.995530678041 0.323295314953 0.0170468083745 0.444508150695 0.137004532792 0.175871813875 0.536230884343 0.382522269233 0.116625249079 0.88720105752 0.60999331234 0.752361597283 0.905386827846 0.894268484943 0.226425219029
0.947075390758 0.0886122000951 0.545840912426 0.970595989388 0.413799709297 0.663270652097 0.171542743815 0.488979046426 0.548126600443 0.781139043625 0.785014633162 0.616985376011 0.0804991937211 0.0853657025432 0.692251188014 0.478455554419 0.342817547052 0.225577122638 0.4495517134 0.910014325378 0.304666691861 0.137827022534 0.550871451039 0.316786183895 0.649468611853
0.804011385171 0.560530855894 0.525892115259 0.764825758319 0.341831732745 0.70030064935 0.0174707276676 0.0446717016589 0.327819792058 0.0695542941051 0.566451760233 0.146804312582 0.750824081629 0.0996531030355 0.184196067993 0.508412499867 0.496597256883 0.884284470859 0.891871899144 0.53473364365 0.676149836658 0.785591816006 0.975720126637 0.138065331569 0.592463825042
0.717187129056 0.045775278534 0.815635262656 0.81376836239 0.0729496770289 0.680484174023 0.840446649075 0.463148264371 0.550156720803 0.182306396589 0.237165546619 0.204865030607 0.114913455945 0.341875608371 0.302620582606 0.336650037786 0.633056614668 0.94036476522 0.301463110325 0.551215588066 0.114287076358 0.256922697305 0.260155790452 0.434038171615 0.452684457247
0.769215358992 0.401791018311 0.00011205847052 0.64939966848 0.550808341553 0.684623284036 0.905471881455 0.536799845582 0.371747674837 0.659555259519 0.731501726816 0.786660045412 0.371476907152 0.348870163399 0.386682636763 0.239164131267 0.458430336884 0.837123532759 0.740420553281 0.679272681814 0.234463476672 0.050060788836 0.757746595302 0.61884043232 0.712801893603
0.776682289098 0.871699731688 0.386129610218 0.324919691017 0.271188493512 0.344332081181 0.798144626398 0.274417323913 0.166886217094 0.78446631189 0.918011811589 0.704430029881 0.261857130032 0.386416807242 0.927195995327 0.0568274439096 0.973674971949 0.653661827584 0.788548268169 0.749480048758 0.466626220425 0.427375784202 0.265050615079 0.974923383053 0.0782658476138
0.755492953366 0.159947031133 0.893294029009 0.564743948136 0.66443034448 0.907721832269 0.753079770811 0.973068298587 0.00636665555723 0.815530298423 0.0960253924821 0.751339088028 0.174637261353 0.363886661275 0.0709989449832 0.786620160315 0.505372485937 0.289125122864 0.741958084184 0.0262945163566 0.516378759667 0.146863654763 0.0314681054585 0.293744377805 0.646344353823
0.185722922256 0.27024850805 0.119598547248 0.176261895192 0.255030981727 0.0106939951278 0.956244055887 0.419117272059 0.657820760751 0.569756807947 0.0427339278644 0.0760261606411 0.260011269844 0.604093052878 0.21837930793 0.680607125592 0.0227874868114 0.480170864598 0.715506353144 0.439884762527 0.0905827254273 0.434131102772 0.935849725536 0.878251180853 0.766173327273
0.383682316433 0.929596935169 0.736884484312 0.445417510909 0.049048461687 0.988159138278 0.505033793112 0.831695054654 0.980817777267 0.751009063713 0.306262492276 0.926679785095 0.148230567116 0.0381444494813 0.244296302609 0.263781646667 0.444641512624 0.198968440291 0.123755357722 0.726531380568 0.0661035606074 0.0447277741164 0.480022722504 0.631260348843 0.735969661456
