9090392	2015-11-20T01:00:00Z	Manowar	Altar Bar	Pennsylvania Pittsburgh|681	15222
snapshot_11_17_2015_12_0.json	1447779600.0	0	0	0
snapshot_11_17_2015_12_0.json	1447779600.0	0	0	0
snapshot_11_18_2015_0_0.json	1447822800.0	0	0	0
snapshot_11_18_2015_0_0.json	1447822800.0	0	0	0
snapshot_11_18_2015_0_0.json	1447822800.0	0	0	0
snapshot_11_18_2015_12_0.json	1447866000.0	0	0	0
snapshot_11_18_2015_18_0.json	1447887600.0	0	0	0
snapshot_11_19_2015_12_0.json	1447952400.0	0	0	0
snapshot_11_19_2015_6_0.json	1447930800.0	0	0	0
snapshot_11_20_2015_0_0.json	1447995600.0	0	0	0
snapshot_11_20_2015_12_0.json	1448038800.0	0	0	0
snapshot_11_21_2015_12_0.json	1448125200.0	0	0	0
snapshot_11_27_2015_18_0.json	1448665200.0	0	0	0
