9149882	2015-11-14T21:30:00Z	Notre Dame Fighting Irish	Notre Dame Stadium	Indiana Indianapolis|697	46556
snapshot_11_16_2015_0_0.json	1447650000.0	0	0	0
snapshot_11_17_2015_18_0.json	1447801200.0	0	0	0
snapshot_11_17_2015_6_0.json	1447758000.0	0	0	0
snapshot_11_18_2015_12_0.json	1447866000.0	0	0	0
snapshot_11_19_2015_18_0.json	1447974000.0	0	0	0
snapshot_11_19_2015_6_0.json	1447930800.0	0	0	0
snapshot_11_19_2015_6_0.json	1447930800.0	0	0	0
snapshot_12_3_2015_0_0.json	1449118800.0	0	0	0
snapshot_12_3_2015_0_0.json	1449118800.0	0	0	0
snapshot_12_3_2015_12_0.json	1449162000.0	0	0	0
snapshot_12_4_2015_0_0.json	1449205200.0	0	0	0
snapshot_12_4_2015_12_0.json	1449248400.0	0	0	0
snapshot_12_4_2015_6_0.json	1449226800.0	0	0	0
