9152755	2016-03-13T00:30:00Z	The Who	KFC Yum Center	Kentucky Louisville|4421	40202
snapshot_11_17_2015_0_0.json	1447736400.0	66.85	763	219
snapshot_11_17_2015_12_0.json	1447779600.0	66.85	798	209
snapshot_11_17_2015_18_0.json	1447801200.0	66.85	763	209
snapshot_11_18_2015_0_0.json	1447822800.0	66.85	763	209
snapshot_11_18_2015_12_0.json	1447866000.0	66.85	632	207
snapshot_11_18_2015_12_0.json	1447866000.0	66.85	632	207
snapshot_11_18_2015_18_0.json	1447887600.0	66.85	614	219
snapshot_11_18_2015_6_0.json	1447844400.0	66.85	763	209
snapshot_11_19_2015_0_0.json	1447909200.0	66.85	614	219
snapshot_11_19_2015_12_0.json	1447952400.0	66.85	775	219
snapshot_11_19_2015_6_0.json	1447930800.0	66.85	614	219
snapshot_11_20_2015_0_0.json	1447995600.0	66.85	614	217
snapshot_11_22_2015_0_0.json	1448168400.0	66.85	572	227
snapshot_11_22_2015_12_0.json	1448211600.0	66.85	723	227
snapshot_11_22_2015_12_0.json	1448211600.0	66.85	723	227
snapshot_11_22_2015_18_0.json	1448233200.0	66.85	572	225
snapshot_11_22_2015_18_0.json	1448233200.0	66.85	572	225
snapshot_11_22_2015_6_0.json	1448190000.0	66.85	572	227
snapshot_11_22_2015_6_0.json	1448190000.0	66.85	572	227
snapshot_11_23_2015_0_0.json	1448254800.0	66.85	572	225
snapshot_11_23_2015_12_0.json	1448298000.0	66.85	685	243
snapshot_11_23_2015_18_0.json	1448319600.0	66.85	685	241
snapshot_11_24_2015_0_0.json	1448341200.0	66.85	572	227
snapshot_11_24_2015_12_0.json	1448384400.0	66.85	719	239
snapshot_11_24_2015_12_0.json	1448384400.0	66.85	719	239
snapshot_11_24_2015_18_0.json	1448406000.0	66.85	719	233
snapshot_11_24_2015_6_0.json	1448362800.0	66.85	572	227
snapshot_11_25_2015_0_0.json	1448427600.0	66.85	719	267
snapshot_11_25_2015_12_0.json	1448470800.0	66.85	806	267
snapshot_11_25_2015_6_0.json	1448449200.0	66.85	741	267
snapshot_11_26_2015_0_0.json	1448514000.0	66.85	741	267
snapshot_11_27_2015_18_0.json	1448665200.0	66.85	741	265
snapshot_11_28_2015_0_0.json	1448686800.0	66.85	767	261
snapshot_11_28_2015_12_0.json	1448730000.0	66.85	691	261
snapshot_11_28_2015_18_0.json	1448751600.0	66.85	691	261
snapshot_11_29_2015_0_0.json	1448773200.0	66.85	691	261
snapshot_11_29_2015_12_0.json	1448816400.0	66.85	691	261
snapshot_11_29_2015_18_0.json	1448838000.0	66.85	691	261
snapshot_11_29_2015_18_0.json	1448838000.0	66.85	691	261
snapshot_11_29_2015_6_0.json	1448794800.0	66.85	691	261
snapshot_11_30_2015_0_0.json	1448859600.0	66.85	691	261
snapshot_11_30_2015_0_0.json	1448859600.0	66.85	691	261
snapshot_11_30_2015_12_0.json	1448902800.0	66.85	729	261
snapshot_11_30_2015_18_0.json	1448924400.0	66.85	691	263
snapshot_12_1_2015_0_0.json	1448946000.0	66.85	593	247
snapshot_12_1_2015_12_0.json	1448989200.0	66.85	593	243
snapshot_12_1_2015_18_0.json	1449010800.0	66.85	593	243
snapshot_12_1_2015_6_0.json	1448967600.0	66.85	593	245
snapshot_12_2_2015_0_0.json	1449032400.0	66.85	593	243
snapshot_12_2_2015_0_0.json	1449032400.0	66.85	593	243
snapshot_12_2_2015_12_0.json	1449075600.0	66.85	785	238
snapshot_12_2_2015_18_0.json	1449097200.0	66.85	824	246
snapshot_12_2_2015_6_0.json	1449054000.0	66.85	622	238
snapshot_12_3_2015_0_0.json	1449118800.0	66.85	622	238
snapshot_12_3_2015_12_0.json	1449162000.0	66.85	808	238
snapshot_12_3_2015_18_0.json	1449183600.0	66.85	639	232
snapshot_12_3_2015_6_0.json	1449140400.0	66.85	639	238
snapshot_12_4_2015_0_0.json	1449205200.0	66.85	639	232
snapshot_12_4_2015_0_0.json	1449205200.0	66.85	639	232
snapshot_12_4_2015_18_0.json	1449270000.0	66.85	658	232
snapshot_12_5_2015_12_0.json	1449334800.0	66.85	90000	234
snapshot_12_5_2015_18_0.json	1449356400.0	66.85	90000	234
snapshot_12_5_2015_6_0.json	1449313200.0	66.85	90000	234
snapshot_12_5_2015_6_0.json	1449313200.0	66.85	90000	234
