9174718	2015-11-28T19:00:00Z	Mississippi State Bulldogs	Davis Wade Stadium	Mississippi Jackson|5543	39759
snapshot_11_16_2015_0_0.json	1447650000.0	114.82	1165	1675
snapshot_11_17_2015_0_0.json	1447736400.0	114.82	1165	1663
snapshot_11_17_2015_12_0.json	1447779600.0	114.82	1165	1644
snapshot_11_17_2015_18_0.json	1447801200.0	114.82	1165	1644
snapshot_11_17_2015_6_0.json	1447758000.0	114.82	1165	1648
snapshot_11_18_2015_0_0.json	1447822800.0	110.55	1165	1640
snapshot_11_18_2015_12_0.json	1447866000.0	110.55	1165	1631
snapshot_11_18_2015_18_0.json	1447887600.0	110.55	1165	1627
snapshot_11_18_2015_6_0.json	1447844400.0	110.55	1165	1631
snapshot_11_19_2015_0_0.json	1447909200.0	114.39	1165	1616
snapshot_11_19_2015_12_0.json	1447952400.0	114.39	1165	1579
snapshot_11_19_2015_6_0.json	1447930800.0	114.39	1165	1585
snapshot_11_20_2015_0_0.json	1447995600.0	114.39	1165	1410
snapshot_11_20_2015_12_0.json	1448038800.0	114.39	1165	1398
snapshot_11_21_2015_12_0.json	1448125200.0	110.55	1165	1356
snapshot_11_21_2015_18_0.json	1448146800.0	110.55	1165	1325
snapshot_11_22_2015_0_0.json	1448168400.0	101.95	1165	1257
snapshot_11_22_2015_12_0.json	1448211600.0	110.55	1165	1159
snapshot_11_22_2015_18_0.json	1448233200.0	110.55	1000	1138
snapshot_11_22_2015_6_0.json	1448190000.0	110.55	1165	1163
snapshot_11_23_2015_0_0.json	1448254800.0	110.55	1000	1105
snapshot_11_23_2015_12_0.json	1448298000.0	113.64	1000	1063
snapshot_11_23_2015_18_0.json	1448319600.0	98.85	750	1150
snapshot_11_23_2015_6_0.json	1448276400.0	113.64	1000	1061
snapshot_11_24_2015_0_0.json	1448341200.0	98.85	400	799
snapshot_11_24_2015_12_0.json	1448384400.0	93	400	819
snapshot_11_24_2015_18_0.json	1448406000.0	98.49	600	763
snapshot_11_24_2015_6_0.json	1448362800.0	87.15	400	743
snapshot_11_25_2015_0_0.json	1448427600.0	98.49	400	597
snapshot_11_25_2015_12_0.json	1448470800.0	109.67	400	516
snapshot_11_25_2015_18_0.json	1448492400.0	100.72	400	449
snapshot_11_25_2015_6_0.json	1448449200.0	109.38	400	524
snapshot_11_26_2015_0_0.json	1448514000.0	113.09	445	382
snapshot_11_27_2015_18_0.json	1448665200.0	148.74	400	168
snapshot_11_28_2015_0_0.json	1448686800.0	166.29	499.99	123
snapshot_11_28_2015_12_0.json	1448730000.0	182.25	300	93
snapshot_11_28_2015_18_0.json	1448751600.0	164	300	41
snapshot_11_28_2015_6_0.json	1448708400.0	182.25	300	93
snapshot_11_29_2015_0_0.json	1448773200.0	84.39	266	11
snapshot_11_29_2015_12_0.json	1448816400.0	0	0	0
snapshot_11_29_2015_18_0.json	1448838000.0	0	0	0
snapshot_11_29_2015_6_0.json	1448794800.0	0	0	0
snapshot_11_29_2015_6_0.json	1448794800.0	0	0	0
snapshot_11_30_2015_0_0.json	1448859600.0	0	0	0
snapshot_11_30_2015_12_0.json	1448902800.0	0	0	0
snapshot_12_3_2015_0_0.json	1449118800.0	0	0	0
snapshot_12_3_2015_12_0.json	1449162000.0	0	0	0
snapshot_12_4_2015_0_0.json	1449205200.0	0	0	0
snapshot_12_4_2015_12_0.json	1449248400.0	0	0	0
snapshot_12_4_2015_6_0.json	1449226800.0	0	0	0
