0.749249431076 0.964317474674
0.123830552833 0.32342929374
0.919111526432 0.182226338956
0.320105292896 0.121814230322
0.492508361142 0.338457967072
0.780866790172 0.527130402142
0.399922091197 0.281806646485
0.592411912059 0.725274393204
0.323276965198 0.597149515748
0.790557552403 0.11572711952
0.995658295918 0.901698683912
0.130650602262 0.800406366729
0.620364067067 0.486902276107
0.906345573141 0.13198046735
0.0256408943521 0.125731560746
0.0807870227047 0.847024089631
0.41702988646 0.068292847009
0.449492454459 0.531796702451
0.831993159553 0.297786090619
0.907519959113 0.968865272601
0.748539496738 0.490687519542
0.882658467671 0.800919346588
0.389938275154 0.31158597242
0.460300829216 0.846086154308
0.183647549662 0.613726479101
0.270506226244 0.992643096232
0.768543626402 0.383013561517
0.495011581949 0.658197715726
0.183221172179 0.703781779223
0.576209761222 0.347727066268
0.432840839893 0.187352823119
0.719588122112 0.732009495007
0.0437920200326 0.0276116961362
0.552229631602 0.588267601211
0.117885479857 0.900967109483
0.413633059966 0.00930144961989
0.628403410887 0.807937808949
0.770089025792 0.477803262128
0.139434642573 0.975530239458
0.120629284694 0.126376839491
0.624728078643 0.257423075418
0.616779581236 0.708023158227
0.0789205417345 0.849981853778
0.915193121104 0.980580365397
0.472405185459 0.0646631482154
0.547687029086 0.445264941486
0.560755553864 0.963900125001
0.88328263947 0.416633873451
0.952124620882 0.869540222309
0.796640424356 0.283686930342
