0.749249431076 0.964317474674
0.569276503673 0.0887770279271
0.123830552833 0.32342929374
0.815445852995 0.57001962453
0.919111526432 0.182226338956
0.65290402215 0.240860887451
0.320105292896 0.121814230322
0.70521994225 0.880481558084
0.492508361142 0.338457967072
0.917635891749 0.866977388275
0.780866790172 0.527130402142
0.176811815047 0.0768888770001
0.399922091197 0.281806646485
0.608822267198 0.147732671356
0.592411912059 0.725274393204
0.755846790449 0.76745789579
0.323276965198 0.597149515748
0.175472903849 0.810127527709
0.790557552403 0.11572711952
0.9537200341 0.639173734623
0.995658295918 0.901698683912
0.247878775228 0.560630967913
0.130650602262 0.800406366729
0.0612478520202 0.790198364056
0.620364067067 0.486902276107
0.202159204269 0.0714880027866
0.906345573141 0.13198046735
0.690643652656 0.476553555169
0.0256408943521 0.125731560746
0.699776104317 0.417499127562
0.0807870227047 0.847024089631
0.469848322612 0.674411064877
0.41702988646 0.068292847009
0.66933592276 0.6117612735
0.449492454459 0.531796702451
0.623759351795 0.202805900827
0.831993159553 0.297786090619
0.995604832034 0.834093366515
0.907519959113 0.968865272601
0.951383074094 0.0816379078307
0.748539496738 0.490687519542
0.681464539614 0.851319644376
0.882658467671 0.800919346588
0.311369016733 0.0183123242255
0.389938275154 0.31158597242
0.462500927146 0.410851187005
0.460300829216 0.846086154308
0.52907712743 0.795691191963
0.183647549662 0.613726479101
0.399926068272 0.245765536084
0.270506226244 0.992643096232
0.971428020262 0.373676304018
0.768543626402 0.383013561517
0.103748505498 0.92010206455
0.495011581949 0.658197715726
0.932861500809 0.242371527546
0.183221172179 0.703781779223
0.93249150626 0.359507574802
0.576209761222 0.347727066268
0.93347602701 0.701171170291
0.432840839893 0.187352823119
0.776198473218 0.51423415479
0.719588122112 0.732009495007
0.182254239584 0.631553037293
0.0437920200326 0.0276116961362
0.322492871477 0.678760093498
0.552229631602 0.588267601211
0.964595019951 0.105597994986
0.117885479857 0.900967109483
0.412306128805 0.317959452038
0.413633059966 0.00930144961989
0.509520316336 0.586918285458
0.628403410887 0.807937808949
0.584170479685 0.243102946322
0.770089025792 0.477803262128
0.392829522526 0.207374291437
0.139434642573 0.975530239458
0.35741405439 0.830387391121
0.120629284694 0.126376839491
0.910463274466 0.374619763008
0.624728078643 0.257423075418
0.275294976984 0.799810047949
0.616779581236 0.708023158227
0.333866475135 0.827715963542
0.0789205417345 0.849981853778
0.0156064175148 0.527932964503
0.915193121104 0.980580365397
0.632803274841 0.707591676544
0.472405185459 0.0646631482154
0.71156681487 0.0388938698236
0.547687029086 0.445264941486
0.241132033306 0.896494292874
0.560755553864 0.963900125001
0.910606462952 0.400548526369
0.88328263947 0.416633873451
0.585933049892 0.199110627338
0.952124620882 0.869540222309
0.796981847428 0.290487185381
0.796640424356 0.283686930342
0.566001314929 0.701088762202
